mach
20
job
300
ctrl_factor
0.8
proc_time
[ 0 10 19 14  3 15  6  9 19  4 20 13  1  7  2  8  2 13  2  9 16 20 17 17
  5  2 18 19 11 17 19 14  8 12 16 18  5  4  3  3  6  4 16  6 11 17  7  9
 11  7 14  7 16 18 19  7 18 17 18 17  6  6  7 16  4 11 11  7 13 14  8  5
 13 10 15  5 17 13 20  3 18 17 13 20  2  9 16 18  5 15  8  8  8  4 14  8
  3  8 11 18 17  6  1 13  7  6  3 20  7 16  4  6  1 14 15 16 13 15  7  9
  6 19 10 11  8  4  5 15  8 16 13  3 19 14  2 16 13 11 14  3  3  3 13  4
  9  4  2 16  3  6 12  5 12 18 19  5 20  1  6 18  2  8  7  2  6 11  1 16
  2 15 16 16 13  7 17 20  4  3  2  6 15 10 16  4 20 19 20 13 16 11  5 13
 20 10 17 17  9  6 18 17  1 12  1  7 16  7 10  2  5 16  8  1  9  8 15  9
 13  8 12 18  8 18  1  3 14 20  6 10 19  3  3 18 17  2  6 11 18  1  3  6
  5  6 20 11  3  5 18 19 11 17 18 14  5 18 10  6 20 18 10 11 16  8  1 19
 11 14  8  3 16 11 10 14 15  7 19  1  2  6 13  4 20 11 14  7  8 12  7  3
 11  3  9  1  8 12 10  4 11 19 20 10  1]
unit_cost
[5 4 2 3 2 5 4 1 2 4 1 4 4 4 4 4 5 2 5 3]
