mach
20
job
100
ctrl_factor
0.8
proc_time
[  0  81   8  37  16  64  96  31  19  88  96  95   6   2  59  56  57  12
  46  65  31  82  95  40  48  15  85  99  71  29   3  84  58  75  66  37
  92  25  94  50   7  51  41  48  24  15  86  82  86  29   9  53   6  46
  11  39  42  11  69  65  68  38  59   8  25  14  16 100  98  36  65  14
  82  52  30 100  41  42  89  87  95  20   1  22   8  81  66  64  56  12
  97  11  21  30  90   6  84  28  58  40  13]
unit_cost
[5 3 3 3 3 3 1 2 4 5 4 2 4 1 5 5 3 3 5 4]
