mach
20
job
100
ctrl_factor
0.2
proc_time
[  0  11  38  28  30  42  97  55  16  63  78  69  14  55   5  62  75  50
  17 100  46  11  68  56  68  17  37  40  45  50   1  73  57  31  26  52
  22  25  34  42  64  70  78  21  74  17  65  61  21  41  80  54  91  47
  72  75  99   5  66  60  94  39  34  93  84  81  52  47  25  60  49  13
  49  15  96  45  19  50  28  62  80  97  32  70  88  38  35  63  58  43
  29  92  15  13  86  64  16  87  73  49  40]
unit_cost
[1 2 3 5 2 3 2 1 1 5 5 5 5 4 2 2 1 3 3 5]
