mach
20
job
300
ctrl_factor
0.5
proc_time
[ 0 12 11  5 16  2 14  6  3 17  8 11 14  5  2 20 11  8 12 17  2  8 20 14
 20  6  4 15 17  6 10 14 15  5  6  5  1  4 11 20  2 14 13  8 17 16  2 20
 17  1  9  5  1 12  7 10 20  6 14 16  7 16 14 15  8 19  7  4 19  3 10 18
 13 12 13  4  5 17 10 19 19  5 18  4 15  4  8 18 13  3  1  3  9 10 11 17
 19 10 11  3  5 20  2 17  3  8 18  6 17  5  5  8 17  5  6 13  2 14 14 14
  6  8 10  8 16  6  7 19 13 17 14  2  8  8 12  6  8  7  9  2 20  8  6 18
 19 18  2  2  1 11  8 15  3  6 11 12 11 19 14 18  1  3  1  3  8 15  6 14
  9  3 19 19  8 17 15 20 18 16  3  9  2 20  3  5 18  5 14 14  6  2 10 20
  6 14  2 15 20  5 14  9 19 11  6  7  3 11 14 10 11  6 10  6 14 12  5  3
  9 14  8  8 19  9 17 20 10  6  4 10 11  3 11  5  3 17  6  2  1  5  4 16
 12 10 16 13 20 12  8 10 12  7 13 11  3 10  9 15 10 10 16 10  6 14  3  4
  5 14 20  6  7  5 11  1 17 19 13 14 16  3 10 17 14  4 18 16  9 13 14 11
 15  4  3 16 10  3 18 20  1 10 14  9  2]
unit_cost
[3 5 2 4 2 5 2 1 1 2 5 2 5 4 5 1 3 1 5 1]
