mach
20
job
100
ctrl_factor
0.2
proc_time
[  0  42 100  68  85  97  80  31  90  83  74  28  81  44  55  20  86  64
  14  48   3  51  47  14  78  25  26  30  91  92   1  54  99  20 100  57
  44  99  37  17  26  45  25  19  98  83   4  20   8  66  43  33  62  87
  65  58  16  66  89  58  10  55  23  12  80  91  84  99  94  45  56  56
  94  23  79  33  83  83  55  26  58  67  42  17  26  66  23  14  46  54
  11  54  78  32  46   4  21  79  67  17  51]
unit_cost
[ 5  6  5 10  9  3  1  7  2  3  6  8  8  2  1  2  8  4  5  2]
