mach
20
job
300
ctrl_factor
0.2
proc_time
[  0  84  13  93  64  14  47  96  66  96  61  82  79  74  51  43  51  41
  28 100  78  74  99  83  58  39  81  78  36  62  75  63  90  93  55  58
  47  71  61  12  61  43   8   7  88  56  18  81  72   9  61  70  57  81
  61  80  35  36  96  91  70  29  51  10  59  93  82  76  78  51  94  45
  51  26  42  95  79  21  15  90  87  17  30   8  68  88 100  99  44   7
   4  32  97  79  59   4  40  91  97  77  29  37  54  86  10  40   4   6
   3  41  10   3  88  55  25  37  36   5  86  80  91  39  65  30  31   6
  10  23   3  39  54  35  72  27  72  91  28  49  13  87   9  10  12  76
  49  80  51  94   4  35   4  14  67  33  49  97  21  30  41  52  21  34
  48  19  26  58  15  82  95  25  15  34  54  25  53  63  63  13  82  25
  24  23  52  87  92  74  19  21  16  18  64  49  30  88  79  12  83  54
  65  99  91  40  52  93  52  24  61  59  33  79  25  78  35  52  79  53
  94  32  84  79  25  28  56  83  27  74   7  19  84  30  82  80   6  58
  72  87  93  84  10  99  86  59  87  10  59   9  77  52  55  13  37  11
  27  19  60  33  90   1  47  21  50  53  15  33  76  34  60  31  51  10
   5  72  33  93  89  18  79  80  32  92  70  95  94  81  37  69  57   3
  31  46  71  76  54  30  60  29  31  11   6  12  53]
unit_cost
[10  5  4  6  4  5  7 10  9  5  6  9  3  4  9  2  4 10  3  8]
