mach
20
job
500
ctrl_factor
0.2
proc_time
[ 0 16 17 10 18  3 16 20  3 14  2 20  2 20 14  7  8 15 10  9 19 11  9  4
 12  9  6  7  6 13  5  1 18  9 16 10 13  8  4  8 18 15  8 11  7 10  6 10
 20  8  3  1  4  4  6 17 14 19  3 10 19 10  7  9  2 16  4  1 19 20  6 14
  6 15 15  6  7 14 10 14  8 17  3 13 12 16 17  4 17 14  8  6 11 18  7  1
 15  7 13 17 18 20  7 20 12 19 17 16  1  2 20  3  7 14 17  1 19  4 13 14
  5  6 16  3 11  7  3  5  4 10 12 18  5 10 20  7 14  5 14  6 10 16  3 13
 10  1 17 19 19 17  2 19  2 12  9 16 16  1 14  8 19 10  5 14 13  4 14 16
 19 11  3 18  1 12 12  3 14  7  1  6  2 14 11  9 19  9 18  8 12 15  7  5
  5  9  2 12  4 11  6  1  6 17  1  9 18  6 20  3  6  2  3 13 15 17  5  6
 11 11 10 10 18 11  3 16 19 18  7  5 10 11 12 10 14  4 19  1  4  4 12  8
 11  4  2 11 20  6  7 17 12 18  3 16  2  6 12  6 16  7  8 18  2  2  1  6
 15  5 18 16 16  8 11 20  7 15  3 12  5  5  4 18 13  6 15  9  5 15  7  5
  2  4  5 12 18 14 18 17  5 12 12  9 17 12  9 20 20 11  1  1  5 16  9  9
 11 11  7  3 12  9  4 12  4 20  5 16 18 17  9  3 12  4 15 19 13  3  9  6
 16 12 12 13  7 18  6 19 17 19 18  3 13 11  7  5 14  3 14 19  6 15 16  2
  5 12 17 18 11 11  1 13  1  2 10  5 15  5  1 16  8 19  5 18 13  4  3 20
 13 13  9 15  4 14 12  5  7  4  4  2 17  6  9 18 15 18 20 19  8  4  1 13
 20  7 12 10  1  9  6  7  4  1 19  9 15  7  6 12  2  2  8 13  7 19  7 10
  1 11 16  8  9 16 19 17  2  6  9  1  6 10 15  1  7  9 19  5  5 11  1 14
 10 17  5  2  2  9 10 14  8 13 20 19  5 16  5 20 11 15 11  8  4 18  2  7
 12 15 17 12  5 11  8 19  3 18  2  9 11 17 17  4 10 15 17 18 15]
unit_cost
[3 3 1 3 2 1 1 4 2 2 5 5 4 4 3 4 3 4 3 5]
