mach
20
job
300
ctrl_factor
0.2
proc_time
[  0  65  11  61  98  87  84  80  90  80  21   3  75  44  63  12   7  70
  88  29  74  44  85   4   8  92   2  33  31  78  55   5  53  87   8   8
  70  77  93   7  49  43  14  36  16   9  18  22  32  26  35  32  93  57
  79  39  87  34  24  47  33  25  62  27  97  51  71  96  38  88  80  83
  64  71  73  30  46  94  15  77  77  78   5  99  22  76  22   1  51  46
  71  78  22  86  68  21  75  14   8  29  51  75  68  87  66  96  94  63
  76  27  44  61  91  88   9  86  83  88  14  42  52   1  71   1  88  26
  79  77  76  57  76  87  16  62  90  67  56 100  21  61  83  50  30  29
  60  45  88  16  51  94  98  36  12  85  37  91  15  45   5  74  37  54
  31  87  67  71  28   2  11  17  79  58  95  83  63  98  67  87 100  85
  64   4  86  95  58  88  60  85  72  49  24   6  19  22  83  58  92  64
  77  57  88  94   8  98   2  51   5  58   5  56  88  34  49  26  50  19
  56  32  54  25  53   7  33  73  57  54  73  40   4  71  58  53  83  14
  34   4  67  14  70  42   3  73  35  34  29  85   8  57  84   9  48  25
  86  76 100  26   9  15  64  94  52  43  30   3  20  10  75  47   2  50
  75  54  40  48  24  60  93  69  83  75  54  57  75  32  46  18 100  53
  36  85  66  53  53  13  46  95  83  89  37  87  50]
unit_cost
[5 5 3 4 1 5 2 1 3 2 4 1 4 1 1 5 3 1 5 2]
