mach
20
job
300
ctrl_factor
0.8
proc_time
[  0   1   7  48  72  26  47  27  54  20  72   4  12  58  99  65  54  12
  51  13  29  47  31  13  89  81  66  88  24   8  31  37  89  62  38  40
  72   7  50  75  44  43   5  99  70  46  96   6  62  93  40  77  35  76
  17  63  76  65  69   6  34  15  15  35  55  33   7   7  57  18  44   5
  80  73  84  80  27  13  47   4  83  20  85  30  22  27  60  72  53  31
  38  55  57  81  41  84   1   5  24  27 100  57  19  46  14  65  63  95
  20  67  66  35  95  45  12   8  96  46  92   2   5  50  56  91  65  93
  81  50  29  22 100  56   6  12  42  73  98  69  84  27  54  88  99   3
  42  51  32  64  67  42  22  78  62  97  36  13  67  18  14 100   7  59
   7  56  43  39   5  78  86  37  43  53  60  43   3  32  26  83   6  54
  39  20  56  36  41  74  41  96  21  34  38  95  25  16  90  15  14  47
  76  28  52  56  98  45  16  87  86   2  37  19   5  26  95  93  49  71
  11  51  43  95  23  97  88  93  23  19  46  97  35  11  87  81  20  17
   3  79  87  52  56  43   3  83  52  95  13  86  61  42  10  62  17  23
  49  43  67  43  66  32  29  92  48  65  75  17  17  96  26  67  86  24
  73  99  79  32  54  15  28  43  51  65  22  20  44  39  59   8  26  34
  17  26  84  79  58  52  44   6  36  22  81  39  62]
unit_cost
[ 3  5  6  2  2  6  7  1  3  9  3  6  3  4  7  4  3 10  7  8]
