mach
20
job
300
ctrl_factor
0.8
proc_time
[  0  55  51  47  43  22  46 100  26  80  24  33   9  43  80  44  64   7
 100  15  79  32  38   3 100  67  41  76  39  68  88  19  76  24   2  93
  94  73  81  70  15  85  56  11  10  75  17  50  39   3  32  19  25  76
  35  61 100  51  68  86  96  16  55  86  71  59  28  17  73  37  19   9
  97  65   2  72   4  91  96  17  95  40  19  87  77  79  91  42  48  60
  75  71  81  32  96  51  14  52  58   7  74  21  87  46  33  90  23  91
  30   1  35  29  93  74  81  15  87  73  54  25  54  36  90  78  91   2
  96  13  77  27  96  13   3  85   4   1   3  75  98  61  31  33  35  97
  42  17  60  58  86  32  89  98  29  59  16  23  74  60  51  69  67  69
  45  92  95  30  98   3  22  22  56   4  24  93  95  36  28  78  50  91
  45  12  17   9  66  97  28   4  96  44  69  59  35  65  74  27  27  77
  30  48  97  33  53   7  12  57  36  38   9  30  19 100   6  49  57  23
  58   7  45  56  77  22  52  56  15  57  48  96   3  95   6  25  73  88
  59  14  77  91  92  77   2  88   8  41  57  26  18  28  77  51  15   6
  77  70  26  87  98  36  97  65  90  79   3  49  73  62  98  14  55  59
  56  91  75  97  40  78  22  94  31  65  38  57   7  96  77  50  95  90
  10 100  66  83  78  79   3  43  71  65  87  19  35]
unit_cost
[4 4 3 3 3 3 2 1 2 1 5 3 2 4 3 1 3 2 1 3]
