mach
20
job
500
ctrl_factor
0.5
proc_time
[ 0 16  4 12 19  3 12 18  9  2  9 20  1  6  4  7 19 20  8 14 14 16 17  9
 12 13  1  9 18  1 17 11  5 11  9  1  7  2  7  9 15 14 11 14 10  1  5 13
  1 14  5  7  9  8  8  9  2 15  7 18 11  1 11 19  1 15 20 11  6  1  7 20
  5 10  2  1 20 17 11 15 12 20  9  9 14 10  4 11 17 16 14  1  3  7  4  7
 10 20  2 19 17 19  6 20  5 18 10 11 19 14 12  5  8  4 14  7 15 20  2 11
  9 18 10  1 19  7  4  9  2  7  1  8 13  5  6 16  4 10 19 13  3  8 10  9
 10 18  4 14 12 12 20 12 12  2  1 16 15 12  1  7  8 14  2  4 10  8 11 14
  8 17 11 15 14  4 20 10  2  7 14 20 15  1  3 12  6  2 19 11 17 20  4 20
 10  6  4  7  1 20  5 19 15 18  3  8 16 16 11  6  7 11  8 19  3  5 19  4
 10 12  2  6  2  1  4 15 16 11  5  9  4 10 20  9  1  6 15  2 10 19  9  2
  1 12 17  5  8 18 13  1  5  1 17  4 14  6  9 12 10  2  1  4 20  2 13  7
 13 19 17 14 12  8 20 12  1 11 16  4 13  9 15  9 11 15 20 16 18  7 11  6
 11 15 14  7 10  9 12  7  5  7 20 17  2  9 17  3 18 12 15 20 13  2  9 18
  9  7 17  2 20 19 13  1 10  7  5 16 16 13  2 20 20  4  6  1 16 13 19  2
  8 17  8 20 20  2 17 14  3 18 10  7 11  5  5 20 19  6 16  9  1 17 13  1
 13 15 14 17  9 15 18  5  8 19  7  3  7 16 19 13  4  5 15 12  3 17 18  4
  6  3  4 18  9 13 15  3 12 20 16 17 18  2 16  2 16  2 15  1  9 17 14 16
 14 14  2  8  2  8 19 19  6  6  5 10  2 18  9 13  3 12 18 10  3  8  3 12
  6 14 10  3  8 14 19 15  3 18  9  2  7  2  7  9  6 18  4  7  1  8 15 16
  5  1 12  6  9  7  7 18  3  5 15 16  2 12  8 13 18  8  5 17 13 10 15  5
  7  1 12  7 17  2  2 15 20  3 15 16  6  4  5  3  3 13 19  8  4]
unit_cost
[ 5  1  6  5  5  1  2  1  6  5 10  5  1  2  5  3  9  2  5  5]
