mach
20
job
500
ctrl_factor
0.2
proc_time
[ 0 19  8  3 19  6 11  2 19 11  9  7  7 12 13  3 16  7 11 16 11 12  1  4
 19  2  4 17 12  2 20 13  4  6 13  2  1  4 20  6  7  3  1  4 17  6  3 14
 17  7 14  7 18 20  5  8  9 16 10  9 17  1  6 19 17 10 13 15 20 11  7 18
  3  4 19 11  9 14 17 15  7 10 12  9 16 18 18  2  1 17  7  1  1  3  5 13
 11 20 15 15  9 16  1 15  1  8 10 19 14  4 12 10  2  4  2  9 18  5 10 17
  8 16  4  9  3  7 20 20  6  3 10 11  9 13 15 20  8  1 16  6 13 14  3  1
  4  9  5  4 20 19 11  2 10  8 14 13  2 12 19 11 12 18  5  6 10 20 16  6
  3  8  5  9 19  9 16  4  9 10  6  2 17 13 19 16  5 14  4 10  3  2  9  7
 15 14 19 13 16 10  1  8 15  7 12 14 17 17  5 17 18 13 18 14  7  6  5 18
 20 11 19 16 19  7  7  2 17 18  3 10  1  6  7  8  7 18 16  7 16 12  5 14
  9  1  6  3  4  8 17 12  1  4 10  1  5 10 12  2 19  8 13  6 16 19 18 15
 11 14  5 15 11  8  3  1  2  4 17 12 17 14  5  4  1  5  5 14 19  2  6  6
 14 13  1 18  9 14 17 14 18 17 20  5 10  7 11  7  7 19  7 14 18  4  8 16
  5 18 19  5  9 12 10 12  7 10 18  6 17 16 18  1  9 15  4  2 15 12  6  9
  1 10 10  4 12  5 14  7  2  2 10  9  3  9  1 18  8 16  8 13 10 16 11 12
  6  3 12 14  8 10 12  6  2 19 19 20  7 20 20  1 20  2  9  6  8  8 10 18
  1 10  9 14  3 20  3  9  9 15 15  5 17  2 13  2 20 14  9  3  7  7 10 16
  7  3 20  1  9 12 11  8 13 13  3  5  6  6  2 13  5  9 16 12 18 20 19  4
 18 19  1  6 18 19 11 17  2 15 18  9  3 15  8 19 18  5  8 20  1 14  2  8
 10 10 19  2  2  1  9  2  7 13 15  5 15 20  9 11 20 11 12  2 20 15 19 18
  8  2 15  5 13 14 10 11 11 14  8  4  4 16 20 11 19 16 11 18 10]
unit_cost
[ 3  9  9  7  7  2  2  8  4  4  8  5  1  2  2  3 10  8  9  5]
