mach
20
job
500
ctrl_factor
0.8
proc_time
[  0  32  37   4  63  56   7   3  88  86  47  45  38   5  21  19  51  43
  66  81  88  88  24  70   4  86  17  47  74  40  96  64  65  11  26  48
  74  41  27  16  53  75  46  56   8  12  31   4  50  61   5  13  97  26
  94  55  94  54  24  18  45  13   6  36  52  73  56  92  60  23  67  82
  27  26  95  95  85  88  18  53  78  75  62  44   1  47   8  15  29  27
  97  37  36  90  57  20  25  26  15  53  45  43  58  38  41  50  31   8
  30  84  61  89  89   2  99  24  95  90  70  97  33  47  62  16  51  96
  86  86   3  59  28  23  96  18  68  72  25  58  95  60  86  20  58   5
  33  49  21  66  51  13   4  55  58  89  95  13  13  87  20   2  43  80
  68 100  38 100  42  17  50  73  26  49  99  25  66  98  93  14  81  82
  20  24  86  31  28 100  49   9  13  69  57  46  55  76  25  50  48  88
  98  82  37  88  77  98  74  84  40  45  99  55  42  69  74  46  57  12
  38   9  45  35  45  63  91  71   9  80   6  90  37  70  95  61  90  66
  89  48  73  16  10  61  52  35  14  24  45  55  96  52  68   9  69  62
  13  25  90  21  22   6  49   5  49  42  29  84  26  37  48  44  79  22
  99  71  96  33  33  89  17  72  30  34  38  74  41  87  53  45  25  94
  83  94  95  15  49  94  77  38  65  44  96  73  63  14  12  60  29  17
  12  59  45  24  71  70  11  15  85  61  90  81  76   6  43  75  58  35
  25  36  47   9   8  52  36  25  89  38  37  46  22  57  45  89  25  72
  49  49  74   9  95  97   2  53  98  47  76  42  24  70  54  62  36  65
  67  70   4  70  26   7  63   9  33  18  44  13  40  80  16   6  91  26
  60  84  59  41  22  93  37  85  53  21  65  70  26  71  81  63  26  14
  18  76  30  76  61  46  44  99  40  58  79  64  54  79  45  44  21  93
  65  12  87  40  58  82   6  41  22  36  57  84  91  62  76  59  25  39
  44  23  28  33  42  51  79  72  78  97 100  15  92  19  18  71  89  58
   3  45  14  79  47  66  51  80  76  33  48  74  30  21  70  37  92  49
  41  34  79   4  66  31   6  56  77  82  73  49  58  39  26  20  96  21
  49  17  33  18  80  67  11  83  81  17  33  69  58  49  51]
unit_cost
[5 1 2 5 3 1 2 5 4 3 5 1 2 4 2 3 3 2 2 2]
