mach
20
job
500
ctrl_factor
0.8
proc_time
[ 0  3 19  3  7  3 20 20  4 18  8 10  8 10  9  7 12 12 20 14 11 12 15  7
 12 17  8 12  8 11 11  7  3 20  4  1  6  3  7 17  7  9 17  2 12  9  2  2
 19  6  9 19 17  3 12 19 17 10 18 20  8  7 16  1  4 18 11 10 12 13 19  1
  4 20  1 12  3 14 20 18 20  1 11  9 20  7  5 12 18  3 15 11 20 18  4  8
 15  8  8  3 16  4 10 10  1  3 12  9 18  8 16 20  3 13  7 17 18 12  3  5
  4 18 11 14  5  8 17  2 17 14 16 17  6 18 14  4 16  7  8 10  2  5  9  3
 12 15 20 20  8  3  7  5 16 20  7 18 10 19  7 13 17 20 15  7  4 12  1 19
  5 10 11  9 13 12 13 17  8 13 11 11 11  9  1  7 17 20 12  8 13 12  2 14
 11  6 18  2  9  3 18  1  2  4 18 10 17 19 18 18 17  9 12  5  7  4 17 10
  3  3 17  5  8 16 16 13 10  5  3  2  3  3  4 11 13 19 15  3 13 17 16  8
 14 19  2 15 13 15 14 15  4  1 20 20  8  1 18  5  8 13  4 13 19 13 12 14
  6  3 18  5  1 15  9  5  3 17  1 17  4  5 12 19 19  9 17  7 16  5  1  4
  7  5 13 12 14  2  1 14  9  9  2 16 19  2  4  5 16 14  3 20  2 10  9  8
 18 10  1  4  8 11  9 10  4 20  7  5 20  6  2 20  6 20  4 12 11 16  9  3
  7 11  3 11  2 20 17 13 10  5 13 14  7  1  8 12 10 12 19 11  2 17 10 15
  6  1 17 12  3 15  7 17 10 16  9 15  5 14  3 16 10  8 16  3  6 10  8  6
  7  2  8 12  2  7 13  6  7  1 12  9 18 19 17 19 16  5 13 11  2  1 12 10
  3  3  1 14 16 20 15 14 18  8 14  7 19  9 20  6  8 15 19  7 10  7  7 14
  2 17 12  3 17 17  3  5  9 11 17  1  1 13 14  2  9 17  4 14  8  2 19  3
  5  6 20 10  4  8 10  1 14 19 16 16  7 10 11  3  7  9 15 16  6 20 18 15
  8 11 11 14 20 12 12  5  8 12  6  2 16  9  5 15 10 10  8  7  3]
unit_cost
[4 5 4 2 4 2 5 4 2 4 3 4 1 1 2 5 5 1 5 3]
