mach
20
job
500
ctrl_factor
0.2
proc_time
[  0  74  82  10 100  97  70  17  68  54  12   6  99  44  28  29  65  67
  89  65  20  85   1  64  24  97  42  29  24  22  71  22  15  63  33  36
  48  69  33  54  79  10  31  22  35  27  18  12  55  30  83  26  72  94
  51  48  65  12  93  67   8  67  42  78  22  48  11  40  91  77  20  56
  24  49  78  83  96  17  38  89  99  83  19  56  72  77   7  10  70  10
   8  89   2  18  27  98  46  74  28  78  72  98   4  23 100  47 100  62
  28  24  30  11  33  24  21  23  42  40  33  48  79  72  36  82  30  77
  13  59  67  45  70  48  64  81  73  82  67  66  42  20  60  21  10  14
  57  69   5  60  93   3  38  73  65  89  38  11  32  53  90  69  74  79
  13  16  27  65  96  72  38  24   7  66  88  47  51  10   1   6  46  53
   7  91   6  84  24  11  82   2  13  18  74  77   9  20  91  16  46   3
  81  12  78  56  93  56  76   1  55  95  47  99  53   3  73  35  61  20
   8  60  40  12  83  61  98  67  44  34  55  86   4  55  19  75  35  12
  11  95  30  29  86  21  12   5  17  30  57  70  44  94  41  36  88  98
  20  99  54  49  12  82  83  54  90  27  34  68  21  50  53   1  11  31
  24  75  31  34  22  74  92  83  31  97  96  88  63  25  97   7  31  84
  66  25  53  44  63  99  11  90  30  85  54  20  21  79 100  61  90   6
  65   8  53  78  62  42   4  96  48  21  55  61  85  78  17  98  20  52
   7  15  17  28  42  39  71  55   9  77  38  29  35  26  91  25  98  20
  49   1  96  16  81  76   8  45  56  14  57  36  46  57  19  87  95  17
  28   1  34  92  66  85  89  21  99  17  25  12  62  32  80  94  66  36
  14  16   7  34  55  33  39  61  20  58  73  14  24  22  70  51  92  32
  82  56  59  48  38  61  53  82  70  98   6  31  79   1  56  30  43  50
  46  78  25  92   1  34  82  33  49 100  72  96  60  38  13  53   6  66
  32  21  84  31  42  18  26  51  10  22  57  40  99  65   1  47  41  49
  46  35  26  31   5  57  28  23  65  86  88  16  93  91  61  99  51  48
  31  92  94  73  79   8  77  41  12  10  81  16  13   1  71  42  28  78
   8  10  97   4  29  60  30  79  35  94  64  21  65  44  57]
unit_cost
[3 3 5 3 1 3 2 3 4 5 2 5 1 4 5 2 4 1 2 3]
