mach
50
job
100
ctrl_factor
0.5
proc_time
[ 0 20 13 15  3 16  6  4 18 13 11 10 19  3 10 12 14  9  2 11  9 13  6 12
 17  4 20 13 13 20 12  3 11 13  6  7 14  7 12 11 10 17  2 10 20 15 16 15
  1  9  4  2 11 13  7 17  5 10 20 13 10 19 14  6  3  5  6 17  5  7 14  6
  6  1  8 18 10  6  1 11 12 11 15 14  9  3 11  8 20 16 18  9 19 10  2 19
 19 10  6 13 12]
unit_cost
[ 7  8  1  8  8  5  9  4  5  5  1  3  9  7  3  1  3  9  2  3  4  9 10  6
  7  4  5  3  6  9  3  4  3  2  6  8  6 10  6  8  5  7 10  1  4  5  5  3
  9  9]
