mach
50
job
100
ctrl_factor
0.2
proc_time
[  0  99  65  53   2  61  89  19  55  77  88  94  10  99  13  95  37  81
  57  17  43  83  17  15  15  96  90  52  99  77 100  83  49  21  94  78
  83  21  74  56  13  16  52  85 100  44  95  17  20 100  13  20  20  75
  62   1  69  57  21 100  62  87  32  70  38  75  45  86  25  77  77  14
  40  46  37  93  96   3  52  86   3  81  68  51  25  59  48  37  59 100
  52  29  31  82  60  68  90  13  36  23  67]
unit_cost
[5 4 2 3 2 4 2 2 1 1 2 2 4 5 2 2 5 2 2 3 1 5 5 1 2 4 5 1 1 2 3 1 4 3 2 1 5
 1 5 3 2 4 5 3 4 2 2 3 2 2]
