mach
50
job
100
ctrl_factor
0.2
proc_time
[ 0 48 91 61 24 75  1 46 43 55 41 61 97  8  4 93 81 78 93 55 99  1 72  6
 70 88 31 33 55 81 59 26 22 52 66  1 25 83 18 51 77 43 25 24 17 90 34 27
  6 61 13 38 90 92 12 27 29 17 20 36 42 85 99 78 51 85  8 69 79 96 55 57
 32 61  1 64  6 89 44 19 92  6  3 42 66 21 26 93 71 96 57 42 37 83  3  6
 19  5 38 21 59]
unit_cost
[ 6  6  1  7  2  9  9  9  6 10  6  3  9  9  1  8  7  6  5  3  2  6  5 10
 10  3 10  2  4 10  9 10 10  9  6  5  8 10  9  4 10  1 10  5  4  1  1  7
 10 10]
