mach
50
job
100
ctrl_factor
0.2
proc_time
[ 0  2 18 14  2  6  8  2  4 12  3 20  8 16  5 16 12  5 12  2 12  5  6  6
 15 11  4  7  5  8  8 14  8  9 20  1 10  9 16 10 18  5 11 13 15  7 11 14
 13 11  6 20  4 11  1 14 10  9  5  7 12 16 20 18 12  8  2  6  1  4  9 16
 13  4  2  4  7  1 14 13 14  9  2  1  7 10  8 15  6 15 20 15  6 11  6  1
 14  7  2 11 16]
unit_cost
[ 6  5  2  7  3  7  1  5  8  7  3  3  6  6  4  1  4  7 10 10  3  7  1  3
  2  3  3 10  9  8  6  2 10  7  1  6  2  5  4  1  5  5  5  7  8  2  4 10
  2  1]
