mach
50
job
100
ctrl_factor
0.8
proc_time
[  0  68  28  31  96  46   6  38  65  47 100  29  10  52   4  72  85  56
  40  35  68  79  98   4  30  68  57  74 100  19  99  19  50  76  75  60
  60  86  37  46  22  26  93  87  16  66  33  16   8  51  95  44  98  35
  86  56  29  81  44  56  69  62  20 100  98  43  20  27  18  70  79  62
  59  90  94  40  89  61  50  46  34  29  32  91  90   6  87  98  88  48
  53  62  49  84  88  52  82  58  34  31  38]
unit_cost
[4 1 3 1 4 3 1 2 4 1 1 2 3 1 2 4 2 5 1 3 1 5 2 3 5 3 3 4 2 3 2 1 2 3 3 3 2
 2 4 5 5 5 5 3 2 4 3 3 4 3]
