mach
50
job
100
ctrl_factor
0.5
proc_time
[ 0 14  3  8 11  3  9 16  4  9 18 17  3 11 12 16  4  4 16  5 12 19 20  8
  5 14 19 19 19  7  3  7 19  1  8  1 16  1  6 10 10 13 10 16 18  8 16  5
 18  6  3  5 20 19 18 16  6  4 12  4  6 20 20  9  8 10 17  8  3 19 18 15
  6  6 12  7 11 11 18 20 15  5 15  9 10  1  2  3  4 13 17  5  2 19  6  2
  4 16  5 18 16]
unit_cost
[ 5  2  6  2  8  1  7  4  7 10  1  4  1  9  3  4  3  6  6  2  9  9  3 10
 10  5  3  1  5  4  3  2  3  2  9  4  7 10  4 10  1  3  1  1  7 10  8  3
  6  3]
