mach
20
job
500
ctrl_factor
0.8
proc_time
[  0  37  48  68  19   7  50  86  15  86  76 100  96  41  44  29  38  11
  23  60  84  61  31  17  58  97   9  33  93  76  69  45 100  41  23  12
  62  54  92  91  30  98  61  93  54  81  54  85  70  86  50  95  43 100
  80  41   9  75  46  92  73  95  53  30  16  14  57  39   5  93  98  47
  75  52   1  37  74  47  29   6  72  49   3  65  94  15  88  86  33  56
  14  81  83  74  18  56  60  22  38  46  22  89  10  20  71  30  32  21
  10  43  79  35  64   2  14  63  96  26  22  67   8  21  46  56  82  52
  90  81  76  66  47  97  61  71  42  57  23  28  10  17  12  40  96  71
  55  64  36  72  98  63  15  44  74  62  98  85  31  12  14  52  59  99
  98  81   8   8  23   4  51  63  95  89  14  46   2   9  13  92  26  44
  51   4  13  16  48  70  91  35  80  46  40   9  76  47  49   2  91  25
   6  48  61  82  74  28  68  54  91  31  14  81  38  89  47  48  32   2
  35  83   4  75  12  44  19  74  10  91  70  10   9  81  12  28  74  18
  39  56  92  25  42  45  55  50  29  31   9  63  19  83  95  61  87  87
  88  47  50  32  57  22  97  84  43  95  72  34   3  22  86  84  81  94
  77  91  62  38  42  35  42   8  53  35  88  74  69  38  71   4  86  15
  48  91  55  60  26  32  19  33  31  85  27  38  95   8  43   7  72  30
  58  44  93  14  40   3  50  19  48  82  40  99  28  50  47  29  91  12
  96  26  78  45  52  67  46  22  30  57  42  24  40  27   3  15  95   3
  77  60  35  62  74  53  59  45  47  20   7  17  46  61  82  18  53   5
  81  56  98  32  70  51  70  64  58  73  77 100  64   4  12  16  82  39
  43  22  82  74  65  74  36   9  52  46  67  97  68  54  20  87  29  33
   2  24  95  36   7  61  75  68  17  20  84  78  18  85  38  62  10  38
  13  56  26  88   4  33  88   6   4  92  78  66  39  36  28  72  65  53
  72  49  76 100  88   9  89  66  99  65  63  52  53   2  90  41  69  69
  19  96  64  47  74  66  25  19  25  47  81  12  69  12  64  84  18  96
  64  75  71  66  43  46  53  39  51  26  83  87  88  83  96  98  89  81
  39  74  78  69  80  24   4  20  25 100  29  82  18  68  52]
unit_cost
[7 1 1 7 8 3 8 6 7 1 8 6 9 5 1 9 8 3 2 9]
