mach
50
job
300
ctrl_factor
0.5
proc_time
[ 0  1  5 18  2 12  7 10 15 11 10  7  5 18  3  1 13  5 20  9 17 17  2  7
  3  3 15 17  4 17 18  8 18 15  4  6  1 19 10 10  3 19  9 10 15 10 16 12
 12 12 12 14  6  5  2 19  4  2 19 16 16 14 10 19 10  6  6  2 16  1  1 11
 20 12 18 20  5 19 17  6  2 11  6 10  3 10  8 20  6 12 14  6  1  3 15  7
 20 18  4 20 10 13  8 18 13 11 12 18 13  4  5  8 12 20  8  3  6  5 10 10
 20  8 10  8  6 14  7  4 16  1  4 20 18 16  5 16  1 19 16 20 14  4  7 11
 11  1  2 10  3  6 11 20 11 19  2  4 20 19  5  3  7  5  9 16 14  4  4  5
 15 17 18 10 18 19  5  4 13 15 17  8  5 20  9  4  7  2  5  7 16 11  9  9
 15  2  5  1 10 10 12 10  3  6  2  2 12 17  9  8  8 11  9  3 15 11  7 14
 14 20  2  1 15 20  2 17  6  4 15 14 14 12  2  4 11 13 13 11  5 18  2 18
 16 15  4  4  2 16  3  7  7 14  9 20  9 10  8  9 17 13 18 17  9 10 20 15
  8 11  2 20  2 14 14  1  8  4 16 17 20  5 20 11  5 11  8 20 11  5  9 10
 20 12  7 18  3  7  3  2  7 11  5  6 11]
unit_cost
[4 5 3 4 2 5 1 4 3 4 4 5 1 2 2 3 2 1 5 5 2 3 2 4 3 2 3 2 2 3 3 3 3 5 3 1 3
 2 4 1 5 4 2 1 2 4 5 2 1 4]
