mach
50
job
300
ctrl_factor
0.8
proc_time
[ 0 19 13  5  5  4  5 19  3 18 13  9  7 12  4 11  3 11  9 20 19  7  3 12
 11  6  6 10 11 19 15 17  7  8 18 10 12 10 15  3  9  4 13  5 11 10  1 16
  9 15  3 16 11 14  1  3  3 13 16  5  3 16 10  7 15  5  4  1 20  2 12 18
  1  3  2 10  7 18  9  6  5  2  8  3 19  4  1  5 18  5  5  4 20  3 13 19
  3 12 15 12 15  2 14 19  2 13 16 11  5 10 16  9 19 13  8 20  6 14 18  7
 11 13 11 12 14  8  4 12 11 13  1 15  9  3 10 20 13 18  7  3 18 20  2 17
 13 16  4 18 16  9 16 15 20  1 20 12 11  6 13 16  5  5  4  5  4  1  9 19
  5  2 20  5 11 13  2 10 19 10  1  6 19 15 16 18  8 10  4 19  4  4  2  3
  5  4 14 16 12 14  7  8  4 16  5 13 16  1 19  2 11 14  1  4  2 12  7 15
 11  2 20  7  2  2  5 17 19 20  2  1  6 15 14 15 17  5  1 13 14 17 11  4
 20 14  5  4 17  2 13 18  1 16  6  6  8 10 17  9 17  6  1  6 12 18 14  1
 17 12  3  6  1  2  6  7 12 18 16 13  7 14 12  3  9  8 11 16 20 11  3 12
  8 16  5 18  9 12  8  3  1 15  7  9 20]
unit_cost
[3 1 3 2 5 1 3 2 2 4 2 4 1 4 3 2 2 5 2 3 3 5 1 1 4 2 1 2 3 2 2 2 4 5 2 1 1
 2 3 2 2 2 3 2 2 4 5 1 5 1]
