mach
50
job
300
ctrl_factor
0.8
proc_time
[ 0 16 11 15  9 15  3 20  4 19  7 10  9 12 10 13  6 15 20 17 14 18 14  7
  6 14  8  5 13 18 18 14  6 15  7 13  4 10 17  9  6 14  7  4 10  1  6  7
 14 10  8  1  5  3  8  6  6 14 12 10  1 13 12 19  8 17 17 12  2 11 14  1
  7 18 11  8 14 10  7 20 10 16  3 12 20 20 17 13  6 15 13  9 10  4 10 14
 14 18  5 16  2 12 10  8 15  5  3  9  6 11  5 11  7  1 16 20 15  9 14 10
 19  1 17 19 16  4 17 12 17  6 18 11 20 13  3 16 13  3  8 13 15  6  5  8
  6 13  7  4 10 19  9  9 15 18 14  9  1  1  7 20  7 12  3 14 16  9  7  9
  2  3 10 18 12 14 13 10 11  9  4  3  5 18  5 17  3 13  1  6 11 15 17  6
 10 14 19 17 19  4  6 16  2 19 15  2 12 14 19  8  4  4 11 20  8  1 11 20
  7  1 13  4 13 14  3 17 17 18  5 14 17 19 11 15 10 17 11  3  5 20  3 14
 17 19 20 13  4 10 15 13  1 13  5  9 11 20  9 12  4  5 20  6  5  6 15  4
  9  9 15  5 18  7 17  6 11 12 17 13 16 16  3 13 16 13 20  2  5  3 18  7
  7 20  8  8  9 12 18  8 11  9 15  9  8]
unit_cost
[ 1  9  3  1  6  2  7  7  9  4  2  3  7 10  6  6 10  3  4  5  1  6  7  1
  9  9 10 10  1  4  2  2  9  4  2  3  2  5  9  3  5  6 10  7  6  9  6  1
  3  3]
