mach
50
job
100
ctrl_factor
0.8
proc_time
[ 0 42 82 93 17 30 41 28 29 20 44 93 86  2 82 17  8  8 54 64 28 65 78 64
 78 26 31 99 39 44  5 41 17 36 10 96 26 62 34 25 45 30 49 49 77 68 30 82
 54 92 13 81 87 78 49 54 29 51 32 78 38 70 45 51 81 95  2 20  3 54 84 88
 66 27 73  4 82 34 34 29 38 51 94 98 45 79 49 26 13 81 57  2  2 72 90 14
 55 84  2 32 30]
unit_cost
[ 4 10 10  9  5 10  5 10  7  3  1  6  9  9 10  4  6  1  6  5  1  5  7  8
  3  4 10  8  2  4  2  4  9  3  5  7  5  5  3  9  7  9  4  2  9 10  5  3
  1  9]
