mach
50
job
300
ctrl_factor
0.5
proc_time
[ 0  1 19 16 19 20  2  7  7 13 15 15 16  5 11 17  3 19 20 12 16  3 20 16
  4  1  1 11 20 13 10  3 15 10 11 15 10 19 12 10 20 18 10 19 17 18 13  4
 15  8 17  7  5  5 11  6  4 10 12 13 20  6 19 19 18 13 13  8  6  5  1  5
 11 11 14  1 12 14  9  7  6 19 20 14  5  7 17 14  4 15 11 18 17 15  4  3
 18  8 14 12 12  9  1  1  8  6  3  4  7 17  1 19  8 18 11 15 18  8 14  5
 18 10  8 11 18 13  8  8  3  1  6 18 13 16  9 20  9 14 15  8 10 17 16 17
  1  2  7  7  7  4  7 15 19  9 13 16  3 19 13 11 20 13 20 20  9 11  5 14
  6  3 15  1  2  1  7  4 12 18 15 20 17  3 17 18 15  2  3 12 20 18 10  3
  7 11  9  5  9  8 19 20  2 20 10 11  6 11  9 20 12 17 11  3 13 11  7  3
  1 11  3  6 12 17  6 16  1 17  2 14  3 10 10 10  6 12 17 16 16 15  4  1
  3 15  4  3  5  4 11  6 10  1 17 17 12 12  6 20  2 18 20  3 11 18 10  2
 15  4 10  1  8  4 20  8 13 16 18  1  1  4 12 19 10 11  8  7  6  7  5  8
 17 17  9 15  7 17  8  8 11  3 15 14  9]
unit_cost
[ 9  8 10  2  9  8  3 10  3  3  4  9  6  6  9 10  1  9  3  3  6  3 10  5
  3  5  1  6  2  6  7  9  4  6  8  4  3  5  8  4  4  6  9 10  8  5  2  7
  6  4]
