mach
50
job
100
ctrl_factor
0.2
proc_time
[  0  40  66  26  57  96  12  99  70  24  72  55  93  42  78  17  10  80
  43  66  13  97   6  46  10  40  41   3  81  78  12  63  92  44  92   6
  74  71  31  16  90 100  97  30  76   4  29  84  63  33   4  39  99  73
  40  25  32  78  58  43  18  86  45  70  63  62  30  15  42  84  90  53
  53  13  21  12   5  24  34  78  93  35  47  20  79  94   2  79  59  10
  27   4  19  89  85  24  31  96  80  32  52]
unit_cost
[ 8  5  2  3  9  9  2  9  3  7  1  4  1  5  8  4  3 10  8  2  3  1  8  8
  5  4  9  4  6  1  4  6  8  3  8  6  6  4  2  4  9  5  7  6  7  7  4  8
  1  3]
