mach
50
job
300
ctrl_factor
0.8
proc_time
[ 0  3  5 14  3 20 20 12  2 18  8 16 15 16  8 18  3  3 18  5 12  1 11  1
  9 14 15  4  4  3  8 13  9  1  5  9  2 18  8  1  8 19 13 16  3 17 10 18
 11  3  9  2  2 15  8  6 19  5 15 20 20  1 13 10 12  9  1  3 12  8 15 16
  2 20 20 11 15 14  9 20 14  9  6 13 17 17  8  5 18  1 12  7 13  4 16  7
  9 20  7 18 15 19 11 15 13  2 12 14 13  7 15 19  8 19  7 10  4 15 12 12
 17  5  7 12  3 14  2  8  9 20 10 19 10 11  7 10 12 13  5 14 18  9 11  3
  6 20 11 14  7 20  6  5 12 16 11  3  3 17 12 10  1 10 16 13 14 20  9 14
 16 13 18  1 20  9  8 14 19  1  3 13  1 20 19  7  1 20  2 11 20  3 12 11
 17 18 18  3 18 17 12  8  6  8 15 12 16 12 12 20  5 14  5 14  8 18 12  6
 15  2 17 16 17 18 18 14 20  8 14  5  5  1 12  5 15 10 16  3 18  7 17 19
  7 10  7  8  5 13 20  6 11  1 20 18  9 20 17 12  5 13  5 11 20  7  1 15
 10 20 12 18 18 18 16 18  6  7  8 14  7  9 17 19 15 13 19  5  7  2 20  9
  3 17 12  4 17 10  8  5 11 13  8 15  5]
unit_cost
[ 1  9  9  4  6  6  9 10  9 10  8  2  2  1  8 10 10  2  4  3  1 10  4  5
  7  9  3  7  2  2  9  6  8  5  7  8  4  6  3  9  3  2  9  6  9  4  1  4
  9 10]
