mach
50
job
100
ctrl_factor
0.8
proc_time
[ 0 72 96 39 37 28  9 47 57 46 25 58 31 53 48 75 75 85 22 34  4 10 47 83
 78 96 83 73 80 33 18  2 78 46 10 91 90 19 22 56 68 33  9 39 36 17 89 62
 65 73 60 44 59 76 82 10 69 85 10 27 84 18 64 89 75 51  9 91 22 71 46 14
 56  6 90 93 23 42  6 68  1 66 89 99 13 69 96 79 31 30 99 29 11 75 81 49
 95 80 26 20 54]
unit_cost
[ 6 10  4  2  9  9  5  1  6  4  6  7 10  1  9  2  9  2  7  5  8  9  8 10
  3  6  7 10 10  9  1  3  4  2 10  1 10  9  5  7  5  1  6 10  6  2  6  9
  2  5]
