mach
50
job
300
ctrl_factor
0.5
proc_time
[  0  60   3  22  76  23  23  80  75   2  71  46  89  94  23  34  42  63
  81  69  41  16  62  85  13  99  83   4  39  69  48  86  31   2  63   3
  28  15  52  96  47  61  19  35  83  70  49  87  30  90  99  44  24  95
  64   9  25  52  91  19   5  76  77  56  97  83   2  43  85  97  18  68
  52  59  98  40  94  99  18  39  72   1  99   3  35  74   6  58  97  14
  19  45  43   6  43  12  57  15  60  26  63  18   6  71  54  35  18  89
  62  63 100  17   6  68  78  31  50  43  54  66  50  36   1  18  44   8
  62   3  28  86  60  81  19  81   8  38  20  89  87  29  62  97  89   2
  82  97  96  97  21  88  85  76  74  83 100  40  98  40  88  67  94  72
  15  78  65  90  72  30   5  54  79  42  70  76  26  53  13  57  11  56
  99  70  44  35  92  20  73  29  91  58  58   7  84  75  48  61  23  63
  15 100  59  51  23  56 100   4  23  89  34  73  29  48  13  29  30  50
  12  38  58  87  14  75  72  69  79  31  57  66  92  77  55  89  22   3
  95  38  61 100  70  17  60   7  92  51   3  16  81  22  31  15  82  41
  99  64  54  73  88  80  66  49  42  17  84  77  25  49  13  72  10   7
   1  28  38  10  79   3  78  80  30  27  36  91  16  91  22  36  64  93
  50  57  87  37  62  71  30  67  49  85  54  34  40]
unit_cost
[ 7  1  7  9  2  6  9  2  4  8  1  9 10  8  8  5  8  2  3  3  7  7  1  1
 10  7  9  2  2  6  6  1  2  7  1  8  1  8  5  7  7  8  8  7  8  1  7  9
  1  2]
