mach
50
job
300
ctrl_factor
0.2
proc_time
[  0  71   6  24  50  61  78  26  89  37  50  38  72  15  26   9  23  26
  96  61  13  41  54   2  84  27  95  56  64  90  63  93  20  59  66  48
  81  73  69   7  55  39  21  65  53  72  73  35  84   4  82  33  69  64
  27  81  47  62  82  85  21  95  57  18  11  61  26  77  73  86  70  53
  52  42   7  85  14  81  63  33  34  78  39  59  15   8  52  45  81   9
  68  44  67  82  58  43  42  11  93  67  14  38  11  91  98  75  46  65
  95  18  67  89  49  22  52  33  39  27   2  80  39  84  93  11  69  99
  93  67  37  14  88  44  16  17  72  30   9  83  79  47  73  89  90  56
  61  59  97  22   7  82   5  13  98  44  68  23  10  60  94  93  94  14
  67   2  76  15  38   4  50  14  14   8  47  25  49  33   2  73  30  53
  37  93  51  54  95  69  96  28  76  40   9  21  98   9  28  34   2  46
  58   8  42  87  31  64   3  78  75  89  45  89  67  67  20  20  12  84
  66  84  77  76  88  75  81  81  31  50   9  76  46  24  66  47  18  99
  98  72  85  10 100  13  19  83  64  39  45  36   1  13  80  77  26  60
  42  35  36  85  95  62  51  69  73  48  52  91  79  73  95  14  66  55
  72  90  81  44  90  74  30  83  12  60  53  81  44 100  90  81  63   6
  15  41  48  48  80   3  99  57  97  82  44  92  41]
unit_cost
[10  5  3  8  9  4  5 10  4  7  2  1  4  1  6  7  6  7  8  4  1  6  7  3
  6  9  2  5  7  3  8  5  1  5  6  2  6  4  8  6  5  1  2  6  9  1  8  5
  3  3]
