mach
50
job
300
ctrl_factor
0.8
proc_time
[  0  26   9  53  13  48  15  79  79  65  65  41   4  40  94  70  43  19
  76  74  21  38   2  66  64  32  86  35  51  67  98  90  90  49  63  26
  62   9  53  33  93  30  76  42  29  18  27  29  54   7  10  40   7  20
  12  55  87  95  36  74  89  18  99  35  79  78  19 100  54  12  31  93
  82  99  37  36  29  90  69  90  36  28  70  63  25  40  81  56  86  62
  45  70  78  98  27  64  73   3  29  70  49  90  28  82  63  70   7  94
   6  98  12  60  39  29  77  23  14  76   2  16  19  86  94  83  69  94
  55  97  80  41  45  42   9  27  15  28  38  69  10  16  56  23  83  74
  94  37  92  79  59  44  23  22  84  32  27   9  70  40  69  78  13  54
  53  59  96  45  73  84  65  28  24  77  17  59  35  38  14  78  41  25
  71  83  40  87  69  28  76  56  16  35  88   5  14  74  27  66  25  89
   5  91  72  26  75  30  58  71  91  65  71  93  35  88  49  85  37  68
  31   4  12  69  54  70  24  37  41   5  12  35   5  25  72  17  61  27
  49  31  57  95  53   1  39  60  46   3  65  51  88  56  67  21   9  39
  37  53  27  37  57  67  24  10  96  48  15  63  60  43   1  24  55  68
   3  65  33  93   3  30  17  81  16  20  53  18  96  75  91   5  22  69
  30  58  99  16  21  65  11  42  26  14  43  56  62]
unit_cost
[2 2 3 1 2 5 1 5 5 5 1 4 4 3 5 4 1 1 4 4 2 2 3 3 4 3 4 1 2 1 1 5 1 5 5 1 2
 5 4 3 5 4 2 1 3 5 4 3 3 4]
