mach
50
job
300
ctrl_factor
0.2
proc_time
[  0  22  42   3  31  11  48  15  73  70  17  18  41  89  94  22  18   3
  94  13  85  14  84  81  88  11  74  47  18  10  90  10  75  59  14  94
  31  59  52  20  95  91   4  74  44  31  70  23  27  56  89  27  12  82
  26  99  63  43  64  47  92  72   1  41  49  20   4  65  92  33  89  12
  43  68  39  99  87  15  35  69  88  14  63  63  40   8  14  61   4  37
  22  86  66  71  36   7  96  53  29  12  27  83  50  67  20  69  58  59
  61  83  75  33  41  71  23  71  21  29  48  62  42  58  52  80  70  83
  48  55  58  18  23  95   2  31  78  48   6  91  26  31  36  62  94   6
 100   9  69  17  28  69  89  72  96  73   3  27  71  14  13  72  73   2
  29  84  67  96  78  41   7  55  95   6  70  67  68  23   9  94  74  89
  46  22  12  89  43  41  16  29  16  11 100   1  28  60  82  54  97  39
  99   1  24  91  72  47  73  70  68  66  92   5  96  24  10  71  68  15
  30  44  10  26  44  95  89  80  92  86  95  54   1  45  11  92  51  50
  85  37  15  17  43  99  54   7  29  77   5  35   9  70  13  20  26  71
  29  47  85  26  68  83  49   7  84  69  62  39  12  10   8  35  94  82
  80  64  33  93  17  16  59  38  86  51  98  88  85   6  90  97  61  80
  41  45  26  28  57  30  92  79  85  97  12  88  34]
unit_cost
[ 9  5  3 10  9  4  2  2  1  3  6  7  8  8  9  6 10  8 10  9  5  4  4  6
 10 10  7  2  3  8 10  1  2 10  2  7  5  8  5  7  6  1  6  8  2  1 10  2
  7  7]
