mach
50
job
500
ctrl_factor
0.5
proc_time
[ 0 13 20  1 17 15 14  7 14  7  2  9 11  9 14  8  6 12 12 14 18 13  9 20
 12  5 16  5 16  4  7 11  2 19 14 12 19  5 19 16  2  3 17 11 17  1  8 17
  3 18  7 17  9 11 17  3 11 15  7 14  8 17 14  1 15  6  6 10 11  6  2 15
  2  1 11 14  5 13 18 11 13 19  5  9  8 17 12  7 15 20 16 16  5 15 17 19
 16 16  1 18 10 10 11 18  7  7  7 18 13 13 16  2 10  1  2 18 17  2 19 19
  6  3  5  1 19 15  4 17 14 17 12  9 19  3 17  1  2 10 10  4  2  9 10 20
  1 11 11 14 12 16  5  8 15 11  6  1  7 20  6 12  4 14 11 15  6 12 11 17
  9 14  3 12  2 16 13 12 15 17  8 10  6 13  4  3 19  1 18 19  1  6 10  6
  8  7  1  5  1 20 20 11  5 14  1  5 17 20 10  4 11 15  9  4  5  8  9 11
  2  1 13 14  3  9  1 14  2 19 20  9  9 13 16 16  2 10 17  4  8  9  1 10
 16  9 17  1 14  5 11 17 13 19 10 10 16 12  6 17  8 12 15 12  1 18 13  2
 17 11 16 12  2  7  7 20  1  3  5 13 15 15 10 15  4 10 14 14 15  2 10 19
  5 13 15 16 13  5  9 19  8 14  1 10  1  9  9 17 14 16 13  3  6  5  8  2
 15  5  1  5  4  2  2  3 13 12  8  1 13 17 11 11  1  3 18 12  1  5 10 13
  5 12  8  9  6 18 15  8 17  5 15 19 20 11 11 15  8 18 14 18  9 17  8  4
 10 12 11  9  4  5  7  4 14  3  7 20 11 10 14  8 18  2 10 18  1 16  3 12
  5  1 20  9  1  2  8  7 15 15  1 16  1 15 18  7  8 12 18 13 18 15  3 12
 13 16  2 14 19 17 15  4  7 19  9 11 18 15  3  6 14 19  6 16 19 17  3 17
  9 13 14 15 13  2 18  1 17  3  5  7 17  5  5 15 14  8  8  4 18  1  9 15
 11 14  2  8  1 16  5 17  2 20  5 15  1 11  6 19  9  4  5  4  8  8  1 12
  2  9  4 10 13  1  3 18 10  2  9  4 16  9  5  6 13 12  9  7 16]
unit_cost
[10  9  6  9  1 10  6  3  2  2  5  6  5 10  5  5  8  5  4 10  6  6  6 10
  9  2  1  2  9  3  7  9  5  6  3  1  1  8  5  4  8  7 10  6  2  9  1  2
  8  9]
