mach
50
job
500
ctrl_factor
0.5
proc_time
[ 0  1  5 10 12  9 11 17 18 15  8 15  8  5  9 14 20 14  9 10 11  6  5 15
 10 17 11  1  8 11  7  5  9 13 19 13  2 10 17  3 10  5 14  5  4 18 19 10
 13 10 17  2 10  5 10 20 12 17 15 16  2 19  3 19  2 14  5 14 12 12  5 13
 12 10 13 16 20  1  9 18 15 18 18  1 13 18 12 14 16 19 11 15  4 11 17  2
 16 13  2 15 12  2  3 19  4 13 10 17  9 16  6 18  3  8 15 20  5 10  7 13
  2 18 10  4 17 11  1 11 12  2 12 16 11  4 14 11  8  1 19  6 11  9  5 11
  6 16  4 10 10 17  3  8  8 15  8  5 15 13  8  8  7 19  9 13 16 15  5 17
 11 13 16 14 14  4 16 16 16 17  4 18  1  9 19 13 16  2 19 11 17  9  5  4
 17 16  9 12  3  3  4 19  8  6  2  7 11 14  6 20  4  3 18  5 15  3 17  5
  1  2  9 13 10 13 15  7 10 17  8 16 16 16 11 19 16 18 18  6  1 19  7  4
  5 15 13  8 13  7 18  5 20 20  8 12 16 18 18 15  2 13 13 13 10 19 10  9
 15  1  4 11 20 20 17 17 11 14 13  8  8  4  8  1 14  3 20  1 10  6  3 16
  8 11  7 14 19 20 11  3  4  4  6  1  5 20 17 14 10 15 20  6 11 17  7  8
 10 15  3  9  4  5 19  7 18  7 11 14 15  2 11 18 18  9  8 15  7  5 14 15
 14 14 20  3 20  5 15  4  4 11 11 14 15  1  7 10 19 18  5  4 18  3 13  7
 12  9 18  5  1  4 15  5  8 20  7 10  6  3 13  7  9 20 11 10 15 16 17 16
  6  6 18  2  5  1 17 16  8 14 15  8 17  8  2 10 15 16  3 19  9  4 10  9
 14  9 14  3 16  9 16 11  1 14  5 15 20  6 19  1  7 18  1 18 10 16  3  6
  8  3  3  5  2  3 13 18  3  8  8  8  7 19 17  6  7  5 20 15 15 10 12 10
  1 14 19 20 11  6  4 18  7 10 16 18 13 18  3 17  4  7 17  5 13  6  9 11
 20 13  7  8  5 11 13  3 16  1 17 14 11  2 14 12  6  6 10  2  5]
unit_cost
[5 3 3 5 4 4 4 1 5 4 2 2 1 5 2 2 3 5 3 3 3 2 3 1 5 4 4 1 4 2 5 3 3 2 2 4 1
 4 1 5 1 5 1 4 3 4 5 5 3 3]
