mach
50
job
500
ctrl_factor
0.2
proc_time
[  0  22   7  65  60   5  33  13   7  53  24  26  18  70   8  51  64  13
  20   8   9  60  70  95  48  43  84   2   1  16   8  65  93   9  64  72
  30  48  73  68  46  71  98  75  72  96  87  79  13  33  75  44  10  56
  21  13  60  82  35   8  10  93  19  53  53  85  87  54  84  85   8   6
  22  61  49  90  42  67  19   7  29  89  58  18  66  62  81  30  67  83
   9  52  23  50  54  14  10   4  14  23  38  63  70  67  50  63  39  54
  21  12  59  16  78  47 100  46  10  96  58   3  10 100  82  82  11  62
  42  62 100  35  35  43  61  21  45  36  81  80  13  25  41  92 100   8
  26  74  77  65  23 100  88  26  62  72  81  15  14  27  62  80   4  20
   8  24  55  52  12  22  65  73  42  44  24  18  11  53   3  96  52  23
  72  65  55  36  97  47  74  24  16  19  74  87  16  19  93   2  36  70
   6  99  22  55  81  53  50  61   7  36  64  44  56  29  11  18  32  69
  87   6  39  12  14   5  16  67  77  83  73  53  78   4   6  66  60  48
  28  23  21  26  25  60  71  30  53  59  97   1  74  12  28  36  78  46
  78  86   9  13  58  33  37  10  59  15  88  96   6  61  71  52   4  89
  22  98  47  23   2  36  83  56  50  51  37  77  73  80  76  73  54  25
  84  15  98  98  24  96   5  95  40  64  14  94  58  66  60  13  13  57
  28 100  82  56  59  92  69  55  32  98  34  69  58  68  56  17   8   3
  53   1  82  98  28  12  95  11  48  82  29  13  49  63  50   6  72  65
  41 100   6  49  21  71  74  27  25  24  36  72  10  77  40  47  34  69
  72  62  16  78  52  18  48  64  45  31   4  38   6  96  90  77  32  52
  52  65  17  96  95  28  87  81  66  90  39  20  96  61  85  69  90  55
  46  16  78  93  55  96  67  45  38  11  97  28  50  10  12  49  18  20
  12  20  24  74 100  51  58  55  66  52  85  57  34  56  62  18  38  20
  19  50  66  54  54  67  45   4 100  68   9  33  75  23  13  80   2  52
  48  80 100  32  85  33  47  24  87  93  38  56  31  92  88  38  39  79
  15  95  71   3  63  13  27  20  79  54   5  37  40  46  26  97  74  92
  76  33  40  29  31  68  16  97  62  50  76  30  31  55  92]
unit_cost
[3 5 4 2 2 4 4 3 4 1 5 2 3 2 1 2 5 3 1 3 4 4 4 3 1 4 1 3 3 3 2 2 4 3 4 1 2
 5 3 1 3 5 4 1 5 2 5 3 1 3]
