params：
 weight-->(1, 10)
 proc_times-->(1, 100)
 setup_times-->(30, 60)
 delivery_times-->(170, 200)
 job_rate-->8

start:
alpha_1
8
 alpha_2
1.0
 mach
5
 job
40
 fam
5
 weigh
 [[0 1 6 5 1 4 2 6 3 2 4 1 6 5 8 1 3 7 1 3 6 3 3 9 4 8 6 3 6 6 4 1 8 7 3 3
  8 1 2 5 5]]
 proc_times
 [[  0  88  63  80  37  83  94  94  98  35 100  95   7  34  13  27  65  74
   19  62  41  13  56  12  50  28  56  35  84  44  64  69  52  37  13  12
   58  18  93   6  75]
 [  0  50  30  28  49   9  97  76  83  54  50   5  47  94  14  55  45  25
   50   2  21  47  93  78   2  65  17  89  28  76  70  24  75  78  65  35
   17  60  42  19  51]
 [  0  93  69   4  77  99  36  76  84  30  78  51  38   6  98  37  37  89
   22 100 100  51  15  57  74  41  77  36  51  64   2  93  13  38  96  45
    7  22  85  28   2]
 [  0  83  52   5   6  46  26  92  76  38  58  65  32  31  20  59  46  19
    2  56  71   5  51  76  64   8  41  15  57  14  43  50  41  77  54  29
    1  38  99  36  85]
 [  0   2  25  11  37  26   7  73  52  48  64  45  93  67  36  22  56  52
   32  74  47  15  91  95  31  90 100  97  85  46  51  46  60  79  82  46
   31  21   3  56  92]]
 setup_times
 [[[ 0 57 46 41 57 35]
  [ 0  0 52 57 35 57]
  [ 0 46  0 31 56 39]
  [ 0 43 32  0 57 32]
  [ 0 50 52 48  0 30]
  [ 0 34 59 57 51  0]]

 [[ 0 36 35 30 50 42]
  [ 0  0 46 42 40 46]
  [ 0 32  0 52 37 48]
  [ 0 33 31  0 37 35]
  [ 0 37 42 30  0 34]
  [ 0 40 58 43 42  0]]

 [[ 0 30 34 49 40 55]
  [ 0  0 44 42 48 37]
  [ 0 44  0 42 40 37]
  [ 0 38 55  0 31 44]
  [ 0 58 30 32  0 59]
  [ 0 41 51 55 44  0]]

 [[ 0 37 49 52 57 39]
  [ 0  0 52 46 35 37]
  [ 0 59  0 41 54 30]
  [ 0 39 44  0 44 30]
  [ 0 50 33 46  0 48]
  [ 0 58 36 36 44  0]]

 [[ 0 46 57 32 54 58]
  [ 0  0 31 46 56 36]
  [ 0 39  0 46 37 30]
  [ 0 41 38  0 31 41]
  [ 0 47 35 49  0 59]
  [ 0 56 31 43 54  0]]]
 delivery_times
 [[  0 194 198 176 191 192 171 184 177 191 185 187 185 192 185 199 187 188
  184 181 194 174 190 194 196 177 186 178 195 193 183 174 171 177 195 179
  179 172 196 185 173]
 [  0 182 175 189 190 183 180 180 183 175 172 177 187 183 180 174 178 181
  176 184 174 174 194 198 191 188 176 198 177 179 199 182 189 182 175 196
  173 187 184 189 193]
 [  0 172 194 176 193 172 199 185 199 192 180 188 189 190 171 197 186 177
  178 197 185 193 189 193 180 197 198 196 187 195 178 192 188 198 185 195
  194 198 177 183 170]
 [  0 177 199 189 179 176 186 185 189 197 187 185 185 192 183 197 178 181
  196 175 172 171 196 196 180 181 172 183 181 186 180 198 191 195 183 185
  190 177 188 184 175]
 [  0 186 191 194 181 179 185 199 172 192 195 177 193 196 194 179 175 178
  172 190 183 174 176 192 195 197 173 190 192 181 191 196 180 196 173 195
  181 184 177 175 180]]
 job2fam
 [[1 0 0 0 0 0 0 0 0 0 0 0 0 0 0 0 0 0 0 0 0 0 0 0 0 0 0 0 0 0 0 0 0 0 0 0
  0 0 0 0 0]
 [0 0 0 0 0 0 0 0 0 0 0 0 1 0 1 0 0 0 1 0 0 0 0 0 0 0 1 0 0 0 0 0 0 0 0 0
  0 0 1 0 0]
 [0 0 1 0 0 1 0 1 1 1 0 0 0 0 0 0 0 1 0 0 0 0 1 0 1 0 0 0 0 0 0 0 0 0 0 0
  0 0 0 0 1]
 [0 0 0 0 0 0 0 0 0 0 1 0 0 0 0 0 0 0 0 0 1 0 0 0 0 0 0 0 1 1 0 0 1 0 1 1
  1 0 0 1 0]
 [0 0 0 1 0 0 0 0 0 0 0 1 0 1 0 1 0 0 0 0 0 1 0 0 0 0 0 1 0 0 1 0 0 0 0 0
  0 0 0 0 0]
 [0 1 0 0 1 0 1 0 0 0 0 0 0 0 0 0 1 0 0 1 0 0 0 1 0 1 0 0 0 0 0 1 0 1 0 0
  0 1 0 0 0]]
