params：
 weight-->(1, 10)
 proc_times-->(1, 100)
 setup_times-->(60, 120)
 delivery_times-->(100, 200)
 job_rate-->5.0

start:
alpha_1
5.0
 alpha_2
2.0
 mach
2
 job
10
 fam
3
 weigh
 [[0 1 7 5 3 2 5 6 9 6 1]]
 proc_times
 [[ 0  7 46 33 47 94 43 71 60 13 60]
 [ 0 38 49 26 62 69  5 10 69 85 82]]
 setup_times
 [[[  0  82  81 116]
  [  0   0  98  69]
  [  0 114   0 111]
  [  0  71 103   0]]

 [[  0  99  84  83]
  [  0   0  91  62]
  [  0 119   0  73]
  [  0  84 117   0]]]
 delivery_times
 [[  0 179 140 138 102 137 124 138 103 158 138]
 [  0 144 190 166 148 159 122 139 188 162 147]]
 job2fam
 [[1 0 0 0 0 0 0 0 0 0 0]
 [0 0 0 0 0 0 0 1 0 0 1]
 [0 1 1 1 0 0 0 0 0 0 0]
 [0 0 0 0 1 1 1 0 1 1 0]]
