params：
 weight-->(1, 10)
 proc_times-->(1, 100)
 setup_times-->(30, 60)
 delivery_times-->(100, 200)
 job_rate-->8

start:
alpha_1
8
 alpha_2
1.0
 mach
5
 job
40
 fam
5
 weigh
 [[0 3 7 6 1 2 2 2 9 9 9 8 6 2 2 3 2 6 3 8 6 6 6 4 1 3 6 2 1 7 1 9 8 6 4 3
  1 9 6 1 1]]
 proc_times
 [[ 0  6 82 37 73 78  9 33  4 99 63 37 78 95  3  2 10 39 60 80  7 52 87 36
  46 63 76 61 54 20 28  2 27 17 69 84 18 21 53 58 89]
 [ 0 19 89 65 29 73 87  3 41 53 65  5  4 63 71 82 91 34  5 69 30 97 16 21
  21 21 97 47 16 72 94  8 58 38  2 86 82 46 52 86 20]
 [ 0 28  3 59 17 24 11 23 98 99 98 75 85  1 74 15 13 59 26 25 88 93  4 47
  27 10 94 65 82 57 15 24 78 74 60 32  2 47 90 41 34]
 [ 0 88 16 69 73 40 18 45 21 55 60 87 47 54 24 83 38 71 45 26 36  4 56 68
  98 98  1 65 28 39  9 81 52 49 84 90 90 78 45 46 72]
 [ 0 62 31 30 25 93 66 71 54 54 50 79 13 99 26 52 83  4 10  7 77 58 31 61
  21 63 70  9  2 10 25 81 57 55 54 49  5  8 50  1 64]]
 setup_times
 [[[ 0 33 56 49 31 55]
  [ 0  0 43 33 41 39]
  [ 0 53  0 55 51 49]
  [ 0 45 58  0 50 49]
  [ 0 43 43 59  0 38]
  [ 0 41 52 36 37  0]]

 [[ 0 37 42 56 37 30]
  [ 0  0 48 47 57 57]
  [ 0 49  0 47 36 30]
  [ 0 44 58  0 52 41]
  [ 0 44 37 35  0 52]
  [ 0 59 49 55 49  0]]

 [[ 0 52 36 48 56 54]
  [ 0  0 46 33 30 31]
  [ 0 52  0 33 48 32]
  [ 0 40 59  0 39 35]
  [ 0 52 41 38  0 38]
  [ 0 33 53 41 53  0]]

 [[ 0 53 39 54 31 42]
  [ 0  0 46 54 55 47]
  [ 0 32  0 50 55 48]
  [ 0 34 51  0 43 45]
  [ 0 51 48 34  0 37]
  [ 0 56 50 31 42  0]]

 [[ 0 53 43 40 48 42]
  [ 0  0 58 37 33 50]
  [ 0 31  0 59 31 54]
  [ 0 45 36  0 36 43]
  [ 0 57 53 54  0 49]
  [ 0 43 36 49 40  0]]]
 delivery_times
 [[  0 196 138 158 189 163 140 105 125 116 155 132 152 103 165 143 165 198
  105 113 176 111 171 104 183 109 198 195 155 196 198 182 160 192 190 106
  137 139 132 123 147]
 [  0 102 154 129 101 147 128 119 156 152 137 115 193 121 155 120 158 131
  129 188 148 110 111 101 191 176 186 184 130 128 176 161 100 107 151 190
  181 124 153 187 168]
 [  0 168 141 152 131 115 147 128 185 112 157 166 187 140 166 115 166 109
  185 137 195 184 168 144 155 189 189 161 114 141 132 108 161 111 135 116
  105 102 172 153 175]
 [  0 112 162 152 146 141 158 115 146 120 165 110 168 117 176 158 100 140
  148 163 176 160 170 112 156 124 144 166 120 198 122 117 117 155 155 162
  184 116 115 182 188]
 [  0 126 140 153 162 100 112 185 181 198 121 154 164 188 128 127 148 140
  107 144 167 131 160 108 137 141 115 110 128 199 142 178 174 191 148 179
  110 128 122 146 109]]
 job2fam
 [[1 0 0 0 0 0 0 0 0 0 0 0 0 0 0 0 0 0 0 0 0 0 0 0 0 0 0 0 0 0 0 0 0 0 0 0
  0 0 0 0 0]
 [0 0 0 0 0 0 0 0 0 0 0 0 1 0 1 0 0 0 1 0 0 0 0 0 0 0 1 0 0 0 0 0 0 0 0 0
  0 0 1 0 0]
 [0 0 1 0 0 1 0 1 1 1 0 0 0 0 0 0 0 1 0 0 0 0 1 0 1 0 0 0 0 0 0 0 0 0 0 0
  0 0 0 0 1]
 [0 0 0 0 0 0 0 0 0 0 1 0 0 0 0 0 0 0 0 0 1 0 0 0 0 0 0 0 1 1 0 0 1 0 1 1
  1 0 0 1 0]
 [0 0 0 1 0 0 0 0 0 0 0 1 0 1 0 1 0 0 0 0 0 1 0 0 0 0 0 1 0 0 1 0 0 0 0 0
  0 0 0 0 0]
 [0 1 0 0 1 0 1 0 0 0 0 0 0 0 0 0 1 0 0 1 0 0 0 1 0 1 0 0 0 0 0 1 0 1 0 0
  0 1 0 0 0]]
