params：
 weight-->(1, 10)
 proc_times-->(1, 100)
 setup_times-->(60, 120)
 delivery_times-->(100, 200)
 job_rate-->5.0

start:
alpha_1
5.0
 alpha_2
2.0
 mach
2
 job
10
 fam
3
 weigh
 [[0 9 4 3 4 5 1 7 7 3 5]]
 proc_times
 [[ 0 93 29 54  2 78 11 15 13 60 35]
 [ 0 35 62 42 67 43 48 80 63 90 50]]
 setup_times
 [[[  0 105  66 104]
  [  0   0  87  86]
  [  0 102   0  74]
  [  0  76  89   0]]

 [[  0 101  61  89]
  [  0   0  99  75]
  [  0  93   0  89]
  [  0  85  85   0]]]
 delivery_times
 [[  0 165 116 179 131 186 127 126 165 132 175]
 [  0 146 186 177 147 185 171 141 114 129 157]]
 job2fam
 [[1 0 0 0 0 0 0 0 0 0 0]
 [0 0 0 0 0 0 0 1 0 0 1]
 [0 1 1 1 0 0 0 0 0 0 0]
 [0 0 0 0 1 1 1 0 1 1 0]]
