params：
 weight-->(1, 10)
 proc_times-->(1, 100)
 setup_times-->(60, 120)
 delivery_times-->(1, 100)
 job_rate-->8

start:
alpha_1
8
 alpha_2
2.0
 mach
5
 job
40
 fam
5
 weigh
 [[0 6 6 9 8 7 9 2 6 1 5 7 2 8 3 5 3 4 4 9 6 1 8 3 7 3 6 8 5 6 8 7 7 5 5 4
  6 4 3 7 3]]
 proc_times
 [[  0  97  23  50   6  33  41  60  33  79  26  78  69  62  73  59  67  13
   83  63  47  37  98  53  81  87  26   1  35  23  54  29  89  25   5   5
   80  53  26  41  88]
 [  0  99  60  41  98  30   9  20  13   4 100  36  84  36  90  83  33  40
   88  13  97  17  31   8  56   6  34  41  78  38  39   9  86  36  68  34
   17  88  25   1  98]
 [  0  85  18  54  58   1  57  92  32  31   4  86  80  83  65  85  44  26
   33  58  11  46  22  11  20  93  86  11  41  11  73  78  60  90   7  60
    8  42 100   9  32]
 [  0  47  14  23  97  75  76  84  14  88  67  45  89  95  16  13  76  49
   42  56   9  50  42  79  87  20  71  18  10  17  48  80  94  72   6  55
   31  37  30  83  91]
 [  0  62  37  71  83  24  24  29  45  73  17  38  61  31  65  12  91  80
   45  59  48  60  10  62  25   7  41  87  22   7  48  49  14  11  35  35
   42  61  53  76  46]]
 setup_times
 [[[  0  80  61  80 114  73]
  [  0   0  72  75  88  73]
  [  0  64   0  67  86  68]
  [  0  77 102   0  75 106]
  [  0  65 110  99   0  93]
  [  0  83  64  84  69   0]]

 [[  0  85 113  60  73  91]
  [  0   0 113  95  92  67]
  [  0 118   0  95 112  69]
  [  0  96  66   0 116  99]
  [  0  99  67 110   0  86]
  [  0  98  87  70 111   0]]

 [[  0  86  93 105  95 106]
  [  0   0  68  98  94 108]
  [  0  74   0  62  66  88]
  [  0  63  69   0 107 109]
  [  0 100  64 118   0  82]
  [  0 100 106  99  84   0]]

 [[  0  65  82  96  69  85]
  [  0   0  99  85 110  72]
  [  0  70   0  80 118  94]
  [  0 115 107   0 100 100]
  [  0 108 100  93   0  86]
  [  0  73  93  94 110   0]]

 [[  0  79  73 114  95  71]
  [  0   0  69  86 107  64]
  [  0  73   0  61  62 106]
  [  0 116  71   0  62  61]
  [  0  91 108 116   0  71]
  [  0 103  97  64  93   0]]]
 delivery_times
 [[ 0 31 20 29 96  8 95 12 31 64 61 53  1 74 40 72 50 89 24 30 92 96 53 62
  38 49 70 69  5 92 25 78 87 41 80 45 57 45 37 97 49]
 [ 0 85 16 11 63 46 14 54 36 98 47 66  4  5 80 41  2 59 58  5  2  2 75 55
  49  9 35  2 44 92 29 28 86 51 11 38 43  4 45 59 50]
 [ 0 17 38 98  1 58 69 81  2 97 25 11 34 20  5 87 30 37  5  2 54 51  6 93
  82 43 29 49 56 85 19 74 46 16  8 63 57 36 78 94 77]
 [ 0 87 85 30 13 40 71 69 96 69 91  6 82 84 32 44 31 18 39 75 88 16 15 97
  65  9 13 83 93 84  6 18 90 34 98 77 55 30 48 42 49]
 [ 0 50  8 71 82 79 54 62 34 99 36 43 40 85 71 11 62 16 10 98  9 82  5 34
  89 99 92 73 23 12 50 55 33 96 10 57 15 40  6 99 45]]
 job2fam
 [[1 0 0 0 0 0 0 0 0 0 0 0 0 0 0 0 0 0 0 0 0 0 0 0 0 0 0 0 0 0 0 0 0 0 0 0
  0 0 0 0 0]
 [0 0 0 0 0 0 0 0 0 0 0 0 1 0 1 0 0 0 1 0 0 0 0 0 0 0 1 0 0 0 0 0 0 0 0 0
  0 0 1 0 0]
 [0 0 1 0 0 1 0 1 1 1 0 0 0 0 0 0 0 1 0 0 0 0 1 0 1 0 0 0 0 0 0 0 0 0 0 0
  0 0 0 0 1]
 [0 0 0 0 0 0 0 0 0 0 1 0 0 0 0 0 0 0 0 0 1 0 0 0 0 0 0 0 1 1 0 0 1 0 1 1
  1 0 0 1 0]
 [0 0 0 1 0 0 0 0 0 0 0 1 0 1 0 1 0 0 0 0 0 1 0 0 0 0 0 1 0 0 1 0 0 0 0 0
  0 0 0 0 0]
 [0 1 0 0 1 0 1 0 0 0 0 0 0 0 0 0 1 0 0 1 0 0 0 1 0 1 0 0 0 0 0 1 0 1 0 0
  0 1 0 0 0]]
