params：
 weight-->(1, 10)
 proc_times-->(1, 100)
 setup_times-->(30, 60)
 delivery_times-->(1, 30)
 job_rate-->8

start:
alpha_1
8
 alpha_2
1.0
 mach
5
 job
40
 fam
5
 weigh
 [[0 5 5 7 7 5 6 8 5 9 7 9 5 1 8 4 3 7 8 7 1 6 8 8 9 8 9 8 9 2 6 3 5 4 4 5
  6 6 1 5 6]]
 proc_times
 [[  0  71  84  26  13  79  90  98  31  84  92  35  84   5  84  27  44  79
   12  22  85  67  73  94   9  56  93  42  83  65  82   1 100  30  57  86
   66  70  71  68  54]
 [  0  16  38  40   9   2  59  51  78  35  45  34  62  88  88  31   4  31
   37  43  38  56  81  19  49  15  53  55  97  31  79  85 100  75  85   8
  100  50  63  59  71]
 [  0  29  52  95  34  58  14  53   3   7  23 100   8  23  30  54   6   8
   69  79  69  13  32  68  19  92  75  39  91  11  66  72  17  43   7  98
   59  13  54  49  95]
 [  0  10  97  47  19  27  39  42  10  52  42  72  71  50  20  75   6   7
   63  13  69  33  18  71  72   6  49  49  28  26   3  23  48  50  44   7
   71  58  52  36  27]
 [  0   5  32  96  16  48   8  73  46  78  32  88  40  21  82  89  30  95
   32  77  23  97   6  20  21   1  28   6   2  31   9   8  44   6  59  34
   37  13  54  53  83]]
 setup_times
 [[[ 0 45 45 43 31 54]
  [ 0  0 40 35 47 41]
  [ 0 31  0 49 44 48]
  [ 0 51 40  0 58 59]
  [ 0 55 30 37  0 44]
  [ 0 30 54 32 56  0]]

 [[ 0 59 39 59 51 38]
  [ 0  0 53 44 56 32]
  [ 0 51  0 51 45 59]
  [ 0 59 52  0 42 45]
  [ 0 55 55 45  0 59]
  [ 0 44 54 38 33  0]]

 [[ 0 45 34 30 56 35]
  [ 0  0 39 50 49 46]
  [ 0 40  0 35 33 35]
  [ 0 51 32  0 51 53]
  [ 0 55 30 45  0 48]
  [ 0 33 47 55 30  0]]

 [[ 0 42 30 34 47 40]
  [ 0  0 51 51 59 31]
  [ 0 54  0 52 52 36]
  [ 0 53 53  0 33 52]
  [ 0 45 37 31  0 37]
  [ 0 36 34 43 41  0]]

 [[ 0 47 59 40 57 52]
  [ 0  0 36 52 48 43]
  [ 0 50  0 59 40 34]
  [ 0 34 57  0 43 59]
  [ 0 53 33 34  0 46]
  [ 0 58 43 46 41  0]]]
 delivery_times
 [[ 0 10  2  6  2 21 25 24 23 26 16 23 17 26 20 24 28 12  8 25 24 11 22  5
  12  6  6  8 26 29 29 25 17 28 27 11 17 16 20 28  8]
 [ 0  4 13 25  2 15  3 29 26 15 19 14  9 10 25 28 18  5 14  1 23 15 28 17
   9 19 24 25 12 29  1 28 17 25  9 25  6  7 22 20 10]
 [ 0 29 29 17 11  7  6  4 27 21  1 14 21 15  9 16 10  6 19 16 22  9 13 22
   4  6 29 28  3 16  2 10  9 15 13 18  8  3 28 26 19]
 [ 0  3 17 22 26 19 16  5 10 22 22 14 25  7 16 17 24  6 26 10 11 29  5 11
   4 18 19 27  9 14 10  1 12 10 21 16 18 28 24 25  6]
 [ 0 11  2 28  7 15 28  6  5 14  1  8 19 28 29 23  2  9  8 22 16 24 12 25
  12 23 25 13 25 17 27 24  7 19 18 18  6 18 14  2 19]]
 job2fam
 [[1 0 0 0 0 0 0 0 0 0 0 0 0 0 0 0 0 0 0 0 0 0 0 0 0 0 0 0 0 0 0 0 0 0 0 0
  0 0 0 0 0]
 [0 0 0 0 0 0 0 0 0 0 0 0 1 0 1 0 0 0 1 0 0 0 0 0 0 0 1 0 0 0 0 0 0 0 0 0
  0 0 1 0 0]
 [0 0 1 0 0 1 0 1 1 1 0 0 0 0 0 0 0 1 0 0 0 0 1 0 1 0 0 0 0 0 0 0 0 0 0 0
  0 0 0 0 1]
 [0 0 0 0 0 0 0 0 0 0 1 0 0 0 0 0 0 0 0 0 1 0 0 0 0 0 0 0 1 1 0 0 1 0 1 1
  1 0 0 1 0]
 [0 0 0 1 0 0 0 0 0 0 0 1 0 1 0 1 0 0 0 0 0 1 0 0 0 0 0 1 0 0 1 0 0 0 0 0
  0 0 0 0 0]
 [0 1 0 0 1 0 1 0 0 0 0 0 0 0 0 0 1 0 0 1 0 0 0 1 0 1 0 0 0 0 0 1 0 1 0 0
  0 1 0 0 0]]
