params：
 weight-->(1, 10)
 proc_times-->(1, 100)
 setup_times-->(30, 60)
 delivery_times-->(170, 200)
 job_rate-->8

start:
alpha_1
8
 alpha_2
1.0
 mach
5
 job
40
 fam
8
 weigh
 [[0 2 4 7 2 8 4 9 9 4 8 8 7 3 9 9 7 2 7 2 7 9 2 7 3 4 6 2 8 8 5 6 9 6 1 4
  1 3 1 6 2]]
 proc_times
 [[ 0 43 80 42 25 57 92 73 47 65  7 31  9 77 79 50 27 99 16 90 44 44 65 23
  52 70 28 96 57 37 39 74 14 11 92 11 18  4 39 96 13]
 [ 0 90  8 60 89 27 37 69 78 54 65 84 25 11 88 45 55 62 36 60 36 36 35  7
  87 18 58 22 63 47  2  3 76 80 16  3 30 79 32 53 80]
 [ 0  4 64 53 66 45 19 74 98 88 55 86 72 55 69 29 80 45 78 53 18 45 92 86
  47 46 68 40 50 88 86 63 76 15 72 87 95 36 61 42 81]
 [ 0 14 22 44 81 69 34 91 29 14 99 32 42 94 33 47 23 65 31 78 47 17 49 53
  44 58 18 66  2 21 37 11 93 94 93  7 28 81 19 70 94]
 [ 0 85 59 14 46 61 32 27 46 85 59 62 34 29 31  7 71 13 39 47 38 88 71 76
  53 11 57 10 10 82 72 61 82 49 78 23 80 10 16 43 28]]
 setup_times
 [[[ 0 52 51 49 39 45 53 48 38]
  [ 0  0 31 35 52 33 52 49 45]
  [ 0 55  0 57 50 54 51 51 49]
  [ 0 32 46  0 39 36 30 31 44]
  [ 0 33 48 39  0 37 46 38 50]
  [ 0 44 54 59 59  0 59 59 55]
  [ 0 30 58 32 36 57  0 53 36]
  [ 0 33 40 43 40 57 49  0 48]
  [ 0 46 37 56 56 41 42 57  0]]

 [[ 0 58 55 38 42 50 55 46 52]
  [ 0  0 47 43 46 36 46 48 39]
  [ 0 34  0 56 36 41 34 50 57]
  [ 0 45 33  0 47 39 41 46 45]
  [ 0 56 59 46  0 49 32 59 35]
  [ 0 42 51 35 31  0 40 44 36]
  [ 0 39 54 30 59 31  0 35 55]
  [ 0 41 43 53 43 47 30  0 33]
  [ 0 57 48 40 53 37 52 34  0]]

 [[ 0 31 56 46 43 30 49 48 32]
  [ 0  0 47 52 59 51 45 47 54]
  [ 0 38  0 54 46 47 57 36 46]
  [ 0 37 53  0 40 36 34 56 43]
  [ 0 51 37 34  0 51 49 48 31]
  [ 0 49 58 52 38  0 48 37 38]
  [ 0 57 43 49 57 49  0 59 53]
  [ 0 53 41 37 53 59 58  0 47]
  [ 0 56 34 46 43 32 37 54  0]]

 [[ 0 47 42 53 48 58 56 30 42]
  [ 0  0 35 52 57 53 52 37 30]
  [ 0 57  0 52 59 59 42 41 42]
  [ 0 44 30  0 42 31 50 40 59]
  [ 0 46 54 38  0 38 47 37 50]
  [ 0 46 56 56 58  0 55 48 58]
  [ 0 40 35 54 56 56  0 30 52]
  [ 0 44 34 37 51 36 35  0 32]
  [ 0 52 50 40 36 44 33 48  0]]

 [[ 0 52 44 59 31 53 33 50 38]
  [ 0  0 44 53 55 59 59 47 40]
  [ 0 47  0 32 36 59 44 48 54]
  [ 0 40 56  0 32 52 30 38 40]
  [ 0 33 52 57  0 44 37 52 37]
  [ 0 32 38 52 39  0 38 32 50]
  [ 0 57 43 39 36 38  0 30 43]
  [ 0 51 37 39 31 45 48  0 50]
  [ 0 35 39 58 49 37 38 59  0]]]
 delivery_times
 [[  0 178 184 193 196 198 190 185 172 194 194 197 171 174 189 190 188 195
  197 197 186 185 171 175 187 181 196 185 181 173 179 170 194 198 195 197
  191 199 199 182 178]
 [  0 192 171 178 173 178 171 189 183 181 171 195 170 171 170 170 172 195
  188 191 175 193 172 184 181 182 180 175 190 178 195 181 194 182 186 198
  181 173 176 181 190]
 [  0 193 180 199 173 199 194 173 175 187 198 179 192 190 174 193 190 174
  195 192 195 188 183 183 182 183 181 186 177 191 189 184 194 190 198 193
  177 193 185 184 181]
 [  0 178 173 185 181 186 195 191 189 174 199 185 188 173 177 188 179 182
  197 176 189 181 183 196 187 175 177 177 181 199 177 170 199 199 193 190
  192 198 179 188 171]
 [  0 199 192 183 191 189 185 179 184 193 192 186 177 193 181 170 180 173
  171 174 180 195 176 190 181 182 172 180 188 181 171 192 184 186 174 173
  192 173 176 192 198]]
 job2fam
 [[1 0 0 0 0 0 0 0 0 0 0 0 0 0 0 0 0 0 0 0 0 0 0 0 0 0 0 0 0 0 0 0 0 0 0 0
  0 0 0 0 0]
 [0 0 1 0 0 0 0 0 0 0 1 0 1 0 0 0 0 1 0 0 0 0 0 0 0 0 0 0 0 0 0 0 0 0 0 0
  0 0 0 0 0]
 [0 0 0 0 0 0 0 1 0 1 0 0 0 0 1 0 0 0 0 1 0 0 0 0 0 0 0 0 0 0 0 0 0 0 0 1
  0 0 1 0 0]
 [0 0 0 0 0 0 0 0 0 0 0 0 0 1 0 0 0 0 0 0 0 0 0 0 1 0 0 0 0 1 0 0 0 0 1 0
  0 0 0 0 0]
 [0 0 0 0 0 0 0 0 0 0 0 0 0 0 0 0 0 0 0 0 0 1 0 1 0 0 0 0 1 0 0 0 0 0 0 0
  0 0 0 1 1]
 [0 0 0 0 0 0 0 0 0 0 0 0 0 0 0 0 0 0 0 0 0 0 1 0 0 0 0 1 0 0 1 0 0 1 0 0
  0 1 0 0 0]
 [0 0 0 1 0 0 0 0 0 0 0 1 0 0 0 0 0 0 0 0 1 0 0 0 0 0 0 0 0 0 0 0 0 0 0 0
  0 0 0 0 0]
 [0 1 0 0 1 0 0 0 0 0 0 0 0 0 0 0 1 0 1 0 0 0 0 0 0 1 1 0 0 0 0 0 0 0 0 0
  0 0 0 0 0]
 [0 0 0 0 0 1 1 0 1 0 0 0 0 0 0 1 0 0 0 0 0 0 0 0 0 0 0 0 0 0 0 1 1 0 0 0
  1 0 0 0 0]]
