params：
 weight-->(1, 10)
 proc_times-->(1, 100)
 setup_times-->(60, 120)
 delivery_times-->(1, 100)
 job_rate-->8

start:
alpha_1
8
 alpha_2
2.0
 mach
5
 job
40
 fam
8
 weigh
 [[0 7 9 8 5 3 4 8 3 2 6 8 8 7 8 6 1 5 3 4 5 1 6 9 3 5 2 2 9 1 4 5 9 1 5 8
  3 9 5 9 2]]
 proc_times
 [[  0  89  41  37  42  40  36  63  13  81  34  33  22   9  35  76  85  26
   75  17  11  32  47 100  27  79  45  55  14  19   6  80  38  37  57  66
   66  28  18  28  36]
 [  0  48  16  27  38   1  58  64  89  16  50  46  77  24  15  99  77  77
   22  47  77   8  73  20  74 100  72  43  71   4  95  72  85   7  53  51
   69  46  75  70  55]
 [  0  96  15  10  73  27  90  79  72  42  50  39  74  96  31  96  76  66
   20  66  66  52  80  14  91  94  34  40  85  45  16   3   6  80  95   7
   80  62  83   4  67]
 [  0  69   8  48  89  27  67  77  74  31 100  11  67  40  98  91  61   6
   39  26  87  57  94  48  60  97  58  50  71  57  67  49   3  53  54  75
   94  55  52  19  87]
 [  0   9  77  25  99  16  89  15  20  12  12  80  98  27  44  94  94  27
   86  85  77  23   1  82  89  19  36  38  23  27  45  35  67  82  92  51
   43  56  42  87  63]]
 setup_times
 [[[  0  74  73  92  76  69  97 107  82]
  [  0   0  93 105  71 119  95 118  81]
  [  0 105   0  97  65 106  92 102  94]
  [  0  97  72   0 103  98  92 116  66]
  [  0 101  60  66   0  61  95  65  91]
  [  0  94  82  94 109   0 114  65  79]
  [  0  98 115 109  76 106   0 116  85]
  [  0  69 102  75 117  66  72   0  77]
  [  0 108 117 100  81 119 113 117   0]]

 [[  0 102  98 117  90  68  99  96  66]
  [  0   0  63  82  63  70  87  80  84]
  [  0 101   0 104 111  72  82 104  75]
  [  0 113  92   0 103  87  87 103  91]
  [  0  64 107  73   0  92  70 102 102]
  [  0  72 101  71  66   0  94 101 101]
  [  0  82  63 117  78  68   0 113 112]
  [  0 119  75  94  76  64  74   0 102]
  [  0  90 110  76  64 109  70 110   0]]

 [[  0  78 119  72  65  92  65 119  92]
  [  0   0  96  75  94 115  68  82 100]
  [  0  73   0 111  96  81 103 109  97]
  [  0  67 104   0 118  63  96  66 106]
  [  0 102 112 110   0  62  75 105  81]
  [  0  82 111 109  88   0 119 111 115]
  [  0  70 106  91 115  64   0  84  77]
  [  0  79 102  76 105  99 105   0  73]
  [  0  60 108 113  65 119 104 100   0]]

 [[  0  89 119  87  71  66 119  87  96]
  [  0   0  76  62 106  69  98  83  65]
  [  0  85   0 116 119  91  90  77  61]
  [  0 100 110   0  64  72 105  72  95]
  [  0  86 116  85   0 110 113  74 103]
  [  0  83  64  63  83   0 114  80  66]
  [  0 107  66  85 110  84   0  98  68]
  [  0 100  79  86 104  84 113   0 112]
  [  0  74  68  79 119 106  62 108   0]]

 [[  0 104  97  83  62  60  64  81  90]
  [  0   0 105 106  78  66  88 119  67]
  [  0 105   0  70 100  80 119 110 100]
  [  0 103  84   0 116 112  98 114  68]
  [  0 109  99  72   0  76  61 107  60]
  [  0 110  94 116 113   0 108 108  94]
  [  0  63  68 117  91  68   0 108  74]
  [  0 105  65  66  70  75  97   0 113]
  [  0 109 106  61  66  92  68  90   0]]]
 delivery_times
 [[ 0 32 53 90 13  5 45 18  5 51 48 59 42 26 37  7 66 27 47 44  7 35 48  3
   3  4 47 18 78 61 85 12 47 14 73 17 27 38 25 91 23]
 [ 0 30 99 31  7 42 64 39 20 11 30 16 17 67 53 98 53 99 78 76 50 27 10 57
   5 62 75 65 20 58 42 48 63 10  6 23 36 11 39 59 31]
 [ 0 99 47 93 54 54  7 64 13 75 64 92 59 99 90 46 81 67 47 67  7 46 34  9
  94 31 33 70 88  6 51 96 87 43 21 72 99 30 85  5 12]
 [ 0 97 99  2 38 68 71 65 52 73  9 27 76 59 61 21 54 60 19 70 67 53 96 11
  50 55  7 77 70 65 55 29 31 80 21 59 57 89 15 36 94]
 [ 0 60  1  1 71 53 37 64 66 91 77 41 96  4 15 23 85 85 42 64 44 94 62 26
   7 43 27  2 95 66  3 24  6 85 45 60 65 28 30 76 98]]
 job2fam
 [[1 0 0 0 0 0 0 0 0 0 0 0 0 0 0 0 0 0 0 0 0 0 0 0 0 0 0 0 0 0 0 0 0 0 0 0
  0 0 0 0 0]
 [0 0 1 0 0 0 0 0 0 0 1 0 1 0 0 0 0 1 0 0 0 0 0 0 0 0 0 0 0 0 0 0 0 0 0 0
  0 0 0 0 0]
 [0 0 0 0 0 0 0 1 0 1 0 0 0 0 1 0 0 0 0 1 0 0 0 0 0 0 0 0 0 0 0 0 0 0 0 1
  0 0 1 0 0]
 [0 0 0 0 0 0 0 0 0 0 0 0 0 1 0 0 0 0 0 0 0 0 0 0 1 0 0 0 0 1 0 0 0 0 1 0
  0 0 0 0 0]
 [0 0 0 0 0 0 0 0 0 0 0 0 0 0 0 0 0 0 0 0 0 1 0 1 0 0 0 0 1 0 0 0 0 0 0 0
  0 0 0 1 1]
 [0 0 0 0 0 0 0 0 0 0 0 0 0 0 0 0 0 0 0 0 0 0 1 0 0 0 0 1 0 0 1 0 0 1 0 0
  0 1 0 0 0]
 [0 0 0 1 0 0 0 0 0 0 0 1 0 0 0 0 0 0 0 0 1 0 0 0 0 0 0 0 0 0 0 0 0 0 0 0
  0 0 0 0 0]
 [0 1 0 0 1 0 0 0 0 0 0 0 0 0 0 0 1 0 1 0 0 0 0 0 0 1 1 0 0 0 0 0 0 0 0 0
  0 0 0 0 0]
 [0 0 0 0 0 1 1 0 1 0 0 0 0 0 0 1 0 0 0 0 0 0 0 0 0 0 0 0 0 0 0 1 1 0 0 0
  1 0 0 0 0]]
