params：
 weight-->(1, 10)
 proc_times-->(1, 100)
 setup_times-->(15, 30)
 delivery_times-->(100, 200)
 job_rate-->8

start:
alpha_1
8
 alpha_2
0.5
 mach
5
 job
40
 fam
8
 weigh
 [[0 8 9 6 3 5 5 8 7 8 7 1 3 3 6 5 4 1 3 2 1 5 5 6 1 3 2 2 1 3 2 3 6 8 3 4
  8 8 7 7 9]]
 proc_times
 [[  0  57  18  36  52  17  90  20  32  72  99   6   3  70  92   2  46  72
   58  54  75  79  51  29  30  12  40   7  97  97   7  99  36  46  89  34
   76  73  76  85  31]
 [  0  23  44  70  21  40  70   3  48  11  97  66  97  16  38  40  51  14
   58  71  30  73  75  76  28  52  65  99  51  89  81  11  85  76  27  87
   75  27  47  13  93]
 [  0   7  43  56  55  56  21  13  50  79  41  73  19  27   3  88  51  53
   17  73  86  80  19  91  34  98  41  32   7  42  13  31  50  57  68  13
   38 100  76  99  43]
 [  0  72  72  83  12  34  63  40   1  11  43  26  14  34  98  41  79  43
   24  90  63  23   8  61  97  36  22  68  97  89  35  64  49  32  41  69
   13  98  22  32  51]
 [  0  58 100  52  33  57  67  94  62  42  20   6  98   9   1  28  45  53
   38  83  50 100  74  98  28  44  82  37  35  73  78   6   3  56  42  64
   76   9  71  85  95]]
 setup_times
 [[[ 0 19 24 24 22 15 26 24 21]
  [ 0  0 26 18 26 22 23 25 20]
  [ 0 21  0 27 20 29 22 15 15]
  [ 0 25 22  0 18 27 15 17 21]
  [ 0 19 28 25  0 18 26 15 29]
  [ 0 27 17 16 19  0 18 24 15]
  [ 0 17 22 15 20 22  0 29 16]
  [ 0 25 26 24 17 20 25  0 19]
  [ 0 20 19 16 28 24 29 26  0]]

 [[ 0 26 27 29 15 29 23 21 16]
  [ 0  0 26 17 25 20 28 20 18]
  [ 0 19  0 23 18 26 19 21 28]
  [ 0 22 17  0 22 29 27 28 21]
  [ 0 21 18 15  0 19 21 20 19]
  [ 0 23 24 20 17  0 19 18 22]
  [ 0 18 29 29 18 15  0 26 18]
  [ 0 24 28 27 25 22 21  0 26]
  [ 0 24 18 16 23 15 26 23  0]]

 [[ 0 15 26 25 26 20 16 22 23]
  [ 0  0 17 17 26 17 25 17 20]
  [ 0 29  0 24 22 16 29 24 17]
  [ 0 21 19  0 15 24 17 21 16]
  [ 0 25 17 25  0 27 21 17 23]
  [ 0 26 17 16 16  0 21 27 25]
  [ 0 27 19 22 15 15  0 21 29]
  [ 0 24 28 20 20 28 29  0 28]
  [ 0 19 28 29 24 20 19 26  0]]

 [[ 0 18 19 24 23 21 21 27 24]
  [ 0  0 23 22 18 22 23 23 20]
  [ 0 17  0 18 18 28 23 24 15]
  [ 0 23 19  0 26 26 27 24 22]
  [ 0 18 15 15  0 20 25 22 23]
  [ 0 17 20 18 22  0 23 29 28]
  [ 0 26 21 17 24 20  0 23 19]
  [ 0 29 15 23 26 16 28  0 18]
  [ 0 24 21 18 16 17 23 21  0]]

 [[ 0 24 20 22 26 17 28 28 29]
  [ 0  0 16 20 26 17 24 23 26]
  [ 0 16  0 28 20 20 20 29 18]
  [ 0 21 15  0 16 15 15 24 18]
  [ 0 25 20 27  0 28 24 29 19]
  [ 0 22 18 28 17  0 29 24 25]
  [ 0 26 22 28 15 15  0 26 24]
  [ 0 16 16 27 21 27 26  0 18]
  [ 0 16 26 18 15 25 17 21  0]]]
 delivery_times
 [[  0 185 116 149 199 188 113 131 157 128 150 119 125 154 153 171 100 137
  112 145 182 103 116 179 158 126 106 161 127 183 105 106 191 171 194 151
  106 184 165 121 199]
 [  0 110 189 150 196 162 176 182 126 143 163 132 194 193 196 192 145 100
  103 100 158 160 131 120 173 136 111 163 128 166 194 170 157 154 108 172
  100 103 162 153 165]
 [  0 151 194 114 163 178 186 139 126 120 138 142 130 144 168 114 172 157
  156 129 183 154 108 108 158 197 143 153 105 128 139 132 133 125 129 194
  163 133 137 148 104]
 [  0 160 195 159 144 192 149 118 163 131 173 150 110 159 116 183 166 100
  149 133 110 163 189 175 186 176 122 188 131 117 134 145 105 134 180 127
  186 139 151 136 140]
 [  0 140 159 152 100 171 121 146 139 190 153 176 190 123 106 150 127 164
  187 168 195 100 198 134 157 147 102 160 167 174 142 136 143 116 185 185
  135 157 147 163 196]]
 job2fam
 [[1 0 0 0 0 0 0 0 0 0 0 0 0 0 0 0 0 0 0 0 0 0 0 0 0 0 0 0 0 0 0 0 0 0 0 0
  0 0 0 0 0]
 [0 0 1 0 0 0 0 0 0 0 1 0 1 0 0 0 0 1 0 0 0 0 0 0 0 0 0 0 0 0 0 0 0 0 0 0
  0 0 0 0 0]
 [0 0 0 0 0 0 0 1 0 1 0 0 0 0 1 0 0 0 0 1 0 0 0 0 0 0 0 0 0 0 0 0 0 0 0 1
  0 0 1 0 0]
 [0 0 0 0 0 0 0 0 0 0 0 0 0 1 0 0 0 0 0 0 0 0 0 0 1 0 0 0 0 1 0 0 0 0 1 0
  0 0 0 0 0]
 [0 0 0 0 0 0 0 0 0 0 0 0 0 0 0 0 0 0 0 0 0 1 0 1 0 0 0 0 1 0 0 0 0 0 0 0
  0 0 0 1 1]
 [0 0 0 0 0 0 0 0 0 0 0 0 0 0 0 0 0 0 0 0 0 0 1 0 0 0 0 1 0 0 1 0 0 1 0 0
  0 1 0 0 0]
 [0 0 0 1 0 0 0 0 0 0 0 1 0 0 0 0 0 0 0 0 1 0 0 0 0 0 0 0 0 0 0 0 0 0 0 0
  0 0 0 0 0]
 [0 1 0 0 1 0 0 0 0 0 0 0 0 0 0 0 1 0 1 0 0 0 0 0 0 1 1 0 0 0 0 0 0 0 0 0
  0 0 0 0 0]
 [0 0 0 0 0 1 1 0 1 0 0 0 0 0 0 1 0 0 0 0 0 0 0 0 0 0 0 0 0 0 0 1 1 0 0 0
  1 0 0 0 0]]
