params：
 weight-->(1, 10)
 proc_times-->(1, 100)
 setup_times-->(60, 120)
 delivery_times-->(100, 200)
 job_rate-->8

start:
alpha_1
8
 alpha_2
2.0
 mach
5
 job
40
 fam
8
 weigh
 [[0 5 8 1 3 7 4 8 6 4 6 1 4 7 1 8 3 1 4 8 7 7 4 2 4 7 4 6 1 1 2 6 3 6 7 6
  5 1 9 3 6]]
 proc_times
 [[ 0 18 56 65 33 97 97  7 33 21 32 70 23 48 19 34 41 86 49 49  8 99 51 74
  46 21 38 45 39 63 87 50 65 80 89 50 48 98 33 76 90]
 [ 0 49 78 68 42 97 20 30 17  5 91 62 77 34 90 64 72 57 73 65 40 25 24 16
  49 16 49  1 48 66 78 99 66 17 55 80 24 12  1 18 11]
 [ 0 46  1  5 29 27 15 39  5 23 20 34 42 68 42 62 46  1 89 55 31 89 46 77
  19 68 35 24  9 83 86 56 64 26 88 92  9 96  8 56 61]
 [ 0  1 20 21 35 54 12 73 99 81 42 67 12 74 25 23 78  6 79 73 50 26 76 49
  42 31 82  6 45 38  8 52 84 54 67 32 80 91 61 34 78]
 [ 0 38 71 43 44  5  1 34 18 95 87 29 71 52 57 90 78 84 28 20 48 53  6 10
  85 27 53 19 47 70 76 66 23 35 18 22 92 30 80 19 64]]
 setup_times
 [[[  0  60  93 119  98 103  79  76  65]
  [  0   0 114 107 114  79  66  91  87]
  [  0  63   0  84  90  95 103 114  68]
  [  0 107  81   0  84  95 112  78 113]
  [  0 106 101  95   0  88 105  77  79]
  [  0  67 104  61  88   0  75  78  77]
  [  0  95 107  95  90  73   0 110  70]
  [  0 105 116  85 116  90 108   0 105]
  [  0  84 117  96  77 100  77  96   0]]

 [[  0 111 105  93  62 108 102  86  65]
  [  0   0  80 115  60 100  97  62  84]
  [  0 116   0  93 109 113  72  89  77]
  [  0  88 114   0  76 109 115  78 119]
  [  0 114  68  60   0  93  72  94  82]
  [  0 109  66 115  61   0  90  70 111]
  [  0 119  64 103  81  82   0  79  68]
  [  0  66  96 119  75  60  69   0  87]
  [  0  80 104  73 104  66  68 106   0]]

 [[  0  64  98 110  98 112  69  96 113]
  [  0   0  76  99 113 101 103 107  69]
  [  0  97   0  83 118  68  75  65  69]
  [  0 105 108   0  96  74 107  95 109]
  [  0  74  96 103   0  76  63  60  87]
  [  0  63  70 118  83   0  76 100  79]
  [  0 118  76  85  64  61   0 102 113]
  [  0  98 108  64 106 115 111   0  88]
  [  0  98  92  62  72  95  76  96   0]]

 [[  0  61 106  91 104  73  68  90  96]
  [  0   0 101 109  78  88  85 102 114]
  [  0  62   0 119  95  94 100  80  67]
  [  0  60  69   0  82  64 111  87  63]
  [  0  69 109 109   0 104  84  86 115]
  [  0  97  71  75  85   0  99 111  94]
  [  0 102  60  71 116  88   0 100  98]
  [  0  63  69 115  92  83  69   0 119]
  [  0 117  86 106  69  85  96  93   0]]

 [[  0  95  89 108  73  65  68 119  84]
  [  0   0 109  99  95  76  63  81  86]
  [  0  86   0 106 117  61 118  63  77]
  [  0  67  74   0  74 105  65 117 118]
  [  0  83  87  72   0  67 116 118  88]
  [  0  80  69 102  92   0  71  63  92]
  [  0  84  87  67  73  68   0  80  63]
  [  0 105  84  60 106  93 107   0  67]
  [  0  81 117  65  75 110 102 114   0]]]
 delivery_times
 [[  0 135 178 101 140 113 164 125 180 137 138 106 130 134 144 183 127 198
  114 106 176 169 139 126 190 105 178 180 139 178 194 150 101 113 129 185
  112 197 146 182 181]
 [  0 181 114 128 129 116 151 164 183 133 104 166 148 118 148 184 102 145
  152 152 121 153 187 108 161 187 161 150 140 174 191 186 122 155 196 185
  164 166 131 141 113]
 [  0 168 194 183 191 134 158 140 110 149 105 178 132 126 199 190 114 187
  135 104 124 130 178 151 176 127 125 163 184 188 183 185 109 127 118 107
  160 171 143 166 153]
 [  0 188 172 104 197 118 123 193 142 145 167 133 185 178 124 101 180 176
  155 152 161 172 112 114 151 108 127 171 113 137 144 148 122 193 196 188
  171 142 180 116 103]
 [  0 134 104 195 116 180 134 186 176 162 195 167 145 154 168 171 107 120
  117 182 198 191 179 197 171 169 101 176 117 133 127 122 139 175 185 124
  137 103 101 194 174]]
 job2fam
 [[1 0 0 0 0 0 0 0 0 0 0 0 0 0 0 0 0 0 0 0 0 0 0 0 0 0 0 0 0 0 0 0 0 0 0 0
  0 0 0 0 0]
 [0 0 1 0 0 0 0 0 0 0 1 0 1 0 0 0 0 1 0 0 0 0 0 0 0 0 0 0 0 0 0 0 0 0 0 0
  0 0 0 0 0]
 [0 0 0 0 0 0 0 1 0 1 0 0 0 0 1 0 0 0 0 1 0 0 0 0 0 0 0 0 0 0 0 0 0 0 0 1
  0 0 1 0 0]
 [0 0 0 0 0 0 0 0 0 0 0 0 0 1 0 0 0 0 0 0 0 0 0 0 1 0 0 0 0 1 0 0 0 0 1 0
  0 0 0 0 0]
 [0 0 0 0 0 0 0 0 0 0 0 0 0 0 0 0 0 0 0 0 0 1 0 1 0 0 0 0 1 0 0 0 0 0 0 0
  0 0 0 1 1]
 [0 0 0 0 0 0 0 0 0 0 0 0 0 0 0 0 0 0 0 0 0 0 1 0 0 0 0 1 0 0 1 0 0 1 0 0
  0 1 0 0 0]
 [0 0 0 1 0 0 0 0 0 0 0 1 0 0 0 0 0 0 0 0 1 0 0 0 0 0 0 0 0 0 0 0 0 0 0 0
  0 0 0 0 0]
 [0 1 0 0 1 0 0 0 0 0 0 0 0 0 0 0 1 0 1 0 0 0 0 0 0 1 1 0 0 0 0 0 0 0 0 0
  0 0 0 0 0]
 [0 0 0 0 0 1 1 0 1 0 0 0 0 0 0 1 0 0 0 0 0 0 0 0 0 0 0 0 0 0 0 1 1 0 0 0
  1 0 0 0 0]]
