params：
 weight-->(1, 10)
 proc_times-->(1, 100)
 setup_times-->(60, 120)
 delivery_times-->(1, 30)
 job_rate-->8

start:
alpha_1
8
 alpha_2
2.0
 mach
5
 job
40
 fam
8
 weigh
 [[0 6 5 7 6 5 3 4 2 2 9 4 3 6 1 1 9 8 9 5 3 8 1 6 1 1 3 7 9 1 2 2 3 9 5 4
  5 3 6 4 8]]
 proc_times
 [[  0  48  72  87  20  60   3  95  26  69   9  34   6  44  43  50  63  85
   36  91  25  68  64  46   4   5  23  94  14  13  70  62  41  24  19  12
   70  86  36  60  92]
 [  0  45  67  81  77  14  25  97   9  45  85  38  27  64  29  44  63  66
   27  22   6  47  31   4  70  25  72  33  12  21  31  27  16  10  40  38
   42  77  78  43  37]
 [  0  30  65  79  81  69  95  28  58  17  25   8  62  41  88  32  42  48
    3  58  36  81  94  72  68  73  97  87   2  25  93  90  68  67  79  78
  100  27   4  98  72]
 [  0  38  67  43  52  51  29   2  80   3  92  34   5  85  77   5  66  95
   21  23  32  62  35  57  36  39  66   4  83  23  38  36  25  86  81  48
   54  38   8  41  66]
 [  0   1  99  55  61  88  12  61  24  80  95   8  17  43  92  66  63  26
  100  70  98  55  57  76  27  46  10  88  50  47  66  20  25  11  80  31
   18  61  91  71  33]]
 setup_times
 [[[  0  99  84 103  76 108 102 116 101]
  [  0   0 106  76 103  89  97 118  89]
  [  0  68   0 103  90  67 102 109  68]
  [  0  96  92   0  81  72 114  93  73]
  [  0 111  92  83   0  83  93 102  96]
  [  0  99  63  69  81   0  91  82  73]
  [  0  86  65  95  91 111   0  96  93]
  [  0  83  89  83  62  95  75   0  80]
  [  0  60  73  88 100  89  99  81   0]]

 [[  0  84  63  72 119  82 102  61  79]
  [  0   0  86  62 111  68 108  75  94]
  [  0  82   0  64  73  71 103 112 105]
  [  0  82 103   0  63  96  75 101  77]
  [  0 102 115  86   0  62 100  93 108]
  [  0  85 102 101 111   0  65 113  99]
  [  0 102 101 105 105  62   0  99 115]
  [  0  77 113  69  97 103  98   0 109]
  [  0  69  91  64  65  98  90  65   0]]

 [[  0  97  79  79 102  67  94 117  67]
  [  0   0 119  90 111  91  60  77 110]
  [  0  61   0 117  92  81  87 115 112]
  [  0  63 110   0 117  88  69 102  72]
  [  0  70  93  87   0  90  66 101  97]
  [  0 119  96 102 105   0 112  73  61]
  [  0 117  83  86  76  84   0  82  94]
  [  0 118  84  73 115  62  64   0  68]
  [  0  64 117 117 104  95  80  64   0]]

 [[  0  89  92  93  98 119 104  70  79]
  [  0   0 112  60  89  99 116  98  62]
  [  0 105   0  77  94 114  79 112  80]
  [  0  62  78   0  66  77  80  95  99]
  [  0  86 109  76   0 108  68  81  98]
  [  0  95  93  85 105   0  61  87  62]
  [  0  61 112  94 118 107   0  86  61]
  [  0  65  79  60  64  79  92   0  77]
  [  0  79  89 119  82  91  98 107   0]]

 [[  0  86  66  73  85 110 115  89 109]
  [  0   0  82  62 102 111  92  77 111]
  [  0  77   0 102  91  71  87  79  92]
  [  0 115 110   0  70  78  99  87 118]
  [  0 107  64 107   0 118 111 118  96]
  [  0  80 101  69 114   0 103 112 113]
  [  0  78  61  88 115 104   0  71 104]
  [  0  91  99 113 117  65  67   0  71]
  [  0 118  93  80  92 100  78 110   0]]]
 delivery_times
 [[ 0  1 23 28  5  5 21  6  3  5 11 25 28 16 16  9 26 28 12 21 15  9 10 12
   3 15 25 13 20 11  5 27 11  9  7  4  8 15 16 19 17]
 [ 0 11 21 13 24  9 11 28 19  3 28 11  5 13 21 19 26 17 18 16  3 18  3 14
   3 11  7 19 20 22  6 19 20 22 26 20 17  8 21  1  3]
 [ 0  6 29 10 21 20 25 13 17 11 19 16 25  7 26 26 18 17  8 13 27 20 24 26
  26 16  7 18 18 18 23 18 19 26 28 28 27 10  7  8 26]
 [ 0 22 15 13  5  8 19  4 20 18  1 27  9 19 15 23 14 13  1 25 17  1  8 14
  13 19  8 15  8 25 29  4  5 27 29 15 12 16  7 21  3]
 [ 0  8 15 10  4 19  9 21 28  4 24 23 12 24 28  6 21 20 12 29 16  3  5  5
   2 11 29 19  1 12 29 24 24 10 15 11 21  5 12  6  3]]
 job2fam
 [[1 0 0 0 0 0 0 0 0 0 0 0 0 0 0 0 0 0 0 0 0 0 0 0 0 0 0 0 0 0 0 0 0 0 0 0
  0 0 0 0 0]
 [0 0 1 0 0 0 0 0 0 0 1 0 1 0 0 0 0 1 0 0 0 0 0 0 0 0 0 0 0 0 0 0 0 0 0 0
  0 0 0 0 0]
 [0 0 0 0 0 0 0 1 0 1 0 0 0 0 1 0 0 0 0 1 0 0 0 0 0 0 0 0 0 0 0 0 0 0 0 1
  0 0 1 0 0]
 [0 0 0 0 0 0 0 0 0 0 0 0 0 1 0 0 0 0 0 0 0 0 0 0 1 0 0 0 0 1 0 0 0 0 1 0
  0 0 0 0 0]
 [0 0 0 0 0 0 0 0 0 0 0 0 0 0 0 0 0 0 0 0 0 1 0 1 0 0 0 0 1 0 0 0 0 0 0 0
  0 0 0 1 1]
 [0 0 0 0 0 0 0 0 0 0 0 0 0 0 0 0 0 0 0 0 0 0 1 0 0 0 0 1 0 0 1 0 0 1 0 0
  0 1 0 0 0]
 [0 0 0 1 0 0 0 0 0 0 0 1 0 0 0 0 0 0 0 0 1 0 0 0 0 0 0 0 0 0 0 0 0 0 0 0
  0 0 0 0 0]
 [0 1 0 0 1 0 0 0 0 0 0 0 0 0 0 0 1 0 1 0 0 0 0 0 0 1 1 0 0 0 0 0 0 0 0 0
  0 0 0 0 0]
 [0 0 0 0 0 1 1 0 1 0 0 0 0 0 0 1 0 0 0 0 0 0 0 0 0 0 0 0 0 0 0 1 1 0 0 0
  1 0 0 0 0]]
