params：
 weight-->(1, 10)
 proc_times-->(1, 100)
 setup_times-->(60, 120)
 delivery_times-->(1, 30)
 job_rate-->8

start:
alpha_1
8
 alpha_2
2.0
 mach
5
 job
40
 fam
12
 weigh
 [[0 9 1 1 9 8 1 7 5 2 6 2 9 1 2 7 1 1 1 9 2 5 2 1 2 6 9 7 1 6 2 7 5 2 6 7
  6 5 3 5 8]]
 proc_times
 [[  0  11   9  61  70  59  41  97  34  36  24  15  69   4  25   7  36  57
   73  27  59  62  59  85  29  18   1  84  31  75  24  50  20  67  48  28
   41   2   1  40  38]
 [  0  17  73  90  29  84  52  48  77  61  15  75  93  30  98  34  48  10
    9  61  54  59  72  60  56  73  22   1  17  42  26  55  10  35  92  11
   34  82  57  50  82]
 [  0  21  17  41   6  21  26 100  30  67  98  15  76  16  81  60  20  92
   23  25  20  70  87  27  60  57  92  13  96  56  51  88  35  17  64  70
   85  92   8  13  61]
 [  0  53  80  63  97  44  62  22   4  86  89  30  92  35  79  35  56   8
   15  69  48  60  24  93  82  70  81  49  15  86  81  15  57  64  17  87
   90  11  37  83  33]
 [  0  33  62  24  90  41  80  83   1  80  25  17  38   9  48  57  44  94
   22  88  50  69   3  24  91  64  85  63  37   9   7  94  69  73  85  21
   51  20   3  79  71]]
 setup_times
 [[[  0  83  72  79  98  68  75 119  76  83 109  97  97]
  [  0   0 113  60 111  88  73  85 108  66  86  69  64]
  [  0  94   0 101  93  73  89  86  62  60  91  79  93]
  [  0 106 119   0  99  74 115  86 116 113  85  89 115]
  [  0  96  86  87   0  96  66  62 118 108  89 117 115]
  [  0  70  84  98  64   0 110  76 108  91 119  98 112]
  [  0  66  73  89  95  77   0  70 117 101  99 117  62]
  [  0 102  82  82  87  64 115   0  69  97 115  84  92]
  [  0  61  75  86  91  84  65  93   0  76 114  93  61]
  [  0 110  70  60 113  70  90 117  90   0 102  64 109]
  [  0 115  64  95  96 119  76  85  90  64   0  75 115]
  [  0  69 100 110  64 114  60 100  97  85 118   0  87]
  [  0 116  71  90 102  93  94 109 107 117  80 102   0]]

 [[  0 114 114  64  93 111  93  90  61  60 112  67 101]
  [  0   0  74 101  61  74  69  75 119  67  92  81  80]
  [  0  73   0 110 106  90  97  79 110  87  69  69  87]
  [  0 109  67   0 105  62  60  68 119  61  69  90  60]
  [  0  68 117  74   0  80 116  60 116 105 100 111 109]
  [  0 109  91  77  67   0  73 102  78 110  94 108  69]
  [  0  89  77  99  71  63   0  68 117 119  64  75 113]
  [  0 109  87  93  78 105  75   0  65  78  68  89  77]
  [  0 105  99  79  66 116  79 103   0 115  73 111  86]
  [  0  80  62 117  72 100  90  84  91   0 116  74  69]
  [  0  62  62 112 101 110 102  65 117  71   0  79  63]
  [  0  82  61  81  84 118  78 111 101  69  92   0  71]
  [  0  91  85  93 103  66 108 118 109 104  94  99   0]]

 [[  0  88 111  60 108 116  81  91  73 103 109  62 117]
  [  0   0 110  78  70  99  97 117 103  66  78  85  67]
  [  0  96   0 116 111  70  85  93  90 110 118 100  82]
  [  0  78  64   0 100  87  96  90  95 104 111 104  88]
  [  0  91  75  64   0 104  64  65  64  85  83 112 108]
  [  0  79  67  91  82   0 110 106 105 100 109  83  74]
  [  0  95  92  71  98  78   0  70 102  76  92  87 106]
  [  0  84 103  94 113  80 116   0  84  77 100  88  75]
  [  0  65  69  60  60  97  85  65   0  73  99  73  60]
  [  0  65  83  65  74  71  83  76  60   0  90 108  71]
  [  0  78  95  82  92  95  84  69  81  62   0 106  63]
  [  0  68  75 102  88  82 113 104  79 119  97   0  74]
  [  0 100  99 100  78  62 109  81  60  69  99  72   0]]

 [[  0  84  85  73 102 116  87  80  67  94  96 104 105]
  [  0   0  98 107  74 117  65  91  79  81  64  95  94]
  [  0  82   0 118  95  90 105 103  83  62 102  84  67]
  [  0  90  91   0  70  90  71  83  60  80 103 109  64]
  [  0  60  88  93   0 109 109 115 117 105 118  94 111]
  [  0  95  86  77  66   0 106 114  73 112  66 107  77]
  [  0  79 112  76  88  87   0  93  79  98  87  85  96]
  [  0  73 109  76  84  69 111   0  66 119  74  61  86]
  [  0  80 100  84  97  85 106  60   0 105 114 110  64]
  [  0 109 116  82  69 106  91 110  84   0 114 118  70]
  [  0  62  67 109 108  70 108  62  68  84   0 118  68]
  [  0  92  70  62 102  70 110 106  89  82  92   0  69]
  [  0  85 109  74 108  61  80 106  86  97 113  97   0]]

 [[  0 107  95  98  90 116  88  95 100  90 118  93  62]
  [  0   0  80  63  95  73  85 118  79 115  71  68  92]
  [  0  60   0  67 113  85  95  68 115  91  71 108  72]
  [  0  75  99   0  87 114 102  87  68  83  81  70  87]
  [  0  74 117  84   0  70  60  87 116  78  65  96 114]
  [  0  86  79 116  79   0  66  82  64  93  87  66 113]
  [  0 107  61  78 105 119   0  86  90 104 106 111 105]
  [  0  79  85  64 105  92  87   0  75  64  85  66  79]
  [  0  95 119  92 108  76  84  91   0  74  89  79 115]
  [  0  86  76  99 115 102  69 108 103   0  73  82  89]
  [  0  63  65  69  85  66  67  73  68 104   0  78  77]
  [  0 106  76  80 109  94  75 112  63 108  72   0 100]
  [  0  91  93  68 116 118  90  94  73 101  79 119   0]]]
 delivery_times
 [[ 0  1 11 25 26 17 26  9  4 13 10 10 11  8 23 20  6 29 14  4 24 16 11  2
   1 26 27  4 21 16 11 17  1 28  9 29  3 23  9 20  5]
 [ 0 21 11 19 11 28 14 27 11 13 19  9 29  4  4  4  7 22 20 26 24 15 27 18
  15  4  3 27 15 11 28 13 13  1 27 11  7 23  2 16 29]
 [ 0 15  1 21  6  7 10 25  3  7 19 17 23 21  1 16 10 24 20 23  5 28  4  3
  15 16  7 28  7 20  5  8 15 12 20  7  4  1 24 14 20]
 [ 0  7 29  9  4 13 26  5  3 28 25  5 15  5  9 21  7 28  1  1 16  1 10  3
  20  4  4  9 22 17  4 26 16 15  4 22 20  6 13  3 26]
 [ 0 15 15 12 18 21 20 11 17 17 26  8  3 12  7  8 12 20 23 28 16 25  4 24
   2 28 22  1 20 28 12  5 11 13  4 28  4 15 19 22 18]]
 job2fam
 [[1 0 0 0 0 0 0 0 0 0 0 0 0 0 0 0 0 0 0 0 0 0 0 0 0 0 0 0 0 0 0 0 0 0 0 0
  0 0 0 0 0]
 [0 0 0 0 0 0 0 0 0 0 1 1 1 0 0 0 0 0 0 0 0 0 0 0 0 0 0 0 0 0 0 0 0 0 0 1
  0 0 0 0 0]
 [0 0 0 0 0 0 0 1 0 0 0 0 0 0 0 0 0 0 0 0 0 0 0 0 0 0 0 0 0 0 0 0 0 1 0 0
  0 0 0 0 0]
 [0 0 0 0 0 0 0 0 0 1 0 0 0 0 0 0 0 0 1 0 0 0 0 1 0 0 0 0 0 1 0 0 0 0 0 0
  0 0 0 0 0]
 [0 0 0 0 0 0 0 0 1 0 0 0 0 0 0 0 0 0 0 0 0 1 0 0 0 0 0 0 0 0 0 0 0 0 0 0
  0 0 0 0 0]
 [0 0 0 1 0 0 0 0 0 0 0 0 0 0 0 0 0 0 0 0 0 0 0 0 1 0 0 0 0 0 0 0 0 0 0 0
  0 1 0 0 0]
 [0 0 0 0 0 0 1 0 0 0 0 0 0 0 0 0 1 0 0 0 1 0 0 0 0 0 0 0 0 0 0 0 0 0 0 0
  0 0 1 0 0]
 [0 0 0 0 0 0 0 0 0 0 0 0 0 0 1 0 0 0 0 0 0 0 0 0 0 1 0 0 0 0 1 0 1 0 0 0
  0 0 0 1 0]
 [0 0 0 0 0 1 0 0 0 0 0 0 0 0 0 0 0 0 0 0 0 0 0 0 0 0 0 0 0 0 0 0 0 0 0 0
  0 0 0 0 0]
 [0 0 0 0 0 0 0 0 0 0 0 0 0 0 0 1 0 0 0 0 0 0 1 0 0 0 0 0 0 0 0 0 0 0 0 0
  0 0 0 0 0]
 [0 0 0 0 0 0 0 0 0 0 0 0 0 0 0 0 0 1 0 1 0 0 0 0 0 0 1 0 0 0 0 1 0 0 0 0
  0 0 0 0 0]
 [0 0 1 0 1 0 0 0 0 0 0 0 0 0 0 0 0 0 0 0 0 0 0 0 0 0 0 0 1 0 0 0 0 0 1 0
  1 0 0 0 0]
 [0 1 0 0 0 0 0 0 0 0 0 0 0 1 0 0 0 0 0 0 0 0 0 0 0 0 0 1 0 0 0 0 0 0 0 0
  0 0 0 0 1]]
