params：
 weight-->(1, 10)
 proc_times-->(1, 100)
 setup_times-->(15, 30)
 delivery_times-->(170, 200)
 job_rate-->8

start:
alpha_1
8
 alpha_2
0.5
 mach
5
 job
40
 fam
12
 weigh
 [[0 2 3 9 7 4 5 5 7 4 2 1 3 1 2 7 1 1 7 6 3 3 4 6 5 1 4 9 1 1 8 8 8 4 4 1
  4 8 1 4 8]]
 proc_times
 [[  0  51  66  41  91   2  81   6  91  28  49  75  28  87   2  65  69  74
   96  54  69   2  24  55  13 100  29  88  61  90 100  32  49  89  65  63
   84  64  52  87   1]
 [  0  56  89  21  95  67   6  74  87  35  57   1  28  75  99  88  89  75
   84  19  69  76   6  18  45  18  45  41  68   2  80  35  93  82  61   2
   20   4  23  68  90]
 [  0  23  82  85  16  74  58  93  72  99  98  39  81  40  68  95  19  65
   72  25  96  16  39  32  13  13  32  94  41  55  36  14  44  52  94  67
   26   9   3  71  78]
 [  0  18  43  97  61  47  72  70  25  77  65  40   3  13  56   3  42  66
   51  32  98  39  10  35  55  46  79  66  93  16  73  60 100  68 100  88
   92  76  23  18  15]
 [  0  94  39  57  45  87  18  65  22  94  14   2  30  56  37  18  37  67
   20  91   8  83  93  86  63  44  93  80  16  49  99  91  55  40  58  35
   11  11  16  27  72]]
 setup_times
 [[[ 0 17 26 20 16 28 15 27 25 21 20 21 22]
  [ 0  0 26 15 16 17 22 16 18 18 22 27 16]
  [ 0 28  0 23 19 27 19 16 24 24 15 17 21]
  [ 0 23 23  0 24 20 17 21 17 29 19 16 19]
  [ 0 23 27 28  0 25 22 25 24 28 15 18 20]
  [ 0 29 21 19 16  0 26 16 23 19 29 28 15]
  [ 0 22 28 25 25 21  0 20 19 18 28 28 29]
  [ 0 28 17 15 24 21 28  0 15 25 27 17 15]
  [ 0 20 26 24 21 19 17 15  0 19 20 19 24]
  [ 0 26 17 21 27 26 19 28 27  0 29 20 16]
  [ 0 17 16 19 16 19 26 25 15 20  0 24 28]
  [ 0 20 27 26 18 18 16 25 19 22 29  0 24]
  [ 0 19 26 17 29 19 28 16 23 18 18 17  0]]

 [[ 0 15 15 23 29 17 24 19 21 18 15 19 27]
  [ 0  0 27 28 24 25 20 15 26 26 29 23 24]
  [ 0 21  0 25 21 19 26 26 23 22 23 23 15]
  [ 0 20 24  0 17 29 22 27 15 22 21 19 19]
  [ 0 28 19 28  0 23 15 25 24 29 20 17 29]
  [ 0 19 28 24 16  0 22 16 26 25 27 23 23]
  [ 0 24 23 17 20 28  0 21 17 17 19 15 24]
  [ 0 28 16 29 18 17 18  0 15 17 25 21 29]
  [ 0 17 25 29 18 21 15 15  0 29 28 19 18]
  [ 0 23 19 27 29 25 23 21 29  0 25 24 28]
  [ 0 20 23 24 25 21 23 26 23 27  0 20 23]
  [ 0 24 18 22 18 28 24 28 15 22 22  0 27]
  [ 0 18 15 25 22 16 16 26 21 29 20 23  0]]

 [[ 0 22 18 21 17 27 25 15 28 24 18 20 25]
  [ 0  0 24 24 24 16 19 29 25 26 19 17 22]
  [ 0 19  0 18 25 22 20 22 25 15 24 16 22]
  [ 0 27 29  0 21 19 24 19 23 27 24 26 26]
  [ 0 18 24 28  0 29 26 23 25 26 28 23 23]
  [ 0 26 18 22 21  0 17 20 18 29 29 24 29]
  [ 0 28 16 18 16 29  0 22 24 19 24 25 27]
  [ 0 20 16 17 29 20 27  0 23 26 25 27 26]
  [ 0 27 20 26 23 25 25 21  0 28 17 23 15]
  [ 0 25 17 17 24 29 26 18 21  0 24 19 18]
  [ 0 18 19 29 16 18 18 22 28 15  0 27 19]
  [ 0 26 29 20 18 18 22 27 15 23 24  0 16]
  [ 0 22 19 28 24 28 20 26 18 24 27 18  0]]

 [[ 0 25 19 17 28 28 17 28 23 16 17 27 16]
  [ 0  0 24 15 21 22 19 23 17 19 27 29 23]
  [ 0 22  0 25 22 22 24 22 29 26 22 24 20]
  [ 0 20 24  0 28 17 22 19 26 19 23 21 21]
  [ 0 28 15 17  0 25 27 17 26 27 27 19 16]
  [ 0 20 20 15 15  0 17 17 20 20 22 20 19]
  [ 0 18 24 22 23 28  0 16 25 23 23 19 23]
  [ 0 26 15 24 23 21 27  0 18 18 25 23 25]
  [ 0 27 23 15 21 26 28 28  0 20 19 25 29]
  [ 0 16 18 27 20 16 22 25 24  0 18 26 24]
  [ 0 17 26 24 21 24 27 27 22 21  0 21 20]
  [ 0 22 20 23 21 27 22 23 18 24 22  0 21]
  [ 0 21 18 24 21 27 20 26 27 15 19 24  0]]

 [[ 0 15 28 17 22 27 15 15 22 26 22 27 17]
  [ 0  0 17 17 15 24 20 18 18 21 21 23 19]
  [ 0 25  0 16 18 29 25 25 29 26 25 16 25]
  [ 0 19 26  0 26 26 26 17 17 24 22 28 15]
  [ 0 15 27 24  0 26 25 26 23 18 29 17 26]
  [ 0 25 15 28 21  0 29 20 15 25 27 28 22]
  [ 0 26 22 29 15 22  0 21 26 19 25 24 28]
  [ 0 28 26 24 29 19 17  0 27 20 16 22 18]
  [ 0 15 22 28 25 19 16 25  0 17 27 27 24]
  [ 0 16 22 27 23 26 20 15 21  0 27 29 28]
  [ 0 17 26 26 20 29 17 19 22 23  0 27 18]
  [ 0 22 21 29 25 20 16 20 20 20 16  0 25]
  [ 0 28 24 19 21 15 15 21 15 23 15 16  0]]]
 delivery_times
 [[  0 196 188 175 188 181 193 199 192 191 180 182 181 177 172 194 192 178
  181 195 194 187 197 175 192 177 183 189 178 185 184 192 196 174 193 185
  195 182 175 179 184]
 [  0 191 171 170 193 172 196 198 190 186 198 173 171 170 191 187 189 170
  188 188 185 171 185 188 189 171 196 193 198 192 174 187 186 196 188 173
  173 180 187 181 193]
 [  0 185 195 172 195 184 176 185 194 187 194 174 191 197 199 199 196 179
  196 178 180 182 170 174 189 190 183 197 180 193 177 190 174 192 192 184
  195 191 183 196 187]
 [  0 196 195 196 191 187 188 176 185 183 178 190 177 191 173 174 181 176
  175 175 199 189 178 178 180 182 188 195 198 182 195 193 173 179 196 194
  195 179 196 186 193]
 [  0 189 196 179 194 193 183 190 183 183 187 185 177 196 190 182 198 190
  173 198 183 177 190 198 187 193 194 181 173 177 197 179 187 175 185 185
  174 191 190 186 176]]
 job2fam
 [[1 0 0 0 0 0 0 0 0 0 0 0 0 0 0 0 0 0 0 0 0 0 0 0 0 0 0 0 0 0 0 0 0 0 0 0
  0 0 0 0 0]
 [0 0 0 0 0 0 0 0 0 0 1 1 1 0 0 0 0 0 0 0 0 0 0 0 0 0 0 0 0 0 0 0 0 0 0 1
  0 0 0 0 0]
 [0 0 0 0 0 0 0 1 0 0 0 0 0 0 0 0 0 0 0 0 0 0 0 0 0 0 0 0 0 0 0 0 0 1 0 0
  0 0 0 0 0]
 [0 0 0 0 0 0 0 0 0 1 0 0 0 0 0 0 0 0 1 0 0 0 0 1 0 0 0 0 0 1 0 0 0 0 0 0
  0 0 0 0 0]
 [0 0 0 0 0 0 0 0 1 0 0 0 0 0 0 0 0 0 0 0 0 1 0 0 0 0 0 0 0 0 0 0 0 0 0 0
  0 0 0 0 0]
 [0 0 0 1 0 0 0 0 0 0 0 0 0 0 0 0 0 0 0 0 0 0 0 0 1 0 0 0 0 0 0 0 0 0 0 0
  0 1 0 0 0]
 [0 0 0 0 0 0 1 0 0 0 0 0 0 0 0 0 1 0 0 0 1 0 0 0 0 0 0 0 0 0 0 0 0 0 0 0
  0 0 1 0 0]
 [0 0 0 0 0 0 0 0 0 0 0 0 0 0 1 0 0 0 0 0 0 0 0 0 0 1 0 0 0 0 1 0 1 0 0 0
  0 0 0 1 0]
 [0 0 0 0 0 1 0 0 0 0 0 0 0 0 0 0 0 0 0 0 0 0 0 0 0 0 0 0 0 0 0 0 0 0 0 0
  0 0 0 0 0]
 [0 0 0 0 0 0 0 0 0 0 0 0 0 0 0 1 0 0 0 0 0 0 1 0 0 0 0 0 0 0 0 0 0 0 0 0
  0 0 0 0 0]
 [0 0 0 0 0 0 0 0 0 0 0 0 0 0 0 0 0 1 0 1 0 0 0 0 0 0 1 0 0 0 0 1 0 0 0 0
  0 0 0 0 0]
 [0 0 1 0 1 0 0 0 0 0 0 0 0 0 0 0 0 0 0 0 0 0 0 0 0 0 0 0 1 0 0 0 0 0 1 0
  1 0 0 0 0]
 [0 1 0 0 0 0 0 0 0 0 0 0 0 1 0 0 0 0 0 0 0 0 0 0 0 0 0 1 0 0 0 0 0 0 0 0
  0 0 0 0 1]]
