params：
 weight-->(1, 10)
 proc_times-->(1, 100)
 setup_times-->(15, 30)
 delivery_times-->(170, 200)
 job_rate-->8

start:
alpha_1
8
 alpha_2
0.5
 mach
5
 job
40
 fam
12
 weigh
 [[0 6 6 1 1 7 1 9 9 9 8 9 8 6 3 6 3 8 5 6 3 4 1 7 7 3 2 1 2 5 1 3 1 8 5 5
  7 1 8 6 6]]
 proc_times
 [[  0  89  62  15  21  24  92  13  69  26  93  10  58  49  92  78  14  83
   67  82  93  19  83  41  80   1  85  82  91  68   4  88  75  95  75  20
   74   8  39 100  24]
 [  0  89  40  62  56  14  33  79  68  73  11  36  62  49  46  16   9  36
   59  66 100  48  47 100  89  25  60  41  62  36  85  97  49  13  71   5
   39  68  54  22  70]
 [  0  27  50  83  81  32  96  64  51  55  38  11  51  97  40  11  29  94
   77   7  40  54  60  40   6  60  88  88  59  82  39  42  86  74  81  86
    7  87  62  83  15]
 [  0  48   1  44  74  46  60  53  46  67  43  96  62  76   1  67  26  18
   21   9  63  40  37  42  27  44  50  40  35  74  94  26  87  30  17  87
   36  39  50   9  80]
 [  0  92  13  82  57  84  15  99  35   9  63   6  36  65  45  82  20  72
   61  98  97  77   8  85  77  40  16  96  29  47  36  52  54  51  14  99
   92   4   4  25  94]]
 setup_times
 [[[ 0 20 28 18 26 18 26 17 22 27 25 22 20]
  [ 0  0 25 20 16 27 15 26 18 15 24 23 20]
  [ 0 28  0 19 29 19 26 24 18 20 20 18 27]
  [ 0 19 24  0 18 25 16 21 16 29 17 17 24]
  [ 0 29 16 20  0 21 27 16 26 15 16 18 21]
  [ 0 20 15 22 29  0 25 15 25 21 15 21 25]
  [ 0 20 25 24 28 29  0 18 24 24 26 15 25]
  [ 0 20 20 23 15 16 26  0 29 24 16 27 22]
  [ 0 15 17 23 29 24 19 23  0 28 24 17 23]
  [ 0 20 17 23 19 26 23 15 27  0 15 28 24]
  [ 0 16 17 23 28 15 21 23 26 25  0 26 16]
  [ 0 15 29 27 29 26 22 25 24 25 22  0 22]
  [ 0 18 18 29 29 28 26 16 20 24 20 16  0]]

 [[ 0 17 18 15 20 26 20 18 28 24 28 18 26]
  [ 0  0 23 24 26 26 28 25 26 27 25 28 21]
  [ 0 16  0 26 22 18 24 15 22 23 23 29 17]
  [ 0 23 29  0 26 27 17 25 22 15 20 17 19]
  [ 0 29 26 18  0 21 24 20 23 25 24 28 20]
  [ 0 23 19 21 21  0 16 25 29 23 23 22 20]
  [ 0 24 27 26 15 29  0 27 29 15 26 21 27]
  [ 0 27 17 23 18 21 28  0 23 29 17 24 20]
  [ 0 21 23 27 21 25 22 24  0 25 15 17 28]
  [ 0 18 15 19 22 16 26 24 29  0 22 28 21]
  [ 0 22 27 24 21 25 18 23 28 23  0 19 21]
  [ 0 28 21 15 15 16 16 21 18 29 15  0 26]
  [ 0 20 25 23 26 19 28 19 23 26 28 25  0]]

 [[ 0 17 22 27 21 24 18 19 17 26 24 26 19]
  [ 0  0 23 22 29 15 22 18 19 19 25 22 16]
  [ 0 23  0 15 20 23 21 15 21 22 16 16 28]
  [ 0 22 29  0 23 25 20 20 15 17 25 24 15]
  [ 0 29 27 27  0 22 22 19 25 21 20 24 24]
  [ 0 29 19 28 25  0 22 24 15 27 27 21 25]
  [ 0 29 28 21 29 16  0 15 18 19 27 24 28]
  [ 0 25 27 23 21 23 23  0 26 24 28 21 19]
  [ 0 25 24 23 29 20 23 27  0 23 27 15 23]
  [ 0 16 20 25 16 16 29 29 23  0 28 15 23]
  [ 0 19 27 15 15 29 24 17 25 25  0 28 19]
  [ 0 21 25 20 26 22 20 22 18 21 19  0 16]
  [ 0 23 29 25 29 26 25 21 26 18 17 23  0]]

 [[ 0 25 29 20 23 24 24 26 15 18 19 20 25]
  [ 0  0 20 29 16 27 17 16 25 18 17 28 18]
  [ 0 29  0 15 25 26 25 26 19 23 27 19 16]
  [ 0 21 16  0 29 27 22 28 26 26 18 25 27]
  [ 0 15 20 24  0 19 18 28 21 21 28 21 26]
  [ 0 25 15 17 27  0 27 27 20 20 28 27 20]
  [ 0 20 23 26 28 21  0 25 22 28 22 27 27]
  [ 0 21 17 19 20 22 25  0 27 23 15 26 18]
  [ 0 26 25 17 23 15 28 18  0 27 26 22 21]
  [ 0 28 17 15 18 22 27 15 27  0 29 27 21]
  [ 0 27 18 22 17 28 29 18 20 15  0 18 17]
  [ 0 28 26 27 18 25 16 23 24 16 25  0 18]
  [ 0 21 29 22 25 22 26 20 20 17 24 21  0]]

 [[ 0 18 23 15 18 16 15 22 28 27 27 24 16]
  [ 0  0 18 19 15 28 23 23 29 29 18 29 22]
  [ 0 21  0 27 22 27 21 29 18 25 24 20 20]
  [ 0 20 25  0 20 21 20 22 21 24 23 26 15]
  [ 0 15 24 19  0 15 18 17 21 27 16 16 18]
  [ 0 29 20 23 19  0 26 23 15 21 27 29 15]
  [ 0 25 29 18 15 20  0 15 18 24 18 21 16]
  [ 0 25 24 22 26 25 19  0 17 19 29 21 17]
  [ 0 28 17 27 16 18 21 26  0 25 19 27 22]
  [ 0 21 15 22 20 29 22 17 18  0 24 19 24]
  [ 0 22 29 26 29 19 25 17 25 21  0 21 18]
  [ 0 21 15 23 19 25 23 29 22 28 18  0 25]
  [ 0 24 18 18 19 21 25 17 27 25 24 16  0]]]
 delivery_times
 [[  0 170 176 175 184 199 173 170 172 173 174 180 176 171 183 173 181 193
  174 175 175 185 192 181 195 197 174 192 188 172 178 189 177 172 179 170
  178 181 170 182 197]
 [  0 171 186 176 194 184 195 194 172 198 182 170 183 171 170 172 190 173
  193 185 188 171 186 198 185 180 187 185 182 184 178 171 192 183 181 175
  194 184 179 181 180]
 [  0 185 186 191 176 196 170 183 186 178 179 195 177 174 183 193 177 187
  196 184 189 184 184 170 182 174 175 194 198 199 173 180 199 198 179 182
  189 181 191 171 189]
 [  0 196 192 195 177 190 178 187 199 192 178 185 173 186 179 178 182 191
  199 183 189 174 199 175 185 181 199 173 191 178 186 195 184 173 183 182
  172 194 181 172 188]
 [  0 170 186 174 188 196 170 180 184 183 183 173 179 178 198 173 180 198
  192 187 197 186 198 185 171 174 173 183 182 185 182 177 181 197 171 182
  189 173 170 192 174]]
 job2fam
 [[1 0 0 0 0 0 0 0 0 0 0 0 0 0 0 0 0 0 0 0 0 0 0 0 0 0 0 0 0 0 0 0 0 0 0 0
  0 0 0 0 0]
 [0 0 0 0 0 0 0 0 0 0 1 1 1 0 0 0 0 0 0 0 0 0 0 0 0 0 0 0 0 0 0 0 0 0 0 1
  0 0 0 0 0]
 [0 0 0 0 0 0 0 1 0 0 0 0 0 0 0 0 0 0 0 0 0 0 0 0 0 0 0 0 0 0 0 0 0 1 0 0
  0 0 0 0 0]
 [0 0 0 0 0 0 0 0 0 1 0 0 0 0 0 0 0 0 1 0 0 0 0 1 0 0 0 0 0 1 0 0 0 0 0 0
  0 0 0 0 0]
 [0 0 0 0 0 0 0 0 1 0 0 0 0 0 0 0 0 0 0 0 0 1 0 0 0 0 0 0 0 0 0 0 0 0 0 0
  0 0 0 0 0]
 [0 0 0 1 0 0 0 0 0 0 0 0 0 0 0 0 0 0 0 0 0 0 0 0 1 0 0 0 0 0 0 0 0 0 0 0
  0 1 0 0 0]
 [0 0 0 0 0 0 1 0 0 0 0 0 0 0 0 0 1 0 0 0 1 0 0 0 0 0 0 0 0 0 0 0 0 0 0 0
  0 0 1 0 0]
 [0 0 0 0 0 0 0 0 0 0 0 0 0 0 1 0 0 0 0 0 0 0 0 0 0 1 0 0 0 0 1 0 1 0 0 0
  0 0 0 1 0]
 [0 0 0 0 0 1 0 0 0 0 0 0 0 0 0 0 0 0 0 0 0 0 0 0 0 0 0 0 0 0 0 0 0 0 0 0
  0 0 0 0 0]
 [0 0 0 0 0 0 0 0 0 0 0 0 0 0 0 1 0 0 0 0 0 0 1 0 0 0 0 0 0 0 0 0 0 0 0 0
  0 0 0 0 0]
 [0 0 0 0 0 0 0 0 0 0 0 0 0 0 0 0 0 1 0 1 0 0 0 0 0 0 1 0 0 0 0 1 0 0 0 0
  0 0 0 0 0]
 [0 0 1 0 1 0 0 0 0 0 0 0 0 0 0 0 0 0 0 0 0 0 0 0 0 0 0 0 1 0 0 0 0 0 1 0
  1 0 0 0 0]
 [0 1 0 0 0 0 0 0 0 0 0 0 0 1 0 0 0 0 0 0 0 0 0 0 0 0 0 1 0 0 0 0 0 0 0 0
  0 0 0 0 1]]
