params：
 weight-->(1, 10)
 proc_times-->(1, 100)
 setup_times-->(30, 60)
 delivery_times-->(100, 200)
 job_rate-->8

start:
alpha_1
8
 alpha_2
1.0
 mach
5
 job
40
 fam
12
 weigh
 [[0 2 4 8 5 2 9 9 6 7 1 5 8 2 4 8 9 4 8 7 9 8 8 6 6 5 8 9 3 9 2 2 2 3 4 2
  6 1 8 4 1]]
 proc_times
 [[ 0 41 47 78 50 34 48 35 12 82 57 32 28 44 61 43 35 86 21 75 41 62 42 79
  31 95  5 68 68 46  8 44 76  1 88 77 68 62 67 45 62]
 [ 0 43 34 52 72 36 17 47 75 39 48  3 12 32 55 66 49  7 20 66 17  7 17 92
  32 54 45 76 18 18 42 16 93 12 49 30 40 49  5 12 84]
 [ 0 89 26 53 68  8 22 34 43 56 48 80 85 52 86  3 45 27 39 43 34 50 50 94
  71 72 76 85 92 60 85 97 24 72 61 10 32 18 79 26 10]
 [ 0 78 64 95 51 59 69 85 29 96 73  5 69 93 26 84 60 77 37 47 20 49 94 90
  57  2 25 10 83 19 83  8 58 38 20 88 46 79 72 17 76]
 [ 0 76 32 14 58 86 80 58 98 45 79 31 21 76 48 44 18 72 12 75 55 22 22 53
  39 42 78 57 85 15 90 12 66 21 87 68 25 24 90 62 71]]
 setup_times
 [[[ 0 32 40 58 56 33 46 57 42 45 46 58 40]
  [ 0  0 47 46 43 53 50 32 59 39 55 58 47]
  [ 0 43  0 39 58 52 55 57 48 59 34 57 46]
  [ 0 32 42  0 44 45 47 34 47 51 45 48 54]
  [ 0 46 56 57  0 37 36 31 58 57 33 56 52]
  [ 0 33 30 58 52  0 59 32 38 30 49 50 36]
  [ 0 46 45 57 56 35  0 51 32 31 43 38 37]
  [ 0 52 46 40 48 48 50  0 33 47 48 31 58]
  [ 0 46 51 59 39 38 57 52  0 57 32 54 38]
  [ 0 42 32 33 43 32 48 57 40  0 57 33 30]
  [ 0 49 51 42 35 44 58 44 58 48  0 38 52]
  [ 0 58 37 55 57 38 45 52 31 31 30  0 32]
  [ 0 31 38 32 32 41 46 57 32 52 38 48  0]]

 [[ 0 44 59 33 49 50 52 30 49 52 41 42 52]
  [ 0  0 57 53 48 37 42 57 58 38 54 47 37]
  [ 0 51  0 34 32 37 53 59 38 56 52 53 49]
  [ 0 57 35  0 49 37 56 58 37 44 54 39 51]
  [ 0 43 36 47  0 52 57 54 33 49 34 43 57]
  [ 0 32 58 58 57  0 39 42 41 53 56 40 44]
  [ 0 59 58 48 54 47  0 46 42 55 33 50 48]
  [ 0 59 41 47 48 40 57  0 47 56 46 59 42]
  [ 0 58 45 49 59 48 30 59  0 54 54 39 58]
  [ 0 53 35 42 56 54 50 53 44  0 48 32 36]
  [ 0 48 46 33 31 52 59 35 36 39  0 33 43]
  [ 0 51 34 59 31 31 56 51 48 45 37  0 34]
  [ 0 52 56 56 33 43 49 32 59 56 42 49  0]]

 [[ 0 50 49 30 38 58 59 43 31 38 54 42 34]
  [ 0  0 35 50 41 32 50 46 42 39 48 44 51]
  [ 0 58  0 56 55 53 54 45 56 54 43 32 43]
  [ 0 51 49  0 48 52 36 45 55 44 55 49 45]
  [ 0 46 50 56  0 59 42 35 45 56 47 53 55]
  [ 0 44 39 37 55  0 55 33 35 49 37 39 37]
  [ 0 35 52 50 50 38  0 47 34 54 59 48 51]
  [ 0 51 40 55 45 32 57  0 48 44 35 37 39]
  [ 0 58 34 43 53 33 49 55  0 35 57 59 44]
  [ 0 55 42 31 58 53 42 44 57  0 40 55 55]
  [ 0 43 47 31 57 32 39 53 32 45  0 39 49]
  [ 0 46 49 45 33 59 37 37 36 44 54  0 52]
  [ 0 53 38 52 41 54 33 38 31 50 40 49  0]]

 [[ 0 39 59 43 54 37 30 33 52 38 41 47 49]
  [ 0  0 44 40 50 42 37 33 30 31 48 57 31]
  [ 0 58  0 45 36 39 56 46 34 46 56 52 35]
  [ 0 38 58  0 39 44 38 50 44 45 43 40 54]
  [ 0 44 37 34  0 41 45 46 37 32 33 56 48]
  [ 0 57 48 59 38  0 34 44 35 31 50 37 44]
  [ 0 53 39 41 57 43  0 38 51 48 52 39 30]
  [ 0 51 38 40 50 55 58  0 37 56 46 59 40]
  [ 0 59 34 56 34 43 33 59  0 45 41 47 41]
  [ 0 55 37 44 53 32 58 35 50  0 35 50 55]
  [ 0 54 34 45 30 34 32 46 31 54  0 42 45]
  [ 0 39 53 38 40 55 31 40 32 43 49  0 34]
  [ 0 37 45 44 46 41 45 55 38 46 51 33  0]]

 [[ 0 39 44 57 43 55 38 42 54 40 56 37 42]
  [ 0  0 35 41 57 58 41 43 43 50 34 40 42]
  [ 0 48  0 48 30 34 47 59 39 48 36 42 41]
  [ 0 52 51  0 49 50 44 50 34 36 43 30 59]
  [ 0 53 42 44  0 32 31 32 35 50 39 52 45]
  [ 0 54 43 38 48  0 50 39 54 46 52 58 33]
  [ 0 47 31 44 57 59  0 51 33 32 55 56 50]
  [ 0 35 45 51 31 58 30  0 58 44 48 30 57]
  [ 0 45 41 52 37 49 30 49  0 40 59 48 33]
  [ 0 50 36 36 42 58 57 55 36  0 43 45 49]
  [ 0 35 32 59 56 49 44 54 35 30  0 41 33]
  [ 0 49 45 57 58 55 54 47 36 36 55  0 36]
  [ 0 41 38 57 33 33 35 37 43 56 54 35  0]]]
 delivery_times
 [[  0 144 199 168 179 137 155 162 105 139 106 161 122 159 128 127 158 120
  139 122 153 175 116 179 174 104 136 117 117 178 144 106 166 175 119 110
  187 188 117 134 155]
 [  0 186 146 171 122 197 159 144 131 109 129 119 137 104 190 104 192 179
  179 104 118 168 181 125 135 150 182 149 140 184 183 169 116 137 165 123
  185 171 137 137 141]
 [  0 196 165 133 184 189 119 181 164 140 155 159 159 151 121 168 164 165
  184 116 144 107 131 173 112 147 167 177 139 155 142 146 152 147 158 142
  154 168 162 174 139]
 [  0 193 158 141 117 121 192 101 175 167 100 105 171 107 155 121 170 174
  160 100 197 136 164 197 139 139 111 147 153 169 169 190 106 114 110 146
  176 191 173 109 197]
 [  0 137 104 181 105 108 113 177 140 160 159 102 140 198 113 142 134 157
  130 187 132 112 195 107 135 113 123 110 157 190 160 197 158 127 113 111
  129 159 152 147 132]]
 job2fam
 [[1 0 0 0 0 0 0 0 0 0 0 0 0 0 0 0 0 0 0 0 0 0 0 0 0 0 0 0 0 0 0 0 0 0 0 0
  0 0 0 0 0]
 [0 0 0 0 0 0 0 0 0 0 1 1 1 0 0 0 0 0 0 0 0 0 0 0 0 0 0 0 0 0 0 0 0 0 0 1
  0 0 0 0 0]
 [0 0 0 0 0 0 0 1 0 0 0 0 0 0 0 0 0 0 0 0 0 0 0 0 0 0 0 0 0 0 0 0 0 1 0 0
  0 0 0 0 0]
 [0 0 0 0 0 0 0 0 0 1 0 0 0 0 0 0 0 0 1 0 0 0 0 1 0 0 0 0 0 1 0 0 0 0 0 0
  0 0 0 0 0]
 [0 0 0 0 0 0 0 0 1 0 0 0 0 0 0 0 0 0 0 0 0 1 0 0 0 0 0 0 0 0 0 0 0 0 0 0
  0 0 0 0 0]
 [0 0 0 1 0 0 0 0 0 0 0 0 0 0 0 0 0 0 0 0 0 0 0 0 1 0 0 0 0 0 0 0 0 0 0 0
  0 1 0 0 0]
 [0 0 0 0 0 0 1 0 0 0 0 0 0 0 0 0 1 0 0 0 1 0 0 0 0 0 0 0 0 0 0 0 0 0 0 0
  0 0 1 0 0]
 [0 0 0 0 0 0 0 0 0 0 0 0 0 0 1 0 0 0 0 0 0 0 0 0 0 1 0 0 0 0 1 0 1 0 0 0
  0 0 0 1 0]
 [0 0 0 0 0 1 0 0 0 0 0 0 0 0 0 0 0 0 0 0 0 0 0 0 0 0 0 0 0 0 0 0 0 0 0 0
  0 0 0 0 0]
 [0 0 0 0 0 0 0 0 0 0 0 0 0 0 0 1 0 0 0 0 0 0 1 0 0 0 0 0 0 0 0 0 0 0 0 0
  0 0 0 0 0]
 [0 0 0 0 0 0 0 0 0 0 0 0 0 0 0 0 0 1 0 1 0 0 0 0 0 0 1 0 0 0 0 1 0 0 0 0
  0 0 0 0 0]
 [0 0 1 0 1 0 0 0 0 0 0 0 0 0 0 0 0 0 0 0 0 0 0 0 0 0 0 0 1 0 0 0 0 0 1 0
  1 0 0 0 0]
 [0 1 0 0 0 0 0 0 0 0 0 0 0 1 0 0 0 0 0 0 0 0 0 0 0 0 0 1 0 0 0 0 0 0 0 0
  0 0 0 0 1]]
