params：
 weight-->(1, 10)
 proc_times-->(1, 100)
 setup_times-->(15, 30)
 delivery_times-->(1, 100)
 job_rate-->8

start:
alpha_1
8
 alpha_2
0.5
 mach
5
 job
40
 fam
12
 weigh
 [[0 5 8 4 3 3 4 9 2 9 6 1 3 4 6 2 6 2 1 2 6 9 4 6 4 9 1 6 9 7 6 4 1 9 1 8
  9 6 9 6 5]]
 proc_times
 [[  0  22  36  16  45  11  26  30  90  23  25  63  31  32  61  68  33  68
    4  11  75  27  30   5  70  32  38  59  66  95  22  74  28  93  18  92
   46  60  24  33  29]
 [  0  10  32  72  45  26  60  37  20  39  89  78  52  97  66  10  74  14
   72  41  89  52  61  12  21  12   7 100  18   5  84  59  16  51  34  56
   15  82  86  44  69]
 [  0   4  74  83  89  19  93  87  18  11  68   4  33  45  66  77  57  80
    7  42  60  85  47  27  82  33  84  15  75  33   1  50  36   8  39  30
    8  19  63  97  34]
 [  0  72  86  83  38  64  96  74  30  72  88  96  43  19  11  58  25  85
   93  40  44  30  22  61  41  55  73  99  91  10  88  85  14  13  67  64
    3  43  91  58  59]
 [  0  67  25  26  96  91  73  20  15  15  34  90  97  35  51  45  87  43
    9  58  45   8   6  42  24  66  90  29  72  58  70   3  79  88  27  98
    9  10  83   6  70]]
 setup_times
 [[[ 0 18 25 19 16 18 25 22 21 25 24 23 16]
  [ 0  0 29 26 23 24 26 22 23 29 26 24 23]
  [ 0 27  0 21 20 20 20 24 29 21 15 20 29]
  [ 0 21 20  0 17 18 18 24 28 20 26 24 26]
  [ 0 19 21 26  0 28 15 15 27 22 27 16 21]
  [ 0 20 28 24 17  0 24 29 15 23 19 23 26]
  [ 0 17 21 24 19 29  0 23 23 24 24 17 16]
  [ 0 18 24 19 22 27 27  0 18 16 22 24 20]
  [ 0 17 25 22 21 20 17 15  0 24 23 23 20]
  [ 0 15 19 22 20 27 20 21 19  0 26 21 18]
  [ 0 24 15 19 19 24 20 24 17 17  0 21 20]
  [ 0 16 19 25 15 17 24 19 27 27 23  0 22]
  [ 0 24 24 28 28 19 16 17 21 24 20 22  0]]

 [[ 0 21 28 20 17 16 28 20 23 18 15 21 26]
  [ 0  0 22 28 17 20 22 22 21 16 19 23 22]
  [ 0 23  0 16 21 26 28 22 22 21 26 28 18]
  [ 0 16 23  0 18 16 20 27 28 17 26 24 27]
  [ 0 22 20 21  0 19 20 16 17 19 15 23 21]
  [ 0 20 18 18 18  0 21 19 28 20 28 22 26]
  [ 0 20 22 28 22 25  0 25 25 19 21 21 17]
  [ 0 27 23 26 27 21 26  0 19 20 19 22 15]
  [ 0 25 29 23 24 17 21 25  0 22 18 24 18]
  [ 0 16 24 19 29 22 20 23 25  0 29 21 24]
  [ 0 27 21 20 19 15 15 29 28 16  0 29 19]
  [ 0 22 23 19 24 28 25 20 18 25 23  0 17]
  [ 0 17 26 24 23 18 29 25 20 17 25 27  0]]

 [[ 0 17 28 27 15 27 26 25 16 24 18 23 20]
  [ 0  0 26 27 18 16 29 27 16 26 22 21 19]
  [ 0 26  0 23 16 29 27 16 15 28 18 24 26]
  [ 0 22 22  0 26 24 22 22 24 29 17 20 19]
  [ 0 24 19 27  0 22 19 25 25 27 15 25 21]
  [ 0 22 20 21 26  0 26 15 28 28 27 21 28]
  [ 0 21 18 20 28 20  0 17 15 16 28 28 17]
  [ 0 20 29 21 18 20 24  0 23 26 24 21 25]
  [ 0 15 27 27 17 21 18 24  0 20 26 24 17]
  [ 0 27 23 18 17 22 21 17 18  0 28 29 18]
  [ 0 24 19 28 18 26 27 29 23 18  0 17 22]
  [ 0 22 25 18 15 20 23 26 19 17 15  0 22]
  [ 0 28 15 28 19 27 18 17 23 28 28 21  0]]

 [[ 0 16 24 21 27 19 16 29 29 21 25 16 19]
  [ 0  0 27 24 21 18 15 15 21 22 29 18 21]
  [ 0 17  0 20 18 15 15 22 28 26 25 22 24]
  [ 0 15 25  0 29 28 21 23 25 26 17 16 16]
  [ 0 17 20 23  0 19 25 15 24 17 27 22 25]
  [ 0 25 24 22 20  0 22 19 24 19 20 16 24]
  [ 0 20 21 23 21 18  0 19 27 22 21 18 29]
  [ 0 18 16 20 24 15 15  0 24 19 15 25 17]
  [ 0 18 22 26 27 15 15 15  0 25 23 21 27]
  [ 0 25 22 25 24 28 20 23 21  0 25 20 19]
  [ 0 24 21 17 26 27 18 27 28 16  0 25 17]
  [ 0 19 22 28 15 19 25 29 29 22 20  0 16]
  [ 0 17 16 15 26 29 26 19 20 17 24 19  0]]

 [[ 0 20 21 26 22 15 26 15 24 16 18 23 24]
  [ 0  0 28 16 21 15 18 28 29 26 27 23 15]
  [ 0 28  0 28 17 17 15 29 24 24 16 20 19]
  [ 0 19 26  0 22 15 24 17 25 21 29 19 18]
  [ 0 25 15 27  0 26 20 21 26 29 15 16 20]
  [ 0 20 25 17 26  0 15 18 17 21 18 21 20]
  [ 0 15 21 29 28 27  0 23 28 21 19 17 20]
  [ 0 26 29 21 16 20 22  0 23 19 20 28 18]
  [ 0 25 22 22 23 27 28 16  0 24 25 16 18]
  [ 0 24 25 26 22 18 19 29 20  0 28 27 22]
  [ 0 23 16 16 20 16 27 25 27 15  0 20 15]
  [ 0 16 15 16 20 26 25 17 21 28 25  0 22]
  [ 0 28 21 15 24 16 16 22 27 25 20 18  0]]]
 delivery_times
 [[ 0 26 26 45 77 61 44 85 56 57 51 30 25 14 18 76 61 31 59 15 13 21 68  5
  54 15  7 37 87 28 45 79 95 67  5 95 35 39 19 48 67]
 [ 0 73  4 67 81 92  4 38 33 90 23 81 76 32  1 13 52 22  7 46 69 76 27 96
  48  4 46 27 29  3 28 94 65 75 35  1 80 55 89 82 52]
 [ 0 67 71 68 42 50 15 94 80 21 86 51 95  6 10 16  1  8 51 67 55 52 91 85
  63 38 75 52 45 26  4 11 13  5 37 69 65 12 43 54 27]
 [ 0 96  5 35 19 95 11  7 25 58 67 72 93  4 82 21 29 82 57 80 72 29 37 21
  96 27 41 20 71 71 49 11 66 57 43  2 75 79 72 41 62]
 [ 0 74 37 15 63 70 75 73 94 28 72 62 52 98 77 49 47 10 88 36 92 60 50 65
  99 18 32 22 62 50 50 18 50  4 75 76 96 84 48 81 62]]
 job2fam
 [[1 0 0 0 0 0 0 0 0 0 0 0 0 0 0 0 0 0 0 0 0 0 0 0 0 0 0 0 0 0 0 0 0 0 0 0
  0 0 0 0 0]
 [0 0 0 0 0 0 0 0 0 0 1 1 1 0 0 0 0 0 0 0 0 0 0 0 0 0 0 0 0 0 0 0 0 0 0 1
  0 0 0 0 0]
 [0 0 0 0 0 0 0 1 0 0 0 0 0 0 0 0 0 0 0 0 0 0 0 0 0 0 0 0 0 0 0 0 0 1 0 0
  0 0 0 0 0]
 [0 0 0 0 0 0 0 0 0 1 0 0 0 0 0 0 0 0 1 0 0 0 0 1 0 0 0 0 0 1 0 0 0 0 0 0
  0 0 0 0 0]
 [0 0 0 0 0 0 0 0 1 0 0 0 0 0 0 0 0 0 0 0 0 1 0 0 0 0 0 0 0 0 0 0 0 0 0 0
  0 0 0 0 0]
 [0 0 0 1 0 0 0 0 0 0 0 0 0 0 0 0 0 0 0 0 0 0 0 0 1 0 0 0 0 0 0 0 0 0 0 0
  0 1 0 0 0]
 [0 0 0 0 0 0 1 0 0 0 0 0 0 0 0 0 1 0 0 0 1 0 0 0 0 0 0 0 0 0 0 0 0 0 0 0
  0 0 1 0 0]
 [0 0 0 0 0 0 0 0 0 0 0 0 0 0 1 0 0 0 0 0 0 0 0 0 0 1 0 0 0 0 1 0 1 0 0 0
  0 0 0 1 0]
 [0 0 0 0 0 1 0 0 0 0 0 0 0 0 0 0 0 0 0 0 0 0 0 0 0 0 0 0 0 0 0 0 0 0 0 0
  0 0 0 0 0]
 [0 0 0 0 0 0 0 0 0 0 0 0 0 0 0 1 0 0 0 0 0 0 1 0 0 0 0 0 0 0 0 0 0 0 0 0
  0 0 0 0 0]
 [0 0 0 0 0 0 0 0 0 0 0 0 0 0 0 0 0 1 0 1 0 0 0 0 0 0 1 0 0 0 0 1 0 0 0 0
  0 0 0 0 0]
 [0 0 1 0 1 0 0 0 0 0 0 0 0 0 0 0 0 0 0 0 0 0 0 0 0 0 0 0 1 0 0 0 0 0 1 0
  1 0 0 0 0]
 [0 1 0 0 0 0 0 0 0 0 0 0 0 1 0 0 0 0 0 0 0 0 0 0 0 0 0 1 0 0 0 0 0 0 0 0
  0 0 0 0 1]]
