params：
 weight-->(1, 10)
 proc_times-->(1, 100)
 setup_times-->(60, 120)
 delivery_times-->(1, 30)
 job_rate-->8

start:
alpha_1
8
 alpha_2
2.0
 mach
5
 job
40
 fam
12
 weigh
 [[0 8 8 6 2 5 2 6 7 4 1 8 4 5 1 6 2 2 2 8 9 2 6 7 6 4 7 5 9 8 5 4 2 2 8 8
  5 1 6 3 5]]
 proc_times
 [[  0  45  37  72  12  78  81  51  31  99  24  80   8  26  40  79  59  37
   36   5  89  63  85  78   9  74  60  22   8  18   2  89  37  67  48  61
   63  72  92  35   6]
 [  0  95  37  67  52  32  56  89   6  84  40   8  63  47  60  64  73  30
   50  26  80  38  21  15  31  93  70  66  58  21  75  99   1  16  99  66
   98  79  80  55  64]
 [  0  51  81  41  82  34  24 100  56  53  56   3  85  12   5  83  20  93
   79  41  49  39  67  74   3  28 100  93  66  12 100  47  61   9  42  48
   99   7  19  61  79]
 [  0  82  72  65  41  41  59  41   4  69  23  80  86  42   2  80  81  20
   16  79  80  86  97  65  50  50  56  66   3   2  19  26  48  66  55  56
   65  34  89  15  95]
 [  0  67  39  23  15  67  61  56  31  22   8  88  22  38  55  88   6  52
   89  46  56  19  69  56  64  32  87  95   5  77   1  12 100  56  76  90
   10  36 100  24  78]]
 setup_times
 [[[  0 116  89  70  91  76 109 111  84  61  75 102  90]
  [  0   0  74  75  96  67 105 114 114  92 114 100  81]
  [  0 115   0  61 102  67  80  73  66  75 106  90  84]
  [  0  90  73   0  94  88 114  73 105 102 106 103 103]
  [  0  62  84  69   0  87  88  81  60 118 111 116  60]
  [  0  61  94  96 119   0  72 108 118 104  86 109  80]
  [  0  81  71  93 107  73   0  69  64  88  98  91 118]
  [  0 110  72 100 111  84  71   0 106  62  95 119  70]
  [  0  77 111  69 112  89  69  81   0  75  67  74 117]
  [  0 108  61 102 115  74  83  96 104   0  91  79 109]
  [  0  81  77  99  66  66  88 104  75  90   0 108  97]
  [  0 106  94  69  93 111  67  69  85  68  87   0  76]
  [  0 113  78 113  86  70  83  93  64 112  67  64   0]]

 [[  0  87 108  97  77  91 117  71  88  77  97  60  73]
  [  0   0  76  90 107 113  93  93  61 108 100  64  70]
  [  0 107   0  88  72 100 114 100 117  68  61 113 115]
  [  0 104  90   0 116 102  66  62  98  61  74 107 103]
  [  0  63 114  64   0 111  91 106  67  87 101  93 113]
  [  0  67  76  63  94   0 113  75  75  81  79  61  66]
  [  0  71  62  67  65 106   0  66  83  80  80  80 108]
  [  0  68  71  64 101 111 108   0 113  74  77  96 109]
  [  0  76 115  87 106 103 102 119   0  62  67  75  61]
  [  0 117  98  87 115  89 107  80  99   0 118  87  79]
  [  0  66 112 113  84  98  95  84  96 115   0 109 113]
  [  0 104  71  63  63  80  85 113  86  66  76   0  72]
  [  0  83  62 117  71 100  66 116 105 102 101  92   0]]

 [[  0 113 119  94  85  76  84  73 114 116  64  91  78]
  [  0   0  75 110  68 117  90 104  72  74  86 114  66]
  [  0  77   0 104  69 106  64  66  81  73 118 111  65]
  [  0  94  61   0 107  90 110  71  61  60  80  85  68]
  [  0  89 119 117   0 107 114  97  64 107 113  71  96]
  [  0 109  68  78 104   0  62 109  70 113  73 113 113]
  [  0 107  98  72 105 100   0  66 103  69  90 103  99]
  [  0  85  88 117  63  94  62   0  97  89  94  93 118]
  [  0  90  75  71  73  80  71 104   0 100  69 105  88]
  [  0  76  99  94  68 116  80  69 107   0 110  77  96]
  [  0 108  99  80  94 110  86  62  62 106   0  66  76]
  [  0  60  65  73  65 106  99 101 117  61  72   0  81]
  [  0 117 108  62 102  82  66 113  87  74  74  78   0]]

 [[  0 103  60 107 111  91  79  71  80  67  75 102  86]
  [  0   0 105  77  96  86 107  91  66  70  87  65  92]
  [  0  72   0 109 103  97  62  73  76  65 108  91 107]
  [  0  72 115   0 117  84  78  91  93  89 102  74  73]
  [  0  83  69 119   0 119 109  78 105  68 102  80  96]
  [  0  88  82  93 113   0 115  95  88  97 114  71  70]
  [  0  86  88 109  64 118   0  68  80 100  83 111 110]
  [  0  83  79 112 105 116  63   0  69  76 110 109 113]
  [  0  68  70  74  75  93  83  79   0  94  65  82  65]
  [  0  72  75 103  96 104  65 110 119   0 116 119 118]
  [  0 105  61 110 118  93 118  66  93 116   0 100 118]
  [  0 115  94  69 113  93  67  67  85  69  61   0  72]
  [  0  83  82  63 108  79  88  67  62  80  65  94   0]]

 [[  0  66  85  65  92  69  94  65  74  60  83 118  68]
  [  0   0  85  74  87  73  61 111  86  72  63  85  98]
  [  0  65   0 101  95 115 115  62  98  74  83 101  66]
  [  0  88  83   0  76 112  96  96  66  79  91  60  81]
  [  0 113  70 106   0  87  83  97  85  86 112  96  89]
  [  0 100  62  76  92   0 107  97  90  65  79  99 103]
  [  0 115 110 113  92  88   0  97  78 115  91 105 110]
  [  0  87  84 111  74  66  84   0  80  91 102  99  87]
  [  0  76  67  97  96  93  94  71   0  93 101 103 118]
  [  0  93  63  62  67 109  95 116  74   0  74  73 110]
  [  0  72 106  92  84 115 115  84  79  96   0  94 108]
  [  0  76  99  62 115  95  74  71  72 109  68   0  70]
  [  0  80  81  62  99 118 105  78  74 106 111  78   0]]]
 delivery_times
 [[ 0 28  2 19  5 25 14 12 21 16 28 28 25 17 25 24 11 27  7 20 17  1 12 13
   6 15 13 24  4 28  8 26 13 14 14  7 21  8 16 13  6]
 [ 0  4 26 15 15  6 23 12 17  2  6 29 12 15  1 25  1  7 12 20 22  8 16  6
  12 27 22 22 10  2 11 17 12 15  4 18  6  4 25 10 20]
 [ 0 27  1 18 13 25 14 12 18 29  3 23  8 15 19  8 20 19 16 12 23 16 14 20
   9 21 22 19  8 28  5 24 14  1 14 24  4 29 25 20 11]
 [ 0  5 16 16 13 16 22  7  2 20  6 24 15 11  4 29 26 22 21 26 19  9  3  4
  17 13 16  1 16  7 22 20  8 16  9 23  7  5 18 18 29]
 [ 0 27 17 21 11 20 12 14 12 26 18  2 12 10 13 10  8 13 14  3 22 15 17 17
  23  1  1  9  3 13 18  9 16 12  4 10 14 10 29 22 24]]
 job2fam
 [[1 0 0 0 0 0 0 0 0 0 0 0 0 0 0 0 0 0 0 0 0 0 0 0 0 0 0 0 0 0 0 0 0 0 0 0
  0 0 0 0 0]
 [0 0 0 0 0 0 0 0 0 0 1 1 1 0 0 0 0 0 0 0 0 0 0 0 0 0 0 0 0 0 0 0 0 0 0 1
  0 0 0 0 0]
 [0 0 0 0 0 0 0 1 0 0 0 0 0 0 0 0 0 0 0 0 0 0 0 0 0 0 0 0 0 0 0 0 0 1 0 0
  0 0 0 0 0]
 [0 0 0 0 0 0 0 0 0 1 0 0 0 0 0 0 0 0 1 0 0 0 0 1 0 0 0 0 0 1 0 0 0 0 0 0
  0 0 0 0 0]
 [0 0 0 0 0 0 0 0 1 0 0 0 0 0 0 0 0 0 0 0 0 1 0 0 0 0 0 0 0 0 0 0 0 0 0 0
  0 0 0 0 0]
 [0 0 0 1 0 0 0 0 0 0 0 0 0 0 0 0 0 0 0 0 0 0 0 0 1 0 0 0 0 0 0 0 0 0 0 0
  0 1 0 0 0]
 [0 0 0 0 0 0 1 0 0 0 0 0 0 0 0 0 1 0 0 0 1 0 0 0 0 0 0 0 0 0 0 0 0 0 0 0
  0 0 1 0 0]
 [0 0 0 0 0 0 0 0 0 0 0 0 0 0 1 0 0 0 0 0 0 0 0 0 0 1 0 0 0 0 1 0 1 0 0 0
  0 0 0 1 0]
 [0 0 0 0 0 1 0 0 0 0 0 0 0 0 0 0 0 0 0 0 0 0 0 0 0 0 0 0 0 0 0 0 0 0 0 0
  0 0 0 0 0]
 [0 0 0 0 0 0 0 0 0 0 0 0 0 0 0 1 0 0 0 0 0 0 1 0 0 0 0 0 0 0 0 0 0 0 0 0
  0 0 0 0 0]
 [0 0 0 0 0 0 0 0 0 0 0 0 0 0 0 0 0 1 0 1 0 0 0 0 0 0 1 0 0 0 0 1 0 0 0 0
  0 0 0 0 0]
 [0 0 1 0 1 0 0 0 0 0 0 0 0 0 0 0 0 0 0 0 0 0 0 0 0 0 0 0 1 0 0 0 0 0 1 0
  1 0 0 0 0]
 [0 1 0 0 0 0 0 0 0 0 0 0 0 1 0 0 0 0 0 0 0 0 0 0 0 0 0 1 0 0 0 0 0 0 0 0
  0 0 0 0 1]]
