params：
 weight-->(1, 10)
 proc_times-->(1, 100)
 setup_times-->(30, 60)
 delivery_times-->(1, 100)
 job_rate-->8

start:
alpha_1
8
 alpha_2
1.0
 mach
5
 job
40
 fam
12
 weigh
 [[0 3 6 3 4 4 3 6 3 3 2 6 8 4 6 7 2 5 2 2 8 2 5 3 6 7 2 9 9 2 3 1 6 5 9 4
  8 5 6 2 1]]
 proc_times
 [[ 0  9 68 86 56  2 14 68 13 47 65  7 84 22 23 42 84 35 77  9 47 12 43 45
  65 52 85 89 41 40 21 63 83 73 47 75 30 80 69 75 94]
 [ 0 54 12 36 41 53 91 70 13 59 31 55 69 87 25 56 35 87 26 42 73  4 97 83
  72  8 64 77 92 42 92 42 73 75 86 99 98 82 69 46 36]
 [ 0 99 99 80 32 79 54 27 17 75 20 26 26 30  3 48 42 85 14 93 16 60 38 61
  97  8 24 87 78 55 19 58 75 14 30 88 80 49 64 83 76]
 [ 0 22 47 58 23 99 39 42 92 17 32  3 72 24 56  4 78 32 71 66 71 10 44 14
  72 19 22 58 92  6 60 18  4 83 48 78 15 93 73 85 27]
 [ 0 51 52 17  7  2 87 28 58 63 33 58 69 65 94 77 92 77  8 73 41 98 11 99
  48 23 13 90 80 86 31 15 78  4 23 91  8 43 67 15  2]]
 setup_times
 [[[ 0 37 43 53 59 41 38 31 44 57 50 46 32]
  [ 0  0 46 48 46 33 59 31 39 55 42 50 58]
  [ 0 42  0 34 31 57 40 53 40 59 37 34 46]
  [ 0 32 57  0 45 45 55 37 58 42 37 59 39]
  [ 0 34 55 42  0 38 54 58 49 56 32 34 59]
  [ 0 57 49 55 46  0 58 40 39 46 40 36 58]
  [ 0 51 39 48 56 40  0 32 32 31 31 41 45]
  [ 0 56 38 39 33 51 33  0 48 41 36 33 39]
  [ 0 51 35 56 49 57 30 31  0 31 46 41 53]
  [ 0 45 47 41 36 58 57 41 48  0 37 38 36]
  [ 0 33 43 35 45 48 56 52 40 45  0 34 34]
  [ 0 52 44 39 37 47 36 49 44 30 45  0 43]
  [ 0 36 41 45 39 49 47 58 30 53 52 37  0]]

 [[ 0 49 32 38 50 42 35 48 44 35 54 38 43]
  [ 0  0 42 49 56 52 32 48 50 32 40 30 53]
  [ 0 39  0 31 38 34 47 40 48 55 37 59 36]
  [ 0 56 49  0 43 37 33 46 59 40 43 44 35]
  [ 0 59 44 53  0 37 31 55 38 58 38 40 57]
  [ 0 32 49 51 30  0 46 49 42 50 49 46 41]
  [ 0 47 31 33 41 54  0 32 39 58 40 48 47]
  [ 0 48 36 45 35 40 34  0 54 37 32 48 52]
  [ 0 56 30 50 59 58 45 42  0 39 44 42 30]
  [ 0 47 57 39 57 33 52 44 53  0 45 38 59]
  [ 0 47 57 55 31 45 53 52 33 34  0 33 41]
  [ 0 54 46 35 39 34 48 34 38 59 46  0 48]
  [ 0 37 44 33 36 35 51 47 58 37 40 39  0]]

 [[ 0 50 34 42 47 52 48 35 50 58 39 45 54]
  [ 0  0 52 49 48 51 43 49 53 34 31 43 38]
  [ 0 54  0 32 40 42 56 56 32 41 50 37 46]
  [ 0 48 35  0 51 51 54 32 56 37 32 35 53]
  [ 0 50 55 53  0 49 32 50 47 51 54 41 41]
  [ 0 34 53 59 55  0 54 44 47 37 54 53 52]
  [ 0 33 43 45 49 59  0 34 33 58 31 49 33]
  [ 0 42 34 48 35 40 43  0 44 56 32 30 59]
  [ 0 39 48 49 44 35 49 33  0 54 55 42 42]
  [ 0 59 30 33 31 54 34 34 52  0 36 41 54]
  [ 0 35 49 45 58 55 33 41 47 52  0 30 39]
  [ 0 40 34 55 36 47 40 44 42 51 40  0 55]
  [ 0 46 39 37 32 33 58 50 46 51 47 56  0]]

 [[ 0 59 45 42 40 35 55 48 55 31 51 47 49]
  [ 0  0 53 58 57 34 57 32 48 36 30 44 39]
  [ 0 34  0 46 30 51 57 57 35 59 39 46 36]
  [ 0 58 54  0 40 47 35 43 51 43 33 56 55]
  [ 0 35 45 46  0 57 38 54 38 53 35 50 48]
  [ 0 43 43 33 30  0 58 31 35 34 52 43 52]
  [ 0 41 59 43 54 36  0 59 57 59 40 33 46]
  [ 0 53 43 51 46 32 47  0 47 58 50 48 46]
  [ 0 42 31 50 52 56 38 40  0 59 31 45 31]
  [ 0 55 36 30 54 37 30 49 47  0 51 46 30]
  [ 0 46 43 59 30 43 32 45 30 49  0 43 48]
  [ 0 44 43 37 44 56 33 39 49 40 37  0 46]
  [ 0 51 51 43 45 31 33 59 48 51 40 31  0]]

 [[ 0 48 47 41 30 35 40 36 58 42 54 40 36]
  [ 0  0 49 50 38 37 59 36 31 53 48 41 40]
  [ 0 55  0 38 32 58 59 58 47 43 42 55 36]
  [ 0 34 36  0 56 55 33 43 33 31 34 50 32]
  [ 0 48 52 30  0 41 46 51 53 46 56 54 46]
  [ 0 43 52 37 58  0 47 36 46 50 42 32 48]
  [ 0 55 39 43 43 59  0 34 52 46 57 44 40]
  [ 0 44 58 50 35 54 49  0 33 36 35 42 42]
  [ 0 31 59 55 50 54 33 59  0 42 42 57 52]
  [ 0 50 47 41 37 46 58 59 34  0 59 52 58]
  [ 0 38 32 42 51 35 59 57 36 48  0 40 51]
  [ 0 53 49 57 39 50 59 46 38 51 48  0 47]
  [ 0 35 53 42 50 40 51 54 46 30 34 53  0]]]
 delivery_times
 [[ 0 23 80 10 89 76 54 41 63 62 80 28 11  7 34 75 82 18 50 90 77 70 17 84
  47 50 79 88 52  3  4 40 39  6 43 96 49  3 78 98  8]
 [ 0 94 95 39 82 39  1 82 99 75 34 93 43 28 66 95  2 21 72 27 43 24 24 15
  96 12 49 41 21 64 75 53 13 44 97 17 78 67 40 52 95]
 [ 0 90 12 86 43 93 18 67 40 46 23 18 56 81 75  8 83 69 16 72 76 40 65 28
   7 82 33 15 64  9 98 65 75 92 55 21 55 15 22 81 96]
 [ 0 66 17 90 80  2 62 55  9 18 80 73 82 36 74 42  3 67 88 62 69 65 34 65
  48 44 33 11 65 56  3 47 87 11 56 74  2  3 49 63 60]
 [ 0 95 86 54 98 58 51 40 29 56 17 68 81 29 84 49  7 65 22 44 45 18 78 86
  53 15 76 33 35 48 34 18 80 14 91 95  6 69 68 51 57]]
 job2fam
 [[1 0 0 0 0 0 0 0 0 0 0 0 0 0 0 0 0 0 0 0 0 0 0 0 0 0 0 0 0 0 0 0 0 0 0 0
  0 0 0 0 0]
 [0 0 0 0 0 0 0 0 0 0 1 1 1 0 0 0 0 0 0 0 0 0 0 0 0 0 0 0 0 0 0 0 0 0 0 1
  0 0 0 0 0]
 [0 0 0 0 0 0 0 1 0 0 0 0 0 0 0 0 0 0 0 0 0 0 0 0 0 0 0 0 0 0 0 0 0 1 0 0
  0 0 0 0 0]
 [0 0 0 0 0 0 0 0 0 1 0 0 0 0 0 0 0 0 1 0 0 0 0 1 0 0 0 0 0 1 0 0 0 0 0 0
  0 0 0 0 0]
 [0 0 0 0 0 0 0 0 1 0 0 0 0 0 0 0 0 0 0 0 0 1 0 0 0 0 0 0 0 0 0 0 0 0 0 0
  0 0 0 0 0]
 [0 0 0 1 0 0 0 0 0 0 0 0 0 0 0 0 0 0 0 0 0 0 0 0 1 0 0 0 0 0 0 0 0 0 0 0
  0 1 0 0 0]
 [0 0 0 0 0 0 1 0 0 0 0 0 0 0 0 0 1 0 0 0 1 0 0 0 0 0 0 0 0 0 0 0 0 0 0 0
  0 0 1 0 0]
 [0 0 0 0 0 0 0 0 0 0 0 0 0 0 1 0 0 0 0 0 0 0 0 0 0 1 0 0 0 0 1 0 1 0 0 0
  0 0 0 1 0]
 [0 0 0 0 0 1 0 0 0 0 0 0 0 0 0 0 0 0 0 0 0 0 0 0 0 0 0 0 0 0 0 0 0 0 0 0
  0 0 0 0 0]
 [0 0 0 0 0 0 0 0 0 0 0 0 0 0 0 1 0 0 0 0 0 0 1 0 0 0 0 0 0 0 0 0 0 0 0 0
  0 0 0 0 0]
 [0 0 0 0 0 0 0 0 0 0 0 0 0 0 0 0 0 1 0 1 0 0 0 0 0 0 1 0 0 0 0 1 0 0 0 0
  0 0 0 0 0]
 [0 0 1 0 1 0 0 0 0 0 0 0 0 0 0 0 0 0 0 0 0 0 0 0 0 0 0 0 1 0 0 0 0 0 1 0
  1 0 0 0 0]
 [0 1 0 0 0 0 0 0 0 0 0 0 0 1 0 0 0 0 0 0 0 0 0 0 0 0 0 1 0 0 0 0 0 0 0 0
  0 0 0 0 1]]
