params：
 weight-->(1, 10)
 proc_times-->(1, 100)
 setup_times-->(15, 30)
 delivery_times-->(1, 100)
 job_rate-->12

start:
alpha_1
12
 alpha_2
0.5
 mach
5
 job
60
 fam
5
 weigh
 [[0 8 4 6 2 8 5 5 8 3 1 1 3 6 5 8 9 1 2 9 9 4 2 4 9 8 6 1 5 6 5 7 6 9 9 4
  9 1 2 3 9 7 9 7 9 1 8 5 2 1 5 8 6 2 6 2 5 5 3 6 1]]
 proc_times
 [[  0  81  26  44  41  84  58  82  81  47  45  76   4  72  40  85  39  45
   15  30  86  13  91  60   1   2  79  49  15  49  36  43  96  64  75  36
   20  17  95  11  70  59  18  37  51  80  94  85  39  77  84  93  88  19
  100  59  72  81  95  89  51]
 [  0  51  80  14  85  38  88  34  14   5  38  64  90  48  82  35  96  79
    1  54  48  30  12  71 100  41  62  64  18  91  13  29   6  64  38  38
   84   6  54  13  76  99  99  16  19  86  78  30  47  61  25  90  50  41
   68  46  66  22   1  28  46]
 [  0  87  72   9  82  26  66  39   6  54  99  96  76  74  54  90  76  11
    6  94  33  99   3  84  56  28  28   3  62  89  42  44  95  87  32  78
    4  26  63  77   5  33  42  23  45  93  78  63  95  77  76  89  68  39
   38  10  18  38  49  17  56]
 [  0  58  53  19  24  44  90  62  19   6  51  82 100  22  20  12  96  13
    1   5  29  30  38   3  11  47  68  22  99  64  35  38   5  62  50  65
   18  90  24   8  98  27  93  62  83  56  24  16  10  94  10  89  73  93
   38  42  83  46  76  53  34]
 [  0  13  44  61  91  26  68  76  91  56  37  34  18   9  79  80  85  20
   49  53   8  72  21  42  12  19  85  65  50  72  62  39 100  26  34  20
   57  45  65  68  92  17  18  76  26  62  55  94  64  10  64  77  23  84
    5  11 100  37  51  48  14]]
 setup_times
 [[[ 0 17 21 23 22 22]
  [ 0  0 29 22 19 18]
  [ 0 16  0 28 16 16]
  [ 0 23 18  0 25 15]
  [ 0 20 25 17  0 27]
  [ 0 17 19 25 28  0]]

 [[ 0 24 27 27 22 19]
  [ 0  0 20 28 18 27]
  [ 0 28  0 25 18 25]
  [ 0 17 26  0 26 17]
  [ 0 16 29 16  0 17]
  [ 0 26 19 29 23  0]]

 [[ 0 18 17 17 23 15]
  [ 0  0 22 17 21 26]
  [ 0 18  0 27 16 24]
  [ 0 28 22  0 29 19]
  [ 0 15 18 28  0 25]
  [ 0 17 21 22 22  0]]

 [[ 0 19 19 29 20 24]
  [ 0  0 28 29 29 24]
  [ 0 26  0 29 16 19]
  [ 0 20 18  0 15 18]
  [ 0 29 19 28  0 29]
  [ 0 27 22 29 20  0]]

 [[ 0 23 26 21 17 16]
  [ 0  0 23 25 21 20]
  [ 0 22  0 23 28 23]
  [ 0 22 20  0 29 26]
  [ 0 24 27 15  0 17]
  [ 0 18 16 19 21  0]]]
 delivery_times
 [[ 0 52 96 65 69 17 13  3 51 26 29 22 86 64 84 55 97 42 28 92 84 26 15 73
  22 51 82 47 42 56 53 43 36 17 10 18 49 56 39 26 62 64 55 13  3 42 94 22
  92 29 28 64 41  2 51 14 74 62 73 44 81]
 [ 0 58 47 45 93 90 99 33 60 29 62 65 43 52 68 55 44 34 96 27 75 48 19 30
  86 39 53 14 77 82 73 59  3  4 65  1 34 46 13 59 37 32 45  5 19 92 61 91
  39 90 73 89 87 26 23 67 54 97 59  5 26]
 [ 0 71  7 96 68 21 48 28 34 33 98 23 94 93 77 81 97 74 10 14 64  2 79 92
  79 55 86 34 13 30 70 16  9 14 23 45 23 32  9 96 93 85 81 51 44 95 90 12
  10 52  6 75 51 92 79 52 32 94 54 41 38]
 [ 0 89 99 44 11 12 80 35 24 54 61  6 44 52 47  2 25 40 64 81 32 46 64 10
  88 86 29 54 59  6 52 56 32 74 28 42 22  3 29 62 77 62 59 94 72 35 35 84
  93 25  2 52 42 41 27 52 78 85 63 25 11]
 [ 0 70  4 98 84 35 91  8 40 89 73 28  8 20 55 64 67 38 63 36 81 71 89 57
  81 91 78 64 24  3 74 65 16 79 90 94 88 11 80 72 39 75 39 77 31 41 90 23
  59 26 63 14 51 64 58 31 58 65  8 97 68]]
 job2fam
 [[1 0 0 0 0 0 0 0 0 0 0 0 0 0 0 0 0 0 0 0 0 0 0 0 0 0 0 0 0 0 0 0 0 0 0 0
  0 0 0 0 0 0 0 0 0 0 0 0 0 0 0 0 0 0 0 0 0 0 0 0 0]
 [0 0 0 0 1 0 0 0 0 0 0 0 0 0 0 0 0 0 0 1 0 1 0 0 0 0 0 0 0 1 0 0 1 0 0 0
  0 0 0 0 0 0 0 0 0 0 0 0 0 0 0 1 0 0 0 0 0 0 0 0 0]
 [0 0 0 0 0 0 0 0 0 0 0 0 0 0 0 1 0 0 0 0 1 0 0 1 0 1 0 0 0 0 0 0 0 1 0 1
  0 1 1 0 0 0 0 0 0 0 0 1 0 0 0 0 0 0 0 0 0 0 0 1 0]
 [0 0 0 0 0 0 0 0 0 1 0 0 1 1 1 0 0 0 1 0 0 0 0 0 0 0 0 0 0 0 1 0 0 0 1 0
  1 0 0 1 0 0 0 1 1 0 0 0 0 0 0 0 1 1 1 0 0 0 0 0 0]
 [0 1 1 1 0 1 1 0 0 0 1 1 0 0 0 0 0 0 0 0 0 0 1 0 1 0 1 0 1 0 0 0 0 0 0 0
  0 0 0 0 0 0 0 0 0 0 0 0 1 1 1 0 0 0 0 0 0 0 0 0 1]
 [0 0 0 0 0 0 0 1 1 0 0 0 0 0 0 0 1 1 0 0 0 0 0 0 0 0 0 1 0 0 0 1 0 0 0 0
  0 0 0 0 1 1 1 0 0 1 1 0 0 0 0 0 0 0 0 1 1 1 1 0 0]]
