params：
 weight-->(1, 10)
 proc_times-->(1, 100)
 setup_times-->(30, 60)
 delivery_times-->(170, 200)
 job_rate-->12

start:
alpha_1
12
 alpha_2
1.0
 mach
5
 job
60
 fam
5
 weigh
 [[0 8 7 2 9 7 2 9 3 4 6 7 1 1 6 2 6 1 6 6 4 9 3 2 4 1 9 7 4 6 1 7 8 6 3 6
  7 4 1 8 7 9 9 8 9 3 9 5 2 6 7 4 3 9 6 9 1 8 1 4 1]]
 proc_times
 [[  0  79   7  45  27  53   4  20  27  40  24  16  79  11  45  62  17  43
   48  66  30  77  24  89  30  64   5  84  66  94  27   2  53  98  59   2
   97  22  59  21  27  28  82  56  89  11  49   8 100  76  47   3  33  96
   25  97  51  98  61   7   1]
 [  0  47  64  68  95  37  55   7 100  91   9   3   3  42  68  24  39   1
   98  47  36  86  34  65  25  27  57  94  73   5  20  88   1  50  83  73
   40  32  22  23   8  73  19  12  67  69  74  17  86  83  39  35   9  15
   59  55  97  21  67  44  49]
 [  0  41  85  67  59  70  49  86  47  72  45  49  81  30  49  90   9   6
   19  97  35  96  21  33   7   4  20  70  12  62  37  24  88  86  34   4
   96  48  86  34  97 100  51  98  36  90  33  87  25  89  30  73  46  70
   82   1  50  68  28  16  21]
 [  0 100  49  28  21   9  56  60  90  54  36  76  81  42  72  73 100  44
   69   9  79  44  17  20   8  80  93  39  95   4  56  43   5  96  94  47
   85  22  94  37  38  85   1  53  27  60  58  44  89  24  90  95   7  98
    3  77  94  64   8  88  65]
 [  0  80  77  41  12   7  94  26  50  16  17  87  13  69  40  96  54  26
   62  66  23  39  45  48  22  36  79  11  86  47  20  68  29  19  96  53
   23  24  19  65  96  47  11  95  56  58  70  52  49  97  42  62  12  32
   96  82  96  38  27  45  57]]
 setup_times
 [[[ 0 44 47 43 54 32]
  [ 0  0 33 45 36 51]
  [ 0 58  0 58 42 34]
  [ 0 30 43  0 57 42]
  [ 0 47 45 42  0 59]
  [ 0 32 31 31 41  0]]

 [[ 0 32 34 30 47 41]
  [ 0  0 32 38 46 49]
  [ 0 47  0 38 57 31]
  [ 0 51 53  0 30 36]
  [ 0 43 41 40  0 54]
  [ 0 54 44 48 44  0]]

 [[ 0 39 43 56 49 59]
  [ 0  0 43 35 56 43]
  [ 0 54  0 34 53 51]
  [ 0 53 54  0 57 50]
  [ 0 58 40 40  0 50]
  [ 0 36 59 37 56  0]]

 [[ 0 54 53 46 57 52]
  [ 0  0 39 37 54 47]
  [ 0 51  0 59 52 59]
  [ 0 41 30  0 33 48]
  [ 0 40 57 49  0 50]
  [ 0 31 36 48 39  0]]

 [[ 0 55 53 55 40 55]
  [ 0  0 57 47 32 43]
  [ 0 54  0 47 42 32]
  [ 0 39 59  0 41 58]
  [ 0 57 48 44  0 51]
  [ 0 46 33 35 44  0]]]
 delivery_times
 [[  0 194 185 172 184 188 189 196 188 199 183 180 184 175 182 195 198 184
  198 189 190 176 189 181 174 198 190 190 197 170 196 179 190 190 185 176
  175 199 183 189 188 184 197 181 195 182 176 194 198 175 186 187 192 178
  193 180 198 182 185 178 179]
 [  0 187 176 176 176 178 179 186 183 199 171 183 172 192 197 172 198 173
  190 182 193 188 175 195 196 170 183 190 177 190 187 195 183 179 196 182
  187 172 182 185 196 183 184 170 176 193 196 174 174 177 186 177 177 183
  197 170 193 197 192 198 185]
 [  0 188 183 194 198 193 171 195 178 193 188 177 186 178 176 190 187 191
  199 186 199 185 175 177 193 197 181 193 179 191 183 174 198 185 176 184
  192 198 172 181 177 170 192 179 180 179 184 199 195 195 179 173 172 181
  196 180 178 174 184 199 183]
 [  0 174 197 174 172 170 180 176 195 173 195 190 176 172 181 191 189 181
  174 188 195 173 198 187 176 186 170 174 181 191 178 187 184 190 197 171
  181 177 194 180 186 175 176 197 170 188 193 170 176 192 192 180 188 186
  170 187 182 175 173 175 176]
 [  0 189 179 178 185 194 172 176 183 192 188 172 177 198 175 199 175 178
  192 195 176 182 176 174 185 199 189 190 195 190 180 188 188 180 191 181
  179 177 192 183 194 180 199 178 195 177 195 197 196 170 180 190 170 193
  185 175 181 178 185 180 180]]
 job2fam
 [[1 0 0 0 0 0 0 0 0 0 0 0 0 0 0 0 0 0 0 0 0 0 0 0 0 0 0 0 0 0 0 0 0 0 0 0
  0 0 0 0 0 0 0 0 0 0 0 0 0 0 0 0 0 0 0 0 0 0 0 0 0]
 [0 0 0 0 1 0 0 0 0 0 0 0 0 0 0 0 0 0 0 1 0 1 0 0 0 0 0 0 0 1 0 0 1 0 0 0
  0 0 0 0 0 0 0 0 0 0 0 0 0 0 0 1 0 0 0 0 0 0 0 0 0]
 [0 0 0 0 0 0 0 0 0 0 0 0 0 0 0 1 0 0 0 0 1 0 0 1 0 1 0 0 0 0 0 0 0 1 0 1
  0 1 1 0 0 0 0 0 0 0 0 1 0 0 0 0 0 0 0 0 0 0 0 1 0]
 [0 0 0 0 0 0 0 0 0 1 0 0 1 1 1 0 0 0 1 0 0 0 0 0 0 0 0 0 0 0 1 0 0 0 1 0
  1 0 0 1 0 0 0 1 1 0 0 0 0 0 0 0 1 1 1 0 0 0 0 0 0]
 [0 1 1 1 0 1 1 0 0 0 1 1 0 0 0 0 0 0 0 0 0 0 1 0 1 0 1 0 1 0 0 0 0 0 0 0
  0 0 0 0 0 0 0 0 0 0 0 0 1 1 1 0 0 0 0 0 0 0 0 0 1]
 [0 0 0 0 0 0 0 1 1 0 0 0 0 0 0 0 1 1 0 0 0 0 0 0 0 0 0 1 0 0 0 1 0 0 0 0
  0 0 0 0 1 1 1 0 0 1 1 0 0 0 0 0 0 0 0 1 1 1 1 0 0]]
