params：
 weight-->(1, 10)
 proc_times-->(1, 100)
 setup_times-->(30, 60)
 delivery_times-->(100, 200)
 job_rate-->12

start:
alpha_1
12
 alpha_2
1.0
 mach
5
 job
60
 fam
5
 weigh
 [[0 1 2 5 8 5 2 9 6 1 4 1 4 8 2 8 5 5 7 4 3 8 7 4 5 6 7 9 5 8 7 5 3 9 2 2
  2 6 8 1 7 1 3 6 4 6 2 6 9 3 7 5 1 9 2 2 4 7 9 4 4]]
 proc_times
 [[  0  90  64  36  19  74   3  77  95  42  70  10  83  29  28  85  98  56
   65  61  89  96  30  46  67  30  98  93  34   6  66  14  28  28  55  73
   63  24  35  39  54  44  24  76  27  78  57  85  77  97  26  31  72  77
   39  78  57  40  15   4   7]
 [  0  20  65  85  18  27  30  12  77  22  58  25  75  51  10  78  25  72
   87  46  47  43  68  98  32  49  81  17  27  95  52  71  52  70  81  13
   43  91  34  27  12  36  49  69  10  33  12  29  41  22  62  13  49   9
    4  50  67  84   4  12  28]
 [  0  55  71  45  45  92   8  52  46  71  42  85  58  63  56  44  10  98
   55  10  50  26  86  50   3  50  50  98  47  83  51  24  54  40   3  23
   29  30  71  94  91   6  67  21  90   7  18  64  44  46  63  46  71  32
   79  85  23  12  56  66  61]
 [  0  43  88  53  70  92  16  11  51  10  91  66  10  99  73   5  84  30
   40  38   2  73  39  17  52  81  26  90  54  59  88   3  23  56  49  98
   13   7  78  38   7  14  55  18  28  17  85  74  33  76  86  28  83  82
   46  58  90   1   4   2  84]
 [  0   5  52  76  22  14  11  27  21  64  20  48  52   2  69  79  50  21
   82  87  16  83  12  31  28  89   3   8  20  26  25  41  71   8   7  70
   93  83  17  67 100  64  64  75  80  33  13  22  18  62  65  24  75   5
   88  89  14  48  33  99  12]]
 setup_times
 [[[ 0 59 41 51 47 44]
  [ 0  0 31 36 44 55]
  [ 0 31  0 59 36 53]
  [ 0 59 39  0 31 47]
  [ 0 42 42 31  0 57]
  [ 0 35 40 33 55  0]]

 [[ 0 54 30 38 35 35]
  [ 0  0 40 44 50 50]
  [ 0 31  0 40 40 40]
  [ 0 52 56  0 56 42]
  [ 0 58 54 46  0 50]
  [ 0 59 33 41 54  0]]

 [[ 0 42 31 51 45 40]
  [ 0  0 41 43 54 58]
  [ 0 30  0 56 35 37]
  [ 0 39 56  0 55 37]
  [ 0 32 31 43  0 33]
  [ 0 40 31 57 48  0]]

 [[ 0 35 45 30 41 47]
  [ 0  0 59 41 41 54]
  [ 0 38  0 51 51 45]
  [ 0 58 37  0 43 57]
  [ 0 34 46 54  0 35]
  [ 0 34 45 50 53  0]]

 [[ 0 49 39 43 55 53]
  [ 0  0 31 30 45 38]
  [ 0 45  0 33 42 45]
  [ 0 32 53  0 53 39]
  [ 0 52 43 40  0 49]
  [ 0 51 58 36 51  0]]]
 delivery_times
 [[  0 150 172 131 118 175 111 113 144 188 136 131 126 144 173 146 171 110
  114 121 183 176 115 146 120 135 105 161 173 112 104 178 150 190 148 137
  123 147 136 173 179 102 146 169 152 132 115 147 112 182 142 159 183 125
  194 138 116 184 101 149 187]
 [  0 166 112 189 125 147 140 172 113 144 185 156 195 134 111 134 176 184
  198 101 116 142 107 188 147 198 178 133 159 104 116 136 190 177 108 183
  168 174 179 194 161 132 142 125 135 198 108 144 173 106 165 123 101 114
  160 142 150 197 143 133 154]
 [  0 117 123 177 147 171 154 197 170 126 137 135 111 126 142 150 140 116
  131 181 186 192 113 195 158 164 132 129 160 140 140 165 107 157 151 149
  146 172 143 126 175 162 123 123 127 191 184 153 134 165 123 175 103 191
  178 145 126 161 103 106 148]
 [  0 172 164 137 137 102 129 171 179 174 114 156 129 186 144 129 122 105
  168 171 127 138 192 159 121 146 144 158 125 161 182 186 101 142 190 146
  187 138 186 163 195 171 184 162 134 172 129 158 192 109 126 182 199 115
  123 182 148 183 131 138 147]
 [  0 132 104 119 121 136 153 102 103 120 186 128 152 100 175 174 191 121
  106 192 175 189 124 151 148 143 165 104 176 169 118 103 156 142 124 111
  166 160 156 100 174 141 150 138 100 161 115 101 113 133 166 193 184 191
  120 164 168 111 191 162 104]]
 job2fam
 [[1 0 0 0 0 0 0 0 0 0 0 0 0 0 0 0 0 0 0 0 0 0 0 0 0 0 0 0 0 0 0 0 0 0 0 0
  0 0 0 0 0 0 0 0 0 0 0 0 0 0 0 0 0 0 0 0 0 0 0 0 0]
 [0 0 0 0 1 0 0 0 0 0 0 0 0 0 0 0 0 0 0 1 0 1 0 0 0 0 0 0 0 1 0 0 1 0 0 0
  0 0 0 0 0 0 0 0 0 0 0 0 0 0 0 1 0 0 0 0 0 0 0 0 0]
 [0 0 0 0 0 0 0 0 0 0 0 0 0 0 0 1 0 0 0 0 1 0 0 1 0 1 0 0 0 0 0 0 0 1 0 1
  0 1 1 0 0 0 0 0 0 0 0 1 0 0 0 0 0 0 0 0 0 0 0 1 0]
 [0 0 0 0 0 0 0 0 0 1 0 0 1 1 1 0 0 0 1 0 0 0 0 0 0 0 0 0 0 0 1 0 0 0 1 0
  1 0 0 1 0 0 0 1 1 0 0 0 0 0 0 0 1 1 1 0 0 0 0 0 0]
 [0 1 1 1 0 1 1 0 0 0 1 1 0 0 0 0 0 0 0 0 0 0 1 0 1 0 1 0 1 0 0 0 0 0 0 0
  0 0 0 0 0 0 0 0 0 0 0 0 1 1 1 0 0 0 0 0 0 0 0 0 1]
 [0 0 0 0 0 0 0 1 1 0 0 0 0 0 0 0 1 1 0 0 0 0 0 0 0 0 0 1 0 0 0 1 0 0 0 0
  0 0 0 0 1 1 1 0 0 1 1 0 0 0 0 0 0 0 0 1 1 1 1 0 0]]
