params：
 weight-->(1, 10)
 proc_times-->(1, 100)
 setup_times-->(60, 120)
 delivery_times-->(100, 200)
 job_rate-->8

start:
alpha_1
8
 alpha_2
2.0
 mach
5
 job
40
 fam
12
 weigh
 [[0 4 9 5 2 1 9 9 3 7 6 3 6 1 8 3 3 3 6 9 7 1 6 6 4 1 2 8 5 7 3 1 7 6 2 7
  3 5 1 6 5]]
 proc_times
 [[  0  18   9  86  42  62   4  53  20  99  98  65  91  21  75  20  85  93
   36  77  25   6  42  35  32  48  30  54  31  28  63  30  36  43  41  65
   22  44  93  63  63]
 [  0  63  69  64   8  71  21   7   8   7   7  27  17  70  38  96  65   8
   86  57  50  53  72  64  44  38  82  78  44   3  59  57  54  86  32  50
   23  51  19  72  77]
 [  0  45  40  83  48  83  33  78  36  43  19  36  45   6  83  54  38  72
   94  47  30  62  44  49  21  11  52   2   9   6  72  49  92  85   7  14
   30   7   4 100  83]
 [  0  73  33  98  27   8  96  93  98  12  28  58  52  30   4  40  38  59
   28  55  51   2  26   5  63  60  89  52  84   9  53   3  93  32  84   8
   57  30  33  54  12]
 [  0  94  77  77  70  81  33  71 100  95  14  77  75  89  96  64  39  18
   77  81  41  15  35  21   7  21  49  82  24  76  59   8  65  49  79  88
   50  79  30  49  25]]
 setup_times
 [[[  0 112  93  71 107 109  82  96  97 106  65 102  73]
  [  0   0 111 101  76  98 108 119  67  94 115  93  77]
  [  0  64   0  73  92  96  71  99  69 108  86 103  80]
  [  0  70 112   0 104  88  87 106 114 108  88  93  77]
  [  0 117  65  63   0 110  93  62  78  91 106  76  71]
  [  0  96  64 112  77   0  90  65  74  73  63  72  63]
  [  0 101  91 116 104  78   0  66  83 109  67 103 117]
  [  0 103  83 110 104 100  92   0 119 101  82 115  76]
  [  0  90  94  97  95 108  61  90   0 110 107 102  94]
  [  0  82  73  91 107  77  63  88  93   0  99  79 109]
  [  0 100 106  82  96  60  73  92  82 103   0  74 119]
  [  0 101  72  86 112  99  60  72  81  76  83   0 116]
  [  0  78  81  66  64  74  93 114  91  77 112  72   0]]

 [[  0  72  99 114 107 111 110  83  81  77  65  88 107]
  [  0   0  86  92 101  70  93  90 114  72 108  77 113]
  [  0  88   0  74 112  82  68  87  67  84  82  69  70]
  [  0  70 109   0 116  90  88  77  73  61 101  79  85]
  [  0  79  89  85   0 106  96  77  74  92  83  60  96]
  [  0  88 103  93 106   0 115  69  97  91 118  75  82]
  [  0  65  70 116  95  84   0 114 111  67  60 106 116]
  [  0 108  97 114  92  69  76   0 118 107 112  85  87]
  [  0 108  63 103  67 111  85  65   0 108 111  75  61]
  [  0  75  80  78  95  95 108 106  79   0  66  78 104]
  [  0  74 106 116 113 108  68  67  95  74   0  61  65]
  [  0  75  84  94 103  75  63  96  90  85 116   0  69]
  [  0 110  74  91  74  83  80 114  92  76 110  96   0]]

 [[  0 106  66 112  90 116  80  64 107 105  60  71  91]
  [  0   0  84  70  64 108  61  88 113  90 109  86  87]
  [  0 105   0  64 111  92  88 115 100  76  98  91  78]
  [  0 114  98   0 108 101 110  93  96  82  71  78  76]
  [  0  90  99  92   0  95 106 115 117  60  86  79  71]
  [  0  77 104 107  78   0  82  80 110  77 102  72  64]
  [  0  92 106 114  89 117   0  96 118 118  78  68  83]
  [  0 112  62  64  89  64 112   0  92  78  84  89  88]
  [  0 119  86 107  90  99  77  92   0 102  73 104  68]
  [  0 119 101  62 109  87  91 119 114   0 100  97  66]
  [  0 102  69  73  72  72  79  99  77  64   0  76 110]
  [  0  90  66  67  90  81  99  89 113 110  93   0  99]
  [  0 103  73 115 115  64  66 102  80 103 111 118   0]]

 [[  0  77 105  67 118  64  91  70  63 111 103 102  78]
  [  0   0 116  94  78  87  68  76  77 106 108 110  69]
  [  0 105   0  76  98  67  65 110  96  86  95 109  81]
  [  0  84 100   0 115 117  65 107 119 108 102  62  71]
  [  0  78  80 107   0  97  63 116  74  72  78  72  60]
  [  0 111  60  66 115   0  84  65  62  83  65  73  60]
  [  0  88  92  79 103  86   0  63  83 118  71  76  74]
  [  0  76 112  70  86 116  74   0  72 104  98 110  66]
  [  0 113  93  82  61  85  93 110   0  78  98  95 111]
  [  0 117 116 111 117  94  92 117 105   0 115 118  66]
  [  0  98 111  66  99 118  86  79  70  96   0  61  73]
  [  0  79  98  62  83 116  80  66 102  62  79   0  97]
  [  0  74 108  89  87  65  76 114 108 118  98  60   0]]

 [[  0 112  99  95  80  72  72  67  92 100  93  60 115]
  [  0   0  64  73  62  97 108  80 102  63  97  85  71]
  [  0 112   0  79  78 113 113  81  74  60  78  97  66]
  [  0  76  80   0  64 103  81 107 111  82 113 106  82]
  [  0  76  93 102   0 104 102  60 110  90  91  79  69]
  [  0  90  84  73 111   0  80  67  83  66 114  72 108]
  [  0 117  86  60  78  85   0  72  71  87  84  86 108]
  [  0 111 105  86  69  80  65   0  81  97  98 117 112]
  [  0 106  83  66  60  95 107  78   0  89 105  78  98]
  [  0 117  79  73 119 111  70  86 104   0 112  94  66]
  [  0  92  63  63 104  71  87  64 101  72   0 106  74]
  [  0  88 115  98  88  88  95  63  70  80  77   0  74]
  [  0  89  75  90  92  74  76 114  80 104  64  95   0]]]
 delivery_times
 [[  0 157 142 184 170 193 141 171 114 167 165 190 144 185 158 151 141 176
  169 196 108 118 142 164 189 142 170 106 144 195 142 153 158 128 116 138
  199 121 179 179 135]
 [  0 124 130 114 140 144 128 115 186 182 178 138 100 101 186 182 126 147
  171 150 114 165 178 189 118 124 160 102 132 189 136 106 100 196 109 160
  170 148 100 173 164]
 [  0 133 190 176 123 184 150 178 115 113 126 199 112 196 132 191 117 157
  146 188 178 111 191 195 114 102 188 186 166 129 136 101 131 183 195 135
  185 119 159 107 116]
 [  0 168 137 174 136 179 178 122 159 189 133 115 193 171 103 158 180 132
  175 115 197 140 147 137 184 117 169 142 169 127 176 174 177 158 177 137
  147 121 167 121 164]
 [  0 176 104 142 121 155 102 134 171 181 155 100 128 154 119 180 150 195
  151 183 182 125 117 127 161 110 140 147 124 175 161 136 152 101 152 130
  116 126 104 177 106]]
 job2fam
 [[1 0 0 0 0 0 0 0 0 0 0 0 0 0 0 0 0 0 0 0 0 0 0 0 0 0 0 0 0 0 0 0 0 0 0 0
  0 0 0 0 0]
 [0 0 0 0 0 0 0 0 0 0 1 1 1 0 0 0 0 0 0 0 0 0 0 0 0 0 0 0 0 0 0 0 0 0 0 1
  0 0 0 0 0]
 [0 0 0 0 0 0 0 1 0 0 0 0 0 0 0 0 0 0 0 0 0 0 0 0 0 0 0 0 0 0 0 0 0 1 0 0
  0 0 0 0 0]
 [0 0 0 0 0 0 0 0 0 1 0 0 0 0 0 0 0 0 1 0 0 0 0 1 0 0 0 0 0 1 0 0 0 0 0 0
  0 0 0 0 0]
 [0 0 0 0 0 0 0 0 1 0 0 0 0 0 0 0 0 0 0 0 0 1 0 0 0 0 0 0 0 0 0 0 0 0 0 0
  0 0 0 0 0]
 [0 0 0 1 0 0 0 0 0 0 0 0 0 0 0 0 0 0 0 0 0 0 0 0 1 0 0 0 0 0 0 0 0 0 0 0
  0 1 0 0 0]
 [0 0 0 0 0 0 1 0 0 0 0 0 0 0 0 0 1 0 0 0 1 0 0 0 0 0 0 0 0 0 0 0 0 0 0 0
  0 0 1 0 0]
 [0 0 0 0 0 0 0 0 0 0 0 0 0 0 1 0 0 0 0 0 0 0 0 0 0 1 0 0 0 0 1 0 1 0 0 0
  0 0 0 1 0]
 [0 0 0 0 0 1 0 0 0 0 0 0 0 0 0 0 0 0 0 0 0 0 0 0 0 0 0 0 0 0 0 0 0 0 0 0
  0 0 0 0 0]
 [0 0 0 0 0 0 0 0 0 0 0 0 0 0 0 1 0 0 0 0 0 0 1 0 0 0 0 0 0 0 0 0 0 0 0 0
  0 0 0 0 0]
 [0 0 0 0 0 0 0 0 0 0 0 0 0 0 0 0 0 1 0 1 0 0 0 0 0 0 1 0 0 0 0 1 0 0 0 0
  0 0 0 0 0]
 [0 0 1 0 1 0 0 0 0 0 0 0 0 0 0 0 0 0 0 0 0 0 0 0 0 0 0 0 1 0 0 0 0 0 1 0
  1 0 0 0 0]
 [0 1 0 0 0 0 0 0 0 0 0 0 0 1 0 0 0 0 0 0 0 0 0 0 0 0 0 1 0 0 0 0 0 0 0 0
  0 0 0 0 1]]
