params：
 weight-->(1, 10)
 proc_times-->(1, 100)
 setup_times-->(15, 30)
 delivery_times-->(1, 100)
 job_rate-->5.0

start:
alpha_1
5.0
 alpha_2
0.5
 mach
2
 job
10
 fam
5
 weigh
 [[0 9 1 7 5 7 5 4 4 9 4]]
 proc_times
 [[  0  62  14  92  35  56  48  87 100  32  43]
 [  0  87  25  22  97  59  43   1  40  54  66]]
 setup_times
 [[[ 0 16 28 17 28 20]
  [ 0  0 27 25 29 20]
  [ 0 27  0 26 20 19]
  [ 0 18 16  0 22 19]
  [ 0 23 29 17  0 24]
  [ 0 19 23 25 21  0]]

 [[ 0 28 21 24 26 20]
  [ 0  0 20 26 18 27]
  [ 0 28  0 19 16 25]
  [ 0 20 21  0 23 29]
  [ 0 22 19 27  0 26]
  [ 0 22 19 23 28  0]]]
 delivery_times
 [[ 0 24 11 92 58 26 15 86 95 84 50]
 [ 0 47 65  4 64 95 94 47  9 81 62]]
 job2fam
 [[1 0 0 0 0 0 0 0 0 0 0]
 [0 0 0 0 0 0 0 1 0 0 0]
 [0 0 0 1 0 0 0 0 0 0 0]
 [0 0 0 0 1 1 0 0 1 0 0]
 [0 1 1 0 0 0 1 0 0 0 0]
 [0 0 0 0 0 0 0 0 0 1 1]]
