params：
 weight-->(1, 10)
 proc_times-->(1, 100)
 setup_times-->(60, 120)
 delivery_times-->(170, 200)
 job_rate-->12

start:
alpha_1
12
 alpha_2
2.0
 mach
5
 job
60
 fam
5
 weigh
 [[0 9 7 2 3 3 4 9 4 5 1 9 2 2 3 6 4 1 9 1 2 1 7 6 7 5 1 3 3 7 4 4 9 7 8 8
  3 7 9 1 4 9 1 7 2 9 6 2 7 9 8 2 9 8 7 9 7 5 1 9 8]]
 proc_times
 [[  0  73  13  66  44 100  82  77  10  19  93  83  66   1   1  78   4  87
   35  97  40  90 100  78  31 100  16  44  45  18  38  91  32  62  48  16
   97  76  36  63  63  80  23  24  94  79  80  96  49  71  57  31  95  96
   35  16   6  96  41  53  18]
 [  0  33  28  74  85  93  90  97  62  23  95  22  42  14  21  33  30  99
   87  33  42  66  22  44  79  26  89  60  61  56   1  49  92  23  57  65
   66  78  79  82  82  29  72  97  57  88  28  84  55  58  37  48  36  57
    3  26  32  27   4  76  89]
 [  0  52  18 100  22   5  74   6  74   9  33  32  98  71  31   9  26  24
   79  53  10  71  29  79   7  39  90  10  76  79   3  78  42  92  44  51
   32  87  49  69   1  42  19  54   8  50   3  75  23  91  34  60  48  89
   67  30  45  41  52  25  26]
 [  0  64  54  70  64  16   4  63  66  88  89  26  34  31  30   8  98  75
   83  33  19  46  54  35   6  39  20  16  13  58  42   3  62  78  42  30
   70  82  68  11  61  49  70  34  71  60   1  28  26  11  18  71  16  53
   41  64  45  31  82   8  40]
 [  0  58  40  86  12  66  11  14  40  24   5  54  35  78  27  63  22  58
   49  69  52   9  38   1  74  55  91  37  89   3  88  25  46  23  41  64
   52  36  47  26  89  28  40  28  26   1   8  97  79  38  79  10  95  15
   60  86   5  98  79 100  12]]
 setup_times
 [[[  0  80 114 112  79 108]
  [  0   0 100 115 115 103]
  [  0  63   0 102 100 105]
  [  0 108  95   0 110  61]
  [  0  84 113 110   0 119]
  [  0 113  96  62  81   0]]

 [[  0  74  91  72  62  73]
  [  0   0 112  87  89  91]
  [  0 107   0  96  78  70]
  [  0 111 107   0  80  61]
  [  0 109  76  97   0  70]
  [  0  81  94  91 114   0]]

 [[  0 116  69 102  75  89]
  [  0   0 112  85  97 118]
  [  0  92   0  76  77  80]
  [  0  69  94   0  85  88]
  [  0  72  81  99   0  71]
  [  0  66  80  66  92   0]]

 [[  0 117 111  62  75  76]
  [  0   0  86  75 105  95]
  [  0  84   0  88  62 113]
  [  0 110  74   0 108  87]
  [  0  87  90  91   0  81]
  [  0 101  74 112  70   0]]

 [[  0 116  99 115  78 116]
  [  0   0  96  66  83  72]
  [  0  87   0 100  73  96]
  [  0 114  66   0  98  80]
  [  0 113  78  68   0  64]
  [  0 111  90 107  79   0]]]
 delivery_times
 [[  0 179 183 183 193 194 196 190 197 196 192 172 174 185 173 187 189 183
  172 172 174 179 178 186 180 173 190 191 195 194 188 187 185 179 172 197
  172 198 172 189 193 197 185 198 184 190 184 180 191 191 170 170 183 177
  172 190 176 192 196 182 190]
 [  0 172 174 193 176 185 183 185 172 193 179 195 176 175 186 171 186 186
  188 179 173 184 183 188 182 184 195 174 193 172 176 172 195 175 175 190
  187 198 183 174 175 199 174 184 196 181 178 190 171 187 189 181 181 192
  189 182 178 181 173 198 180]
 [  0 178 179 174 184 191 185 173 182 184 184 175 185 189 189 194 194 190
  179 172 171 192 181 190 173 195 176 175 193 178 196 189 193 187 194 197
  171 180 170 199 191 173 179 172 193 176 197 184 176 196 182 191 198 185
  176 184 170 187 177 195 176]
 [  0 189 197 188 178 199 183 187 190 196 174 185 186 180 192 195 194 177
  182 176 192 179 188 181 188 174 171 199 181 172 199 173 183 182 182 187
  176 172 197 191 185 195 185 199 184 177 173 194 180 196 186 177 183 173
  192 196 176 185 199 172 193]
 [  0 176 171 175 181 175 195 180 185 177 194 171 173 193 187 194 174 194
  177 191 176 182 177 197 182 175 196 195 195 192 197 184 176 192 175 174
  182 185 172 171 181 170 194 194 197 189 187 177 193 191 185 172 173 199
  174 189 198 171 177 180 180]]
 job2fam
 [[1 0 0 0 0 0 0 0 0 0 0 0 0 0 0 0 0 0 0 0 0 0 0 0 0 0 0 0 0 0 0 0 0 0 0 0
  0 0 0 0 0 0 0 0 0 0 0 0 0 0 0 0 0 0 0 0 0 0 0 0 0]
 [0 0 0 0 1 0 0 0 0 0 0 0 0 0 0 0 0 0 0 1 0 1 0 0 0 0 0 0 0 1 0 0 1 0 0 0
  0 0 0 0 0 0 0 0 0 0 0 0 0 0 0 1 0 0 0 0 0 0 0 0 0]
 [0 0 0 0 0 0 0 0 0 0 0 0 0 0 0 1 0 0 0 0 1 0 0 1 0 1 0 0 0 0 0 0 0 1 0 1
  0 1 1 0 0 0 0 0 0 0 0 1 0 0 0 0 0 0 0 0 0 0 0 1 0]
 [0 0 0 0 0 0 0 0 0 1 0 0 1 1 1 0 0 0 1 0 0 0 0 0 0 0 0 0 0 0 1 0 0 0 1 0
  1 0 0 1 0 0 0 1 1 0 0 0 0 0 0 0 1 1 1 0 0 0 0 0 0]
 [0 1 1 1 0 1 1 0 0 0 1 1 0 0 0 0 0 0 0 0 0 0 1 0 1 0 1 0 1 0 0 0 0 0 0 0
  0 0 0 0 0 0 0 0 0 0 0 0 1 1 1 0 0 0 0 0 0 0 0 0 1]
 [0 0 0 0 0 0 0 1 1 0 0 0 0 0 0 0 1 1 0 0 0 0 0 0 0 0 0 1 0 0 0 1 0 0 0 0
  0 0 0 0 1 1 1 0 0 1 1 0 0 0 0 0 0 0 0 1 1 1 1 0 0]]
