params：
 weight-->(1, 10)
 proc_times-->(1, 100)
 setup_times-->(15, 30)
 delivery_times-->(1, 30)
 job_rate-->12

start:
alpha_1
12
 alpha_2
0.5
 mach
5
 job
60
 fam
8
 weigh
 [[0 3 3 7 4 2 7 4 8 9 3 1 1 2 6 4 8 3 1 3 1 7 6 3 5 1 3 2 8 9 6 1 4 2 8 4
  3 3 1 9 4 7 1 4 7 4 9 8 6 2 1 7 4 7 1 5 5 3 5 4 7]]
 proc_times
 [[ 0 89 29 69 85 11 72 90 98 65 36 56 45 75 77 60  9 65 80 87 28 24 92 87
  20 26 75 40 42  1 43 27 52 10 39 86 16 59 30 45 77 75  4 23 58 66 49 64
  96 56 49 95 12 29 74 69 14  9 44 18 95]
 [ 0 95 75 82 38 91 34 87 55 62 24 92 94 74 96 81 97 97 10 41 90 22  8 48
   3 17 81 72  7 87 86 48 68 31 76 41 15 79 29 53 90 84 96 42 71 75 24 65
  20 59 10 11 22 44 15 71 47 55  9 79 17]
 [ 0 89 76 64 56 99  3  7 88 64 18 43 69 18 27 14 17 25 60 99 86 41 59 42
  76  5 16 52 17 69 72 89 37 25 55 22 12 28 72 49 33 58 19 37 79  1 69 99
  19 50 92 44  5 96 44 91 68 43 91 29 18]
 [ 0 89 51 68 61 27 55 63 15 40 23 85 71 11 47 43  5 48 40 11 51 85  6 90
  86 95 65 36 74 72 80 97 91 21 80 95 29  3 42 84 35 68 64 45 90 70 30 52
  66 58 52 93 54  8 49 45 62 65 69 94  7]
 [ 0  2 25 56 68 86 26 12  7 99 74 98 93 91 44 18  8 64 82 73 93 77  8 12
  45 27 96 62 66 45 89 99 50 52 19  7 89 69 40 88 60 53 79  9 66 17 39 24
  93 21 20 31 91 45 84 35 38 92 22 10 51]]
 setup_times
 [[[ 0 16 18 15 23 27 28 27 21]
  [ 0  0 26 24 29 18 21 28 20]
  [ 0 17  0 15 18 24 20 26 23]
  [ 0 29 25  0 20 16 29 23 26]
  [ 0 17 16 27  0 22 19 19 26]
  [ 0 17 28 16 25  0 22 24 23]
  [ 0 21 15 28 25 26  0 17 19]
  [ 0 22 19 17 16 18 29  0 27]
  [ 0 29 19 18 28 29 24 28  0]]

 [[ 0 15 24 25 17 19 24 21 27]
  [ 0  0 15 28 19 22 28 23 21]
  [ 0 23  0 15 26 22 23 20 20]
  [ 0 29 29  0 16 27 19 24 15]
  [ 0 22 21 17  0 25 29 20 21]
  [ 0 27 19 21 24  0 18 28 18]
  [ 0 29 28 16 27 17  0 29 28]
  [ 0 22 26 25 21 22 16  0 24]
  [ 0 29 21 22 27 24 29 27  0]]

 [[ 0 21 22 27 19 19 25 27 24]
  [ 0  0 29 21 24 26 28 19 23]
  [ 0 22  0 27 17 29 27 18 17]
  [ 0 16 16  0 23 27 17 27 15]
  [ 0 23 24 20  0 26 29 24 18]
  [ 0 21 23 18 29  0 24 26 15]
  [ 0 15 22 29 18 16  0 24 15]
  [ 0 22 26 26 16 17 22  0 21]
  [ 0 17 23 20 24 17 27 28  0]]

 [[ 0 20 18 19 27 16 28 29 28]
  [ 0  0 21 28 16 21 29 16 23]
  [ 0 15  0 22 15 20 28 18 25]
  [ 0 28 29  0 27 27 15 22 17]
  [ 0 16 28 21  0 25 25 29 26]
  [ 0 16 26 16 19  0 17 17 20]
  [ 0 28 23 21 18 23  0 24 15]
  [ 0 17 17 25 16 18 22  0 17]
  [ 0 27 17 29 24 26 27 23  0]]

 [[ 0 23 23 24 28 26 17 19 28]
  [ 0  0 28 21 17 17 21 28 17]
  [ 0 20  0 26 24 24 15 16 18]
  [ 0 22 21  0 25 28 23 24 18]
  [ 0 15 19 24  0 25 27 21 27]
  [ 0 29 19 17 21  0 20 26 27]
  [ 0 24 23 28 27 17  0 18 24]
  [ 0 29 15 20 23 26 21  0 18]
  [ 0 18 27 16 23 28 21 29  0]]]
 delivery_times
 [[ 0  5 22 20  5 12  4  3  9  6  8 13 22  8 13 24 13 17 29 11 13 15 21 14
  16  6 28  3 19  8 27  5 13 10  9 10 26 12 18 14 23  2 16 29 26  6  6 16
   3 17 18 23 28 26 24  6 17  9  3 14 26]
 [ 0 18 20 17 23 25  3  5 16  7 12 14 14  4 17 20  5  9 14 26 23 21 20  1
  27 25 23 19 25 18  2 25 14  3 22 29 27 23 26 26 14 21 20 23  3  1 27 27
  12 20 13 12 20 27  5  5 28 10  7 10  5]
 [ 0 15 11  7 23  4 13 28 24  9 24  4 18 11  1 15  7 12 10  8 10 27 13  8
  28  5  2 14  7 25 28  9 10  6 19  3  4  4 28 12 29 22 12 13 14  6 11 24
  13  5 23  8 13 10 10 12 21 11 23 17 25]
 [ 0 26 11  8 20 23 15 24 28 25 10  1 14  3 28  9 18  9 29 15 17 20 13  1
   2  6 19  5  8 14  2 10 16 12 20  9 18  5 12  4 19  3 16  3 12 21 24 21
   7 27 12 25 17  1 25 10 28 19 14  4 26]
 [ 0  2 18  8  9 29 26  6 24  5 15 28  2 26 15 21 18 29 25  1  3 12 29 14
  12 14 10 28  3 28 16 25  8  7  9 17 16 13 25 17 10 14 27 16 29 13 15 14
  25 15 21  4 29 10 26  8  2  9 18 19 27]]
 job2fam
 [[1 0 0 0 0 0 0 0 0 0 0 0 0 0 0 0 0 0 0 0 0 0 0 0 0 0 0 0 0 0 0 0 0 0 0 0
  0 0 0 0 0 0 0 0 0 0 0 0 0 0 0 0 0 0 0 0 0 0 0 0 0]
 [0 0 0 0 0 0 0 0 0 0 0 0 0 0 0 0 0 0 0 0 0 0 0 0 0 0 0 0 0 1 0 0 0 0 0 0
  1 0 1 0 0 0 0 0 0 0 0 0 0 0 0 0 0 1 0 0 0 0 0 0 0]
 [0 0 0 0 1 1 0 0 0 0 0 0 0 0 0 1 0 0 0 0 0 0 0 1 0 0 0 0 0 0 0 0 0 1 0 0
  0 0 0 0 0 0 0 0 0 0 0 0 0 0 0 0 0 0 0 0 0 0 0 0 0]
 [0 0 0 0 0 0 0 0 0 0 0 0 0 1 0 0 0 0 1 1 0 0 0 0 0 0 0 0 0 0 0 0 1 0 0 0
  0 0 0 0 0 0 0 0 1 0 0 1 0 0 0 0 0 0 0 0 0 0 0 0 0]
 [0 0 1 0 0 0 0 0 0 0 0 0 0 0 0 0 0 1 0 0 0 0 1 0 0 0 0 0 0 0 0 1 0 0 0 0
  0 1 0 0 0 1 0 0 0 0 0 0 0 0 0 0 0 0 0 0 0 0 0 1 0]
 [0 0 0 0 0 0 1 0 1 1 0 0 0 0 0 0 0 0 0 0 1 0 0 0 0 0 0 0 0 0 0 0 0 0 0 0
  0 0 0 0 1 0 0 0 0 0 0 0 0 0 0 0 0 0 0 0 0 0 1 0 1]
 [0 0 0 0 0 0 0 0 0 0 0 0 0 0 0 0 1 0 0 0 0 0 0 0 1 0 0 1 0 0 1 0 0 0 1 0
  0 0 0 0 0 0 0 0 0 0 0 0 1 0 0 0 0 0 0 1 0 1 0 0 0]
 [0 1 0 0 0 0 0 0 0 0 0 0 1 0 1 0 0 0 0 0 0 1 0 0 0 0 0 0 1 0 0 0 0 0 0 1
  0 0 0 0 0 0 1 0 0 1 0 0 0 0 1 1 1 0 1 0 1 0 0 0 0]
 [0 0 0 1 0 0 0 1 0 0 1 1 0 0 0 0 0 0 0 0 0 0 0 0 0 1 1 0 0 0 0 0 0 0 0 0
  0 0 0 1 0 0 0 1 0 0 1 0 0 1 0 0 0 0 0 0 0 0 0 0 0]]
