params：
 weight-->(1, 10)
 proc_times-->(1, 100)
 setup_times-->(15, 30)
 delivery_times-->(100, 200)
 job_rate-->5.0

start:
alpha_1
5.0
 alpha_2
0.5
 mach
2
 job
10
 fam
5
 weigh
 [[0 5 8 8 5 5 6 1 6 9 1]]
 proc_times
 [[  0  42  21  53  91  39  82  35  93  74  53]
 [  0  44  64  70  29 100  25  48   5  43  22]]
 setup_times
 [[[ 0 20 24 27 18 29]
  [ 0  0 22 23 21 27]
  [ 0 25  0 29 28 18]
  [ 0 29 20  0 15 19]
  [ 0 15 22 25  0 17]
  [ 0 27 28 22 28  0]]

 [[ 0 27 21 28 28 25]
  [ 0  0 16 24 22 16]
  [ 0 25  0 18 18 26]
  [ 0 21 15  0 22 20]
  [ 0 22 19 18  0 25]
  [ 0 23 29 21 26  0]]]
 delivery_times
 [[  0 152 118 100 109 130 102 167 122 173 158]
 [  0 105 167 155 151 159 105 167 132 169 179]]
 job2fam
 [[1 0 0 0 0 0 0 0 0 0 0]
 [0 0 0 0 0 0 0 1 0 0 0]
 [0 0 0 1 0 0 0 0 0 0 0]
 [0 0 0 0 1 1 0 0 1 0 0]
 [0 1 1 0 0 0 1 0 0 0 0]
 [0 0 0 0 0 0 0 0 0 1 1]]
