params：
 weight-->(1, 10)
 proc_times-->(1, 100)
 setup_times-->(15, 30)
 delivery_times-->(1, 100)
 job_rate-->12

start:
alpha_1
12
 alpha_2
0.5
 mach
5
 job
60
 fam
8
 weigh
 [[0 7 9 9 6 8 8 3 6 7 4 9 2 2 9 6 1 2 7 2 3 9 1 6 3 6 7 5 8 6 2 2 2 5 1 4
  1 1 8 7 7 2 6 3 9 9 7 1 3 6 1 5 1 1 2 8 8 8 5 3 3]]
 proc_times
 [[  0  91  10  98  59  82  20  96  88  36  88  10  92  51  59  66  78  75
   46  48  74  45  12  74  94  66  67  21  77  27  36  75  75  30  35  26
   25  80  59  24  28  78  82   9  45  16  47  75  16  17  16  10  30  29
   42  67  18  28  44  89   6]
 [  0  29  51  67  12   2  55   6  33  83  94  81  50  50  63  63  86  22
    5  62  60  18  37  10  89  53  14  16  56  42  64  45   9  15  75  56
   64  95  58  85   5  44  36  90  42  24  72   6  89  45  21  87  16  79
   39  17   8  95   3  73  38]
 [  0  64  66  93  31  54  31  57  55  68  85  19  91  28  55  97  89  42
   66  85  86  40  18  13  22  52  51  55  49  29  68  71  91  48  44  68
   61  19  35  95  72  82  89  79  50  74  31  40  47  56  41  95  94  13
   83  85  46  33  97  98  59]
 [  0  82  13  33  92  73  10   6  90  17  59  33  20  63  23  16  51  65
   46   6  88  81  78  48  52  95   3  79  73  67  59  23  39  56  19  75
   83  58  59  69 100  93  71  75  43  62  83  19  21  64  47  71  56  28
   36  50  70  26  89  74  62]
 [  0  52  63  67  58  80  79  95  58  29  10  87  85  93  15  10  21  68
   81  42  99  14  31  99  65  96  74  48  95  39  69  40   2  27  72  59
   59  37  15  43  81   3  69  81  37  77  38   7  66  27  92   7  32  84
   99  26  61  68  61  38  26]]
 setup_times
 [[[ 0 24 16 17 26 18 24 28 19]
  [ 0  0 26 15 16 28 21 19 24]
  [ 0 27  0 27 27 27 24 16 16]
  [ 0 28 18  0 26 15 17 18 28]
  [ 0 20 18 18  0 22 22 27 26]
  [ 0 23 18 27 15  0 21 26 18]
  [ 0 23 20 16 26 20  0 18 22]
  [ 0 28 27 29 23 27 26  0 25]
  [ 0 17 26 16 25 25 16 28  0]]

 [[ 0 25 24 28 23 15 16 26 25]
  [ 0  0 29 28 19 22 21 21 29]
  [ 0 19  0 17 18 29 16 17 29]
  [ 0 25 26  0 17 15 19 28 19]
  [ 0 18 19 19  0 25 19 27 18]
  [ 0 22 26 19 16  0 22 21 24]
  [ 0 22 16 21 16 24  0 18 22]
  [ 0 19 28 15 20 28 24  0 20]
  [ 0 23 21 29 28 26 29 27  0]]

 [[ 0 20 22 29 15 15 27 24 15]
  [ 0  0 17 26 20 23 15 22 20]
  [ 0 23  0 15 22 20 16 22 21]
  [ 0 25 17  0 15 20 16 20 29]
  [ 0 27 23 19  0 15 20 28 21]
  [ 0 22 17 28 23  0 26 26 15]
  [ 0 17 15 25 15 21  0 28 23]
  [ 0 24 27 19 26 22 23  0 20]
  [ 0 26 17 17 15 23 26 18  0]]

 [[ 0 15 16 27 16 24 22 21 20]
  [ 0  0 15 22 22 25 28 25 28]
  [ 0 28  0 15 22 27 27 18 24]
  [ 0 18 22  0 29 22 21 27 20]
  [ 0 29 19 21  0 29 28 25 16]
  [ 0 28 16 29 15  0 17 29 15]
  [ 0 15 19 23 27 18  0 19 28]
  [ 0 29 29 29 17 21 28  0 23]
  [ 0 28 25 24 22 17 29 29  0]]

 [[ 0 18 18 29 27 18 25 21 24]
  [ 0  0 17 27 16 24 15 18 28]
  [ 0 27  0 22 23 17 24 22 27]
  [ 0 23 27  0 27 27 20 27 18]
  [ 0 28 29 24  0 17 20 22 23]
  [ 0 18 19 24 19  0 15 19 25]
  [ 0 16 18 29 28 15  0 15 29]
  [ 0 24 21 22 24 18 23  0 23]
  [ 0 15 19 22 19 21 22 20  0]]]
 delivery_times
 [[ 0 71 51 57 27 97 94 78 18 61 21  1 62 55 19 71 36  5 18 25 74 92 92 59
  12  9 34 28 56 29  6 22 55 30 25 60 45  7 67 86 11 32 88 51 95 29 56 87
  48 67 67  8 47 39 99 22 39  8 56  4 38]
 [ 0 59  2 99 50 84 27 10 76 35 21 28 79 22 29 19 20 70 76 68 43 88 37 21
  92 63 76  4 70 96 21 59 13 76 83 44 40  7  3 69 23 25 59  5 94 93 58 76
  65 59 70 10  2 40 71 91 33 78  3 71 39]
 [ 0 61 73 31 90 11 66 87 83 21 48 63 23 25 94 38 80 94 43 72 75 32 66 45
   7  2 27 24 25 86 17 25 82 11 60 93 47 41 81 65 94 78 25 54 62 54 33 56
  95 68 12 46 79 37 43 34 62 63  2 53 46]
 [ 0 96 27 15 85 85 85 84 76 79 43 49 45 32 88 32 75 70 88 24 94 93  3 94
  77 63  2  4 86 65 15 30 96 17 22 93 96 75 20 50 11  5 86 67 25 80 68 98
   7 66 17 21 98 86 68 22 39 95 28 21 24]
 [ 0 81 57 49 98 91 24 13 84 89 32 97 82 30 21 30 99 37 61 58 40  7 10 39
  57 30 20 20 66  4  8 94 29 63 20 82 32 46 44 93 71  7  7 62 24 23 91 31
  30 58 65 94 19 22 65 60 22 35 44 31 86]]
 job2fam
 [[1 0 0 0 0 0 0 0 0 0 0 0 0 0 0 0 0 0 0 0 0 0 0 0 0 0 0 0 0 0 0 0 0 0 0 0
  0 0 0 0 0 0 0 0 0 0 0 0 0 0 0 0 0 0 0 0 0 0 0 0 0]
 [0 0 0 0 0 0 0 0 0 0 0 0 0 0 0 0 0 0 0 0 0 0 0 0 0 0 0 0 0 1 0 0 0 0 0 0
  1 0 1 0 0 0 0 0 0 0 0 0 0 0 0 0 0 1 0 0 0 0 0 0 0]
 [0 0 0 0 1 1 0 0 0 0 0 0 0 0 0 1 0 0 0 0 0 0 0 1 0 0 0 0 0 0 0 0 0 1 0 0
  0 0 0 0 0 0 0 0 0 0 0 0 0 0 0 0 0 0 0 0 0 0 0 0 0]
 [0 0 0 0 0 0 0 0 0 0 0 0 0 1 0 0 0 0 1 1 0 0 0 0 0 0 0 0 0 0 0 0 1 0 0 0
  0 0 0 0 0 0 0 0 1 0 0 1 0 0 0 0 0 0 0 0 0 0 0 0 0]
 [0 0 1 0 0 0 0 0 0 0 0 0 0 0 0 0 0 1 0 0 0 0 1 0 0 0 0 0 0 0 0 1 0 0 0 0
  0 1 0 0 0 1 0 0 0 0 0 0 0 0 0 0 0 0 0 0 0 0 0 1 0]
 [0 0 0 0 0 0 1 0 1 1 0 0 0 0 0 0 0 0 0 0 1 0 0 0 0 0 0 0 0 0 0 0 0 0 0 0
  0 0 0 0 1 0 0 0 0 0 0 0 0 0 0 0 0 0 0 0 0 0 1 0 1]
 [0 0 0 0 0 0 0 0 0 0 0 0 0 0 0 0 1 0 0 0 0 0 0 0 1 0 0 1 0 0 1 0 0 0 1 0
  0 0 0 0 0 0 0 0 0 0 0 0 1 0 0 0 0 0 0 1 0 1 0 0 0]
 [0 1 0 0 0 0 0 0 0 0 0 0 1 0 1 0 0 0 0 0 0 1 0 0 0 0 0 0 1 0 0 0 0 0 0 1
  0 0 0 0 0 0 1 0 0 1 0 0 0 0 1 1 1 0 1 0 1 0 0 0 0]
 [0 0 0 1 0 0 0 1 0 0 1 1 0 0 0 0 0 0 0 0 0 0 0 0 0 1 1 0 0 0 0 0 0 0 0 0
  0 0 0 1 0 0 0 1 0 0 1 0 0 1 0 0 0 0 0 0 0 0 0 0 0]]
