params：
 weight-->(1, 10)
 proc_times-->(1, 100)
 setup_times-->(15, 30)
 delivery_times-->(100, 200)
 job_rate-->5.0

start:
alpha_1
5.0
 alpha_2
0.5
 mach
2
 job
10
 fam
5
 weigh
 [[0 4 7 9 6 1 7 4 7 5 3]]
 proc_times
 [[ 0 52 12 57 79 32 25 48 93 64 79]
 [ 0 39 62 86  2  7 98 24 14 75 21]]
 setup_times
 [[[ 0 18 21 19 29 28]
  [ 0  0 16 24 24 29]
  [ 0 16  0 29 29 24]
  [ 0 25 25  0 19 26]
  [ 0 22 24 19  0 22]
  [ 0 15 21 15 26  0]]

 [[ 0 26 29 17 20 26]
  [ 0  0 22 25 16 15]
  [ 0 17  0 28 17 16]
  [ 0 26 23  0 21 17]
  [ 0 16 18 18  0 17]
  [ 0 19 29 27 26  0]]]
 delivery_times
 [[  0 157 107 165 126 115 107 170 170 158 134]
 [  0 157 188 188 161 106 181 164 139 149 192]]
 job2fam
 [[1 0 0 0 0 0 0 0 0 0 0]
 [0 0 0 0 0 0 0 1 0 0 0]
 [0 0 0 1 0 0 0 0 0 0 0]
 [0 0 0 0 1 1 0 0 1 0 0]
 [0 1 1 0 0 0 1 0 0 0 0]
 [0 0 0 0 0 0 0 0 0 1 1]]
