params：
 weight-->(1, 10)
 proc_times-->(1, 100)
 setup_times-->(60, 120)
 delivery_times-->(1, 100)
 job_rate-->12

start:
alpha_1
12
 alpha_2
2.0
 mach
5
 job
60
 fam
5
 weigh
 [[0 6 1 8 6 4 2 4 1 5 7 6 2 7 3 6 7 1 4 2 9 5 6 8 7 5 5 2 4 2 1 7 5 5 5 1
  6 7 9 5 3 3 6 5 2 2 1 3 2 2 2 9 7 2 6 9 5 8 8 1 1]]
 proc_times
 [[  0  81   1  41  54  92  26  70  59  81   3  41  78  66  65  25  84  95
   96  97  98  50  31  36  27  97  97  57  55  48  20  44  12  72  77  34
   52  71  90  77  49  30  25  89  99  30  22  42  18  46  48  97  27   7
   43  48  42  44  61  90  13]
 [  0  97  48  34  99  63  62  44  57  68  19  92  84  90  93   3   7 100
   74  95  58  13  77  16  37  86  82  16  88  95  24  58   3  85  56  38
   47  48  32  28  60  72  75   5  87  22  68  77  38  61  62  70   2  34
   30  86  90  16  82  53  94]
 [  0  69  99  53  99  43  91  19  22  82  47  37  12  94  29  11  58   1
   73   2  38  44   9  43  45  30  61  19  66  62  28  96  82   7  84  22
   65  27  85  23  80  97  50  89  55  87  57  15  99  79  33  68  36  45
   39  74  28  70   8  81  98]
 [  0  21  40  40  31  17   9  73  88  50  47  99  60  20  62  55  96   4
   45  11  50  72  40  83  72  62  64  44  87   7  85  74  45  83   5  98
   87  18  86   3  34  98  59 100  79  87  89  23  41  24  58  22  65  70
   93  76  23  43   2  51  24]
 [  0  30  76  70  81   7  64  39  43  19 100   6  46  20  80  22  22  30
   46   3  23  10  49  10  45  85  50  23  26  80  13  18  76  86  49  70
    8  38   1  97  32  11   3   6  99  29  65  95  69  84  85  40  19  88
   47  80  73  36  72   7  43]]
 setup_times
 [[[  0 100  75  67  64  68]
  [  0   0 101 106  68 116]
  [  0  89   0 115 101  92]
  [  0  82 119   0  79  60]
  [  0 110 119  67   0 114]
  [  0 111  99  62  89   0]]

 [[  0  64 102  96  77 119]
  [  0   0 105  68  63  83]
  [  0  75   0  62  92  86]
  [  0  99  81   0 110  76]
  [  0  88  81  97   0 116]
  [  0 110  64  77 106   0]]

 [[  0  84 114  63  81  85]
  [  0   0  99  78 119  71]
  [  0  83   0 113  86 102]
  [  0 107 107   0 114  82]
  [  0  72  90 116   0 118]
  [  0 114  90  74 105   0]]

 [[  0  67  80  92  63 119]
  [  0   0  86  89  89  60]
  [  0  71   0  63  65 114]
  [  0  72  71   0  86 112]
  [  0 112  73  93   0 107]
  [  0  99 100  66 112   0]]

 [[  0  67  87 115  92  61]
  [  0   0  94  93 110 112]
  [  0  71   0  61  68  95]
  [  0  78 117   0  67  88]
  [  0 109  70 111   0 100]
  [  0 106  84  86  71   0]]]
 delivery_times
 [[ 0 69 23 61 17  9 95 60 95 10 84 94 29 68 21 27 76 83 69 64 26 12 85 55
  53 18  3 78 10 37 94 13 20 27 92  8 52 57 82 39 72 52 46 89  8 20 19 19
  39 95 13 10 45 78 22 31 46 86 13 73 57]
 [ 0 39 72 77 95 93 54  4 94  8 91 22 88 51  1 69 99 56 53 42  7  8  2 63
  60 56 42 12 96 16 77 99  9 41 50 86 26 43  5  3 53 60 30 26 10  5 66 36
   8 77 78 17 98 99 91  2 31 83 78 59 58]
 [ 0  6 88 15  1 44 68 41 42 36 31 45 57 58 76 25 96 81 19 34  5 48 13 43
  62 12 78 23 61 91 53 56 62 71 89 84 87 96 21 95  3 62 57 40 66 23 89 85
  11 57 29 89  6 41 69 45 62 94 37 19 45]
 [ 0 20 50 79 42 68 23 36 92 59 72 46 55  2 21 82 51 96  8 45 47 11 21 85
  53 25 32  2 50 88 72  6 15 57 36 67 86  6 27 87 24  4 50 25 51 26 30 73
  23 58 26 27  1 50 52  9  9 90 74 68 14]
 [ 0 75 92 99 50 69 63 51 86 17 98 24 68  6 82 22 27 41 96 40 28 50 94 33
  37 80 62 62 25 58 47 10  6 52 44 32 93 45 21 35 49 62 25 84 94 59 99 60
  67 54 18 18 66 53  4 48 26 35 60 27 64]]
 job2fam
 [[1 0 0 0 0 0 0 0 0 0 0 0 0 0 0 0 0 0 0 0 0 0 0 0 0 0 0 0 0 0 0 0 0 0 0 0
  0 0 0 0 0 0 0 0 0 0 0 0 0 0 0 0 0 0 0 0 0 0 0 0 0]
 [0 0 0 0 1 0 0 0 0 0 0 0 0 0 0 0 0 0 0 1 0 1 0 0 0 0 0 0 0 1 0 0 1 0 0 0
  0 0 0 0 0 0 0 0 0 0 0 0 0 0 0 1 0 0 0 0 0 0 0 0 0]
 [0 0 0 0 0 0 0 0 0 0 0 0 0 0 0 1 0 0 0 0 1 0 0 1 0 1 0 0 0 0 0 0 0 1 0 1
  0 1 1 0 0 0 0 0 0 0 0 1 0 0 0 0 0 0 0 0 0 0 0 1 0]
 [0 0 0 0 0 0 0 0 0 1 0 0 1 1 1 0 0 0 1 0 0 0 0 0 0 0 0 0 0 0 1 0 0 0 1 0
  1 0 0 1 0 0 0 1 1 0 0 0 0 0 0 0 1 1 1 0 0 0 0 0 0]
 [0 1 1 1 0 1 1 0 0 0 1 1 0 0 0 0 0 0 0 0 0 0 1 0 1 0 1 0 1 0 0 0 0 0 0 0
  0 0 0 0 0 0 0 0 0 0 0 0 1 1 1 0 0 0 0 0 0 0 0 0 1]
 [0 0 0 0 0 0 0 1 1 0 0 0 0 0 0 0 1 1 0 0 0 0 0 0 0 0 0 1 0 0 0 1 0 0 0 0
  0 0 0 0 1 1 1 0 0 1 1 0 0 0 0 0 0 0 0 1 1 1 1 0 0]]
