params：
 weight-->(1, 10)
 proc_times-->(1, 100)
 setup_times-->(15, 30)
 delivery_times-->(170, 200)
 job_rate-->12

start:
alpha_1
12
 alpha_2
0.5
 mach
5
 job
60
 fam
8
 weigh
 [[0 2 8 3 7 6 1 9 1 4 4 3 9 5 2 3 3 9 6 3 9 7 9 8 2 8 5 1 6 6 8 6 2 5 6 2
  3 4 1 6 2 9 4 3 4 4 6 9 3 2 3 2 6 6 7 4 4 2 1 2 5]]
 proc_times
 [[  0  42  29  78  20  83  81   3  59  18  41  22   5   2  24  21  10  66
   11  95   5  51  47  78  97  54  12  59  17  96  61  25  57  38  96   1
   98  76  72  51  51  52  56  63  73  13  24  37  86  89  40  69  90  36
   45  43  25  80  20  28  88]
 [  0  34  98   1  51   3  72  90  38  19  38  72  28  44  97  99  98  46
   30   5  55  75  78  13  54  42  68  57  96  90  36  50  55  40  56  56
   88  34   4  59  33   5  67   5  79  17  23  33  34  20  83  47  46  64
   22   3  10   3  31  30  88]
 [  0  33  75  17  71  68  69  84  96   9  90  16   6  41  47  22  55  99
  100  96  74  68  71  76  56  79  81  66  73  99  43  25  35  59  37  92
   48  10  60  32   2  61  31  62  52  54  49  53  28  49  34  92  42   4
   27   2  75  89   2  45  73]
 [  0  38  41  29  20  13  69  67  96  57  89  76  16  14  54  51  35  97
   37 100  63   5  51  49  20   5  63   6  25  62  66  89   6  22  87  35
   64  23  91  46  45  69  63  51  46   7  57  33  92  41  47  72   9  55
   99  24  98  46  33  68  71]
 [  0  89  83  68  32  35  23  23  70   4  40  77  16  93  43  83  80  41
   23  35  45  70  42  80  47  56  55  74  37  90  56  11  52  99  86  80
   26  24  35 100  95 100  67  11  21  49   6  54 100  62  13  76   6   6
   71  17  39  77  30  91  46]]
 setup_times
 [[[ 0 27 28 21 26 17 28 25 17]
  [ 0  0 20 26 22 24 15 19 29]
  [ 0 23  0 27 16 25 23 29 28]
  [ 0 28 18  0 16 17 23 22 16]
  [ 0 24 28 18  0 23 19 16 26]
  [ 0 24 20 28 25  0 17 21 28]
  [ 0 19 27 28 18 21  0 15 20]
  [ 0 17 17 19 23 21 27  0 25]
  [ 0 27 16 21 22 22 20 26  0]]

 [[ 0 22 28 29 27 28 24 20 23]
  [ 0  0 29 28 27 28 29 17 29]
  [ 0 24  0 17 25 27 26 24 18]
  [ 0 19 26  0 25 27 15 20 24]
  [ 0 19 22 18  0 28 21 15 28]
  [ 0 29 19 28 22  0 27 20 15]
  [ 0 29 29 20 29 17  0 25 24]
  [ 0 16 15 19 29 29 29  0 18]
  [ 0 23 17 17 26 27 26 25  0]]

 [[ 0 18 26 22 26 23 26 18 23]
  [ 0  0 22 25 27 27 24 25 27]
  [ 0 22  0 26 29 24 19 17 27]
  [ 0 25 27  0 28 21 24 15 24]
  [ 0 26 23 17  0 27 26 26 21]
  [ 0 25 29 16 25  0 16 25 16]
  [ 0 15 29 24 22 24  0 27 15]
  [ 0 29 26 21 26 26 27  0 18]
  [ 0 23 29 24 28 19 19 22  0]]

 [[ 0 23 16 20 25 22 28 28 28]
  [ 0  0 23 22 23 25 29 21 26]
  [ 0 20  0 27 25 18 15 28 28]
  [ 0 15 24  0 26 26 27 25 17]
  [ 0 19 24 21  0 27 20 28 17]
  [ 0 20 23 19 16  0 16 19 29]
  [ 0 17 24 20 22 27  0 29 26]
  [ 0 23 21 18 17 15 15  0 22]
  [ 0 23 17 29 23 26 16 21  0]]

 [[ 0 26 19 27 22 17 21 15 29]
  [ 0  0 17 23 18 28 20 27 16]
  [ 0 21  0 29 26 23 23 27 22]
  [ 0 28 23  0 16 16 23 22 15]
  [ 0 21 18 25  0 20 29 18 24]
  [ 0 27 16 19 21  0 23 22 25]
  [ 0 28 23 29 21 22  0 19 28]
  [ 0 20 20 22 27 20 28  0 24]
  [ 0 18 22 18 25 18 20 19  0]]]
 delivery_times
 [[  0 193 192 177 199 171 171 193 187 178 170 199 182 184 175 186 194 186
  193 171 174 176 197 185 182 179 174 185 190 187 183 178 171 197 197 179
  178 199 179 198 195 194 190 197 177 193 194 193 189 193 175 199 190 186
  197 187 178 177 194 176 185]
 [  0 184 196 170 196 184 187 199 196 184 172 185 193 187 179 180 179 172
  181 175 177 189 176 183 182 186 194 172 178 173 193 198 193 198 178 193
  181 193 178 197 198 170 191 189 190 174 177 175 175 181 191 199 193 174
  197 196 180 180 178 179 198]
 [  0 185 176 199 198 174 178 178 182 176 172 175 170 189 171 172 180 172
  197 182 183 196 190 183 195 189 170 173 198 181 190 173 196 170 193 171
  175 193 175 198 189 187 190 171 175 173 181 179 175 184 193 197 171 170
  185 173 174 181 191 191 199]
 [  0 179 199 171 197 192 170 197 182 198 194 199 188 192 193 198 171 179
  171 198 173 186 177 199 170 197 176 196 191 183 174 178 182 179 190 177
  176 180 171 176 194 193 187 188 189 176 197 178 192 187 188 175 191 197
  175 198 195 173 173 181 178]
 [  0 173 199 197 189 176 190 187 185 196 191 170 189 186 182 174 183 188
  171 183 197 197 188 194 170 186 189 197 194 182 190 187 177 186 172 181
  174 197 180 199 189 180 177 194 179 188 181 180 182 182 193 189 181 175
  188 197 177 178 176 183 172]]
 job2fam
 [[1 0 0 0 0 0 0 0 0 0 0 0 0 0 0 0 0 0 0 0 0 0 0 0 0 0 0 0 0 0 0 0 0 0 0 0
  0 0 0 0 0 0 0 0 0 0 0 0 0 0 0 0 0 0 0 0 0 0 0 0 0]
 [0 0 0 0 0 0 0 0 0 0 0 0 0 0 0 0 0 0 0 0 0 0 0 0 0 0 0 0 0 1 0 0 0 0 0 0
  1 0 1 0 0 0 0 0 0 0 0 0 0 0 0 0 0 1 0 0 0 0 0 0 0]
 [0 0 0 0 1 1 0 0 0 0 0 0 0 0 0 1 0 0 0 0 0 0 0 1 0 0 0 0 0 0 0 0 0 1 0 0
  0 0 0 0 0 0 0 0 0 0 0 0 0 0 0 0 0 0 0 0 0 0 0 0 0]
 [0 0 0 0 0 0 0 0 0 0 0 0 0 1 0 0 0 0 1 1 0 0 0 0 0 0 0 0 0 0 0 0 1 0 0 0
  0 0 0 0 0 0 0 0 1 0 0 1 0 0 0 0 0 0 0 0 0 0 0 0 0]
 [0 0 1 0 0 0 0 0 0 0 0 0 0 0 0 0 0 1 0 0 0 0 1 0 0 0 0 0 0 0 0 1 0 0 0 0
  0 1 0 0 0 1 0 0 0 0 0 0 0 0 0 0 0 0 0 0 0 0 0 1 0]
 [0 0 0 0 0 0 1 0 1 1 0 0 0 0 0 0 0 0 0 0 1 0 0 0 0 0 0 0 0 0 0 0 0 0 0 0
  0 0 0 0 1 0 0 0 0 0 0 0 0 0 0 0 0 0 0 0 0 0 1 0 1]
 [0 0 0 0 0 0 0 0 0 0 0 0 0 0 0 0 1 0 0 0 0 0 0 0 1 0 0 1 0 0 1 0 0 0 1 0
  0 0 0 0 0 0 0 0 0 0 0 0 1 0 0 0 0 0 0 1 0 1 0 0 0]
 [0 1 0 0 0 0 0 0 0 0 0 0 1 0 1 0 0 0 0 0 0 1 0 0 0 0 0 0 1 0 0 0 0 0 0 1
  0 0 0 0 0 0 1 0 0 1 0 0 0 0 1 1 1 0 1 0 1 0 0 0 0]
 [0 0 0 1 0 0 0 1 0 0 1 1 0 0 0 0 0 0 0 0 0 0 0 0 0 1 1 0 0 0 0 0 0 0 0 0
  0 0 0 1 0 0 0 1 0 0 1 0 0 1 0 0 0 0 0 0 0 0 0 0 0]]
