params：
 weight-->(1, 10)
 proc_times-->(1, 100)
 setup_times-->(15, 30)
 delivery_times-->(170, 200)
 job_rate-->5.0

start:
alpha_1
5.0
 alpha_2
0.5
 mach
2
 job
10
 fam
5
 weigh
 [[0 6 1 5 2 7 2 9 6 4 4]]
 proc_times
 [[ 0 65 54 81 40 47 88 71 20 25 37]
 [ 0 37 22 96 44 91  9 12 66 77  3]]
 setup_times
 [[[ 0 19 24 21 18 23]
  [ 0  0 27 16 24 22]
  [ 0 28  0 16 17 18]
  [ 0 19 16  0 23 19]
  [ 0 27 18 27  0 25]
  [ 0 18 26 25 24  0]]

 [[ 0 27 27 29 19 27]
  [ 0  0 15 21 27 28]
  [ 0 27  0 19 15 17]
  [ 0 25 21  0 22 23]
  [ 0 27 29 27  0 24]
  [ 0 23 27 28 20  0]]]
 delivery_times
 [[  0 177 193 178 195 185 183 199 194 173 194]
 [  0 194 174 186 170 192 191 196 174 179 183]]
 job2fam
 [[1 0 0 0 0 0 0 0 0 0 0]
 [0 0 0 0 0 0 0 1 0 0 0]
 [0 0 0 1 0 0 0 0 0 0 0]
 [0 0 0 0 1 1 0 0 1 0 0]
 [0 1 1 0 0 0 1 0 0 0 0]
 [0 0 0 0 0 0 0 0 0 1 1]]
