params：
 weight-->(1, 10)
 proc_times-->(1, 100)
 setup_times-->(30, 60)
 delivery_times-->(100, 200)
 job_rate-->12

start:
alpha_1
12
 alpha_2
1.0
 mach
5
 job
60
 fam
8
 weigh
 [[0 8 7 9 8 8 1 3 9 5 7 8 7 4 1 4 5 2 2 9 8 9 9 9 5 3 9 6 7 7 1 5 2 8 1 6
  1 8 6 1 2 3 6 4 4 3 6 6 7 8 9 1 1 7 2 1 3 1 8 9 5]]
 proc_times
 [[  0  92  51  99  69  25  75  19  51  69   4  90  16  23  20  31  81  76
    4  98   1  74  46  43  49   9  74  70  90  48  64   4  23  98  30  78
   65  69  66  76  81  90  60  54  34  23  57  58  11  41  74  43  54  27
   12  74  50  43  91  42  37]
 [  0  95  34  24  70  36  52  32  83  63  74  75  44  85  41  17   2  30
   62  55   5  67  34   3  39  27  36  99  96  55  81  61  11  44  33  42
   19  60  91  10  76  46  35  14  77  97   3  15  62  85  59  76  23  56
   86 100  35  63  92  23  97]
 [  0  61  99  11  83  21  62  63  27  63  71   4  40  25  72  91  29  13
   56  20   6  37  28  24  94  63  78   2  96  77  95  96   9  68  20  44
   44  20  83  11  76  22  73  55  10  25  98  45   7  47  81  19  58   8
   51  87  92   1  20  74 100]
 [  0  91  48  40   4   7   4  18  16  87  26  12  73  74  18  45  19  25
    8  91  20  18   3  63  35  60   9  57  19  34  80  29  82  18  33  38
   25  58   9  35  24  76  84  43  90  39  94  80  68  63  57  57  31  16
   76   8  70  14  77  86  57]
 [  0  36  85  87  93  62  20  98  12  75  84  46  66  81  52   1  41  69
   35  94 100  56  35  17  20  43  22   3  19  70  58  73  30  50  99   3
   27  10  38  23  89  51  46  70  86  49  92   8  69  67  27  37  63  96
   93  70  66  22  70  24  52]]
 setup_times
 [[[ 0 43 42 44 53 59 47 44 54]
  [ 0  0 49 37 35 51 50 33 32]
  [ 0 30  0 53 44 55 54 31 50]
  [ 0 47 48  0 48 44 48 37 40]
  [ 0 34 46 31  0 57 49 50 45]
  [ 0 56 41 36 51  0 52 40 48]
  [ 0 46 31 40 51 36  0 55 32]
  [ 0 41 35 30 56 46 51  0 51]
  [ 0 59 57 59 42 46 41 37  0]]

 [[ 0 34 47 56 49 38 47 44 48]
  [ 0  0 32 50 49 36 49 53 34]
  [ 0 37  0 44 59 32 50 37 59]
  [ 0 50 45  0 52 48 51 41 53]
  [ 0 45 50 41  0 52 56 44 52]
  [ 0 58 49 33 46  0 46 36 35]
  [ 0 49 43 44 55 55  0 58 56]
  [ 0 37 52 38 50 58 44  0 48]
  [ 0 42 46 53 59 49 38 30  0]]

 [[ 0 37 57 59 32 32 49 53 58]
  [ 0  0 48 51 37 34 50 51 31]
  [ 0 50  0 50 38 41 58 52 45]
  [ 0 34 30  0 35 41 45 38 59]
  [ 0 37 44 46  0 35 31 42 32]
  [ 0 42 50 35 46  0 33 39 43]
  [ 0 30 31 51 33 42  0 57 54]
  [ 0 37 41 37 59 36 35  0 50]
  [ 0 34 55 54 56 52 43 38  0]]

 [[ 0 41 37 49 34 37 54 45 56]
  [ 0  0 55 40 50 58 52 45 47]
  [ 0 45  0 58 58 43 42 33 55]
  [ 0 30 37  0 54 39 42 33 36]
  [ 0 51 38 32  0 48 36 54 48]
  [ 0 41 36 33 31  0 32 55 32]
  [ 0 41 48 43 51 36  0 33 57]
  [ 0 37 38 34 50 46 34  0 39]
  [ 0 33 36 50 50 45 42 34  0]]

 [[ 0 42 55 50 59 50 39 53 41]
  [ 0  0 54 38 59 44 38 50 53]
  [ 0 57  0 51 37 56 42 37 46]
  [ 0 33 43  0 58 43 43 38 30]
  [ 0 33 56 57  0 45 47 57 59]
  [ 0 43 45 55 39  0 37 57 42]
  [ 0 58 57 37 42 51  0 54 35]
  [ 0 55 49 59 54 51 44  0 55]
  [ 0 58 54 30 33 34 31 48  0]]]
 delivery_times
 [[  0 193 184 152 100 121 129 157 171 124 176 141 125 150 129 173 180 142
  117 199 192 163 192 112 101 166 183 112 187 176 150 147 125 121 198 117
  121 145 181 117 102 185 195 131 196 129 156 116 173 130 189 177 109 152
  107 163 132 134 168 107 133]
 [  0 113 135 141 186 134 190 133 137 187 172 115 166 170 192 199 163 173
  105 138 100 101 149 189 149 187 182 108 180 148 145 147 111 154 144 120
  144 119 128 145 171 152 108 192 168 107 122 113 161 150 143 130 121 199
  121 117 137 188 107 116 197]
 [  0 193 159 101 118 152 119 102 181 143 155 161 126 111 188 147 190 187
  102 182 152 179 105 124 163 122 141 190 154 155 125 138 186 121 119 183
  121 113 197 130 186 122 126 173 176 116 152 168 162 122 106 158 183 166
  123 100 193 144 150 192 106]
 [  0 101 119 175 122 151 181 199 193 157 187 176 198 121 119 165 119 182
  129 183 131 133 147 120 177 143 139 110 137 121 125 161 119 152 146 129
  128 173 199 158 184 181 108 181 172 131 110 151 176 135 148 122 163 117
  185 156 196 162 127 144 193]
 [  0 137 197 147 158 179 129 188 113 150 156 106 110 187 109 177 167 105
  143 182 111 101 165 133 159 118 110 187 119 169 196 164 180 190 143 119
  148 143 188 137 140 198 150 126 176 140 128 127 110 177 124 132 101 108
  150 156 147 108 181 181 114]]
 job2fam
 [[1 0 0 0 0 0 0 0 0 0 0 0 0 0 0 0 0 0 0 0 0 0 0 0 0 0 0 0 0 0 0 0 0 0 0 0
  0 0 0 0 0 0 0 0 0 0 0 0 0 0 0 0 0 0 0 0 0 0 0 0 0]
 [0 0 0 0 0 0 0 0 0 0 0 0 0 0 0 0 0 0 0 0 0 0 0 0 0 0 0 0 0 1 0 0 0 0 0 0
  1 0 1 0 0 0 0 0 0 0 0 0 0 0 0 0 0 1 0 0 0 0 0 0 0]
 [0 0 0 0 1 1 0 0 0 0 0 0 0 0 0 1 0 0 0 0 0 0 0 1 0 0 0 0 0 0 0 0 0 1 0 0
  0 0 0 0 0 0 0 0 0 0 0 0 0 0 0 0 0 0 0 0 0 0 0 0 0]
 [0 0 0 0 0 0 0 0 0 0 0 0 0 1 0 0 0 0 1 1 0 0 0 0 0 0 0 0 0 0 0 0 1 0 0 0
  0 0 0 0 0 0 0 0 1 0 0 1 0 0 0 0 0 0 0 0 0 0 0 0 0]
 [0 0 1 0 0 0 0 0 0 0 0 0 0 0 0 0 0 1 0 0 0 0 1 0 0 0 0 0 0 0 0 1 0 0 0 0
  0 1 0 0 0 1 0 0 0 0 0 0 0 0 0 0 0 0 0 0 0 0 0 1 0]
 [0 0 0 0 0 0 1 0 1 1 0 0 0 0 0 0 0 0 0 0 1 0 0 0 0 0 0 0 0 0 0 0 0 0 0 0
  0 0 0 0 1 0 0 0 0 0 0 0 0 0 0 0 0 0 0 0 0 0 1 0 1]
 [0 0 0 0 0 0 0 0 0 0 0 0 0 0 0 0 1 0 0 0 0 0 0 0 1 0 0 1 0 0 1 0 0 0 1 0
  0 0 0 0 0 0 0 0 0 0 0 0 1 0 0 0 0 0 0 1 0 1 0 0 0]
 [0 1 0 0 0 0 0 0 0 0 0 0 1 0 1 0 0 0 0 0 0 1 0 0 0 0 0 0 1 0 0 0 0 0 0 1
  0 0 0 0 0 0 1 0 0 1 0 0 0 0 1 1 1 0 1 0 1 0 0 0 0]
 [0 0 0 1 0 0 0 1 0 0 1 1 0 0 0 0 0 0 0 0 0 0 0 0 0 1 1 0 0 0 0 0 0 0 0 0
  0 0 0 1 0 0 0 1 0 0 1 0 0 1 0 0 0 0 0 0 0 0 0 0 0]]
