params：
 weight-->(1, 10)
 proc_times-->(1, 100)
 setup_times-->(15, 30)
 delivery_times-->(1, 100)
 job_rate-->12

start:
alpha_1
12
 alpha_2
0.5
 mach
5
 job
60
 fam
12
 weigh
 [[0 2 6 2 3 3 8 7 6 7 7 7 2 5 8 1 2 1 5 8 7 5 2 2 6 2 9 7 4 5 5 4 5 7 1 4
  7 9 1 5 6 8 7 5 8 3 5 1 8 3 9 9 8 8 1 7 6 6 2 5 6]]
 proc_times
 [[  0  11  65  82  85  74  97  70 100  55  56  95  83  39  17  89  93  44
   84  57  68  72  23  22  20  48  31  67 100  53  72  51  85  91  48  62
   52  41  60  32  74   9 100  75  65  78   4  99  77  45  73  78  22  50
    1  87  35  94  69  92  26]
 [  0  41  55  61  18  88  40  60  66   1  20  53  77  84  45  21  90  14
   13  90  78  77  97  95  16   1   6  62  59   2  94  26  92   1  39  22
   16  10  72  59  32  49  83  39  51  64  34  99  58  64  94  23  82  31
   65  76  98  63  90  37  91]
 [  0  52 100  18  18  17  70  10  74  46  69  26  73  93  55  49  50  36
    9  85  23  64  39  41   3  66  29   3  56   6  64  32  82   4  91  77
  100  81  88  42  35  88  60  95  62   8   9  88  61  41  92  80  88  60
   92  94   2  44  24  16  29]
 [  0   4  16  61  16  81  92  62  16  46  39  43  85  66  10  22  34  11
   71  64  66  50  89  56  39  15  46  23  35  40  51  93  28  76  24  29
   86  88  98   5  97  38  38   3   1  10  10  61  13  19  86  12  95  36
   17  18  43   1   9  60  10]
 [  0  98 100  46  91  83  91  34  46  17  75  23  47  30  71  17  81  85
   88  27  18  93  28  43  84  61  87  11  93  10  45   7  15  95  65   1
   86  14  30  21  29  44  14  43  99  12  88  89  36  57  62  15  99  23
    2  36   4  88  20  21  16]]
 setup_times
 [[[ 0 16 17 23 17 23 27 23 24 22 27 27 16]
  [ 0  0 29 19 23 22 17 29 20 26 24 22 26]
  [ 0 16  0 25 26 24 17 24 27 18 18 21 15]
  [ 0 26 15  0 20 21 22 21 28 23 19 15 16]
  [ 0 18 24 28  0 15 19 23 20 20 28 26 26]
  [ 0 28 28 29 17  0 22 25 28 16 16 19 27]
  [ 0 26 23 22 19 24  0 23 20 19 17 24 27]
  [ 0 29 17 17 28 19 15  0 17 21 19 24 20]
  [ 0 17 23 23 23 26 15 25  0 19 28 26 28]
  [ 0 27 23 16 19 24 24 20 18  0 17 26 20]
  [ 0 20 20 23 20 19 26 22 19 16  0 28 29]
  [ 0 22 22 27 15 17 18 28 29 27 22  0 24]
  [ 0 18 23 19 19 17 17 19 18 28 19 17  0]]

 [[ 0 22 21 28 27 24 20 21 15 29 16 23 18]
  [ 0  0 26 25 15 19 28 27 22 27 23 26 16]
  [ 0 26  0 24 16 27 15 17 24 24 28 21 18]
  [ 0 19 19  0 29 24 22 26 19 27 27 25 24]
  [ 0 28 24 27  0 16 19 24 17 17 15 17 25]
  [ 0 21 27 18 28  0 21 15 19 27 27 20 26]
  [ 0 17 16 18 26 15  0 28 23 20 21 17 18]
  [ 0 16 20 18 26 21 22  0 27 27 17 26 29]
  [ 0 20 15 16 29 26 27 29  0 20 23 19 18]
  [ 0 25 24 20 29 26 18 16 20  0 19 27 21]
  [ 0 19 17 19 22 23 24 21 23 25  0 15 16]
  [ 0 16 23 27 20 26 26 18 18 24 20  0 23]
  [ 0 15 19 26 20 29 18 18 20 25 28 16  0]]

 [[ 0 16 28 28 25 29 21 18 25 16 18 19 15]
  [ 0  0 24 20 22 24 28 19 23 27 28 15 24]
  [ 0 15  0 23 19 19 29 25 19 19 28 19 26]
  [ 0 16 18  0 23 22 28 16 25 17 18 15 16]
  [ 0 24 21 16  0 20 29 16 25 17 16 29 19]
  [ 0 26 24 28 22  0 23 19 29 28 16 26 16]
  [ 0 17 24 17 20 23  0 19 19 27 17 21 20]
  [ 0 22 15 27 20 21 27  0 25 22 23 23 19]
  [ 0 21 25 27 28 27 21 16  0 27 24 27 29]
  [ 0 26 15 21 22 25 24 24 26  0 15 29 21]
  [ 0 18 19 27 17 23 16 25 17 16  0 21 20]
  [ 0 21 20 21 18 27 22 27 29 24 23  0 25]
  [ 0 25 20 16 25 22 25 20 29 17 28 21  0]]

 [[ 0 19 25 19 23 23 15 23 24 20 18 16 27]
  [ 0  0 15 28 24 25 27 27 29 23 19 23 20]
  [ 0 28  0 19 22 29 28 15 27 15 15 18 17]
  [ 0 23 16  0 19 21 23 15 15 23 24 24 21]
  [ 0 17 15 28  0 26 29 21 20 23 26 22 19]
  [ 0 19 15 15 17  0 19 15 21 25 17 15 16]
  [ 0 28 21 29 18 25  0 17 25 17 24 28 28]
  [ 0 27 20 17 19 27 22  0 23 17 29 26 15]
  [ 0 18 25 29 27 19 19 19  0 20 21 18 27]
  [ 0 23 28 15 21 15 16 29 25  0 22 29 26]
  [ 0 28 27 26 16 17 18 29 21 26  0 24 16]
  [ 0 27 25 24 27 29 24 28 17 25 21  0 29]
  [ 0 16 29 15 25 21 16 27 19 21 16 27  0]]

 [[ 0 23 24 17 20 19 27 21 15 25 15 24 28]
  [ 0  0 23 17 19 16 23 28 18 19 19 25 28]
  [ 0 24  0 19 20 20 27 19 23 29 17 22 25]
  [ 0 21 18  0 25 26 20 24 26 24 29 24 24]
  [ 0 25 26 21  0 24 17 23 22 17 27 28 16]
  [ 0 28 27 15 29  0 18 18 20 27 22 25 15]
  [ 0 24 27 26 18 27  0 24 17 15 18 18 17]
  [ 0 21 25 28 15 19 27  0 21 20 24 17 29]
  [ 0 15 17 29 24 15 22 19  0 15 15 22 25]
  [ 0 16 26 27 28 26 23 24 25  0 15 21 28]
  [ 0 23 24 25 22 25 24 17 22 23  0 24 18]
  [ 0 15 23 18 28 15 23 29 28 28 19  0 29]
  [ 0 25 26 19 19 25 21 24 17 23 24 27  0]]]
 delivery_times
 [[ 0 29 97 67  1 43 75 20 27 99 94 35 92 79  4 62 44 92 67 97 70 32 80 82
  74 60 26 25 89 79 94 19 58 50  9  7 84 33 17 91 31 20 71 82 75 25 76 75
  85 63 61 67 31 92 52 36 36 68 57 41 38]
 [ 0  7  9 77 34 76 19 79 31 10 81  6  5 32 61 61 96 36 17 74  5  2 67 79
  39 12 75 92 51 99 17 75 68 30 25 64 58 84  5  8 85 39 46 79 46 50 82 57
  31 90 47 65 71 96 85 86 45 75 75 35 88]
 [ 0 37 51 77 27 85 43 64 10 30 60 57 15 43 81 56 47 88 91 42 39 27 26 55
  30 25 22 31 33  3 25 38 53 37 30 28 77 68 68 70 70 47 33 45 42 54 96 60
  49 36  5 40 86 55 23 41 48 34 85 22 28]
 [ 0 65 75 62  4 87  5 81 76  2 50  5 27 27 94 22 15  9 42 14 42 58 88  1
  93 22 75 85 62 91 60 67 14 30 33 75 25 66 74 77 42 15 27 88 42 23 53 41
  30 71  3 55 52 76 60 64 72 77 27 65 35]
 [ 0 59 26  7 30 26 69 17 69 32  7 56 88 76 87  1 87 66 88 59 34 80 58  7
  97 13 29 24 68 67 97 40 76 33 31 35 46 13 33 47 51  3 61 70 97 61  4 68
   8  3 33 31 93 34 52 56  9 60 61 25 67]]
 job2fam
 [[1 0 0 0 0 0 0 0 0 0 0 0 0 0 0 0 0 0 0 0 0 0 0 0 0 0 0 0 0 0 0 0 0 0 0 0
  0 0 0 0 0 0 0 0 0 0 0 0 0 0 0 0 0 0 0 0 0 0 0 0 0]
 [0 0 1 0 0 0 1 0 0 0 0 0 1 0 0 0 0 0 0 0 0 0 0 0 0 0 0 0 0 1 0 0 0 0 0 0
  0 0 0 0 0 0 0 0 0 0 0 0 0 0 0 0 0 0 0 0 0 0 0 0 0]
 [0 0 0 0 0 0 0 0 0 0 0 0 0 0 0 0 0 0 0 0 0 0 0 1 0 0 0 0 0 0 0 0 0 0 0 0
  1 0 0 0 0 0 0 0 0 0 0 0 0 0 0 0 0 0 0 0 0 0 0 0 0]
 [0 0 0 0 0 0 0 0 0 0 0 0 0 0 0 0 0 0 0 0 0 0 0 0 0 0 0 0 0 0 0 0 0 0 0 0
  0 0 0 1 0 0 0 0 1 0 1 0 0 0 0 0 0 0 0 0 0 0 0 0 0]
 [0 0 0 0 0 0 0 0 0 0 0 0 0 0 0 0 0 1 1 0 0 0 1 0 0 0 0 0 0 0 0 0 1 0 0 0
  0 0 0 0 0 0 0 0 0 0 0 0 0 0 0 0 0 1 0 0 0 0 0 0 0]
 [0 0 0 0 0 0 0 0 0 0 0 0 0 0 0 0 0 0 0 0 0 0 0 0 0 1 0 0 0 0 0 0 0 0 0 0
  0 0 0 0 0 0 0 0 0 0 0 1 0 0 0 0 0 0 0 1 0 0 1 0 0]
 [0 0 0 0 0 0 0 0 0 0 0 1 0 0 0 0 0 0 0 0 0 0 0 0 0 0 0 0 0 0 0 1 0 0 1 0
  0 0 0 0 0 0 0 0 0 0 0 0 0 1 0 0 0 0 0 0 0 0 0 1 0]
 [0 0 0 0 0 0 0 0 0 0 0 0 0 0 0 0 0 0 0 1 0 0 0 0 1 0 0 0 1 0 0 0 0 0 0 0
  0 0 1 0 0 0 0 0 0 1 0 0 0 0 0 0 0 0 1 0 0 0 0 0 0]
 [0 0 0 0 0 0 0 1 0 1 0 0 0 0 0 0 0 0 0 0 0 0 0 0 0 0 0 0 0 0 0 0 0 0 0 0
  0 0 0 0 0 0 0 0 0 0 0 0 1 0 0 0 0 0 0 0 0 1 0 0 1]
 [0 0 0 0 0 0 0 0 1 0 0 0 0 0 1 0 1 0 0 0 0 0 0 0 0 0 1 0 0 0 0 0 0 0 0 0
  0 0 0 0 0 0 0 0 0 0 0 0 0 0 0 0 0 0 0 0 0 0 0 0 0]
 [0 0 0 1 0 0 0 0 0 0 0 0 0 1 0 0 0 0 0 0 0 0 0 0 0 0 0 0 0 0 0 0 0 1 0 0
  0 1 0 0 0 1 1 0 0 0 0 0 0 0 1 0 1 0 0 0 1 0 0 0 0]
 [0 1 0 0 0 1 0 0 0 0 1 0 0 0 0 1 0 0 0 0 0 1 0 0 0 0 0 0 0 0 1 0 0 0 0 0
  0 0 0 0 1 0 0 0 0 0 0 0 0 0 0 1 0 0 0 0 0 0 0 0 0]
 [0 0 0 0 1 0 0 0 0 0 0 0 0 0 0 0 0 0 0 0 1 0 0 0 0 0 0 1 0 0 0 0 0 0 0 1
  0 0 0 0 0 0 0 1 0 0 0 0 0 0 0 0 0 0 0 0 0 0 0 0 0]]
