params：
 weight-->(1, 10)
 proc_times-->(1, 100)
 setup_times-->(60, 120)
 delivery_times-->(1, 30)
 job_rate-->12

start:
alpha_1
12
 alpha_2
2.0
 mach
5
 job
60
 fam
8
 weigh
 [[0 5 3 8 1 9 4 4 7 1 7 8 9 3 5 5 3 8 1 8 6 5 6 2 1 7 2 9 9 1 2 3 4 6 4 8
  9 3 7 3 2 4 4 2 4 1 7 6 6 1 4 7 1 3 1 5 2 4 8 8 7]]
 proc_times
 [[  0  78  53  53  55  69  34  52  90  67  87  62  97  59  34  64  70  55
   54  62  69  10   5  73  34  29  68  44  63  17  23  98  20  18  14   3
   65 100  84  89  87  14  54  91  68  27   2  85  93  39  28  55 100   2
   14  39  54  90  15  20   9]
 [  0  66  49  85  73  84  94  56  16  80  74  69   2   3  26  13  33  25
   96  30  45  13  92  86  69  27  90   9  23  65  54  40   8  18  47  62
   18  67  51   3  55   3   6  73  92   4  81  69  49  56   9  65  22  82
   57   8  29  14  24  20  41]
 [  0  18  59  30   2  91  54 100   6  75  12  20  14  33  82  97  24  92
   10  67 100  39  96  74   2  72  76  10  28  29  70  71   7  75  70  91
   45  34  89  30  92  41  87  54  95  11  43  17  97  84  47  82  60  45
   67  57  45  71  71  74  24]
 [  0  14  18  11  42  90  51  72  76  52  25  94  67  95  85  82  46  78
   86   6  77   2   9  50  48  31  16  18  22  47  90   1  90   6  47  36
   93  56  56  24  34  12  52  52  78   2  80  20  16  70  59  42  69  23
   15  67  30  25  42   6  80]
 [  0  73  15  18  39  88  33  78  91  22  18  72  90  30  28  26  46  23
   72  80  67  57  75 100  72  84  72  20  65  47   8  32  66  24  28  17
    6  78  46  18  23  10  64  84  74  40  86  76  98  83  10  64  62  42
   60  59  44   4  20  69  99]]
 setup_times
 [[[  0  80 106  83 118 109 107  88  80]
  [  0   0 113 103  75  71 117  68 116]
  [  0 113   0  61 100  88  73  96 101]
  [  0  98  65   0  66  93  70  76  80]
  [  0 117  66  66   0 108 101  73  83]
  [  0  95  91  89  76   0 105  85 109]
  [  0 102  73  82 103 118   0  94  78]
  [  0 104  69 101 110  87 106   0  62]
  [  0  84 114  74  87 103  95  74   0]]

 [[  0 119  96 108  90 110  76 100 102]
  [  0   0  87 106  97  99  80  76  99]
  [  0  71   0  86 100  99 119  77  72]
  [  0  91 104   0  98  96  93  98 106]
  [  0 113  88 116   0 101  75  92 103]
  [  0  91  82 115  95   0  83  80  78]
  [  0  86 105  77 119 119   0  71  87]
  [  0  88 101  64 112 111  93   0  94]
  [  0 115  64  93  85  68  67  77   0]]

 [[  0  90  77 111  60 106 107  97  88]
  [  0   0  60  81 114  78 105 110  78]
  [  0  90   0  60 112  97  81  85  66]
  [  0 105  91   0  64  96  98  71  63]
  [  0  94  91  90   0 118  63 116  96]
  [  0 110  64  98  62   0  92  98  65]
  [  0  79  97 111 101 111   0  75 107]
  [  0  87  83 116  67  82 117   0  67]
  [  0  72 104 106  82 111  89 112   0]]

 [[  0 117 100  82  71  79 105  91  80]
  [  0   0 110 118  61 100  99  77  81]
  [  0 115   0  85  95 112  74 111  71]
  [  0 114 112   0  83  72  84  84 107]
  [  0  67  74  67   0  92 110  95 102]
  [  0  92  86  94  92   0  88  74  60]
  [  0  81 106  84 115 105   0  62  78]
  [  0 102  89  62  70 111 105   0 102]
  [  0 117 113  64  67  80  91  90   0]]

 [[  0  90 104  84  70 110  61 101  90]
  [  0   0  77 108 106  85 107  94  93]
  [  0  61   0  94  79  66  97  84  61]
  [  0  85  60   0 108  71 113  86 101]
  [  0  76 113 115   0  62 119 107  80]
  [  0 100  97  78 118   0  89  87  81]
  [  0 117  68  92  70  76   0 104 104]
  [  0  73 119  61 110 114  72   0 117]
  [  0  75  71  74 119  73  97  97   0]]]
 delivery_times
 [[ 0 11 23 19 17 15 23 12 13 13 19 15  2 23  1 11 26 22  2 27 24 26 18 19
  28 18  9 14  5 19 29 18 10 16 17 26 18 25  2 28 19 20 18 26  2 15  6 15
  21  1 23 29 14 10 27 24 15 11  9 27 10]
 [ 0 16  6 20 28 19  7 11  7  5  7 20  1 22 25 15 18 26 10 19 22 20 11 29
  14 26  3  1  8 20  9 10 22 29 13 24  8 21  1 24 18  7  1  6 22  4 10 22
  25  7 19 14  9 20  9  3 28 29  6 14 16]
 [ 0  2 22 10 10  7  9 25  5 20 17 10 28  3 19 27  2 22 11 10 26 12 12 13
   2  2  4 29 11 12  4  8 11 17 25  3 13  7  5 24 26 21 17 22 27  7 28 23
  23  5 13 23 25  7  8 28  8 22 18  2 23]
 [ 0  2 11 10 18 20 27 14  5  9 18 22  4 18  7  8  4 27 27  9 16  4 16  4
   3 29 14 11 27 28 28 16 13 29 26 20  7 22  5 16 15  9 11  2 16 22  3 10
   5  4  2 27  3  8 20 16 26 15 29  4 11]
 [ 0 25  5  6  1 24 24  5 13 13  1 18 26 17  3 12 13 21 15  2 19  3 17 18
   6 24  3 20 13 17 23 10 28  1  4  1 11 18 20 10 24 22  6 17 22  1 20  3
  29 12 25 28 17  1 13  7 11 21 17  9 10]]
 job2fam
 [[1 0 0 0 0 0 0 0 0 0 0 0 0 0 0 0 0 0 0 0 0 0 0 0 0 0 0 0 0 0 0 0 0 0 0 0
  0 0 0 0 0 0 0 0 0 0 0 0 0 0 0 0 0 0 0 0 0 0 0 0 0]
 [0 0 0 0 0 0 0 0 0 0 0 0 0 0 0 0 0 0 0 0 0 0 0 0 0 0 0 0 0 1 0 0 0 0 0 0
  1 0 1 0 0 0 0 0 0 0 0 0 0 0 0 0 0 1 0 0 0 0 0 0 0]
 [0 0 0 0 1 1 0 0 0 0 0 0 0 0 0 1 0 0 0 0 0 0 0 1 0 0 0 0 0 0 0 0 0 1 0 0
  0 0 0 0 0 0 0 0 0 0 0 0 0 0 0 0 0 0 0 0 0 0 0 0 0]
 [0 0 0 0 0 0 0 0 0 0 0 0 0 1 0 0 0 0 1 1 0 0 0 0 0 0 0 0 0 0 0 0 1 0 0 0
  0 0 0 0 0 0 0 0 1 0 0 1 0 0 0 0 0 0 0 0 0 0 0 0 0]
 [0 0 1 0 0 0 0 0 0 0 0 0 0 0 0 0 0 1 0 0 0 0 1 0 0 0 0 0 0 0 0 1 0 0 0 0
  0 1 0 0 0 1 0 0 0 0 0 0 0 0 0 0 0 0 0 0 0 0 0 1 0]
 [0 0 0 0 0 0 1 0 1 1 0 0 0 0 0 0 0 0 0 0 1 0 0 0 0 0 0 0 0 0 0 0 0 0 0 0
  0 0 0 0 1 0 0 0 0 0 0 0 0 0 0 0 0 0 0 0 0 0 1 0 1]
 [0 0 0 0 0 0 0 0 0 0 0 0 0 0 0 0 1 0 0 0 0 0 0 0 1 0 0 1 0 0 1 0 0 0 1 0
  0 0 0 0 0 0 0 0 0 0 0 0 1 0 0 0 0 0 0 1 0 1 0 0 0]
 [0 1 0 0 0 0 0 0 0 0 0 0 1 0 1 0 0 0 0 0 0 1 0 0 0 0 0 0 1 0 0 0 0 0 0 1
  0 0 0 0 0 0 1 0 0 1 0 0 0 0 1 1 1 0 1 0 1 0 0 0 0]
 [0 0 0 1 0 0 0 1 0 0 1 1 0 0 0 0 0 0 0 0 0 0 0 0 0 1 1 0 0 0 0 0 0 0 0 0
  0 0 0 1 0 0 0 1 0 0 1 0 0 1 0 0 0 0 0 0 0 0 0 0 0]]
