params：
 weight-->(1, 10)
 proc_times-->(1, 100)
 setup_times-->(60, 120)
 delivery_times-->(100, 200)
 job_rate-->12

start:
alpha_1
12
 alpha_2
2.0
 mach
5
 job
60
 fam
8
 weigh
 [[0 9 8 7 3 9 8 6 6 7 7 7 8 6 6 3 2 6 9 3 9 7 6 6 3 8 2 8 8 7 9 8 4 4 3 3
  7 5 2 3 7 3 3 5 8 9 1 1 3 8 8 6 2 2 6 1 5 2 2 8 1]]
 proc_times
 [[  0  98  17  43  78   2  45  30  64  78  39  61  18  68  27  43  84   8
   30  31  80  21  27  41  76  19  49  87  31  82  58  84  85 100  30  94
   67  92  91 100  20  11  79  39  12  79  71  76  45  13  68  23  35  91
    7   6  70  95  96  15  30]
 [  0  15  68  79  52  41  59  95  21  89   7  32  78   9  78  74  82  38
   67   1   1  79  16  35  65  60  37  36  36  41  90  50   1  65  51  98
   53 100  51  66  87  64  57  47  10  53  19  35  14  32  35   8  32  47
    3  87  31  48  24  49  73]
 [  0  23  13  39  61   2  93  24  28   9  93  47  40  37  61  96  16  12
   28   4   5  56  48  19  90  12  94  31  75  45  51  52  28  33  67  47
   96  11  20  47  41  77   2  91  86  96   5  29  36  46  94  79  24  64
   99  78  99  93  21  97  20]
 [  0  78  48   9  80  56  85  78  30  23  77  41  18  81  94  19  55  90
   25  20  20  21  25  15  27  53  53  76  76  86  67  86  54   5  28  63
   93   9  58  71  71  96  77  96  54  54  99  26  26  59  85  11  52  58
   23  11  48  86  15  67  59]
 [  0  50  40  65  30  77  65  42  51  64  36  14  97   3  26  31  47  24
   57  20  58  66  44  81  98  75  73  25  21  60   7  25  47  27  88  34
   17  81  76  54  55  39   1  77  90   9  37  41  81  74  30  14  99   8
    9  86  33  80  40  15   2]]
 setup_times
 [[[  0  77  95  81  85 114  81  64  80]
  [  0   0 110 118 104 112 114  81  70]
  [  0  91   0  98  77 108  82 110  96]
  [  0 119  93   0 114  75 112 119  67]
  [  0 101  84  74   0  91  63  94  84]
  [  0  91  91  76  92   0 107 100  89]
  [  0  70  72  79  86  73   0  92 111]
  [  0 119 118  74  70 106  61   0  77]
  [  0  76  80 100  99  90  91  76   0]]

 [[  0  60  61 112 105 114  98  81  61]
  [  0   0  86  67 102  68  72 114  88]
  [  0  96   0  96  66 105 119  77  75]
  [  0  61  87   0  70  85 106  74  87]
  [  0  85  66  93   0 114  68  61  62]
  [  0 104 109  80 101   0  76  73  69]
  [  0  96  72 110  96  60   0  67  73]
  [  0  68  77  65  78  79 111   0 101]
  [  0  90  67  60  65  95  62  72   0]]

 [[  0  61 119  68  77 118 105 105  62]
  [  0   0  99  70  97  94  70  72 111]
  [  0 101   0  90 103  78  82  86  67]
  [  0 101 118   0  79  92 114 106  74]
  [  0  66  97  83   0  80  61 106 113]
  [  0  85  87 112 116   0 100 119  69]
  [  0  81  79  89  66  76   0  90  66]
  [  0  81  66  69 112  66  84   0  79]
  [  0 104  72  94  91 119 110  98   0]]

 [[  0  94  63  61  78 105  60 108  81]
  [  0   0  84  85  96  86 106  73  94]
  [  0  72   0 112  72  64  70  74  94]
  [  0  64 103   0 100 113  88  68  66]
  [  0 110  71 102   0  92 104  94  96]
  [  0 108  66  95  93   0  75  77  91]
  [  0  63 104  68  79 112   0  85 110]
  [  0  63  97 111  69  61  69   0  61]
  [  0  91  79 114  93  75  64  78   0]]

 [[  0  82  93 107  83 101  89  98  69]
  [  0   0  62 104 111  93 112  94  69]
  [  0  95   0  60  61  65  96  74 112]
  [  0 111  97   0  99  74  89 104  60]
  [  0  99  76  99   0 115  87  60 117]
  [  0  95 113 100  72   0 108  91 118]
  [  0  91 105  95 108  63   0  85  66]
  [  0 107 106 102  96 114  77   0  78]
  [  0 116 101 115  80  66 118  66   0]]]
 delivery_times
 [[  0 146 137 119 180 117 153 159 140 102 189 161 194 108 157 154 132 138
  183 160 103 159 118 101 111 169 121 128 175 133 155 167 177 105 155 114
  136 130 195 171 109 139 196 136 148 179 157 141 113 191 123 135 170 100
  117 195 130 119 199 190 119]
 [  0 152 125 177 186 198 123 116 158 153 178 156 144 191 168 112 140 193
  192 123 122 132 121 192 159 169 106 135 141 111 161 137 105 179 142 120
  186 115 174 146 156 199 130 161 143 103 135 171 122 107 160 129 149 130
  152 170 140 119 137 190 119]
 [  0 146 112 146 137 127 114 140 177 107 182 125 163 100 175 100 123 126
  167 165 101 166 175 145 134 154 191 165 150 129 101 164 153 128 118 139
  185 136 181 111 198 127 146 101 119 119 131 101 143 171 186 136 121 154
  115 140 112 175 122 134 144]
 [  0 174 184 122 150 127 128 181 140 140 109 154 119 190 100 123 161 193
  140 117 178 112 133 148 149 133 161 127 173 167 163 181 110 188 191 186
  128 157 160 108 189 164 131 123 155 125 155 195 129 120 131 134 128 186
  159 170 130 116 176 109 103]
 [  0 148 108 193 188 160 159 199 169 139 137 184 142 128 132 177 191 171
  194 195 171 112 194 153 142 161 148 130 192 173 135 196 193 165 163 134
  101 176 193 165 143 144 105 100 188 174 196 161 130 154 153 176 167 110
  100 115 178 185 131 199 164]]
 job2fam
 [[1 0 0 0 0 0 0 0 0 0 0 0 0 0 0 0 0 0 0 0 0 0 0 0 0 0 0 0 0 0 0 0 0 0 0 0
  0 0 0 0 0 0 0 0 0 0 0 0 0 0 0 0 0 0 0 0 0 0 0 0 0]
 [0 0 0 0 0 0 0 0 0 0 0 0 0 0 0 0 0 0 0 0 0 0 0 0 0 0 0 0 0 1 0 0 0 0 0 0
  1 0 1 0 0 0 0 0 0 0 0 0 0 0 0 0 0 1 0 0 0 0 0 0 0]
 [0 0 0 0 1 1 0 0 0 0 0 0 0 0 0 1 0 0 0 0 0 0 0 1 0 0 0 0 0 0 0 0 0 1 0 0
  0 0 0 0 0 0 0 0 0 0 0 0 0 0 0 0 0 0 0 0 0 0 0 0 0]
 [0 0 0 0 0 0 0 0 0 0 0 0 0 1 0 0 0 0 1 1 0 0 0 0 0 0 0 0 0 0 0 0 1 0 0 0
  0 0 0 0 0 0 0 0 1 0 0 1 0 0 0 0 0 0 0 0 0 0 0 0 0]
 [0 0 1 0 0 0 0 0 0 0 0 0 0 0 0 0 0 1 0 0 0 0 1 0 0 0 0 0 0 0 0 1 0 0 0 0
  0 1 0 0 0 1 0 0 0 0 0 0 0 0 0 0 0 0 0 0 0 0 0 1 0]
 [0 0 0 0 0 0 1 0 1 1 0 0 0 0 0 0 0 0 0 0 1 0 0 0 0 0 0 0 0 0 0 0 0 0 0 0
  0 0 0 0 1 0 0 0 0 0 0 0 0 0 0 0 0 0 0 0 0 0 1 0 1]
 [0 0 0 0 0 0 0 0 0 0 0 0 0 0 0 0 1 0 0 0 0 0 0 0 1 0 0 1 0 0 1 0 0 0 1 0
  0 0 0 0 0 0 0 0 0 0 0 0 1 0 0 0 0 0 0 1 0 1 0 0 0]
 [0 1 0 0 0 0 0 0 0 0 0 0 1 0 1 0 0 0 0 0 0 1 0 0 0 0 0 0 1 0 0 0 0 0 0 1
  0 0 0 0 0 0 1 0 0 1 0 0 0 0 1 1 1 0 1 0 1 0 0 0 0]
 [0 0 0 1 0 0 0 1 0 0 1 1 0 0 0 0 0 0 0 0 0 0 0 0 0 1 1 0 0 0 0 0 0 0 0 0
  0 0 0 1 0 0 0 1 0 0 1 0 0 1 0 0 0 0 0 0 0 0 0 0 0]]
