params：
 weight-->(1, 10)
 proc_times-->(1, 100)
 setup_times-->(60, 120)
 delivery_times-->(1, 30)
 job_rate-->12

start:
alpha_1
12
 alpha_2
2.0
 mach
5
 job
60
 fam
8
 weigh
 [[0 8 7 7 1 5 6 8 4 7 3 9 2 5 9 4 1 3 4 6 3 1 4 8 7 9 3 2 2 8 3 4 6 7 8 9
  5 7 6 9 1 2 1 4 3 8 4 5 9 7 5 4 8 1 8 4 3 1 4 7 9]]
 proc_times
 [[  0  90  95  51  21  77  22  25  75  85  39  70  37  88  25   3  87  20
   33  33  49  70  22  93  24  15  69  42  68  93  44  76  99  36  34  78
    7  99  99   5  29  24   5  72  13  74  40  56  82  62  65   4  62  78
   73  98  50  54  98  85  48]
 [  0  80  31  75  51  56  73  69  73  59  99  18  27  21  15  26  59  73
   32  33  40  18 100  24  89  97  60  93  90  83  50  28  39  62  57  59
   42  68  58   6  47   6  79  91  11  91  42  31   5  23  48  14  39  47
   74  41  41  90   7   9  24]
 [  0  52  31   2  86  56  60  37  37  51  68  24  55  16  82  41  41  22
   86  48   7  69  50   2  53   1  30  75  18  33  28  68  47  81   9  81
   76  21  47  50  90  12  71  88  52   4   1  52  44  39  67  16  64  90
   71  86   4  28  14  81   9]
 [  0  39  92  89   8  50  35  36  85  83  95  93  84   9  58  85   6  30
   43  68  48  54  54  54  57  59  70  69  70  68  70  27   2  94  18  88
    9  70   3  11  26  46  98  67  89  30  92  32  51  11  16  28  89  20
   80  95  65  84  57  29  83]
 [  0   3  84  81  53  47  29  75  82  95  34  16  80  24  36  33  97  94
   59  10  67  40  25  53  56  15  49  44  20  45  40  68  78  64   9  54
   96  11  27  72  70  93  93  71  46  34  55 100  44  80  10  49  66  30
   68  11  29  64  27  97  37]]
 setup_times
 [[[  0 109 116  95  98 113  80  60 104]
  [  0   0  60  97 119 105  70  62  88]
  [  0  96   0 108  61  60  98  97  61]
  [  0  67  61   0  88 101  74  93  70]
  [  0  77 111 103   0  73 112  82  72]
  [  0  72 116  68 112   0 117  79  94]
  [  0 102 115 104  81  99   0  99 111]
  [  0  85  89  96  72  66  78   0 106]
  [  0 113  74 117  94  73  87  69   0]]

 [[  0 100 100 101 107 112  61 109 102]
  [  0   0 104  65  67  60  61  69 117]
  [  0 103   0  97  94  77  69  92  64]
  [  0  94  66   0  65 110  83  96  82]
  [  0 112 112  98   0  96  83 117  99]
  [  0  63  83  73  87   0  90  79  97]
  [  0 111 112  87  95  79   0 119  66]
  [  0  98  90 100  69 108  93   0  66]
  [  0  61 117  98  68 108 101  94   0]]

 [[  0 116  79  87  82 112 101  88  82]
  [  0   0 106 109  85 101  71  62  90]
  [  0 114   0  90 106  63  78 102  77]
  [  0 109 105   0  99 118  72  95  74]
  [  0 102  73  92   0  60 115  64 100]
  [  0  80  96  74  94   0  92  73  83]
  [  0 105  99  84  82  72   0 111  96]
  [  0  89  60 112  84 108  89   0 106]
  [  0  76  75  70  68  78 100 111   0]]

 [[  0  61 119 112  89  61 110  95  76]
  [  0   0 114 113  72 105  63  75  76]
  [  0  60   0 119  79  96  77  71  73]
  [  0  72  98   0  93  90  66  69  69]
  [  0 118  97  97   0  81  64 102  70]
  [  0  80  66 111  92   0  93 107  85]
  [  0  88 106  84  82  93   0  89  62]
  [  0  95  96  96  99 112  61   0 117]
  [  0 107  83  75 100  80  74 102   0]]

 [[  0 106 109  62  67  97  64  77  98]
  [  0   0  92 110  97 113  89 104  89]
  [  0  82   0  63  80 100  94 107  96]
  [  0  64 104   0 103  96  97  69  99]
  [  0  93  79  89   0  77 112  77  69]
  [  0 100  86  90 105   0  64  76  78]
  [  0  86  63  70  61 101   0 116  96]
  [  0 119 101  81  84 105 103   0  79]
  [  0  80  95  63 116  94 110  98   0]]]
 delivery_times
 [[ 0 27 27 18 24 12 17 20 28 12 21 27 22 18 17 11 29 23  2  1 13 26  2  2
  22 24  1 17 26 26 24 17  8 25 16 25 23  3 16 18 13 16 11 27 10 13 19 24
  15 21 21 18  5 28 12 27  7  8 19 29 26]
 [ 0 27 29 15  9  7 20 18  2 22  8  3  2 18 10 26  3 15 17 26  8 29  9 28
  17 18 25 20 16  8 11  4  6  6 20 25  3 25  7 24 16  1 12 11 11 25  9 12
  29  9 13  5 14 10 14 27  7 22 22 16 19]
 [ 0 15  1 19 22 26 17  5 10  9 10  8 14 21 18 21  9  5  5  5  2 26 27 10
  20 18 28 15 15 12 26 22  5 17 24 26 12  2 11 28 14  4 28 24 25 23  5 10
  14 15 17 15 20  5 13  9  3 29 22 26  9]
 [ 0 25  9 16  3 27 23 29 29  5 23 29 29 10 13  6 17 18  8  2 11 25  8 26
  20 26  7 13 29 28 17 20  3 18  2 22 10  3  2 22  3 15  1 27 24 24 23 19
  18 29 10  6 20  9  3 18 27 20 15  5  7]
 [ 0 24 13 22 28  5 13 18  1  9  7  9  8  7 27 19 14 29  6 25 20  7 27  7
  20 16 16 19 11 29  6  5 29 10 18 15 23 25  3 29  6 10 15  3 24 15 12 16
   5 12 26  4 17 15  6 26 17 18  4 24 28]]
 job2fam
 [[1 0 0 0 0 0 0 0 0 0 0 0 0 0 0 0 0 0 0 0 0 0 0 0 0 0 0 0 0 0 0 0 0 0 0 0
  0 0 0 0 0 0 0 0 0 0 0 0 0 0 0 0 0 0 0 0 0 0 0 0 0]
 [0 0 0 0 0 0 0 0 0 0 0 0 0 0 0 0 0 0 0 0 0 0 0 0 0 0 0 0 0 1 0 0 0 0 0 0
  1 0 1 0 0 0 0 0 0 0 0 0 0 0 0 0 0 1 0 0 0 0 0 0 0]
 [0 0 0 0 1 1 0 0 0 0 0 0 0 0 0 1 0 0 0 0 0 0 0 1 0 0 0 0 0 0 0 0 0 1 0 0
  0 0 0 0 0 0 0 0 0 0 0 0 0 0 0 0 0 0 0 0 0 0 0 0 0]
 [0 0 0 0 0 0 0 0 0 0 0 0 0 1 0 0 0 0 1 1 0 0 0 0 0 0 0 0 0 0 0 0 1 0 0 0
  0 0 0 0 0 0 0 0 1 0 0 1 0 0 0 0 0 0 0 0 0 0 0 0 0]
 [0 0 1 0 0 0 0 0 0 0 0 0 0 0 0 0 0 1 0 0 0 0 1 0 0 0 0 0 0 0 0 1 0 0 0 0
  0 1 0 0 0 1 0 0 0 0 0 0 0 0 0 0 0 0 0 0 0 0 0 1 0]
 [0 0 0 0 0 0 1 0 1 1 0 0 0 0 0 0 0 0 0 0 1 0 0 0 0 0 0 0 0 0 0 0 0 0 0 0
  0 0 0 0 1 0 0 0 0 0 0 0 0 0 0 0 0 0 0 0 0 0 1 0 1]
 [0 0 0 0 0 0 0 0 0 0 0 0 0 0 0 0 1 0 0 0 0 0 0 0 1 0 0 1 0 0 1 0 0 0 1 0
  0 0 0 0 0 0 0 0 0 0 0 0 1 0 0 0 0 0 0 1 0 1 0 0 0]
 [0 1 0 0 0 0 0 0 0 0 0 0 1 0 1 0 0 0 0 0 0 1 0 0 0 0 0 0 1 0 0 0 0 0 0 1
  0 0 0 0 0 0 1 0 0 1 0 0 0 0 1 1 1 0 1 0 1 0 0 0 0]
 [0 0 0 1 0 0 0 1 0 0 1 1 0 0 0 0 0 0 0 0 0 0 0 0 0 1 1 0 0 0 0 0 0 0 0 0
  0 0 0 1 0 0 0 1 0 0 1 0 0 1 0 0 0 0 0 0 0 0 0 0 0]]
