params：
 weight-->(1, 10)
 proc_times-->(1, 100)
 setup_times-->(60, 120)
 delivery_times-->(1, 100)
 job_rate-->12

start:
alpha_1
12
 alpha_2
2.0
 mach
5
 job
60
 fam
8
 weigh
 [[0 7 7 4 2 4 2 7 1 3 9 1 3 8 4 7 3 7 5 5 4 7 6 3 1 1 6 7 3 1 2 1 4 5 3 5
  9 4 7 9 3 1 5 8 6 9 2 9 5 3 2 9 9 8 7 6 6 9 6 6 3]]
 proc_times
 [[  0  77  65  54  98  23  14  45  83  93  79  71  10  31  12  69  56  35
   91  86  81  27  14  75   9  18  58   4  94  42  66  96  89  46  45  99
   76  77  94  15  40  69  40  26  47  48  91  31  44  60  82   5  66  35
   90  19  55  28  29  97   9]
 [  0  74  77 100  18  66  10  86  12   2  40  42  75  62   5  88  55   8
    9  19 100  47  26  79  41  72  11  25  86  38  90  49  39  83  81  84
   18  69  11  49  88  29  34  48  24  24  52  22  49  36   3  70  48  69
   19  77  64   4  28  91  56]
 [  0  12  65  22  67  65  25  44  78  20  82  92  29  44  62  48  59  43
   16  64  46   7  62   8  56  91  10  44  62   8  35  48  90  87  71  71
   49  86  27  25  28  47  16  52  18  73  19  27  28  41  59  10  71  29
   18  30  63  70  42  79  37]
 [  0   9  94  76  54  28   2  38  66  98  37  22  53   3  97  62  38  37
   40  68  96  62  50   1  64  39  24  68  53  60  99  56  20  60  22  60
   83   6  80  93  23  58  15  86   6   1  27  42  43  67  56   5  36  48
   42  71  90  55   1  76  81]
 [  0  84  98  71  46  22  68  89  14  26  92  22  52  49  82  89 100  90
   86  52  54  32   5   9  34  52  21  31  25  64  28  72  45  43  88  98
   11  96  31  50  58   1  17  49  40  42  67  98  87  37  50  66  86  16
   53  96  72  14 100   6  68]]
 setup_times
 [[[  0  98 103  62  92  63  96  96  90]
  [  0   0  79  66 107  63 103  69  69]
  [  0 116   0 109 100  62 115 113  90]
  [  0  73  98   0  96 103  63  86  88]
  [  0  99  85 101   0  88 119  96  65]
  [  0  80  94  74  70   0  71  63  75]
  [  0  86  72  70  93  75   0  82  92]
  [  0 107 102  72  73 100  73   0  82]
  [  0  96 110 111  95  95 106  79   0]]

 [[  0 107  90  60  69 101 111 105  92]
  [  0   0  86 107  67  73 105  98  93]
  [  0  91   0  83 110 119 100 100  70]
  [  0 103 104   0  64 102  74  72  67]
  [  0  99  76 114   0  95 101  93  90]
  [  0  80  60  76  71   0  61  86 112]
  [  0 100  62  98 115  90   0  60 105]
  [  0 119  82  70  78  91  88   0  69]
  [  0 106 107 102  87  74  83  75   0]]

 [[  0  87  83  79 117 114  87  64 105]
  [  0   0  94 114  66  89  77 103  62]
  [  0  78   0  74 116 108 102 107 105]
  [  0  76  80   0 101  75  86 119  63]
  [  0  74  67  93   0  88 113  84  70]
  [  0  68 119  63  63   0 119 104  62]
  [  0  77  67  92  74 108   0  76  98]
  [  0 109 119 115 101  61  76   0  74]
  [  0  62 108  78 103  61  89  81   0]]

 [[  0  72 119 102  81 110 115 115 106]
  [  0   0  86  84 118 108 110  61  93]
  [  0  76   0 112  99 103  96  99  82]
  [  0 117  70   0  80 107  70  97 109]
  [  0  67  91 115   0  71 116  92 100]
  [  0 119  74  72  77   0  60 103  77]
  [  0  66  77  83  90 107   0  88  67]
  [  0  91 109 109 104 114  74   0  74]
  [  0 108  63  83 118 102  60  73   0]]

 [[  0  63  71 101  85  68 112  94 111]
  [  0   0 115 113 115 107 112  82 107]
  [  0  67   0  72 106 107  73  75  97]
  [  0  89  94   0  82  80  81 117 106]
  [  0  91 107  86   0  63 115  99  98]
  [  0 112  61  75 119   0  92  93  61]
  [  0 100  68  80 100  71   0 114 109]
  [  0  90  99  79  77  90 115   0  72]
  [  0  94  60 108 111 114  84 106   0]]]
 delivery_times
 [[ 0 44  4 21 66 75 51 71 74 20 90 35  2 49 50 57 65 86 81 89 40  8 25 26
  14 61 77  5  5 24 75 14 48 99 44 81 76 24 38 81 30 61 55 99  2 93 63  4
  40 75 83 32 98  3 48 46 83 57 84 36 16]
 [ 0  7 21 77 42 97 98 19 67 31 78  9 86 49 37 98 48 36 55 59 98  8 80 10
  27 57 30 67 76  1 88 48 98 56 65 78 98 81 23 13 51 34 48 90 14 42 60  6
  23 35 30 77 37 82 78 66 53 43 47 52 12]
 [ 0 76 94  5 46 44 87 76 25  3 58 80  2 40 46 87 93 10 67 82  6  9 73 42
  72 42 11 33 59 84 55 93 84 16 33 89 13 65 99 51 34 10 52 50  1 58 25 44
  89 32 42 67 13 80 90 47 22 80 57 63 71]
 [ 0 95 23 34 58 18 66 25 60 43 63 87 48 56 36 54 75 64 93  7 16 24 90 79
  59 55  6 50 65 89 59 80  4 74 57 46 74 37 36 16  7 50  2 98 92 79 68 58
  42 12 55 20 34 87 52 54 62 94 82 60 59]
 [ 0 25 13 60 28 95 52 88  4 66 15 32 80 81 30 81 62 21 78  5 71 26 15 73
  78 31 90 59 65 41 96 66 10 86 82 86 59  1 35 32 49 10 95  3 81 13 95 16
  43 91 15 60 34 75 35 94  7 72 16 88 49]]
 job2fam
 [[1 0 0 0 0 0 0 0 0 0 0 0 0 0 0 0 0 0 0 0 0 0 0 0 0 0 0 0 0 0 0 0 0 0 0 0
  0 0 0 0 0 0 0 0 0 0 0 0 0 0 0 0 0 0 0 0 0 0 0 0 0]
 [0 0 0 0 0 0 0 0 0 0 0 0 0 0 0 0 0 0 0 0 0 0 0 0 0 0 0 0 0 1 0 0 0 0 0 0
  1 0 1 0 0 0 0 0 0 0 0 0 0 0 0 0 0 1 0 0 0 0 0 0 0]
 [0 0 0 0 1 1 0 0 0 0 0 0 0 0 0 1 0 0 0 0 0 0 0 1 0 0 0 0 0 0 0 0 0 1 0 0
  0 0 0 0 0 0 0 0 0 0 0 0 0 0 0 0 0 0 0 0 0 0 0 0 0]
 [0 0 0 0 0 0 0 0 0 0 0 0 0 1 0 0 0 0 1 1 0 0 0 0 0 0 0 0 0 0 0 0 1 0 0 0
  0 0 0 0 0 0 0 0 1 0 0 1 0 0 0 0 0 0 0 0 0 0 0 0 0]
 [0 0 1 0 0 0 0 0 0 0 0 0 0 0 0 0 0 1 0 0 0 0 1 0 0 0 0 0 0 0 0 1 0 0 0 0
  0 1 0 0 0 1 0 0 0 0 0 0 0 0 0 0 0 0 0 0 0 0 0 1 0]
 [0 0 0 0 0 0 1 0 1 1 0 0 0 0 0 0 0 0 0 0 1 0 0 0 0 0 0 0 0 0 0 0 0 0 0 0
  0 0 0 0 1 0 0 0 0 0 0 0 0 0 0 0 0 0 0 0 0 0 1 0 1]
 [0 0 0 0 0 0 0 0 0 0 0 0 0 0 0 0 1 0 0 0 0 0 0 0 1 0 0 1 0 0 1 0 0 0 1 0
  0 0 0 0 0 0 0 0 0 0 0 0 1 0 0 0 0 0 0 1 0 1 0 0 0]
 [0 1 0 0 0 0 0 0 0 0 0 0 1 0 1 0 0 0 0 0 0 1 0 0 0 0 0 0 1 0 0 0 0 0 0 1
  0 0 0 0 0 0 1 0 0 1 0 0 0 0 1 1 1 0 1 0 1 0 0 0 0]
 [0 0 0 1 0 0 0 1 0 0 1 1 0 0 0 0 0 0 0 0 0 0 0 0 0 1 1 0 0 0 0 0 0 0 0 0
  0 0 0 1 0 0 0 1 0 0 1 0 0 1 0 0 0 0 0 0 0 0 0 0 0]]
