params：
 weight-->(1, 10)
 proc_times-->(1, 100)
 setup_times-->(15, 30)
 delivery_times-->(1, 30)
 job_rate-->12

start:
alpha_1
12
 alpha_2
0.5
 mach
5
 job
60
 fam
12
 weigh
 [[0 9 4 9 1 3 8 1 6 1 1 9 9 8 9 7 8 5 4 1 5 6 6 4 6 6 8 5 7 3 2 6 8 3 5 7
  7 8 5 8 3 5 5 8 1 4 7 4 3 6 3 2 2 4 5 9 2 9 9 9 8]]
 proc_times
 [[  0  64  34  88  11  47  72  52  10  44  78  82  55  10  25  50  16  14
   13  53  39   8  68  81  76  75  46  30  83  88  37  14  20  83  81  56
   57  96  25  88   8  16  73  82  51 100  40  27  31  78  52  54  83  13
   57  18  42  85  65  42  73]
 [  0  53  75  90  43  27  99 100   3  23   8  39  60  56  62  34  41   6
   26  95  27  21  80  48  29  51  76  11  37  33  22  97  59  10   6  99
   67  75  46  61  31  31  20  31  55  65  23  82  60  44  98  85  98   9
    4  46  26  73  20  94  63]
 [  0  14  80  69  63  50  95  72  52  33  81  90  87  70  35  80  19  18
   64   3  89  41  49  70   4  61  74  47  17   5  60  54  96  85  45  26
   81  72  20  21  95  50  83  10  99  80  15  36  36  77  93  11  56   1
   18  86   7  76  15  36  91]
 [  0  86  25  18  43  25  75   5  90  80  73  75  76 100  90  63  66  69
   14   1  31  14  22  56  81  88  72  14  39  15  83  61  28   9  77  24
   82  26  49  85  36  13  56  49  75  14  16   5  97  86  80  95  62  67
   49  85  52  45  19   3  65]
 [  0  56  66  83  89  16  49  85  64  25  83   2  20  27  26  33  48  65
   85  11  95  25  14  26  32  23  63  30  59   4  66  58  69  20  54  79
   98  90  36  45  75   3  51  36  57  88  70  30  78  92  61  72  44  37
   47  18   6  82  91  55  67]]
 setup_times
 [[[ 0 20 28 26 28 25 29 25 25 18 19 16 24]
  [ 0  0 17 27 23 28 24 18 17 20 15 26 22]
  [ 0 18  0 21 18 28 28 18 19 17 17 21 18]
  [ 0 29 18  0 29 21 17 26 18 21 24 24 25]
  [ 0 19 16 28  0 24 20 29 20 15 17 20 25]
  [ 0 26 21 25 21  0 18 25 21 15 21 15 23]
  [ 0 18 15 17 16 22  0 25 25 16 20 29 27]
  [ 0 21 16 20 21 27 27  0 27 25 17 18 16]
  [ 0 15 16 16 29 26 27 28  0 18 20 17 19]
  [ 0 22 19 26 29 26 27 22 15  0 20 29 19]
  [ 0 18 28 17 18 19 16 21 25 21  0 20 23]
  [ 0 21 25 25 20 23 16 26 16 21 19  0 23]
  [ 0 20 29 25 17 24 26 23 20 23 20 21  0]]

 [[ 0 19 25 26 17 29 15 15 16 29 29 15 28]
  [ 0  0 29 20 29 17 22 19 19 18 29 15 20]
  [ 0 29  0 20 23 21 25 29 16 18 18 21 15]
  [ 0 22 24  0 28 21 27 18 28 23 16 28 23]
  [ 0 27 24 24  0 24 18 16 26 18 20 15 23]
  [ 0 23 27 17 15  0 29 25 27 25 19 23 29]
  [ 0 25 18 27 22 28  0 21 22 25 21 25 28]
  [ 0 18 16 29 18 15 17  0 27 28 22 23 16]
  [ 0 16 17 19 19 15 26 21  0 29 16 21 29]
  [ 0 19 17 17 28 21 17 23 24  0 28 23 19]
  [ 0 22 27 26 21 17 26 24 29 29  0 18 20]
  [ 0 28 23 19 20 17 16 17 27 16 24  0 17]
  [ 0 28 19 17 25 26 25 20 22 27 25 22  0]]

 [[ 0 23 15 23 25 17 17 15 25 23 16 22 16]
  [ 0  0 16 15 23 18 16 27 26 18 20 26 17]
  [ 0 20  0 27 24 20 26 25 21 22 25 20 16]
  [ 0 26 29  0 23 24 23 22 21 28 24 15 27]
  [ 0 27 26 22  0 17 23 19 20 29 22 19 29]
  [ 0 18 23 25 19  0 19 17 22 19 22 24 28]
  [ 0 16 27 22 27 19  0 22 29 29 23 20 19]
  [ 0 26 23 29 23 21 19  0 29 23 21 23 16]
  [ 0 23 22 18 27 22 23 22  0 24 15 18 21]
  [ 0 15 25 29 17 19 25 27 26  0 26 22 28]
  [ 0 22 24 23 25 28 27 29 15 15  0 24 18]
  [ 0 24 18 18 22 20 25 18 25 28 15  0 22]
  [ 0 20 18 15 19 28 22 28 21 20 19 28  0]]

 [[ 0 28 18 18 19 27 15 24 29 27 18 24 29]
  [ 0  0 28 27 15 15 25 27 16 22 28 24 27]
  [ 0 29  0 16 28 23 20 25 16 26 20 24 28]
  [ 0 28 17  0 26 23 21 29 28 26 17 21 22]
  [ 0 16 29 21  0 21 22 23 22 22 21 29 19]
  [ 0 17 21 23 27  0 16 18 28 20 22 17 19]
  [ 0 26 28 19 23 27  0 26 24 16 22 19 20]
  [ 0 22 21 15 29 21 22  0 15 15 20 25 27]
  [ 0 22 19 28 21 29 29 19  0 17 17 16 16]
  [ 0 29 17 18 23 17 20 22 16  0 15 22 18]
  [ 0 18 19 18 28 21 17 24 18 26  0 24 24]
  [ 0 17 16 27 16 23 25 17 27 22 26  0 25]
  [ 0 26 29 29 15 25 22 15 16 25 18 28  0]]

 [[ 0 26 16 23 25 28 22 21 29 18 22 22 23]
  [ 0  0 21 18 23 21 19 21 16 16 24 23 18]
  [ 0 16  0 21 27 29 25 16 23 26 26 28 27]
  [ 0 23 18  0 19 20 29 16 25 25 27 25 26]
  [ 0 24 17 21  0 18 15 17 20 25 20 26 17]
  [ 0 21 20 22 24  0 22 19 16 16 20 19 20]
  [ 0 21 29 29 18 22  0 16 29 28 29 17 18]
  [ 0 23 23 23 15 19 26  0 27 29 25 20 18]
  [ 0 19 27 15 19 22 27 26  0 24 29 20 19]
  [ 0 22 15 19 27 23 26 22 27  0 22 26 20]
  [ 0 22 23 16 18 26 23 18 29 24  0 20 28]
  [ 0 15 17 23 28 21 25 28 24 25 29  0 16]
  [ 0 21 15 25 29 26 22 16 22 25 25 18  0]]]
 delivery_times
 [[ 0 20 29 20 24 21 26 17  7 26  6 14 13 12 22 19 13 25  1 12 28  2 10 11
  12 15 20 29 15 20  6  2  3  5 20 27 12 28 20 29  9 21  9 15  9 25  8 16
  24  9 26 18  9 10 10 20 10 11 17 12 29]
 [ 0 11  2  6  6 29  5  7 19 14 20 27  1  9 26 26 12 10 27  7 25  6 28 22
  29 27 13 23  5  3 14 18 23 20 14 26  8  2  3  3  1 10 29 16 17 19  8  7
  19 13 19  6 17 23 25 14 27 19 15 27 19]
 [ 0  5 22  6 15 15 24 18 21 22 11  4 26  3 25  3 11 16 19 25 22  2 13 18
  11 26 25 19 13  6 22 16 16  2 24 20  6  1 10  5 22 29 16 23 12 27 10  1
   7  5 23  5  7 14  1  5  8 20 17 18  1]
 [ 0 26 19  4 24 27 15 10 26  8  9 25 17 11 27  5 19 18 17 24  6  1  2 18
  26  6  4 15  9 17 22 15  8 13  5 12 28  5 28 24  6 20 18  3 16 19  2 21
  26 13 21  4  2 23 22 16  6  9  7 27 27]
 [ 0 22 22 21 19  9 26  9  4  6 21 27 16 19 15 27  8 16  6 17  5 16 13  2
  25  1 22 26  7  2  4 16 11  7  8 10 18  7 15 11 18  3  8 11 20 19 26  8
  28 29 17  2 17  6 21 11 22 27  8  6 26]]
 job2fam
 [[1 0 0 0 0 0 0 0 0 0 0 0 0 0 0 0 0 0 0 0 0 0 0 0 0 0 0 0 0 0 0 0 0 0 0 0
  0 0 0 0 0 0 0 0 0 0 0 0 0 0 0 0 0 0 0 0 0 0 0 0 0]
 [0 0 1 0 0 0 1 0 0 0 0 0 1 0 0 0 0 0 0 0 0 0 0 0 0 0 0 0 0 1 0 0 0 0 0 0
  0 0 0 0 0 0 0 0 0 0 0 0 0 0 0 0 0 0 0 0 0 0 0 0 0]
 [0 0 0 0 0 0 0 0 0 0 0 0 0 0 0 0 0 0 0 0 0 0 0 1 0 0 0 0 0 0 0 0 0 0 0 0
  1 0 0 0 0 0 0 0 0 0 0 0 0 0 0 0 0 0 0 0 0 0 0 0 0]
 [0 0 0 0 0 0 0 0 0 0 0 0 0 0 0 0 0 0 0 0 0 0 0 0 0 0 0 0 0 0 0 0 0 0 0 0
  0 0 0 1 0 0 0 0 1 0 1 0 0 0 0 0 0 0 0 0 0 0 0 0 0]
 [0 0 0 0 0 0 0 0 0 0 0 0 0 0 0 0 0 1 1 0 0 0 1 0 0 0 0 0 0 0 0 0 1 0 0 0
  0 0 0 0 0 0 0 0 0 0 0 0 0 0 0 0 0 1 0 0 0 0 0 0 0]
 [0 0 0 0 0 0 0 0 0 0 0 0 0 0 0 0 0 0 0 0 0 0 0 0 0 1 0 0 0 0 0 0 0 0 0 0
  0 0 0 0 0 0 0 0 0 0 0 1 0 0 0 0 0 0 0 1 0 0 1 0 0]
 [0 0 0 0 0 0 0 0 0 0 0 1 0 0 0 0 0 0 0 0 0 0 0 0 0 0 0 0 0 0 0 1 0 0 1 0
  0 0 0 0 0 0 0 0 0 0 0 0 0 1 0 0 0 0 0 0 0 0 0 1 0]
 [0 0 0 0 0 0 0 0 0 0 0 0 0 0 0 0 0 0 0 1 0 0 0 0 1 0 0 0 1 0 0 0 0 0 0 0
  0 0 1 0 0 0 0 0 0 1 0 0 0 0 0 0 0 0 1 0 0 0 0 0 0]
 [0 0 0 0 0 0 0 1 0 1 0 0 0 0 0 0 0 0 0 0 0 0 0 0 0 0 0 0 0 0 0 0 0 0 0 0
  0 0 0 0 0 0 0 0 0 0 0 0 1 0 0 0 0 0 0 0 0 1 0 0 1]
 [0 0 0 0 0 0 0 0 1 0 0 0 0 0 1 0 1 0 0 0 0 0 0 0 0 0 1 0 0 0 0 0 0 0 0 0
  0 0 0 0 0 0 0 0 0 0 0 0 0 0 0 0 0 0 0 0 0 0 0 0 0]
 [0 0 0 1 0 0 0 0 0 0 0 0 0 1 0 0 0 0 0 0 0 0 0 0 0 0 0 0 0 0 0 0 0 1 0 0
  0 1 0 0 0 1 1 0 0 0 0 0 0 0 1 0 1 0 0 0 1 0 0 0 0]
 [0 1 0 0 0 1 0 0 0 0 1 0 0 0 0 1 0 0 0 0 0 1 0 0 0 0 0 0 0 0 1 0 0 0 0 0
  0 0 0 0 1 0 0 0 0 0 0 0 0 0 0 1 0 0 0 0 0 0 0 0 0]
 [0 0 0 0 1 0 0 0 0 0 0 0 0 0 0 0 0 0 0 0 1 0 0 0 0 0 0 1 0 0 0 0 0 0 0 1
  0 0 0 0 0 0 0 1 0 0 0 0 0 0 0 0 0 0 0 0 0 0 0 0 0]]
