params：
 weight-->(1, 10)
 proc_times-->(1, 100)
 setup_times-->(60, 120)
 delivery_times-->(1, 100)
 job_rate-->12

start:
alpha_1
12
 alpha_2
2.0
 mach
5
 job
60
 fam
8
 weigh
 [[0 7 9 2 8 2 2 3 4 7 4 9 8 7 1 5 6 5 7 3 3 1 2 3 8 3 4 6 3 6 1 6 4 2 2 6
  3 5 5 8 1 8 1 8 5 5 2 8 9 8 9 2 6 9 2 4 4 1 6 8 1]]
 proc_times
 [[  0  21  25   2  81  30  92  18  29  19  51   2  25  45  10  57  44 100
   51  23   9  95  87  22  55  90  42  73  42  57   9  31  61  31  37  57
   44  73  82  32  78  39  71  40   6  93  83  58  90  22  45  83  56  90
   10  26  48  58  99  18  76]
 [  0  11  79  36  96  46   3  61  20  90  55  28  64   9  80   5  73  96
   94 100  63  64  92  37  97  51  22  73  12  91  82  50  91  37  22  75
   90  99  65  39  65  43  14  74  69  48  18  22  58  90  12  58  97  87
   71  36  75  59  18  38  84]
 [  0  99  15  14 100  28   3  95  94  82  93   8  59  26  68  75  39  25
   47  48   9  39  49  10  12   4  22  47  26  45  18   8  18  45  26   6
   30  62  53  70  18  40  15   3  11  88  31  13  43  33  97  55  46  66
   49  57  76  41   7   5  18]
 [  0  73  24  30  83  73  28  97  56  20  47  93  74  80  11  56  46  32
   68  25  74  42  24  48  49  99  31  66  33  17  43  25  58   3  80  13
   59  61   1  16  80  57  49  17  19   4  81  98  87  61  49  65  60  69
   89  46  41  78  99  14   4]
 [  0  37  22  50  63  70  46  81  28  57  10  54  72  75  34  91  50  24
    7  28  88  27  22  53  97  18  47  31  70  51  71  97  67  94  53  71
    9  95  99  57  31  46  86   7  82  63  16  62   1  81  98  37   8  62
   61  98  81  31  62  46  99]]
 setup_times
 [[[  0 118 103  97 109  65 118  78 114]
  [  0   0  88 102 117  62  71  76  74]
  [  0  65   0  91 101 109 119 106 114]
  [  0  91  71   0 115 113 112 115 107]
  [  0  83 114  98   0 110 117  72 119]
  [  0  77  89  87  66   0  73  73  92]
  [  0  79  73  63  91  66   0  97  66]
  [  0  75 114 108 118  74 104   0  91]
  [  0 113  63  96 119  82  98 114   0]]

 [[  0  62 106  71  96 105  74 112 115]
  [  0   0 116 117  66  60 108 112 103]
  [  0  78   0 106 114  64  77 101 114]
  [  0  66  86   0  89 117 108  77  71]
  [  0  68  96  77   0  97  95  68 101]
  [  0  88 116  84 102   0  81 100  61]
  [  0 118  97  72 113 112   0 109 102]
  [  0  98 110  90  74  90 110   0  95]
  [  0  88  88  72  95  76  86 115   0]]

 [[  0 116 118  79  97  97 118  89  89]
  [  0   0 101  70  70  79  67  69  80]
  [  0 104   0 119  81 107 110  96  62]
  [  0  60 103   0  82  61 102  94  68]
  [  0 119  87  84   0  96  76 100 115]
  [  0 107  95 102 100   0  87 108  62]
  [  0 106  73  72  66  76   0  69  76]
  [  0  97 119 104  65  83  63   0  93]
  [  0 115  70 111 106  82  64  78   0]]

 [[  0 114  67 119  71  62  81  73  75]
  [  0   0  67 117  91  94  89 119  77]
  [  0 118   0  72  92 115  86  94 118]
  [  0  61 111   0  96  79  84 115 105]
  [  0  90 113  77   0 111  64 109  73]
  [  0  75 118  66 119   0  68 100  66]
  [  0  84  87 101  91 119   0  78  88]
  [  0 110  88  96  83  66  68   0  70]
  [  0  90  86  96 113 106  85 118   0]]

 [[  0  95 102  72  84  75  80 117  72]
  [  0   0 108  87 110  93 115  65  70]
  [  0  82   0 100  77 115  68 118  66]
  [  0 114  86   0 116  89 117  84  79]
  [  0  77  88  99   0  69  62  75  89]
  [  0 115  64  92 118   0 103 115 105]
  [  0  84  61  90  75 103   0  61  91]
  [  0 117  67  86  76  98 109   0 100]
  [  0  60  96 106 101 108 118  72   0]]]
 delivery_times
 [[ 0 81 69 89 28 64 56 94  5 86 55 63 41 82 47 62 70 59 70 61 54 45 97  6
  77 18 17 40 33 40 56 58 40 75  7 59 27 16 16 93  3 96 78  5 24 78 81 90
  43 74 52 52 62 14  3 28 90 65 25 56 33]
 [ 0 25 25 33 60 57 23 65 40 21 21 79 99 31 14 74 32  4 95 80 55 67 23 93
  21 12 22 64 40 73 73 38 53 32 67 64 43 85 64 45 69 42 48 19 30 71 27 55
   3 64 41 91 61 28 89 68 25 61 85 53 22]
 [ 0 95  2 54 23 84  5 50 77 36 60 82 32 20 73 72 49 71  4 13 16  9 45 34
  22 90 95 82  5 94 80 41 14 96 33 38 59 11 74 46 29 93 25 71 87 88 87 41
  18 22 14 63 21 58 54  8 36 69 93 60  8]
 [ 0 33 44 74 13 59 74 51 82 75 47  7 99 31 97 57 29 71 85 84 75 47  9 94
  27 56 94 53  5 11 48 62 22 98 23 10 12 58  1 20 95 85 23 44 59 41 37 31
  85 30 37 49 99  2 95 11 57 20 30 71 28]
 [ 0 17 37 90  9 14 35 78 55 38 23 68 74 47 12 49 99 85 16 26 82 92 16 41
  66 73 96 43 96 12 95 49 66  8 98 22 81 22 83 78 44 40 80 26  7 84  6 36
   3 94 97 47 87 12 34 83 10  3 61 61 77]]
 job2fam
 [[1 0 0 0 0 0 0 0 0 0 0 0 0 0 0 0 0 0 0 0 0 0 0 0 0 0 0 0 0 0 0 0 0 0 0 0
  0 0 0 0 0 0 0 0 0 0 0 0 0 0 0 0 0 0 0 0 0 0 0 0 0]
 [0 0 0 0 0 0 0 0 0 0 0 0 0 0 0 0 0 0 0 0 0 0 0 0 0 0 0 0 0 1 0 0 0 0 0 0
  1 0 1 0 0 0 0 0 0 0 0 0 0 0 0 0 0 1 0 0 0 0 0 0 0]
 [0 0 0 0 1 1 0 0 0 0 0 0 0 0 0 1 0 0 0 0 0 0 0 1 0 0 0 0 0 0 0 0 0 1 0 0
  0 0 0 0 0 0 0 0 0 0 0 0 0 0 0 0 0 0 0 0 0 0 0 0 0]
 [0 0 0 0 0 0 0 0 0 0 0 0 0 1 0 0 0 0 1 1 0 0 0 0 0 0 0 0 0 0 0 0 1 0 0 0
  0 0 0 0 0 0 0 0 1 0 0 1 0 0 0 0 0 0 0 0 0 0 0 0 0]
 [0 0 1 0 0 0 0 0 0 0 0 0 0 0 0 0 0 1 0 0 0 0 1 0 0 0 0 0 0 0 0 1 0 0 0 0
  0 1 0 0 0 1 0 0 0 0 0 0 0 0 0 0 0 0 0 0 0 0 0 1 0]
 [0 0 0 0 0 0 1 0 1 1 0 0 0 0 0 0 0 0 0 0 1 0 0 0 0 0 0 0 0 0 0 0 0 0 0 0
  0 0 0 0 1 0 0 0 0 0 0 0 0 0 0 0 0 0 0 0 0 0 1 0 1]
 [0 0 0 0 0 0 0 0 0 0 0 0 0 0 0 0 1 0 0 0 0 0 0 0 1 0 0 1 0 0 1 0 0 0 1 0
  0 0 0 0 0 0 0 0 0 0 0 0 1 0 0 0 0 0 0 1 0 1 0 0 0]
 [0 1 0 0 0 0 0 0 0 0 0 0 1 0 1 0 0 0 0 0 0 1 0 0 0 0 0 0 1 0 0 0 0 0 0 1
  0 0 0 0 0 0 1 0 0 1 0 0 0 0 1 1 1 0 1 0 1 0 0 0 0]
 [0 0 0 1 0 0 0 1 0 0 1 1 0 0 0 0 0 0 0 0 0 0 0 0 0 1 1 0 0 0 0 0 0 0 0 0
  0 0 0 1 0 0 0 1 0 0 1 0 0 1 0 0 0 0 0 0 0 0 0 0 0]]
