params：
 weight-->(1, 10)
 proc_times-->(1, 100)
 setup_times-->(30, 60)
 delivery_times-->(1, 100)
 job_rate-->12

start:
alpha_1
12
 alpha_2
1.0
 mach
5
 job
60
 fam
12
 weigh
 [[0 9 9 9 3 7 7 7 3 1 8 2 6 5 4 4 4 8 9 5 3 5 9 2 6 9 8 3 2 7 7 4 4 9 7 9
  6 4 4 5 6 8 4 4 4 1 7 7 7 1 7 5 9 9 9 7 8 3 1 5 4]]
 proc_times
 [[  0  14  32   9  64  69  79  30   3  60  24  56  48  40  52  69  42   1
   93  95  50  64  26   1  88  59  54  77  16  89  58  60  41  20  53  46
   10  56  31  76  25  19  47  12  99  85  95   3  86  22  15  21  78  94
   90  40  88  29  36  46  65]
 [  0  31  74  61  13  94  18  73  97  45  67  42  44  94  65  64  31  59
   70  93  84  96  29  17  42  87  94 100  94  39  64  26  80  28  72  84
   20  49  36  94  36  82  32  10  52  46  32  32  74  77  84  96  30  58
   35  88  20  32  87  26  53]
 [  0  74  59  99  90  84  73  18  58  73  64  80  55  22  58  38  68  70
    5  81  96  64  28  96  76  19  63  52  75  80  86  41   6  88  59  85
   57  65  27  55  90  50  80   9  26  84  53  69  10  97  50  10  82  34
   46  27  95  96  96  60  90]
 [  0  18  55  73  79  54   7  37  35   2  49  83  49  48  64  56  59  49
   44  75  74  58  29  95  28  11   8  57   3  68  31  37  17  83  66  25
   29  67  15  90  34  45  65  79  77  41  53  49  60  30  82  17  25  98
   26  45  45 100   1   5  82]
 [  0  12  69  33  44  24  43  82  44  90  95  79  69  32  36  49  43  69
   95  44  23  67  79  10  34  26  96  21  69   9  29  24  64  17  72  62
   45  25  41  91  45  81  33  32  46   8  65  53  27  62  87  75  67  30
   72  82  36  57  74  73  25]]
 setup_times
 [[[ 0 45 57 44 36 48 37 36 47 59 40 45 46]
  [ 0  0 40 47 43 59 33 50 58 59 55 46 49]
  [ 0 41  0 48 44 56 50 53 51 31 59 31 46]
  [ 0 36 59  0 32 32 37 45 55 37 37 33 51]
  [ 0 37 43 47  0 35 38 40 46 34 40 40 44]
  [ 0 42 55 30 39  0 44 58 42 57 47 58 38]
  [ 0 33 58 49 59 46  0 57 46 50 46 55 47]
  [ 0 44 50 55 35 52 53  0 46 44 51 51 44]
  [ 0 35 54 50 55 54 54 35  0 37 36 38 54]
  [ 0 54 57 58 55 50 53 47 32  0 45 57 58]
  [ 0 56 43 56 46 48 48 39 52 56  0 41 52]
  [ 0 53 50 32 34 31 45 32 38 38 51  0 49]
  [ 0 53 59 37 51 48 32 59 49 33 56 45  0]]

 [[ 0 37 41 53 59 56 58 49 39 57 36 55 52]
  [ 0  0 44 41 56 45 46 56 49 41 36 58 30]
  [ 0 57  0 58 39 53 47 36 39 36 34 31 38]
  [ 0 41 49  0 53 34 34 54 49 40 49 52 54]
  [ 0 32 52 37  0 33 32 44 58 52 55 49 42]
  [ 0 55 42 41 55  0 54 47 31 55 34 56 51]
  [ 0 56 58 39 56 50  0 43 38 51 45 36 45]
  [ 0 37 53 40 45 33 53  0 45 39 42 57 32]
  [ 0 48 59 41 59 59 31 32  0 31 40 32 33]
  [ 0 39 38 52 55 37 39 39 35  0 58 48 35]
  [ 0 53 31 51 35 47 32 49 55 43  0 52 30]
  [ 0 54 55 42 54 45 46 36 42 52 57  0 59]
  [ 0 30 49 44 53 49 42 46 31 46 59 34  0]]

 [[ 0 43 31 50 44 38 30 43 35 35 43 56 34]
  [ 0  0 40 53 40 37 38 57 35 45 32 34 35]
  [ 0 43  0 31 43 53 59 35 54 30 51 55 51]
  [ 0 31 30  0 37 53 49 55 55 34 48 45 36]
  [ 0 56 37 42  0 59 54 51 50 37 39 30 49]
  [ 0 32 47 56 58  0 52 33 57 47 57 57 44]
  [ 0 39 49 46 46 30  0 42 41 52 59 32 56]
  [ 0 35 30 37 45 40 45  0 52 55 43 33 52]
  [ 0 34 32 47 37 50 35 52  0 57 43 39 44]
  [ 0 46 58 59 33 39 57 50 55  0 47 58 37]
  [ 0 55 33 35 42 30 57 43 39 47  0 57 38]
  [ 0 45 37 55 37 43 36 34 31 44 49  0 30]
  [ 0 41 42 47 58 30 54 44 47 59 37 49  0]]

 [[ 0 38 32 49 44 30 32 42 54 34 54 58 47]
  [ 0  0 32 51 54 39 30 52 34 48 57 42 59]
  [ 0 53  0 38 46 40 52 46 49 56 40 35 30]
  [ 0 52 32  0 38 51 57 39 43 56 31 40 39]
  [ 0 45 48 56  0 52 46 32 35 35 58 35 32]
  [ 0 40 49 34 36  0 40 52 49 40 49 56 33]
  [ 0 34 31 46 55 49  0 58 45 58 55 53 56]
  [ 0 51 30 55 36 59 59  0 52 34 55 40 54]
  [ 0 36 48 59 34 58 53 39  0 59 46 51 47]
  [ 0 30 47 47 50 56 58 39 53  0 38 54 31]
  [ 0 34 31 43 59 50 40 30 51 42  0 57 38]
  [ 0 45 55 56 39 33 51 33 39 32 32  0 48]
  [ 0 38 42 52 51 45 59 44 56 44 54 46  0]]

 [[ 0 45 37 44 30 47 41 54 38 31 38 50 35]
  [ 0  0 36 42 36 44 48 58 53 46 53 53 48]
  [ 0 49  0 40 39 57 40 55 44 48 35 37 42]
  [ 0 31 45  0 32 44 56 51 59 45 55 56 56]
  [ 0 37 42 48  0 38 34 34 49 30 51 54 31]
  [ 0 59 45 39 50  0 51 30 59 54 41 59 56]
  [ 0 51 54 55 34 32  0 46 34 48 43 47 52]
  [ 0 34 46 50 55 54 43  0 52 38 57 52 38]
  [ 0 51 49 46 39 57 59 30  0 58 32 53 30]
  [ 0 50 35 38 30 55 44 52 54  0 35 32 33]
  [ 0 42 57 58 44 50 40 43 34 32  0 37 55]
  [ 0 35 32 59 41 34 52 32 31 53 40  0 35]
  [ 0 48 43 51 36 59 59 44 53 50 52 30  0]]]
 delivery_times
 [[ 0  2 64 40 24 11 23 48 36 92 51  9 73 59 70 51 34 63  7  9 16 67  3 61
  37 76 57 68 61 60 67  4 98 41 98 52 29 77 17 45 32  7 42 54 18 44 16 24
  33 56 88 75 90 70 41  8 46 43 56 20 79]
 [ 0 34  6 52 27 10 19 12 67 61 43 87 25 20 25 10 17 22 88 80 75 15 24 99
  57 51 31 93 30 59 63 29 65 88 79 54 49  5  9 10 57 34 50 72 58 10 28 34
  61 66 74 93 72 62 43 78 29 61  3 31 98]
 [ 0 83 31 29  4 40  7 43 23 60 61 75  7 43 13 45 22 31  3 41 55 41 17 71
  94 24 73 70 67 94 53 21 14 93 99  8 29 18 52 62 87 20 63 49 88 26 93 27
  15 25 29 17 81 11 30 91 25 85 45 72 89]
 [ 0 37 65 38 13 10 32 90  3 75 14 80 71 44  9 65 18 24 73 75 71 32 57 17
  33 22 55 85 94 22 45 63 32 66 16 97 27 42 28 83 92 47 10 90 30 40 98 62
  58 84 99 60 56 22 84 50 95 44 50 89 15]
 [ 0 88 29 83 16 35 69 42 97 59 10 56 65 21 75 80 25 52 89 17 87 83 74 65
  86 73 62 91 45 44  7 41 69 80 83  2 10 60 22 93 81 99 77 48 95 69 67 55
  48 59 66 72 16 12 42 67 42 23 95 10 33]]
 job2fam
 [[1 0 0 0 0 0 0 0 0 0 0 0 0 0 0 0 0 0 0 0 0 0 0 0 0 0 0 0 0 0 0 0 0 0 0 0
  0 0 0 0 0 0 0 0 0 0 0 0 0 0 0 0 0 0 0 0 0 0 0 0 0]
 [0 0 1 0 0 0 1 0 0 0 0 0 1 0 0 0 0 0 0 0 0 0 0 0 0 0 0 0 0 1 0 0 0 0 0 0
  0 0 0 0 0 0 0 0 0 0 0 0 0 0 0 0 0 0 0 0 0 0 0 0 0]
 [0 0 0 0 0 0 0 0 0 0 0 0 0 0 0 0 0 0 0 0 0 0 0 1 0 0 0 0 0 0 0 0 0 0 0 0
  1 0 0 0 0 0 0 0 0 0 0 0 0 0 0 0 0 0 0 0 0 0 0 0 0]
 [0 0 0 0 0 0 0 0 0 0 0 0 0 0 0 0 0 0 0 0 0 0 0 0 0 0 0 0 0 0 0 0 0 0 0 0
  0 0 0 1 0 0 0 0 1 0 1 0 0 0 0 0 0 0 0 0 0 0 0 0 0]
 [0 0 0 0 0 0 0 0 0 0 0 0 0 0 0 0 0 1 1 0 0 0 1 0 0 0 0 0 0 0 0 0 1 0 0 0
  0 0 0 0 0 0 0 0 0 0 0 0 0 0 0 0 0 1 0 0 0 0 0 0 0]
 [0 0 0 0 0 0 0 0 0 0 0 0 0 0 0 0 0 0 0 0 0 0 0 0 0 1 0 0 0 0 0 0 0 0 0 0
  0 0 0 0 0 0 0 0 0 0 0 1 0 0 0 0 0 0 0 1 0 0 1 0 0]
 [0 0 0 0 0 0 0 0 0 0 0 1 0 0 0 0 0 0 0 0 0 0 0 0 0 0 0 0 0 0 0 1 0 0 1 0
  0 0 0 0 0 0 0 0 0 0 0 0 0 1 0 0 0 0 0 0 0 0 0 1 0]
 [0 0 0 0 0 0 0 0 0 0 0 0 0 0 0 0 0 0 0 1 0 0 0 0 1 0 0 0 1 0 0 0 0 0 0 0
  0 0 1 0 0 0 0 0 0 1 0 0 0 0 0 0 0 0 1 0 0 0 0 0 0]
 [0 0 0 0 0 0 0 1 0 1 0 0 0 0 0 0 0 0 0 0 0 0 0 0 0 0 0 0 0 0 0 0 0 0 0 0
  0 0 0 0 0 0 0 0 0 0 0 0 1 0 0 0 0 0 0 0 0 1 0 0 1]
 [0 0 0 0 0 0 0 0 1 0 0 0 0 0 1 0 1 0 0 0 0 0 0 0 0 0 1 0 0 0 0 0 0 0 0 0
  0 0 0 0 0 0 0 0 0 0 0 0 0 0 0 0 0 0 0 0 0 0 0 0 0]
 [0 0 0 1 0 0 0 0 0 0 0 0 0 1 0 0 0 0 0 0 0 0 0 0 0 0 0 0 0 0 0 0 0 1 0 0
  0 1 0 0 0 1 1 0 0 0 0 0 0 0 1 0 1 0 0 0 1 0 0 0 0]
 [0 1 0 0 0 1 0 0 0 0 1 0 0 0 0 1 0 0 0 0 0 1 0 0 0 0 0 0 0 0 1 0 0 0 0 0
  0 0 0 0 1 0 0 0 0 0 0 0 0 0 0 1 0 0 0 0 0 0 0 0 0]
 [0 0 0 0 1 0 0 0 0 0 0 0 0 0 0 0 0 0 0 0 1 0 0 0 0 0 0 1 0 0 0 0 0 0 0 1
  0 0 0 0 0 0 0 1 0 0 0 0 0 0 0 0 0 0 0 0 0 0 0 0 0]]
