params：
 weight-->(1, 10)
 proc_times-->(1, 100)
 setup_times-->(30, 60)
 delivery_times-->(1, 100)
 job_rate-->12

start:
alpha_1
12
 alpha_2
1.0
 mach
5
 job
60
 fam
12
 weigh
 [[0 1 6 3 5 4 2 9 9 1 6 9 1 5 4 1 9 3 3 4 6 3 6 7 9 3 8 9 8 6 6 4 5 3 9 9
  6 3 2 5 3 5 6 4 2 7 6 5 3 9 9 9 9 7 7 6 6 5 1 4 5]]
 proc_times
 [[  0  38  12  28  22  50   2  91  35  15  34  19  70  74  14  56  92  76
   16  63  74  70  28  71  57  14  65  32  50  61  89  79  33  19  31  16
    4  71  74  39  40  19  33  11  78  11  14  92  69  46  83 100  21  97
   72  75  41  76  64  10  21]
 [  0  90  38  36  11  36  28  39  48  64  74  38  50  58  91  23  42  20
    2  58   8  70  39  31  23  68  57  54  17  81  86  27  96  85   1  80
   60  29  49  53   5  88  20  31  22  95  61  57  88  60  15  45  21  57
   45  16  60  74  84  96  54]
 [  0  43  64  87   2  43  79  73  33  22  38  74  48  74  49  90  66  40
   31  74  42  26  40  12  83  43  33  41  21  36  29  80  69  56  99   7
   17  22  48  93  88  44  71  94  26  64  22  37  27  65  15   4  89  22
   98  37  61  52  12  47  22]
 [  0  16  94  31   4  13  80  37  14  83   6  85   3  90  28  82  46  89
   83  94  55  59  12  85  19   3  17   8  22  29  62  17  67  72 100  91
   48  12  65  14  45   4  69  98  53  13  75  49   8  33  28  18  83  40
   29  93  60  92  35  19  75]
 [  0  27  72  49  98   1  57  74  88  27  14  70  33  69  18  42  21  15
   74  80  66  18  32  32  13  63  24  28  94  96  61  40  70 100  22  51
   84  10  39  19  82  23  89  56  13  53  28  29  88  87  31  36  87  11
   61  93  70  23  51  78  46]]
 setup_times
 [[[ 0 41 37 49 53 54 53 46 59 57 30 43 57]
  [ 0  0 51 59 42 51 53 40 53 46 56 43 45]
  [ 0 47  0 36 54 48 56 34 48 47 30 45 47]
  [ 0 49 32  0 30 50 45 33 40 35 45 38 48]
  [ 0 51 44 53  0 39 30 38 50 48 56 31 35]
  [ 0 54 58 49 33  0 34 37 39 37 58 34 47]
  [ 0 55 46 44 39 33  0 37 42 48 40 44 44]
  [ 0 51 35 41 52 31 41  0 53 36 30 37 32]
  [ 0 39 33 50 44 55 54 45  0 36 32 37 47]
  [ 0 58 53 41 52 42 43 39 56  0 47 36 43]
  [ 0 43 42 44 58 54 41 34 38 54  0 35 34]
  [ 0 46 35 45 52 32 54 30 42 41 55  0 43]
  [ 0 34 33 58 30 35 45 48 30 32 44 34  0]]

 [[ 0 45 32 40 51 46 57 38 44 48 39 42 53]
  [ 0  0 31 58 31 31 54 49 50 57 45 45 58]
  [ 0 49  0 40 55 53 58 53 46 41 49 34 48]
  [ 0 35 44  0 47 50 32 42 39 31 43 40 53]
  [ 0 31 42 37  0 33 31 39 37 58 43 30 40]
  [ 0 38 50 35 55  0 48 58 44 56 44 43 33]
  [ 0 39 56 52 59 30  0 47 38 58 31 46 43]
  [ 0 58 59 45 52 45 56  0 56 37 33 51 36]
  [ 0 35 54 59 37 41 38 44  0 58 59 31 44]
  [ 0 52 39 31 53 37 40 44 44  0 51 55 40]
  [ 0 44 35 51 31 39 35 52 49 53  0 58 38]
  [ 0 46 44 54 32 31 44 40 39 37 36  0 35]
  [ 0 35 42 50 34 58 41 49 59 34 56 42  0]]

 [[ 0 57 46 58 42 43 32 52 48 31 54 33 43]
  [ 0  0 51 46 50 42 41 56 42 38 45 59 37]
  [ 0 40  0 35 31 34 51 38 48 42 55 59 34]
  [ 0 34 35  0 32 56 44 42 38 32 39 31 37]
  [ 0 39 39 41  0 37 36 49 51 54 42 41 34]
  [ 0 50 45 59 48  0 40 49 45 31 55 51 45]
  [ 0 46 48 34 42 54  0 39 32 49 43 32 55]
  [ 0 56 51 34 54 30 45  0 35 31 55 47 50]
  [ 0 30 54 59 35 38 37 40  0 53 53 48 37]
  [ 0 46 42 54 30 44 43 35 54  0 49 38 54]
  [ 0 55 52 53 45 48 43 47 57 38  0 42 58]
  [ 0 59 34 55 44 50 47 32 41 59 38  0 56]
  [ 0 44 31 39 43 35 45 31 48 55 46 41  0]]

 [[ 0 33 55 48 39 42 58 53 43 34 53 37 51]
  [ 0  0 47 58 33 36 41 31 51 57 52 58 54]
  [ 0 51  0 37 35 41 46 44 44 30 36 33 55]
  [ 0 42 51  0 36 38 44 54 58 54 30 43 39]
  [ 0 40 41 53  0 34 45 46 45 36 53 31 41]
  [ 0 40 56 43 35  0 58 53 33 40 39 58 40]
  [ 0 41 52 37 52 41  0 53 47 32 36 50 46]
  [ 0 44 50 49 47 40 40  0 42 48 52 57 46]
  [ 0 39 31 35 44 32 58 35  0 41 49 47 40]
  [ 0 33 59 44 58 52 46 55 48  0 42 48 36]
  [ 0 48 48 34 50 47 41 58 44 45  0 35 45]
  [ 0 53 34 58 50 32 43 39 33 36 49  0 46]
  [ 0 56 58 53 44 41 30 35 39 48 31 51  0]]

 [[ 0 55 35 58 46 47 47 49 52 54 55 41 53]
  [ 0  0 46 43 45 59 35 44 42 45 53 30 51]
  [ 0 58  0 41 43 41 31 58 58 37 58 36 39]
  [ 0 42 54  0 35 59 50 40 57 32 59 44 58]
  [ 0 57 57 32  0 34 42 59 32 34 51 30 57]
  [ 0 33 32 31 55  0 50 35 49 48 38 45 36]
  [ 0 47 51 44 43 33  0 42 49 35 57 44 47]
  [ 0 41 54 57 39 38 54  0 30 32 59 50 43]
  [ 0 30 46 38 59 40 39 36  0 30 30 52 51]
  [ 0 46 52 52 45 34 56 45 53  0 56 55 52]
  [ 0 39 38 47 56 47 33 30 32 48  0 53 42]
  [ 0 41 51 53 36 48 49 59 38 45 38  0 31]
  [ 0 32 37 45 32 36 57 54 43 31 54 37  0]]]
 delivery_times
 [[ 0  2 55 57 57 76 26 52 88 87 66 34 36 30 53 26 22 80 46 73 64 12 87 38
  73 68 30 69 54 76 57 22 88 80 81 95 49 72 53 80 62 57 88  2 40 75 52 98
   6 20 36 42 21 52 80 89 90 27 78 28 28]
 [ 0 18 39 84 28 38 90 84 25 37 89 57 71 56 15 98 42 63 55  6 43 86 71  1
   1 31 55 66 42  9 43 36 42 64 12 14 75 79 61 43 98 79 79 58 31  3 74 56
  88 84 66 31 59 76  2 45 62 87 84 72 46]
 [ 0 91 30 72 60 83 47 62 74  6 80 43 76 76 89 64 43 39 90 38 30 77  2 93
  64 89 21 52 11 38 94 12 58 88 78 96 85 25 22 38 81 54 16 67 83 93 17  6
  36 77 56 21 51 50 26 17 46 27 58 77 55]
 [ 0 51 59  3 65 67 97 23 83 23 58 83 62 56 59 43 15  6 19 93 89 32 25 22
  98 42  4 26  9 26 84 31 72 84 29 16 34 25 23 51 30 90 97 20 22 88 92 41
  76 77 90  8 44 56 91 87 23 10 96 74 80]
 [ 0 80  4 76 50 56 77 48 55 78 91 27 43 62 86 91 60 11  7 70 87 13 24 41
  27  5 23 60 28 85 18 53 41  6  6 85 17 91 82 72 60 13 61 19 23 94 21 87
  97  6  3 55 13 85 86 69 29 49 68 88  2]]
 job2fam
 [[1 0 0 0 0 0 0 0 0 0 0 0 0 0 0 0 0 0 0 0 0 0 0 0 0 0 0 0 0 0 0 0 0 0 0 0
  0 0 0 0 0 0 0 0 0 0 0 0 0 0 0 0 0 0 0 0 0 0 0 0 0]
 [0 0 1 0 0 0 1 0 0 0 0 0 1 0 0 0 0 0 0 0 0 0 0 0 0 0 0 0 0 1 0 0 0 0 0 0
  0 0 0 0 0 0 0 0 0 0 0 0 0 0 0 0 0 0 0 0 0 0 0 0 0]
 [0 0 0 0 0 0 0 0 0 0 0 0 0 0 0 0 0 0 0 0 0 0 0 1 0 0 0 0 0 0 0 0 0 0 0 0
  1 0 0 0 0 0 0 0 0 0 0 0 0 0 0 0 0 0 0 0 0 0 0 0 0]
 [0 0 0 0 0 0 0 0 0 0 0 0 0 0 0 0 0 0 0 0 0 0 0 0 0 0 0 0 0 0 0 0 0 0 0 0
  0 0 0 1 0 0 0 0 1 0 1 0 0 0 0 0 0 0 0 0 0 0 0 0 0]
 [0 0 0 0 0 0 0 0 0 0 0 0 0 0 0 0 0 1 1 0 0 0 1 0 0 0 0 0 0 0 0 0 1 0 0 0
  0 0 0 0 0 0 0 0 0 0 0 0 0 0 0 0 0 1 0 0 0 0 0 0 0]
 [0 0 0 0 0 0 0 0 0 0 0 0 0 0 0 0 0 0 0 0 0 0 0 0 0 1 0 0 0 0 0 0 0 0 0 0
  0 0 0 0 0 0 0 0 0 0 0 1 0 0 0 0 0 0 0 1 0 0 1 0 0]
 [0 0 0 0 0 0 0 0 0 0 0 1 0 0 0 0 0 0 0 0 0 0 0 0 0 0 0 0 0 0 0 1 0 0 1 0
  0 0 0 0 0 0 0 0 0 0 0 0 0 1 0 0 0 0 0 0 0 0 0 1 0]
 [0 0 0 0 0 0 0 0 0 0 0 0 0 0 0 0 0 0 0 1 0 0 0 0 1 0 0 0 1 0 0 0 0 0 0 0
  0 0 1 0 0 0 0 0 0 1 0 0 0 0 0 0 0 0 1 0 0 0 0 0 0]
 [0 0 0 0 0 0 0 1 0 1 0 0 0 0 0 0 0 0 0 0 0 0 0 0 0 0 0 0 0 0 0 0 0 0 0 0
  0 0 0 0 0 0 0 0 0 0 0 0 1 0 0 0 0 0 0 0 0 1 0 0 1]
 [0 0 0 0 0 0 0 0 1 0 0 0 0 0 1 0 1 0 0 0 0 0 0 0 0 0 1 0 0 0 0 0 0 0 0 0
  0 0 0 0 0 0 0 0 0 0 0 0 0 0 0 0 0 0 0 0 0 0 0 0 0]
 [0 0 0 1 0 0 0 0 0 0 0 0 0 1 0 0 0 0 0 0 0 0 0 0 0 0 0 0 0 0 0 0 0 1 0 0
  0 1 0 0 0 1 1 0 0 0 0 0 0 0 1 0 1 0 0 0 1 0 0 0 0]
 [0 1 0 0 0 1 0 0 0 0 1 0 0 0 0 1 0 0 0 0 0 1 0 0 0 0 0 0 0 0 1 0 0 0 0 0
  0 0 0 0 1 0 0 0 0 0 0 0 0 0 0 1 0 0 0 0 0 0 0 0 0]
 [0 0 0 0 1 0 0 0 0 0 0 0 0 0 0 0 0 0 0 0 1 0 0 0 0 0 0 1 0 0 0 0 0 0 0 1
  0 0 0 0 0 0 0 1 0 0 0 0 0 0 0 0 0 0 0 0 0 0 0 0 0]]
