params：
 weight-->(1, 10)
 proc_times-->(1, 100)
 setup_times-->(30, 60)
 delivery_times-->(1, 30)
 job_rate-->12

start:
alpha_1
12
 alpha_2
1.0
 mach
5
 job
60
 fam
12
 weigh
 [[0 1 9 2 7 7 5 6 2 5 1 4 7 7 1 6 5 5 8 6 4 7 7 5 3 7 5 9 2 1 4 7 2 6 2 1
  3 1 8 8 1 1 3 1 7 6 8 8 2 5 1 8 2 8 9 9 2 1 4 3 1]]
 proc_times
 [[  0  21  45  19  39  21  32  65  67  90   9  82  34  54  26  77  47  79
   13  30  28  52  89  89   6  92  43  10  85  96  42  52  62   2  96  85
   74  15  95  80  91   9  56  30   4   5  70  38  91  25  56  58  50  88
   48  58  94  11  42  25  16]
 [  0  77  61  73  96  24  98  90  93  80  46  41  37  27  32  13  14 100
   31  13  26  81  69  53  30  60  80  38  92  44  33  33  75  59  70  37
   80  17  76  36  67  23  65   8  62  18  69  57  44  47  62  97  75  36
   76  30 100  25  69  15  27]
 [  0  16  16  27  83  39  63  52   8  14  92  19  22  72  17  94  92  91
   30  11  11  58  60  61  93  83  45  21  45  82  94  69  61  26  68  48
   43  45  14  57   1  52   3   9   1  62  98  31  36  34  22  55  71  91
   63  51  23  95  66  61  96]
 [  0  90  69   2  44  82   8   9  45  39  36  87  81  77  40  67   5  16
   94  33  72  57  70   3  56  26   5 100 100   6  30  38  48  62   1  43
   99  68  86  89  50  70  10  13  90  98  56  77   5  92  31  64   7  66
    3  77  93   2  43  74  88]
 [  0  98  24  69  17   6  12  49  30   5  21  20  22  36   8  51  35  94
   78  40  55  58  73  39  41  67   3  23  48  25  63  42  78  72  17  75
   37  61  42  41   9  60  77  23  16  66  60  23   7  51  28 100  87   9
   42   3  77  80  46  93  74]]
 setup_times
 [[[ 0 54 48 56 54 35 37 50 51 52 43 51 58]
  [ 0  0 32 35 56 44 55 47 43 34 49 37 44]
  [ 0 42  0 44 34 46 45 49 30 52 38 54 51]
  [ 0 48 34  0 50 34 50 34 40 32 31 43 56]
  [ 0 31 36 39  0 47 59 32 55 46 34 31 51]
  [ 0 33 43 42 52  0 39 55 38 38 39 34 57]
  [ 0 57 32 53 37 35  0 33 58 34 35 50 54]
  [ 0 43 44 40 56 52 43  0 56 35 43 33 45]
  [ 0 41 53 31 58 31 39 52  0 50 49 48 40]
  [ 0 31 46 45 52 43 31 55 46  0 58 30 36]
  [ 0 37 47 59 57 52 57 58 33 44  0 56 53]
  [ 0 39 35 45 51 53 45 41 46 31 34  0 47]
  [ 0 51 42 43 37 55 41 44 34 31 38 35  0]]

 [[ 0 49 39 59 56 43 56 50 57 32 50 44 48]
  [ 0  0 33 38 39 31 47 36 46 51 47 33 54]
  [ 0 34  0 47 41 32 42 50 34 57 51 38 33]
  [ 0 30 50  0 41 52 57 39 30 49 34 39 52]
  [ 0 41 50 46  0 58 43 34 37 46 44 37 31]
  [ 0 30 53 47 52  0 50 46 46 30 30 44 37]
  [ 0 51 45 45 57 42  0 47 39 50 47 34 51]
  [ 0 35 43 34 55 55 34  0 39 55 50 52 36]
  [ 0 36 32 44 35 46 34 39  0 30 44 45 33]
  [ 0 40 36 45 58 40 42 47 59  0 47 59 30]
  [ 0 40 48 32 32 44 55 53 53 42  0 58 59]
  [ 0 37 53 37 41 59 56 32 47 39 37  0 49]
  [ 0 54 34 56 48 34 40 39 48 50 45 44  0]]

 [[ 0 48 32 58 52 44 31 37 48 48 57 35 39]
  [ 0  0 32 31 52 42 55 45 56 49 53 49 39]
  [ 0 54  0 53 47 33 56 49 44 33 32 50 32]
  [ 0 49 59  0 45 45 34 57 50 39 53 59 54]
  [ 0 50 43 49  0 50 55 51 42 54 50 39 46]
  [ 0 38 41 44 36  0 30 56 55 53 54 48 56]
  [ 0 47 42 48 57 54  0 55 31 34 38 48 30]
  [ 0 43 35 54 35 46 30  0 49 49 57 58 49]
  [ 0 45 56 36 48 32 33 41  0 32 39 44 36]
  [ 0 36 47 55 35 59 30 52 41  0 49 54 51]
  [ 0 37 34 47 42 42 53 53 48 30  0 51 46]
  [ 0 54 35 33 58 30 44 48 54 43 56  0 44]
  [ 0 48 32 35 44 56 55 57 55 41 51 54  0]]

 [[ 0 34 36 46 57 55 50 51 59 43 44 35 42]
  [ 0  0 36 59 39 35 51 56 38 40 37 53 31]
  [ 0 57  0 52 54 37 40 35 38 54 36 49 31]
  [ 0 32 38  0 33 33 33 31 50 45 40 57 55]
  [ 0 40 45 47  0 38 47 40 48 36 41 45 59]
  [ 0 31 39 42 48  0 51 42 46 56 35 38 52]
  [ 0 40 36 49 39 51  0 59 40 59 34 55 35]
  [ 0 33 30 50 50 42 35  0 53 43 52 59 53]
  [ 0 51 50 50 59 49 49 37  0 46 51 43 36]
  [ 0 39 33 52 59 36 51 30 56  0 42 59 45]
  [ 0 50 50 59 50 43 38 44 33 47  0 48 56]
  [ 0 38 49 58 40 49 43 42 58 56 38  0 47]
  [ 0 44 30 42 58 32 40 51 31 49 48 30  0]]

 [[ 0 33 36 57 35 50 35 39 54 40 40 44 49]
  [ 0  0 45 42 30 30 35 55 36 37 38 58 42]
  [ 0 32  0 38 46 31 55 30 37 40 37 42 47]
  [ 0 36 38  0 52 41 40 39 37 34 45 36 55]
  [ 0 47 34 44  0 50 43 48 53 44 52 50 49]
  [ 0 51 39 48 33  0 41 59 41 45 43 53 38]
  [ 0 50 38 52 52 50  0 46 37 43 37 37 37]
  [ 0 50 57 41 51 58 31  0 45 49 52 34 45]
  [ 0 43 35 31 42 56 39 41  0 45 42 44 35]
  [ 0 53 53 51 32 40 50 34 32  0 54 31 58]
  [ 0 43 31 59 52 32 35 56 33 45  0 53 52]
  [ 0 54 35 32 32 44 43 34 41 56 46  0 39]
  [ 0 57 41 51 53 47 31 43 51 42 50 53  0]]]
 delivery_times
 [[ 0 14 19 24 24 21 23 26 14  3 29 12 27 16 13  8 14  7  8 29 18 21  7 17
  16  4  3 13 27  1 19  2 24  2 15 29 21 29 26 16  8  7 17 11  9 22 28 20
   1  6 12 18 11  5  1 15 13 25 22 25 15]
 [ 0 12  2 20 20 27 29 25 18 18 26 22 20 21  1 16 21  1 10  2  2 23 27  1
  18 16 27 16 25 27 19 17  1 14 20 18 24 21 27 29 27 18  6 16 27  9 26  3
   2 19 17 23 15  1 23 24 18  9 24 18  5]
 [ 0 16 24 16  9 11 19 24  7 17 26 20 17 15  9 11 14  5 11  8  8 15 25 10
  12 11  6 22 24 29 14 27 10 19  8  9 11 29 28 21 27 22  1  8  9 26  8  5
  24  7  5  9 24 28  5 10 22  6 10 26 11]
 [ 0 17 13 13 20  5  4  4 13  2 17 25 18  4  4 18 13 16 26 28 29 27  1 10
  14 19 26 22  5  3 26 15 11 16  3 23 21 25 19  5 24 18 27 10  7 13 12  5
  29 14 12  2 29  4 14  1 14 29 23  6 18]
 [ 0 27  2 17 13 16  7 20 24 11 13 27 14 25 29  8 22 18  1 12  7  9 12 21
   1 22  1  2 18 16 20 21  6  8  8 10  5  4 20 22  8 20 12  8 25 21  9 15
  10 21 18 16 13  3  4 19  9  4 28 10 13]]
 job2fam
 [[1 0 0 0 0 0 0 0 0 0 0 0 0 0 0 0 0 0 0 0 0 0 0 0 0 0 0 0 0 0 0 0 0 0 0 0
  0 0 0 0 0 0 0 0 0 0 0 0 0 0 0 0 0 0 0 0 0 0 0 0 0]
 [0 0 1 0 0 0 1 0 0 0 0 0 1 0 0 0 0 0 0 0 0 0 0 0 0 0 0 0 0 1 0 0 0 0 0 0
  0 0 0 0 0 0 0 0 0 0 0 0 0 0 0 0 0 0 0 0 0 0 0 0 0]
 [0 0 0 0 0 0 0 0 0 0 0 0 0 0 0 0 0 0 0 0 0 0 0 1 0 0 0 0 0 0 0 0 0 0 0 0
  1 0 0 0 0 0 0 0 0 0 0 0 0 0 0 0 0 0 0 0 0 0 0 0 0]
 [0 0 0 0 0 0 0 0 0 0 0 0 0 0 0 0 0 0 0 0 0 0 0 0 0 0 0 0 0 0 0 0 0 0 0 0
  0 0 0 1 0 0 0 0 1 0 1 0 0 0 0 0 0 0 0 0 0 0 0 0 0]
 [0 0 0 0 0 0 0 0 0 0 0 0 0 0 0 0 0 1 1 0 0 0 1 0 0 0 0 0 0 0 0 0 1 0 0 0
  0 0 0 0 0 0 0 0 0 0 0 0 0 0 0 0 0 1 0 0 0 0 0 0 0]
 [0 0 0 0 0 0 0 0 0 0 0 0 0 0 0 0 0 0 0 0 0 0 0 0 0 1 0 0 0 0 0 0 0 0 0 0
  0 0 0 0 0 0 0 0 0 0 0 1 0 0 0 0 0 0 0 1 0 0 1 0 0]
 [0 0 0 0 0 0 0 0 0 0 0 1 0 0 0 0 0 0 0 0 0 0 0 0 0 0 0 0 0 0 0 1 0 0 1 0
  0 0 0 0 0 0 0 0 0 0 0 0 0 1 0 0 0 0 0 0 0 0 0 1 0]
 [0 0 0 0 0 0 0 0 0 0 0 0 0 0 0 0 0 0 0 1 0 0 0 0 1 0 0 0 1 0 0 0 0 0 0 0
  0 0 1 0 0 0 0 0 0 1 0 0 0 0 0 0 0 0 1 0 0 0 0 0 0]
 [0 0 0 0 0 0 0 1 0 1 0 0 0 0 0 0 0 0 0 0 0 0 0 0 0 0 0 0 0 0 0 0 0 0 0 0
  0 0 0 0 0 0 0 0 0 0 0 0 1 0 0 0 0 0 0 0 0 1 0 0 1]
 [0 0 0 0 0 0 0 0 1 0 0 0 0 0 1 0 1 0 0 0 0 0 0 0 0 0 1 0 0 0 0 0 0 0 0 0
  0 0 0 0 0 0 0 0 0 0 0 0 0 0 0 0 0 0 0 0 0 0 0 0 0]
 [0 0 0 1 0 0 0 0 0 0 0 0 0 1 0 0 0 0 0 0 0 0 0 0 0 0 0 0 0 0 0 0 0 1 0 0
  0 1 0 0 0 1 1 0 0 0 0 0 0 0 1 0 1 0 0 0 1 0 0 0 0]
 [0 1 0 0 0 1 0 0 0 0 1 0 0 0 0 1 0 0 0 0 0 1 0 0 0 0 0 0 0 0 1 0 0 0 0 0
  0 0 0 0 1 0 0 0 0 0 0 0 0 0 0 1 0 0 0 0 0 0 0 0 0]
 [0 0 0 0 1 0 0 0 0 0 0 0 0 0 0 0 0 0 0 0 1 0 0 0 0 0 0 1 0 0 0 0 0 0 0 1
  0 0 0 0 0 0 0 1 0 0 0 0 0 0 0 0 0 0 0 0 0 0 0 0 0]]
