params：
 weight-->(1, 10)
 proc_times-->(1, 100)
 setup_times-->(30, 60)
 delivery_times-->(1, 30)
 job_rate-->5.0

start:
alpha_1
5.0
 alpha_2
1.0
 mach
2
 job
10
 fam
5
 weigh
 [[0 2 6 9 7 1 8 4 6 8 1]]
 proc_times
 [[ 0 50 54 65 57 31 84 27 48 94  3]
 [ 0 67 53 35 75 30 20 36 28 19 58]]
 setup_times
 [[[ 0 52 52 59 39 53]
  [ 0  0 42 54 45 35]
  [ 0 39  0 30 42 52]
  [ 0 48 47  0 35 52]
  [ 0 40 38 40  0 52]
  [ 0 44 44 51 53  0]]

 [[ 0 57 49 33 46 41]
  [ 0  0 58 52 54 35]
  [ 0 33  0 50 32 45]
  [ 0 42 35  0 40 50]
  [ 0 35 30 40  0 42]
  [ 0 58 51 52 59  0]]]
 delivery_times
 [[ 0 26 26 15 16 15  5 28  5 22 22]
 [ 0  9 22 15  3 14 27  8 23  1 20]]
 job2fam
 [[1 0 0 0 0 0 0 0 0 0 0]
 [0 0 0 0 0 0 0 1 0 0 0]
 [0 0 0 1 0 0 0 0 0 0 0]
 [0 0 0 0 1 1 0 0 1 0 0]
 [0 1 1 0 0 0 1 0 0 0 0]
 [0 0 0 0 0 0 0 0 0 1 1]]
