params：
 weight-->(1, 10)
 proc_times-->(1, 100)
 setup_times-->(30, 60)
 delivery_times-->(170, 200)
 job_rate-->12

start:
alpha_1
12
 alpha_2
1.0
 mach
5
 job
60
 fam
12
 weigh
 [[0 4 8 8 3 9 4 8 5 2 2 4 3 4 6 6 1 9 1 8 5 3 6 5 4 5 1 9 1 2 2 2 8 8 9 6
  3 2 7 2 8 3 9 1 1 6 1 4 8 8 8 7 3 9 9 8 2 8 7 3 9]]
 proc_times
 [[  0  53  51  11  52  24  95  81  86  53  77  74  57  41  50  86   2  51
   25  25  85   6  84  46  24  77 100  88  85  46  56  47  46  27  49  56
   76  88  84  39  74  40  72  69  76  76  41  28  44   8   3  28  88  38
    7  68  28  49  83  35  16]
 [  0  38  79  41  18  76  83  12   6  75  42  90  39  24  84  44   7  50
   71  10  71  37  45  47  62  60  87  91  40  96  85  18  97  95  77  62
   17  44  17  11  69  96  25  27  21  50   8  78  31  23   4  28  24  89
   99  59  60  73  54   4  45]
 [  0  82  74   5  26  23  64  29  11   6  69  35  63  81  56  77  82  10
    2   5  61  12  68  19   3  14  13  41  37  38  72  41  18  33  81  85
   39  96  43  23  80  31  99  15  75  91  18   8  19  19  87  29  10   7
   58  69  12  49  28  14  13]
 [  0  69  98  50   9  55  80  47  32  34  81  47  35  49   4  36  30  80
   81  67  34  96   1   9  85   7  30  85  39  95  52  51  88  46  56  44
   18  32  71  43  60  45  38  69  91  14  88  84  17  44  99  48  13  71
   63  37  47  96  95  22  31]
 [  0  40  22  17  85   5  87  50  15  50  45  90  29  13   3  99  55  82
   93   1  47  99  49  49  74  26  21  57  72  93   4   2  49  10  21  62
   11  13  66  89  72  17  50  64  24  36  44  64  39  76  13  58  91  67
   58  30  44  93  70   3  43]]
 setup_times
 [[[ 0 40 40 30 54 30 58 35 54 42 31 53 44]
  [ 0  0 36 38 46 44 54 54 49 56 41 32 48]
  [ 0 53  0 47 47 44 40 44 45 39 51 49 30]
  [ 0 42 40  0 50 33 32 56 30 40 40 46 37]
  [ 0 52 56 32  0 41 51 45 42 38 33 59 53]
  [ 0 32 32 48 49  0 43 56 37 34 58 46 56]
  [ 0 38 30 35 36 59  0 57 57 33 44 40 52]
  [ 0 49 55 37 55 42 51  0 32 30 54 42 39]
  [ 0 46 47 50 34 31 46 31  0 50 43 39 56]
  [ 0 56 57 46 36 48 37 38 54  0 42 41 57]
  [ 0 50 30 30 32 37 47 32 30 30  0 33 56]
  [ 0 45 54 30 54 54 44 47 31 47 57  0 48]
  [ 0 55 56 57 53 48 45 52 47 32 34 37  0]]

 [[ 0 56 54 35 48 35 32 47 43 57 38 42 52]
  [ 0  0 33 40 36 30 30 56 32 42 38 48 49]
  [ 0 35  0 43 36 51 45 30 58 41 43 37 36]
  [ 0 56 52  0 54 33 34 37 44 35 38 41 32]
  [ 0 47 56 31  0 50 48 44 57 41 31 44 30]
  [ 0 31 51 53 55  0 55 39 52 53 49 41 56]
  [ 0 57 44 44 48 34  0 58 57 33 51 45 55]
  [ 0 38 44 38 53 31 45  0 44 59 49 44 58]
  [ 0 31 39 50 38 55 41 58  0 47 45 30 48]
  [ 0 44 45 59 58 44 31 37 48  0 44 37 35]
  [ 0 44 57 58 59 31 59 43 50 44  0 56 46]
  [ 0 49 54 33 51 37 42 58 30 36 38  0 55]
  [ 0 57 31 59 48 44 34 48 39 55 39 53  0]]

 [[ 0 32 59 41 53 51 40 53 34 56 48 36 38]
  [ 0  0 40 56 49 49 55 44 30 37 56 53 39]
  [ 0 33  0 50 58 48 44 42 44 50 53 43 42]
  [ 0 45 52  0 57 34 43 41 30 56 47 35 57]
  [ 0 34 51 43  0 42 51 31 59 58 50 53 53]
  [ 0 56 31 48 55  0 58 30 37 38 46 45 55]
  [ 0 53 44 53 54 35  0 57 49 41 31 38 48]
  [ 0 48 47 46 36 39 37  0 40 33 43 42 36]
  [ 0 48 40 50 55 45 58 55  0 42 33 55 43]
  [ 0 59 54 34 40 54 58 42 40  0 45 55 58]
  [ 0 37 43 42 36 58 58 52 37 49  0 58 46]
  [ 0 31 56 46 36 48 51 47 59 46 59  0 54]
  [ 0 43 36 46 49 36 34 53 59 42 45 46  0]]

 [[ 0 36 58 30 47 43 57 42 56 47 33 32 59]
  [ 0  0 38 56 59 33 58 38 43 39 51 48 42]
  [ 0 42  0 42 43 50 46 47 39 42 35 46 37]
  [ 0 43 48  0 59 37 48 59 34 37 55 49 58]
  [ 0 31 47 34  0 55 36 50 38 40 43 47 34]
  [ 0 49 40 45 43  0 55 54 31 31 32 51 44]
  [ 0 43 49 38 50 58  0 46 32 54 41 32 31]
  [ 0 53 32 44 41 58 56  0 47 57 53 50 57]
  [ 0 41 37 33 40 49 50 43  0 41 57 54 52]
  [ 0 31 54 44 50 40 35 56 37  0 35 34 40]
  [ 0 56 36 46 45 57 47 42 34 51  0 50 40]
  [ 0 36 46 33 59 44 57 30 46 52 42  0 48]
  [ 0 48 49 59 41 58 56 55 32 57 51 43  0]]

 [[ 0 55 50 57 46 41 34 48 32 59 58 35 40]
  [ 0  0 34 46 53 39 52 40 52 55 30 55 43]
  [ 0 52  0 46 50 37 53 42 51 52 33 40 36]
  [ 0 46 42  0 45 50 59 52 43 54 59 55 47]
  [ 0 36 37 34  0 34 59 31 58 43 34 54 31]
  [ 0 36 54 57 44  0 58 31 34 32 35 32 37]
  [ 0 53 46 37 40 35  0 32 58 33 47 53 36]
  [ 0 52 59 42 49 43 41  0 31 44 47 52 51]
  [ 0 35 46 32 37 55 45 45  0 54 38 48 33]
  [ 0 34 30 44 37 42 32 56 49  0 51 51 42]
  [ 0 43 56 48 46 49 34 36 46 47  0 59 47]
  [ 0 48 41 36 39 44 30 49 45 42 43  0 30]
  [ 0 59 51 36 35 51 59 58 55 51 45 35  0]]]
 delivery_times
 [[  0 177 184 174 179 188 182 191 181 191 186 175 195 192 187 196 187 180
  179 185 199 179 196 197 170 182 179 175 194 176 194 174 182 181 199 191
  173 170 172 189 173 190 195 185 176 170 170 173 172 175 187 192 196 183
  194 194 178 191 178 170 199]
 [  0 198 185 190 187 187 186 178 185 188 185 171 182 178 186 184 183 191
  171 180 176 195 174 188 182 170 170 176 181 170 179 174 183 197 197 171
  196 199 194 181 183 195 188 187 170 198 180 170 198 175 170 181 187 181
  174 193 196 172 172 185 172]
 [  0 182 170 191 190 189 193 171 197 191 184 195 186 186 198 188 178 175
  195 181 174 184 191 183 173 195 188 171 196 192 199 193 193 178 176 199
  176 180 174 181 195 197 178 179 173 178 176 185 172 181 189 190 189 175
  187 182 195 195 173 196 199]
 [  0 185 181 171 178 191 185 183 188 198 182 182 195 189 199 173 172 175
  192 193 199 184 170 185 199 199 171 176 198 195 197 182 197 197 185 188
  186 190 192 187 199 170 174 194 189 172 189 175 181 192 185 195 180 199
  190 171 173 182 171 199 184]
 [  0 191 189 171 174 184 197 171 170 183 181 192 189 187 174 199 184 175
  195 176 184 195 188 185 183 195 174 198 186 174 197 180 183 186 194 196
  191 170 173 172 194 193 184 179 177 186 177 186 197 196 197 184 179 178
  186 171 179 188 178 192 199]]
 job2fam
 [[1 0 0 0 0 0 0 0 0 0 0 0 0 0 0 0 0 0 0 0 0 0 0 0 0 0 0 0 0 0 0 0 0 0 0 0
  0 0 0 0 0 0 0 0 0 0 0 0 0 0 0 0 0 0 0 0 0 0 0 0 0]
 [0 0 1 0 0 0 1 0 0 0 0 0 1 0 0 0 0 0 0 0 0 0 0 0 0 0 0 0 0 1 0 0 0 0 0 0
  0 0 0 0 0 0 0 0 0 0 0 0 0 0 0 0 0 0 0 0 0 0 0 0 0]
 [0 0 0 0 0 0 0 0 0 0 0 0 0 0 0 0 0 0 0 0 0 0 0 1 0 0 0 0 0 0 0 0 0 0 0 0
  1 0 0 0 0 0 0 0 0 0 0 0 0 0 0 0 0 0 0 0 0 0 0 0 0]
 [0 0 0 0 0 0 0 0 0 0 0 0 0 0 0 0 0 0 0 0 0 0 0 0 0 0 0 0 0 0 0 0 0 0 0 0
  0 0 0 1 0 0 0 0 1 0 1 0 0 0 0 0 0 0 0 0 0 0 0 0 0]
 [0 0 0 0 0 0 0 0 0 0 0 0 0 0 0 0 0 1 1 0 0 0 1 0 0 0 0 0 0 0 0 0 1 0 0 0
  0 0 0 0 0 0 0 0 0 0 0 0 0 0 0 0 0 1 0 0 0 0 0 0 0]
 [0 0 0 0 0 0 0 0 0 0 0 0 0 0 0 0 0 0 0 0 0 0 0 0 0 1 0 0 0 0 0 0 0 0 0 0
  0 0 0 0 0 0 0 0 0 0 0 1 0 0 0 0 0 0 0 1 0 0 1 0 0]
 [0 0 0 0 0 0 0 0 0 0 0 1 0 0 0 0 0 0 0 0 0 0 0 0 0 0 0 0 0 0 0 1 0 0 1 0
  0 0 0 0 0 0 0 0 0 0 0 0 0 1 0 0 0 0 0 0 0 0 0 1 0]
 [0 0 0 0 0 0 0 0 0 0 0 0 0 0 0 0 0 0 0 1 0 0 0 0 1 0 0 0 1 0 0 0 0 0 0 0
  0 0 1 0 0 0 0 0 0 1 0 0 0 0 0 0 0 0 1 0 0 0 0 0 0]
 [0 0 0 0 0 0 0 1 0 1 0 0 0 0 0 0 0 0 0 0 0 0 0 0 0 0 0 0 0 0 0 0 0 0 0 0
  0 0 0 0 0 0 0 0 0 0 0 0 1 0 0 0 0 0 0 0 0 1 0 0 1]
 [0 0 0 0 0 0 0 0 1 0 0 0 0 0 1 0 1 0 0 0 0 0 0 0 0 0 1 0 0 0 0 0 0 0 0 0
  0 0 0 0 0 0 0 0 0 0 0 0 0 0 0 0 0 0 0 0 0 0 0 0 0]
 [0 0 0 1 0 0 0 0 0 0 0 0 0 1 0 0 0 0 0 0 0 0 0 0 0 0 0 0 0 0 0 0 0 1 0 0
  0 1 0 0 0 1 1 0 0 0 0 0 0 0 1 0 1 0 0 0 1 0 0 0 0]
 [0 1 0 0 0 1 0 0 0 0 1 0 0 0 0 1 0 0 0 0 0 1 0 0 0 0 0 0 0 0 1 0 0 0 0 0
  0 0 0 0 1 0 0 0 0 0 0 0 0 0 0 1 0 0 0 0 0 0 0 0 0]
 [0 0 0 0 1 0 0 0 0 0 0 0 0 0 0 0 0 0 0 0 1 0 0 0 0 0 0 1 0 0 0 0 0 0 0 1
  0 0 0 0 0 0 0 1 0 0 0 0 0 0 0 0 0 0 0 0 0 0 0 0 0]]
