params：
 weight-->(1, 10)
 proc_times-->(1, 100)
 setup_times-->(60, 120)
 delivery_times-->(170, 200)
 job_rate-->12

start:
alpha_1
12
 alpha_2
2.0
 mach
5
 job
60
 fam
12
 weigh
 [[0 4 9 3 2 1 3 1 2 3 7 5 1 9 1 6 6 2 9 5 1 5 9 4 4 1 7 2 2 1 1 6 1 1 2 9
  5 1 3 7 2 3 3 9 3 3 3 8 3 2 4 3 9 4 6 8 8 2 4 4 8]]
 proc_times
 [[  0  55  12  33   4 100  95  72  50  54  61   5   4  57  96  37  73  44
   49  61  48  56  43  91  71  11 100  59  87  24  99  53  86  44  20  47
    3  54  48  61  60  69  35  25  12  17  42  39  50  64  91  49   7  60
   18  22  38  57  44  41  70]
 [  0  98   8  58  19  25  34  12  30  28  53  70  36   4  48  50  78  41
   12   7  44  44  38  32  23   1  38  99  83  49  62  24   2  93  37  74
   60  42  39   2   1 100   9  88   2  31  40  87  68  69  19  63  95  92
   63  25  97  66  41  30  36]
 [  0  68   2  74  25  19  79  89   8  34  60  34  14  88  17  87   3  91
   84  63  55  87   2   9  99   9  51  38  26  50  21 100  16  82  48  80
   13  53  84  83  24  71  71  71  66  31  94  28  94  15  82  90  98  28
   51  43  66   5  95  79  93]
 [  0  74  34  27  37  53  81  79  77  78  11  30  33   9  89  36  43  96
   88  97  66  96  35  50   1  26  19   1  10  22   7  54  83  63  27  62
   78  49  28  77  68  13  55  80  45  45  37  44  83  66  65   6  87   3
   20  59  36  30   4  43  43]
 [  0  44  80 100  87  78  91  23  89   7  56  28  30  95  74  59  37  34
   80  58   2  32  81  24  84  44  36  85  13  18  18   1  31  27  23  29
   71  73  25  50  65  18  40  75  31  78  18  14  99   1  49  78  58  29
   73  23  14  43  57  60  74]]
 setup_times
 [[[  0  71 112 116 106  74  67  79 117 112  78  76  75]
  [  0   0  61  75 106  83  61 109 112 114  84  82  66]
  [  0  85   0 106  79  63  72  98  69  85  96 111  89]
  [  0 117  93   0  94  73  91 103  96  72 113  79 101]
  [  0  60  90  82   0  68  80  74  91  66 112  63  92]
  [  0 114  68  67 105   0  61  85  90 112  75  62  88]
  [  0 106  65  61  76 107   0 117  71  76 113 119 104]
  [  0  95  98 110 109  89  64   0  94 101 115  78  95]
  [  0  66  68  88 110  65 117  98   0  88  74 109  81]
  [  0 117  80  77  77  99 112 110 106   0 108  94 105]
  [  0  66  93 111  81  91  80  92 110  95   0  65 114]
  [  0  93  91 114  78  61  90  84  79  89  91   0 109]
  [  0  72  82 101  71  94 109 105  78  80  66  98   0]]

 [[  0  65  69 116 105 113 103 108  64 115  89  69  91]
  [  0   0  88 100  91 117  79 109  79  98 112  77  78]
  [  0  64   0 104  75 103  77  97  60  95  98  77  78]
  [  0  67  62   0 115 115 114  97  82 105  83 103 118]
  [  0 100  72  89   0  67  86  70  69 117 108  61  83]
  [  0 117  85  74  62   0 119  96 102 103  72  83  89]
  [  0  72 105  85  80 100   0 118  87  65  67 106  80]
  [  0 101 104  93  86 112  95   0 103  97 117  96  71]
  [  0 115  80 111  89  90 100 102   0  87  67  65  75]
  [  0 114  61 110 105 119  79  66  78   0  63  65 119]
  [  0  86 113 116  93  73  89  80  90  89   0  72  73]
  [  0  69  98  95  89  87 116 102  63  81  94   0  89]
  [  0  72 101 104  60  83  67  93  61  99  86  86   0]]

 [[  0  69 113  93  99  69  64  81 103 113  70  87  94]
  [  0   0  62 104 118  75  83  65  75  87  81  75  99]
  [  0 100   0  97 113  66  98 114 111  75  63 112 100]
  [  0  61  87   0  68 101  90  89  65 115 104  61  64]
  [  0  76  96  66   0 100  84  84  64 106 114  99 113]
  [  0  77  76  83  60   0 100 103  78  63  65 102 116]
  [  0  73 115  96  88  63   0 100  69  72 117  60  80]
  [  0 118  84  77  65  77  69   0  68  61  71 111  96]
  [  0 105  65  93  82  98  80  64   0  69  90 109  65]
  [  0 117 113  88  87 107 109  82  74   0  88 105  73]
  [  0 111  65  69  69  84  99  81 107  81   0  75  70]
  [  0  84 115  75 118  83  89  98 115 111  73   0  64]
  [  0  74  70  85  97  64 103 114  64  75  60  89   0]]

 [[  0  76 102  91  93  97 103  60  88 111 109  85 100]
  [  0   0 100  97  61  64  76  83  92  78  76  90  66]
  [  0 102   0  96 111 112  92 110 100 113  66 102 119]
  [  0  75 104   0  71  99  96  69  97  73 113  74  77]
  [  0  93 105  65   0  99 116 113  61  74  82  68  87]
  [  0  79  64  97 107   0  92  75 115  60 102  75 115]
  [  0  80 119  64  75  70   0 102  93 113  67  99  73]
  [  0  80 111  77  85 118  80   0 109  63 116  61  92]
  [  0 114 119 100  81  86 105  71   0  68 113 101  91]
  [  0  92  83  66  94 119 115  62 111   0  94 115  92]
  [  0  96  78 103  89 101 115 103  65  78   0 102 106]
  [  0 112  91  74  98  98  98 113  85  64  83   0 112]
  [  0 108  66 114  73  67  82 112  67 108  62  81   0]]

 [[  0  84  70  67 113  68  62  96 109  79  92  91  87]
  [  0   0  87  83  67  84  60  64  68 100  87  83 103]
  [  0 104   0  86  89 108  80  75 100  97  80  60  91]
  [  0  69 110   0  88  96  86 119  70 107 109 111 100]
  [  0  97  90  67   0  87 113  70  91 105 110 112  75]
  [  0  66  74  96  81   0  76  68 101  63  91  64 111]
  [  0  99  90 117 105  95   0  95  82  99  74  61  74]
  [  0  68  85  73  65  91 104   0  63 109 117  85 101]
  [  0  76  65 100  83  82 102 116   0  70  73  81 101]
  [  0  83  89  60  94  94 119  95 118   0  71  86  77]
  [  0  89  87 108 117 112 119  93  64  93   0  92  73]
  [  0 101  60  66 102  85  80  80  66  99 111   0 107]
  [  0 111  88 117  75 112  78  80 108 109 110 103   0]]]
 delivery_times
 [[  0 173 180 183 181 199 177 176 195 198 173 176 193 178 170 191 195 188
  186 192 177 197 176 190 174 192 185 197 188 197 181 172 197 193 194 194
  171 196 172 172 195 195 197 181 188 193 191 171 195 175 186 188 199 180
  189 199 190 179 177 174 183]
 [  0 199 180 174 198 178 172 192 194 199 181 178 176 176 191 186 198 195
  185 192 178 171 173 191 178 172 194 186 190 195 197 196 180 180 191 181
  188 175 181 197 184 184 178 178 171 190 177 192 189 195 175 189 178 174
  197 173 170 184 187 185 171]
 [  0 195 170 196 190 180 188 184 183 195 182 199 195 188 187 190 191 195
  178 192 170 181 187 187 190 183 191 185 183 198 183 184 181 177 177 191
  197 197 186 199 193 199 181 197 188 197 172 174 188 196 171 174 183 180
  173 184 187 199 174 182 193]
 [  0 196 173 180 184 185 196 173 176 189 178 190 187 181 182 174 171 174
  188 196 181 175 183 181 180 182 193 174 176 190 190 177 175 175 191 184
  176 198 182 192 198 184 195 187 194 172 183 195 174 172 173 177 186 179
  185 194 196 193 199 174 188]
 [  0 194 171 190 172 173 193 196 184 191 193 189 194 186 182 181 181 171
  180 184 180 178 173 187 170 174 191 183 193 191 172 189 175 183 175 193
  190 183 195 193 193 195 199 190 175 175 173 172 180 182 198 195 183 186
  174 179 194 199 186 198 194]]
 job2fam
 [[1 0 0 0 0 0 0 0 0 0 0 0 0 0 0 0 0 0 0 0 0 0 0 0 0 0 0 0 0 0 0 0 0 0 0 0
  0 0 0 0 0 0 0 0 0 0 0 0 0 0 0 0 0 0 0 0 0 0 0 0 0]
 [0 0 1 0 0 0 1 0 0 0 0 0 1 0 0 0 0 0 0 0 0 0 0 0 0 0 0 0 0 1 0 0 0 0 0 0
  0 0 0 0 0 0 0 0 0 0 0 0 0 0 0 0 0 0 0 0 0 0 0 0 0]
 [0 0 0 0 0 0 0 0 0 0 0 0 0 0 0 0 0 0 0 0 0 0 0 1 0 0 0 0 0 0 0 0 0 0 0 0
  1 0 0 0 0 0 0 0 0 0 0 0 0 0 0 0 0 0 0 0 0 0 0 0 0]
 [0 0 0 0 0 0 0 0 0 0 0 0 0 0 0 0 0 0 0 0 0 0 0 0 0 0 0 0 0 0 0 0 0 0 0 0
  0 0 0 1 0 0 0 0 1 0 1 0 0 0 0 0 0 0 0 0 0 0 0 0 0]
 [0 0 0 0 0 0 0 0 0 0 0 0 0 0 0 0 0 1 1 0 0 0 1 0 0 0 0 0 0 0 0 0 1 0 0 0
  0 0 0 0 0 0 0 0 0 0 0 0 0 0 0 0 0 1 0 0 0 0 0 0 0]
 [0 0 0 0 0 0 0 0 0 0 0 0 0 0 0 0 0 0 0 0 0 0 0 0 0 1 0 0 0 0 0 0 0 0 0 0
  0 0 0 0 0 0 0 0 0 0 0 1 0 0 0 0 0 0 0 1 0 0 1 0 0]
 [0 0 0 0 0 0 0 0 0 0 0 1 0 0 0 0 0 0 0 0 0 0 0 0 0 0 0 0 0 0 0 1 0 0 1 0
  0 0 0 0 0 0 0 0 0 0 0 0 0 1 0 0 0 0 0 0 0 0 0 1 0]
 [0 0 0 0 0 0 0 0 0 0 0 0 0 0 0 0 0 0 0 1 0 0 0 0 1 0 0 0 1 0 0 0 0 0 0 0
  0 0 1 0 0 0 0 0 0 1 0 0 0 0 0 0 0 0 1 0 0 0 0 0 0]
 [0 0 0 0 0 0 0 1 0 1 0 0 0 0 0 0 0 0 0 0 0 0 0 0 0 0 0 0 0 0 0 0 0 0 0 0
  0 0 0 0 0 0 0 0 0 0 0 0 1 0 0 0 0 0 0 0 0 1 0 0 1]
 [0 0 0 0 0 0 0 0 1 0 0 0 0 0 1 0 1 0 0 0 0 0 0 0 0 0 1 0 0 0 0 0 0 0 0 0
  0 0 0 0 0 0 0 0 0 0 0 0 0 0 0 0 0 0 0 0 0 0 0 0 0]
 [0 0 0 1 0 0 0 0 0 0 0 0 0 1 0 0 0 0 0 0 0 0 0 0 0 0 0 0 0 0 0 0 0 1 0 0
  0 1 0 0 0 1 1 0 0 0 0 0 0 0 1 0 1 0 0 0 1 0 0 0 0]
 [0 1 0 0 0 1 0 0 0 0 1 0 0 0 0 1 0 0 0 0 0 1 0 0 0 0 0 0 0 0 1 0 0 0 0 0
  0 0 0 0 1 0 0 0 0 0 0 0 0 0 0 1 0 0 0 0 0 0 0 0 0]
 [0 0 0 0 1 0 0 0 0 0 0 0 0 0 0 0 0 0 0 0 1 0 0 0 0 0 0 1 0 0 0 0 0 0 0 1
  0 0 0 0 0 0 0 1 0 0 0 0 0 0 0 0 0 0 0 0 0 0 0 0 0]]
