params：
 weight-->(1, 10)
 proc_times-->(1, 100)
 setup_times-->(30, 60)
 delivery_times-->(1, 30)
 job_rate-->16

start:
alpha_1
16
 alpha_2
1.0
 mach
5
 job
80
 fam
5
 weigh
 [[0 6 4 1 4 2 8 6 8 5 2 8 1 2 8 3 1 5 1 5 8 6 5 2 9 5 1 9 2 6 1 3 8 4 3 8
  6 3 2 8 3 3 1 6 3 4 3 1 7 5 2 9 4 4 8 9 5 6 9 3 3 6 4 5 2 4 1 6 8 4 2 7
  7 5 5 3 3 9 7 7 9]]
 proc_times
 [[  0  69  85  84  93  84  74  50  93  71  80  30  70  86  23  10  80   7
   99  42  34  21  67   2  29  99  65  84  82   7  62  38  55  95  36  56
   10  37  25   9  98  89  10  59  65  97  51  88  39  35   5  95  23  52
   54  45  76   6  63  78  82  92  56  34   3  10  32   8  36  46  24  24
   40  30  18  14  12  91  91  58 100]
 [  0  88  47  53  75  93  32  22  10  45  91  13  21  96  99  43  59  59
   50  65  38  71  24  34  15  28  33   7  96  49   7  67  73  78  42  98
    4  61  62  40  60  53  42  88  59  10  14  36  56   4  37  44  81  64
   63  98  38  31  57  95  46  14  45  54  33  22  10   6  81   5  35  96
   35  10  32  86  74  10  46  58  47]
 [  0  65  85  34  62  30  63  78   3  23  73  65  74  95  56  69  94  48
   45  41  73  18  83  27  91  39   5  18  51  66  65  38  22  36  26  97
   14  32  98  50  99  77  71  42  89  23  99  82   6  25  38  80  93   3
   14  64   3   2  11  99  87  43  67  13  54  77  89  48  77  75 100  14
   68  66  15  78  46   1  49  43  22]
 [  0  30  93  89  48  90  38  49  75  99  10   9  17  62  64  36   6  58
   71  67   4  92  85  80  68  87  42  57  42  32  65   7  10  52  48  76
    8  32  63  45  28  27  57  79   2  14  42  18  57  63   1  15  70  45
   52   8  73  62  50  59  57  87  12  26  74  47  50  59  71  44  21  80
   39  27  13  76  30  39  89  34  75]
 [  0  61  61  61  30  46  87  27  79  13  80  95  22  44  12  58  52  54
    5   8  30   8   6  15  44  27  58  83  37  40  80  92  91   2   4  85
   68  35  24  72  48  46  74  86  54  63  93  97   5  93  67  34  54  41
   59  78  55  83  50  54   9  78  83  26  71  10  43  98   2  28  79  22
   66   4  38  45  37  55  70  88  59]]
 setup_times
 [[[ 0 55 31 56 33 39]
  [ 0  0 49 30 41 35]
  [ 0 32  0 35 43 33]
  [ 0 53 43  0 48 49]
  [ 0 45 36 48  0 30]
  [ 0 56 52 47 53  0]]

 [[ 0 59 41 45 50 35]
  [ 0  0 39 55 49 59]
  [ 0 58  0 44 36 58]
  [ 0 31 59  0 44 45]
  [ 0 55 56 32  0 54]
  [ 0 55 49 33 38  0]]

 [[ 0 50 35 35 39 45]
  [ 0  0 52 40 30 50]
  [ 0 44  0 45 32 34]
  [ 0 31 39  0 53 53]
  [ 0 40 56 42  0 58]
  [ 0 37 52 34 46  0]]

 [[ 0 48 44 42 30 52]
  [ 0  0 45 56 54 59]
  [ 0 36  0 59 46 34]
  [ 0 38 56  0 35 54]
  [ 0 39 51 48  0 55]
  [ 0 53 52 54 47  0]]

 [[ 0 54 39 47 50 59]
  [ 0  0 34 30 49 53]
  [ 0 51  0 50 36 41]
  [ 0 50 49  0 42 51]
  [ 0 52 36 33  0 36]
  [ 0 33 32 52 45  0]]]
 delivery_times
 [[ 0  6 22 22 22  6 13  7 10  6 17 29 22 14 16 24 17 21 14 23 20  3  5 21
  19 27 23  1 25 26 28 16  1 19 10  2 12  6 25  6  4 18 28 14 23 15  3 13
  15  5 25 13 21 26 27 21 29  7  9  5 21 24  6 26 16  6 18 17 11 17 28 24
  24 28  9 20 20 16  5  8  9]
 [ 0 18 13 23 14  9  8 17 12 25 14  4  1 16  7 20 27 28  4 29 12  6 10 23
   4  9 25 14 28 28 14  8 29 15 20  9 13  3 10 19  6 22 18 17 29 29  5 23
  10 14  2 15 16  3  4  2  5 11 11 15  9  7  5 24  9 20 19  2 25 13  6 13
   6 21 18 16  1  1 19  9 27]
 [ 0  5  8 25 14 16  2  6 14 25 18  5 22 17 16 29 19 22 11  1 28  7 23 13
  26  6 17 23 22 28 11 28  5  8  9 29  3  2 21 24 11 11 27 27 28 10 12  8
  10  8 11  3 26  4  5 11 18 23 16  9 16  7 23 26 26 18  3 26 13 14 23  4
   1 21 24 13 10  4 14  9 12]
 [ 0 20 24  9 29 20 24  4 15  9 28 24 28 13 26 28  7 12 25 28  4 16 28  7
   7 27 15 21  2 23 27  3 19 27  4  9  7 19  4 15 29  1 19 20  7 19  3 28
  29 27  7  9 15 27  1 25  9 15 13 17 10 12 14 25 13  6  3  2  7 19 10  9
  29 13  2 20 20  6  6  3 20]
 [ 0  9 17 13 14  1  3 23 11  5 17 13 11 28 15 16  2 16  5 13  8 11 15 15
  17  1  4 15 28 19  1  6  4 20 26 18  4 29 14 29 13 14 11  4 29 10 13 16
  25 16 16 13  1  1 17  5 18 18  5 20  4 24 26  3  3 23 23  3 28  4  6 14
   6  5 22  4  9  5 23 10 25]]
 job2fam
 [[1 0 0 0 0 0 0 0 0 0 0 0 0 0 0 0 0 0 0 0 0 0 0 0 0 0 0 0 0 0 0 0 0 0 0 0
  0 0 0 0 0 0 0 0 0 0 0 0 0 0 0 0 0 0 0 0 0 0 0 0 0 0 0 0 0 0 0 0 0 0 0 0
  0 0 0 0 0 0 0 0 0]
 [0 0 0 0 0 0 0 0 0 0 0 0 1 0 0 0 0 0 0 1 0 0 0 1 0 1 0 1 1 0 0 0 0 0 0 0
  0 0 0 1 0 0 0 0 0 1 0 0 0 0 1 1 1 1 0 0 0 0 0 0 0 0 0 0 0 0 1 1 1 0 0 1
  0 1 0 1 0 0 0 1 0]
 [0 0 0 0 1 0 1 0 0 0 1 1 0 0 1 0 0 1 0 0 0 1 0 0 0 0 0 0 0 0 0 0 0 0 0 0
  0 0 0 0 0 1 0 0 0 0 0 0 0 0 0 0 0 0 0 0 0 0 0 1 0 1 0 0 1 1 0 0 0 0 0 0
  1 0 1 0 1 0 0 0 0]
 [0 1 0 0 0 1 0 1 1 0 0 0 0 0 0 1 0 0 0 0 0 0 1 0 0 0 0 0 0 0 0 0 0 0 0 1
  0 0 1 0 0 0 1 1 0 0 0 1 0 1 0 0 0 0 0 0 0 0 0 0 0 0 0 0 0 0 0 0 0 0 0 0
  0 0 0 0 0 1 0 0 1]
 [0 0 0 0 0 0 0 0 0 0 0 0 0 0 0 0 0 0 0 0 1 0 0 0 0 0 0 0 0 0 1 1 1 0 0 0
  0 0 0 0 1 0 0 0 1 0 1 0 0 0 0 0 0 0 0 1 0 1 1 0 1 0 1 1 0 0 0 0 0 1 1 0
  0 0 0 0 0 0 1 0 0]
 [0 0 1 1 0 0 0 0 0 1 0 0 0 1 0 0 1 0 1 0 0 0 0 0 1 0 1 0 0 1 0 0 0 1 1 0
  1 1 0 0 0 0 0 0 0 0 0 0 1 0 0 0 0 0 1 0 1 0 0 0 0 0 0 0 0 0 0 0 0 0 0 0
  0 0 0 0 0 0 0 0 0]]
