params：
 weight-->(1, 10)
 proc_times-->(1, 100)
 setup_times-->(60, 120)
 delivery_times-->(1, 100)
 job_rate-->16

start:
alpha_1
16
 alpha_2
2.0
 mach
5
 job
80
 fam
5
 weigh
 [[0 5 3 7 3 8 1 1 8 7 3 3 4 2 7 2 8 2 1 8 1 2 7 8 5 8 6 6 7 9 5 7 4 8 1 3
  4 7 9 5 2 5 4 9 1 7 5 6 8 8 8 2 7 4 4 7 3 5 7 9 2 1 1 1 7 1 3 2 9 3 3 2
  4 7 5 5 2 7 5 7 7]]
 proc_times
 [[  0  99  22  64  37  54  48  50  16  60  63  15   3  59  78  80  99  64
   57  46  82  54  55  38  88   4  42  87  57  43  49  29   5  48  62  67
   96  88  77  93  67   9   9  78  69  94  94  99  91  88  34   5   9   4
   27  72  39  27  55  54  91  87  52  88  75  68   1  25  18   4  32  45
   11  12   2  91  28   6  62  58  23]
 [  0  91  93  10  13  21  37  10  28  89  83  36  91  18  79  27  85  77
   42  26   8  69  75  84  68  91  64  15  58  34  85  24  16  18  57  17
   57  61  19  54  34  78  51  33  31  49  44  79  64  70  67  75  16  69
   58  74  93  50  10  64  79  68   6  64  76  88  28  65  70  72  95  44
   26  33  70  24  60  91  21  71  84]
 [  0  16  12  71  36  19  56  89  67  37  33  13  47  51  79  96  77   2
   13   9  58  61  41  31  12  30  33  83  61  78  45  94  75  37  63  29
   98  73  80  99  68  83  55   9  30  80  62  90  66  18  42  24  81  86
   64   7  37  40  36  78  20  95  45  16  32  69  80  43  13  21  76   5
   19  41  37  26  85  53  76  95  72]
 [  0  45  88  34  17  93  76  72  75  80  26  89  45  40  62  35  83  42
   54  39  55  15  36  46   1  23  75  99  31  55  77  85  77  31  68  50
   11  72   1  83  30  41  16  71  48  48  78  99  36  74  35  19  86  43
   62  18  58  72  90  91  95  30   4  10  48  99  21  96  39  73  93  83
   59  25   9  35   1  53  21  93  28]
 [  0  15   8  77  63  68  20  89  73   7  10   5   6  71  20  53  53  87
   85  14  69  24  56  39   9  43  86  58  27  25  49  69  78  24  49  57
    2   6  30  99  38  54  92  81  85  69  47  18  89   6  34  82  53  24
   67  24 100  60  57  86  94  70  45  96  71  31  50   9  66  76  42  59
   65  51  51  59  87  35 100  80  12]]
 setup_times
 [[[  0 115 108 114 107 100]
  [  0   0  81 117 103 116]
  [  0  87   0 109  71  85]
  [  0  95  86   0  93 112]
  [  0  81  94  64   0  67]
  [  0 108  72  70  91   0]]

 [[  0  64  90  92 101  79]
  [  0   0  74  90  88  97]
  [  0  91   0  68  96  99]
  [  0  87 111   0  66  87]
  [  0  69  91  78   0 118]
  [  0  81 105  61 103   0]]

 [[  0  65  96  64  66  88]
  [  0   0  96  76  85  63]
  [  0  90   0  96  85 100]
  [  0  94  85   0 117 104]
  [  0  69 114 105   0  75]
  [  0  88  93  82  86   0]]

 [[  0  90 107  95  69  71]
  [  0   0  65  76 118  68]
  [  0  95   0 107  80  99]
  [  0 109  84   0  63  61]
  [  0  98  67  68   0 112]
  [  0  91  95  95  62   0]]

 [[  0 112  64  98 114  72]
  [  0   0  78  89  81 113]
  [  0  76   0  96  87  99]
  [  0  75 115   0 115 100]
  [  0 105 114  62   0 119]
  [  0  87  64 107  65   0]]]
 delivery_times
 [[ 0 39 23 20 78 26 91 38  3 54 86 27  4 95 36 88 39 64 44 74 75 96 22 32
  50 14 47 27  1 24 30  7 75  2 47 76 91 60 25 89 89 65 95 68 55 45 24 29
   3 34  2 10 69 16 78 58 65 23 16 54 66 30 35 73 30 47  7 45 83  5 51 72
  49 80 83 37 11 13 88 23 65]
 [ 0 77 52 46 89 31 67 99  8 94 88 96  8 90 26 83 27 13 96 59 77 92  9 94
  27 45 17 33 29 55 43 66 11 78 27  6 85 94  5 13 47 42 74 51 93 56 40 62
  22 93 31 90 36 10 32 19 96 60 27 62 67 92 71 74 93 22  3 17 66 75 30 38
  83 57 22 65 19  1 37 90 83]
 [ 0 75 95 31  9 16 27 12 61 47 16 58 80 87 44 23 31 91 77 79 50 13 55 27
  68 99 95 34 20 96 23 73 49 91 91 90 23 10 81 71 12 94 80  8 68 74 79 33
  60  5 82 54 77 55 10 40  1 15 44  3 68 76  2 76 60 89 52 22 51  7 93  6
  70 27 64 69  9 14 19 30 64]
 [ 0 41 23 62 28 94  9 70 94 99 25 72 75  3 76 94 32  7 86 16  3 67 10 48
  18 69 60 13  4 26  8 63 13 68 49 44 48 80 94 67 75 35 83 15 76 24 25 59
   4 47 28 63 94 31  9  2 42 84 64 96 23 19 22 90 39 91 47  7 97 23 74 64
  96 90 75 27 88 69 78 93 72]
 [ 0 19 20 25 49 92 93 54 66 75 18 99 62 97 81  6 54 26 34 94 71 52 97 26
  48 34 11  9 48 18  8 72 40 41  6 16 49 32 29  6 12 98 55 50 41 48 68 14
  56 81 89 71 78 50 11 30 69  1 18 52 95  8 94 51 33 89 41 19 85 89  1  3
  22 19 15 99 62 93 50 82 34]]
 job2fam
 [[1 0 0 0 0 0 0 0 0 0 0 0 0 0 0 0 0 0 0 0 0 0 0 0 0 0 0 0 0 0 0 0 0 0 0 0
  0 0 0 0 0 0 0 0 0 0 0 0 0 0 0 0 0 0 0 0 0 0 0 0 0 0 0 0 0 0 0 0 0 0 0 0
  0 0 0 0 0 0 0 0 0]
 [0 0 0 0 0 0 0 0 0 0 0 0 1 0 0 0 0 0 0 1 0 0 0 1 0 1 0 1 1 0 0 0 0 0 0 0
  0 0 0 1 0 0 0 0 0 1 0 0 0 0 1 1 1 1 0 0 0 0 0 0 0 0 0 0 0 0 1 1 1 0 0 1
  0 1 0 1 0 0 0 1 0]
 [0 0 0 0 1 0 1 0 0 0 1 1 0 0 1 0 0 1 0 0 0 1 0 0 0 0 0 0 0 0 0 0 0 0 0 0
  0 0 0 0 0 1 0 0 0 0 0 0 0 0 0 0 0 0 0 0 0 0 0 1 0 1 0 0 1 1 0 0 0 0 0 0
  1 0 1 0 1 0 0 0 0]
 [0 1 0 0 0 1 0 1 1 0 0 0 0 0 0 1 0 0 0 0 0 0 1 0 0 0 0 0 0 0 0 0 0 0 0 1
  0 0 1 0 0 0 1 1 0 0 0 1 0 1 0 0 0 0 0 0 0 0 0 0 0 0 0 0 0 0 0 0 0 0 0 0
  0 0 0 0 0 1 0 0 1]
 [0 0 0 0 0 0 0 0 0 0 0 0 0 0 0 0 0 0 0 0 1 0 0 0 0 0 0 0 0 0 1 1 1 0 0 0
  0 0 0 0 1 0 0 0 1 0 1 0 0 0 0 0 0 0 0 1 0 1 1 0 1 0 1 1 0 0 0 0 0 1 1 0
  0 0 0 0 0 0 1 0 0]
 [0 0 1 1 0 0 0 0 0 1 0 0 0 1 0 0 1 0 1 0 0 0 0 0 1 0 1 0 0 1 0 0 0 1 1 0
  1 1 0 0 0 0 0 0 0 0 0 0 1 0 0 0 0 0 1 0 1 0 0 0 0 0 0 0 0 0 0 0 0 0 0 0
  0 0 0 0 0 0 0 0 0]]
