params：
 weight-->(1, 10)
 proc_times-->(1, 100)
 setup_times-->(30, 60)
 delivery_times-->(170, 200)
 job_rate-->16

start:
alpha_1
16
 alpha_2
1.0
 mach
5
 job
80
 fam
5
 weigh
 [[0 5 6 3 7 9 3 7 2 5 1 9 2 5 3 5 6 2 8 3 2 6 4 7 8 8 9 8 8 3 1 4 3 3 2 1
  1 9 3 8 1 8 6 9 6 5 9 9 6 3 5 7 8 5 3 5 7 2 2 5 5 6 6 9 2 2 2 2 2 7 4 6
  7 7 2 3 2 1 8 8 4]]
 proc_times
 [[  0  24  57  63  97 100  77  98  98  29  98   8  86  34  26  77  13  14
   91 100  21  46 100  38  96  67  63  68  81  82  62  14  42  88  65  72
   55  22  52   3  92  48  93  77  78  42  73  31  97  10  48  14  52   3
   98  14  14  22  38  39  33  55  99  12  72  67  33  26   8  97  95  85
   23  96  56  44  45  32  76  97  41]
 [  0  84  56  59  22  60   6  10  35  62  30  62  85  98  47  30  12   5
   29  88  56  42  28  54  12  60  54   7  41   2  72  22  10  82  73  56
   52  33  92  19  92  49  66  40  60  99  86  57  13  94  77  35  80  53
   41  79  87  42  37  28  20  33  59  66  18  42  79  39  70  46  24  54
   66  86  49  90  55 100  37   8  12]
 [  0  93  75  10   2  94  24  34  55   2   4  65  22   3  37  84  77 100
    1  15  16  15 100  81  78  54  40  33  98  61  30  72  15  55  46  69
   33  31  57  98  92  72  78  73  53  68   1  95  43   7  40  44  64  72
    2  19  92  75  24  81  17  96  60  92 100  18  66   6  51  84  76   7
   27  30  96  10  39  49 100  44  11]
 [  0  30  38  45  26  38  72  58  95  41   9  55  49  90  46  28   8  59
   17  75   3  33  10  41  42  58  83  26  92  90  83   6  91   6  36   5
   66  95  97  73  64  33  50  21 100   7  12  49  75   7   3  67  68  30
  100  64  20  52  41  17   3  41  65  96  85  53  19  11  56  15  84  29
   78   3  75  82  71  67  73  78  78]
 [  0  78  12   7  79  30  54  87  60  37  43  81  78  64  21  30  86  81
   91  12  66  80  26  97  91  29  32  77  49  47  79   3  14  98  80  35
   63  14  59   1   1  98  18  46  33  85  40  37  49  99  96  41  61 100
   41  25  75   7  59  68  84  71  28  21  88  80  16  71  90  83  95  27
   38  18  76  59  71  96  73  53  29]]
 setup_times
 [[[ 0 54 36 39 59 38]
  [ 0  0 45 42 39 44]
  [ 0 50  0 40 39 48]
  [ 0 31 56  0 49 36]
  [ 0 30 49 47  0 55]
  [ 0 42 35 35 45  0]]

 [[ 0 40 38 54 48 49]
  [ 0  0 55 45 54 59]
  [ 0 43  0 39 42 35]
  [ 0 37 42  0 30 48]
  [ 0 44 52 32  0 41]
  [ 0 56 59 30 51  0]]

 [[ 0 36 43 50 47 33]
  [ 0  0 49 58 37 53]
  [ 0 43  0 33 32 45]
  [ 0 37 30  0 58 51]
  [ 0 39 37 43  0 35]
  [ 0 53 50 31 40  0]]

 [[ 0 40 47 50 51 45]
  [ 0  0 44 50 58 49]
  [ 0 54  0 44 43 31]
  [ 0 52 53  0 49 40]
  [ 0 47 59 58  0 35]
  [ 0 49 37 30 45  0]]

 [[ 0 41 51 51 32 33]
  [ 0  0 37 53 53 37]
  [ 0 54  0 55 41 31]
  [ 0 48 45  0 40 45]
  [ 0 46 49 33  0 52]
  [ 0 45 53 39 51  0]]]
 delivery_times
 [[  0 189 181 189 191 175 184 189 177 171 193 179 177 188 178 186 173 185
  193 191 195 170 199 185 179 173 198 189 181 196 172 184 171 199 185 199
  197 187 182 193 191 193 199 172 181 175 179 186 190 178 187 194 184 189
  191 184 190 192 199 194 179 195 198 181 177 195 193 170 191 171 176 174
  172 179 191 171 184 171 176 197 199]
 [  0 180 174 190 181 184 183 176 178 187 174 185 181 195 184 177 192 198
  184 199 195 194 175 192 181 170 196 172 191 180 195 191 173 183 188 177
  184 196 193 195 175 184 173 170 172 198 174 175 182 172 198 170 196 182
  175 187 179 193 174 196 180 184 199 187 171 177 196 199 188 177 182 184
  170 179 196 191 185 175 194 184 172]
 [  0 179 193 189 175 195 180 186 175 185 182 184 170 177 186 199 184 193
  188 194 190 190 189 171 194 176 190 188 199 178 183 192 192 195 184 187
  197 197 180 186 175 197 178 170 198 177 170 191 186 198 182 186 196 195
  189 184 177 175 196 182 175 170 175 195 193 191 180 197 174 173 187 193
  193 184 179 184 196 192 194 196 170]
 [  0 179 172 171 172 170 176 195 195 188 194 179 192 171 181 188 173 176
  175 172 191 172 173 178 177 183 195 181 170 195 198 177 190 170 195 172
  182 173 175 181 188 176 194 191 182 189 179 179 186 178 194 182 191 176
  178 181 178 196 189 195 189 198 185 170 180 195 187 176 185 185 172 177
  187 177 199 171 174 178 190 173 188]
 [  0 198 179 181 174 189 196 174 187 196 195 171 197 176 194 182 190 197
  174 187 192 192 180 171 185 184 196 190 198 176 174 188 186 192 184 194
  172 192 187 176 193 189 199 197 186 184 185 175 198 181 192 173 180 184
  188 175 174 183 189 192 196 178 174 175 176 183 184 196 194 171 175 172
  198 199 199 189 174 170 188 176 197]]
 job2fam
 [[1 0 0 0 0 0 0 0 0 0 0 0 0 0 0 0 0 0 0 0 0 0 0 0 0 0 0 0 0 0 0 0 0 0 0 0
  0 0 0 0 0 0 0 0 0 0 0 0 0 0 0 0 0 0 0 0 0 0 0 0 0 0 0 0 0 0 0 0 0 0 0 0
  0 0 0 0 0 0 0 0 0]
 [0 0 0 0 0 0 0 0 0 0 0 0 1 0 0 0 0 0 0 1 0 0 0 1 0 1 0 1 1 0 0 0 0 0 0 0
  0 0 0 1 0 0 0 0 0 1 0 0 0 0 1 1 1 1 0 0 0 0 0 0 0 0 0 0 0 0 1 1 1 0 0 1
  0 1 0 1 0 0 0 1 0]
 [0 0 0 0 1 0 1 0 0 0 1 1 0 0 1 0 0 1 0 0 0 1 0 0 0 0 0 0 0 0 0 0 0 0 0 0
  0 0 0 0 0 1 0 0 0 0 0 0 0 0 0 0 0 0 0 0 0 0 0 1 0 1 0 0 1 1 0 0 0 0 0 0
  1 0 1 0 1 0 0 0 0]
 [0 1 0 0 0 1 0 1 1 0 0 0 0 0 0 1 0 0 0 0 0 0 1 0 0 0 0 0 0 0 0 0 0 0 0 1
  0 0 1 0 0 0 1 1 0 0 0 1 0 1 0 0 0 0 0 0 0 0 0 0 0 0 0 0 0 0 0 0 0 0 0 0
  0 0 0 0 0 1 0 0 1]
 [0 0 0 0 0 0 0 0 0 0 0 0 0 0 0 0 0 0 0 0 1 0 0 0 0 0 0 0 0 0 1 1 1 0 0 0
  0 0 0 0 1 0 0 0 1 0 1 0 0 0 0 0 0 0 0 1 0 1 1 0 1 0 1 1 0 0 0 0 0 1 1 0
  0 0 0 0 0 0 1 0 0]
 [0 0 1 1 0 0 0 0 0 1 0 0 0 1 0 0 1 0 1 0 0 0 0 0 1 0 1 0 0 1 0 0 0 1 1 0
  1 1 0 0 0 0 0 0 0 0 0 0 1 0 0 0 0 0 1 0 1 0 0 0 0 0 0 0 0 0 0 0 0 0 0 0
  0 0 0 0 0 0 0 0 0]]
