params：
 weight-->(1, 10)
 proc_times-->(1, 100)
 setup_times-->(60, 120)
 delivery_times-->(100, 200)
 job_rate-->16

start:
alpha_1
16
 alpha_2
2.0
 mach
5
 job
80
 fam
5
 weigh
 [[0 3 9 9 2 3 9 9 2 9 3 7 9 3 6 4 8 8 8 6 5 1 5 2 6 4 9 1 5 7 5 5 5 1 3 7
  3 3 8 6 9 2 6 5 5 4 5 6 3 4 9 3 1 7 9 1 2 9 3 4 2 6 3 6 5 6 8 9 9 5 8 1
  6 3 8 7 5 5 2 8 6]]
 proc_times
 [[  0  26  28  31  39  53  40  64  18  57  27  64  49 100  21  83  68  81
   37  79  30   3   5  73  98  99  86   1  85  83   2  99  91  83  91  73
   24  17  81  59  87  15   3  75  11  58  76   9  65  26  66  99   4  60
   99  11  55  57  98  65  11  87  69   1  28  91  34  25  29   3  34  14
   77  54   7  62  62   7  76   8  88]
 [  0  10  44  78  47  36  25  56  62  36  26  88  40  22  83  28  85  39
   39  67  38  38   6  47  21  78  81  76  37  27  41  76  89  69  27  87
   45  51   6  86  47  87  68  80  26  73  92   5  19  18  76  35  53  46
   72  86  94  64  56  14  74   7  80  50  57  56  47  77  67  43  79  82
   13  26  70  77  22  74  41  13  79]
 [  0  89  75  92  45  33  58  88  47  87  62  72  91   4  81  89  81  33
   85  40  29  72  61  15  17  69  27   6  67  71  73  34  54  81  90   6
   66   6  10  44  31  43  12   7  40  47  63  91  35  69  95  49  21  18
   91  36  21  99  40  78  63  69  91  13  87  30  25   9  56  13  55  82
   46   5  46  82  17  28  10  19  68]
 [  0  56  81  22  95  41  12  51  93  10  19  32  79  84  79  91  23  97
   44  81  40 100  74  75  35  79  91  92  25  88  10  91  42  55  17  81
   10  12  44   4  83  26  52  49  30  82  15  97  32  15  17 100  49  65
   64  75  42   9  45  84  14  23  99   5  89  94   4  26   8  88  96  74
   62  47  79  55  25  48  55  92  85]
 [  0   6   7  15  35  38   9  27  40  70  79  68  41  12  69  45   5  62
   55  49  57  99  22  74  46 100  53  56  95  48   8  82  18  37  60  63
    9  88  96  90  17  37  42  94  61  44  53  54  14  72  39  32  18  14
   53  70  36  59  14   5  48  71  27  59  26  67  36  33  86  25  61  70
   52  96  52  95  22   8  77  34  72]]
 setup_times
 [[[  0  82  74  68 116  63]
  [  0   0 101  86 115  76]
  [  0  88   0 118  72  80]
  [  0 114  91   0  80  61]
  [  0  68  83 110   0 106]
  [  0  90 116 102 103   0]]

 [[  0 119  72  80 112 100]
  [  0   0  63  62 109  76]
  [  0 113   0 105  77  99]
  [  0  93 119   0  63 114]
  [  0  79 113  96   0  60]
  [  0  99  84  94  81   0]]

 [[  0 100  96  89  85  83]
  [  0   0 105 100  99 117]
  [  0  88   0  77  97 118]
  [  0  84  85   0 115  77]
  [  0 115  66  98   0 102]
  [  0  88  79 102 100   0]]

 [[  0  93  69  68 115  67]
  [  0   0 112  66  66  79]
  [  0  81   0  72  84  69]
  [  0 119  69   0  78  92]
  [  0  78  83  65   0  97]
  [  0  98  88 118  93   0]]

 [[  0 100  66 112  66 107]
  [  0   0  93  81 108 105]
  [  0 113   0  64  61  82]
  [  0  97  63   0  77  69]
  [  0  89  62 114   0 112]
  [  0  99 116  88 105   0]]]
 delivery_times
 [[  0 132 188 130 180 100 171 112 105 170 157 176 164 123 140 107 138 139
  143 169 174 145 181 109 187 157 192 148 136 122 131 188 110 140 165 182
  198 185 117 128 113 151 194 108 166 137 134 164 125 197 128 195 160 100
  176 102 144 164 179 175 119 163 140 163 172 194 147 187 127 187 191 159
  148 140 135 190 191 126 155 119 195]
 [  0 139 107 125 111 188 159 101 103 129 154 180 182 189 126 101 135 152
  134 177 171 138 183 175 172 124 123 154 180 126 193 103 114 142 136 144
  199 186 101 153 170 189 184 138 166 142 128 139 115 146 195 177 108 120
  140 116 102 107 101 155 136 182 107 156 111 162 158 130 163 141 143 110
  187 107 142 174 114 184 168 152 191]
 [  0 181 104 151 141 108 106 129 167 101 179 185 150 139 185 198 108 136
  177 152 120 156 107 165 120 158 162 161 186 108 154 108 170 176 101 152
  168 149 198 121 122 156 114 120 141 107 160 136 125 111 110 119 186 158
  173 123 187 123 125 176 125 188 126 131 154 114 132 122 143 171 164 155
  111 149 128 155 178 157 149 118 148]
 [  0 143 145 100 118 183 189 197 119 148 194 102 183 179 163 187 166 142
  118 154 143 104 166 168 180 183 133 134 179 129 193 196 136 178 128 151
  143 195 171 131 141 128 198 149 138 114 115 172 159 137 198 178 118 166
  147 110 146 100 176 159 155 152 145 105 154 168 171 179 162 104 169 195
  141 172 130 166 199 175 110 198 173]
 [  0 166 132 118 199 185 139 171 177 173 187 182 128 151 131 149 174 106
  183 111 131 112 181 119 162 181 161 133 178 122 135 193 188 145 143 136
  158 169 137 177 180 159 112 151 108 152 106 140 167 196 141 152 184 151
  100 174 135 189 124 151 133 198 152 101 190 189 150 155 158 122 130 121
  142 139 139 174 187 181 165 161 144]]
 job2fam
 [[1 0 0 0 0 0 0 0 0 0 0 0 0 0 0 0 0 0 0 0 0 0 0 0 0 0 0 0 0 0 0 0 0 0 0 0
  0 0 0 0 0 0 0 0 0 0 0 0 0 0 0 0 0 0 0 0 0 0 0 0 0 0 0 0 0 0 0 0 0 0 0 0
  0 0 0 0 0 0 0 0 0]
 [0 0 0 0 0 0 0 0 0 0 0 0 1 0 0 0 0 0 0 1 0 0 0 1 0 1 0 1 1 0 0 0 0 0 0 0
  0 0 0 1 0 0 0 0 0 1 0 0 0 0 1 1 1 1 0 0 0 0 0 0 0 0 0 0 0 0 1 1 1 0 0 1
  0 1 0 1 0 0 0 1 0]
 [0 0 0 0 1 0 1 0 0 0 1 1 0 0 1 0 0 1 0 0 0 1 0 0 0 0 0 0 0 0 0 0 0 0 0 0
  0 0 0 0 0 1 0 0 0 0 0 0 0 0 0 0 0 0 0 0 0 0 0 1 0 1 0 0 1 1 0 0 0 0 0 0
  1 0 1 0 1 0 0 0 0]
 [0 1 0 0 0 1 0 1 1 0 0 0 0 0 0 1 0 0 0 0 0 0 1 0 0 0 0 0 0 0 0 0 0 0 0 1
  0 0 1 0 0 0 1 1 0 0 0 1 0 1 0 0 0 0 0 0 0 0 0 0 0 0 0 0 0 0 0 0 0 0 0 0
  0 0 0 0 0 1 0 0 1]
 [0 0 0 0 0 0 0 0 0 0 0 0 0 0 0 0 0 0 0 0 1 0 0 0 0 0 0 0 0 0 1 1 1 0 0 0
  0 0 0 0 1 0 0 0 1 0 1 0 0 0 0 0 0 0 0 1 0 1 1 0 1 0 1 1 0 0 0 0 0 1 1 0
  0 0 0 0 0 0 1 0 0]
 [0 0 1 1 0 0 0 0 0 1 0 0 0 1 0 0 1 0 1 0 0 0 0 0 1 0 1 0 0 1 0 0 0 1 1 0
  1 1 0 0 0 0 0 0 0 0 0 0 1 0 0 0 0 0 1 0 1 0 0 0 0 0 0 0 0 0 0 0 0 0 0 0
  0 0 0 0 0 0 0 0 0]]
