params：
 weight-->(1, 10)
 proc_times-->(1, 100)
 setup_times-->(15, 30)
 delivery_times-->(170, 200)
 job_rate-->16

start:
alpha_1
16
 alpha_2
0.5
 mach
5
 job
80
 fam
5
 weigh
 [[0 8 6 3 8 4 2 5 6 9 4 2 7 4 7 4 8 6 3 7 6 2 5 6 5 5 4 8 6 9 3 9 1 7 9 3
  7 8 5 5 3 6 8 7 5 2 4 7 7 7 8 3 8 1 2 6 6 5 3 5 7 1 8 9 1 8 7 7 2 8 2 9
  7 9 2 1 5 8 1 1 1]]
 proc_times
 [[  0  53  29  45  27  14  89  37  87  79  86  66  74  81  11  10  78   9
    3  19  96 100  36  86  79  55  44  96  62  14  15  14  15  65  23  15
   16  65  83   2  81  65  94  68  71  50  86   7  27  31  42  25  87  68
   39  72  87   3  51   7  57  14  75  14  23   5  67  58  53  70  24  12
   36  70  76  57  37  75  49  76   5]
 [  0  68  22  16  61  52  85  79   4  34  20  71  19  11   8  32  58  46
   24  91  10  44  92  37   7   1  74   2  96  56  57  30  79  24  59  73
   40   7  87  70  57  51  47  93  71  76  68  62  34  15  55  81  11  39
   71  82  50  51  39  77  95  99  59  21  39  52  26  12  84  88  26  58
   28  25   3  21  43  69  50  13  23]
 [  0  38  39  50  48  63  75  25  26 100  94  32  15   1  29  60  95  84
   50  64  48  70  56  19  83  57  21  68  10  66  91  15  42 100   2  45
   35  36  97  98  54  41  35  28  78  32  16  22  86  88  89  87  67  38
   90  80  58  74  77  17  87  78  98  90   6  79  68  21  26  58  49  89
   79  99  78  55  94  67  50  10  33]
 [  0  16  24  98  44  85  73   9  63  66  87   8  74  63  51  48  24  82
   30  72  53  83  38  14  82  37  13   5  14  79  94  87  37  11  14  88
   60  93  37  47  32  96  54  71  80  69  52  89  99  69  42  43  84  28
   95  38  15  17  20  32  19  67  49  16  87  86  36   2  14  10  93  47
  100  76  10   2  10   3  86  85  47]
 [  0  63  97  46  10  23  54  29  21  88   9  54  52  18  48  80  81  10
   32  66  25  94  31  94  90  38  23  36  52  63  43  45  84  65  30  90
   41  40  96  59  21  43  17  24  11  70  32  90  46  99  57  79  15  35
   16  92  50  23  18  21  15  55  79  16  49  39  44  89  47  42  45  41
   36  35  62  88  27  10  15   8  27]]
 setup_times
 [[[ 0 16 16 27 20 25]
  [ 0  0 20 28 19 28]
  [ 0 23  0 22 17 24]
  [ 0 24 23  0 20 25]
  [ 0 18 28 28  0 22]
  [ 0 28 17 27 15  0]]

 [[ 0 26 26 15 25 25]
  [ 0  0 22 17 15 25]
  [ 0 24  0 23 27 26]
  [ 0 22 17  0 18 29]
  [ 0 21 29 19  0 18]
  [ 0 25 16 29 22  0]]

 [[ 0 26 19 18 27 29]
  [ 0  0 26 17 26 19]
  [ 0 25  0 18 18 17]
  [ 0 15 16  0 16 20]
  [ 0 15 22 26  0 17]
  [ 0 20 20 15 15  0]]

 [[ 0 25 18 28 15 17]
  [ 0  0 18 18 22 19]
  [ 0 23  0 29 28 24]
  [ 0 23 17  0 28 22]
  [ 0 26 17 15  0 15]
  [ 0 17 17 27 22  0]]

 [[ 0 29 26 17 16 26]
  [ 0  0 18 23 29 16]
  [ 0 17  0 15 18 27]
  [ 0 26 21  0 18 15]
  [ 0 18 26 17  0 21]
  [ 0 25 27 29 27  0]]]
 delivery_times
 [[  0 196 178 189 194 185 189 180 176 195 196 181 180 174 171 190 180 173
  170 174 187 186 195 192 182 176 178 185 180 180 179 183 172 181 183 172
  170 189 194 171 192 171 189 182 185 181 172 182 187 190 179 175 195 171
  199 173 188 191 186 192 186 176 194 180 186 192 176 181 174 183 177 171
  178 186 176 177 185 194 188 182 172]
 [  0 174 195 195 190 198 184 195 198 186 199 190 171 185 199 172 182 193
  176 193 173 191 171 199 181 184 180 199 193 181 174 196 190 171 171 187
  190 194 190 194 196 174 185 175 195 177 182 180 190 190 185 184 177 198
  196 179 173 184 199 187 184 192 180 180 182 170 175 198 172 177 190 194
  183 173 173 176 170 186 189 193 173]
 [  0 176 188 188 172 191 199 189 197 175 180 188 185 175 191 197 191 191
  183 194 189 180 199 190 188 175 192 192 197 192 186 191 194 173 175 185
  199 177 197 173 187 192 179 198 173 170 172 173 182 199 180 177 195 198
  188 198 176 182 190 170 195 176 176 196 193 195 181 181 197 177 181 192
  193 181 179 171 191 195 183 197 199]
 [  0 176 196 185 191 195 190 173 170 181 173 193 197 180 190 186 195 186
  199 181 187 178 175 189 185 177 194 191 183 199 196 186 181 175 170 177
  179 184 181 189 186 198 176 191 184 174 193 190 189 199 170 175 190 197
  178 197 185 174 173 171 195 174 198 187 197 196 181 195 197 174 183 180
  193 176 178 177 195 191 184 177 195]
 [  0 176 189 188 178 171 190 173 184 185 171 196 184 189 197 198 192 185
  195 190 176 182 185 171 181 191 185 185 175 171 170 172 173 197 173 184
  196 193 195 187 171 176 175 188 198 173 183 199 182 182 172 187 192 177
  191 183 182 184 192 196 187 183 171 191 196 191 178 182 189 199 170 190
  184 171 177 196 177 193 184 180 195]]
 job2fam
 [[1 0 0 0 0 0 0 0 0 0 0 0 0 0 0 0 0 0 0 0 0 0 0 0 0 0 0 0 0 0 0 0 0 0 0 0
  0 0 0 0 0 0 0 0 0 0 0 0 0 0 0 0 0 0 0 0 0 0 0 0 0 0 0 0 0 0 0 0 0 0 0 0
  0 0 0 0 0 0 0 0 0]
 [0 0 0 0 0 0 0 0 0 0 0 0 1 0 0 0 0 0 0 1 0 0 0 1 0 1 0 1 1 0 0 0 0 0 0 0
  0 0 0 1 0 0 0 0 0 1 0 0 0 0 1 1 1 1 0 0 0 0 0 0 0 0 0 0 0 0 1 1 1 0 0 1
  0 1 0 1 0 0 0 1 0]
 [0 0 0 0 1 0 1 0 0 0 1 1 0 0 1 0 0 1 0 0 0 1 0 0 0 0 0 0 0 0 0 0 0 0 0 0
  0 0 0 0 0 1 0 0 0 0 0 0 0 0 0 0 0 0 0 0 0 0 0 1 0 1 0 0 1 1 0 0 0 0 0 0
  1 0 1 0 1 0 0 0 0]
 [0 1 0 0 0 1 0 1 1 0 0 0 0 0 0 1 0 0 0 0 0 0 1 0 0 0 0 0 0 0 0 0 0 0 0 1
  0 0 1 0 0 0 1 1 0 0 0 1 0 1 0 0 0 0 0 0 0 0 0 0 0 0 0 0 0 0 0 0 0 0 0 0
  0 0 0 0 0 1 0 0 1]
 [0 0 0 0 0 0 0 0 0 0 0 0 0 0 0 0 0 0 0 0 1 0 0 0 0 0 0 0 0 0 1 1 1 0 0 0
  0 0 0 0 1 0 0 0 1 0 1 0 0 0 0 0 0 0 0 1 0 1 1 0 1 0 1 1 0 0 0 0 0 1 1 0
  0 0 0 0 0 0 1 0 0]
 [0 0 1 1 0 0 0 0 0 1 0 0 0 1 0 0 1 0 1 0 0 0 0 0 1 0 1 0 0 1 0 0 0 1 1 0
  1 1 0 0 0 0 0 0 0 0 0 0 1 0 0 0 0 0 1 0 1 0 0 0 0 0 0 0 0 0 0 0 0 0 0 0
  0 0 0 0 0 0 0 0 0]]
