params：
 weight-->(1, 10)
 proc_times-->(1, 100)
 setup_times-->(60, 120)
 delivery_times-->(1, 100)
 job_rate-->16

start:
alpha_1
16
 alpha_2
2.0
 mach
5
 job
80
 fam
5
 weigh
 [[0 4 8 1 9 3 4 6 7 6 3 6 7 1 2 1 4 1 7 4 9 8 2 3 4 5 3 1 6 5 5 4 9 8 1 1
  6 5 2 1 3 1 4 6 2 5 8 4 9 4 5 3 8 6 5 3 9 6 4 9 7 9 3 3 3 4 6 7 4 1 8 9
  2 7 2 8 8 1 9 1 6]]
 proc_times
 [[  0  16  71  16  30  71   5  92  85  10  98  97  48  18  84  86  79  60
   41  48  84   9  96  89  13  32  24  87  14   2  53  43  57 100   4  19
   69  89  57  56  26  15  80  43  64  21  91  84   1  77  47  31  33  58
   66  16  13  88  31  13  79  69   6  46  72   1  38  31  41  68  59  65
    2  67  48  56  17  14 100   6  84]
 [  0  50  17  14  45  44  10   7   2  17  71   1  10  47  25  81  51  44
   50  20   9  35  94  93  36  77  68  72  65   8  72  66  68  33  92  23
   75  94  91  15  45  24   9  28  65  56  26  11  82  45  36  45  45  10
   46  99  20   4  88  46  21  42  63  56  56  78  44  75   6  66  65  34
   83  70  36  55  52  39  31   1  22]
 [  0  12 100  95  82  69  13  37  90  34  29  21  25  10  20  37  59   1
   88  44  85  13  36  52  47  24  43  42  72  14  22  23  95  51  53  11
   31  85  68  56  65  90  29  86  54  31  81   9  75  36  27  31  83  65
   31  58  49  67  10  95  82  36  72  90  38  92  66  18   9  31  95  66
    5  88  77  96  68  79  72  37  21]
 [  0  51  25  17  43  62  43  19  36  58  45  73  93  92  54  74  35   5
   61  27  87   4  42  57  13  79  68  18  11  89  33  52  13  64  86  25
   51  39   2  56   1  74  49  69  28  88  71  10  93 100  97  82  59  77
    9 100  16  10  50  92  68  16  96  12  65  52 100  69  74  45  22  90
   59  14  97  27  68  24  41  88   2]
 [  0  27  81  99  62  35  68  46  91  19   5  62  25  98  36  55  73  96
   12  50  12  74  94  40  24  26  95  94  70  73   5  18  90  12  22  31
   23  96  12  16  15  76  68  31  65  52  93  62  87  16  46  27  37  71
   12  89  97  56  33   4  19  16  26  72   3  15  99  35  45  91  63  27
   93   2  13  81  52  99   8  56  95]]
 setup_times
 [[[  0  62  82  72  77  87]
  [  0   0  74 100  78  62]
  [  0  66   0  86  66  98]
  [  0  93 116   0 103  96]
  [  0  85  99 119   0  63]
  [  0  68  65 100  89   0]]

 [[  0  67 111  74  95  94]
  [  0   0  87 119  90  68]
  [  0 107   0  73  65  72]
  [  0  62 108   0  67  86]
  [  0  68 118  77   0  70]
  [  0  78  74  86 114   0]]

 [[  0  83  87 100  88 100]
  [  0   0  72 102 104  77]
  [  0 104   0  92  80  72]
  [  0 114  63   0  72  76]
  [  0  90 103  86   0 101]
  [  0  88  94  90  76   0]]

 [[  0  73  64  96  73 114]
  [  0   0 113  79  98  79]
  [  0 108   0  67 112 112]
  [  0  74  70   0  61 109]
  [  0  87 105 111   0  78]
  [  0  62  96  67  79   0]]

 [[  0  69  62 105  99  76]
  [  0   0  75  86  84  95]
  [  0 111   0  65  67 118]
  [  0  73 118   0  93 118]
  [  0 116  62 110   0  66]
  [  0  85  99  79  95   0]]]
 delivery_times
 [[ 0 92 39 44 56 30 52 17 81 15 20 22 28 16 77 75 83 84 77  9 79 33 92 63
  81 58 78 36 28 95 47 40  3 84 93 18 13 37 75 50 19 66 21 51 14 71 56 65
  93  7 32 13 58 48 32 68 31 21  4 10 21 34 29 20 33 25  8 14 71 25 60 74
  43 32 46 41 91 93 56 51 63]
 [ 0 92 61 13 83 49 65 94 82 78  1 36 84 94 28 30 36 23  2 34 28 32 16 37
   1 46 44 19 77 41 14 16  2  9 37 31 58 77 88 89 77 40 18 20 84 94 51 73
   4 82 11 20 79  3 18 99 53 53 87  6 51 29 35 83 83 99 29 57 41 59 11 46
  46 86 20 70  1 73 29 39 20]
 [ 0 92 26 57 46 95 40 61 82  9 35 91 15 46 27  2 35 74 42 35 49 27 84  7
  96  5 49 32 89 37 77  8 83  1 61 31 54 99 18 92 64 55  2  3 86 11  6 97
  87 82 70 98 36 31 36 13 83 80 65 53 24 24 70 30 54 51 91 19 77 42 15 72
  52 81 63 35 98 25 84 15 62]
 [ 0 69 11 39 72 53 10 70 42 65 85 75 82 23 71 10 48 24 41 13 85  9 47 35
  71 66 35 81 30  5 82 20 99 19 15 44  4 99 16 68 94 24 53 52 27 15 18 95
  67 89 74 41 44 65 38 54 39 38 28 36 26 65 90 91 44 20  4 47 69 57 69 74
   1 81 12 36 92 31 31 52 33]
 [ 0 61 15 50 87 47 59 20 66 17 54 25 49 95 90 87 75 76  2  1 15 68  5 19
  60 50 38 46  8  1 38 27 48 88 78 31 24  1 37 42 19 17 65 20 56 30 20 17
  26  9 71 36 65 63 71 12 11 46 14 28 24 20 70 53 15 77 83 32  2 84 53 16
  23 19 66 61 75 86 21 76 14]]
 job2fam
 [[1 0 0 0 0 0 0 0 0 0 0 0 0 0 0 0 0 0 0 0 0 0 0 0 0 0 0 0 0 0 0 0 0 0 0 0
  0 0 0 0 0 0 0 0 0 0 0 0 0 0 0 0 0 0 0 0 0 0 0 0 0 0 0 0 0 0 0 0 0 0 0 0
  0 0 0 0 0 0 0 0 0]
 [0 0 0 0 0 0 0 0 0 0 0 0 1 0 0 0 0 0 0 1 0 0 0 1 0 1 0 1 1 0 0 0 0 0 0 0
  0 0 0 1 0 0 0 0 0 1 0 0 0 0 1 1 1 1 0 0 0 0 0 0 0 0 0 0 0 0 1 1 1 0 0 1
  0 1 0 1 0 0 0 1 0]
 [0 0 0 0 1 0 1 0 0 0 1 1 0 0 1 0 0 1 0 0 0 1 0 0 0 0 0 0 0 0 0 0 0 0 0 0
  0 0 0 0 0 1 0 0 0 0 0 0 0 0 0 0 0 0 0 0 0 0 0 1 0 1 0 0 1 1 0 0 0 0 0 0
  1 0 1 0 1 0 0 0 0]
 [0 1 0 0 0 1 0 1 1 0 0 0 0 0 0 1 0 0 0 0 0 0 1 0 0 0 0 0 0 0 0 0 0 0 0 1
  0 0 1 0 0 0 1 1 0 0 0 1 0 1 0 0 0 0 0 0 0 0 0 0 0 0 0 0 0 0 0 0 0 0 0 0
  0 0 0 0 0 1 0 0 1]
 [0 0 0 0 0 0 0 0 0 0 0 0 0 0 0 0 0 0 0 0 1 0 0 0 0 0 0 0 0 0 1 1 1 0 0 0
  0 0 0 0 1 0 0 0 1 0 1 0 0 0 0 0 0 0 0 1 0 1 1 0 1 0 1 1 0 0 0 0 0 1 1 0
  0 0 0 0 0 0 1 0 0]
 [0 0 1 1 0 0 0 0 0 1 0 0 0 1 0 0 1 0 1 0 0 0 0 0 1 0 1 0 0 1 0 0 0 1 1 0
  1 1 0 0 0 0 0 0 0 0 0 0 1 0 0 0 0 0 1 0 1 0 0 0 0 0 0 0 0 0 0 0 0 0 0 0
  0 0 0 0 0 0 0 0 0]]
