params：
 weight-->(1, 10)
 proc_times-->(1, 100)
 setup_times-->(15, 30)
 delivery_times-->(1, 100)
 job_rate-->16

start:
alpha_1
16
 alpha_2
0.5
 mach
5
 job
80
 fam
8
 weigh
 [[0 6 4 8 6 8 3 6 6 5 2 7 3 5 6 9 1 4 5 4 1 5 3 6 6 9 4 8 6 6 1 9 4 6 9 5
  3 3 2 7 3 5 1 9 5 7 3 1 7 6 9 5 5 8 5 9 8 4 4 2 7 9 8 4 7 6 8 5 7 3 5 1
  1 7 4 2 3 9 3 8 3]]
 proc_times
 [[  0  76  14  96  10  79  16  24  46  22  55  50  77  48  23   4  27  61
   74  65  46  18  44  52  29  44  63  39  10  63  43  80  76  52  80  43
   32  46  40  49  84  65  86  98  64  88  18  92  83  61  20 100  67  24
   47  98  95  56  82  15  91  16  98  76  42  45  70  98  52  35  64 100
   33   5  87  93  83  61  43  20  84]
 [  0  76  63  26  65  74  81  98   4 100  62 100  12  59  13  11  23  89
   14  88  22  99  81  41  14  23   5  67  29  89  16  24  88  29  87  53
   29  81  72  83  38  49  68  80  29  50  16  21  27  35  75  28  18  70
   18  60  26  73  35  51  27  96  21  37  51  46  41  73  61  39  22  29
   34  20  57  45  60  81  91  43  16]
 [  0   6 100  22  94  60  71  34  63  64  34  78  72  76  55  77  78  84
   37  73   3  66  73  23  89  68  44  61  33  92  35  40  41  58  50  72
   71  36  90  48  39  63  71  80  50  80   7  21  71  26  62  70   7 100
   66  37  21  42  30  84 100  48  79  95  14  59  82  26  25  23  38  73
   80  38  19  45  29  90  19   2  33]
 [  0  96  86   5  24  52  98   5  22  82  57  78  80  18   2  40  95  57
   53  64  38  14  89  70  30  79  83  45  80  65  35  65  17  87  96  13
   21  70  34  16   8  97  71  50  41  55  51  48   3  60  31  37  33  17
   17  81  93   8  86  76  90   4  70 100  69  50  78  48  18  40  17  17
   82  84  10  71  57  12   8  37  37]
 [  0  40  98  53  56  83   1  59  33  87  81  65   1  18  75  61  88  67
   52  56  36  48  51  55  65  28  93  58  32  71  71  43  27  91  27  74
  100 100  37  34  22  63  46  99  32  43  52  43  51  15  50  18  73   8
   19   3  64  13  41  79  31  77  39  78  53  62  59  97  21 100  51  60
   16  66  77   1  53 100  31  98  17]]
 setup_times
 [[[ 0 24 28 15 17 15 24 29 28]
  [ 0  0 16 29 18 20 26 23 17]
  [ 0 26  0 29 26 29 18 25 20]
  [ 0 18 16  0 26 22 28 19 26]
  [ 0 22 16 25  0 19 26 20 16]
  [ 0 28 29 19 25  0 17 29 24]
  [ 0 22 20 21 29 25  0 23 23]
  [ 0 29 29 23 28 16 17  0 24]
  [ 0 25 24 23 15 28 21 26  0]]

 [[ 0 15 19 27 20 27 23 22 19]
  [ 0  0 27 29 23 18 23 26 27]
  [ 0 26  0 22 26 17 26 18 26]
  [ 0 19 21  0 24 25 20 24 22]
  [ 0 18 22 27  0 15 17 19 20]
  [ 0 21 20 20 25  0 22 21 15]
  [ 0 21 25 19 25 15  0 23 17]
  [ 0 19 17 23 25 18 19  0 19]
  [ 0 25 17 15 28 25 17 17  0]]

 [[ 0 26 16 16 22 23 23 22 23]
  [ 0  0 24 28 24 21 22 28 17]
  [ 0 27  0 25 28 25 18 17 22]
  [ 0 17 21  0 26 25 27 19 21]
  [ 0 28 22 17  0 17 22 18 22]
  [ 0 16 21 23 23  0 27 26 19]
  [ 0 26 15 22 19 18  0 16 28]
  [ 0 27 25 22 17 25 16  0 20]
  [ 0 25 28 18 20 16 17 22  0]]

 [[ 0 18 27 17 15 22 22 24 26]
  [ 0  0 23 28 28 29 16 17 25]
  [ 0 25  0 22 22 15 18 18 17]
  [ 0 19 26  0 23 20 24 20 28]
  [ 0 27 28 20  0 19 16 29 28]
  [ 0 26 22 19 18  0 28 17 19]
  [ 0 23 28 16 20 26  0 22 20]
  [ 0 21 22 18 29 16 25  0 20]
  [ 0 20 16 24 17 17 15 17  0]]

 [[ 0 25 17 29 23 23 24 25 15]
  [ 0  0 18 26 29 26 24 27 16]
  [ 0 27  0 25 21 18 18 16 21]
  [ 0 27 27  0 15 29 15 26 22]
  [ 0 22 26 21  0 23 21 24 18]
  [ 0 15 24 28 18  0 19 27 28]
  [ 0 24 15 28 26 25  0 20 24]
  [ 0 17 15 27 25 25 20  0 25]
  [ 0 29 15 20 23 25 24 21  0]]]
 delivery_times
 [[ 0 14 33 46 25 65 45 79 92  8 34 76 96 88 88 29 49 49 74 58 18 75 65 81
  83 97 16  2 21 92 57 11 42 12 57 31 88 13 72 16 33 37  9 73 46 83 85 83
  68 51  4 63 65 37  1 74 72 19 79 78 25 19 46 67 53 97 96 62 14 90 24 82
  77 12 99 74 75 56 29 51 99]
 [ 0 24 81 69 47 81 55 90 53 98 77 82 99 36 96 55  3 97 44 32 84 57 29 23
  80  4 87 87 58  2 30 32 18 92  3 97 28  2  8 92 40 17 85 68 76  7 30 82
  48 39 29 77 48 43 70 94 93 56 35 53  9 38 90 71 62 79 58 72 63 73 63 18
  19 89 68 50 88 90 12 20 64]
 [ 0 70 96 23 49 75 52 89 93  6 85  4 33 69 13 25 89 81 49 14 36 20 28 74
  60 50 39 37 66 98  9 61 70 51  4 86 19 15 96 75 46 60 41 31 75 24 35 78
  41 93 87 51 63 33 95 95 23 83 24 13 67 37 63 11  7 87 21 41 68 32 77 13
  98 92 94 33 82 56 58 93 12]
 [ 0 38  8 67 21 49 79 60 15 32 15 75 51 93 89 71 13 38 49 72 77 13 62 42
   9 23 47 59 21 61 35 50 34 10 95 54 59  9 33 73 30 40 55 13 31 69 65 56
  98 58 42 35 44 95 39 88 33 40 26 99 73 74 96 79 77 31  4 40 89 75  9  5
  95  9 28  1 23 61 54 10 26]
 [ 0 30 65 19 89 99 88 29 40 33 30 77 98 66 69  5 69 20 49 65 47 29  5 31
  14 98 66 19 47 37 93 81 12 99  6 33 32 87 70 56 80 19 73 76 32 28 93 81
  95 41 13 92 40 58 38 83 53 43 34 96 19 31  9 27 69 68 81 72 71 53 10 84
   6 87 63 90 29 82 59 79  8]]
 job2fam
 [[1 0 0 0 0 0 0 0 0 0 0 0 0 0 0 0 0 0 0 0 0 0 0 0 0 0 0 0 0 0 0 0 0 0 0 0
  0 0 0 0 0 0 0 0 0 0 0 0 0 0 0 0 0 0 0 0 0 0 0 0 0 0 0 0 0 0 0 0 0 0 0 0
  0 0 0 0 0 0 0 0 0]
 [0 0 0 0 0 0 0 0 1 0 0 0 1 0 0 0 0 0 0 0 1 0 0 0 0 0 0 0 1 0 0 0 0 0 0 0
  0 1 0 0 0 0 0 0 0 1 0 0 0 0 0 1 0 0 0 1 0 0 1 0 0 1 0 0 0 0 0 0 0 0 0 0
  0 0 0 0 0 0 0 1 0]
 [0 0 0 0 0 0 0 0 0 0 1 0 0 0 0 0 0 0 1 0 0 0 0 0 0 0 0 0 0 1 0 0 0 0 0 1
  0 0 0 1 1 0 0 1 0 0 0 0 0 0 0 0 0 0 0 0 0 0 0 0 0 0 0 0 1 1 0 0 0 0 0 0
  0 1 0 0 0 0 0 0 0]
 [0 0 0 0 1 0 1 0 0 0 0 0 0 0 0 0 0 1 0 0 0 1 0 0 0 0 0 0 0 0 0 0 0 0 0 0
  0 0 1 0 0 1 0 0 0 0 0 0 0 0 0 0 0 0 0 0 1 0 0 0 0 0 0 0 0 0 0 0 0 1 0 0
  0 0 0 0 0 0 0 0 0]
 [0 0 0 0 0 0 0 1 0 0 0 1 0 1 0 0 0 0 0 0 0 0 0 0 0 0 0 0 0 0 0 0 1 0 0 0
  0 0 0 0 0 0 1 0 1 0 0 0 0 1 0 0 0 0 0 0 0 1 0 0 0 0 0 1 0 0 0 0 0 0 0 0
  0 0 0 0 0 1 0 0 0]
 [0 1 0 1 0 1 0 0 0 0 0 0 0 0 0 0 1 0 0 0 0 0 0 0 0 0 0 0 0 0 1 0 0 0 0 0
  0 0 0 0 0 0 0 0 0 0 0 1 0 0 0 0 1 0 1 0 0 0 0 0 0 0 0 0 0 0 0 1 0 0 0 0
  0 0 0 0 0 0 0 0 1]
 [0 0 0 0 0 0 0 0 0 0 0 0 0 0 0 0 0 0 0 0 0 0 1 0 0 1 1 1 0 0 0 1 0 0 0 0
  0 0 0 0 0 0 0 0 0 0 0 0 0 0 0 0 0 1 0 0 0 0 0 1 1 0 1 0 0 0 1 0 0 0 1 1
  0 0 0 0 0 0 0 0 0]
 [0 0 0 0 0 0 0 0 0 1 0 0 0 0 1 0 0 0 0 1 0 0 0 0 1 0 0 0 0 0 0 0 0 1 0 0
  0 0 0 0 0 0 0 0 0 0 1 0 0 0 1 0 0 0 0 0 0 0 0 0 0 0 0 0 0 0 0 0 1 0 0 0
  1 0 0 1 0 0 0 0 0]
 [0 0 1 0 0 0 0 0 0 0 0 0 0 0 0 1 0 0 0 0 0 0 0 1 0 0 0 0 0 0 0 0 0 0 1 0
  1 0 0 0 0 0 0 0 0 0 0 0 1 0 0 0 0 0 0 0 0 0 0 0 0 0 0 0 0 0 0 0 0 0 0 0
  0 0 1 0 1 0 1 0 0]]
