params：
 weight-->(1, 10)
 proc_times-->(1, 100)
 setup_times-->(30, 60)
 delivery_times-->(170, 200)
 job_rate-->16

start:
alpha_1
16
 alpha_2
1.0
 mach
5
 job
80
 fam
8
 weigh
 [[0 7 9 9 9 9 5 8 9 4 1 6 5 3 5 8 9 9 8 6 4 3 8 4 4 2 4 4 2 7 5 2 2 5 4 3
  4 1 7 6 7 9 3 8 1 7 1 4 7 9 8 5 8 2 1 3 8 2 9 7 3 3 3 2 4 4 9 5 2 3 6 1
  6 2 5 6 9 7 5 7 7]]
 proc_times
 [[  0  94  15  78  63  21  77  47  57  42  41  85   2  38  68  11  87  30
   29  97  34  82  76   2  85  29  98  69  45  72  42  84  80  43  69  12
   64  63  53  18   3   2  38  38  20  66  61  70 100  79  18  40  46  70
   51  66  88  48  38  28  35  32  84   6  15  19  48  15  89  41  81  96
   43  24 100  83  48  55  62  63  82]
 [  0  57  24   8  68  51  64   7  54  47  28  20  22  22  58  13   2  56
   62  58  76  20  44  10  36  39  37  34  72  29  94  51  65  87  91  84
   23  60  23  59  43  99  89  91  19  64  57  14   2  12  10  85  65  58
   63  23  45  94  60  24  99   5   4  65  72  22  32  56  70  98  85  64
   25  39  32  95  76  51  60  68  92]
 [  0  43  70   1  30  39  61  56  97  76  68  55  80  32  34  53 100  36
   27  16 100  85  71   2  36  64  52  27  11  99  13   4  37   5  37  55
   31  40  75  66  56  43  47  73  34  64  26  45  17  32  38  23  84  19
   81  21  78  68  81  99   1  52  81  27  97  81  35  44  88  36  63  38
   92  98  83  94  53   5  76  47  12]
 [  0  74   2   1 100  90  34  61  96  76  12  94  17  51  57  25  38   6
   12  51  99  18  89  69   3  64  58  89  93  19  15  84  38  50  52  40
   42  20  64  87  88  58  67  71  56   3  18  70  58   9  84  91  60  13
   29  23  92  26  90  66  25  88  37  21  45  25  80  72  50   2  68  45
    2  21  54   1  27  47   3  43  20]
 [  0  99  78  87  43  12  12  33  70  36  26  49  86  58   9  27   1  88
   75   6  50  18  53  43  66  99  16  70  54  43  69   8  95  73  98  51
   15  48  87  62  89  82  52  34  74  59  50  96  39  67  77  11  70  82
   81   5  80  98  36  68  29  58  55  78  12  75   6  71  58  59  71  30
   37  40  51   3  58  90  39  80  64]]
 setup_times
 [[[ 0 48 44 50 55 36 49 56 57]
  [ 0  0 58 52 45 35 40 44 52]
  [ 0 49  0 55 46 39 36 55 33]
  [ 0 34 48  0 57 52 41 47 35]
  [ 0 56 31 59  0 48 30 44 37]
  [ 0 32 50 57 45  0 52 54 59]
  [ 0 57 46 51 31 55  0 46 36]
  [ 0 40 34 38 43 56 45  0 48]
  [ 0 56 59 39 54 51 38 59  0]]

 [[ 0 43 45 59 56 31 47 55 44]
  [ 0  0 44 54 42 50 52 50 42]
  [ 0 58  0 47 43 47 49 50 37]
  [ 0 56 52  0 40 53 52 39 44]
  [ 0 32 30 35  0 31 49 46 58]
  [ 0 55 36 41 49  0 38 45 33]
  [ 0 39 53 59 37 43  0 48 37]
  [ 0 33 53 59 58 40 46  0 32]
  [ 0 57 47 40 31 46 55 34  0]]

 [[ 0 35 36 40 51 42 54 42 37]
  [ 0  0 56 52 46 48 42 40 44]
  [ 0 42  0 50 41 31 45 53 57]
  [ 0 33 46  0 53 32 36 56 49]
  [ 0 44 42 32  0 34 32 32 57]
  [ 0 36 41 56 57  0 57 50 47]
  [ 0 41 47 42 48 52  0 38 53]
  [ 0 59 52 42 55 47 46  0 40]
  [ 0 40 53 36 59 32 58 37  0]]

 [[ 0 48 41 45 48 49 42 52 44]
  [ 0  0 42 48 57 43 51 40 30]
  [ 0 56  0 33 51 42 36 38 31]
  [ 0 30 46  0 36 31 53 35 53]
  [ 0 43 43 52  0 57 44 55 53]
  [ 0 52 48 33 46  0 56 45 43]
  [ 0 30 36 43 43 58  0 51 47]
  [ 0 49 32 42 30 50 42  0 46]
  [ 0 39 41 51 56 50 36 42  0]]

 [[ 0 53 50 47 59 32 57 57 50]
  [ 0  0 35 44 49 41 39 57 54]
  [ 0 58  0 59 30 55 58 31 33]
  [ 0 54 42  0 30 36 45 40 47]
  [ 0 51 32 31  0 56 46 58 44]
  [ 0 51 30 43 42  0 46 55 51]
  [ 0 44 37 39 59 56  0 48 33]
  [ 0 44 41 30 31 49 59  0 32]
  [ 0 52 45 33 35 45 50 36  0]]]
 delivery_times
 [[  0 189 171 188 194 180 194 185 182 187 185 180 189 193 190 174 189 177
  197 185 198 173 175 188 172 181 189 182 179 179 195 185 188 193 186 170
  185 180 181 172 183 180 199 183 194 184 175 190 176 191 175 177 192 178
  185 191 184 173 182 171 193 183 171 198 198 195 177 171 178 199 181 196
  170 185 172 192 178 172 171 179 193]
 [  0 190 183 182 173 190 174 185 197 184 190 180 178 189 195 171 196 193
  175 180 183 191 173 175 172 181 192 180 195 186 196 182 182 183 170 186
  184 198 181 181 176 176 179 190 187 187 190 179 180 178 198 179 192 190
  173 188 192 186 183 193 184 190 199 199 191 180 175 199 189 194 186 184
  199 194 176 194 170 187 174 178 179]
 [  0 186 178 180 181 196 174 193 171 178 170 185 197 189 185 176 183 184
  186 173 176 182 194 182 176 170 198 171 173 193 181 177 192 191 194 181
  198 192 187 173 183 171 178 171 177 192 178 198 175 173 191 193 197 187
  196 183 197 184 181 184 182 178 172 173 189 187 178 173 177 180 184 183
  199 171 184 180 183 182 171 181 177]
 [  0 192 182 186 194 181 194 172 174 171 178 171 197 177 185 184 176 181
  196 192 199 172 193 197 187 181 174 199 172 170 174 171 192 193 174 197
  194 192 180 177 199 178 180 184 174 186 189 170 188 190 195 191 197 197
  193 183 171 196 186 185 193 177 179 186 172 187 189 173 180 176 194 197
  186 175 195 197 192 196 195 197 180]
 [  0 188 170 198 177 184 188 178 185 174 199 199 183 175 199 193 189 180
  197 185 188 183 176 182 188 196 190 171 190 197 197 192 175 183 189 175
  174 195 199 182 199 179 171 191 183 173 196 174 174 190 199 181 194 187
  190 198 175 179 184 187 175 189 185 196 196 177 186 178 180 171 198 183
  198 199 174 187 177 184 170 185 170]]
 job2fam
 [[1 0 0 0 0 0 0 0 0 0 0 0 0 0 0 0 0 0 0 0 0 0 0 0 0 0 0 0 0 0 0 0 0 0 0 0
  0 0 0 0 0 0 0 0 0 0 0 0 0 0 0 0 0 0 0 0 0 0 0 0 0 0 0 0 0 0 0 0 0 0 0 0
  0 0 0 0 0 0 0 0 0]
 [0 0 0 0 0 0 0 0 1 0 0 0 1 0 0 0 0 0 0 0 1 0 0 0 0 0 0 0 1 0 0 0 0 0 0 0
  0 1 0 0 0 0 0 0 0 1 0 0 0 0 0 1 0 0 0 1 0 0 1 0 0 1 0 0 0 0 0 0 0 0 0 0
  0 0 0 0 0 0 0 1 0]
 [0 0 0 0 0 0 0 0 0 0 1 0 0 0 0 0 0 0 1 0 0 0 0 0 0 0 0 0 0 1 0 0 0 0 0 1
  0 0 0 1 1 0 0 1 0 0 0 0 0 0 0 0 0 0 0 0 0 0 0 0 0 0 0 0 1 1 0 0 0 0 0 0
  0 1 0 0 0 0 0 0 0]
 [0 0 0 0 1 0 1 0 0 0 0 0 0 0 0 0 0 1 0 0 0 1 0 0 0 0 0 0 0 0 0 0 0 0 0 0
  0 0 1 0 0 1 0 0 0 0 0 0 0 0 0 0 0 0 0 0 1 0 0 0 0 0 0 0 0 0 0 0 0 1 0 0
  0 0 0 0 0 0 0 0 0]
 [0 0 0 0 0 0 0 1 0 0 0 1 0 1 0 0 0 0 0 0 0 0 0 0 0 0 0 0 0 0 0 0 1 0 0 0
  0 0 0 0 0 0 1 0 1 0 0 0 0 1 0 0 0 0 0 0 0 1 0 0 0 0 0 1 0 0 0 0 0 0 0 0
  0 0 0 0 0 1 0 0 0]
 [0 1 0 1 0 1 0 0 0 0 0 0 0 0 0 0 1 0 0 0 0 0 0 0 0 0 0 0 0 0 1 0 0 0 0 0
  0 0 0 0 0 0 0 0 0 0 0 1 0 0 0 0 1 0 1 0 0 0 0 0 0 0 0 0 0 0 0 1 0 0 0 0
  0 0 0 0 0 0 0 0 1]
 [0 0 0 0 0 0 0 0 0 0 0 0 0 0 0 0 0 0 0 0 0 0 1 0 0 1 1 1 0 0 0 1 0 0 0 0
  0 0 0 0 0 0 0 0 0 0 0 0 0 0 0 0 0 1 0 0 0 0 0 1 1 0 1 0 0 0 1 0 0 0 1 1
  0 0 0 0 0 0 0 0 0]
 [0 0 0 0 0 0 0 0 0 1 0 0 0 0 1 0 0 0 0 1 0 0 0 0 1 0 0 0 0 0 0 0 0 1 0 0
  0 0 0 0 0 0 0 0 0 0 1 0 0 0 1 0 0 0 0 0 0 0 0 0 0 0 0 0 0 0 0 0 1 0 0 0
  1 0 0 1 0 0 0 0 0]
 [0 0 1 0 0 0 0 0 0 0 0 0 0 0 0 1 0 0 0 0 0 0 0 1 0 0 0 0 0 0 0 0 0 0 1 0
  1 0 0 0 0 0 0 0 0 0 0 0 1 0 0 0 0 0 0 0 0 0 0 0 0 0 0 0 0 0 0 0 0 0 0 0
  0 0 1 0 1 0 1 0 0]]
