params：
 weight-->(1, 10)
 proc_times-->(1, 100)
 setup_times-->(30, 60)
 delivery_times-->(170, 200)
 job_rate-->16

start:
alpha_1
16
 alpha_2
1.0
 mach
5
 job
80
 fam
8
 weigh
 [[0 2 2 5 1 5 7 9 9 3 8 5 1 3 2 1 4 7 9 4 9 6 6 5 4 1 5 1 1 7 7 3 9 9 5 6
  6 4 3 2 1 3 4 4 7 5 2 9 4 3 5 2 9 3 7 3 8 1 2 9 3 4 5 1 8 2 5 8 4 3 6 5
  4 3 9 2 8 8 4 9 1]]
 proc_times
 [[  0  35  43   4  51  39  21  60  64  29  55  54  26  71   2  31  61  17
   31  65  85  14  13  97  92  15  40  86  67  41  19  87  83  63  24  99
    7  17  31  78  15  10  86  72  10  69  53  77  92  61  50  61  33  74
   52   7  75  98  25  30  43  83  66  19  60   4  13   3  71  13  38  32
   79  32  56 100   7  63  10  51  61]
 [  0  76  98  13  83  51  92  33  39  87  58  10  96  37  36  22  35  96
   26  61  38  40  43  91  41  71  75  85  32  49  13  67  39   2  40  19
   77  81  81  53  62  70  40  71  14  93  44   4  83  63  82  54  60  59
    4   9  83   6  46  75  80  68  26  60  17  26  53  63  15  40  50  61
   84  72  76  21  67  73  77  43  67]
 [  0  73  19  68   9  31   3  81   4  14  60  29  87  41  29  26  33   5
   72  48  94   8  16  95  59  50  90  16  92  67  64  30  10  77  87   1
   94  70  98  42  82  89  31  40  32  80   8  93  48  87  50   4  94  17
   72  95  41  97  63  12  86  54  84  54  43  66   5 100  42  27  88   7
    1  14  79  99  93  11  92  54  27]
 [  0  72   6  37  41  92  14  38  82  83  19  29  46  45  25  31  63  70
   33  16  14  24  47  87  47  89  71  58  24  72  21  61  82  35  43  83
   41  21   5  90  60  35  23   5  65  27  65  30   8  57  72  13   4  91
   28  19  14  92  53  61  18   1  86  10  31 100  31  36   2  48  75  11
   82  55  26  56  16  63  29  82  46]
 [  0  37  29  65  68  16  87  48  86  46  32  24  98  29  54  58  20  88
   74  31  76  39  81  33  75  51  75   1  19  65  24  31  59  20  63   7
   29  83  16  49  76  62  62  34  91   2  47   9  25  36   9  83  63  91
   18   6  34  84  62   9  77  19  53  32  17  96  22  48  37  27  48  79
   32  20  85  41  31  13  95  77  27]]
 setup_times
 [[[ 0 54 54 32 38 56 36 41 36]
  [ 0  0 35 35 34 58 52 44 37]
  [ 0 48  0 30 37 46 38 57 47]
  [ 0 39 59  0 52 44 45 51 46]
  [ 0 43 43 59  0 32 32 49 42]
  [ 0 31 44 44 38  0 32 47 55]
  [ 0 53 34 42 51 34  0 37 57]
  [ 0 47 51 43 35 35 46  0 59]
  [ 0 30 42 51 30 50 50 37  0]]

 [[ 0 38 56 57 37 54 48 53 57]
  [ 0  0 34 34 39 35 47 57 54]
  [ 0 34  0 51 42 47 59 54 42]
  [ 0 37 44  0 32 39 36 44 55]
  [ 0 33 44 57  0 31 30 52 58]
  [ 0 57 57 35 52  0 30 44 46]
  [ 0 36 49 55 37 49  0 38 49]
  [ 0 52 58 54 39 57 55  0 44]
  [ 0 48 38 50 59 30 47 54  0]]

 [[ 0 54 52 45 47 40 38 32 56]
  [ 0  0 38 43 42 51 51 43 31]
  [ 0 33  0 41 57 39 50 47 45]
  [ 0 31 42  0 35 53 36 54 49]
  [ 0 47 46 43  0 55 30 56 47]
  [ 0 37 46 42 46  0 49 51 57]
  [ 0 32 52 56 51 47  0 44 42]
  [ 0 49 38 31 52 57 38  0 32]
  [ 0 36 33 41 34 39 35 45  0]]

 [[ 0 37 50 33 33 48 52 38 34]
  [ 0  0 45 48 32 44 43 33 34]
  [ 0 38  0 52 36 47 49 44 57]
  [ 0 44 48  0 59 41 53 55 47]
  [ 0 59 59 47  0 39 52 40 50]
  [ 0 35 39 32 52  0 37 55 34]
  [ 0 35 56 32 32 37  0 31 50]
  [ 0 36 37 32 47 31 35  0 58]
  [ 0 38 39 37 41 51 32 49  0]]

 [[ 0 50 42 33 42 39 34 32 44]
  [ 0  0 36 52 51 56 42 56 46]
  [ 0 42  0 30 31 42 37 35 46]
  [ 0 32 57  0 46 39 59 35 41]
  [ 0 57 54 37  0 44 59 39 38]
  [ 0 58 50 35 39  0 45 56 49]
  [ 0 42 47 31 55 32  0 39 39]
  [ 0 44 52 50 51 48 30  0 53]
  [ 0 36 49 32 53 47 30 33  0]]]
 delivery_times
 [[  0 197 192 178 172 171 183 191 190 176 179 173 175 197 184 173 198 177
  170 174 181 193 185 190 173 185 197 174 194 176 172 177 170 173 188 192
  181 182 173 180 173 191 197 179 193 184 173 188 188 196 174 182 197 183
  199 196 193 175 176 190 198 181 174 176 190 170 185 196 172 186 189 187
  196 180 188 194 171 185 189 170 190]
 [  0 197 195 181 196 183 177 196 179 199 198 176 171 196 180 175 197 185
  186 190 186 171 188 185 184 177 177 185 178 183 199 189 192 196 189 192
  175 175 182 180 171 183 178 189 182 181 176 173 194 176 199 190 176 176
  179 186 190 172 183 189 189 192 180 177 178 178 176 178 199 186 184 182
  180 188 182 174 190 185 182 170 179]
 [  0 190 182 187 187 171 197 171 196 175 191 187 171 180 175 190 171 181
  194 179 176 175 174 199 184 178 195 175 198 171 187 170 183 176 187 196
  172 171 197 191 180 170 180 188 181 189 174 187 186 197 197 179 186 176
  176 174 195 174 181 170 195 190 182 172 199 189 185 197 194 193 181 179
  197 187 184 171 173 193 196 193 177]
 [  0 178 175 196 199 194 172 172 172 190 196 175 171 199 194 174 181 194
  185 187 189 176 177 193 181 173 190 175 194 191 182 179 190 190 175 172
  197 171 186 191 177 199 196 191 192 189 173 191 188 193 186 198 178 184
  170 185 195 193 181 172 199 189 192 192 172 181 175 186 177 199 170 192
  171 199 198 178 173 185 192 179 174]
 [  0 173 172 195 198 172 174 193 172 184 173 172 179 175 190 198 175 179
  188 171 194 172 172 183 187 176 172 195 190 175 190 190 176 172 195 192
  186 198 195 199 175 193 195 181 198 197 175 187 187 196 179 194 173 181
  174 197 193 179 176 198 189 179 196 191 175 171 181 196 179 171 183 172
  170 178 188 187 188 180 188 173 173]]
 job2fam
 [[1 0 0 0 0 0 0 0 0 0 0 0 0 0 0 0 0 0 0 0 0 0 0 0 0 0 0 0 0 0 0 0 0 0 0 0
  0 0 0 0 0 0 0 0 0 0 0 0 0 0 0 0 0 0 0 0 0 0 0 0 0 0 0 0 0 0 0 0 0 0 0 0
  0 0 0 0 0 0 0 0 0]
 [0 0 0 0 0 0 0 0 1 0 0 0 1 0 0 0 0 0 0 0 1 0 0 0 0 0 0 0 1 0 0 0 0 0 0 0
  0 1 0 0 0 0 0 0 0 1 0 0 0 0 0 1 0 0 0 1 0 0 1 0 0 1 0 0 0 0 0 0 0 0 0 0
  0 0 0 0 0 0 0 1 0]
 [0 0 0 0 0 0 0 0 0 0 1 0 0 0 0 0 0 0 1 0 0 0 0 0 0 0 0 0 0 1 0 0 0 0 0 1
  0 0 0 1 1 0 0 1 0 0 0 0 0 0 0 0 0 0 0 0 0 0 0 0 0 0 0 0 1 1 0 0 0 0 0 0
  0 1 0 0 0 0 0 0 0]
 [0 0 0 0 1 0 1 0 0 0 0 0 0 0 0 0 0 1 0 0 0 1 0 0 0 0 0 0 0 0 0 0 0 0 0 0
  0 0 1 0 0 1 0 0 0 0 0 0 0 0 0 0 0 0 0 0 1 0 0 0 0 0 0 0 0 0 0 0 0 1 0 0
  0 0 0 0 0 0 0 0 0]
 [0 0 0 0 0 0 0 1 0 0 0 1 0 1 0 0 0 0 0 0 0 0 0 0 0 0 0 0 0 0 0 0 1 0 0 0
  0 0 0 0 0 0 1 0 1 0 0 0 0 1 0 0 0 0 0 0 0 1 0 0 0 0 0 1 0 0 0 0 0 0 0 0
  0 0 0 0 0 1 0 0 0]
 [0 1 0 1 0 1 0 0 0 0 0 0 0 0 0 0 1 0 0 0 0 0 0 0 0 0 0 0 0 0 1 0 0 0 0 0
  0 0 0 0 0 0 0 0 0 0 0 1 0 0 0 0 1 0 1 0 0 0 0 0 0 0 0 0 0 0 0 1 0 0 0 0
  0 0 0 0 0 0 0 0 1]
 [0 0 0 0 0 0 0 0 0 0 0 0 0 0 0 0 0 0 0 0 0 0 1 0 0 1 1 1 0 0 0 1 0 0 0 0
  0 0 0 0 0 0 0 0 0 0 0 0 0 0 0 0 0 1 0 0 0 0 0 1 1 0 1 0 0 0 1 0 0 0 1 1
  0 0 0 0 0 0 0 0 0]
 [0 0 0 0 0 0 0 0 0 1 0 0 0 0 1 0 0 0 0 1 0 0 0 0 1 0 0 0 0 0 0 0 0 1 0 0
  0 0 0 0 0 0 0 0 0 0 1 0 0 0 1 0 0 0 0 0 0 0 0 0 0 0 0 0 0 0 0 0 1 0 0 0
  1 0 0 1 0 0 0 0 0]
 [0 0 1 0 0 0 0 0 0 0 0 0 0 0 0 1 0 0 0 0 0 0 0 1 0 0 0 0 0 0 0 0 0 0 1 0
  1 0 0 0 0 0 0 0 0 0 0 0 1 0 0 0 0 0 0 0 0 0 0 0 0 0 0 0 0 0 0 0 0 0 0 0
  0 0 1 0 1 0 1 0 0]]
