params：
 weight-->(1, 10)
 proc_times-->(1, 100)
 setup_times-->(30, 60)
 delivery_times-->(170, 200)
 job_rate-->16

start:
alpha_1
16
 alpha_2
1.0
 mach
5
 job
80
 fam
8
 weigh
 [[0 5 3 9 8 2 4 2 6 9 9 7 9 6 5 4 8 9 3 5 8 3 8 2 3 1 5 4 4 6 1 9 9 4 5 2
  2 8 4 1 5 5 1 9 9 8 7 7 6 5 7 1 8 7 6 2 6 2 2 6 5 7 7 2 9 8 2 4 4 9 7 2
  3 3 2 6 9 9 3 6 5]]
 proc_times
 [[  0  55  26  27  24  50  28  20  33   9  46  53   2  69  68   3  36  80
    6 100  11  83  94  46 100  95  73   5  84  83  61  56  80  84  77  62
   33   2  26  11  52 100  67  19  32  43  50  57  37  71  62   5  26  56
   63   6  69  26  72  50   7  32  12 100  85  62  94  52   6   3  95  71
   57  76  43  14  21  49   5  84  52]
 [  0  80  67 100   9  99  73  79  13  15  62  53  16  42  72  24  98  28
   37  74  69  45  57  82   2  26  41  82  91  88  47  15  67   9  26  78
   99  66  68  74  20  92  48   3  16  96  91  29  41   8  99  91  81  95
   10  74  53  16  87  25  49  28  49  46  12  41  34  22   1  19  31   4
   63  72  17  94  86  41   4  29  68]
 [  0  60  14  46  74  87  50  32  97  66   7  13  26  98  33  78  24  36
   39  76  65  42  17  84  13  90  26  20  64  56  13  15  93  49  57  95
   61  40  33  46  68  31 100  43  72  63  29  62  66  39  15  16  19  18
   55  64  67  67  68  69  99   3  14  77  81  41  43  30  51  36  68  14
   70  23  84  21  78  35   4   6  92]
 [  0  63  28   9  50  29  47  87  89  22  31  29  54  23  83  83  58  31
   70  77  40  62  26  45  59  38  55  79  19  75  78  95  18  29  42   9
   16  76  18  15  46  54   5  46  54  44  72  89  12  63  13  71  70  91
    3  67  80   5  54  97  22  97  88  90  45  91  77  73  17  22   2  69
   80  93  75  21  29  61  20  14  18]
 [  0  79  13  66   1  26  95  52  50  73   3  76  91  34  17  63  10  89
   19  77  83 100  21  37  24  54  79  45  58  82  48  63   4  10  93  51
   42  90  71  45  57  33  33  79  58  36  59  67  42  37  28  14   7  67
   36  62  84   6  19  32  76  97  76  47  99  14  37  77  95   5  17  21
   41  86  87  79  98  78  83  32   4]]
 setup_times
 [[[ 0 50 45 42 39 41 36 48 43]
  [ 0  0 52 42 47 48 50 33 37]
  [ 0 35  0 53 32 58 40 59 32]
  [ 0 44 58  0 49 42 39 32 54]
  [ 0 54 50 48  0 37 45 41 48]
  [ 0 52 47 31 37  0 54 30 52]
  [ 0 41 55 33 34 38  0 41 50]
  [ 0 50 47 36 46 33 50  0 58]
  [ 0 49 49 42 38 33 49 50  0]]

 [[ 0 37 36 54 50 39 36 33 34]
  [ 0  0 49 40 58 51 57 30 50]
  [ 0 52  0 43 44 32 37 53 59]
  [ 0 32 49  0 48 55 59 48 47]
  [ 0 34 33 36  0 59 57 58 48]
  [ 0 57 47 31 41  0 38 52 52]
  [ 0 50 53 45 37 33  0 33 39]
  [ 0 34 58 36 30 52 47  0 44]
  [ 0 41 45 33 37 51 58 46  0]]

 [[ 0 30 31 32 58 47 48 41 52]
  [ 0  0 53 34 56 37 35 35 42]
  [ 0 38  0 59 51 41 53 46 34]
  [ 0 54 30  0 36 44 30 49 54]
  [ 0 33 49 31  0 59 46 37 47]
  [ 0 33 46 46 32  0 38 56 40]
  [ 0 34 32 52 42 36  0 57 50]
  [ 0 39 36 31 36 40 33  0 35]
  [ 0 55 55 40 55 44 47 52  0]]

 [[ 0 47 49 56 41 48 46 53 45]
  [ 0  0 38 40 56 38 51 31 35]
  [ 0 49  0 38 46 59 37 44 53]
  [ 0 36 32  0 54 54 35 47 31]
  [ 0 52 37 47  0 41 48 39 47]
  [ 0 51 36 36 38  0 55 44 55]
  [ 0 36 39 45 52 36  0 52 37]
  [ 0 32 44 40 39 46 39  0 52]
  [ 0 45 37 39 56 54 57 49  0]]

 [[ 0 52 30 57 45 37 36 50 37]
  [ 0  0 59 41 46 35 36 51 58]
  [ 0 30  0 47 37 56 47 50 35]
  [ 0 31 53  0 58 30 43 31 57]
  [ 0 47 41 43  0 49 56 46 59]
  [ 0 56 35 34 54  0 58 36 30]
  [ 0 32 54 42 46 37  0 38 33]
  [ 0 45 30 39 39 39 57  0 48]
  [ 0 54 45 42 40 48 46 45  0]]]
 delivery_times
 [[  0 198 181 191 190 198 185 199 171 171 194 196 189 188 188 174 172 187
  194 187 172 176 170 182 183 193 180 177 198 187 190 191 179 175 195 191
  174 182 185 183 196 185 185 190 184 198 199 197 173 177 173 193 176 191
  178 188 198 173 198 188 172 198 186 177 175 198 175 181 174 196 173 177
  194 192 174 194 177 185 191 199 193]
 [  0 180 171 193 192 176 174 177 180 188 196 179 171 196 191 172 192 187
  181 193 184 175 187 176 190 199 170 175 175 196 196 192 172 197 176 172
  197 197 172 188 199 187 190 173 174 188 185 185 186 191 190 178 190 188
  192 176 187 180 196 175 170 196 186 175 182 183 171 183 199 178 194 176
  184 173 189 194 195 182 178 172 185]
 [  0 181 173 196 196 183 198 192 185 186 177 172 192 176 197 189 191 170
  182 185 189 199 198 189 185 175 195 184 196 170 197 187 196 183 199 196
  193 193 192 171 171 180 177 171 174 190 176 188 188 199 187 173 181 195
  192 185 173 190 174 188 172 187 195 196 199 197 191 188 188 178 174 171
  193 170 177 174 198 173 194 181 178]
 [  0 172 194 173 185 178 180 181 178 198 175 172 171 193 174 170 184 173
  172 195 190 194 186 176 199 175 173 177 176 178 172 198 173 187 192 178
  197 193 173 171 198 176 196 185 179 179 173 185 192 193 176 186 187 184
  194 181 198 179 199 175 171 187 189 196 195 170 196 176 192 174 188 178
  185 187 190 174 198 178 175 172 188]
 [  0 176 192 172 198 183 176 190 185 170 182 198 187 187 174 172 186 193
  170 174 195 181 175 175 176 191 172 185 186 190 173 191 196 172 194 198
  170 179 170 190 199 175 189 185 187 181 191 186 198 178 194 176 174 170
  183 184 176 174 174 172 177 178 176 183 176 188 193 174 194 190 184 194
  191 188 175 189 188 195 192 191 177]]
 job2fam
 [[1 0 0 0 0 0 0 0 0 0 0 0 0 0 0 0 0 0 0 0 0 0 0 0 0 0 0 0 0 0 0 0 0 0 0 0
  0 0 0 0 0 0 0 0 0 0 0 0 0 0 0 0 0 0 0 0 0 0 0 0 0 0 0 0 0 0 0 0 0 0 0 0
  0 0 0 0 0 0 0 0 0]
 [0 0 0 0 0 0 0 0 1 0 0 0 1 0 0 0 0 0 0 0 1 0 0 0 0 0 0 0 1 0 0 0 0 0 0 0
  0 1 0 0 0 0 0 0 0 1 0 0 0 0 0 1 0 0 0 1 0 0 1 0 0 1 0 0 0 0 0 0 0 0 0 0
  0 0 0 0 0 0 0 1 0]
 [0 0 0 0 0 0 0 0 0 0 1 0 0 0 0 0 0 0 1 0 0 0 0 0 0 0 0 0 0 1 0 0 0 0 0 1
  0 0 0 1 1 0 0 1 0 0 0 0 0 0 0 0 0 0 0 0 0 0 0 0 0 0 0 0 1 1 0 0 0 0 0 0
  0 1 0 0 0 0 0 0 0]
 [0 0 0 0 1 0 1 0 0 0 0 0 0 0 0 0 0 1 0 0 0 1 0 0 0 0 0 0 0 0 0 0 0 0 0 0
  0 0 1 0 0 1 0 0 0 0 0 0 0 0 0 0 0 0 0 0 1 0 0 0 0 0 0 0 0 0 0 0 0 1 0 0
  0 0 0 0 0 0 0 0 0]
 [0 0 0 0 0 0 0 1 0 0 0 1 0 1 0 0 0 0 0 0 0 0 0 0 0 0 0 0 0 0 0 0 1 0 0 0
  0 0 0 0 0 0 1 0 1 0 0 0 0 1 0 0 0 0 0 0 0 1 0 0 0 0 0 1 0 0 0 0 0 0 0 0
  0 0 0 0 0 1 0 0 0]
 [0 1 0 1 0 1 0 0 0 0 0 0 0 0 0 0 1 0 0 0 0 0 0 0 0 0 0 0 0 0 1 0 0 0 0 0
  0 0 0 0 0 0 0 0 0 0 0 1 0 0 0 0 1 0 1 0 0 0 0 0 0 0 0 0 0 0 0 1 0 0 0 0
  0 0 0 0 0 0 0 0 1]
 [0 0 0 0 0 0 0 0 0 0 0 0 0 0 0 0 0 0 0 0 0 0 1 0 0 1 1 1 0 0 0 1 0 0 0 0
  0 0 0 0 0 0 0 0 0 0 0 0 0 0 0 0 0 1 0 0 0 0 0 1 1 0 1 0 0 0 1 0 0 0 1 1
  0 0 0 0 0 0 0 0 0]
 [0 0 0 0 0 0 0 0 0 1 0 0 0 0 1 0 0 0 0 1 0 0 0 0 1 0 0 0 0 0 0 0 0 1 0 0
  0 0 0 0 0 0 0 0 0 0 1 0 0 0 1 0 0 0 0 0 0 0 0 0 0 0 0 0 0 0 0 0 1 0 0 0
  1 0 0 1 0 0 0 0 0]
 [0 0 1 0 0 0 0 0 0 0 0 0 0 0 0 1 0 0 0 0 0 0 0 1 0 0 0 0 0 0 0 0 0 0 1 0
  1 0 0 0 0 0 0 0 0 0 0 0 1 0 0 0 0 0 0 0 0 0 0 0 0 0 0 0 0 0 0 0 0 0 0 0
  0 0 1 0 1 0 1 0 0]]
