params：
 weight-->(1, 10)
 proc_times-->(1, 100)
 setup_times-->(15, 30)
 delivery_times-->(1, 100)
 job_rate-->16

start:
alpha_1
16
 alpha_2
0.5
 mach
5
 job
80
 fam
8
 weigh
 [[0 2 8 6 8 6 3 7 7 5 3 4 8 6 7 3 8 4 9 9 4 8 5 6 8 5 4 6 1 7 6 2 1 8 1 8
  7 2 6 8 4 4 1 3 2 2 3 9 6 1 8 8 6 1 7 9 3 2 2 3 2 4 8 5 7 5 8 6 5 6 9 8
  3 4 3 9 3 4 4 7 2]]
 proc_times
 [[  0  92   4  86  51  17  83  40  41  17  52  82   6  29   8  82  65  88
  100  74  92  30  60  54  89  90  10  98  48  61  38  80  95  83   2  51
   13  61  98  83  71  28   9  38  86  89  60  36  89  93  68  69  71  37
   53  35 100  69  43   6  78  43  85  19  38  20  26  62  80  42  52   7
   15  81   8   3  89  28  51  27  42]
 [  0  28  69  94  34  59  93  30  28  80  10  82  72  10  74  44  35  20
   56  99  83  58  96  32  63  79  29  58  43  40  82  28  84  65  95   7
    3   2  53  32  70  62  29  75  76  56   9  37  24  48  52  87  34  99
   59  68  73  62  86  13  27   9  37  24  58  99  26  99  40  39  89  81
   42  62  64  35   9  75  59  80   8]
 [  0  51  14  64  60  23  69   6   1  41  22  70  41  96  44  99  50  47
   34  64  41  89  68  46  74  55  15  20  94  40  76  35  71  47  79  48
   77  72  67  95  89  53  30  18  76  62  67  22  96  31  92  89  30  15
   94  35  75  83  32  50  67  76  70  42  81   9  61  49  71  75  81  46
   24  33  28  35  61  38  12  27  82]
 [  0  72  17  71  23  17  10  31  74  39  76  86  34  47  43   4  62  49
   99  64  33  14  63  59  28  82  87   1  98  89  69  35  90   7  15  70
   77  39   9  14  27  64  59   7  78  67  96  72  63  81  71  88  31  66
   72   5  65  39  34  19  31  66  35  69  15  10  93  41  19  78  63  30
   14 100  13  80  76   5  34  87  32]
 [  0  93  94  86  80  89  44  49  86  27  61 100  96  18  63  95  36  16
   50  58  68  57  56   6  27  59  62  85  83  21  39  93  56  46  33  33
   92  84  96  61  56  40  45  21  46  30  94  64  49  48  13  46  92  22
   76  62  58  24   6  27   8  92   5  46  17  86  62  30  15  32   8  27
   91  60  27  71   5  72  69  60  82]]
 setup_times
 [[[ 0 26 26 22 16 23 19 20 23]
  [ 0  0 17 17 20 16 29 19 29]
  [ 0 18  0 29 27 17 16 23 26]
  [ 0 29 26  0 20 27 22 17 26]
  [ 0 15 21 22  0 27 17 19 20]
  [ 0 29 22 20 19  0 20 29 29]
  [ 0 27 27 19 16 17  0 26 19]
  [ 0 28 19 20 18 26 25  0 27]
  [ 0 21 17 22 17 25 28 18  0]]

 [[ 0 24 28 28 18 27 16 25 19]
  [ 0  0 15 24 21 17 16 29 24]
  [ 0 15  0 24 16 17 21 29 22]
  [ 0 16 19  0 16 25 22 24 29]
  [ 0 20 24 22  0 26 28 18 20]
  [ 0 23 15 15 23  0 24 29 23]
  [ 0 18 16 19 19 26  0 22 24]
  [ 0 24 26 20 23 17 23  0 16]
  [ 0 29 29 21 17 17 18 17  0]]

 [[ 0 22 19 21 19 29 23 20 23]
  [ 0  0 17 23 22 17 19 24 22]
  [ 0 23  0 15 18 22 16 26 24]
  [ 0 19 17  0 24 27 21 18 16]
  [ 0 16 18 23  0 22 24 23 20]
  [ 0 16 18 16 15  0 16 22 28]
  [ 0 22 27 16 22 28  0 19 29]
  [ 0 22 16 22 19 15 27  0 15]
  [ 0 15 26 21 26 21 16 26  0]]

 [[ 0 26 27 21 17 26 16 28 19]
  [ 0  0 17 19 27 19 27 15 28]
  [ 0 19  0 24 29 21 26 15 19]
  [ 0 27 23  0 22 19 20 24 29]
  [ 0 21 15 20  0 29 22 24 22]
  [ 0 20 19 29 27  0 20 20 15]
  [ 0 26 22 18 16 19  0 23 20]
  [ 0 22 26 29 20 19 27  0 25]
  [ 0 17 28 27 22 26 28 26  0]]

 [[ 0 21 21 15 15 20 21 26 18]
  [ 0  0 29 18 24 23 29 20 17]
  [ 0 17  0 29 28 21 28 21 20]
  [ 0 16 20  0 28 27 16 28 26]
  [ 0 22 15 17  0 26 25 27 17]
  [ 0 19 17 25 26  0 15 26 24]
  [ 0 15 23 18 19 24  0 16 25]
  [ 0 27 18 21 26 28 27  0 26]
  [ 0 20 22 24 18 22 24 17  0]]]
 delivery_times
 [[ 0  9 61 73 41 22 17 40 74 86 84  6 62 30 88 59 67 47 16  6 21 62 88 45
  72 29 66  6 70 65 85 18 44 88 72 14  6 47 81 79 25  1 12 16 57 51  2  4
  17 91 48 68 42 91 28 66  5 19 63 67 94 22 57 58 85 86 86 62 13 96 45 13
  34 88 30 60 14 95 45 80 61]
 [ 0 65 17 35 60  9 88 86 29 39 62  7 84 45 75 11 65  9 13 98 29  1 79 43
  17 80 16 27 81 42  1 83 45 43 57 88 57 74 99 85 37 17 72 44 10 75  3 33
  82 63 50 37 76 58 25 83 28 65  9 35 94 19  7 31 84 55 76  3  7  5  6 72
  66 15 97 27 81 14 32  9 39]
 [ 0 89 37 94  6 99 13 14 92 53 81 38 82 36 47 98 48  8 83  4 31 93  7 49
  80  2 52 14 53 22 13  5 69  1 71 68 63 92 47 69  5 80 51 64 60 65  7 89
  64 23  2 96 37 11 86 88 45 79 52 17 66 85 20 49 75 20  5 80 63 27 93 41
  13 31 53 81 74 70 56 36 66]
 [ 0  8 33 42 76  4 14 16 70 88 45 18 24 78 11 94 70 77 15 45 67 14  8 45
  16 31 12 65 33 13 74 17 12  9 41  5 96  5  2 44 41 74 82 22 27 60 86  2
  25 72 45 38 59 48 90 54 44 35 92 97 37 42  1 74 37 82 85 44  4 99 46 66
  79 58 12 48 44 91 25 15 81]
 [ 0 45 18 58 41 11 18 74 54 66 33 63 85  8 76 67 54 15 69 68 48 33 42 51
  32 54 34 44 88 72 14 53  1 66 25 85 64 92 25 78 47 51 52 12 16 55 92 15
  41 98 91 48 66 46 15 58 32 88 31 10 87 60 75 85 68 75 95 82 13 66 23 16
  44 34 98 62 11 64 70 39 77]]
 job2fam
 [[1 0 0 0 0 0 0 0 0 0 0 0 0 0 0 0 0 0 0 0 0 0 0 0 0 0 0 0 0 0 0 0 0 0 0 0
  0 0 0 0 0 0 0 0 0 0 0 0 0 0 0 0 0 0 0 0 0 0 0 0 0 0 0 0 0 0 0 0 0 0 0 0
  0 0 0 0 0 0 0 0 0]
 [0 0 0 0 0 0 0 0 1 0 0 0 1 0 0 0 0 0 0 0 1 0 0 0 0 0 0 0 1 0 0 0 0 0 0 0
  0 1 0 0 0 0 0 0 0 1 0 0 0 0 0 1 0 0 0 1 0 0 1 0 0 1 0 0 0 0 0 0 0 0 0 0
  0 0 0 0 0 0 0 1 0]
 [0 0 0 0 0 0 0 0 0 0 1 0 0 0 0 0 0 0 1 0 0 0 0 0 0 0 0 0 0 1 0 0 0 0 0 1
  0 0 0 1 1 0 0 1 0 0 0 0 0 0 0 0 0 0 0 0 0 0 0 0 0 0 0 0 1 1 0 0 0 0 0 0
  0 1 0 0 0 0 0 0 0]
 [0 0 0 0 1 0 1 0 0 0 0 0 0 0 0 0 0 1 0 0 0 1 0 0 0 0 0 0 0 0 0 0 0 0 0 0
  0 0 1 0 0 1 0 0 0 0 0 0 0 0 0 0 0 0 0 0 1 0 0 0 0 0 0 0 0 0 0 0 0 1 0 0
  0 0 0 0 0 0 0 0 0]
 [0 0 0 0 0 0 0 1 0 0 0 1 0 1 0 0 0 0 0 0 0 0 0 0 0 0 0 0 0 0 0 0 1 0 0 0
  0 0 0 0 0 0 1 0 1 0 0 0 0 1 0 0 0 0 0 0 0 1 0 0 0 0 0 1 0 0 0 0 0 0 0 0
  0 0 0 0 0 1 0 0 0]
 [0 1 0 1 0 1 0 0 0 0 0 0 0 0 0 0 1 0 0 0 0 0 0 0 0 0 0 0 0 0 1 0 0 0 0 0
  0 0 0 0 0 0 0 0 0 0 0 1 0 0 0 0 1 0 1 0 0 0 0 0 0 0 0 0 0 0 0 1 0 0 0 0
  0 0 0 0 0 0 0 0 1]
 [0 0 0 0 0 0 0 0 0 0 0 0 0 0 0 0 0 0 0 0 0 0 1 0 0 1 1 1 0 0 0 1 0 0 0 0
  0 0 0 0 0 0 0 0 0 0 0 0 0 0 0 0 0 1 0 0 0 0 0 1 1 0 1 0 0 0 1 0 0 0 1 1
  0 0 0 0 0 0 0 0 0]
 [0 0 0 0 0 0 0 0 0 1 0 0 0 0 1 0 0 0 0 1 0 0 0 0 1 0 0 0 0 0 0 0 0 1 0 0
  0 0 0 0 0 0 0 0 0 0 1 0 0 0 1 0 0 0 0 0 0 0 0 0 0 0 0 0 0 0 0 0 1 0 0 0
  1 0 0 1 0 0 0 0 0]
 [0 0 1 0 0 0 0 0 0 0 0 0 0 0 0 1 0 0 0 0 0 0 0 1 0 0 0 0 0 0 0 0 0 0 1 0
  1 0 0 0 0 0 0 0 0 0 0 0 1 0 0 0 0 0 0 0 0 0 0 0 0 0 0 0 0 0 0 0 0 0 0 0
  0 0 1 0 1 0 1 0 0]]
