params：
 weight-->(1, 10)
 proc_times-->(1, 100)
 setup_times-->(60, 120)
 delivery_times-->(1, 30)
 job_rate-->16

start:
alpha_1
16
 alpha_2
2.0
 mach
5
 job
80
 fam
8
 weigh
 [[0 1 9 4 4 1 6 3 4 2 5 3 5 2 2 8 6 4 1 7 8 4 3 3 1 7 2 3 8 9 6 7 9 4 7 2
  8 4 2 5 8 4 6 5 5 1 1 3 1 6 9 3 6 8 6 1 5 7 3 5 7 9 2 3 7 5 1 9 9 7 4 8
  1 9 3 9 2 8 1 2 1]]
 proc_times
 [[  0   3  44   8  67  78  21  68  36   6   7  32  47  52  12   2  38   5
   94  62  19   4  55  89  87   9  54  43  29  62   4  21  65  46  27  69
   49  48  90  70  28  45  31  35  77  56  52  93  41  77  39  89  76   7
   25  43  21   5  35  38  94  64   8   9   5  31  99  52  50  31  98  71
   82  38  90  23  77  13  47  17  58]
 [  0  33  95  56  91  77  50  25  94  66  31  48  90  43  43  70  88  64
   74  66  49  65   1 100  91  26   1  50  66  82  93  56  59   4  55  95
   13  37  73  53  31  81  38  78  27  56  91  28  88  40  80  55  68  51
   54  15   9  68  36   6  92  38  78  86  96  35  63  49  61  90  44  73
   39  68  76  11  21  31   8  36  69]
 [  0  41  12  54  60   1  45  17  63  54  85  30  97  67  44  22  80  70
   33  65   9  90  82  19  39  81  14  52  74  94   9  86  78  42  72  13
   84  16  40  74  63  87  71 100  73  59  89  28  44  37  83 100 100  72
   87  24  22  44  16  89  67  33  32  46  42   7   7  88  28  43  68  30
   47  25  16  88  95  53   1  42  54]
 [  0  66   5  27  88   5  86  57   8  16  70  34  58  15  59  50  99  46
   66   1  71   6  51  83  27  98  97  54  69  39  92  53   4  98  63  52
   54  82  69   7  81  99  85  23  39  15  20  63  36  98 100  38  39  45
   34  13  40  25  97  77   1  42  52  31  17  27   1  97  54  32   7  32
    8  37  98  36  93  65  89  78  82]
 [  0  62  55  66  73  56  23  10  28  76  28  57  24  83  52   8  12  47
   39  74 100  55  44  23  44  24  88  44  74  84  97  73  18  61  29  15
   28  68  45  13  67   1  14  89  90  28   1  83  65  90  86  61  93  32
   94  52  22   8  59  42  94  82  73  76  93  18  25  83  57  57  14  71
   65   7  99  99  24  50   4  55  19]]
 setup_times
 [[[  0 108  86  64  90 103  90  80 110]
  [  0   0  72 118  82  79 102  71  75]
  [  0  81   0 105  62  72  68  94  93]
  [  0  98  74   0  72  86  89 107 107]
  [  0 111  93  69   0  60  63  75 117]
  [  0  89  95  65  72   0 104  62  74]
  [  0  65  65  90  77 101   0 114  90]
  [  0  64 114  68  65  86  69   0 105]
  [  0  76  93  98  80  91 106  72   0]]

 [[  0 107  97  61  97  60 112  99  83]
  [  0   0 108 102  72  85  96 104 116]
  [  0  70   0  62  78  76  74  90  99]
  [  0  80  66   0  83 108  65  82  72]
  [  0  86  97  77   0  86  92 100  95]
  [  0 103 100 102  96   0  80 118  84]
  [  0  91 101 112  73  97   0  87  94]
  [  0  67  70 103 104  76  69   0 106]
  [  0  64 116 117  79  87 118  88   0]]

 [[  0  92  84  83  68  97  82  85  74]
  [  0   0  73 100  61  68  94  77  97]
  [  0  90   0 111  83  85  66  89  98]
  [  0 100 117   0 116 115 108 111  82]
  [  0  93  92 108   0  93  71 110  83]
  [  0 107  96  98 104   0  61  68  61]
  [  0 112  60  71  72 101   0 105  88]
  [  0 116 106  90 100  94  86   0  91]
  [  0  98 106  64  76  76  89  82   0]]

 [[  0  75  85  76  93 102  62  78  90]
  [  0   0  87  99  69  67  98 100  99]
  [  0 101   0  92  64  63  98  60  97]
  [  0  68 118   0 107  86 114 115  63]
  [  0  82  66 118   0 100 119  78 102]
  [  0  67  91 112  67   0  87 101  85]
  [  0 112 107 100  96 106   0  67  82]
  [  0  92  82  91  60  83  87   0 111]
  [  0 106  74  82  70 115 107  64   0]]

 [[  0  91  83  65  78 100  80  90  96]
  [  0   0 119  81  60  73  83 112  65]
  [  0  99   0 102  61  75  99 112 113]
  [  0 107  98   0  83 117  86  78  64]
  [  0  95 105  93   0  95  66  79  82]
  [  0 117 105  94 116   0  63  73 101]
  [  0  62 106  86 103 113   0  61 117]
  [  0 108 112 117  91  61 109   0 116]
  [  0 106 107  62 112  77  87  85   0]]]
 delivery_times
 [[ 0 29 29 16 18 19  1 13 29 21 24 14  2  1 15  5 18 29  2  8 19 10 14 18
  27  3 11 24 27 25 15 10 17 19 29  7 15  9  6  1  6 14 23  7 10 24 15 13
  16  5  4 28 10 14 25 22 28 24 25 21  7 27 18 20  4  3 14 29 26  6 21 17
  16  3 26 27  6 14 21  9 16]
 [ 0 28  8  2  6 12 20 13 11 22  8  8 22 18 16 16  9  8 25  1 10 12 22  5
  22 23  3  8  9  4  7  5 11 17 23  8  8 14 11 19  3  6  5 23 12  6  9  6
   4 19  9 10  6  3 14 10 23 28  1  7 27  9  1 29  1 24 21 10 28 14  6 10
   5 24 27 25 26 17 24 16  5]
 [ 0 10 27  1 11 26 19 27 16 11  6  8 11 24 17 18  3  7  9 20 11 20  7 19
  23 22 19  7  6 28 16 25 15 25 29  8 29  5 28 25 11  8 28 15  2  4 11 29
  16  9 19 28  1 16 23 16  4  7 20  9  1 27 13 28  5 15 16 13  9 29  2 23
  10  1 15 15  3 19 24  8 20]
 [ 0  4  8 19  1 22  9  5  2  1 12 18 28  5 22 11  5  7 26 18 27 21 29  7
  26 26 20  5 29  7  3 24 23  6 20 19  3 28  6 28 22 11 14 21 25 13  6 12
  19 10 10  6 10 17 14 21 24 20 27 22  9 16 28 16 16 26 22  4 28  3 10 18
  13 14  1 15 25 12  2 25 23]
 [ 0 12 15 23  9  9 18 13 28  2 10 26  8  2  2 17 11 10 26 11 28  7 17 29
  16 16 11 17 16  9  6 28  5 21 18  5 18  2 25 29  1  9 29 26 13 12 13  1
  12 13 16 28 22 28 14 15 20 21 29 21  3 16 28 27 19 27  5  2  1 11 17 14
  26 28  4 27 14 14  4 21 12]]
 job2fam
 [[1 0 0 0 0 0 0 0 0 0 0 0 0 0 0 0 0 0 0 0 0 0 0 0 0 0 0 0 0 0 0 0 0 0 0 0
  0 0 0 0 0 0 0 0 0 0 0 0 0 0 0 0 0 0 0 0 0 0 0 0 0 0 0 0 0 0 0 0 0 0 0 0
  0 0 0 0 0 0 0 0 0]
 [0 0 0 0 0 0 0 0 1 0 0 0 1 0 0 0 0 0 0 0 1 0 0 0 0 0 0 0 1 0 0 0 0 0 0 0
  0 1 0 0 0 0 0 0 0 1 0 0 0 0 0 1 0 0 0 1 0 0 1 0 0 1 0 0 0 0 0 0 0 0 0 0
  0 0 0 0 0 0 0 1 0]
 [0 0 0 0 0 0 0 0 0 0 1 0 0 0 0 0 0 0 1 0 0 0 0 0 0 0 0 0 0 1 0 0 0 0 0 1
  0 0 0 1 1 0 0 1 0 0 0 0 0 0 0 0 0 0 0 0 0 0 0 0 0 0 0 0 1 1 0 0 0 0 0 0
  0 1 0 0 0 0 0 0 0]
 [0 0 0 0 1 0 1 0 0 0 0 0 0 0 0 0 0 1 0 0 0 1 0 0 0 0 0 0 0 0 0 0 0 0 0 0
  0 0 1 0 0 1 0 0 0 0 0 0 0 0 0 0 0 0 0 0 1 0 0 0 0 0 0 0 0 0 0 0 0 1 0 0
  0 0 0 0 0 0 0 0 0]
 [0 0 0 0 0 0 0 1 0 0 0 1 0 1 0 0 0 0 0 0 0 0 0 0 0 0 0 0 0 0 0 0 1 0 0 0
  0 0 0 0 0 0 1 0 1 0 0 0 0 1 0 0 0 0 0 0 0 1 0 0 0 0 0 1 0 0 0 0 0 0 0 0
  0 0 0 0 0 1 0 0 0]
 [0 1 0 1 0 1 0 0 0 0 0 0 0 0 0 0 1 0 0 0 0 0 0 0 0 0 0 0 0 0 1 0 0 0 0 0
  0 0 0 0 0 0 0 0 0 0 0 1 0 0 0 0 1 0 1 0 0 0 0 0 0 0 0 0 0 0 0 1 0 0 0 0
  0 0 0 0 0 0 0 0 1]
 [0 0 0 0 0 0 0 0 0 0 0 0 0 0 0 0 0 0 0 0 0 0 1 0 0 1 1 1 0 0 0 1 0 0 0 0
  0 0 0 0 0 0 0 0 0 0 0 0 0 0 0 0 0 1 0 0 0 0 0 1 1 0 1 0 0 0 1 0 0 0 1 1
  0 0 0 0 0 0 0 0 0]
 [0 0 0 0 0 0 0 0 0 1 0 0 0 0 1 0 0 0 0 1 0 0 0 0 1 0 0 0 0 0 0 0 0 1 0 0
  0 0 0 0 0 0 0 0 0 0 1 0 0 0 1 0 0 0 0 0 0 0 0 0 0 0 0 0 0 0 0 0 1 0 0 0
  1 0 0 1 0 0 0 0 0]
 [0 0 1 0 0 0 0 0 0 0 0 0 0 0 0 1 0 0 0 0 0 0 0 1 0 0 0 0 0 0 0 0 0 0 1 0
  1 0 0 0 0 0 0 0 0 0 0 0 1 0 0 0 0 0 0 0 0 0 0 0 0 0 0 0 0 0 0 0 0 0 0 0
  0 0 1 0 1 0 1 0 0]]
