params：
 weight-->(1, 10)
 proc_times-->(1, 100)
 setup_times-->(60, 120)
 delivery_times-->(1, 30)
 job_rate-->16

start:
alpha_1
16
 alpha_2
2.0
 mach
5
 job
80
 fam
8
 weigh
 [[0 1 2 1 3 2 8 4 2 9 2 4 5 1 6 8 1 1 7 8 5 3 6 9 8 6 9 4 9 1 6 8 8 7 3 6
  4 6 8 1 9 2 8 8 1 3 7 2 8 8 3 2 1 3 9 9 1 9 3 2 8 1 4 3 6 4 5 7 9 6 5 1
  3 4 2 8 4 9 8 3 6]]
 proc_times
 [[  0  64  53   8  37  49  28  94  53  94  69   9  55  76  34   1  32  51
   84  67  31  39  94  55  50  61  17  76  75  31  10  96  35  92  20  73
   76  78  60  77  54  95  94  77  61  30  96  85  45  81  80  14  41  34
   86  55  38  50  50  20  81  13  87  62  82  60  36  81  11  25  34  95
   61  79  59  78   6  38   8  46  12]
 [  0  39  37  17   1  68  79  59  30  14  53  14   4  10  75  67  91   6
   91  25  94  87  18  96  66   1  74  74  85   1   7   3   2   8  28   7
   20  80  39   1  95  61   1  84  31  25  55  62  91  96  14  97  88  92
   43  59  56  79  26  67  93  72  55  43  58  63  24  95  35  75  69  20
   93  39  40   2  48  55  41  25  28]
 [  0  28  26  39  28  85  22  99  71  72  39  61   5  56  73   2  17  48
   72  85  39  82  23  14  95  62  96  12  22  55  77  69  94  50  21  45
   88  38  79  61  24  19  63  79 100  30  48  16  21  56  88  58  60  49
   18   9  98  73  23   9  65  71   6  58   1  76  65  27  45  46  71  14
   80  14  74  34  36  26  33  30  16]
 [  0  19  44  16  69  49  34  36  25  29  57  42  75  39   6  98  69  63
   55  53  96  98  57  25  99  17  34  90  34  74  94  78  33  57  38   8
   36  66  55  78  86  40  80  90  96  81  62  67 100  65  33  88  43  50
   24  15   6  29  39  72  73  71  35  47  16   4  90  63  60  52  44  13
    3  16  46   8  55  39  63  89  30]
 [  0  63  99  73  68  70  57  94  48  31  41  40  88   1  79  81  30   7
   84  63  94   7  33  50  41  78  20  44  81  91  18  12  12  43  87  74
   88  77  79  40  86  48  41  95  69   5  29  96  50  92  85  71  65  66
   63  85  46  43  59  81  18  47  28  86   2  14  95  92  87  61  31  73
   46  93  88  93  53  53  74  45  26]]
 setup_times
 [[[  0  88  74  90 114 110  74  61  70]
  [  0   0  65  70 108 114 102 110 115]
  [  0  98   0  78  84  97  99  66 110]
  [  0  79 110   0  86 116 102 107  62]
  [  0  73 110 118   0  87  62 116  76]
  [  0 115 110 116 112   0  67 103 106]
  [  0 102  68  70 109  99   0 106  90]
  [  0  79  75  83 106  61  94   0  86]
  [  0  62  99  94  70  80 116  86   0]]

 [[  0 114 116  93 101 113  65  79  93]
  [  0   0 114 107  90  69 112 116 109]
  [  0 112   0  80 115 112  95 102 104]
  [  0  86  72   0 115 102  64 116  68]
  [  0  98 100 103   0  90  90  84 100]
  [  0 106  77  84  60   0  88 103  79]
  [  0 111 108  90  66  67   0  99  63]
  [  0  67  80  68  94  98  90   0  71]
  [  0  66  74  81  71  92  62  68   0]]

 [[  0  88  88  80 113  93 109 104 116]
  [  0   0  86 107 117  64  69  97  60]
  [  0 106   0  65 116  93 100  78  64]
  [  0 109  68   0  65  78 102  90 107]
  [  0  72  64  64   0  99  83  85 116]
  [  0  95  82 117  93   0 100  95 108]
  [  0 106  65  93  82  70   0 107 107]
  [  0 112  95  62 112  64 100   0 101]
  [  0  60  96  83  67 107  98  71   0]]

 [[  0  82  88  67 105 115  77 113  81]
  [  0   0  64  60  97 114  86 102  61]
  [  0 105   0  89 107  85  64 115 104]
  [  0  66  93   0 110  83  68  72 103]
  [  0  96 107 117   0  83 112  93  76]
  [  0  71  67  98 109   0 102 101  68]
  [  0 113 116  64 102  72   0 107  84]
  [  0  90  83  69  96  86  96   0  97]
  [  0 110 116  64 112 101  62 104   0]]

 [[  0  60 101  72  73  91  80 112  98]
  [  0   0  81 111  93  84  70  70  80]
  [  0  78   0  79  67  93  91 100  98]
  [  0 113  94   0  80 117 107  61 107]
  [  0  82 104  76   0  64  73  89 108]
  [  0 117  99 101  68   0 103 115  87]
  [  0 104 119  99 113 110   0  84 109]
  [  0  64 117  83  87  61 111   0  93]
  [  0 113  99  65  77  92 111 100   0]]]
 delivery_times
 [[ 0 21 17 25 17  8 22  1  3 24 18  7 17  9 21  8  1  7 23  1 27 12  7  6
  16 15 15  4 21 29 28 15  7 22 25 10  2 17 28 17 25  4  5  8 12 20 10  9
  11 27 20 26 12 11  3 12 10 22 24 20 29 23  9 27 15 14 11  3 29 21 27 10
  24  1  7 10 20 17 28 12 13]
 [ 0  3 26 10 24 24 17 17 29 29 14 16  8 18  4 11 25  8 25 18 20 29 15 18
  14 18 11 19 28  2 25 20 21 12 20 27 19 24 21 25 27 19 22  6  3 17  4 15
  19 16  6 11  3 21  3 24 22  9 20 21  6 26  1 10 28 17  9 26 10 10 19 25
  22  4 25 21  4 26 18  9  2]
 [ 0  8 22  5  4 17 17  3 10  5  6 13 26 13 14  1 12  3  7 11  4  8 20 29
  12 29  2 22 27 10 21 11  2  1  3  5 16  4  4  6 14 18 23  9 10  4 17 21
   9 23  6 25 11 10  7  9  8  4 26 26  4 14  7 27  2 20  2 29 16 16 21  8
  28 17 26  6 28 19 16 22 18]
 [ 0 12  4 12  9 13 14 28 24 26 25  9  6 25 17  2 21 24 19 24  3 25  5 25
  12 22 20 28  5 17 18  9  5 29 24 20 15 14 26 24 25  3  5 12 25 24  8 14
  10  1  3 21 20  1 26  6 16 21  5  3 26 17 10 27 26 18 28 14 16  1  4 23
   5 28 12 27 11 19 29 10 27]
 [ 0 12 29 12 24  3 18 22 17 10 26  6  8  7 24 17 26 14 26  1 18 21  2 27
  10 28 28  5 19 16 21  7  1 29 14 15 11 26 20 28 19 10  9 21 11  4 21 24
   5 11  9 22 19  4 21 16 16 12 23 29  1 22 14  7 29 21  1 13  5  1 15  9
   8 17  9 20 17  1 12  7 26]]
 job2fam
 [[1 0 0 0 0 0 0 0 0 0 0 0 0 0 0 0 0 0 0 0 0 0 0 0 0 0 0 0 0 0 0 0 0 0 0 0
  0 0 0 0 0 0 0 0 0 0 0 0 0 0 0 0 0 0 0 0 0 0 0 0 0 0 0 0 0 0 0 0 0 0 0 0
  0 0 0 0 0 0 0 0 0]
 [0 0 0 0 0 0 0 0 1 0 0 0 1 0 0 0 0 0 0 0 1 0 0 0 0 0 0 0 1 0 0 0 0 0 0 0
  0 1 0 0 0 0 0 0 0 1 0 0 0 0 0 1 0 0 0 1 0 0 1 0 0 1 0 0 0 0 0 0 0 0 0 0
  0 0 0 0 0 0 0 1 0]
 [0 0 0 0 0 0 0 0 0 0 1 0 0 0 0 0 0 0 1 0 0 0 0 0 0 0 0 0 0 1 0 0 0 0 0 1
  0 0 0 1 1 0 0 1 0 0 0 0 0 0 0 0 0 0 0 0 0 0 0 0 0 0 0 0 1 1 0 0 0 0 0 0
  0 1 0 0 0 0 0 0 0]
 [0 0 0 0 1 0 1 0 0 0 0 0 0 0 0 0 0 1 0 0 0 1 0 0 0 0 0 0 0 0 0 0 0 0 0 0
  0 0 1 0 0 1 0 0 0 0 0 0 0 0 0 0 0 0 0 0 1 0 0 0 0 0 0 0 0 0 0 0 0 1 0 0
  0 0 0 0 0 0 0 0 0]
 [0 0 0 0 0 0 0 1 0 0 0 1 0 1 0 0 0 0 0 0 0 0 0 0 0 0 0 0 0 0 0 0 1 0 0 0
  0 0 0 0 0 0 1 0 1 0 0 0 0 1 0 0 0 0 0 0 0 1 0 0 0 0 0 1 0 0 0 0 0 0 0 0
  0 0 0 0 0 1 0 0 0]
 [0 1 0 1 0 1 0 0 0 0 0 0 0 0 0 0 1 0 0 0 0 0 0 0 0 0 0 0 0 0 1 0 0 0 0 0
  0 0 0 0 0 0 0 0 0 0 0 1 0 0 0 0 1 0 1 0 0 0 0 0 0 0 0 0 0 0 0 1 0 0 0 0
  0 0 0 0 0 0 0 0 1]
 [0 0 0 0 0 0 0 0 0 0 0 0 0 0 0 0 0 0 0 0 0 0 1 0 0 1 1 1 0 0 0 1 0 0 0 0
  0 0 0 0 0 0 0 0 0 0 0 0 0 0 0 0 0 1 0 0 0 0 0 1 1 0 1 0 0 0 1 0 0 0 1 1
  0 0 0 0 0 0 0 0 0]
 [0 0 0 0 0 0 0 0 0 1 0 0 0 0 1 0 0 0 0 1 0 0 0 0 1 0 0 0 0 0 0 0 0 1 0 0
  0 0 0 0 0 0 0 0 0 0 1 0 0 0 1 0 0 0 0 0 0 0 0 0 0 0 0 0 0 0 0 0 1 0 0 0
  1 0 0 1 0 0 0 0 0]
 [0 0 1 0 0 0 0 0 0 0 0 0 0 0 0 1 0 0 0 0 0 0 0 1 0 0 0 0 0 0 0 0 0 0 1 0
  1 0 0 0 0 0 0 0 0 0 0 0 1 0 0 0 0 0 0 0 0 0 0 0 0 0 0 0 0 0 0 0 0 0 0 0
  0 0 1 0 1 0 1 0 0]]
