params：
 weight-->(1, 10)
 proc_times-->(1, 100)
 setup_times-->(15, 30)
 delivery_times-->(170, 200)
 job_rate-->16

start:
alpha_1
16
 alpha_2
0.5
 mach
5
 job
80
 fam
8
 weigh
 [[0 4 9 5 4 6 6 2 9 4 1 6 5 6 9 2 3 1 6 3 5 4 3 8 8 7 3 5 8 4 1 3 5 1 2 8
  9 4 7 8 7 7 6 3 5 8 8 4 8 4 5 6 6 1 9 5 6 5 5 5 8 7 1 2 1 9 6 7 4 4 9 7
  2 2 2 4 4 9 2 9 6]]
 proc_times
 [[  0  74  16  39  37  91  15  29  59  11  93  26  81  15   7   4  53  86
    9  28  32  11  15  55  12  76  47  98   3  14  44  36  90  68  26 100
    1  57  77  48  81  97  74  23  97  33  34  20  48  90  87  61   2   2
    5  66  53  24  97  17  30  80  81  32  58  63  26  79  46   2  41  48
   13  58  87  11   1  43  89  77  78]
 [  0  41  36  88  37  88  64  89  95  33  85   3  37  81  78   1 100  84
   72  87  61  80  53   1  75  70  29  68  18  93  45  32  40  80  27  57
   83  65  62  95  86  29  12  33  67  81  93  51   8  96  61  10  89   9
   30  28  17  13  11  66   6  20  57  95  50   3  75  10   8  90  35   6
   31  72  70  40  79  12  30  83  97]
 [  0  85  61  22  89  24  46  86  62  40  90  72  10  39   3  70  70  32
    9  85  78  51  39  85  22  87  12  91  44   2  28  81  32  34   9  76
   53  16  64  60  99  35  67  37  31  58  63  88  59  57  56  66  90  88
   29  79  14  62  96   1  21  28  74   8  74  33   7  53  49  13  91   1
   48  71  33  53   1   5  20  67  81]
 [  0  97  33  11  32  48  77  61   8   2  75  45  97  76  66  62  33  51
   77  76  41  90  98  94  57   5   4  25  62  61  51  98  55  44  29  90
   79  13  43  97  80  44  50  10  33 100   3  67  56  10  46  80  62  36
   34   8  14  24  39  92  48  72  21  28  47  48  51  70  96  15  97  24
   74  77  21  33  21  85  98   6  62]
 [  0  87  28  98  51  25  48  60 100  77  52  87  51  51  25  91  97  38
   75  32  11  89  69  56  60  10  97  67  87  35  86   8  46  88  77  94
   68  80  36  26  77  28  17  56  48  12  13  51  89  11  78  62  25  43
   32  10  34  38   8  18  59  26  85  80   2  54  58  62  93  25  32  22
   28  42  51   6  69 100  67  34  23]]
 setup_times
 [[[ 0 19 17 27 24 23 18 25 17]
  [ 0  0 24 16 27 20 22 16 22]
  [ 0 26  0 25 17 15 20 29 27]
  [ 0 23 23  0 29 22 20 27 28]
  [ 0 25 29 15  0 28 25 25 17]
  [ 0 21 29 23 21  0 20 28 23]
  [ 0 16 23 18 26 21  0 18 26]
  [ 0 18 21 24 17 27 22  0 25]
  [ 0 20 17 29 22 19 18 26  0]]

 [[ 0 27 26 27 26 20 23 27 29]
  [ 0  0 18 28 27 26 18 28 25]
  [ 0 25  0 17 20 19 17 25 23]
  [ 0 18 22  0 17 17 29 24 26]
  [ 0 25 19 22  0 21 24 25 17]
  [ 0 24 24 22 28  0 16 16 16]
  [ 0 24 21 28 17 25  0 18 15]
  [ 0 26 17 18 15 21 21  0 27]
  [ 0 20 20 28 18 21 27 24  0]]

 [[ 0 29 18 18 25 23 16 24 17]
  [ 0  0 16 22 28 15 16 26 22]
  [ 0 19  0 20 17 23 21 24 23]
  [ 0 24 19  0 19 22 18 18 16]
  [ 0 23 29 27  0 15 21 16 16]
  [ 0 26 24 25 28  0 18 28 16]
  [ 0 17 18 18 15 25  0 29 21]
  [ 0 16 22 19 19 25 23  0 22]
  [ 0 29 18 21 22 26 21 24  0]]

 [[ 0 23 17 28 29 15 27 21 18]
  [ 0  0 26 19 23 26 24 21 23]
  [ 0 28  0 24 17 27 15 22 28]
  [ 0 18 26  0 25 25 15 21 24]
  [ 0 22 16 18  0 20 20 23 23]
  [ 0 28 19 24 28  0 16 18 23]
  [ 0 26 16 15 24 21  0 18 25]
  [ 0 27 20 29 19 17 23  0 28]
  [ 0 25 25 20 23 15 15 17  0]]

 [[ 0 22 24 26 29 24 23 25 25]
  [ 0  0 24 22 20 19 20 17 22]
  [ 0 16  0 26 24 28 23 15 19]
  [ 0 21 28  0 25 23 25 29 28]
  [ 0 24 27 20  0 24 24 15 21]
  [ 0 26 29 23 23  0 16 19 16]
  [ 0 19 21 17 23 16  0 19 20]
  [ 0 28 15 26 22 27 24  0 16]
  [ 0 15 23 29 25 17 23 26  0]]]
 delivery_times
 [[  0 189 185 183 185 173 170 196 199 192 198 173 185 175 181 175 177 196
  175 173 188 194 171 173 177 189 174 187 199 190 196 189 188 184 175 196
  191 194 180 179 170 181 172 190 188 172 199 179 178 194 196 177 177 196
  184 189 198 188 181 190 188 181 188 177 186 197 191 175 173 193 175 193
  174 196 181 185 173 198 196 186 177]
 [  0 186 178 194 180 190 193 189 181 187 190 180 188 184 177 180 180 194
  177 177 188 196 198 199 194 189 190 192 177 199 170 191 195 170 191 198
  175 176 170 199 198 174 183 180 187 180 187 186 198 183 187 198 176 180
  170 189 178 172 173 192 178 185 176 171 193 183 198 183 176 171 173 180
  190 174 191 193 199 183 197 196 186]
 [  0 170 187 180 171 182 189 179 185 183 196 190 190 188 196 192 180 193
  187 189 192 171 179 183 171 187 184 170 191 188 192 183 177 197 177 174
  188 182 199 187 184 171 183 176 190 198 176 170 193 175 196 175 172 189
  177 186 181 184 192 193 183 196 183 189 178 191 181 197 178 172 184 185
  199 195 181 196 186 195 171 198 187]
 [  0 172 184 190 171 173 186 177 171 179 174 197 187 180 193 195 186 194
  195 180 183 190 198 172 195 179 189 174 191 196 172 172 171 186 170 190
  198 171 185 179 175 176 185 171 192 190 196 171 173 177 189 171 191 177
  172 173 190 193 178 173 185 184 181 181 195 193 188 192 189 185 177 174
  183 199 172 177 199 197 171 191 189]
 [  0 189 182 195 180 191 187 191 176 191 177 189 178 188 178 177 181 172
  182 185 172 183 188 199 186 186 175 187 180 194 179 193 198 181 176 189
  179 186 171 193 184 184 180 185 188 173 188 172 196 193 192 199 188 185
  181 182 181 176 192 179 184 175 192 199 175 193 194 196 191 170 184 187
  177 181 185 176 178 170 175 189 177]]
 job2fam
 [[1 0 0 0 0 0 0 0 0 0 0 0 0 0 0 0 0 0 0 0 0 0 0 0 0 0 0 0 0 0 0 0 0 0 0 0
  0 0 0 0 0 0 0 0 0 0 0 0 0 0 0 0 0 0 0 0 0 0 0 0 0 0 0 0 0 0 0 0 0 0 0 0
  0 0 0 0 0 0 0 0 0]
 [0 0 0 0 0 0 0 0 1 0 0 0 1 0 0 0 0 0 0 0 1 0 0 0 0 0 0 0 1 0 0 0 0 0 0 0
  0 1 0 0 0 0 0 0 0 1 0 0 0 0 0 1 0 0 0 1 0 0 1 0 0 1 0 0 0 0 0 0 0 0 0 0
  0 0 0 0 0 0 0 1 0]
 [0 0 0 0 0 0 0 0 0 0 1 0 0 0 0 0 0 0 1 0 0 0 0 0 0 0 0 0 0 1 0 0 0 0 0 1
  0 0 0 1 1 0 0 1 0 0 0 0 0 0 0 0 0 0 0 0 0 0 0 0 0 0 0 0 1 1 0 0 0 0 0 0
  0 1 0 0 0 0 0 0 0]
 [0 0 0 0 1 0 1 0 0 0 0 0 0 0 0 0 0 1 0 0 0 1 0 0 0 0 0 0 0 0 0 0 0 0 0 0
  0 0 1 0 0 1 0 0 0 0 0 0 0 0 0 0 0 0 0 0 1 0 0 0 0 0 0 0 0 0 0 0 0 1 0 0
  0 0 0 0 0 0 0 0 0]
 [0 0 0 0 0 0 0 1 0 0 0 1 0 1 0 0 0 0 0 0 0 0 0 0 0 0 0 0 0 0 0 0 1 0 0 0
  0 0 0 0 0 0 1 0 1 0 0 0 0 1 0 0 0 0 0 0 0 1 0 0 0 0 0 1 0 0 0 0 0 0 0 0
  0 0 0 0 0 1 0 0 0]
 [0 1 0 1 0 1 0 0 0 0 0 0 0 0 0 0 1 0 0 0 0 0 0 0 0 0 0 0 0 0 1 0 0 0 0 0
  0 0 0 0 0 0 0 0 0 0 0 1 0 0 0 0 1 0 1 0 0 0 0 0 0 0 0 0 0 0 0 1 0 0 0 0
  0 0 0 0 0 0 0 0 1]
 [0 0 0 0 0 0 0 0 0 0 0 0 0 0 0 0 0 0 0 0 0 0 1 0 0 1 1 1 0 0 0 1 0 0 0 0
  0 0 0 0 0 0 0 0 0 0 0 0 0 0 0 0 0 1 0 0 0 0 0 1 1 0 1 0 0 0 1 0 0 0 1 1
  0 0 0 0 0 0 0 0 0]
 [0 0 0 0 0 0 0 0 0 1 0 0 0 0 1 0 0 0 0 1 0 0 0 0 1 0 0 0 0 0 0 0 0 1 0 0
  0 0 0 0 0 0 0 0 0 0 1 0 0 0 1 0 0 0 0 0 0 0 0 0 0 0 0 0 0 0 0 0 1 0 0 0
  1 0 0 1 0 0 0 0 0]
 [0 0 1 0 0 0 0 0 0 0 0 0 0 0 0 1 0 0 0 0 0 0 0 1 0 0 0 0 0 0 0 0 0 0 1 0
  1 0 0 0 0 0 0 0 0 0 0 0 1 0 0 0 0 0 0 0 0 0 0 0 0 0 0 0 0 0 0 0 0 0 0 0
  0 0 1 0 1 0 1 0 0]]
