params：
 weight-->(1, 10)
 proc_times-->(1, 100)
 setup_times-->(30, 60)
 delivery_times-->(170, 200)
 job_rate-->16

start:
alpha_1
16
 alpha_2
1.0
 mach
5
 job
80
 fam
12
 weigh
 [[0 6 3 7 3 2 5 8 9 9 7 2 4 6 3 8 8 3 5 6 3 8 8 6 5 4 2 9 4 2 5 2 2 5 9 6
  6 2 9 4 6 7 3 4 2 8 2 4 1 5 8 1 2 6 1 1 8 4 1 5 7 9 4 6 4 8 1 7 2 5 7 5
  9 4 5 9 7 2 6 6 2]]
 proc_times
 [[  0  41  81  73  97  54  75   7  62  21  44  73  81  44  27  19   9  44
   86  51  28  85  59  31  68  24  12  63   1  17  69  25   2  17  21  57
   54  92  58  55  35  84  19  89  76  94  57   9   6  46  85  38  35  56
   77   2  95  32  29  60  84  69  78  41  29  65  46  63  19  12   7  15
   80   5   6  12  78  64   9  10  39]
 [  0  83  61  86  14  22  49  72  57  85  95   8  32  55  83  71  55  79
   30  17  11  23  81  67  56  86  78  17  88  36  70  60  42  13  64  94
   56  13 100  86  25  70  10  62  60  87  54  35  22  69  31  66  88  47
    5  80  94  44  83   3  32  52  67  79  98  26  68  62  29  97 100  66
   86  18  83  72  42  53  25  99  19]
 [  0  19  65  71  86  74   8  25  89  82  77  26  81  64  94  29  47  90
   43  71   6  64  14  29  42   6  44   9  17  37  44  54  64  95   9  90
   84  17  40  98  56  33  50  20  71  95  69  46  32  78  74   4  36  49
   64   2  35  80  95  23   5  41  47   1  81   9  49  17  91  36  39   3
  100  55  56  68  98  23  72  95  62]
 [  0  99  41  39   5  67  12  51  23  92  19  43  27   1  97   1  94   1
   94  69  38  90  56  91  75  23  61   6  42  73  36  55  20  75  75  90
   78  81  31  55  29   9  56  34  89  83  23  87  91  22  86  79  60  13
   79  27  42  60  65  91  54  11  92  36  72  93  42  99  23  29  46  83
    1  89  64  95  56  88  90  23   3]
 [  0  80  87  80  15  26  27  22   8  48  49  45  50  37  45  87  81  45
   60  61  63  76  64  50   1   1  16 100  46  32  51  93  70   6  63  34
   68  90  22  76  45  68  20  72  50   3   2  70  82  59  88  21  44  47
   38  15  61  41  12  91  71  15  66  19  39  91  30  56  80  95  36  54
   41  42 100  83  26  57   2  20  29]]
 setup_times
 [[[ 0 43 47 53 37 33 58 50 43 47 31 56 50]
  [ 0  0 35 50 40 44 47 56 39 51 50 42 46]
  [ 0 51  0 42 56 54 58 53 45 36 49 55 58]
  [ 0 51 36  0 47 50 33 59 52 52 46 31 52]
  [ 0 54 34 54  0 35 59 36 36 56 54 30 57]
  [ 0 41 39 52 49  0 38 47 55 32 43 46 31]
  [ 0 40 51 34 32 44  0 34 52 46 57 51 54]
  [ 0 50 45 32 32 43 37  0 34 32 37 30 37]
  [ 0 34 35 49 32 35 45 59  0 58 52 49 38]
  [ 0 41 55 35 40 49 45 33 56  0 33 57 47]
  [ 0 55 50 37 34 37 49 55 32 33  0 56 37]
  [ 0 37 32 49 44 56 51 42 59 34 35  0 55]
  [ 0 39 53 54 52 58 56 33 39 31 30 44  0]]

 [[ 0 35 44 52 31 46 34 47 46 42 56 30 37]
  [ 0  0 39 44 52 41 54 37 32 42 49 33 34]
  [ 0 36  0 56 46 40 38 37 55 40 57 44 31]
  [ 0 40 49  0 39 44 59 39 40 44 53 41 38]
  [ 0 35 41 38  0 41 48 41 45 32 41 36 52]
  [ 0 51 57 45 54  0 35 53 39 31 36 32 36]
  [ 0 36 40 56 39 36  0 44 30 37 41 49 54]
  [ 0 43 31 37 54 46 31  0 33 52 52 37 38]
  [ 0 52 34 34 37 36 50 33  0 48 53 45 41]
  [ 0 54 36 49 49 50 35 41 51  0 33 42 45]
  [ 0 31 50 59 57 55 54 34 40 35  0 53 45]
  [ 0 47 42 32 30 57 53 53 49 31 35  0 30]
  [ 0 35 45 52 43 33 41 32 44 33 41 49  0]]

 [[ 0 50 58 43 46 44 40 52 31 48 33 55 52]
  [ 0  0 56 40 31 35 46 31 45 47 46 35 31]
  [ 0 43  0 54 35 44 45 59 40 50 49 38 50]
  [ 0 51 47  0 45 47 53 48 39 31 45 44 47]
  [ 0 32 52 43  0 58 52 51 56 42 41 39 41]
  [ 0 53 57 59 36  0 40 59 34 56 39 45 30]
  [ 0 54 37 47 30 39  0 56 53 45 38 32 42]
  [ 0 45 57 37 47 52 43  0 42 32 46 32 39]
  [ 0 43 38 52 53 40 59 31  0 38 34 57 57]
  [ 0 36 35 34 50 49 30 35 37  0 43 48 33]
  [ 0 30 50 30 56 39 35 48 54 37  0 54 30]
  [ 0 55 37 47 33 57 43 46 30 39 34  0 52]
  [ 0 39 33 40 49 58 40 41 45 45 41 45  0]]

 [[ 0 41 41 58 31 36 33 58 51 45 36 55 55]
  [ 0  0 32 46 50 40 42 44 59 55 53 40 56]
  [ 0 47  0 34 41 50 54 39 51 49 35 58 35]
  [ 0 38 37  0 41 51 46 52 51 52 32 56 42]
  [ 0 32 58 50  0 46 48 54 48 59 49 41 47]
  [ 0 53 32 42 33  0 40 33 43 51 47 42 44]
  [ 0 58 53 37 42 44  0 49 49 51 31 31 58]
  [ 0 50 46 55 32 54 30  0 35 36 30 39 31]
  [ 0 42 44 43 34 56 46 45  0 48 31 39 50]
  [ 0 57 45 54 36 51 49 36 42  0 30 33 40]
  [ 0 46 48 47 55 34 40 36 52 34  0 47 32]
  [ 0 32 52 42 33 31 51 59 42 34 46  0 30]
  [ 0 52 45 53 36 41 39 54 35 50 32 49  0]]

 [[ 0 32 54 51 49 53 34 32 31 54 48 59 58]
  [ 0  0 46 41 33 39 38 49 33 50 41 54 41]
  [ 0 32  0 54 48 42 56 59 47 48 53 39 41]
  [ 0 58 50  0 44 45 59 58 44 40 54 43 34]
  [ 0 30 45 36  0 42 53 40 32 52 46 43 47]
  [ 0 44 50 37 45  0 47 35 46 44 59 39 57]
  [ 0 33 56 46 46 48  0 44 58 31 37 43 31]
  [ 0 40 52 54 48 49 42  0 49 40 52 36 47]
  [ 0 50 43 53 53 35 40 35  0 57 33 57 42]
  [ 0 56 45 34 32 40 43 43 43  0 34 36 40]
  [ 0 56 35 46 45 51 43 59 48 34  0 39 40]
  [ 0 34 44 49 42 53 49 51 50 30 57  0 47]
  [ 0 42 45 40 42 30 46 53 47 37 59 43  0]]]
 delivery_times
 [[  0 191 195 199 179 185 181 184 195 171 173 196 188 172 196 172 173 171
  182 175 181 191 173 179 180 175 198 174 196 182 174 183 178 177 187 196
  180 184 181 186 170 189 195 195 172 195 186 172 198 194 181 176 185 172
  188 172 187 194 175 171 193 173 178 182 180 170 191 171 178 178 198 191
  175 176 193 184 177 195 174 173 189]
 [  0 174 197 180 178 195 188 179 185 183 189 192 199 187 188 176 178 192
  190 172 190 187 171 179 185 197 196 184 187 173 199 193 174 171 193 186
  189 180 185 176 182 172 188 175 199 172 198 196 197 181 190 174 172 176
  197 199 199 193 198 183 185 184 198 173 170 176 188 179 179 199 185 198
  198 176 182 193 174 197 170 173 172]
 [  0 173 198 192 180 195 196 194 195 195 188 182 196 177 197 172 185 186
  192 183 198 180 183 197 199 182 174 181 198 181 196 190 199 191 181 191
  172 193 183 189 177 188 189 191 188 187 179 192 172 193 180 176 193 197
  182 180 181 198 186 177 172 192 195 185 183 176 189 181 171 190 178 199
  198 180 194 171 180 189 190 197 175]
 [  0 179 187 187 191 198 197 197 180 190 199 185 180 199 186 184 188 182
  188 188 186 198 183 187 189 181 190 185 178 178 171 196 174 171 190 173
  183 187 176 174 187 198 193 193 179 191 185 177 176 171 199 188 172 175
  175 195 184 197 193 179 189 181 192 179 173 170 185 175 195 173 195 185
  194 192 186 192 198 173 172 172 188]
 [  0 174 183 179 190 198 178 170 187 170 193 186 187 192 190 188 198 180
  181 190 198 187 183 185 194 187 190 181 198 192 184 194 170 182 185 182
  173 170 189 185 182 196 187 190 184 178 187 191 197 170 183 179 188 194
  181 175 177 170 190 197 172 191 199 173 192 171 184 187 178 182 185 180
  187 198 175 171 178 178 175 181 181]]
 job2fam
 [[1 0 0 0 0 0 0 0 0 0 0 0 0 0 0 0 0 0 0 0 0 0 0 0 0 0 0 0 0 0 0 0 0 0 0 0
  0 0 0 0 0 0 0 0 0 0 0 0 0 0 0 0 0 0 0 0 0 0 0 0 0 0 0 0 0 0 0 0 0 0 0 0
  0 0 0 0 0 0 0 0 0]
 [0 0 0 0 0 0 0 0 0 0 0 0 0 0 0 0 0 0 0 0 0 1 0 0 0 0 0 0 0 0 0 0 0 0 0 1
  0 0 0 0 0 0 1 0 0 0 0 0 0 0 0 0 1 0 0 0 0 0 0 1 0 0 0 1 0 0 0 0 0 0 0 0
  0 0 0 0 0 0 0 1 0]
 [0 0 0 1 0 0 0 0 0 1 1 0 0 0 0 0 0 0 1 1 0 0 0 0 0 0 0 0 0 0 0 0 0 0 0 0
  1 0 0 0 0 0 0 0 0 0 0 0 0 0 0 0 0 0 0 0 0 0 0 0 0 1 0 0 0 0 0 1 1 0 0 1
  0 1 0 1 0 0 0 0 0]
 [0 0 0 0 0 0 0 0 0 0 0 0 0 0 0 0 0 0 0 0 0 0 0 0 0 0 0 0 0 0 0 1 0 0 0 0
  0 0 1 0 0 0 0 0 0 0 0 0 0 0 0 0 0 0 0 0 0 1 0 0 0 0 0 0 0 0 0 0 0 0 0 0
  0 0 0 0 0 0 0 0 0]
 [0 0 0 0 1 0 0 0 0 0 0 1 0 0 1 0 0 0 0 0 0 0 0 0 0 0 0 0 0 0 0 0 0 0 1 0
  0 0 0 0 0 0 0 0 1 0 0 0 0 0 0 0 0 0 0 0 0 0 1 0 0 0 0 0 0 0 0 0 0 0 0 0
  0 0 0 0 1 0 0 0 0]
 [0 0 0 0 0 1 0 0 0 0 0 0 0 0 0 1 0 0 0 0 0 0 0 1 0 0 0 0 0 0 1 0 0 0 0 0
  0 0 0 0 0 0 0 0 0 0 0 0 0 0 0 0 0 0 1 0 0 0 0 0 0 0 0 0 0 0 0 0 0 0 0 0
  0 0 0 0 0 0 1 0 0]
 [0 1 1 0 0 0 0 0 0 0 0 0 0 0 0 0 0 0 0 0 0 0 0 0 0 0 0 0 0 0 0 0 0 0 0 0
  0 0 0 0 0 1 0 0 0 0 0 0 0 0 0 0 0 0 0 0 0 0 0 0 0 0 0 0 0 0 1 0 0 0 0 0
  0 0 0 0 0 0 0 0 1]
 [0 0 0 0 0 0 0 1 0 0 0 0 0 0 0 0 1 0 0 0 0 0 0 0 0 0 0 1 0 0 0 0 0 0 0 0
  0 0 0 0 0 0 0 0 0 0 0 1 0 0 1 0 0 0 0 0 0 0 0 0 0 0 0 0 0 0 0 0 0 0 0 0
  1 0 0 0 0 1 0 0 0]
 [0 0 0 0 0 0 0 0 1 0 0 0 0 0 0 0 0 0 0 0 0 0 0 0 0 0 0 0 1 0 0 0 0 0 0 0
  0 1 0 0 0 0 0 0 0 0 0 0 1 1 0 0 0 0 0 0 0 0 0 0 0 0 0 0 0 1 0 0 0 0 0 0
  0 0 1 0 0 0 0 0 0]
 [0 0 0 0 0 0 0 0 0 0 0 0 1 0 0 0 0 1 0 0 1 0 0 0 0 1 1 0 0 0 0 0 0 0 0 0
  0 0 0 0 0 0 0 0 0 0 0 0 0 0 0 0 0 1 0 0 1 0 0 0 1 0 0 0 1 0 0 0 0 0 0 0
  0 0 0 0 0 0 0 0 0]
 [0 0 0 0 0 0 0 0 0 0 0 0 0 0 0 0 0 0 0 0 0 0 0 0 0 0 0 0 0 1 0 0 0 1 0 0
  0 0 0 0 0 0 0 1 0 1 0 0 0 0 0 1 0 0 0 1 0 0 0 0 0 0 0 0 0 0 0 0 0 0 0 0
  0 0 0 0 0 0 0 0 0]
 [0 0 0 0 0 0 1 0 0 0 0 0 0 1 0 0 0 0 0 0 0 0 0 0 1 0 0 0 0 0 0 0 1 0 0 0
  0 0 0 0 1 0 0 0 0 0 0 0 0 0 0 0 0 0 0 0 0 0 0 0 0 0 0 0 0 0 0 0 0 1 0 0
  0 0 0 0 0 0 0 0 0]
 [0 0 0 0 0 0 0 0 0 0 0 0 0 0 0 0 0 0 0 0 0 0 1 0 0 0 0 0 0 0 0 0 0 0 0 0
  0 0 0 1 0 0 0 0 0 0 1 0 0 0 0 0 0 0 0 0 0 0 0 0 0 0 1 0 0 0 0 0 0 0 1 0
  0 0 0 0 0 0 0 0 0]]
