params：
 weight-->(1, 10)
 proc_times-->(1, 100)
 setup_times-->(15, 30)
 delivery_times-->(170, 200)
 job_rate-->16

start:
alpha_1
16
 alpha_2
0.5
 mach
5
 job
80
 fam
12
 weigh
 [[0 3 7 2 4 7 7 2 5 5 8 6 2 4 2 7 2 4 3 2 2 5 6 4 2 5 9 3 5 4 8 4 5 5 9 2
  4 2 7 8 1 6 4 8 6 1 2 7 7 9 4 1 5 1 4 9 6 1 4 3 6 5 4 9 6 7 5 6 3 2 4 3
  9 3 1 9 7 2 4 5 1]]
 proc_times
 [[  0  86  51  17  37  97  23  91  59  43  97  89  39  56  18  46  23  48
   78  21  76  96  18  58   3  39  40  69  52  28  20  69  87  25   2  34
   25  14  32  72  50  28  80  27  50  66  25   2  88   7  55  90  75   9
    8  47  77  89  56  66  28  82  45  24  55  21  55  56  84  49   9  91
   15  16  81  64  84  28  38  22  92]
 [  0  35  67  93  98  12  55  65  63  95  71  35  75  48  31  64  55  21
    4  69   1  92  24  53  18  69  49  74  48  25  75  29  64  12  55  62
   82  47  50  44  28  66  64  19  18   6  20   7  53  31  87  98  28  24
   69  51  40  61  31  28  86  50  59  15  12  60   2  54  71  37  31  37
   59  80  95  21  49  53  70  87  28]
 [  0  24  56  50  94  14  29  22  77  51  30  49  26  54   7  94  96  39
   13  81  18   3  28  67  87  79  43  91  68  46  66  17  74  92  53  38
   82  76  64  40  11  20   9  84  36  44  72  57  10  71  13   7  46  53
   23  41  90   1  24  26  48  59  75  89   4  17  68  46  89  91  43  93
   96  49  46  58  55  59   8  84  48]
 [  0  23  90  34  29  21   2   7  86  63  30  87  48  52 100  53  24  32
   53  70  15  71  56  38  41  50  12  35  60  61  80  85  40  37  46  23
   47  74  75  17  43  26  39 100  33  78  65  98  70  44  21  16  22  80
   14  81  27  69  72  26  79  47  45  14  99  60  51  76  91  12  29  14
   44  25  80  35  71  50  27  73  20]
 [  0  52  20  14  51  49  64  71  79  29   6  56  96  11  47  45   4  36
   65  37  32  81  38  55  41  88   7  14  51  27  52  72  33   8  86  41
   62  86  80   2  24  43  93   7  66  84   6  23  19  25   4  81  88  93
   96  23  29  10  37  44  52  48  23  24  18  94  59  45  17  17  81  95
   74   1  62  12  53  84  73  25  87]]
 setup_times
 [[[ 0 22 27 21 29 16 19 19 27 27 25 16 21]
  [ 0  0 28 18 23 20 28 23 25 22 16 18 19]
  [ 0 29  0 29 21 22 25 26 27 20 25 23 28]
  [ 0 24 26  0 27 21 24 15 17 20 28 29 27]
  [ 0 16 15 28  0 23 20 29 25 20 25 17 16]
  [ 0 21 24 25 19  0 20 26 25 27 18 15 17]
  [ 0 15 28 20 20 18  0 22 22 28 18 20 28]
  [ 0 19 17 25 20 26 22  0 15 16 23 16 20]
  [ 0 23 19 19 21 19 20 28  0 24 20 29 18]
  [ 0 24 24 17 15 27 21 27 18  0 19 20 28]
  [ 0 26 15 20 28 25 21 28 23 16  0 21 21]
  [ 0 22 16 17 20 18 17 20 15 18 23  0 24]
  [ 0 22 22 17 28 24 18 16 22 20 24 17  0]]

 [[ 0 26 16 15 16 15 24 17 23 24 24 21 28]
  [ 0  0 22 15 22 15 21 16 15 22 24 26 19]
  [ 0 28  0 25 15 27 27 17 26 29 27 24 17]
  [ 0 19 22  0 26 27 27 29 21 24 22 17 16]
  [ 0 29 17 21  0 15 21 24 21 17 18 19 18]
  [ 0 27 16 20 29  0 16 27 18 25 22 27 27]
  [ 0 28 18 24 20 17  0 19 16 23 19 22 22]
  [ 0 19 24 17 24 24 17  0 17 26 16 28 19]
  [ 0 17 22 16 18 17 20 26  0 20 25 21 17]
  [ 0 15 24 19 26 15 24 17 27  0 18 28 16]
  [ 0 24 22 26 19 18 19 26 17 15  0 24 25]
  [ 0 25 22 29 27 26 16 25 28 22 21  0 23]
  [ 0 21 16 26 22 28 16 28 28 27 26 27  0]]

 [[ 0 28 28 24 20 15 17 23 29 16 20 25 18]
  [ 0  0 25 15 18 15 29 23 19 17 17 18 28]
  [ 0 25  0 18 28 20 27 16 28 22 22 16 16]
  [ 0 29 25  0 24 22 29 28 22 18 18 20 27]
  [ 0 15 18 17  0 21 18 17 15 28 18 19 21]
  [ 0 18 23 17 29  0 18 16 16 22 15 27 26]
  [ 0 19 22 22 17 20  0 17 22 25 26 28 24]
  [ 0 29 27 28 28 16 15  0 25 24 27 24 22]
  [ 0 19 22 19 17 23 27 26  0 18 21 18 20]
  [ 0 18 15 18 24 27 19 28 27  0 16 23 24]
  [ 0 23 24 23 23 20 22 18 17 28  0 21 16]
  [ 0 29 23 20 21 16 22 21 16 17 25  0 19]
  [ 0 21 29 25 24 15 28 17 25 15 23 28  0]]

 [[ 0 22 19 25 29 23 26 29 23 26 19 25 16]
  [ 0  0 24 22 27 22 27 16 20 26 18 26 22]
  [ 0 26  0 23 21 20 17 19 29 28 17 16 25]
  [ 0 16 26  0 28 29 26 23 27 23 20 17 20]
  [ 0 22 16 24  0 26 22 18 21 23 16 15 26]
  [ 0 17 24 23 20  0 17 28 19 15 18 27 26]
  [ 0 23 23 27 22 18  0 18 25 18 17 15 16]
  [ 0 23 28 26 26 15 23  0 24 20 18 28 18]
  [ 0 15 20 28 28 21 18 26  0 26 24 17 25]
  [ 0 15 15 16 26 25 17 21 16  0 21 15 16]
  [ 0 15 22 27 25 28 18 19 22 29  0 27 17]
  [ 0 29 17 16 21 29 15 19 28 17 23  0 20]
  [ 0 15 18 18 28 28 25 15 29 24 25 21  0]]

 [[ 0 29 23 28 22 19 25 16 23 18 23 16 27]
  [ 0  0 28 28 21 16 29 21 29 29 20 19 24]
  [ 0 19  0 15 21 29 26 25 29 27 18 28 18]
  [ 0 16 17  0 17 20 21 28 24 24 16 24 26]
  [ 0 25 17 21  0 21 29 28 26 16 15 18 18]
  [ 0 17 21 25 29  0 16 29 25 28 25 18 25]
  [ 0 20 23 22 28 23  0 25 17 27 23 16 29]
  [ 0 24 29 22 23 26 15  0 23 26 27 23 25]
  [ 0 24 22 19 26 16 15 27  0 27 27 21 24]
  [ 0 22 25 23 18 19 23 25 18  0 27 26 26]
  [ 0 21 23 19 15 26 22 17 19 24  0 23 22]
  [ 0 24 22 16 25 21 29 15 18 28 25  0 28]
  [ 0 28 21 23 28 29 26 20 17 25 28 16  0]]]
 delivery_times
 [[  0 182 198 193 186 184 174 183 179 183 196 171 170 186 186 190 185 177
  192 181 199 170 171 182 182 182 185 174 173 194 190 196 195 181 188 174
  194 171 192 188 176 176 191 191 170 177 182 192 182 175 182 173 181 193
  177 188 175 178 171 184 194 195 190 180 193 178 171 176 178 185 188 177
  190 194 172 175 192 185 184 178 198]
 [  0 179 185 178 184 170 185 196 180 193 192 196 176 175 177 178 198 178
  199 187 170 190 199 172 183 174 186 180 180 193 187 187 173 182 185 184
  173 173 177 184 199 199 172 175 198 174 191 185 171 183 184 199 173 174
  176 176 174 196 174 173 189 192 193 172 171 174 171 172 180 181 170 190
  180 189 198 182 194 174 186 176 171]
 [  0 184 173 171 199 191 174 190 182 171 186 197 194 194 178 199 190 176
  176 194 179 196 190 179 195 199 191 193 186 175 186 179 177 180 179 172
  198 173 186 188 188 182 183 190 195 176 199 193 190 192 199 188 178 182
  184 177 194 170 183 184 193 198 199 175 179 178 187 173 192 184 187 186
  195 178 187 175 195 188 171 171 187]
 [  0 171 187 175 172 198 193 197 185 173 183 189 184 193 192 193 183 176
  176 182 184 196 173 180 171 175 186 188 191 186 174 184 197 196 191 195
  182 181 193 195 183 193 187 198 196 199 197 197 190 173 173 186 191 185
  191 195 179 199 190 187 178 182 189 182 194 170 197 197 178 185 193 175
  184 197 198 194 185 173 181 178 171]
 [  0 184 175 177 174 190 196 183 190 193 173 192 196 180 177 197 173 183
  173 174 196 189 186 182 197 176 186 195 188 175 178 181 186 174 181 171
  188 199 185 195 185 195 182 182 191 183 179 171 170 183 182 199 196 173
  194 182 193 177 187 189 192 183 174 177 176 189 185 173 194 183 177 185
  199 170 195 188 183 189 174 183 194]]
 job2fam
 [[1 0 0 0 0 0 0 0 0 0 0 0 0 0 0 0 0 0 0 0 0 0 0 0 0 0 0 0 0 0 0 0 0 0 0 0
  0 0 0 0 0 0 0 0 0 0 0 0 0 0 0 0 0 0 0 0 0 0 0 0 0 0 0 0 0 0 0 0 0 0 0 0
  0 0 0 0 0 0 0 0 0]
 [0 0 0 0 0 0 0 0 0 0 0 0 0 0 0 0 0 0 0 0 0 1 0 0 0 0 0 0 0 0 0 0 0 0 0 1
  0 0 0 0 0 0 1 0 0 0 0 0 0 0 0 0 1 0 0 0 0 0 0 1 0 0 0 1 0 0 0 0 0 0 0 0
  0 0 0 0 0 0 0 1 0]
 [0 0 0 1 0 0 0 0 0 1 1 0 0 0 0 0 0 0 1 1 0 0 0 0 0 0 0 0 0 0 0 0 0 0 0 0
  1 0 0 0 0 0 0 0 0 0 0 0 0 0 0 0 0 0 0 0 0 0 0 0 0 1 0 0 0 0 0 1 1 0 0 1
  0 1 0 1 0 0 0 0 0]
 [0 0 0 0 0 0 0 0 0 0 0 0 0 0 0 0 0 0 0 0 0 0 0 0 0 0 0 0 0 0 0 1 0 0 0 0
  0 0 1 0 0 0 0 0 0 0 0 0 0 0 0 0 0 0 0 0 0 1 0 0 0 0 0 0 0 0 0 0 0 0 0 0
  0 0 0 0 0 0 0 0 0]
 [0 0 0 0 1 0 0 0 0 0 0 1 0 0 1 0 0 0 0 0 0 0 0 0 0 0 0 0 0 0 0 0 0 0 1 0
  0 0 0 0 0 0 0 0 1 0 0 0 0 0 0 0 0 0 0 0 0 0 1 0 0 0 0 0 0 0 0 0 0 0 0 0
  0 0 0 0 1 0 0 0 0]
 [0 0 0 0 0 1 0 0 0 0 0 0 0 0 0 1 0 0 0 0 0 0 0 1 0 0 0 0 0 0 1 0 0 0 0 0
  0 0 0 0 0 0 0 0 0 0 0 0 0 0 0 0 0 0 1 0 0 0 0 0 0 0 0 0 0 0 0 0 0 0 0 0
  0 0 0 0 0 0 1 0 0]
 [0 1 1 0 0 0 0 0 0 0 0 0 0 0 0 0 0 0 0 0 0 0 0 0 0 0 0 0 0 0 0 0 0 0 0 0
  0 0 0 0 0 1 0 0 0 0 0 0 0 0 0 0 0 0 0 0 0 0 0 0 0 0 0 0 0 0 1 0 0 0 0 0
  0 0 0 0 0 0 0 0 1]
 [0 0 0 0 0 0 0 1 0 0 0 0 0 0 0 0 1 0 0 0 0 0 0 0 0 0 0 1 0 0 0 0 0 0 0 0
  0 0 0 0 0 0 0 0 0 0 0 1 0 0 1 0 0 0 0 0 0 0 0 0 0 0 0 0 0 0 0 0 0 0 0 0
  1 0 0 0 0 1 0 0 0]
 [0 0 0 0 0 0 0 0 1 0 0 0 0 0 0 0 0 0 0 0 0 0 0 0 0 0 0 0 1 0 0 0 0 0 0 0
  0 1 0 0 0 0 0 0 0 0 0 0 1 1 0 0 0 0 0 0 0 0 0 0 0 0 0 0 0 1 0 0 0 0 0 0
  0 0 1 0 0 0 0 0 0]
 [0 0 0 0 0 0 0 0 0 0 0 0 1 0 0 0 0 1 0 0 1 0 0 0 0 1 1 0 0 0 0 0 0 0 0 0
  0 0 0 0 0 0 0 0 0 0 0 0 0 0 0 0 0 1 0 0 1 0 0 0 1 0 0 0 1 0 0 0 0 0 0 0
  0 0 0 0 0 0 0 0 0]
 [0 0 0 0 0 0 0 0 0 0 0 0 0 0 0 0 0 0 0 0 0 0 0 0 0 0 0 0 0 1 0 0 0 1 0 0
  0 0 0 0 0 0 0 1 0 1 0 0 0 0 0 1 0 0 0 1 0 0 0 0 0 0 0 0 0 0 0 0 0 0 0 0
  0 0 0 0 0 0 0 0 0]
 [0 0 0 0 0 0 1 0 0 0 0 0 0 1 0 0 0 0 0 0 0 0 0 0 1 0 0 0 0 0 0 0 1 0 0 0
  0 0 0 0 1 0 0 0 0 0 0 0 0 0 0 0 0 0 0 0 0 0 0 0 0 0 0 0 0 0 0 0 0 1 0 0
  0 0 0 0 0 0 0 0 0]
 [0 0 0 0 0 0 0 0 0 0 0 0 0 0 0 0 0 0 0 0 0 0 1 0 0 0 0 0 0 0 0 0 0 0 0 0
  0 0 0 1 0 0 0 0 0 0 1 0 0 0 0 0 0 0 0 0 0 0 0 0 0 0 1 0 0 0 0 0 0 0 1 0
  0 0 0 0 0 0 0 0 0]]
