params：
 weight-->(1, 10)
 proc_times-->(1, 100)
 setup_times-->(30, 60)
 delivery_times-->(100, 200)
 job_rate-->5.0

start:
alpha_1
5.0
 alpha_2
1.0
 mach
2
 job
10
 fam
5
 weigh
 [[0 6 7 6 2 7 7 1 1 1 5]]
 proc_times
 [[ 0 46 74 28 67 63 60 27 95 89 53]
 [ 0 17 85 80 13 94 33 76 59 59 98]]
 setup_times
 [[[ 0 44 35 53 46 50]
  [ 0  0 58 38 42 50]
  [ 0 41  0 59 30 32]
  [ 0 32 46  0 53 52]
  [ 0 40 32 49  0 31]
  [ 0 50 43 33 46  0]]

 [[ 0 32 52 47 36 49]
  [ 0  0 44 51 40 55]
  [ 0 35  0 45 38 37]
  [ 0 33 36  0 41 56]
  [ 0 48 51 56  0 38]
  [ 0 46 46 56 43  0]]]
 delivery_times
 [[  0 130 196 120 130 171 131 161 110 151 123]
 [  0 156 137 144 171 179 102 152 105 100 112]]
 job2fam
 [[1 0 0 0 0 0 0 0 0 0 0]
 [0 0 0 0 0 0 0 1 0 0 0]
 [0 0 0 1 0 0 0 0 0 0 0]
 [0 0 0 0 1 1 0 0 1 0 0]
 [0 1 1 0 0 0 1 0 0 0 0]
 [0 0 0 0 0 0 0 0 0 1 1]]
