params：
 weight-->(1, 10)
 proc_times-->(1, 100)
 setup_times-->(60, 120)
 delivery_times-->(170, 200)
 job_rate-->16

start:
alpha_1
16
 alpha_2
2.0
 mach
5
 job
80
 fam
8
 weigh
 [[0 8 1 4 6 7 1 8 6 6 7 5 3 5 2 7 8 9 7 6 4 7 7 2 6 5 9 5 4 1 9 7 5 9 5 4
  5 4 7 5 9 7 7 5 2 7 3 9 9 6 8 2 6 1 1 4 2 6 7 4 4 2 6 4 2 5 5 5 8 6 9 6
  3 4 9 9 3 4 4 6 4]]
 proc_times
 [[  0  96  17  88  31  53  74  79  52  57  52  35  59  19  51  10  66  28
   88  24  63  81  42  56  53   6  93  29  33  59  15  40  12  47  48  24
   99  86  25  66  33   7  25  41   6  66  12  96  29  27  56  43  61  64
   48  48  88  25  13   3  20  77  18  14  32   8  50  35  64  42  82  55
   71  16  43  88  15  84  35  16  85]
 [  0  39  36  42  19  85   4  99  55  56  52  92  57  40  33  54  69   2
   86  79  40  36  89  97  25   3  92  95  63  68  19  24  65 100  95  95
   73  20  18  47  66  96  12  67  19  63  53  14   8   3  58  74  36  44
   90   5  54  15  82  86  89  99  55  91   6   2  36  70  66  98  34  81
    1  93  44  21  89   9  11  34  89]
 [  0  17  31  54  38  61  53  78  47  91  83  32  68  68  93   2  74  76
   23  41   5  57  61  35   4  59  68  41  91  31  86  88  87   7  83  67
   76  95  80  61  48  26  45  96  88  54  61  17  28   3  64  12  50  47
   45  79  84  38  98   8  90  16  77   7  54  70  78   1  87  69  61   5
   75  86  87  80  39   7  83  68  70]
 [  0  94  98  37  56  12  12  80  36  85   7   7  27  13  62  23  11  42
   47  27   2  80  34  90  98  56  41  78  21  37  67  83  44  73   5  52
   84  43  35  85  84  43  46  85  63  11  67  23  82  61  68  21  93  14
   78  30  17  19  25  49   3  60  14  55  46  75   6   2  39  58  36  34
   81  77  76   2  40  38  69  52  35]
 [  0  85  69  85  42   4  49  37   5  75  63  56  47  60  33  85  56   4
   31   8  50  90  43  97  39  62  56   2  90  34  67  65  39  31  63  99
    4  38  11  96  84  40  47  47  55  27  22   1  92  69  31  94  39  52
   28  90  39   1  99  49  16  25  39  32  25  53  63  47  70  99  46  23
   73  48  41  61  70  76  61  42  20]]
 setup_times
 [[[  0 115  60  99 118 107  86  68  88]
  [  0   0  80  62  87 109 113  96 115]
  [  0 118   0  72  86  69  72  78  97]
  [  0 113  98   0  82 111  83  95  64]
  [  0 103  92  88   0 109  74  80  88]
  [  0 108 109  79  79   0  77  68  84]
  [  0  75 109  92  78  69   0 107  83]
  [  0  85  65 113  97 107  73   0  89]
  [  0  93  66  88  66  69  71  73   0]]

 [[  0  73  75  67  77  87  88 108  94]
  [  0   0  60 111 114  90 100 101 109]
  [  0  63   0  73 110  67 113  73 119]
  [  0  76  84   0  77  77 118 112  87]
  [  0  84  95 109   0  62  62 100  91]
  [  0 107  93  63  94   0 117  74 113]
  [  0  62 101 119  63 112   0  79 118]
  [  0  78  70 106  77  91  84   0  71]
  [  0 106  98  77 108  81 102  95   0]]

 [[  0 101 100  95  87  80  70 104 119]
  [  0   0  84 100  79  88 109  93 109]
  [  0  80   0 111 113  91 100  75 115]
  [  0 108  82   0 118  86  72 118  96]
  [  0  68  99 119   0  65 100  86  78]
  [  0 118  93 118  65   0  72  84  79]
  [  0  84  84  61 117 113   0 105 115]
  [  0  80  96  62  91  86  77   0 106]
  [  0  70  69 114  73  91  66 110   0]]

 [[  0  94  63  84 118  84 115  84 106]
  [  0   0  85  75  73  87  94  72  94]
  [  0 103   0 114  70  81  75 119  73]
  [  0 116  91   0 114 101  69 110  86]
  [  0 108 118  97   0 106  88  76  73]
  [  0  85 102 103  99   0  60  73 113]
  [  0  76 109  70 118  76   0  91 111]
  [  0  95  74 117  87 117  63   0 113]
  [  0  61  88  95  92 106  80 102   0]]

 [[  0  80 116  64 105  74  97 112  90]
  [  0   0  81  60  85  94 107 105 114]
  [  0  79   0 119  96 103  83  80  87]
  [  0 110  77   0  85  78  70  94  84]
  [  0  91  75  95   0  99  99 105 104]
  [  0  75  74 108  81   0  71 106 107]
  [  0  70  78  86 116  66   0  97 109]
  [  0  87  96  84  94  77  84   0  60]
  [  0 111  99  75 118 115  84 100   0]]]
 delivery_times
 [[  0 187 192 176 180 186 193 192 196 180 178 190 184 195 170 173 171 186
  187 193 173 192 188 189 185 174 172 194 199 175 190 175 195 187 181 186
  182 192 192 191 188 196 194 176 195 174 192 174 190 171 197 198 189 173
  199 185 183 199 177 171 182 186 173 178 187 184 190 190 170 179 170 184
  173 181 172 185 183 196 179 193 175]
 [  0 189 188 198 189 176 195 171 185 179 195 189 198 197 173 190 189 178
  187 195 185 194 171 180 177 198 186 196 170 174 176 191 193 194 192 170
  179 170 178 198 196 196 179 199 187 197 176 195 187 190 189 173 177 191
  179 177 194 172 187 197 185 198 176 196 191 196 186 187 190 194 174 195
  176 191 182 192 186 180 181 172 187]
 [  0 191 182 195 190 198 198 185 181 172 182 196 186 192 172 172 195 176
  184 189 188 190 191 182 174 179 186 180 175 192 187 170 182 183 184 182
  193 177 190 199 199 170 180 175 181 176 185 170 176 194 177 196 174 192
  187 174 192 189 191 182 196 184 170 179 188 196 198 176 177 193 197 178
  182 184 173 180 189 195 189 183 198]
 [  0 177 178 194 190 199 191 170 179 177 192 172 196 198 177 174 171 180
  188 193 183 191 176 194 170 177 186 173 196 188 173 171 193 175 198 170
  191 172 172 199 188 186 181 188 180 197 176 170 191 170 170 171 185 186
  177 172 183 175 179 199 198 181 197 198 191 196 184 174 196 192 175 188
  197 183 185 197 197 180 184 189 195]
 [  0 175 185 187 193 186 196 183 188 189 193 176 199 199 196 195 176 182
  179 182 174 195 185 174 183 189 195 180 178 171 175 187 189 183 183 196
  177 197 174 173 173 196 181 181 188 185 172 191 185 190 175 176 191 192
  174 196 183 199 180 197 180 181 195 181 190 190 192 195 173 182 184 172
  198 194 171 174 190 172 172 197 172]]
 job2fam
 [[1 0 0 0 0 0 0 0 0 0 0 0 0 0 0 0 0 0 0 0 0 0 0 0 0 0 0 0 0 0 0 0 0 0 0 0
  0 0 0 0 0 0 0 0 0 0 0 0 0 0 0 0 0 0 0 0 0 0 0 0 0 0 0 0 0 0 0 0 0 0 0 0
  0 0 0 0 0 0 0 0 0]
 [0 0 0 0 0 0 0 0 1 0 0 0 1 0 0 0 0 0 0 0 1 0 0 0 0 0 0 0 1 0 0 0 0 0 0 0
  0 1 0 0 0 0 0 0 0 1 0 0 0 0 0 1 0 0 0 1 0 0 1 0 0 1 0 0 0 0 0 0 0 0 0 0
  0 0 0 0 0 0 0 1 0]
 [0 0 0 0 0 0 0 0 0 0 1 0 0 0 0 0 0 0 1 0 0 0 0 0 0 0 0 0 0 1 0 0 0 0 0 1
  0 0 0 1 1 0 0 1 0 0 0 0 0 0 0 0 0 0 0 0 0 0 0 0 0 0 0 0 1 1 0 0 0 0 0 0
  0 1 0 0 0 0 0 0 0]
 [0 0 0 0 1 0 1 0 0 0 0 0 0 0 0 0 0 1 0 0 0 1 0 0 0 0 0 0 0 0 0 0 0 0 0 0
  0 0 1 0 0 1 0 0 0 0 0 0 0 0 0 0 0 0 0 0 1 0 0 0 0 0 0 0 0 0 0 0 0 1 0 0
  0 0 0 0 0 0 0 0 0]
 [0 0 0 0 0 0 0 1 0 0 0 1 0 1 0 0 0 0 0 0 0 0 0 0 0 0 0 0 0 0 0 0 1 0 0 0
  0 0 0 0 0 0 1 0 1 0 0 0 0 1 0 0 0 0 0 0 0 1 0 0 0 0 0 1 0 0 0 0 0 0 0 0
  0 0 0 0 0 1 0 0 0]
 [0 1 0 1 0 1 0 0 0 0 0 0 0 0 0 0 1 0 0 0 0 0 0 0 0 0 0 0 0 0 1 0 0 0 0 0
  0 0 0 0 0 0 0 0 0 0 0 1 0 0 0 0 1 0 1 0 0 0 0 0 0 0 0 0 0 0 0 1 0 0 0 0
  0 0 0 0 0 0 0 0 1]
 [0 0 0 0 0 0 0 0 0 0 0 0 0 0 0 0 0 0 0 0 0 0 1 0 0 1 1 1 0 0 0 1 0 0 0 0
  0 0 0 0 0 0 0 0 0 0 0 0 0 0 0 0 0 1 0 0 0 0 0 1 1 0 1 0 0 0 1 0 0 0 1 1
  0 0 0 0 0 0 0 0 0]
 [0 0 0 0 0 0 0 0 0 1 0 0 0 0 1 0 0 0 0 1 0 0 0 0 1 0 0 0 0 0 0 0 0 1 0 0
  0 0 0 0 0 0 0 0 0 0 1 0 0 0 1 0 0 0 0 0 0 0 0 0 0 0 0 0 0 0 0 0 1 0 0 0
  1 0 0 1 0 0 0 0 0]
 [0 0 1 0 0 0 0 0 0 0 0 0 0 0 0 1 0 0 0 0 0 0 0 1 0 0 0 0 0 0 0 0 0 0 1 0
  1 0 0 0 0 0 0 0 0 0 0 0 1 0 0 0 0 0 0 0 0 0 0 0 0 0 0 0 0 0 0 0 0 0 0 0
  0 0 1 0 1 0 1 0 0]]
