params：
 weight-->(1, 10)
 proc_times-->(1, 100)
 setup_times-->(30, 60)
 delivery_times-->(100, 200)
 job_rate-->16

start:
alpha_1
16
 alpha_2
1.0
 mach
5
 job
80
 fam
12
 weigh
 [[0 3 2 3 9 6 2 3 8 6 2 5 9 9 1 6 6 4 3 9 4 8 9 6 5 6 9 3 3 9 5 1 8 8 3 2
  7 9 9 2 5 1 8 8 8 2 1 5 8 4 2 2 2 5 7 2 5 8 3 9 5 1 5 3 7 3 7 1 7 1 7 3
  6 2 4 6 3 5 6 5 8]]
 proc_times
 [[  0  18  18  85  27   3  91  53   6  74  85  40  91  95 100  86  42  44
   98  63  89  14  84  67  78  50  13  94  24   5  39  67  43  19  82  22
   52  61  45  94   1  27  32  44  32  65  60  87  26  69  80  35  42  84
   16  39  96  27  63  42   7  98  41  68  74  22  15  17  17  58  75  85
   19  13  68  74  90  83  64  76  99]
 [  0  15  67  72  64  35  97  86  38  76  44  72  37  16  14   7  73  59
   24   3  17  60  21  95  82  96  83  71  73  59  31 100  69  91  83  90
   98  44  60  43  16  58  91  52  35  97  89   7  88  98  78  26  94  13
   55  44  66  71  10  83  28  95  68  46  24 100  20  16  15  27  61  76
   40  47  79  97  96  89  41  25  64]
 [  0  12  76  14  74  11   5  24  47  71  22  68  18  78   1  12  14  86
   91 100   1  94  37  18  46  53  25  85  97  40  82  72   3  18  87  31
   78  45   1  21  26  26  14  42  41  12  55  33  21 100  63  63   7  55
   86  80  20  98  49  37  82  86  28  14  19  93  16  90   9  37  45  12
   40  13  77  97  24  79  73   3  74]
 [  0  79  91  35  33  14  15  55  23  30  96   7  11  63  78  83  58  34
   33  16  91  82   3  79  99  13  22  21  80  56  44  92  43  79  28  70
   16  27  27  45  31  71  14  78  46  64   3  77  91   6   7   6  88   3
   77  73  71  31  82  58  95  92  12  16  23  63  26  17  37  26  81  45
   18  79  84  16  36  76  87  48  76]
 [  0  34   8   8  12  55  71  56  65  55  23  30  16  97  50  42  66  41
   89  35  39  91  30  33  60  95  91  97  13  92  28  74  31  76  20   8
   81  42  58  17  21  37  14  44  48   3  70  69  44  76  67  51  66  66
   65  44  55  22   3  84  28   5  97  24  82  58  63   2  56  36  89  22
   25  24  58  42  21  48  95  90  99]]
 setup_times
 [[[ 0 59 31 45 30 34 38 42 45 41 45 30 47]
  [ 0  0 44 53 39 52 39 53 37 30 36 39 56]
  [ 0 53  0 48 46 54 30 56 51 58 49 59 43]
  [ 0 34 47  0 39 33 32 54 54 46 43 34 35]
  [ 0 45 58 43  0 45 35 58 48 32 38 43 47]
  [ 0 46 40 34 38  0 34 37 43 31 32 41 52]
  [ 0 41 52 41 42 46  0 40 46 48 38 55 58]
  [ 0 53 54 45 32 51 46  0 41 46 54 49 42]
  [ 0 37 52 46 57 38 34 45  0 44 38 56 35]
  [ 0 57 59 57 33 37 32 49 49  0 32 38 46]
  [ 0 40 42 47 31 55 30 47 55 58  0 38 34]
  [ 0 43 41 41 30 43 46 40 57 32 56  0 53]
  [ 0 41 41 46 55 57 30 31 55 59 35 37  0]]

 [[ 0 56 32 32 53 35 39 35 39 33 40 45 57]
  [ 0  0 42 44 57 53 51 32 46 56 55 49 48]
  [ 0 43  0 34 49 40 30 42 38 46 54 53 39]
  [ 0 43 37  0 56 56 37 46 47 30 31 45 57]
  [ 0 55 57 33  0 44 33 42 51 49 42 54 39]
  [ 0 57 57 51 37  0 31 58 51 33 33 35 41]
  [ 0 41 54 49 47 34  0 48 44 33 40 44 46]
  [ 0 48 53 53 39 56 58  0 55 44 57 58 59]
  [ 0 30 54 39 46 36 44 41  0 53 46 48 55]
  [ 0 34 46 45 42 35 34 57 44  0 45 40 55]
  [ 0 56 54 36 31 58 49 38 45 34  0 37 36]
  [ 0 59 35 46 32 35 38 47 34 48 47  0 39]
  [ 0 59 56 55 45 56 55 33 53 59 38 54  0]]

 [[ 0 59 53 34 51 50 46 53 50 36 53 53 52]
  [ 0  0 43 49 50 54 31 30 47 50 55 32 30]
  [ 0 41  0 48 54 41 58 42 55 34 39 55 42]
  [ 0 58 30  0 47 38 33 53 48 32 57 42 37]
  [ 0 58 56 50  0 30 33 52 54 39 54 54 50]
  [ 0 51 49 33 33  0 47 38 51 32 33 40 58]
  [ 0 57 53 49 53 54  0 50 30 53 50 47 50]
  [ 0 43 49 35 54 58 44  0 42 55 42 37 53]
  [ 0 31 48 49 46 32 34 30  0 54 37 57 30]
  [ 0 36 30 36 51 40 37 31 32  0 41 52 42]
  [ 0 36 47 45 46 49 57 30 36 34  0 35 36]
  [ 0 47 59 33 32 36 41 35 33 31 59  0 39]
  [ 0 39 43 47 47 40 54 53 32 59 44 45  0]]

 [[ 0 30 50 39 32 41 37 46 38 42 53 43 40]
  [ 0  0 58 57 52 54 53 54 46 54 32 59 39]
  [ 0 51  0 55 45 38 44 58 54 44 52 55 53]
  [ 0 51 37  0 57 54 31 50 34 45 36 47 40]
  [ 0 40 47 47  0 34 39 53 48 53 44 40 33]
  [ 0 59 38 34 31  0 53 49 40 56 44 32 44]
  [ 0 43 42 55 57 48  0 37 38 56 37 57 39]
  [ 0 54 40 46 50 45 53  0 54 45 52 42 35]
  [ 0 52 56 31 30 46 42 58  0 35 35 44 56]
  [ 0 31 34 58 59 43 52 53 47  0 51 46 31]
  [ 0 35 30 53 46 32 40 45 50 55  0 43 36]
  [ 0 44 59 51 37 54 53 45 34 32 40  0 58]
  [ 0 42 56 42 57 44 53 49 53 34 31 39  0]]

 [[ 0 38 40 43 45 58 51 56 32 56 47 49 49]
  [ 0  0 45 30 47 30 48 33 46 51 32 31 38]
  [ 0 54  0 41 41 57 59 32 59 52 50 57 35]
  [ 0 46 45  0 34 30 46 46 52 31 33 44 31]
  [ 0 39 56 53  0 35 40 30 56 31 39 59 43]
  [ 0 39 42 36 54  0 30 58 55 33 58 43 51]
  [ 0 33 55 31 48 59  0 42 52 48 34 43 30]
  [ 0 35 34 59 49 58 45  0 40 32 41 45 41]
  [ 0 39 48 33 38 59 41 49  0 47 35 31 59]
  [ 0 54 35 32 49 53 58 47 40  0 36 40 30]
  [ 0 36 45 35 33 39 49 35 47 44  0 31 31]
  [ 0 34 56 52 46 48 53 38 56 41 51  0 40]
  [ 0 30 44 52 40 30 35 57 52 51 42 52  0]]]
 delivery_times
 [[  0 196 112 144 115 174 162 116 126 134 148 120 188 163 117 124 103 139
  134 180 183 163 140 129 129 177 110 191 170 111 132 183 169 108 128 158
  127 130 111 142 105 167 100 172 126 181 193 102 195 112 198 187 184 188
  135 146 192 179 175 122 169 139 117 112 147 187 124 152 196 136 181 149
  116 117 191 134 166 114 183 178 154]
 [  0 145 116 177 182 117 193 163 181 196 152 139 132 173 176 131 155 137
  149 186 145 192 131 163 128 114 142 181 186 136 193 189 172 116 173 139
  127 136 135 155 113 148 156 110 123 171 110 145 150 109 150 161 144 126
  100 111 158 182 187 148 142 168 190 132 128 143 176 120 158 167 135 141
  124 143 167 130 109 127 105 147 199]
 [  0 172 169 176 132 165 123 114 139 156 160 139 128 131 116 107 149 157
  145 188 152 170 122 157 198 142 175 173 193 103 125 147 175 169 147 188
  134 123 164 107 143 165 108 158 126 172 179 167 159 135 161 115 181 157
  136 181 193 163 120 188 145 110 175 174 153 173 117 100 199 146 154 137
  134 142 140 174 113 144 196 129 165]
 [  0 142 144 101 183 181 163 186 187 184 123 142 106 122 160 172 159 140
  191 126 177 155 134 179 149 172 181 156 102 188 143 135 152 119 138 196
  117 148 116 113 187 138 140 141 141 183 105 103 184 156 194 120 139 174
  143 195 174 125 103 116 136 104 114 185 164 198 156 112 160 134 117 118
  167 138 127 129 142 109 112 183 133]
 [  0 197 191 102 112 128 113 153 174 181 191 111 122 131 141 197 110 162
  124 185 119 123 129 164 122 161 119 187 111 153 122 143 103 177 152 104
  191 147 181 185 133 160 169 143 185 132 179 129 179 169 141 159 178 136
  117 140 133 136 154 139 175 129 136 191 197 128 121 147 149 188 124 195
  104 129 138 178 191 155 198 145 195]]
 job2fam
 [[1 0 0 0 0 0 0 0 0 0 0 0 0 0 0 0 0 0 0 0 0 0 0 0 0 0 0 0 0 0 0 0 0 0 0 0
  0 0 0 0 0 0 0 0 0 0 0 0 0 0 0 0 0 0 0 0 0 0 0 0 0 0 0 0 0 0 0 0 0 0 0 0
  0 0 0 0 0 0 0 0 0]
 [0 0 0 0 0 0 0 0 0 0 0 0 0 0 0 0 0 0 0 0 0 1 0 0 0 0 0 0 0 0 0 0 0 0 0 1
  0 0 0 0 0 0 1 0 0 0 0 0 0 0 0 0 1 0 0 0 0 0 0 1 0 0 0 1 0 0 0 0 0 0 0 0
  0 0 0 0 0 0 0 1 0]
 [0 0 0 1 0 0 0 0 0 1 1 0 0 0 0 0 0 0 1 1 0 0 0 0 0 0 0 0 0 0 0 0 0 0 0 0
  1 0 0 0 0 0 0 0 0 0 0 0 0 0 0 0 0 0 0 0 0 0 0 0 0 1 0 0 0 0 0 1 1 0 0 1
  0 1 0 1 0 0 0 0 0]
 [0 0 0 0 0 0 0 0 0 0 0 0 0 0 0 0 0 0 0 0 0 0 0 0 0 0 0 0 0 0 0 1 0 0 0 0
  0 0 1 0 0 0 0 0 0 0 0 0 0 0 0 0 0 0 0 0 0 1 0 0 0 0 0 0 0 0 0 0 0 0 0 0
  0 0 0 0 0 0 0 0 0]
 [0 0 0 0 1 0 0 0 0 0 0 1 0 0 1 0 0 0 0 0 0 0 0 0 0 0 0 0 0 0 0 0 0 0 1 0
  0 0 0 0 0 0 0 0 1 0 0 0 0 0 0 0 0 0 0 0 0 0 1 0 0 0 0 0 0 0 0 0 0 0 0 0
  0 0 0 0 1 0 0 0 0]
 [0 0 0 0 0 1 0 0 0 0 0 0 0 0 0 1 0 0 0 0 0 0 0 1 0 0 0 0 0 0 1 0 0 0 0 0
  0 0 0 0 0 0 0 0 0 0 0 0 0 0 0 0 0 0 1 0 0 0 0 0 0 0 0 0 0 0 0 0 0 0 0 0
  0 0 0 0 0 0 1 0 0]
 [0 1 1 0 0 0 0 0 0 0 0 0 0 0 0 0 0 0 0 0 0 0 0 0 0 0 0 0 0 0 0 0 0 0 0 0
  0 0 0 0 0 1 0 0 0 0 0 0 0 0 0 0 0 0 0 0 0 0 0 0 0 0 0 0 0 0 1 0 0 0 0 0
  0 0 0 0 0 0 0 0 1]
 [0 0 0 0 0 0 0 1 0 0 0 0 0 0 0 0 1 0 0 0 0 0 0 0 0 0 0 1 0 0 0 0 0 0 0 0
  0 0 0 0 0 0 0 0 0 0 0 1 0 0 1 0 0 0 0 0 0 0 0 0 0 0 0 0 0 0 0 0 0 0 0 0
  1 0 0 0 0 1 0 0 0]
 [0 0 0 0 0 0 0 0 1 0 0 0 0 0 0 0 0 0 0 0 0 0 0 0 0 0 0 0 1 0 0 0 0 0 0 0
  0 1 0 0 0 0 0 0 0 0 0 0 1 1 0 0 0 0 0 0 0 0 0 0 0 0 0 0 0 1 0 0 0 0 0 0
  0 0 1 0 0 0 0 0 0]
 [0 0 0 0 0 0 0 0 0 0 0 0 1 0 0 0 0 1 0 0 1 0 0 0 0 1 1 0 0 0 0 0 0 0 0 0
  0 0 0 0 0 0 0 0 0 0 0 0 0 0 0 0 0 1 0 0 1 0 0 0 1 0 0 0 1 0 0 0 0 0 0 0
  0 0 0 0 0 0 0 0 0]
 [0 0 0 0 0 0 0 0 0 0 0 0 0 0 0 0 0 0 0 0 0 0 0 0 0 0 0 0 0 1 0 0 0 1 0 0
  0 0 0 0 0 0 0 1 0 1 0 0 0 0 0 1 0 0 0 1 0 0 0 0 0 0 0 0 0 0 0 0 0 0 0 0
  0 0 0 0 0 0 0 0 0]
 [0 0 0 0 0 0 1 0 0 0 0 0 0 1 0 0 0 0 0 0 0 0 0 0 1 0 0 0 0 0 0 0 1 0 0 0
  0 0 0 0 1 0 0 0 0 0 0 0 0 0 0 0 0 0 0 0 0 0 0 0 0 0 0 0 0 0 0 0 0 1 0 0
  0 0 0 0 0 0 0 0 0]
 [0 0 0 0 0 0 0 0 0 0 0 0 0 0 0 0 0 0 0 0 0 0 1 0 0 0 0 0 0 0 0 0 0 0 0 0
  0 0 0 1 0 0 0 0 0 0 1 0 0 0 0 0 0 0 0 0 0 0 0 0 0 0 1 0 0 0 0 0 0 0 1 0
  0 0 0 0 0 0 0 0 0]]
