params：
 weight-->(1, 10)
 proc_times-->(1, 100)
 setup_times-->(15, 30)
 delivery_times-->(100, 200)
 job_rate-->16

start:
alpha_1
16
 alpha_2
0.5
 mach
5
 job
80
 fam
12
 weigh
 [[0 3 5 3 7 2 5 5 4 8 5 8 5 8 1 9 7 3 1 6 9 7 7 3 3 4 4 1 9 2 5 6 7 8 4 2
  3 4 4 6 1 5 6 6 1 9 6 3 9 6 5 8 2 4 9 1 6 1 9 7 7 6 1 9 8 4 1 8 2 7 5 7
  3 1 7 6 2 7 2 4 6]]
 proc_times
 [[  0  34  49  46  31  88  11  92  79  49  79   4  93  56  17  83  16  39
   57  68  57  54  80   4  11  71  91  41  99   1  76  87  82   4  56   5
   16  58  55  68  13  62  99  57  47   6  37  56  11  72  90  98  17  31
   48  51 100  40  54  22  57  76   5  87  16  10  99  77  53  63  25  25
   10  13  52  10  77 100  13  66   8]
 [  0  92  20  57  22  45  51  30  90  41  59  18  51  31  35  61  37   5
   11  83   6  38  79  20  17  31   8  55  40  30  38  76  85  76  31  78
   82  87   9  91  53  12  35   9  57  13  54   7  60  12  69  93  28  99
    7  71  55  15  34  65  28  72  31  55  65  58  36  67  46  42  20  92
   70  79  93  17  34  69   8  56  13]
 [  0  65   6  91  54  95  38  60  43  46  17  64  55   5  11  26   5  66
   61  76  57  34  36  24  96  89  95  65  83  33  54  33  73  20  64  87
   23  72  60  45   9  15   1  68  78  26  87 100  98  34  11   3  21  31
    9 100  88  19  85  90  88  37   2   8  79  97  57  79   8  92  80  95
   77  80  65  47  75  62  78  63  83]
 [  0  42  99  91  25  26  68  24  89 100  86  91  72  91  17  61  15  84
   31  18  38  20  60  14  70  93  68  95  20  77  61  79  93  86  82  49
   18  69  11  99  42  80  51  30   8  16  97  81  99  99  36  38   7  13
   90  29  39  73  16  83  66   3  84  96  39  47  29  25  86  23  75  37
   98  80  63  45  89  63  40  64  63]
 [  0  20  16  70  95  60  98  17  18   1   6  86  76   5  66  44  24  93
   10   6  24  12  85  16  77  19  58  98  90   5  19  32  11  85  87  30
   18  82  59  87  69  44  65  48  80   5  43  37  46  74   6  42  69  20
   82  83  57  52   2  11  72  19  51  71  71  46 100  12  94  19  76  42
   23  39  38  24  99  14   5  24  16]]
 setup_times
 [[[ 0 23 26 16 21 15 28 19 15 21 21 16 25]
  [ 0  0 20 25 18 18 18 16 29 18 25 23 21]
  [ 0 23  0 28 19 16 19 29 15 18 25 19 19]
  [ 0 28 18  0 18 23 22 18 24 25 23 17 29]
  [ 0 17 16 16  0 27 17 17 27 23 15 22 23]
  [ 0 29 22 25 23  0 29 16 25 25 20 26 28]
  [ 0 29 29 25 27 21  0 19 15 15 15 16 22]
  [ 0 22 19 27 26 22 25  0 18 17 19 26 25]
  [ 0 26 20 24 19 16 18 25  0 24 19 20 19]
  [ 0 22 27 21 26 24 19 20 17  0 24 19 18]
  [ 0 19 29 28 18 18 25 28 19 27  0 25 29]
  [ 0 25 19 26 15 15 15 25 23 21 23  0 16]
  [ 0 26 15 29 27 15 23 19 20 18 27 17  0]]

 [[ 0 23 28 25 24 24 15 26 29 26 25 25 17]
  [ 0  0 29 23 25 15 17 16 26 19 26 24 28]
  [ 0 20  0 19 19 25 17 23 21 22 19 21 28]
  [ 0 15 24  0 25 23 29 22 29 16 28 15 25]
  [ 0 22 15 16  0 22 23 19 20 22 26 21 28]
  [ 0 18 23 28 19  0 19 25 21 27 20 24 21]
  [ 0 26 18 24 20 16  0 23 22 15 29 22 27]
  [ 0 29 25 26 17 20 23  0 29 16 29 25 21]
  [ 0 26 24 19 26 16 19 20  0 20 22 22 16]
  [ 0 24 16 22 21 28 20 24 23  0 18 21 26]
  [ 0 17 24 28 21 28 21 20 15 26  0 15 18]
  [ 0 28 22 25 23 29 17 25 18 29 20  0 25]
  [ 0 23 22 25 25 21 22 26 19 27 22 15  0]]

 [[ 0 17 25 29 27 20 25 20 19 19 29 29 24]
  [ 0  0 22 29 24 20 24 24 22 18 20 17 16]
  [ 0 29  0 27 25 27 29 25 27 25 21 16 24]
  [ 0 18 26  0 26 25 21 29 17 18 23 24 15]
  [ 0 22 18 22  0 16 20 16 20 21 27 21 22]
  [ 0 21 18 17 23  0 24 24 28 24 22 27 15]
  [ 0 27 21 27 16 20  0 18 26 18 27 21 29]
  [ 0 16 21 20 18 25 16  0 17 24 29 15 24]
  [ 0 26 22 21 25 24 20 22  0 23 27 22 24]
  [ 0 26 15 22 21 18 26 18 20  0 17 19 17]
  [ 0 25 27 18 23 28 18 29 19 26  0 29 22]
  [ 0 23 21 29 22 19 22 20 21 25 29  0 16]
  [ 0 18 19 17 21 26 22 28 18 20 26 25  0]]

 [[ 0 20 29 18 20 22 17 26 25 23 29 18 25]
  [ 0  0 23 26 20 21 24 21 21 25 19 27 27]
  [ 0 29  0 19 18 25 18 20 17 17 25 19 16]
  [ 0 28 20  0 27 25 23 18 21 27 18 16 26]
  [ 0 21 18 28  0 18 29 17 28 15 22 17 21]
  [ 0 27 23 17 29  0 19 25 25 18 22 28 15]
  [ 0 25 24 29 15 15  0 24 21 17 22 23 21]
  [ 0 26 21 23 20 18 21  0 15 16 20 17 20]
  [ 0 24 17 28 16 22 20 18  0 18 18 19 28]
  [ 0 16 27 27 15 29 16 28 26  0 21 19 24]
  [ 0 25 18 16 19 17 15 18 22 25  0 26 22]
  [ 0 17 17 21 29 17 29 18 28 17 28  0 25]
  [ 0 29 19 19 20 17 23 22 27 18 26 18  0]]

 [[ 0 24 19 27 22 22 15 15 26 21 22 29 19]
  [ 0  0 15 20 15 19 16 18 26 28 27 29 18]
  [ 0 17  0 22 20 15 24 24 18 24 19 24 18]
  [ 0 23 22  0 23 25 29 20 19 27 17 16 26]
  [ 0 24 17 19  0 19 26 20 28 21 29 23 25]
  [ 0 26 21 17 27  0 23 19 23 22 26 23 16]
  [ 0 18 22 25 26 18  0 15 17 18 26 18 26]
  [ 0 24 24 24 29 19 15  0 23 26 18 22 20]
  [ 0 18 27 20 17 22 27 29  0 25 21 26 25]
  [ 0 25 17 23 26 24 17 27 21  0 19 19 19]
  [ 0 17 17 16 24 17 18 18 24 25  0 26 18]
  [ 0 28 15 28 27 27 18 27 15 19 29  0 20]
  [ 0 24 29 26 28 27 25 19 15 23 18 20  0]]]
 delivery_times
 [[  0 138 132 158 143 112 157 132 167 180 134 121 134 157 199 117 101 121
  156 102 171 171 166 173 154 104 136 102 117 176 111 112 132 137 155 175
  147 177 113 146 199 156 129 117 137 134 197 122 147 183 180 184 197 135
  126 134 199 117 184 125 195 190 172 188 122 155 155 134 179 175 105 175
  101 109 160 117 134 184 169 110 177]
 [  0 193 179 164 157 140 180 181 121 167 122 172 144 157 171 178 109 103
  192 171 148 172 195 117 176 191 139 102 190 153 170 167 187 171 141 119
  193 175 162 167 145 199 174 135 151 112 185 174 178 142 181 108 113 102
  149 195 199 196 128 182 109 136 114 134 173 170 178 109 127 128 142 155
  151 196 125 125 177 128 148 102 180]
 [  0 131 151 126 121 124 124 149 109 153 155 122 106 156 122 167 157 199
  120 105 118 154 182 153 130 139 123 108 197 110 185 197 119 157 131 153
  183 130 138 112 181 102 111 180 182 132 182 199 150 138 131 179 132 144
  120 178 116 193 107 171 168 160 174 138 150 123 147 168 182 177 132 145
  140 143 127 116 151 177 127 170 169]
 [  0 175 191 128 197 106 165 118 164 103 134 150 177 115 110 199 104 144
  161 125 168 115 156 153 134 171 177 153 108 157 170 155 117 124 150 183
  177 161 170 138 127 102 111 101 139 144 139 103 198 103 196 144 197 166
  163 113 160 143 189 193 125 173 151 152 151 188 110 165 100 154 185 138
  133 111 142 110 116 191 128 182 116]
 [  0 158 153 165 114 183 171 186 147 175 187 148 140 146 143 142 136 149
  159 182 109 100 109 168 116 152 144 106 134 104 167 134 193 127 144 127
  145 124 101 106 143 132 118 188 170 169 161 132 129 102 125 169 153 187
  194 128 119 131 102 146 191 112 107 164 183 199 105 184 125 101 195 107
  100 183 147 165 172 196 151 131 101]]
 job2fam
 [[1 0 0 0 0 0 0 0 0 0 0 0 0 0 0 0 0 0 0 0 0 0 0 0 0 0 0 0 0 0 0 0 0 0 0 0
  0 0 0 0 0 0 0 0 0 0 0 0 0 0 0 0 0 0 0 0 0 0 0 0 0 0 0 0 0 0 0 0 0 0 0 0
  0 0 0 0 0 0 0 0 0]
 [0 0 0 0 0 0 0 0 0 0 0 0 0 0 0 0 0 0 0 0 0 1 0 0 0 0 0 0 0 0 0 0 0 0 0 1
  0 0 0 0 0 0 1 0 0 0 0 0 0 0 0 0 1 0 0 0 0 0 0 1 0 0 0 1 0 0 0 0 0 0 0 0
  0 0 0 0 0 0 0 1 0]
 [0 0 0 1 0 0 0 0 0 1 1 0 0 0 0 0 0 0 1 1 0 0 0 0 0 0 0 0 0 0 0 0 0 0 0 0
  1 0 0 0 0 0 0 0 0 0 0 0 0 0 0 0 0 0 0 0 0 0 0 0 0 1 0 0 0 0 0 1 1 0 0 1
  0 1 0 1 0 0 0 0 0]
 [0 0 0 0 0 0 0 0 0 0 0 0 0 0 0 0 0 0 0 0 0 0 0 0 0 0 0 0 0 0 0 1 0 0 0 0
  0 0 1 0 0 0 0 0 0 0 0 0 0 0 0 0 0 0 0 0 0 1 0 0 0 0 0 0 0 0 0 0 0 0 0 0
  0 0 0 0 0 0 0 0 0]
 [0 0 0 0 1 0 0 0 0 0 0 1 0 0 1 0 0 0 0 0 0 0 0 0 0 0 0 0 0 0 0 0 0 0 1 0
  0 0 0 0 0 0 0 0 1 0 0 0 0 0 0 0 0 0 0 0 0 0 1 0 0 0 0 0 0 0 0 0 0 0 0 0
  0 0 0 0 1 0 0 0 0]
 [0 0 0 0 0 1 0 0 0 0 0 0 0 0 0 1 0 0 0 0 0 0 0 1 0 0 0 0 0 0 1 0 0 0 0 0
  0 0 0 0 0 0 0 0 0 0 0 0 0 0 0 0 0 0 1 0 0 0 0 0 0 0 0 0 0 0 0 0 0 0 0 0
  0 0 0 0 0 0 1 0 0]
 [0 1 1 0 0 0 0 0 0 0 0 0 0 0 0 0 0 0 0 0 0 0 0 0 0 0 0 0 0 0 0 0 0 0 0 0
  0 0 0 0 0 1 0 0 0 0 0 0 0 0 0 0 0 0 0 0 0 0 0 0 0 0 0 0 0 0 1 0 0 0 0 0
  0 0 0 0 0 0 0 0 1]
 [0 0 0 0 0 0 0 1 0 0 0 0 0 0 0 0 1 0 0 0 0 0 0 0 0 0 0 1 0 0 0 0 0 0 0 0
  0 0 0 0 0 0 0 0 0 0 0 1 0 0 1 0 0 0 0 0 0 0 0 0 0 0 0 0 0 0 0 0 0 0 0 0
  1 0 0 0 0 1 0 0 0]
 [0 0 0 0 0 0 0 0 1 0 0 0 0 0 0 0 0 0 0 0 0 0 0 0 0 0 0 0 1 0 0 0 0 0 0 0
  0 1 0 0 0 0 0 0 0 0 0 0 1 1 0 0 0 0 0 0 0 0 0 0 0 0 0 0 0 1 0 0 0 0 0 0
  0 0 1 0 0 0 0 0 0]
 [0 0 0 0 0 0 0 0 0 0 0 0 1 0 0 0 0 1 0 0 1 0 0 0 0 1 1 0 0 0 0 0 0 0 0 0
  0 0 0 0 0 0 0 0 0 0 0 0 0 0 0 0 0 1 0 0 1 0 0 0 1 0 0 0 1 0 0 0 0 0 0 0
  0 0 0 0 0 0 0 0 0]
 [0 0 0 0 0 0 0 0 0 0 0 0 0 0 0 0 0 0 0 0 0 0 0 0 0 0 0 0 0 1 0 0 0 1 0 0
  0 0 0 0 0 0 0 1 0 1 0 0 0 0 0 1 0 0 0 1 0 0 0 0 0 0 0 0 0 0 0 0 0 0 0 0
  0 0 0 0 0 0 0 0 0]
 [0 0 0 0 0 0 1 0 0 0 0 0 0 1 0 0 0 0 0 0 0 0 0 0 1 0 0 0 0 0 0 0 1 0 0 0
  0 0 0 0 1 0 0 0 0 0 0 0 0 0 0 0 0 0 0 0 0 0 0 0 0 0 0 0 0 0 0 0 0 1 0 0
  0 0 0 0 0 0 0 0 0]
 [0 0 0 0 0 0 0 0 0 0 0 0 0 0 0 0 0 0 0 0 0 0 1 0 0 0 0 0 0 0 0 0 0 0 0 0
  0 0 0 1 0 0 0 0 0 0 1 0 0 0 0 0 0 0 0 0 0 0 0 0 0 0 1 0 0 0 0 0 0 0 1 0
  0 0 0 0 0 0 0 0 0]]
