params：
 weight-->(1, 10)
 proc_times-->(1, 100)
 setup_times-->(30, 60)
 delivery_times-->(170, 200)
 job_rate-->5.0

start:
alpha_1
5.0
 alpha_2
1.0
 mach
2
 job
10
 fam
5
 weigh
 [[0 6 3 5 3 4 7 3 5 2 1]]
 proc_times
 [[ 0 76 27  6 88 33 10 34 42 56  4]
 [ 0 10 52 97 51 28 76 52 66 63 50]]
 setup_times
 [[[ 0 34 33 34 40 39]
  [ 0  0 49 55 48 30]
  [ 0 42  0 34 58 30]
  [ 0 35 47  0 55 51]
  [ 0 49 31 41  0 42]
  [ 0 41 46 32 54  0]]

 [[ 0 45 59 57 36 44]
  [ 0  0 52 43 56 40]
  [ 0 36  0 35 39 57]
  [ 0 46 52  0 46 50]
  [ 0 57 50 52  0 39]
  [ 0 36 30 55 52  0]]]
 delivery_times
 [[  0 188 173 195 187 182 197 184 177 182 188]
 [  0 175 174 179 196 175 198 181 185 179 199]]
 job2fam
 [[1 0 0 0 0 0 0 0 0 0 0]
 [0 0 0 0 0 0 0 1 0 0 0]
 [0 0 0 1 0 0 0 0 0 0 0]
 [0 0 0 0 1 1 0 0 1 0 0]
 [0 1 1 0 0 0 1 0 0 0 0]
 [0 0 0 0 0 0 0 0 0 1 1]]
