params：
 weight-->(1, 10)
 proc_times-->(1, 100)
 setup_times-->(60, 120)
 delivery_times-->(170, 200)
 job_rate-->16

start:
alpha_1
16
 alpha_2
2.0
 mach
5
 job
80
 fam
12
 weigh
 [[0 7 7 3 2 3 9 1 8 9 9 6 2 5 4 1 2 1 2 8 6 3 7 7 3 5 7 7 6 3 7 8 7 6 6 9
  6 6 1 6 5 5 1 2 9 1 6 2 2 9 7 4 3 6 8 6 1 6 5 4 3 2 7 6 3 1 7 7 4 7 5 8
  9 1 7 3 3 9 3 4 3]]
 proc_times
 [[  0  51  64  61  70  61  82  19 100  89  28  16  57  75  65  69   7  89
   40  27  37  49  23  18  97   1  67  97  93  94  97  22  61  46  19  41
   16  11  94  32  16  78  36  45  71  18   2  92  21  60  69  77  65  88
   21  67   8  57  92  98  25  54   5  38  15  34  52  93  88   5  23  47
   86  67  81  14  97  28  12  96  63]
 [  0  92  38  11  69   8  53  44  36  47  87   4 100  30  20  13  16  68
   59  54  73  55  52   4  37  23  68  43  75  13  68  79  34  21  80  29
   99  47  20  92  25  50  35  93  16   3  97  21  53  25  33  71  61   8
   90  48  20  26  77  59  82  17  44  82  42  54  53  84  66   8  53  83
   71  75  87  52  59  43  45  98  36]
 [  0  36   8  83  37  31  67   8  61  46  78  78  73 100   3  60  55  31
   15  21  53  68  53  21  12  11  65  65  10  46  84  54  84  23  41  39
   42  82  27  95  59  55  40  28  96  76  40  74  53  93  32  91  86  29
   40  10   8  28  28  15  38  82  99  56  53  56  31  68  28  89  53  93
   45  33  43  11  11  71  23  26  53]
 [  0   6  12  40  67  59  92  44  70  17  58  99  48  31  60  65  68  51
   32  64  71  51  68  96  43  29  80  35  19  47  38   4  64  99   7  83
    6  37  69   7  57  39  11  83  70  55  50  29  99  19  73  32  38  31
   66  73   8  12  19  98  48  85  24  88  73  71   8  48  53  74  16  23
   34  41  84   4  39  76 100  54  13]
 [  0   5  10  97  80  35  87  35  83  59  56  16  34  77  88  55  58  96
   84  91  53  25  74  36  42  94   2  28  57  74  75  12  50  62  42  81
   21  47  75  68  87  73  31   6  69  16  69  49  72  99  15  14  67  30
   60  10  14  69  69  31  70  75   4  10  10  10   2  55  15  96  16  19
   66  41  13  92  17  91  56  25  86]]
 setup_times
 [[[  0 108 103  97 112 113 103  76  63  67 103 110  65]
  [  0   0 117  62 105 103  92 108  66 105  86  71  67]
  [  0  73   0  96 118 106  81  98  82  62 104  69  66]
  [  0  94  90   0  83  97  74  72  66  64 119 115 101]
  [  0  75 115  97   0  93  84  98 111  64  63  86  70]
  [  0 114  68  96  82   0  79 110  81  83  65  95  99]
  [  0 115 113  94 114  70   0  60 116 109  80  87  62]
  [  0  68  62 106  70  74  77   0 100  81 113  67  91]
  [  0  81  98 111  76  83  96 103   0  90  94  94 117]
  [  0  64  82 104  85  98  67  69  73   0  62  95  70]
  [  0  74  80 100  96  69 115 100 107  95   0 115 109]
  [  0 107  68  76  72  89 108 119 117 110 106   0  85]
  [  0  77  79  81  77  98  60  72  80 116 113 100   0]]

 [[  0 118  90 115  92  70 119 117  76  84  75  69  79]
  [  0   0 114  66 116  69  81 108  76  80  76  66 118]
  [  0 114   0  86  74 119  87 100  99  74 112  62 115]
  [  0 113  77   0  64  68  61 109 102  77  63 104  77]
  [  0  65  70  69   0  96  85  85  86  85  67  96 105]
  [  0  78 114  92 103   0  91  78 107  76  84 116 106]
  [  0  77  73  72  95 118   0  74  70  78  69  98  86]
  [  0  82 104  62 119  72  91   0  92  74  90 108  71]
  [  0 118 110  73  85  79 100  76   0  96  91 111 103]
  [  0 119 116 118 102  69 107  85  70   0  65  88 100]
  [  0  61  64  93 118  94  62 109  84  75   0  89 100]
  [  0 108  64 104  77  60 119  91  88  94  73   0  75]
  [  0  61 117 116  64  75  62  96 114  65  76  98   0]]

 [[  0 112 108  95 114  80  99  83 109 107  75  83  86]
  [  0   0 106  61  97 103  64  99  76  81 102  83  93]
  [  0  90   0  99 111 109  90  85  82 112 114  87 106]
  [  0 101 114   0  61 104 100 101 107  94  87  74 107]
  [  0  90  71 111   0 112  75  86 117  98  68  96  65]
  [  0  89 104 112  86   0  88 115 110 103  61  91 118]
  [  0  67  75 106 100 106   0 113  61  82  81  68 106]
  [  0 106  85 117  82  84 115   0 110 118  78  97  90]
  [  0  93  94  81  74  72  81  88   0  76 115  84  75]
  [  0  91  73  70  64  78  65  62  79   0 110  66  94]
  [  0 108  73  94 116 113  71  68 108 110   0 119 107]
  [  0  78 109  75  91  72  66  92  93  61  80   0  70]
  [  0  80  75  87 106  76  82  84 118  87 119 108   0]]

 [[  0  95  96 109  84  70  71  60  73 110  72 108  88]
  [  0   0  85  76 105  76  76  88  64 108  60  81  73]
  [  0  60   0 111  74  80  75  99 109 113  98  67 102]
  [  0 110  88   0  90 109  67 119  94  64 104 102 117]
  [  0 116 118  66   0 119 113 104  75 118 100  97  81]
  [  0 114 111  97  99   0  90 108  79 117  86  71  67]
  [  0  83 112  98 106  91   0  91  64  99 106 119  91]
  [  0 116  80  91 110 103  76   0 102 100  64  76  77]
  [  0 107 114 115  61  75 113 118   0 115  85  84 101]
  [  0  86  90  78 118  75 100  64  84   0  81 115  71]
  [  0  75  74  79  73 101 113  93  69  75   0 108  69]
  [  0  97 100 108  83 110  76  67  89  91  96   0 106]
  [  0 117 114 119  93  76  67  96  86  77  95  90   0]]

 [[  0 118  80  95  76 104 108  63 115  94  69 112 117]
  [  0   0 110  64 105  61 117  61 109  81 115  79 109]
  [  0  98   0  87 100 113  94  80  95  96  98  81 103]
  [  0  70  80   0  85  78  66  72  75  85  98  61 117]
  [  0  74 111  91   0  65  72  66 117  95 100  89 111]
  [  0  86  63 115  99   0  84  82  66  63 105 100 108]
  [  0  98 114  93 106  93   0  62 114 115  73 114 113]
  [  0 103  84  88  85 113  98   0 119  79  77  79  74]
  [  0 103  96  98 107  77 108  84   0  60  68 103  87]
  [  0 111  89  71  63  95 110 107 119   0  60 118  86]
  [  0 103  73  70 116  64 105 112  96  80   0 111  81]
  [  0  98  64 117  68  80  62 118 118  70  93   0 114]
  [  0 116  81 100 100 119  79 107  79  87  89  66   0]]]
 delivery_times
 [[  0 178 198 178 176 196 180 175 175 186 197 186 187 176 173 192 194 194
  171 180 178 184 187 181 174 196 195 180 183 195 190 173 181 186 181 199
  184 178 188 182 188 170 187 184 184 189 180 191 186 173 181 170 192 192
  192 173 170 199 187 186 188 191 182 194 186 195 197 187 175 181 180 174
  172 199 197 179 186 180 170 178 178]
 [  0 171 180 195 172 183 197 198 179 183 176 179 180 170 171 183 178 184
  176 173 173 181 197 181 175 172 191 183 186 198 191 198 180 193 181 178
  196 186 190 176 194 195 177 186 171 194 173 189 185 192 187 188 188 186
  186 195 176 173 171 188 172 191 196 185 172 180 170 193 190 199 186 171
  181 185 198 187 197 176 175 198 172]
 [  0 171 196 179 199 199 171 174 182 185 186 185 173 190 199 183 183 183
  197 193 173 178 197 170 186 194 181 174 189 198 185 174 177 180 192 196
  191 181 171 174 196 185 184 183 193 198 186 186 194 186 184 199 171 170
  198 190 195 198 195 187 196 195 186 170 170 174 188 195 189 186 188 178
  182 177 197 192 185 174 182 198 177]
 [  0 185 180 182 172 184 176 179 189 190 179 191 172 199 190 173 174 192
  182 195 174 177 182 197 185 186 199 191 189 171 173 172 197 185 179 175
  185 195 173 197 178 192 179 178 176 194 197 171 190 179 194 186 193 187
  172 187 187 187 170 187 176 187 192 189 187 182 197 194 176 170 170 174
  176 190 193 179 173 194 183 172 199]
 [  0 181 195 190 189 197 194 186 182 178 175 182 170 171 180 189 186 198
  183 189 184 179 178 197 198 197 196 175 177 174 188 189 187 175 191 184
  175 181 179 198 185 172 187 184 190 190 178 171 181 188 195 190 195 180
  181 173 192 176 186 173 171 194 178 198 191 170 199 187 198 196 186 182
  180 180 180 193 189 177 178 192 184]]
 job2fam
 [[1 0 0 0 0 0 0 0 0 0 0 0 0 0 0 0 0 0 0 0 0 0 0 0 0 0 0 0 0 0 0 0 0 0 0 0
  0 0 0 0 0 0 0 0 0 0 0 0 0 0 0 0 0 0 0 0 0 0 0 0 0 0 0 0 0 0 0 0 0 0 0 0
  0 0 0 0 0 0 0 0 0]
 [0 0 0 0 0 0 0 0 0 0 0 0 0 0 0 0 0 0 0 0 0 1 0 0 0 0 0 0 0 0 0 0 0 0 0 1
  0 0 0 0 0 0 1 0 0 0 0 0 0 0 0 0 1 0 0 0 0 0 0 1 0 0 0 1 0 0 0 0 0 0 0 0
  0 0 0 0 0 0 0 1 0]
 [0 0 0 1 0 0 0 0 0 1 1 0 0 0 0 0 0 0 1 1 0 0 0 0 0 0 0 0 0 0 0 0 0 0 0 0
  1 0 0 0 0 0 0 0 0 0 0 0 0 0 0 0 0 0 0 0 0 0 0 0 0 1 0 0 0 0 0 1 1 0 0 1
  0 1 0 1 0 0 0 0 0]
 [0 0 0 0 0 0 0 0 0 0 0 0 0 0 0 0 0 0 0 0 0 0 0 0 0 0 0 0 0 0 0 1 0 0 0 0
  0 0 1 0 0 0 0 0 0 0 0 0 0 0 0 0 0 0 0 0 0 1 0 0 0 0 0 0 0 0 0 0 0 0 0 0
  0 0 0 0 0 0 0 0 0]
 [0 0 0 0 1 0 0 0 0 0 0 1 0 0 1 0 0 0 0 0 0 0 0 0 0 0 0 0 0 0 0 0 0 0 1 0
  0 0 0 0 0 0 0 0 1 0 0 0 0 0 0 0 0 0 0 0 0 0 1 0 0 0 0 0 0 0 0 0 0 0 0 0
  0 0 0 0 1 0 0 0 0]
 [0 0 0 0 0 1 0 0 0 0 0 0 0 0 0 1 0 0 0 0 0 0 0 1 0 0 0 0 0 0 1 0 0 0 0 0
  0 0 0 0 0 0 0 0 0 0 0 0 0 0 0 0 0 0 1 0 0 0 0 0 0 0 0 0 0 0 0 0 0 0 0 0
  0 0 0 0 0 0 1 0 0]
 [0 1 1 0 0 0 0 0 0 0 0 0 0 0 0 0 0 0 0 0 0 0 0 0 0 0 0 0 0 0 0 0 0 0 0 0
  0 0 0 0 0 1 0 0 0 0 0 0 0 0 0 0 0 0 0 0 0 0 0 0 0 0 0 0 0 0 1 0 0 0 0 0
  0 0 0 0 0 0 0 0 1]
 [0 0 0 0 0 0 0 1 0 0 0 0 0 0 0 0 1 0 0 0 0 0 0 0 0 0 0 1 0 0 0 0 0 0 0 0
  0 0 0 0 0 0 0 0 0 0 0 1 0 0 1 0 0 0 0 0 0 0 0 0 0 0 0 0 0 0 0 0 0 0 0 0
  1 0 0 0 0 1 0 0 0]
 [0 0 0 0 0 0 0 0 1 0 0 0 0 0 0 0 0 0 0 0 0 0 0 0 0 0 0 0 1 0 0 0 0 0 0 0
  0 1 0 0 0 0 0 0 0 0 0 0 1 1 0 0 0 0 0 0 0 0 0 0 0 0 0 0 0 1 0 0 0 0 0 0
  0 0 1 0 0 0 0 0 0]
 [0 0 0 0 0 0 0 0 0 0 0 0 1 0 0 0 0 1 0 0 1 0 0 0 0 1 1 0 0 0 0 0 0 0 0 0
  0 0 0 0 0 0 0 0 0 0 0 0 0 0 0 0 0 1 0 0 1 0 0 0 1 0 0 0 1 0 0 0 0 0 0 0
  0 0 0 0 0 0 0 0 0]
 [0 0 0 0 0 0 0 0 0 0 0 0 0 0 0 0 0 0 0 0 0 0 0 0 0 0 0 0 0 1 0 0 0 1 0 0
  0 0 0 0 0 0 0 1 0 1 0 0 0 0 0 1 0 0 0 1 0 0 0 0 0 0 0 0 0 0 0 0 0 0 0 0
  0 0 0 0 0 0 0 0 0]
 [0 0 0 0 0 0 1 0 0 0 0 0 0 1 0 0 0 0 0 0 0 0 0 0 1 0 0 0 0 0 0 0 1 0 0 0
  0 0 0 0 1 0 0 0 0 0 0 0 0 0 0 0 0 0 0 0 0 0 0 0 0 0 0 0 0 0 0 0 0 1 0 0
  0 0 0 0 0 0 0 0 0]
 [0 0 0 0 0 0 0 0 0 0 0 0 0 0 0 0 0 0 0 0 0 0 1 0 0 0 0 0 0 0 0 0 0 0 0 0
  0 0 0 1 0 0 0 0 0 0 1 0 0 0 0 0 0 0 0 0 0 0 0 0 0 0 1 0 0 0 0 0 0 0 1 0
  0 0 0 0 0 0 0 0 0]]
