params：
 weight-->(1, 10)
 proc_times-->(1, 100)
 setup_times-->(30, 60)
 delivery_times-->(170, 200)
 job_rate-->16

start:
alpha_1
16
 alpha_2
1.0
 mach
5
 job
80
 fam
12
 weigh
 [[0 3 6 1 1 9 4 2 6 2 4 7 1 5 9 8 9 8 2 1 3 7 5 4 9 6 1 4 7 8 4 3 3 8 4 7
  8 2 2 6 5 9 3 4 2 6 8 8 1 5 9 1 8 6 4 4 3 9 3 4 6 3 2 4 8 8 9 7 2 4 5 6
  6 2 6 7 8 7 2 3 7]]
 proc_times
 [[  0  78  81  76  12  99  79  22  33  53  45  23  39  80  49  26  25  56
    3  33  23  12   4  87  38  63  10  95  90  64  56  66  49  66  63   3
   38   4  45  75  29  92  69  19  81  34  95  11  38  59  51  95  36   3
   30   2  59  86  12  64  17  62  17 100  71  18  63  39  85  78  79  60
   47  49  83  90  70  17  56  63  30]
 [  0  38  42  15   2  60  19  88  98  36  13  75  40  25  93  27  58  97
   84  72  14  48  40  42  19  52  61  21  50  21  96   2  14  99  37  63
   24  16  22  42   1  31  40  92  47  84  29  79  94 100  68  81   5  25
   46  57   9  73  64   8  78  67  22  64   5 100  33  37  96  18  46  50
    6  39  58  68  20  84  61  23  14]
 [  0  49  76  72  73  16  85  68  81  59  90  93  95  94  18  70  38  25
   14  52  94  80  90  19  82  68  74  74  14  39  46   8  36 100  43  35
    7   5  39  35  13  20  45  15  54  29  71  60  95  32   2  60  99  18
   99  50  81  85  29  16  43  30  10  61  74  99  19  30  80  25  38  29
   44  83  98  11  43  97  66  40  12]
 [  0  44  43  90   9 100  16  71  77  56  35  51  47  63  60  12  94  56
   76  31  35  71  58  63  28  10  65  38  28  60  94  20  49  73  42  47
   26  99  49  90  63  83   1   4   3  74  63  36   9  86  41  39  44  99
   55   4   9  85  28  15  74  28  98  31  58  83  40  52  53  34  99  99
   12  58  84  79  66  77  30  44  58]
 [  0 100  89  25  48  84  67  20  75  17  68  19  77  36  78  13  79  57
   76  70  42  83  81  31  62  53  74  29  91  67  36  80 100  49  89  52
   64  16  67  90  52  54  78  70  54  40  77  36  60  18  64  67  89  75
   55  42  49  14  61  58  31   2   8  69  68  88  29  31  49   5  69   1
   79  65  96  78  99  49  73   9  28]]
 setup_times
 [[[ 0 53 40 47 31 37 54 48 48 44 45 30 37]
  [ 0  0 50 39 41 41 54 59 56 38 51 32 48]
  [ 0 59  0 39 30 35 36 54 54 42 51 38 57]
  [ 0 35 32  0 30 57 53 41 53 39 42 47 38]
  [ 0 54 30 41  0 55 42 58 42 50 39 45 42]
  [ 0 34 57 34 37  0 35 43 35 52 56 48 49]
  [ 0 36 33 57 46 45  0 53 58 55 51 46 40]
  [ 0 49 58 31 35 32 56  0 50 34 46 38 49]
  [ 0 45 45 54 51 59 46 33  0 43 42 52 34]
  [ 0 31 47 51 49 52 49 33 54  0 52 46 37]
  [ 0 41 43 51 40 36 41 48 51 46  0 33 38]
  [ 0 45 33 34 48 54 39 46 38 41 37  0 53]
  [ 0 47 56 32 41 52 42 58 38 31 34 39  0]]

 [[ 0 55 55 47 47 46 59 40 32 49 45 54 32]
  [ 0  0 45 53 44 32 39 58 46 39 42 30 36]
  [ 0 52  0 32 53 48 49 34 54 56 50 42 56]
  [ 0 30 59  0 54 45 37 48 45 33 38 55 47]
  [ 0 38 46 35  0 45 55 48 53 53 38 57 37]
  [ 0 53 41 56 35  0 31 43 45 48 43 39 43]
  [ 0 55 49 42 46 46  0 32 34 56 46 40 39]
  [ 0 50 32 44 48 58 50  0 39 40 32 37 45]
  [ 0 48 52 44 44 57 52 42  0 49 43 58 54]
  [ 0 53 54 49 52 30 57 30 51  0 45 46 55]
  [ 0 51 53 54 35 40 43 53 46 47  0 40 41]
  [ 0 41 45 43 59 36 58 48 50 35 55  0 53]
  [ 0 48 41 32 32 47 41 33 49 36 42 40  0]]

 [[ 0 42 55 59 54 57 32 32 46 46 50 53 55]
  [ 0  0 41 46 31 38 46 30 30 42 36 48 41]
  [ 0 50  0 36 32 52 48 45 54 33 44 43 41]
  [ 0 39 56  0 54 35 54 51 51 43 36 31 36]
  [ 0 33 52 43  0 36 37 31 35 57 33 39 58]
  [ 0 37 51 56 41  0 56 50 46 37 47 47 41]
  [ 0 58 42 58 31 52  0 56 58 44 54 31 44]
  [ 0 31 37 49 45 45 36  0 59 44 34 52 36]
  [ 0 55 31 32 57 57 56 45  0 45 43 31 46]
  [ 0 54 34 43 32 55 30 46 36  0 50 51 31]
  [ 0 35 33 31 43 30 36 49 55 33  0 36 48]
  [ 0 51 45 34 32 54 50 36 56 42 59  0 34]
  [ 0 36 58 44 34 53 45 45 52 50 52 51  0]]

 [[ 0 36 35 43 44 33 51 33 45 48 34 49 48]
  [ 0  0 50 34 50 46 36 57 58 41 37 58 41]
  [ 0 31  0 36 55 56 41 30 50 38 34 37 33]
  [ 0 52 58  0 48 38 31 49 31 39 35 35 47]
  [ 0 52 48 30  0 34 43 50 43 50 38 43 37]
  [ 0 41 57 35 41  0 44 58 40 43 59 40 54]
  [ 0 42 53 36 59 53  0 42 57 46 45 30 48]
  [ 0 36 45 38 55 38 51  0 53 35 49 51 42]
  [ 0 30 38 36 59 34 41 32  0 35 52 46 47]
  [ 0 40 36 45 48 49 58 43 53  0 57 45 42]
  [ 0 42 38 40 39 35 54 49 30 45  0 55 41]
  [ 0 48 47 33 30 33 46 56 39 37 37  0 55]
  [ 0 32 30 41 41 45 51 34 47 50 57 34  0]]

 [[ 0 51 31 44 51 33 45 35 40 51 49 39 39]
  [ 0  0 52 31 56 40 49 56 32 58 45 48 41]
  [ 0 35  0 43 35 51 36 52 57 30 43 37 36]
  [ 0 51 47  0 46 38 53 52 36 49 38 32 53]
  [ 0 35 44 53  0 36 53 49 32 45 42 43 39]
  [ 0 45 50 43 34  0 56 56 54 52 46 44 56]
  [ 0 45 37 30 51 35  0 33 49 38 33 51 42]
  [ 0 59 37 56 51 53 46  0 47 53 46 31 39]
  [ 0 35 43 41 49 54 53 39  0 54 57 30 45]
  [ 0 45 54 37 52 56 42 44 38  0 42 57 33]
  [ 0 54 49 34 58 37 33 45 58 44  0 43 39]
  [ 0 47 55 54 53 41 45 32 44 46 48  0 46]
  [ 0 40 32 59 46 53 40 42 58 35 57 37  0]]]
 delivery_times
 [[  0 177 184 176 197 183 189 174 183 196 181 184 188 199 188 184 174 173
  184 197 192 177 196 189 189 183 199 179 190 193 197 171 184 193 181 189
  172 172 179 173 170 191 188 186 198 181 184 188 196 190 176 172 196 193
  190 183 174 170 199 192 182 198 192 181 183 171 193 178 179 195 179 194
  178 194 196 171 196 196 175 197 178]
 [  0 189 195 175 190 184 194 187 170 181 172 190 184 171 193 180 180 189
  175 175 182 186 180 183 184 170 174 170 174 193 174 173 179 188 181 190
  175 171 194 180 183 193 174 182 176 178 186 185 172 179 171 183 190 188
  171 198 184 186 186 173 186 183 187 170 176 176 178 175 197 181 187 197
  190 187 196 182 185 183 178 171 179]
 [  0 193 185 190 174 170 183 198 176 171 194 189 187 175 198 176 177 194
  179 182 193 198 177 187 199 184 187 198 193 183 174 188 176 188 171 192
  180 178 188 176 182 183 180 196 195 199 193 174 187 179 171 191 183 192
  194 173 178 174 193 179 181 189 180 186 176 170 182 197 174 185 191 194
  173 178 185 181 171 176 172 178 191]
 [  0 182 197 174 179 199 197 175 181 192 187 192 189 194 190 192 176 185
  178 188 184 195 185 194 195 185 175 182 188 194 192 189 185 177 197 171
  185 198 197 184 192 180 188 185 170 193 174 198 187 178 175 197 197 198
  172 193 181 193 172 192 171 180 171 198 172 196 187 178 171 180 181 182
  187 181 193 174 170 196 171 176 172]
 [  0 178 175 199 174 173 199 186 172 199 193 194 194 194 193 187 170 175
  174 178 195 176 191 171 182 187 190 183 189 197 186 182 173 177 185 183
  198 181 174 188 193 178 179 179 171 180 183 192 193 192 182 193 182 194
  178 186 182 175 186 191 188 184 185 174 182 177 195 198 187 187 189 183
  182 187 198 185 186 173 180 183 182]]
 job2fam
 [[1 0 0 0 0 0 0 0 0 0 0 0 0 0 0 0 0 0 0 0 0 0 0 0 0 0 0 0 0 0 0 0 0 0 0 0
  0 0 0 0 0 0 0 0 0 0 0 0 0 0 0 0 0 0 0 0 0 0 0 0 0 0 0 0 0 0 0 0 0 0 0 0
  0 0 0 0 0 0 0 0 0]
 [0 0 0 0 0 0 0 0 0 0 0 0 0 0 0 0 0 0 0 0 0 1 0 0 0 0 0 0 0 0 0 0 0 0 0 1
  0 0 0 0 0 0 1 0 0 0 0 0 0 0 0 0 1 0 0 0 0 0 0 1 0 0 0 1 0 0 0 0 0 0 0 0
  0 0 0 0 0 0 0 1 0]
 [0 0 0 1 0 0 0 0 0 1 1 0 0 0 0 0 0 0 1 1 0 0 0 0 0 0 0 0 0 0 0 0 0 0 0 0
  1 0 0 0 0 0 0 0 0 0 0 0 0 0 0 0 0 0 0 0 0 0 0 0 0 1 0 0 0 0 0 1 1 0 0 1
  0 1 0 1 0 0 0 0 0]
 [0 0 0 0 0 0 0 0 0 0 0 0 0 0 0 0 0 0 0 0 0 0 0 0 0 0 0 0 0 0 0 1 0 0 0 0
  0 0 1 0 0 0 0 0 0 0 0 0 0 0 0 0 0 0 0 0 0 1 0 0 0 0 0 0 0 0 0 0 0 0 0 0
  0 0 0 0 0 0 0 0 0]
 [0 0 0 0 1 0 0 0 0 0 0 1 0 0 1 0 0 0 0 0 0 0 0 0 0 0 0 0 0 0 0 0 0 0 1 0
  0 0 0 0 0 0 0 0 1 0 0 0 0 0 0 0 0 0 0 0 0 0 1 0 0 0 0 0 0 0 0 0 0 0 0 0
  0 0 0 0 1 0 0 0 0]
 [0 0 0 0 0 1 0 0 0 0 0 0 0 0 0 1 0 0 0 0 0 0 0 1 0 0 0 0 0 0 1 0 0 0 0 0
  0 0 0 0 0 0 0 0 0 0 0 0 0 0 0 0 0 0 1 0 0 0 0 0 0 0 0 0 0 0 0 0 0 0 0 0
  0 0 0 0 0 0 1 0 0]
 [0 1 1 0 0 0 0 0 0 0 0 0 0 0 0 0 0 0 0 0 0 0 0 0 0 0 0 0 0 0 0 0 0 0 0 0
  0 0 0 0 0 1 0 0 0 0 0 0 0 0 0 0 0 0 0 0 0 0 0 0 0 0 0 0 0 0 1 0 0 0 0 0
  0 0 0 0 0 0 0 0 1]
 [0 0 0 0 0 0 0 1 0 0 0 0 0 0 0 0 1 0 0 0 0 0 0 0 0 0 0 1 0 0 0 0 0 0 0 0
  0 0 0 0 0 0 0 0 0 0 0 1 0 0 1 0 0 0 0 0 0 0 0 0 0 0 0 0 0 0 0 0 0 0 0 0
  1 0 0 0 0 1 0 0 0]
 [0 0 0 0 0 0 0 0 1 0 0 0 0 0 0 0 0 0 0 0 0 0 0 0 0 0 0 0 1 0 0 0 0 0 0 0
  0 1 0 0 0 0 0 0 0 0 0 0 1 1 0 0 0 0 0 0 0 0 0 0 0 0 0 0 0 1 0 0 0 0 0 0
  0 0 1 0 0 0 0 0 0]
 [0 0 0 0 0 0 0 0 0 0 0 0 1 0 0 0 0 1 0 0 1 0 0 0 0 1 1 0 0 0 0 0 0 0 0 0
  0 0 0 0 0 0 0 0 0 0 0 0 0 0 0 0 0 1 0 0 1 0 0 0 1 0 0 0 1 0 0 0 0 0 0 0
  0 0 0 0 0 0 0 0 0]
 [0 0 0 0 0 0 0 0 0 0 0 0 0 0 0 0 0 0 0 0 0 0 0 0 0 0 0 0 0 1 0 0 0 1 0 0
  0 0 0 0 0 0 0 1 0 1 0 0 0 0 0 1 0 0 0 1 0 0 0 0 0 0 0 0 0 0 0 0 0 0 0 0
  0 0 0 0 0 0 0 0 0]
 [0 0 0 0 0 0 1 0 0 0 0 0 0 1 0 0 0 0 0 0 0 0 0 0 1 0 0 0 0 0 0 0 1 0 0 0
  0 0 0 0 1 0 0 0 0 0 0 0 0 0 0 0 0 0 0 0 0 0 0 0 0 0 0 0 0 0 0 0 0 1 0 0
  0 0 0 0 0 0 0 0 0]
 [0 0 0 0 0 0 0 0 0 0 0 0 0 0 0 0 0 0 0 0 0 0 1 0 0 0 0 0 0 0 0 0 0 0 0 0
  0 0 0 1 0 0 0 0 0 0 1 0 0 0 0 0 0 0 0 0 0 0 0 0 0 0 1 0 0 0 0 0 0 0 1 0
  0 0 0 0 0 0 0 0 0]]
