params：
 weight-->(1, 10)
 proc_times-->(1, 100)
 setup_times-->(60, 120)
 delivery_times-->(1, 30)
 job_rate-->5.0

start:
alpha_1
5.0
 alpha_2
2.0
 mach
2
 job
10
 fam
5
 weigh
 [[0 4 1 1 5 4 1 5 5 1 4]]
 proc_times
 [[ 0 71 24 65 42 15 71 71  4 60 63]
 [ 0 64 84 15 88 43 51 13 33  2 76]]
 setup_times
 [[[  0  90  61 109  86  60]
  [  0   0 113 110  95  78]
  [  0  75   0  69 101  72]
  [  0  67  97   0 107  77]
  [  0  94 105  95   0  96]
  [  0 105 118 112 109   0]]

 [[  0  63 105  66  76  62]
  [  0   0 105  65  84  70]
  [  0  79   0  86  92 116]
  [  0  86  73   0  99 116]
  [  0  88  99  92   0  74]
  [  0 113 115  67  72   0]]]
 delivery_times
 [[ 0 22 13  7 26 16 29 17 11  4  2]
 [ 0  6 13 16 11 11 12 24 16 27 28]]
 job2fam
 [[1 0 0 0 0 0 0 0 0 0 0]
 [0 0 0 0 0 0 0 1 0 0 0]
 [0 0 0 1 0 0 0 0 0 0 0]
 [0 0 0 0 1 1 0 0 1 0 0]
 [0 1 1 0 0 0 1 0 0 0 0]
 [0 0 0 0 0 0 0 0 0 1 1]]
