params：
 weight-->(1, 10)
 proc_times-->(1, 100)
 setup_times-->(60, 120)
 delivery_times-->(1, 100)
 job_rate-->16

start:
alpha_1
16
 alpha_2
2.0
 mach
5
 job
80
 fam
12
 weigh
 [[0 3 9 2 5 1 4 1 5 5 3 8 4 5 4 7 5 9 6 2 4 9 7 3 6 6 2 8 6 9 4 2 9 3 2 9
  1 6 4 2 2 6 5 1 4 8 2 4 9 8 6 4 9 6 4 9 6 7 8 4 2 6 5 5 1 2 9 3 7 3 2 3
  3 9 8 2 9 2 2 8 8]]
 proc_times
 [[  0   2  14  52  80  14  97  23  95  11  34  52  73  52  98  62   1  55
   43  74   8  65  86  28  93  30  78  37   4  71   9  84  79  79  80  93
   39  29  38  85  50  32  35  30  15  35  89  83  81  58  79  41  19  21
    3  18   1  74  56  33  35  51  59   2  83  74  28  91  72  68  20  52
   47   5  56   4  11  55   6   8  57]
 [  0  28  67   3  42  25  27  85  37  86  96  38   9  33  71  41  71  66
    6  69  72  58  29  69  15  78  12  41  68  50  50  90  35  28  13  81
   12  40  83   9  64  94  86   8  40  99  17  72  69  82  75  46  64  44
   39  75  79  52  73  68   5  15  21   6  22   1  69  28  99  88  76  97
   15  73  60 100  19  46  34  96   3]
 [  0  87  18  55  25  96  21  45  90  17  11  40  78  83  30  64  76  39
   52  72  70  82  55  27  76  72  20   2   4  25  40  39  73   9  72  43
   46  91  23  40  63  21  98  77  81  61  93  78   1  92  49  64  26  11
   86  14  56  27  83  11  62  70  84  89  72  61   3  66  80  73  65  31
   42  57  84  61  12  31  18  49  31]
 [  0  76   6  29   3  84  92  58  88  93  93  63  35  89  51  26  30  22
   50  11  30  27  29  42  17  93  69  58  56  15   4   4  22  90  27  62
   93  41  88  48  63  95  53  69  42  65  89   7  74  73  20  78  93  27
   50  89  37  64   4  95  51  23  93  26  76  34  42  76  73  63  20  23
   86  81  57  96  15  85  68   5  19]
 [  0  65 100  72  97  46  81   4  57  53  89   1  44  10  74  33  36  51
   16  68  85  95  14  48  89  14  39  24  97  54   4  55  16  93  60  96
   22  90  67   8  86  15  80  46  50  38  49  83  34  13  78  98  96  40
   20  80  12  41  45  52  97  95  32  18  34  70  48  38  52  66  85  40
    3  89  23  43  12  94  77  80  70]]
 setup_times
 [[[  0 101 101  95 101  91  98  72  98 106  66 112  72]
  [  0   0 110  84 104 100 111  74 112 106  89  83  92]
  [  0  94   0  67 100  95  98  74 117  62  93 106 103]
  [  0 111  65   0  89  77 105 109  72  98  94  67  80]
  [  0 117 112 110   0 101  99 112  81 106  73  67  89]
  [  0  62  64 111  68   0  76  84 110  69 119  76  65]
  [  0 115  71 118 102  91   0 107  88 103  67  80 113]
  [  0  82 114  74 101 104  70   0  62  87  60  93 110]
  [  0 101  90  80 115  72  62 105   0  86  75 113 111]
  [  0  83 103  70  86  72  85  72 114   0  90  96  96]
  [  0  92 109  84 107  89 100  92  85  93   0 109  76]
  [  0 109  74 100 106  71  87  91  75 109  91   0  85]
  [  0 116  74  81  75 105  94  78  70 100 117  93   0]]

 [[  0  85  74 108 107  81  63  72 106  62  74  95 119]
  [  0   0 113  95  70  70  62 111  77  97 108  81 106]
  [  0  63   0  71 119 119 117  82  75 109 118 115  67]
  [  0  61  80   0  80 101  78  87 113  79  99  62 100]
  [  0  92  72  73   0 110  87  79 114  98  67  83  63]
  [  0 114  84  93  79   0  93  89 101  92 112  99  64]
  [  0 107  79  61  79  87   0  66  87 115  72  62  72]
  [  0  87 106 112  90  82  82   0  60 119  99  97  84]
  [  0 114 111  67 109 108  67  78   0  79  68  94 117]
  [  0 110 100 116  65 117  61 107  62   0  69  67  95]
  [  0 109  86  78  77  71  70  66 112  89   0  87 118]
  [  0 114  80  96  68  66 107  75  66  72  86   0  64]
  [  0  63  74  72  74 115  85  74 117 105  78  73   0]]

 [[  0  69  85  65  67 115  61  75  90 104  70  78 107]
  [  0   0  89  72  85  63 117  98 115  89  99  98  95]
  [  0  72   0  72  90 101 101  99  88  66  85  64  77]
  [  0  89 109   0 119  97 115 117 113 110 113 118  98]
  [  0  75  77  94   0  98  76 108 113  76  85  88  83]
  [  0  75 108  91 104   0 108 104 104 115  62  92  73]
  [  0 101  85  86  77  80   0  67  94  82  80  77 102]
  [  0 117  73  97 115  87  80   0 107  72  81 109  63]
  [  0  79  91  79  60 102  73 119   0 110  97  60  85]
  [  0  72 102  64  64  72 110 116  62   0  72  65 119]
  [  0 104 118  97 103  93  84 118 118  61   0 112  60]
  [  0  86  68 106 105 111 113 108 111  62  82   0 108]
  [  0  62  80  81  85 101  89 102 103 111  74  96   0]]

 [[  0  92  76 105 112 113  73 109  79  70  60  96 112]
  [  0   0  65 100 102  83  84 115  74 104  68  76 114]
  [  0  76   0  60 115  80  67  81  78  97  85 116  97]
  [  0  69 111   0 101 110 109 109 109 119 108  71  64]
  [  0  84 112 100   0  65  91  89 101 108 107  91  66]
  [  0 115  86 115  60   0  86  72  66  68  71 114  95]
  [  0  69  93  70 108  64   0  93 113  60  73  87 111]
  [  0  65  61  77 108  61 118   0 103 100  74  79  81]
  [  0  83 103 119  99  79  90  89   0  68 118 112  66]
  [  0  77 116  87  61  69  60 118  89   0  83 112 112]
  [  0  87  88  79  93  75 111  84 107  77   0  79 114]
  [  0  74 116  82  93  78 107  78  89  98  68   0 104]
  [  0  98  91  80  90  95  88  87  80 111  67 104   0]]

 [[  0 112  84  67  65  87  98 106 102 117 108  94  80]
  [  0   0  64  89 111 112  74  99 113  62  92 102  69]
  [  0  64   0  87  96  74 100  74 115  66  97  86 113]
  [  0  65  68   0 113  79 116 103 113  83  94 102 114]
  [  0 104  94  65   0  60  68  68 114  99 113  74  60]
  [  0  97 118 103  94   0 114  99  90  62  84  90  94]
  [  0 102  82  67  98  94   0 112  65  90  81  98 116]
  [  0 119  71  98  78  66  68   0  82  81 104 100  76]
  [  0  98  70  67  75  76 112  99   0  64  78  79 112]
  [  0 116 117  95 115 109 115 113 119   0  77 105 119]
  [  0  89  94  74  73 116 104  60  92 118   0  89  67]
  [  0 108  68 112  86  87 110  79 101  93  97   0  68]
  [  0 105  98  62 117  95  84 110 115  81 104  86   0]]]
 delivery_times
 [[ 0 76 15 45 91 72 35 51 25 84  9 62 48 62 97 66 87 71 42 83 18 67 33 37
  88 54 51 99 29 45 90 93 30 74  6 41 84 52 88 14 53 63 69 48  8 84 59 43
  89 67 67 51 76 35 46 67 30 51 44 50 81 49 76 71 50 60  8 19 57 36  3 75
  69 71  1 56 25 84 29 58 65]
 [ 0 84 56 25 93  1 83 85  9 20 29  8 22 77 91 39 39 37 14 99 66 27 66 16
  15 10 89 48 35 14 60 10 55 46  5 72  5 45 63 73 14 49  8 61 43 25 33 31
  33  2 45 74 35  2 22 24  4 28 88 59 25 96 93 94 13 86 99 24  4 76 30 87
  24 87 68 57 36 27 82 45 79]
 [ 0 98 15  4 81 42 81 34 70  9 85 58 40 24 35 78 82 16 51 76 14 60 20 80
  48 66 80 50 12 95 91 98 48 68 20 63 96 32 93 91 28 22 16 90 95  7 87  6
  49 97 85 52 12 31 78 19 46 19 53 27 59 32 28 70 25 10 49 54 45 27 38 34
  72 85 72 85 31 11 15 77  4]
 [ 0 51 85 56 16 87 56 64 12 11 92 40 78 89 28 52  4 14 15 82 32  4 78 24
  97 94 38 21 56 95 42 93 74 25 81 99 55 47 25 61 18 32 86 16 83  5 95 94
   1 77 33 65 47 95 10 12 99 97 66 22  1 28 50 42 99 84  6 13 75 26 17 48
  72 66 94 65 18 40 24 95 52]
 [ 0 92 24 67 35  7 41 47 96 44 48 63 76 93 23 34 16 27 11 58 26 38 12 94
  21 86 35 20 57 74  3  3 58 70 34 92 41 72 83 48 34 56 63 23 90 33 68 43
  32 86 46 20  9 78 64 93 63 94 74 18 22 59 82 52 11 38  6 85 26 45 96 44
  41 98 90 31 30  3 39 34 17]]
 job2fam
 [[1 0 0 0 0 0 0 0 0 0 0 0 0 0 0 0 0 0 0 0 0 0 0 0 0 0 0 0 0 0 0 0 0 0 0 0
  0 0 0 0 0 0 0 0 0 0 0 0 0 0 0 0 0 0 0 0 0 0 0 0 0 0 0 0 0 0 0 0 0 0 0 0
  0 0 0 0 0 0 0 0 0]
 [0 0 0 0 0 0 0 0 0 0 0 0 0 0 0 0 0 0 0 0 0 1 0 0 0 0 0 0 0 0 0 0 0 0 0 1
  0 0 0 0 0 0 1 0 0 0 0 0 0 0 0 0 1 0 0 0 0 0 0 1 0 0 0 1 0 0 0 0 0 0 0 0
  0 0 0 0 0 0 0 1 0]
 [0 0 0 1 0 0 0 0 0 1 1 0 0 0 0 0 0 0 1 1 0 0 0 0 0 0 0 0 0 0 0 0 0 0 0 0
  1 0 0 0 0 0 0 0 0 0 0 0 0 0 0 0 0 0 0 0 0 0 0 0 0 1 0 0 0 0 0 1 1 0 0 1
  0 1 0 1 0 0 0 0 0]
 [0 0 0 0 0 0 0 0 0 0 0 0 0 0 0 0 0 0 0 0 0 0 0 0 0 0 0 0 0 0 0 1 0 0 0 0
  0 0 1 0 0 0 0 0 0 0 0 0 0 0 0 0 0 0 0 0 0 1 0 0 0 0 0 0 0 0 0 0 0 0 0 0
  0 0 0 0 0 0 0 0 0]
 [0 0 0 0 1 0 0 0 0 0 0 1 0 0 1 0 0 0 0 0 0 0 0 0 0 0 0 0 0 0 0 0 0 0 1 0
  0 0 0 0 0 0 0 0 1 0 0 0 0 0 0 0 0 0 0 0 0 0 1 0 0 0 0 0 0 0 0 0 0 0 0 0
  0 0 0 0 1 0 0 0 0]
 [0 0 0 0 0 1 0 0 0 0 0 0 0 0 0 1 0 0 0 0 0 0 0 1 0 0 0 0 0 0 1 0 0 0 0 0
  0 0 0 0 0 0 0 0 0 0 0 0 0 0 0 0 0 0 1 0 0 0 0 0 0 0 0 0 0 0 0 0 0 0 0 0
  0 0 0 0 0 0 1 0 0]
 [0 1 1 0 0 0 0 0 0 0 0 0 0 0 0 0 0 0 0 0 0 0 0 0 0 0 0 0 0 0 0 0 0 0 0 0
  0 0 0 0 0 1 0 0 0 0 0 0 0 0 0 0 0 0 0 0 0 0 0 0 0 0 0 0 0 0 1 0 0 0 0 0
  0 0 0 0 0 0 0 0 1]
 [0 0 0 0 0 0 0 1 0 0 0 0 0 0 0 0 1 0 0 0 0 0 0 0 0 0 0 1 0 0 0 0 0 0 0 0
  0 0 0 0 0 0 0 0 0 0 0 1 0 0 1 0 0 0 0 0 0 0 0 0 0 0 0 0 0 0 0 0 0 0 0 0
  1 0 0 0 0 1 0 0 0]
 [0 0 0 0 0 0 0 0 1 0 0 0 0 0 0 0 0 0 0 0 0 0 0 0 0 0 0 0 1 0 0 0 0 0 0 0
  0 1 0 0 0 0 0 0 0 0 0 0 1 1 0 0 0 0 0 0 0 0 0 0 0 0 0 0 0 1 0 0 0 0 0 0
  0 0 1 0 0 0 0 0 0]
 [0 0 0 0 0 0 0 0 0 0 0 0 1 0 0 0 0 1 0 0 1 0 0 0 0 1 1 0 0 0 0 0 0 0 0 0
  0 0 0 0 0 0 0 0 0 0 0 0 0 0 0 0 0 1 0 0 1 0 0 0 1 0 0 0 1 0 0 0 0 0 0 0
  0 0 0 0 0 0 0 0 0]
 [0 0 0 0 0 0 0 0 0 0 0 0 0 0 0 0 0 0 0 0 0 0 0 0 0 0 0 0 0 1 0 0 0 1 0 0
  0 0 0 0 0 0 0 1 0 1 0 0 0 0 0 1 0 0 0 1 0 0 0 0 0 0 0 0 0 0 0 0 0 0 0 0
  0 0 0 0 0 0 0 0 0]
 [0 0 0 0 0 0 1 0 0 0 0 0 0 1 0 0 0 0 0 0 0 0 0 0 1 0 0 0 0 0 0 0 1 0 0 0
  0 0 0 0 1 0 0 0 0 0 0 0 0 0 0 0 0 0 0 0 0 0 0 0 0 0 0 0 0 0 0 0 0 1 0 0
  0 0 0 0 0 0 0 0 0]
 [0 0 0 0 0 0 0 0 0 0 0 0 0 0 0 0 0 0 0 0 0 0 1 0 0 0 0 0 0 0 0 0 0 0 0 0
  0 0 0 1 0 0 0 0 0 0 1 0 0 0 0 0 0 0 0 0 0 0 0 0 0 0 1 0 0 0 0 0 0 0 1 0
  0 0 0 0 0 0 0 0 0]]
