params：
 weight-->(1, 10)
 proc_times-->(1, 100)
 setup_times-->(60, 120)
 delivery_times-->(170, 200)
 job_rate-->8

start:
alpha_1
8
 alpha_2
2.0
 mach
10
 job
80
 fam
5
 weigh
 [[0 5 1 7 1 1 6 7 5 8 9 5 9 6 5 3 9 8 5 2 9 8 4 6 9 1 6 5 4 7 6 1 8 1 1 4
  7 6 4 1 6 9 7 9 3 9 2 2 5 3 4 4 4 5 6 5 2 7 4 7 6 9 2 1 6 4 5 4 9 6 2 9
  3 5 8 2 4 1 4 2 6]]
 proc_times
 [[  0  22  77  82  29   2   7  50  79  91  38  19  16  75  12  79  43  76
   29  39  37   2  75  87  41  42   4   7  22  60  15  66  27  83  95  15
   39  46  79  14  73  78  52  26  97  52  80  45  40  32  26  87  69  50
   43  54  21  95  22  65  58  38  44  51  94  48   4  28  58  22  75  69
   10  33  43  55  37  31   9  21  27]
 [  0  56  54  38  40   4  99  32  46  18  19  52  33  86  31   3  94  73
   27  18   4  42  63  41  93  94  35   5  46  75  57  24  42  65  23  97
   92  48  34  33  85   4  24  75  88  32  56  46  58  61  72  32  32   8
   57  53   5  20  42  41  17  80  77  59  23  26  81   9  58   1  28  44
   31  20  42  48  10  70  48  91  97]
 [  0  30  90  54  82  26  79  16  60  60  32  61  97  94  99   4  46  98
    3  99  57  32  43   8  62  12  27  60  35  25  37  26  27  50  18  82
   69  46   2  64  92   4   7  80  57  30  32  30  33  89   9  34  41  10
   67  27  26  97  50  30  57  89  63  20  36  52  47  90   1  62 100  11
   23  75   4  82  66  76  34  45  89]
 [  0  17  59  94  31  92  71  69  12  19  37  47  37  77  11   7  74  19
   17  28  66  70   9  73   8  64  55  41  46  37   7  75  32  33  95  93
   24  99  75   2  36  87  63  74  77  65  91  43   8  82  30  81  85  69
   70  68  32  42  95  49  11  64  81  61   3  16  62  96  85  40  81   1
   93  85  38  93  90  39  76  90  83]
 [  0  18  26  39  44  67  56  68  83  64  62  11  80  72  47  57   9  18
   79  87  35  63  45  12  48  58  80  58  43  45  75   9  57  49  94  76
   95  54  49  33  11  62  68  83  55  80  87  39  64  19  46  61  41  47
   18  77  44  68  65  99   7  82  38  11  95  18  39  20  89  34  64   7
   88  17  14  50  25  44  69  91  81]
 [  0  30  16  61   7  64  34  64  92  74  10  92  49  34  17  13   4   4
   15  16  99  61  43  28  66  25   5   3  46  53  50  65  68  55  57  15
   77  43  85  52   2   3  26  72  98  53  25  51   5  42  32   3  56  64
   22  89  84  61  91   6  46  99  38 100  37  42  68  39  69  47  56  24
   68  82  53   2  65  13  49  67   1]
 [  0  92  21  16  86  21  68  25  30  30  12  34  22  21   7  14  80  32
   44  34  41  61  87  29  66 100  18  83  17  94  10  37  85   6  50  65
   69  89  28  37  25  23  98  77  12  41  86   4  79 100  94 100  11  86
   62  10  82  92  91  60  35  85  64  68  75  50   9  80  36  62  66  98
   93  23  48   5  17  10  41  25  51]
 [  0  91  73  98  56 100  15  90  97  70  32   7   3  32  62  50  83  33
   15  12   5  76   2  96  42  65  71  26  49  12  73  34   9  67  87  30
   17  12  44  25  50  73  17  50  81  19  40  81  50  21  68   4  26  35
   10  81  74  50  11  18  27  14  85  77  69   9  44  80  62  18  21  63
   48   7  41  22 100  87  69  84  61]
 [  0  79  78  34  60  83  62  68  34  27  50  45  88  85  26  86  35  35
   25  86  34  48  15  54  66  48  20  63  89  73  21  61  34  14  33  31
   47  27  83  62  34  36  27  55   8  79  29  87  65  99  25  88  83  60
   65  74  91  26   3  67  87   1  76  82  24  31   5  39  51  46  93  33
   95  66  10  25  88  92  62  62  60]
 [  0  35  80  66  80  23  51  26  63  22   5  18  26  22  60  92  30  28
   87  19  13  59  62  75  25  93  46  67  44  52  91  48  11  13   1  53
   46  94  34  17  59  50  94  85  94  15  44  45  30  91  65  98  84  94
   52  37  10   5  72  42  69  44  67   2  70  76  26  12  39  14  80  83
   56  75  70 100  40  64   6  72  73]]
 setup_times
 [[[  0  66  96  61  60  67]
  [  0   0  92  92  80 108]
  [  0  93   0 115 104  73]
  [  0 103 118   0  62  93]
  [  0 100  64  99   0  99]
  [  0  76  96 119 103   0]]

 [[  0  62  84 112  66  95]
  [  0   0  77  92  94  80]
  [  0  90   0  92 108 112]
  [  0  99  76   0  97 104]
  [  0 100  66 112   0  64]
  [  0  61  73  91  96   0]]

 [[  0  83 118  92  80 115]
  [  0   0 118 109 109  90]
  [  0  93   0 111  60  80]
  [  0  76 118   0  91  60]
  [  0  63  93  72   0  62]
  [  0  90 106  75  86   0]]

 [[  0  71  71  69  83  90]
  [  0   0  88 118 113  61]
  [  0  89   0  63  80 107]
  [  0  86 117   0  61 103]
  [  0  73  87  62   0 117]
  [  0 100 103  96  69   0]]

 [[  0  86 113 101 116  74]
  [  0   0  75  93  71 104]
  [  0 119   0  94  96 107]
  [  0  90  66   0  74 106]
  [  0  80  75  72   0  69]
  [  0  77  90  72 102   0]]

 [[  0 107  64  78  89  71]
  [  0   0  93  70 102 105]
  [  0 102   0  91 104  74]
  [  0 105  78   0 117  87]
  [  0 108  78  95   0  66]
  [  0  71  60  75  62   0]]

 [[  0 108  91  75 107 106]
  [  0   0  87 104  77  92]
  [  0 115   0  94  66  74]
  [  0 107 114   0  94  96]
  [  0  85  99  93   0 107]
  [  0  76  67 115  77   0]]

 [[  0  69 102  93  89 105]
  [  0   0  93  75  64 101]
  [  0 111   0 108 114  79]
  [  0 109  82   0  82  78]
  [  0 100  89  96   0  69]
  [  0  72  79  95 111   0]]

 [[  0  81  95  99  72  73]
  [  0   0  60  84 103  88]
  [  0  77   0  76  76  90]
  [  0  72  82   0  74  84]
  [  0  62  96 105   0 116]
  [  0 107 116 115  95   0]]

 [[  0  79  75  65  93  66]
  [  0   0 116  77  95 108]
  [  0 113   0  70  87  81]
  [  0  92  98   0 108  84]
  [  0  83 119 110   0 112]
  [  0  65 106 106  81   0]]]
 delivery_times
 [[  0 198 175 173 177 182 173 191 173 195 190 190 191 194 172 199 184 189
  195 189 178 172 195 195 172 197 187 184 198 179 191 170 177 199 188 173
  190 193 172 188 173 198 196 193 183 183 189 193 177 186 177 196 180 173
  182 188 189 170 195 188 179 192 194 189 192 190 189 194 181 171 187 184
  193 171 180 192 186 185 191 197 174]
 [  0 185 194 194 198 191 174 190 182 185 176 181 175 174 194 185 172 174
  176 198 182 179 185 192 177 189 179 186 185 182 199 198 182 188 196 173
  189 195 195 190 174 171 180 190 199 170 182 174 199 193 188 174 182 189
  198 174 195 177 192 175 174 173 186 179 172 185 183 199 179 193 185 177
  186 194 170 181 189 190 178 176 193]
 [  0 188 198 183 193 187 183 172 172 185 187 190 193 188 183 176 196 194
  183 196 179 180 170 196 177 174 196 188 183 199 198 193 176 194 181 170
  189 175 194 194 184 173 189 199 172 180 183 194 173 178 187 174 185 173
  173 184 175 196 197 171 171 190 172 187 192 181 175 172 190 195 181 178
  190 179 182 198 176 197 188 196 195]
 [  0 191 185 188 189 182 190 179 179 179 175 193 197 199 189 175 182 172
  178 186 194 190 199 192 184 176 195 193 177 181 181 174 180 175 170 186
  187 182 179 197 198 186 197 181 197 189 176 176 184 188 183 176 180 171
  184 188 173 185 183 194 196 172 192 170 178 195 187 174 176 177 190 177
  177 199 181 194 191 191 176 174 175]
 [  0 183 174 182 194 191 180 172 173 192 173 198 189 190 193 186 185 174
  172 189 183 183 191 173 177 193 174 194 196 174 199 193 199 173 196 179
  171 176 179 183 173 192 184 182 174 192 171 179 188 184 191 174 170 185
  184 173 183 170 184 196 195 195 195 188 179 197 176 194 193 189 196 179
  171 183 177 186 193 175 185 182 180]
 [  0 191 194 191 189 178 171 184 175 187 190 184 197 173 189 195 179 190
  174 184 181 193 189 177 175 196 190 197 197 194 178 179 179 198 188 170
  192 174 170 170 184 170 178 198 171 185 187 186 190 188 181 199 197 193
  179 178 184 193 183 188 192 189 186 180 171 195 177 198 194 173 187 181
  178 178 188 177 182 172 189 191 182]
 [  0 197 171 181 198 176 181 179 194 178 174 191 177 188 185 175 194 174
  183 194 180 193 177 171 192 197 192 190 197 192 197 180 190 188 190 176
  196 186 185 198 190 188 178 182 197 179 170 191 192 170 190 173 185 188
  187 197 191 187 186 191 174 197 195 176 173 195 191 197 189 197 170 184
  198 179 189 174 179 187 190 196 178]
 [  0 189 183 197 173 194 193 198 187 188 180 173 185 188 172 182 199 178
  185 195 194 191 191 194 186 180 196 185 199 192 175 192 183 173 180 188
  177 188 190 182 172 178 181 195 183 186 195 183 177 180 196 198 188 186
  194 194 185 176 193 193 199 190 199 181 193 173 186 194 179 191 185 196
  196 191 193 175 172 177 177 174 186]
 [  0 191 194 197 179 188 193 172 190 175 183 186 186 170 185 188 175 182
  172 177 189 170 184 171 189 178 189 192 191 195 193 170 183 173 193 170
  181 194 197 193 196 182 186 186 192 174 173 190 184 174 171 184 178 186
  175 183 187 199 193 191 181 173 183 190 187 179 172 174 193 178 182 182
  192 170 193 188 174 192 191 177 179]
 [  0 197 172 183 196 199 199 184 182 172 198 192 174 182 191 173 176 189
  170 177 186 190 173 197 173 184 190 198 198 188 171 196 184 172 179 195
  192 192 186 183 180 179 195 191 186 174 194 189 193 185 170 177 180 183
  184 171 170 195 195 170 174 181 195 199 183 180 189 174 196 190 176 185
  190 173 186 186 182 175 192 198 179]]
 job2fam
 [[1 0 0 0 0 0 0 0 0 0 0 0 0 0 0 0 0 0 0 0 0 0 0 0 0 0 0 0 0 0 0 0 0 0 0 0
  0 0 0 0 0 0 0 0 0 0 0 0 0 0 0 0 0 0 0 0 0 0 0 0 0 0 0 0 0 0 0 0 0 0 0 0
  0 0 0 0 0 0 0 0 0]
 [0 0 0 0 0 0 0 0 0 0 0 0 1 0 0 0 0 0 0 1 0 0 0 1 0 1 0 1 1 0 0 0 0 0 0 0
  0 0 0 1 0 0 0 0 0 1 0 0 0 0 1 1 1 1 0 0 0 0 0 0 0 0 0 0 0 0 1 1 1 0 0 1
  0 1 0 1 0 0 0 1 0]
 [0 0 0 0 1 0 1 0 0 0 1 1 0 0 1 0 0 1 0 0 0 1 0 0 0 0 0 0 0 0 0 0 0 0 0 0
  0 0 0 0 0 1 0 0 0 0 0 0 0 0 0 0 0 0 0 0 0 0 0 1 0 1 0 0 1 1 0 0 0 0 0 0
  1 0 1 0 1 0 0 0 0]
 [0 1 0 0 0 1 0 1 1 0 0 0 0 0 0 1 0 0 0 0 0 0 1 0 0 0 0 0 0 0 0 0 0 0 0 1
  0 0 1 0 0 0 1 1 0 0 0 1 0 1 0 0 0 0 0 0 0 0 0 0 0 0 0 0 0 0 0 0 0 0 0 0
  0 0 0 0 0 1 0 0 1]
 [0 0 0 0 0 0 0 0 0 0 0 0 0 0 0 0 0 0 0 0 1 0 0 0 0 0 0 0 0 0 1 1 1 0 0 0
  0 0 0 0 1 0 0 0 1 0 1 0 0 0 0 0 0 0 0 1 0 1 1 0 1 0 1 1 0 0 0 0 0 1 1 0
  0 0 0 0 0 0 1 0 0]
 [0 0 1 1 0 0 0 0 0 1 0 0 0 1 0 0 1 0 1 0 0 0 0 0 1 0 1 0 0 1 0 0 0 1 1 0
  1 1 0 0 0 0 0 0 0 0 0 0 1 0 0 0 0 0 1 0 1 0 0 0 0 0 0 0 0 0 0 0 0 0 0 0
  0 0 0 0 0 0 0 0 0]]
