params：
 weight-->(1, 10)
 proc_times-->(1, 100)
 setup_times-->(30, 60)
 delivery_times-->(1, 100)
 job_rate-->8

start:
alpha_1
8
 alpha_2
1.0
 mach
10
 job
80
 fam
5
 weigh
 [[0 5 6 2 5 4 7 9 7 8 6 4 6 2 1 3 7 6 5 9 7 6 2 3 7 8 4 6 9 9 6 1 4 6 5 8
  2 7 8 5 1 7 7 3 7 9 8 8 2 2 6 8 1 4 6 5 6 9 5 6 1 5 9 3 2 9 8 3 8 4 2 3
  6 3 5 4 1 5 4 8 3]]
 proc_times
 [[  0   5  28  30  34  77 100  58  44   8  33  50   2  67  83  85  81   1
   76   8  75  41  16  48  53  69  31  12  79  72  78  43  25   1  50  69
   35  52  66  84   9 100  37  37  63   9  34  32   7  65  52  36  32  80
   55  89  67  21  93  56  98   6  21  79  25  84  30  35  28   6  71  95
   98  98  50  51  44  63  95  78  42]
 [  0  17  80  76  99  29  86  81  27  53  62  84  26  71  81  23  35  77
   30  63  85  28  32  52  15  30  58  89  26  78  55  12  13  35  28  54
   78  99  67  22 100  12  52  74   6   9  66  22  97  93  95  77   7  41
   26  19  73  31  58  33  46  74  41  32  12  27  75  64  23  44  51  40
   85  37   4  66  87  43  10   7  72]
 [  0  43   3  51  65  70  21  87  54  30  68  37  10  65  19  15  75  57
   18  33  17  12 100  77  42  48  56   2  87  53  61  46  46  93  31  27
   57  64  79  51  47  89  56  85  32  46  28  26  91  55  45  68  29  21
    4  46  44  28  84  57  78  26  78  40  33  24  98  15  90  23  93   9
   42  28  40  51  76   9   2  97  43]
 [  0  89  57  43  16  87  12  89  95  57   1  98   2  68  29  30   3  42
   44   7  52   3  81  27  69  49  21  80  14  88   2  38  63  71  95   4
   10  47  49  91  39  65  45  80   4  13  64  23  97  79  64  76  52  67
   91  77  71  57  72  58  76  64  20  92  51  22  48  37  10  13  69  59
   78  67  28  26  43   3  77  45  48]
 [  0  73  76  64  28  74  26  46  79  68  38  67  90  18  93  16  39  53
    4  44  85  70  57  14  67  71  81   4  56  49  47  20  42  62  58  39
   57  87  22  61  17  66  40  68  83  15  42 100  79  94  52  65  49  37
   45  15  16  37  54  80  79  26  59  38  82  29  18  70  20  17  85  19
   62  46  43   4  10  93  77  77  33]
 [  0  48  39  20  92  70  42  17  92  10  93  99  41  66  35  20  11  55
    5  98  81   7  86  86  59  66  72  25  30  72  13  54  45  26  24  12
   29  57  49  28  86  34  89  82  16  67  69  59  91  21  81  68  85  91
    8  45  22  31  56  79  19  49  49  73  51  46  89   5  51  51  62  83
   59  82  42  79  68  60  14  82  63]
 [  0  17  85  67  98  80  58  42  88  24  14   9  97  64   6  20  33  48
   23  52  51  97  69  33  82  73  14  56  10  72  24  42  57  77   1  79
   45  50  27  93  92   2  31  83  59  81  54  14   9  91  54  18   8   5
   91  26  63  80  31  93  48  30  59  83  75   9  29  53   3  80  77  44
   74  67  47  75  69  34  24  72  75]
 [  0  51  42  96  35   8  49   2  19  46  26  86  89  24  80  45  65  95
   15  42   3  34  29   2  10  73  80   8  58  24  41  70  13  23  62  55
   85  98  17  28  13  47  52  50  84  77  10  43  28  84  98  39  22  66
   11  62  33  15  20  80  80  35  18  46  85  47  58  26  45  72  10   8
   49  91  93  90  39  26  14  20  56]
 [  0  30  71  77  51   8  82  76  13  61  86  53  89  31  33  82  24  37
   38  52  77  31  14  26  27  55  41  86  23  68   2   9  74  93  27  95
   14  70  79  48  38  16  92  73  20  19  33  55  25  60  70  90   7  13
   13  86  33  48  85  34  81  74  12  57  19  90  49  17  76  99  54   4
   33  49  50  23  38  52  49  44  91]
 [  0  41  17  49  68  41  66  86  97 100  96  90  84  66  75  22  51  53
   71   5  35  88   4 100  69  48  27  66   3  78  13  97   9  62  87  38
   45  18  33  10  95  32  27  40  52  54  42  14  68  86 100  87  51  71
   16   6  43  30  98  87   3  12  98  43  84  11  65  72  93  26  83  30
   89  69  43  53  75  24  56   1  12]]
 setup_times
 [[[ 0 42 40 41 35 58]
  [ 0  0 43 52 44 48]
  [ 0 44  0 48 54 41]
  [ 0 50 55  0 39 55]
  [ 0 32 53 59  0 33]
  [ 0 58 52 44 43  0]]

 [[ 0 30 52 43 54 52]
  [ 0  0 49 49 59 53]
  [ 0 51  0 35 36 40]
  [ 0 43 33  0 41 58]
  [ 0 48 41 58  0 49]
  [ 0 30 50 44 37  0]]

 [[ 0 34 53 40 34 50]
  [ 0  0 35 42 41 55]
  [ 0 48  0 38 31 52]
  [ 0 52 46  0 38 42]
  [ 0 33 33 45  0 56]
  [ 0 52 37 45 49  0]]

 [[ 0 49 31 59 31 52]
  [ 0  0 31 37 57 38]
  [ 0 54  0 46 44 36]
  [ 0 48 36  0 57 41]
  [ 0 48 56 44  0 37]
  [ 0 58 33 38 51  0]]

 [[ 0 41 30 50 51 30]
  [ 0  0 49 31 34 52]
  [ 0 54  0 56 50 44]
  [ 0 34 47  0 53 34]
  [ 0 33 57 48  0 41]
  [ 0 39 55 48 31  0]]

 [[ 0 38 43 52 36 52]
  [ 0  0 54 54 38 49]
  [ 0 40  0 37 35 30]
  [ 0 52 30  0 52 41]
  [ 0 31 46 55  0 54]
  [ 0 39 34 41 45  0]]

 [[ 0 56 55 55 35 52]
  [ 0  0 49 37 44 54]
  [ 0 42  0 35 52 49]
  [ 0 32 49  0 47 31]
  [ 0 45 40 33  0 40]
  [ 0 47 53 34 40  0]]

 [[ 0 31 48 59 40 45]
  [ 0  0 33 50 30 35]
  [ 0 52  0 53 58 56]
  [ 0 58 56  0 48 59]
  [ 0 35 32 49  0 33]
  [ 0 33 55 30 39  0]]

 [[ 0 31 39 34 38 57]
  [ 0  0 54 42 53 54]
  [ 0 44  0 56 59 33]
  [ 0 50 32  0 39 35]
  [ 0 38 51 49  0 43]
  [ 0 52 57 49 53  0]]

 [[ 0 44 36 43 37 45]
  [ 0  0 49 30 58 33]
  [ 0 40  0 57 57 39]
  [ 0 58 51  0 52 43]
  [ 0 50 45 51  0 58]
  [ 0 30 41 42 42  0]]]
 delivery_times
 [[ 0 73 31 88 13 74  3 90  8 54 42  3 58 24 15 40 60 75 98 25 16  7 45  7
  58  6 33 59 63 13 34 59 71  6 44 57 52 50  8 48 14 11 28 49 56 98 61 68
  91 51 79 61 51 20 82 67 72 99 72 99 77 84 13 47 92 47 47 25 25  5 33 52
  14 11 54 80 66 16 52 50 84]
 [ 0 41 72 53 31 86  6 26 87  7 10 76 79 21 15 63 40  6 59 98 59 49 28 35
  21 81 98 47 11 81 16 36 57 62 56 30 87 59 88 60 58 25 98 51 39 91 50 88
  54 25 68 56  4 68 67 81 27 23  5 98 44 64 49 18 46 39 86 18 12 27  6 77
   1 48 10 65 94 56 68 23 23]
 [ 0 80 81 70 28 24 74 19  4 27 18 40 34 71 76 20 96 75 21 15 39 56 27 92
   9  9 14 71 13 23 67 47 46 38 41 57 66 27 18 97 89 87 12  9 31 16 73 37
  60 58  5 95 93 89 94 16 89 18 46 40 98 81 40 33  3 47 28 96 41 95  6 16
  49 73 88 77 34 47 56 76 54]
 [ 0  6 99 86 78 37 38 72 44 91  8 83 61 44 52 57 59 87 73 51 89 59 52 34
  62 55 36 64 36 42 49 29 84 13 26 27 97 58 57 24 90 65 46 73 66  2 87 55
  79 46  2 82 60 47 95 55 31 44 77 27 48 33 35 57 58 38 40 12 40  2 59  1
  94 67 98 18 67 49 98 55 84]
 [ 0 65 90 34 46 21 22  2 55 31 47 58 91  4 15 49 22 10 31 17 35 74  6 23
  39 20 59 99  3 69 92 66 20 55 95  5 96 61 35 11 38 54 36 98  6  7 96 12
  70  2 92 34 91  7 79 97 89 62 53  7 49 42 79 86  5 75 59 21 82 59 85 42
  57 26 74 70 16 66 68 14 29]
 [ 0  6  3  1 42 37 46  1 91 36 84 24 46 41 15 52 87 69 26 17 48 30 23 99
  22 44  3 16 31 33 42 59 73 50 74 40 23 33 17 57 90 86  2 52 96 48 32 88
  92 32 41 36 87 16 44 52 92 89 69 91 31 90 11 33 24 71  9 18 48 90 44  8
  40 30 92 92  8  1 92 52 74]
 [ 0 57 86 14 28 97 79 90 48  7 50 45 39 63 27  1 86 58 26  8 92 91  9 77
  11 89 73 72 21 71 37 14 19 12 22 30 33  3 13 70 61 77  3 22  3 62 80  9
  89 19 16 49  3 78 17 19 25 72 40 84 44 53 36 47 62 44 42 27 40 95 83 30
  85 58 75 91 11 22 18 34 33]
 [ 0 41 28 34  4 23 66 70 86 49 38 64 80 13 48 62 47 88 47 55 92 69 46 89
  31 71  1 33 85 43 60 58 73 86 69 19 55 80 16 24 98 42 17 26 29 11 44 47
  72 74 83 28 87 62 97  9 84 67 36 97 11 81 22 83 10 53 61 51 90 16 24 54
  67 76 12 53 98 77 88 11 80]
 [ 0 64 13 36 37 84 81  1 25  2 97 55  4 36  8 76 59 80 91 52 16 65 21 50
  83 67  9 45 67 36 55 42  8 53 63 74 95 55 72 22 99 31 42 22 14 62 48  5
  65 54 96 50 81 55 43 18 59 57 31  3 74 88 49 11 38 13 79 62 27 82 33 65
  58 23 61 49 98 45 42  5 11]
 [ 0 13 48 97 25 47 87 64 78 25 59 79 32 70 89 69 81 81 12 73 11 18 88 75
  62 62 99 50 86 34 70 82 58 91 73 31 78 46 28 70 40 96 56 62 96 74 93 15
  22 16 77 76 80 31  1  4 29 14 13 46 41 97  1 69 41 22 67 80 15 58 89  4
  52 46 81 43 62 70 12 75 69]]
 job2fam
 [[1 0 0 0 0 0 0 0 0 0 0 0 0 0 0 0 0 0 0 0 0 0 0 0 0 0 0 0 0 0 0 0 0 0 0 0
  0 0 0 0 0 0 0 0 0 0 0 0 0 0 0 0 0 0 0 0 0 0 0 0 0 0 0 0 0 0 0 0 0 0 0 0
  0 0 0 0 0 0 0 0 0]
 [0 0 0 0 0 0 0 0 0 0 0 0 1 0 0 0 0 0 0 1 0 0 0 1 0 1 0 1 1 0 0 0 0 0 0 0
  0 0 0 1 0 0 0 0 0 1 0 0 0 0 1 1 1 1 0 0 0 0 0 0 0 0 0 0 0 0 1 1 1 0 0 1
  0 1 0 1 0 0 0 1 0]
 [0 0 0 0 1 0 1 0 0 0 1 1 0 0 1 0 0 1 0 0 0 1 0 0 0 0 0 0 0 0 0 0 0 0 0 0
  0 0 0 0 0 1 0 0 0 0 0 0 0 0 0 0 0 0 0 0 0 0 0 1 0 1 0 0 1 1 0 0 0 0 0 0
  1 0 1 0 1 0 0 0 0]
 [0 1 0 0 0 1 0 1 1 0 0 0 0 0 0 1 0 0 0 0 0 0 1 0 0 0 0 0 0 0 0 0 0 0 0 1
  0 0 1 0 0 0 1 1 0 0 0 1 0 1 0 0 0 0 0 0 0 0 0 0 0 0 0 0 0 0 0 0 0 0 0 0
  0 0 0 0 0 1 0 0 1]
 [0 0 0 0 0 0 0 0 0 0 0 0 0 0 0 0 0 0 0 0 1 0 0 0 0 0 0 0 0 0 1 1 1 0 0 0
  0 0 0 0 1 0 0 0 1 0 1 0 0 0 0 0 0 0 0 1 0 1 1 0 1 0 1 1 0 0 0 0 0 1 1 0
  0 0 0 0 0 0 1 0 0]
 [0 0 1 1 0 0 0 0 0 1 0 0 0 1 0 0 1 0 1 0 0 0 0 0 1 0 1 0 0 1 0 0 0 1 1 0
  1 1 0 0 0 0 0 0 0 0 0 0 1 0 0 0 0 0 1 0 1 0 0 0 0 0 0 0 0 0 0 0 0 0 0 0
  0 0 0 0 0 0 0 0 0]]
