params：
 weight-->(1, 10)
 proc_times-->(1, 100)
 setup_times-->(60, 120)
 delivery_times-->(170, 200)
 job_rate-->8

start:
alpha_1
8
 alpha_2
2.0
 mach
10
 job
80
 fam
5
 weigh
 [[0 1 3 7 2 8 2 1 6 7 3 9 7 9 7 3 6 6 3 8 9 2 1 2 2 6 7 3 9 3 7 1 9 5 7 6
  6 3 4 4 4 1 8 7 6 3 8 6 6 2 8 2 9 6 8 6 1 8 4 4 4 5 5 8 3 2 5 8 4 8 3 4
  5 8 4 9 7 8 7 3 3]]
 proc_times
 [[  0   8  11  65   6  70  68  66  55  75  69  66  70  16  33  54  72  44
   10  54  32  12  11  30  65  72  95  15  32  51  89  11  45  38  10  53
   31  15 100  64  48  10   7  51  52  13  70  29  94  87  92  16  25  86
   83  91  89  17  11  46  50   7  64  28  76   6  24  17  83  78  53  19
    9  31  58  78  33  15  48  19  47]
 [  0  91  32  13  28  96  13  89  55  82  61  32  65  73  91  80  88  51
   79  93  64  45  78  52  19  37  57  92  85  22  66  17  77  73   7  89
   68  31  23  19  52  57  84  11  42  27  32  77  31  75   6  37  95  82
   88  39  89  27  45  85  83  18   8  15  26  61  26  53  12   8  81  48
   26  46  38   4  24  55  24  65  88]
 [  0  22  69  94  13  62   8  64  26  41  61  74  33  63  79  69  40  34
   98  59  34   2  80  94  60  13 100   8  88  82  88  46  38  94  59  86
   31  34  58  18  16  57  46  35  56  77  88  53  82   9   6  35  72  57
   44  67  56  76  54  95  54  12  88  16  29  63  12   2  91  10  42  13
   14  35  23   7  45  93  66  95  39]
 [  0  71  98  79  11  86  70  21  84  42  66   3   9  95  25  61  44  10
   84  26  40  86  13  53  43  87  98  95  36  65  10  40  17  27  78  69
    6  29  75  73  22  98  74  13  76  62  59  86  56  83  79  51  64  43
   54   2  10  42  35  53  43  24  48  58  89  77  23  35  26  27  69  22
   95  45  51  33  70  52  48  16  83]
 [  0  38  65  49  53  61   2  59  15  26  55  98  49  71  55  65   9  47
   75  58  97  55  87  20  27  41  28  14  19  77  13   8  55  49  16  12
   38  13  41  83  99  93  41  16  79  91  62  83  62  98  52  29  23  45
   49  69  55  47  93  77  44  98  38  63  92  39  84  29  32  25  23  91
   53  25  52  37  79  43  43  16  96]
 [  0  44  86  82  73  72  20  11  70  21   9   7  45  87   6   7  13   7
   13  39  51  17  22  53  52  43  60  27  16  37  37  78  62  19   2  34
   52  85  18  50  51  86   8  63  33  80  22  26  81  90  65  82  16   3
   93  81  11  64  53  30  61  32  50  77  49  86  17  64  58   7   2  21
   76  82  80  16  95  23  25  89  25]
 [  0  61  50  36   9  90  88  96  61  48  66   2  64  89  12  61  59  38
   89  66  49   5  22  46  54   9  66  94  38  52  92  45  78  86  95  34
    1  34 100  28  88  79  67  48  61   3  69  97  45  25   4  51  83  22
   82  18  44  58  58  59  25  94  18  70  34  38  67  19  95  50  20  34
   85  43  45   2  65  85  86  52  95]
 [  0  22  31  25  28  50   2  74  19  87  89  65   2  52  77  26  98   9
   21  79   3   9  31  12  78  94  14  50  92   8  93  39  29  34  64  79
   60  50  86  90  11  35  20  15  91   2  49  29  24  69  29  68  72  22
   72   5  52  68  42  75  65  48  75   7  78  92  64  55  13  31  64  81
   92  32 100  64 100  84  21  67  49]
 [  0  11  76  34   2   3  65  42  17   1   9  77  27  99  46  36  10  29
   78  85  26  91  17  74  84  99  63  46   8  69  30  46  23  31  69  59
    3  20  71  62  12  33  34  26  57  64  11  24  17  44  59  97  26  22
   93  86   8  79  28  97  47  15  91  57  37  91  41   1  88   3   9  27
   28  12  43  34  99  26  56  61   9]
 [  0  99  32  17  81  15  91  79  68  49  90  64  48  84  45  90  51  40
   99  36  48  44  52  61  60   4  15  97  60   8  11  52  34   9   7  11
   70  60  27  13  89  70  91  42  11  32  35  50  76  31  59  48  45  34
   34  91  22  26   4  97  56  70  83  37  31  11  54  41  96  42  54  66
   43  44  79  14  47  47   2  71  47]]
 setup_times
 [[[  0  84  92 119  91  93]
  [  0   0  64  83  60 108]
  [  0 102   0  66  83  94]
  [  0 119  61   0 105 116]
  [  0 119 114  97   0  75]
  [  0 110 112  90 109   0]]

 [[  0  62 117  76  72  69]
  [  0   0  87  83  93 102]
  [  0 116   0  91  97 116]
  [  0 115 107   0 115 107]
  [  0 110  85 107   0  87]
  [  0  80 112 109 101   0]]

 [[  0 100  82  62  75  67]
  [  0   0 114  79 117  81]
  [  0  62   0 105 102  89]
  [  0  79 103   0  87  65]
  [  0 119  94  86   0  78]
  [  0 117  88 103 109   0]]

 [[  0 104  84  80  90 104]
  [  0   0 102  63  85 115]
  [  0  71   0  77  70  89]
  [  0  79  91   0  71  81]
  [  0 113 118  84   0  61]
  [  0  91 103  83  72   0]]

 [[  0  60 106 101  92 106]
  [  0   0 106  73 114  99]
  [  0  99   0  61  73 109]
  [  0 116 116   0  85 108]
  [  0  99  98 100   0 117]
  [  0  88 111  77 108   0]]

 [[  0  90 106 103  72  61]
  [  0   0  88  83 100  70]
  [  0  64   0  63 113 115]
  [  0 117 104   0  83  66]
  [  0 101 109  85   0  69]
  [  0 103 113  65  62   0]]

 [[  0  75 102 107 117  87]
  [  0   0  79 118 108  66]
  [  0 117   0  71  82 101]
  [  0  82  97   0 102  89]
  [  0 118  84 103   0 103]
  [  0  69  60  95  61   0]]

 [[  0  89 101  87  74  93]
  [  0   0  74  81 114 118]
  [  0  79   0  78 102  80]
  [  0  96  90   0  78  89]
  [  0 113  88  69   0  71]
  [  0  97  65  77  95   0]]

 [[  0 111  99 104 101  86]
  [  0   0  81  87 115  62]
  [  0  61   0 117  77 115]
  [  0  90  73   0  68  99]
  [  0  64 102 103   0  88]
  [  0 116 102  87  97   0]]

 [[  0  63 110 106 113  60]
  [  0   0  65  84  69  99]
  [  0  99   0  81  88 119]
  [  0  82  99   0  81 100]
  [  0 119 112  98   0  85]
  [  0 114  60 116 105   0]]]
 delivery_times
 [[  0 178 186 184 190 189 187 182 177 182 192 187 190 194 184 193 197 192
  170 199 171 179 182 187 196 190 177 181 170 171 199 198 179 185 172 197
  186 195 174 197 179 171 179 172 196 171 175 196 179 185 189 181 198 197
  187 179 180 180 173 178 199 174 180 183 180 183 176 182 182 189 177 173
  180 180 178 184 199 189 191 192 172]
 [  0 173 185 179 187 190 172 188 194 171 196 190 198 186 190 186 184 189
  183 174 176 187 178 184 194 195 183 177 190 184 194 185 170 197 193 171
  176 184 195 189 171 193 178 188 184 191 188 194 174 198 180 195 183 176
  192 179 173 179 177 183 194 178 175 172 176 193 173 194 184 187 180 187
  193 172 190 177 193 190 184 198 192]
 [  0 177 170 173 193 186 181 194 185 187 170 170 171 198 186 185 176 175
  171 182 188 188 176 191 175 174 171 185 195 184 186 177 172 195 178 177
  171 192 175 170 173 181 177 193 185 174 183 171 191 197 178 195 195 190
  197 183 178 191 173 195 181 199 170 182 187 174 170 185 190 197 180 178
  172 196 189 195 179 187 173 188 195]
 [  0 189 172 186 193 197 189 174 199 181 189 194 181 191 183 187 179 179
  178 188 172 178 181 180 188 179 173 178 191 173 199 190 173 184 179 184
  189 181 194 197 199 171 179 180 195 196 177 189 173 184 185 172 197 184
  183 171 178 197 191 170 195 198 196 192 191 187 184 187 179 180 192 191
  175 188 171 193 181 183 178 172 195]
 [  0 199 189 183 178 180 194 189 174 183 185 172 192 171 192 190 192 178
  172 182 180 199 190 196 194 179 180 172 179 198 188 192 199 173 191 195
  175 186 180 196 170 183 187 171 195 175 172 198 194 174 170 195 183 196
  191 178 192 177 182 189 192 184 198 186 197 174 197 172 187 186 184 186
  197 182 197 192 179 175 186 186 195]
 [  0 173 199 194 178 191 176 184 182 185 171 181 194 171 181 176 193 197
  175 181 171 175 195 187 172 178 198 174 176 173 179 175 198 195 198 172
  179 174 193 178 195 188 170 171 195 171 182 192 185 198 177 199 183 186
  191 199 170 188 185 186 173 175 190 175 185 187 178 182 170 181 183 190
  170 190 174 191 191 184 198 177 183]
 [  0 184 177 173 193 170 179 178 186 194 175 194 190 183 188 183 182 182
  170 174 189 191 172 175 183 196 171 172 186 171 184 181 192 187 171 180
  172 191 184 186 178 197 187 172 198 176 192 190 173 186 175 188 176 188
  182 194 191 170 181 189 192 183 199 190 180 197 181 186 178 172 193 170
  199 188 181 194 188 180 172 179 190]
 [  0 186 173 190 170 174 171 199 194 177 184 179 190 182 172 198 193 198
  189 197 173 183 197 182 199 183 195 191 180 172 180 185 183 188 170 182
  195 199 192 182 181 179 195 178 178 173 182 199 194 190 198 187 178 172
  184 177 195 185 189 178 180 192 178 196 177 178 183 198 174 185 192 173
  193 177 185 192 190 195 199 198 195]
 [  0 190 176 191 175 189 181 186 199 190 183 174 195 181 181 185 170 171
  177 178 183 187 183 177 173 183 176 189 171 186 197 176 196 184 171 187
  199 185 182 196 199 172 171 184 187 182 185 174 188 183 171 174 199 188
  177 199 196 171 182 190 172 192 194 183 188 198 175 180 179 180 171 174
  186 170 176 170 187 189 176 179 176]
 [  0 184 188 194 191 180 191 175 193 197 191 188 191 192 189 183 179 192
  174 178 185 190 196 173 191 180 187 177 178 171 178 181 176 176 186 185
  171 192 182 187 197 171 184 195 190 180 191 199 191 179 170 170 180 182
  198 194 183 176 170 173 194 186 199 182 181 191 179 181 195 188 182 191
  172 178 191 188 192 185 175 180 193]]
 job2fam
 [[1 0 0 0 0 0 0 0 0 0 0 0 0 0 0 0 0 0 0 0 0 0 0 0 0 0 0 0 0 0 0 0 0 0 0 0
  0 0 0 0 0 0 0 0 0 0 0 0 0 0 0 0 0 0 0 0 0 0 0 0 0 0 0 0 0 0 0 0 0 0 0 0
  0 0 0 0 0 0 0 0 0]
 [0 0 0 0 0 0 0 0 0 0 0 0 1 0 0 0 0 0 0 1 0 0 0 1 0 1 0 1 1 0 0 0 0 0 0 0
  0 0 0 1 0 0 0 0 0 1 0 0 0 0 1 1 1 1 0 0 0 0 0 0 0 0 0 0 0 0 1 1 1 0 0 1
  0 1 0 1 0 0 0 1 0]
 [0 0 0 0 1 0 1 0 0 0 1 1 0 0 1 0 0 1 0 0 0 1 0 0 0 0 0 0 0 0 0 0 0 0 0 0
  0 0 0 0 0 1 0 0 0 0 0 0 0 0 0 0 0 0 0 0 0 0 0 1 0 1 0 0 1 1 0 0 0 0 0 0
  1 0 1 0 1 0 0 0 0]
 [0 1 0 0 0 1 0 1 1 0 0 0 0 0 0 1 0 0 0 0 0 0 1 0 0 0 0 0 0 0 0 0 0 0 0 1
  0 0 1 0 0 0 1 1 0 0 0 1 0 1 0 0 0 0 0 0 0 0 0 0 0 0 0 0 0 0 0 0 0 0 0 0
  0 0 0 0 0 1 0 0 1]
 [0 0 0 0 0 0 0 0 0 0 0 0 0 0 0 0 0 0 0 0 1 0 0 0 0 0 0 0 0 0 1 1 1 0 0 0
  0 0 0 0 1 0 0 0 1 0 1 0 0 0 0 0 0 0 0 1 0 1 1 0 1 0 1 1 0 0 0 0 0 1 1 0
  0 0 0 0 0 0 1 0 0]
 [0 0 1 1 0 0 0 0 0 1 0 0 0 1 0 0 1 0 1 0 0 0 0 0 1 0 1 0 0 1 0 0 0 1 1 0
  1 1 0 0 0 0 0 0 0 0 0 0 1 0 0 0 0 0 1 0 1 0 0 0 0 0 0 0 0 0 0 0 0 0 0 0
  0 0 0 0 0 0 0 0 0]]
