params：
 weight-->(1, 10)
 proc_times-->(1, 100)
 setup_times-->(60, 120)
 delivery_times-->(1, 100)
 job_rate-->5.0

start:
alpha_1
5.0
 alpha_2
2.0
 mach
2
 job
10
 fam
5
 weigh
 [[0 2 7 2 8 8 2 3 2 4 8]]
 proc_times
 [[ 0 88  9 42 42 27 71 38 42 75 81]
 [ 0 39 77 97 19 71 22 61 52 27 10]]
 setup_times
 [[[  0 103 107 112  74  83]
  [  0   0  67 101  94 115]
  [  0  84   0  71  68  97]
  [  0  73  87   0 108 118]
  [  0  84  62 108   0  87]
  [  0 102 100  66  99   0]]

 [[  0  84 116  88  80 113]
  [  0   0  95 106  91  65]
  [  0  82   0 118 116 118]
  [  0  78 111   0  86  96]
  [  0  79  64 111   0 103]
  [  0  72  66 100  98   0]]]
 delivery_times
 [[ 0 16 17 55 63 96 15 30 53 94 60]
 [ 0 57 69 30 57 75 91 72 15 12 19]]
 job2fam
 [[1 0 0 0 0 0 0 0 0 0 0]
 [0 0 0 0 0 0 0 1 0 0 0]
 [0 0 0 1 0 0 0 0 0 0 0]
 [0 0 0 0 1 1 0 0 1 0 0]
 [0 1 1 0 0 0 1 0 0 0 0]
 [0 0 0 0 0 0 0 0 0 1 1]]
