params：
 weight-->(1, 10)
 proc_times-->(1, 100)
 setup_times-->(15, 30)
 delivery_times-->(170, 200)
 job_rate-->8

start:
alpha_1
8
 alpha_2
0.5
 mach
10
 job
80
 fam
8
 weigh
 [[0 2 9 6 5 1 1 1 4 8 1 1 3 6 7 3 5 8 9 9 6 4 4 4 8 2 7 4 2 3 1 7 1 5 3 5
  6 9 2 1 1 3 4 6 9 4 7 4 1 3 8 9 2 1 4 3 2 8 1 7 9 9 3 2 9 7 1 9 2 7 8 5
  5 3 8 8 7 4 6 2 8]]
 proc_times
 [[  0  40  79  78  34  91  92   7  79  76  34  64   8  30   9  75  50  66
   97  52  11  94  85  65  81  79  55   6  93  52   9  12  25  60  76  69
   79  57  98  17  40  27   9  94  85  39  90  25  49  95  57  50   3  77
    6  77  69  76  29  42  78  88  50  45 100  51   3  50  89  85  21  87
   67  56  55  11  27  71  42  66   8]
 [  0  20   4  48  42  74  84  32  43  34  50  87  81  78  89 100  72  93
   60  35  13   3 100  81  85  93  97  43  11  85  21  96  80  51  17  85
   93   7  53  71  45  85  69  93  93  99  94  26  95  55  84  82  16   4
   32   2  93   9  58  58  47  14  68   2  85  19  25  87   4  66  49  93
   64  28  58  79  34  59  12  70  62]
 [  0  73  82  21   5  85  15  53  13  19  59  76  34  36  10  83  45  31
   29   8  68  13  60  84  85  17  14  26  19  72  44  21  87  23  25  40
   51   8  36  98  66  67  82  63  93  82  92  68  49   5  25  56  58  88
   12   2  34  54  67  79  76  93  27  98  79  85  75   5  96  17  83  99
   50  52  35  36  21  47  58  61  40]
 [  0  13  80  41   7  37  22  48  60  73  79  44  13  18   8  47  50  47
   49  76  75  36  51  69  19  19  18  15   6   2  64  51  31  75  77  65
   19  57  75  46  53  94  81  93  21  98  30  80  14  71  17  71  68  53
   89   2  77  34  37  81  66  35  22  24  62  75  57  54  25  18  26  31
   23  88  51  83   1  42  77  41  83]
 [  0  87  91  64  24  88  46  77  52  95  45  82  87  87  78  96  70   9
   26  29  60   8  28  46  71  41  60  95  70  62  29  34  54  39  26  46
   15   6  68  57  12  16  48  26  89  94  79   2  15  10  41  53  73  49
   54  34  38  56  53  90  43  46  93  90  13  39 100  79 100  45  50  55
   57 100  22  46  68  86  17   7  51]
 [  0  14  66  62  57  15  21  10  11  41  33  23  18  97  24  22  24  58
   50  82  47  80   1  63  41  53  98  87  98  44  70  75   6  78  72  98
   51  17  19  93  73  43  40  18  16  75  67  29  80  67  12  13  31 100
    8   9  52   7  82  41  80  47  10  72  74  38  99  92  54   5   2  70
   70  54  67  69  79  32  87  13  71]
 [  0  81  78  93   1  37  81  78  93  23  79  84  49  26   1  90  87  70
   42  79  88  63  80  67   4   7  14  84  69  79  55  20  82  37  49  83
   19  75  98  36  84  93  36  62  82  46  79  62  28  77  95  59  87  98
    1  19  35  56  80  68  30  20  81  98  55  14  26  38  63  43  86  17
   71  22  12  47  91  85   2  29  93]
 [  0  57  10  53  48   4  42  47 100  74  59  49  54  40  39  64  93  79
   96   7  55  32  29  52  68  52   7   4  37  22  52  66  29  69  16  33
   57  94  83  25  69  98  60  48  80  97  83  57  97  35  82  29  39  95
   26  27  89  18  58  51  34  82  32  64  79  63  37  69  99  54  52  22
    3  57  82  37  90  61  84  68  64]
 [  0  85  77  78  27  88  35  73   6  71  33  48  44  88   4  92  35  57
   21   7  69  94  11  68  71  84  35  81  48  57  15  55  34  95  52  84
   79  88  86  19  90  70  47  30  37  59  28  32 100  29  23  58  44  82
   12  67  24  65  75  31  22  71   8  64  62  78  40   7  92   4  91  61
   42  83  41  13  98  14  62  20  67]
 [  0  53  50  38  27  36  93  14  62  91  85  80  96  21  95  69  40  36
   23  63  48  83  34  14  14   1  43  51  11  12  50  40   8  40  78  28
   82  56  42  59  93  51  21  34  19  85  25  51   7  68  79  14  74  45
    1  53  14  10  12  20  36  18  85  78  27  63  19  73  59  21  80  66
    9  46  40  81  48  98  20  60  23]]
 setup_times
 [[[ 0 22 18 29 17 17 27 29 20]
  [ 0  0 26 26 15 26 17 23 21]
  [ 0 29  0 28 20 27 20 20 17]
  [ 0 22 18  0 28 19 18 19 27]
  [ 0 16 27 25  0 18 29 16 22]
  [ 0 27 21 17 23  0 19 23 17]
  [ 0 25 28 29 20 25  0 27 25]
  [ 0 15 28 29 20 18 24  0 15]
  [ 0 17 20 17 20 22 18 21  0]]

 [[ 0 24 18 15 25 21 16 28 24]
  [ 0  0 23 20 27 24 27 22 18]
  [ 0 25  0 23 23 27 24 17 18]
  [ 0 28 26  0 24 21 17 28 23]
  [ 0 23 16 26  0 26 24 23 26]
  [ 0 26 29 20 18  0 23 29 29]
  [ 0 20 28 20 25 18  0 18 25]
  [ 0 27 18 20 19 15 24  0 15]
  [ 0 19 28 28 19 23 28 15  0]]

 [[ 0 23 22 20 23 18 18 19 28]
  [ 0  0 28 18 16 16 22 25 27]
  [ 0 18  0 25 23 18 18 22 15]
  [ 0 28 19  0 18 16 19 25 23]
  [ 0 21 15 20  0 25 15 26 19]
  [ 0 24 21 18 21  0 15 21 20]
  [ 0 28 26 25 17 26  0 18 28]
  [ 0 25 21 20 23 17 24  0 26]
  [ 0 16 28 26 18 20 18 16  0]]

 [[ 0 22 16 20 18 17 19 19 29]
  [ 0  0 27 22 25 29 25 25 21]
  [ 0 17  0 19 23 27 21 18 20]
  [ 0 21 26  0 16 19 25 17 15]
  [ 0 23 21 17  0 26 26 25 25]
  [ 0 20 27 29 19  0 28 25 24]
  [ 0 27 21 22 22 16  0 16 23]
  [ 0 15 28 15 21 28 26  0 21]
  [ 0 18 15 15 21 26 18 23  0]]

 [[ 0 18 18 20 22 28 29 17 23]
  [ 0  0 22 19 25 18 15 27 28]
  [ 0 18  0 25 17 20 24 24 26]
  [ 0 28 28  0 15 17 26 26 29]
  [ 0 18 20 15  0 27 19 25 21]
  [ 0 17 18 18 29  0 17 21 25]
  [ 0 28 19 27 15 26  0 21 17]
  [ 0 27 21 28 23 16 23  0 27]
  [ 0 25 22 28 29 24 16 18  0]]

 [[ 0 22 24 18 24 19 26 15 26]
  [ 0  0 19 17 24 19 28 18 23]
  [ 0 16  0 25 20 29 20 27 15]
  [ 0 27 27  0 17 27 26 19 17]
  [ 0 26 28 25  0 23 25 16 26]
  [ 0 18 17 15 29  0 25 24 25]
  [ 0 23 21 15 17 27  0 17 16]
  [ 0 26 22 26 25 25 17  0 22]
  [ 0 27 15 26 20 19 18 24  0]]

 [[ 0 15 17 15 23 28 25 17 25]
  [ 0  0 27 29 26 19 27 18 17]
  [ 0 20  0 16 19 18 23 28 25]
  [ 0 28 29  0 27 17 20 29 15]
  [ 0 20 18 19  0 15 24 24 15]
  [ 0 28 15 26 23  0 22 24 28]
  [ 0 27 22 16 25 18  0 20 25]
  [ 0 15 27 21 24 18 18  0 19]
  [ 0 20 16 16 28 16 17 28  0]]

 [[ 0 15 21 27 29 29 26 19 28]
  [ 0  0 15 24 20 25 19 15 29]
  [ 0 26  0 25 29 25 27 20 24]
  [ 0 27 26  0 19 26 17 19 26]
  [ 0 23 24 25  0 27 21 24 15]
  [ 0 29 26 29 17  0 23 18 24]
  [ 0 23 28 19 18 22  0 26 28]
  [ 0 25 20 19 25 22 25  0 20]
  [ 0 29 18 16 26 26 15 17  0]]

 [[ 0 18 24 29 18 21 28 17 26]
  [ 0  0 20 25 28 22 23 19 18]
  [ 0 20  0 18 18 17 28 22 28]
  [ 0 23 26  0 28 25 24 19 28]
  [ 0 25 20 28  0 29 23 22 19]
  [ 0 26 20 24 16  0 20 23 23]
  [ 0 19 23 20 19 20  0 18 27]
  [ 0 28 23 22 25 28 29  0 20]
  [ 0 22 28 19 26 27 22 21  0]]

 [[ 0 25 20 18 22 19 18 24 15]
  [ 0  0 20 16 21 23 23 19 16]
  [ 0 18  0 27 27 25 27 15 17]
  [ 0 24 26  0 28 18 23 19 26]
  [ 0 18 18 24  0 26 24 25 26]
  [ 0 20 20 24 29  0 23 19 21]
  [ 0 16 19 17 15 17  0 27 29]
  [ 0 28 16 19 17 26 15  0 26]
  [ 0 29 28 17 29 21 20 16  0]]]
 delivery_times
 [[  0 172 187 186 199 191 170 199 197 192 199 198 170 179 193 174 199 182
  194 177 172 176 177 185 179 191 189 181 170 197 192 188 175 179 193 184
  190 195 173 182 191 171 186 181 178 190 185 183 189 196 186 188 184 188
  171 174 196 175 196 178 184 193 198 179 183 172 179 193 179 190 198 171
  182 175 174 170 198 186 197 171 195]
 [  0 192 194 194 195 197 188 199 177 176 172 179 190 193 198 198 171 196
  196 194 172 184 190 191 170 177 181 173 177 171 178 188 196 177 198 196
  196 170 183 174 177 189 194 187 184 181 199 179 181 177 173 188 196 177
  194 198 174 192 197 174 170 177 187 170 194 172 191 183 189 190 177 191
  172 175 172 195 191 174 195 185 175]
 [  0 187 181 174 175 190 175 172 186 188 176 183 198 190 174 172 178 178
  191 170 193 188 191 191 185 193 192 182 194 178 199 179 197 179 181 184
  192 170 172 192 193 190 182 194 183 176 174 177 190 192 172 179 180 185
  173 190 180 176 175 175 189 199 186 181 192 170 171 189 172 194 191 180
  185 183 180 193 170 179 191 173 194]
 [  0 188 191 181 191 174 186 182 176 187 170 199 184 175 182 192 191 179
  180 186 191 189 182 178 190 172 192 189 195 175 197 179 196 183 190 179
  198 182 184 195 195 176 186 188 171 182 186 196 195 178 174 174 192 195
  172 190 195 193 198 178 191 192 196 177 192 170 186 174 189 175 173 196
  175 191 191 185 198 171 170 176 189]
 [  0 196 181 171 183 192 190 197 179 194 183 196 179 190 190 191 171 175
  170 189 175 174 174 191 185 172 191 183 197 188 178 199 191 195 199 173
  173 198 173 193 188 179 175 170 171 177 176 176 190 191 180 183 192 193
  179 188 191 195 177 182 198 190 179 173 176 170 178 170 188 197 181 189
  186 193 197 179 187 192 185 178 184]
 [  0 198 199 180 170 196 196 194 186 172 171 181 191 183 186 182 184 197
  184 198 172 171 179 191 186 180 170 197 184 186 194 186 176 193 175 176
  188 170 197 171 171 191 186 176 177 185 195 181 171 196 170 171 181 185
  182 196 181 189 198 190 194 192 189 197 176 179 186 185 198 177 194 178
  172 176 182 185 190 180 178 188 182]
 [  0 175 192 192 175 199 175 197 177 171 191 198 184 178 195 184 198 183
  171 193 192 188 188 179 172 170 180 185 191 192 197 197 191 195 181 199
  179 191 185 185 189 190 196 195 184 171 184 195 197 184 192 176 184 177
  179 199 174 192 173 184 191 199 181 196 174 179 175 175 197 181 178 190
  194 195 197 193 187 176 171 185 178]
 [  0 182 197 192 192 181 174 192 197 177 176 183 175 179 180 195 172 176
  199 192 192 198 186 179 177 194 192 180 189 194 190 195 177 185 186 180
  170 198 188 182 178 175 196 199 185 199 172 193 189 195 191 176 175 182
  174 179 172 186 196 193 189 196 177 175 198 192 174 186 179 196 192 191
  190 198 181 171 181 180 174 195 172]
 [  0 180 187 184 171 176 185 179 176 191 198 190 176 197 173 196 195 187
  177 197 197 170 194 170 181 187 197 190 193 194 173 191 170 188 171 180
  192 195 171 198 176 198 198 198 193 180 172 194 184 192 181 196 183 174
  187 173 184 196 197 182 195 183 171 199 177 180 195 171 180 181 190 187
  181 195 178 194 188 198 193 194 180]
 [  0 174 195 185 182 181 171 196 196 178 172 199 174 176 182 187 188 196
  182 193 190 173 177 184 182 185 182 188 187 184 199 187 190 171 180 191
  192 178 173 199 171 184 174 181 175 180 185 179 174 182 186 199 197 197
  181 189 196 194 172 180 191 170 193 184 176 180 190 193 182 178 187 177
  173 176 174 184 195 176 181 184 197]]
 job2fam
 [[1 0 0 0 0 0 0 0 0 0 0 0 0 0 0 0 0 0 0 0 0 0 0 0 0 0 0 0 0 0 0 0 0 0 0 0
  0 0 0 0 0 0 0 0 0 0 0 0 0 0 0 0 0 0 0 0 0 0 0 0 0 0 0 0 0 0 0 0 0 0 0 0
  0 0 0 0 0 0 0 0 0]
 [0 0 0 0 0 0 0 0 1 0 0 0 1 0 0 0 0 0 0 0 1 0 0 0 0 0 0 0 1 0 0 0 0 0 0 0
  0 1 0 0 0 0 0 0 0 1 0 0 0 0 0 1 0 0 0 1 0 0 1 0 0 1 0 0 0 0 0 0 0 0 0 0
  0 0 0 0 0 0 0 1 0]
 [0 0 0 0 0 0 0 0 0 0 1 0 0 0 0 0 0 0 1 0 0 0 0 0 0 0 0 0 0 1 0 0 0 0 0 1
  0 0 0 1 1 0 0 1 0 0 0 0 0 0 0 0 0 0 0 0 0 0 0 0 0 0 0 0 1 1 0 0 0 0 0 0
  0 1 0 0 0 0 0 0 0]
 [0 0 0 0 1 0 1 0 0 0 0 0 0 0 0 0 0 1 0 0 0 1 0 0 0 0 0 0 0 0 0 0 0 0 0 0
  0 0 1 0 0 1 0 0 0 0 0 0 0 0 0 0 0 0 0 0 1 0 0 0 0 0 0 0 0 0 0 0 0 1 0 0
  0 0 0 0 0 0 0 0 0]
 [0 0 0 0 0 0 0 1 0 0 0 1 0 1 0 0 0 0 0 0 0 0 0 0 0 0 0 0 0 0 0 0 1 0 0 0
  0 0 0 0 0 0 1 0 1 0 0 0 0 1 0 0 0 0 0 0 0 1 0 0 0 0 0 1 0 0 0 0 0 0 0 0
  0 0 0 0 0 1 0 0 0]
 [0 1 0 1 0 1 0 0 0 0 0 0 0 0 0 0 1 0 0 0 0 0 0 0 0 0 0 0 0 0 1 0 0 0 0 0
  0 0 0 0 0 0 0 0 0 0 0 1 0 0 0 0 1 0 1 0 0 0 0 0 0 0 0 0 0 0 0 1 0 0 0 0
  0 0 0 0 0 0 0 0 1]
 [0 0 0 0 0 0 0 0 0 0 0 0 0 0 0 0 0 0 0 0 0 0 1 0 0 1 1 1 0 0 0 1 0 0 0 0
  0 0 0 0 0 0 0 0 0 0 0 0 0 0 0 0 0 1 0 0 0 0 0 1 1 0 1 0 0 0 1 0 0 0 1 1
  0 0 0 0 0 0 0 0 0]
 [0 0 0 0 0 0 0 0 0 1 0 0 0 0 1 0 0 0 0 1 0 0 0 0 1 0 0 0 0 0 0 0 0 1 0 0
  0 0 0 0 0 0 0 0 0 0 1 0 0 0 1 0 0 0 0 0 0 0 0 0 0 0 0 0 0 0 0 0 1 0 0 0
  1 0 0 1 0 0 0 0 0]
 [0 0 1 0 0 0 0 0 0 0 0 0 0 0 0 1 0 0 0 0 0 0 0 1 0 0 0 0 0 0 0 0 0 0 1 0
  1 0 0 0 0 0 0 0 0 0 0 0 1 0 0 0 0 0 0 0 0 0 0 0 0 0 0 0 0 0 0 0 0 0 0 0
  0 0 1 0 1 0 1 0 0]]
