params：
 weight-->(1, 10)
 proc_times-->(1, 100)
 setup_times-->(60, 120)
 delivery_times-->(1, 100)
 job_rate-->8

start:
alpha_1
8
 alpha_2
2.0
 mach
10
 job
80
 fam
5
 weigh
 [[0 2 9 9 6 1 6 4 1 2 3 2 5 4 7 6 8 4 7 4 5 2 3 3 2 2 5 3 1 1 3 3 6 5 4 7
  9 4 6 3 3 4 4 6 4 9 9 3 2 7 8 7 8 5 4 6 9 9 9 5 8 6 2 3 3 2 6 2 9 9 2 4
  9 3 7 2 2 1 8 7 7]]
 proc_times
 [[  0  38  35  27  90  65  32  17  60  48  93  42  28  84  59  75  78  38
   93  65  30  64  54  97  27  97  23  57  62  96  78  41  36  67  60  67
   56  20  16  28  17   1  80   4   4  83  15   7  14  30   8  47  95  68
   61  60  94  37  94  21  40  41  76  34  47  20  57  94  53  12  75  16
   28  20  58  36  70  30  61  32  33]
 [  0  55   8  37  42  64  97  58  84  93  46  73  83  25  54  85  75  76
   37  69  65  50  53  50  21  61  37   8  30  77  45   7  12  71  91  84
   70  41  31  15  92  13   1  40  23  16  37  63  75   4   8   8   8   5
   24 100  69  15  88  68  79  51   8  14  94   6   9  80  31  88   6  38
   41  99  63  60  31  22  77  70  14]
 [  0  11  12  40  88   9  92  99  67  80  57  62  90   9  39  19  73  55
    8  71  31  65  27  50  87  14  91  98   5  80   3  85  73  35  71  90
   96  96  20  38  69  80  74  59  31  19  90  37  72  45  49  44  45  25
   41  85  36  25  90  44  38  63  77  79  30  60  36  87  24  87  69  92
   23  42  78  63  22  87  89  76   4]
 [  0  70  82  43  85  69  22  43  48  82  97  25   8  68  50  67  56  90
   43  28  11  14  50  54   6  69   2  16  53  79  96  72   4   5  30  49
   43  51  64   8   9  37  27  65  32  65  44  37  85  55  94  86  72  16
   92  48  85  26  99  43  54  12  54  21  65  27  82  29  26  67  13  86
   90  22  86  29  49  55  72  69   7]
 [  0  74  78  41  77  16  70  57  17  62   5   1  16  97  97  88  94  63
   39  61  87  48  43  31  26  64  57  90  56  89  32  90  68  71  76  19
   27  63  88  34  49  67  23  87  91  83  64  76  25  27  13  47  44  22
   80  22  24  25  94  14   4  19  50  18  20  49  99  84  37  84  16  51
   92  11  19  48  62  36  69  53  87]
 [  0   6  90  10   1  33  22  37  32  34  27  29  24  19  93  15  19  21
   38  46  33  20  38  50  78  47  68  97  40  14  93  32  17  86  96  25
   24  28  87  93  14  13  70  63  56  36  33  85  90  70  14  24  61  71
   17  91  91   8  75  31  73   3   5  61  39  84 100  50  63  45  44  77
    1  37  28   2  21  88  83  21  53]
 [  0  37  76   7  88  72  63  73  87  60  32  99   2  43   7  53  54  11
   77  58  31  68  45  48  23  91 100  66  15  77  46  99  38  70  53  35
    9  19  50  11  13  14  72  67  10  73  39   9  57  11  95  47  19 100
    9  28  35  60  39  63  17  51  17  34  31  99  51  78  85  13  58  91
   70  64  73  78  14  24  57   8  55]
 [  0  95  20  75  94  92  32   6  98  73  67  44  19  97  85  92  64  97
   99  25  83  18  93  29  96  93  70  97  41   4  39  34  48  82  60   8
   75  72  52  33  79  69  45   7  12  23  83  71  86  59  15  99  39  35
   37  10  13  80  82  65  64  74  67  52  93  41  21  42  96  20  58  24
    3  42  36  40  70  98  84  71  63]
 [  0   6   8  38  85  39  42  72   4  79 100  22   4  67  46  71  79   5
   69 100  45  93   5  88  36  36  81  85  75  18  69  71  57  38  17  14
   90  91  64  99   3  96  72  42  23  63  27  74  17  17  25  88  53  97
   50   9  84  74  40  77 100  97  64  95  92  61  46  77  52  93  84  49
   65  35   9  71  56  85  15  12  98]
 [  0  44  78  67  18  42  47  68  94  95  95  76  83  39  62  94  46  51
   65   5  16  10  62  77   5   1  24  54  22  75  17  48  45  76  73  13
   69  11  44  41 100  93  93  95  58  13  48   2  24  75  50  17  74  38
   65   3  72  62  25   6  37  93  54  76  74  43  11  78  82  74  43  87
   82  80  23  32  35  29  52  34  33]]
 setup_times
 [[[  0  60  65 104 103  70]
  [  0   0  94  77  74  90]
  [  0  66   0  84 110  65]
  [  0  74 108   0  76  66]
  [  0  68  64  88   0  88]
  [  0 117  70 118 114   0]]

 [[  0 119 112  73  67 109]
  [  0   0  75  93  86  74]
  [  0 106   0  70  67  69]
  [  0  96  94   0  75  74]
  [  0 103  90  80   0  83]
  [  0  61 112  93  81   0]]

 [[  0 117 109  60  83  69]
  [  0   0 104  86  83  93]
  [  0  79   0 112  73 119]
  [  0 103 100   0  93  90]
  [  0 101  96  75   0  73]
  [  0  82  85  80 113   0]]

 [[  0  70  98  96  85 111]
  [  0   0 108 102 118  88]
  [  0  61   0  82  92  85]
  [  0 112  69   0 114 105]
  [  0  89  98  75   0  78]
  [  0  92 115 103  78   0]]

 [[  0  96 109 115 103 106]
  [  0   0 113 118  88  79]
  [  0  87   0 111  90  87]
  [  0  62  81   0  73 119]
  [  0 114 119 110   0  96]
  [  0 104  93  66 108   0]]

 [[  0  74  98  76  74 102]
  [  0   0 107  68  71  88]
  [  0  83   0  69  71  97]
  [  0  97  82   0  64 106]
  [  0  69  90  94   0  76]
  [  0 115  83  70  78   0]]

 [[  0  68  91  72  76 109]
  [  0   0 113  86  97 101]
  [  0  99   0  93 114 113]
  [  0 103 114   0  84 103]
  [  0  77  95  63   0  81]
  [  0  75  75  89  66   0]]

 [[  0 105  71  63  83 110]
  [  0   0 101  79  68  91]
  [  0 108   0  98  92 101]
  [  0 114 111   0  64  65]
  [  0  88  79 108   0  95]
  [  0  70  69 118 118   0]]

 [[  0  90  72  80  76  65]
  [  0   0 105 111  77 104]
  [  0 104   0  86  65 103]
  [  0  87 111   0  71  61]
  [  0 104 118 115   0  93]
  [  0 106  98  86  77   0]]

 [[  0  95 106  96  60  77]
  [  0   0 102  87  60  65]
  [  0  79   0  92  61  90]
  [  0  75 108   0  79  61]
  [  0  88 109 101   0 101]
  [  0  99 103  66 102   0]]]
 delivery_times
 [[ 0 99 89 18 22 74 88 72  8 13 13 10 76 72  2 57  2 57 23 53 83 98  3 87
  33 91 47 35 11 49 68 75 69 51 83 67 95 74 24  7  9 90 82 42 18 88 82 55
   9 80 44 12 75 81 76 89 24 36 63 39  8 32  2 17 26 61  2 34 38 20 95 14
  33 66 82 45 71 98 10 59 12]
 [ 0 36 16 24 81 68 27 55 83 18 43 77 14 65 44 75 61 96  9 65 31 62 97 51
  81 30  9 56 89 22 21 12 77 26 84 52 21 52 91 24 64 98 70 78 67 86 22 85
  11 21 50 33 13 80 63 73 28 29 28 36 34 43 34 56 59 50 49 82 26 59 14 63
  58 93 44 93 89 66 44 65 27]
 [ 0 23 72 13 79 58 58 75 53 34 50 25 64 11 24 16 54 30 37 89 73 78 13 84
  21 41 23 70 39 15 20  7 68 60 98  1 15 58 87 88 52 88 25 68 84 39  9  9
  39 15 90 22 75 56 10 96 85 80 71 86 29 69 64 13 34 76 78 10 97 83 21 90
  62 39 86 40 76 55 37 62 95]
 [ 0 38  2 74 46 13 62 57 91 60 25 98 52 91 84 78  8 10 29 75  5 55 24  3
  57 37 11 87 97 47 27 71 92 26 97 17 98 19 56 52 14 39 91 48 38 56 28 38
  27 87 63 78 69 54 52 77 24 53 43 65 29 26 63  5 48 68 55 55 28  5 23 47
  56 94 75 36 98 50 82 69 25]
 [ 0 79 41 64 75 42 87 34 89 70 60 76 31 56 10  5 81 68 21 13 58 37 97 49
  83 14 20 41 26 34 82 67 57 68 89 50  6 24 45 29 69 33 29 95 44 38 20 23
  26 32  5 91 12  4  9 90 62  1 79 42 44 32 87 33 65 14 75 34 80 30 50 74
  76 79 43 38 86  7 85 71 69]
 [ 0  2 98 32 84 46 93 97  3 85 45 29 34 88 19 15 89 58 32 34 23 16 14 81
  40 48 91 33 45 92 81 14 42  5 82  1 24  6 70 98 18 35 95 83 44 17 75 84
  50 65 97 30 37 82 47  6 80 68 56  7  6  1 56 34 79 39 82 11 65 76 84 22
  92 48 20 94 98 84 56  1 47]
 [ 0 27 36  7 52 87 53 94 20 44 88 68 18 53 97 29 68 83  3 49 72 29 89 59
  54 77 92 59 28 26 36 22 21 83 66 64 16 84  4 66 24 20 61 32 79 69 70 61
  72 64 62 38 78 22 24 49 45 91 41 70 39 38 62 81 91 17 71 18 45 68 46 99
  21 59 28 76 75 83 52 67 12]
 [ 0 90  1 32 75 82 99 70 17 66 10 15 90 45 46 40  7 47 52  7 28  6 92 12
  24 26  7 95 35 53 57  3 60 71 20 13 17 55 26  1 36 84 95 95 20 66 15 97
   8 80 58 90 71 93 23 17 99 25 59 22 48 25 60 19 67 17  8 66 51 20 40 60
  58 62 20  9 10 51 41 34 75]
 [ 0 43 36 48 69 85 24 86  3 21 67 81 54 40 31 48 62 20 39 94 75 18 30 14
  21 75 32 11 20 54 11 56 39 68 48 46 50 23 23 72 95 35 11 51 43 98  8 15
  99 66 36 16  1 35 40 99 28 65 83 49 14 82 53 70 93 23 95 28 59  3 21 72
  57  7 90 14 47 77 35 98  4]
 [ 0 92 26 53  5 58  5 81 46 20 27 65 11 31 12 26 68 56 41 55 14 42 12 50
  25 70 11  9 13 72 32 38 43 65 65 82 47  8 35 39 75 22 25 70 46 23 19 24
  44 22  9 75 66 60 86 46 50  1 52 74 73 56 38 54 16 49 78 31 30 31 74 79
  99 81 56 26 49 11 93 87 14]]
 job2fam
 [[1 0 0 0 0 0 0 0 0 0 0 0 0 0 0 0 0 0 0 0 0 0 0 0 0 0 0 0 0 0 0 0 0 0 0 0
  0 0 0 0 0 0 0 0 0 0 0 0 0 0 0 0 0 0 0 0 0 0 0 0 0 0 0 0 0 0 0 0 0 0 0 0
  0 0 0 0 0 0 0 0 0]
 [0 0 0 0 0 0 0 0 0 0 0 0 1 0 0 0 0 0 0 1 0 0 0 1 0 1 0 1 1 0 0 0 0 0 0 0
  0 0 0 1 0 0 0 0 0 1 0 0 0 0 1 1 1 1 0 0 0 0 0 0 0 0 0 0 0 0 1 1 1 0 0 1
  0 1 0 1 0 0 0 1 0]
 [0 0 0 0 1 0 1 0 0 0 1 1 0 0 1 0 0 1 0 0 0 1 0 0 0 0 0 0 0 0 0 0 0 0 0 0
  0 0 0 0 0 1 0 0 0 0 0 0 0 0 0 0 0 0 0 0 0 0 0 1 0 1 0 0 1 1 0 0 0 0 0 0
  1 0 1 0 1 0 0 0 0]
 [0 1 0 0 0 1 0 1 1 0 0 0 0 0 0 1 0 0 0 0 0 0 1 0 0 0 0 0 0 0 0 0 0 0 0 1
  0 0 1 0 0 0 1 1 0 0 0 1 0 1 0 0 0 0 0 0 0 0 0 0 0 0 0 0 0 0 0 0 0 0 0 0
  0 0 0 0 0 1 0 0 1]
 [0 0 0 0 0 0 0 0 0 0 0 0 0 0 0 0 0 0 0 0 1 0 0 0 0 0 0 0 0 0 1 1 1 0 0 0
  0 0 0 0 1 0 0 0 1 0 1 0 0 0 0 0 0 0 0 1 0 1 1 0 1 0 1 1 0 0 0 0 0 1 1 0
  0 0 0 0 0 0 1 0 0]
 [0 0 1 1 0 0 0 0 0 1 0 0 0 1 0 0 1 0 1 0 0 0 0 0 1 0 1 0 0 1 0 0 0 1 1 0
  1 1 0 0 0 0 0 0 0 0 0 0 1 0 0 0 0 0 1 0 1 0 0 0 0 0 0 0 0 0 0 0 0 0 0 0
  0 0 0 0 0 0 0 0 0]]
