params：
 weight-->(1, 10)
 proc_times-->(1, 100)
 setup_times-->(60, 120)
 delivery_times-->(1, 30)
 job_rate-->8

start:
alpha_1
8
 alpha_2
2.0
 mach
10
 job
80
 fam
5
 weigh
 [[0 8 9 8 4 2 4 2 1 3 7 2 4 5 8 3 1 3 4 6 4 5 8 5 7 7 4 9 2 8 4 6 3 3 8 6
  9 9 6 2 6 8 8 6 6 3 8 9 9 3 7 3 4 2 5 8 4 8 8 3 6 5 8 4 3 1 4 5 4 3 5 5
  9 8 9 1 3 4 4 4 5]]
 proc_times
 [[  0  53   9  86   2  71   2  73  66  45  37  11  12  29  52  99  29  78
   88   4  88  78  25  19  48  48  62  75  23  46  46  26  42  20  97  18
   76  64  50   4  10  41  41  14  87  36   1  24  49  48   2  88  73  93
   14  62  35  16  38  39  98  26   7  19  33  84  89  73  97  99  21  24
    8  87  30  44  27  75  90  96  54]
 [  0  78  37  74   4  53  85  20  67  81   2  73  43  39  86  25  58  80
   40  96   5  59  61  89  10  88  16  67   4  67  43  43  64  39  98  66
   84  61  42  64  54  18  44  96  93  99  17  41  10   4  45  14  72  98
   15  93  66  14  26  85  90  16  54  99  19  39  39  94   9  75  29  70
   24  53  17  28  24  42  55  15   2]
 [  0  84  62  58  50  75  28  74  19  73  49  53  91  98  23  28  86  23
   88  99  71  40  14  25  54  14  21  34  57  60  96  31  65  30  19  78
   84  89  86  38  80  50  73   1  64   9  89  68  35  50   5  87  94  26
   75  67  57   9  78  57  88  49  93  22  80  60   3  20  44  36  26  74
   10  59  47  14   1  75  76  52   3]
 [  0  33  12  42  79   9  63  97  78  99  29  58  60  97  61  54  33  12
   93  50  97  30  89   2  96  83  18  24  46  13  36  44  88  97  91  92
   71  24  99  39   8  51  40  24  10  56  16  56  81  39  51  81  27  93
   29  94  70  18  53  49  38  84  20  26  65  96  71  90  45   3  67  76
   20  56   1  69  47  87  44  65   2]
 [  0  42  95  50  83  86  16  53  58   9  63  21  32  76  93  51  33   7
    5  28  63  45  40  49  41  72  84  98   8  66  95  61  73  44  41  82
   80  68  26  10  32  31  37  32   1  60   1   3  91  99  35   9   6  13
   16  49  33  84  51 100  61  40  50  21  51  77  18  89  47  38  47  75
   15  86  94  84  78  52  42  70  55]
 [  0   9  47  83  77  14  36  92  70  51  87  19  61  96  60  84  81  65
   11  54  48  27  33  27   8 100  23  24  19  50  36  75  97   1  96  64
   34  58  87   7  65  91 100  72  48  27   7  98  48  40  37  82  92  64
   56  34  81   2  68   3  67  21  76   1  54  96  45  71  65  63  21  80
   40  53  48  87  13  79  65  63  31]
 [  0  97  84  57  49   6  35  58  80  42  93  88  73  48  87  96  86  61
   40  57  90  75  36  80  36  76  11  93  93  51  20  39  90  90  74  33
   38  49  43  99  48  56  21  22  71  77  58   1  86   1  38  96  71  64
    1  81  92  95  95  17  34  71  42  17  89  29  47  65  33  57 100  45
   63  32  10  63  77  38  92  75  37]
 [  0  15  85  84  76  89  27  92  92  42  46  15   1  37   4  58  85  91
   18   7  96  49  61  49  22  42   6  19  98  70   8  52  61   6  82  19
   18  56  65  59  60  70  55  64  20  85  23  40  94  24  24  95   5   9
   83  13  14  30  61  80   8  95  95  92  76  60  94  90  20  86  88  33
   90  68  55  75  38  86  21  34  82]
 [  0  46  75  98  56  85  37  35  47  72  24  77  32  13  65  95   8  85
   76  40  46  89  43  83  28  84  82  40  49  84   7  93  88  23  13  43
   93  14  38  26  21  69  93  72  96  24  14  97   6  71  35  61  85  54
   94  10  50  38  13  10  31  97  54   8  38  85  71  49  80  56  99  69
   96  19  41  97 100  61   2  93  95]
 [  0  56  70  49  53  59  50  17   6  80  86  46  33  56  35   6  92  77
   20  32  84  47  11  59  61  80  34   4  73  16  95  65  98  96  43  98
   58   3  50  76   5  15  74  22  88  61  15  72  87  76   9  41  31  18
   80  25  45  65  27  38  98   6  76  52  10  44  62  74   1  33   6  30
   75  29  45 100  58  37   8  87  99]]
 setup_times
 [[[  0 117  69 118  85  87]
  [  0   0 117 110 107 105]
  [  0 117   0  80  96 115]
  [  0 101  90   0  78  74]
  [  0 114 105  63   0  84]
  [  0  93  99  71  61   0]]

 [[  0  66  61  85 114 109]
  [  0   0 100  74 116  76]
  [  0  98   0  99  88 116]
  [  0  81  84   0 114  87]
  [  0  80  64  76   0  98]
  [  0  81 114  69  79   0]]

 [[  0  62 109  60  82 113]
  [  0   0  69  84 110 109]
  [  0  60   0  99  95 108]
  [  0  94  82   0  60  80]
  [  0  77 114  92   0  64]
  [  0  99 109  90  78   0]]

 [[  0 102  97 118  86  77]
  [  0   0 106 113  87  97]
  [  0  96   0  65  85  97]
  [  0  69 103   0  80 108]
  [  0  79  64 108   0 102]
  [  0  82 111 109  61   0]]

 [[  0 111 109  66  63  62]
  [  0   0  74  80  88  66]
  [  0  94   0  79  76  76]
  [  0 107  65   0  86  91]
  [  0  74  89  74   0 105]
  [  0 117  61  77  63   0]]

 [[  0  66  89 115  78 107]
  [  0   0  92  65  75  92]
  [  0  95   0  99  63  66]
  [  0 100  65   0  85 104]
  [  0 110  71  61   0  88]
  [  0 108  80 113 118   0]]

 [[  0 115  79  90  83 104]
  [  0   0  98 114  79  80]
  [  0  91   0 119  85  99]
  [  0  62  78   0 108  60]
  [  0  93  69  79   0  84]
  [  0  91  64  78 105   0]]

 [[  0  85 119  91 106  62]
  [  0   0 110  92 111 116]
  [  0  96   0 117  68 118]
  [  0  77 109   0  93  97]
  [  0  63  63  81   0  77]
  [  0  86  65 111  88   0]]

 [[  0 113  85 102 119  92]
  [  0   0 102  63  94  91]
  [  0 113   0 113 116  65]
  [  0  67  67   0  90 113]
  [  0 113  66 112   0 115]
  [  0  80  71  60  61   0]]

 [[  0  87 111  88  75 108]
  [  0   0  90  65  69  97]
  [  0 108   0  98  98  73]
  [  0 108 118   0  90  79]
  [  0  95 110  94   0  62]
  [  0  88  68 113 112   0]]]
 delivery_times
 [[ 0  5 29 17  5 19 21 14  6 17 18 13 20  1  7  4 15  1 29  7  8  1 26 26
  16 18  3 12  2 25  5  8 13  1  7 22 29  4  2 13  5 25 28  9 17 23  7 27
  24 21 17  8 12 19  1  9 10 28 24  1  5 15 10 19 26 20 15 24 23 17 24 28
   7 24  8 15 21 18 18  2 10]
 [ 0 13 28 23  5  8 28 28  7 10  6 19  3  4 22 24 11 11 25 22  2  3 15  4
   2 16 23  4 12 10  5 14 27 14 17  7  7 18 11 14 23 15  6 29 20 15  3 16
  11 18  4 14 26 27  4 20 14  9 26  5 20 22 11  3  8 21 18 19 11 22 24  5
  20  5 25 21 23  9  1  3  9]
 [ 0 17 20  5  3 21 17  6 12  2 10  1  8  7 22  6 12 20 29 14 26 28 12  7
  27 12 29  1 16 15  5  2 28  8 15 19  5 21  9 27 25 10 22 19 14  6  7  4
  12 28  4  2  8  9 25  9 24 21 19 20 25 21 17 22 27 21 29 25  6 16 20 20
  14  7 22 10 28 22 12  7 29]
 [ 0  2  5  6 26 11 11  2  3 14 19 20  5 13 16 13 10 20 22 10 10 26 29 26
  11 29 28  7  7  2 14 21 12 10 25  8  7 27 21 26 28  8  2 13  2 15  9  4
  14 26 23 22  2 28  9 18 21  5 23  2 12  5 18 21  5  6 13  1 28 10  7 25
  25  4 17  6 13  4 22 11 20]
 [ 0 26 20 14 16 19 24 15  5 28 15 26 19  9  8 18  1  5  3  6 16  5  5 17
  29 26 19 19 18 17 14 21 10 17 19 18 23 14 10 17 24  8 19 26  6 15  5 19
   6 23 16 13  7 18 20 16 18 17 15  9 14  4 22 14 28 19 28 28 15 17 12 22
  21 29 24  8 29  8  2  6 13]
 [ 0 27 16  6  7  8  3 15 28 11 17 13  3 16 27 24 11 22  7 19  9 28 27  2
  25 13 28 15  8  4 22 21 19  1  9 11  3  5 14 26  7 27 20  7  3  1 26 16
  22 14 13 26 18  4 25 26 20 29 14 21  6 16 13  5 11 10  2 24 19  2  1 20
   9 14 20 27 29  3 19  9 19]
 [ 0 15 26 13 24  9  7  5 13  1 22  7 28 20  5 17 26  1 14 10 12 29  9 19
  13  7  4  6 23  9  5  2 18 27  8 27  3 14 22 28 28 16 14 28 16  2 21 19
  10 14 24 16 23 27 26 19 29 28  7 17 20 18 26 11  9 18 16  8 24  5 22 28
  20 11 26  7  3  7 18 26  7]
 [ 0  1 12 10 12 21 11  2 21 23 28 21 21 16 27 11 25  1 24  3 22  3 20 21
  11 12  1 12  6 14 17 28 29 23 27 20  1  4 24 27  7  6  4 25 13 26  3 11
  23 29  3  9 17 12 24 12  1 25 13  8  5 11 29  1 24 19 13  8 29 26 13 10
  29  9 10 23 10 29 12  2 24]
 [ 0 11 23  9  2  8 20  3 14 10 25 16  1 26 19 16  5 28 19  4  4 29 19 17
  11 25  6 26 13  1  1 25 16 19  8  1 10  3  1 18 29 26  9 12 22  4 23 14
  12 12 21  5 15  3  6 16 22  4 23 13  1 17 13 18  1  8 12  4 23  4  3 19
  21  2 16 17 14 19 19 24 11]
 [ 0 12 17  3 13 25 25  8 22  7 16 15 16 10 19 15 26  4 20  2  3 10 28  4
   1 21  6  7 29 15  4  8  4  8 25 24 28 12 12  2  3 19  4  6 23 25 26  5
  22 15  2 17 14 26 18 27  1 26 16 16  5 22 28 24  8 25 10 23 21 23 25  5
   5 17 10 17 19 24  6  2 10]]
 job2fam
 [[1 0 0 0 0 0 0 0 0 0 0 0 0 0 0 0 0 0 0 0 0 0 0 0 0 0 0 0 0 0 0 0 0 0 0 0
  0 0 0 0 0 0 0 0 0 0 0 0 0 0 0 0 0 0 0 0 0 0 0 0 0 0 0 0 0 0 0 0 0 0 0 0
  0 0 0 0 0 0 0 0 0]
 [0 0 0 0 0 0 0 0 0 0 0 0 1 0 0 0 0 0 0 1 0 0 0 1 0 1 0 1 1 0 0 0 0 0 0 0
  0 0 0 1 0 0 0 0 0 1 0 0 0 0 1 1 1 1 0 0 0 0 0 0 0 0 0 0 0 0 1 1 1 0 0 1
  0 1 0 1 0 0 0 1 0]
 [0 0 0 0 1 0 1 0 0 0 1 1 0 0 1 0 0 1 0 0 0 1 0 0 0 0 0 0 0 0 0 0 0 0 0 0
  0 0 0 0 0 1 0 0 0 0 0 0 0 0 0 0 0 0 0 0 0 0 0 1 0 1 0 0 1 1 0 0 0 0 0 0
  1 0 1 0 1 0 0 0 0]
 [0 1 0 0 0 1 0 1 1 0 0 0 0 0 0 1 0 0 0 0 0 0 1 0 0 0 0 0 0 0 0 0 0 0 0 1
  0 0 1 0 0 0 1 1 0 0 0 1 0 1 0 0 0 0 0 0 0 0 0 0 0 0 0 0 0 0 0 0 0 0 0 0
  0 0 0 0 0 1 0 0 1]
 [0 0 0 0 0 0 0 0 0 0 0 0 0 0 0 0 0 0 0 0 1 0 0 0 0 0 0 0 0 0 1 1 1 0 0 0
  0 0 0 0 1 0 0 0 1 0 1 0 0 0 0 0 0 0 0 1 0 1 1 0 1 0 1 1 0 0 0 0 0 1 1 0
  0 0 0 0 0 0 1 0 0]
 [0 0 1 1 0 0 0 0 0 1 0 0 0 1 0 0 1 0 1 0 0 0 0 0 1 0 1 0 0 1 0 0 0 1 1 0
  1 1 0 0 0 0 0 0 0 0 0 0 1 0 0 0 0 0 1 0 1 0 0 0 0 0 0 0 0 0 0 0 0 0 0 0
  0 0 0 0 0 0 0 0 0]]
