params：
 weight-->(1, 10)
 proc_times-->(1, 100)
 setup_times-->(30, 60)
 delivery_times-->(1, 100)
 job_rate-->8

start:
alpha_1
8
 alpha_2
1.0
 mach
10
 job
80
 fam
8
 weigh
 [[0 2 6 6 8 2 3 5 9 9 5 9 6 2 1 1 3 8 6 9 1 7 2 6 2 7 8 2 1 1 6 5 5 5 5 1
  1 7 9 7 1 2 5 9 8 5 4 7 4 2 5 7 2 1 5 3 5 7 9 4 9 5 4 5 5 1 4 6 2 3 8 9
  3 2 2 8 1 1 8 4 4]]
 proc_times
 [[  0  32  46  54  54  68  59  38  72  96  87  51  12  74  16  81  22  99
   22  35  52  38  82  76  92  29  50  94   3  78  49  41  12  84  53   1
   92  91  67  37  32  14  28  99   6  56   8  24  39  18   3  79  31  64
   31  96  17  78   4  58  29  64  76  24  66  93  42  94  78   6  82  78
   24  37  97  56  69  65  65  57  61]
 [  0  92  61  89  61  18  12  30  17  26  45  58  40   4  76  60  86  54
   91  92  84  51  13   4  55  46  74  77  30  52  63  22  28  99  22  37
   43  98  67  17  40  23  93  73  65  57  92  13   6  10  49  90   3  37
    3  34  89  16  32  34  46  24  37  39   7  22  67   5 100  25  65  33
   17  74  80   4  42  98  16  62  64]
 [  0  15  44  34   1  96  34  20  89  10  36  85   1  79  60  90  16   5
   65  55  51  47  85  28  43  34  22  76  55  35  17  82  54  75  98  18
   84  74  29  74  47   1  81  75  93  93  70  36  23  97  49  56  29  43
   36  15  19   7  55  97   9  79  65  31  21  59  58  34  21  96  42  36
   39  92  59  27  14  62  74  69 100]
 [  0  87  58 100  40  17  32  44  81  56  79  28   9  32  44  64  66  15
   81  58  66  22  32  94  69  46  46  22  15   1  96  51  42  80  57  19
    9  58  11   6  60  66  62  29  93   2  99  47  48  86  87  92  86  90
   12  33  59  84  38  13  53  36  28  86  96   2  15  80  24   4  17  32
   95  25  10  86 100  37  48 100  82]
 [  0  54  89  29  38  46  12  34  35  53  31  66  56  23  75  76  86  57
   76  53  60  60   7  41  90  38  94  29  57   9  56  85  70  19  22  86
   97  74  65  29  78  58  67  96  13  99  25  37  73  73  86  18  59  44
   48  74  92  19  84  45  65  17  88  99  12  72  35  43   6   8  54  36
   11  96  87  40  80  79  88  48  63]
 [  0   3  54  44  43  67  92  22  95  83  69  63  28 100  35  68  88  95
   66  71  99  20  47  32   6  34  70   7  98  32  17  29  86  78  77  60
   65  69   4  31  32  23  50   8  53  78  17  50   5  14  67  60   9  22
   10  60   5  19 100  10  35  30  66  56  71  89  65  93  71  67  87  52
   55  59   9  41  54  23  64  44  35]
 [  0  30  99  57  55  95  55  53  30  75   3   1  59  98  43  28  13  60
   56  37  40  33  13  79  97  97  39  70   6  81  22  32  83  23  76  37
   58  34  20  78  60  75  13  82  25  51  22  95  78  37  95  89  93   5
   81  22  82   2  90  20  40  81  40  63  36   4  28   8  41  48  83  87
   36   3  35  79  59  16  73  57  61]
 [  0  75  12  56  99  40  94  68  36  98  40  83  80  13  24  76  49  13
   65  32  45  38  60  51  23  72   8  15  75  81  92  65  47  39  38  58
   91  66  59  87  48  38  80  81  81  23  80  49  76  44   9  41  37  63
   22  37  97  20  24  74  45   5  74   4  87  13  41  20  29  17  22  86
   17  65  12  16   9  63  19   2  26]
 [  0  77  37  14  72  41  97   8  41  82  60  71  61  51  73  40  85  60
   96  81  12  34  78  74   9  57   9  78  18  28  26 100  26  56  41   3
   76  48   6  87   5  99  17  15  90  36  57  91  31  13 100  33  59  88
   90  44  59  30  67  89  16   9  34   7   2  65  12   7  42   8  82  27
   11  29  77   5  50   7  86  50   2]
 [  0  63  79   2  11  87  64  50  71  58  90  60  63  34  97   9  12   2
   34  63  63  91  67  65  95  89  64  21  42  33   5  29  63  99  66   9
   60  89  78   8  14  25   4  51  36  55  20  61  17  95  53  82  60  92
   41  26  90   9  61  44  28  24  73  62  95  15  92  87  38  68   9  78
   96  88  32  51  44  89  71  45   4]]
 setup_times
 [[[ 0 46 46 53 48 43 32 30 32]
  [ 0  0 31 30 34 54 54 37 31]
  [ 0 50  0 51 53 59 31 46 53]
  [ 0 50 40  0 31 40 58 53 53]
  [ 0 46 58 40  0 36 41 43 59]
  [ 0 42 33 35 37  0 38 45 42]
  [ 0 48 44 40 46 31  0 30 30]
  [ 0 50 33 38 31 59 32  0 41]
  [ 0 49 49 39 45 38 57 57  0]]

 [[ 0 34 56 32 50 55 39 49 54]
  [ 0  0 34 49 34 48 40 30 36]
  [ 0 57  0 40 59 42 39 43 49]
  [ 0 34 36  0 32 55 55 40 35]
  [ 0 55 53 59  0 49 56 51 38]
  [ 0 57 37 37 32  0 31 35 50]
  [ 0 54 40 52 55 48  0 47 38]
  [ 0 33 30 43 40 41 53  0 33]
  [ 0 32 41 32 31 32 40 55  0]]

 [[ 0 59 59 32 51 46 43 37 51]
  [ 0  0 50 39 59 38 40 31 44]
  [ 0 40  0 55 39 58 55 58 46]
  [ 0 39 52  0 36 38 53 47 31]
  [ 0 57 47 40  0 58 51 47 45]
  [ 0 30 34 50 41  0 47 58 49]
  [ 0 35 31 56 36 52  0 35 53]
  [ 0 53 42 38 44 54 46  0 45]
  [ 0 33 47 56 31 54 41 31  0]]

 [[ 0 34 47 49 59 47 53 36 52]
  [ 0  0 31 52 45 51 39 47 49]
  [ 0 47  0 48 35 32 51 49 50]
  [ 0 45 59  0 33 56 47 32 43]
  [ 0 33 42 30  0 38 35 52 52]
  [ 0 50 42 51 55  0 46 57 49]
  [ 0 56 52 46 44 34  0 53 55]
  [ 0 49 36 34 55 31 39  0 34]
  [ 0 59 32 59 59 41 35 51  0]]

 [[ 0 30 48 34 33 51 39 42 55]
  [ 0  0 54 56 37 38 54 31 45]
  [ 0 34  0 57 47 40 54 33 58]
  [ 0 44 32  0 57 33 56 43 59]
  [ 0 58 31 37  0 46 48 35 57]
  [ 0 37 55 44 47  0 42 44 41]
  [ 0 44 34 38 42 52  0 55 30]
  [ 0 45 49 51 51 34 37  0 44]
  [ 0 46 36 45 44 48 33 58  0]]

 [[ 0 40 50 42 36 35 38 35 37]
  [ 0  0 44 53 41 45 31 43 42]
  [ 0 46  0 44 44 58 50 47 48]
  [ 0 42 59  0 31 51 31 49 40]
  [ 0 45 59 39  0 30 54 56 56]
  [ 0 39 58 30 55  0 39 30 44]
  [ 0 40 40 47 41 33  0 55 39]
  [ 0 56 44 57 58 57 47  0 35]
  [ 0 36 54 45 41 31 41 32  0]]

 [[ 0 38 30 55 48 39 55 34 46]
  [ 0  0 37 36 33 32 50 52 38]
  [ 0 58  0 41 32 47 56 44 51]
  [ 0 32 48  0 57 35 50 57 53]
  [ 0 30 37 48  0 55 40 56 48]
  [ 0 48 45 41 31  0 56 33 32]
  [ 0 44 34 54 57 54  0 42 32]
  [ 0 43 46 52 30 47 57  0 38]
  [ 0 40 37 42 54 43 57 57  0]]

 [[ 0 54 58 33 42 53 40 33 34]
  [ 0  0 37 57 53 54 35 51 31]
  [ 0 33  0 41 30 56 40 43 44]
  [ 0 54 34  0 32 58 37 53 39]
  [ 0 47 40 54  0 53 45 45 52]
  [ 0 53 36 30 58  0 45 49 50]
  [ 0 47 33 49 38 33  0 52 57]
  [ 0 37 32 47 30 36 34  0 38]
  [ 0 33 36 50 33 44 33 47  0]]

 [[ 0 58 57 40 30 33 46 31 30]
  [ 0  0 42 40 48 52 51 59 59]
  [ 0 47  0 47 49 40 41 33 43]
  [ 0 55 51  0 49 39 42 33 36]
  [ 0 43 52 30  0 36 31 47 34]
  [ 0 48 58 45 38  0 48 44 30]
  [ 0 56 51 58 38 53  0 45 31]
  [ 0 57 35 41 30 47 57  0 49]
  [ 0 35 53 36 56 36 46 51  0]]

 [[ 0 48 30 31 34 32 47 39 44]
  [ 0  0 59 55 53 56 37 43 30]
  [ 0 44  0 59 33 49 31 37 54]
  [ 0 39 30  0 31 38 30 43 47]
  [ 0 32 50 40  0 57 45 51 49]
  [ 0 48 51 59 48  0 33 35 41]
  [ 0 32 59 50 48 45  0 46 43]
  [ 0 37 38 42 59 30 34  0 53]
  [ 0 37 46 30 54 35 50 47  0]]]
 delivery_times
 [[ 0 96 46 22 45 21 15 21 29 86 13 30 78 30  8 49 96 32 83 58 72 42 92  4
  90 33  7 66 53 58 14 57 76 41  2 89 88 49 39  8 35 53 64 99 34 26 99 31
  19 80 49  2 98  4 44 60  7 74 69 36  2  5 67 55 15 25  5 31 86  7 20 68
  17 19 83 14  3 22 93 17 57]
 [ 0  2 99 17 11 29 26  8 80  4 18 53 50 12 30 13 73 62 92 36 67 12 89 31
  79 98 99 88 41 87 32 79 16 53 45 51 93  2 65 97 82 72 37 47  4 41 90 67
  75 57  5 14 37 69 94 41 72 31 12 95 16 42 44 26 13 64 74 84 83 61 14 34
  14 71 84 29 39 62 60 95 96]
 [ 0 51 50 20  3 55 83  3 10 12 39 21 46 94 80 66 55 60 55 84 64 41 13 58
  27 33 62 49  4 66 73 98 77 16 80 41 85 85 66 39 15 16 59 60 47 36 73  4
  76 69 10  2 50 63 65 91 65 61 41 67  4 63 62 31 52 70 10 44 33 18 95 19
  50 90 10 16 83 56 76 94 29]
 [ 0 11 34 74 62 41 45 78 52 71 33 36 21 38 86  6 28 94  6 12 27 87 84 93
  31 42 53 20 80 40 44 83 39 91  3 92 95 14  6 29 18 38 40 53 28 29 23 19
  12 76 87 20 82 10 34 76 35 17 41 69 87 92  7  9 72 73 38 13  7 21 28  3
  83 98 77 28 60 87 60 12 37]
 [ 0 83 12 76 83 92 85  1 13  3 10 87 91 48 22 81  1 36 60 77 66 90  5  9
  99 29 73 12 13 24 61 42 98 93 95  7 71 15 22 68 54 75 91 28 27 93 18 56
  66 83 18 51 46 73 25 95 50 14 49 95 98 69 31 91 90 62 82 71 26 83 87 20
  63 13 10 59 86 12 88 96 64]
 [ 0 55 38 94 60 35 82  7 17 74 20 35 12 76 64 19 48 50 59 20 39 37 76 50
  74 13 32 83 46 46 34 99 27 92 49 37 56 84 98 89 13 38 34  7 48 34 35 13
  75 93 42  1  5 65 57 66 40 51 81 61 85 92 27 58 62 62 17 61 46 94 35 97
  33 58 31 71 73 92 42  7 47]
 [ 0 24 75 36 44 32 96 64 63 59 31 67  8 62 79 38  2 44 14 72 66 74 34 38
  44 10 20 54  6 74 81 88 97 58 31 66 92 46 87 31 89 48 60 52 46 24 25  2
  41 73 87 96 54 40 30 10 71 87 63 93 42 89 93 36 88 15 69 94 15 37 26 42
  93 25 65 58 18 97 55 81 61]
 [ 0 20 12 11 65 57 46 92 97 47 50 56 59 63 72 30 53 82 84 29 51 96 71 26
  48 31 16 75 63 12 52  2 24 16 75 75 97 43 57 35  2 32 36 63 67 42 94 40
  80 81 79 93 57 80 29 53  2 28 22 93 26 23  2  7 92 75 41 98 29 52 43 43
  67 47 33 43  2 32 38 46 24]
 [ 0 31  5 41 18 71 99 63 49 49 65 99 94 22 37 97 70 63 87 55 40 32 19 49
  35 50 46 76 32 17 98 80 74 41 82 64 50 63 57 51 77 83 56 58 75 40 65 36
  93 54 78 74 40 45  6 18 47 47 21 67 22 27 79 34 27 89 49 16 87  9 85 55
  85 15 10 39 49 78 38 12 94]
 [ 0  9 66 43 91 36 14 50  6 85 43 68 57 15 45 34 84 37 23 53 14 70 83 17
  32 29 57 30 80 49 93 15 78  7 87 21 94 15 22 64 36 88 17 78 59 94 74 96
  72 91 25 68 89 94 45 93 44 54 70 30 79 22 52 24 85 60 54 68 87 24 12 67
  94 53 72 55 81 41  9 37 77]]
 job2fam
 [[1 0 0 0 0 0 0 0 0 0 0 0 0 0 0 0 0 0 0 0 0 0 0 0 0 0 0 0 0 0 0 0 0 0 0 0
  0 0 0 0 0 0 0 0 0 0 0 0 0 0 0 0 0 0 0 0 0 0 0 0 0 0 0 0 0 0 0 0 0 0 0 0
  0 0 0 0 0 0 0 0 0]
 [0 0 0 0 0 0 0 0 1 0 0 0 1 0 0 0 0 0 0 0 1 0 0 0 0 0 0 0 1 0 0 0 0 0 0 0
  0 1 0 0 0 0 0 0 0 1 0 0 0 0 0 1 0 0 0 1 0 0 1 0 0 1 0 0 0 0 0 0 0 0 0 0
  0 0 0 0 0 0 0 1 0]
 [0 0 0 0 0 0 0 0 0 0 1 0 0 0 0 0 0 0 1 0 0 0 0 0 0 0 0 0 0 1 0 0 0 0 0 1
  0 0 0 1 1 0 0 1 0 0 0 0 0 0 0 0 0 0 0 0 0 0 0 0 0 0 0 0 1 1 0 0 0 0 0 0
  0 1 0 0 0 0 0 0 0]
 [0 0 0 0 1 0 1 0 0 0 0 0 0 0 0 0 0 1 0 0 0 1 0 0 0 0 0 0 0 0 0 0 0 0 0 0
  0 0 1 0 0 1 0 0 0 0 0 0 0 0 0 0 0 0 0 0 1 0 0 0 0 0 0 0 0 0 0 0 0 1 0 0
  0 0 0 0 0 0 0 0 0]
 [0 0 0 0 0 0 0 1 0 0 0 1 0 1 0 0 0 0 0 0 0 0 0 0 0 0 0 0 0 0 0 0 1 0 0 0
  0 0 0 0 0 0 1 0 1 0 0 0 0 1 0 0 0 0 0 0 0 1 0 0 0 0 0 1 0 0 0 0 0 0 0 0
  0 0 0 0 0 1 0 0 0]
 [0 1 0 1 0 1 0 0 0 0 0 0 0 0 0 0 1 0 0 0 0 0 0 0 0 0 0 0 0 0 1 0 0 0 0 0
  0 0 0 0 0 0 0 0 0 0 0 1 0 0 0 0 1 0 1 0 0 0 0 0 0 0 0 0 0 0 0 1 0 0 0 0
  0 0 0 0 0 0 0 0 1]
 [0 0 0 0 0 0 0 0 0 0 0 0 0 0 0 0 0 0 0 0 0 0 1 0 0 1 1 1 0 0 0 1 0 0 0 0
  0 0 0 0 0 0 0 0 0 0 0 0 0 0 0 0 0 1 0 0 0 0 0 1 1 0 1 0 0 0 1 0 0 0 1 1
  0 0 0 0 0 0 0 0 0]
 [0 0 0 0 0 0 0 0 0 1 0 0 0 0 1 0 0 0 0 1 0 0 0 0 1 0 0 0 0 0 0 0 0 1 0 0
  0 0 0 0 0 0 0 0 0 0 1 0 0 0 1 0 0 0 0 0 0 0 0 0 0 0 0 0 0 0 0 0 1 0 0 0
  1 0 0 1 0 0 0 0 0]
 [0 0 1 0 0 0 0 0 0 0 0 0 0 0 0 1 0 0 0 0 0 0 0 1 0 0 0 0 0 0 0 0 0 0 1 0
  1 0 0 0 0 0 0 0 0 0 0 0 1 0 0 0 0 0 0 0 0 0 0 0 0 0 0 0 0 0 0 0 0 0 0 0
  0 0 1 0 1 0 1 0 0]]
