params：
 weight-->(1, 10)
 proc_times-->(1, 100)
 setup_times-->(30, 60)
 delivery_times-->(1, 30)
 job_rate-->8

start:
alpha_1
8
 alpha_2
1.0
 mach
10
 job
80
 fam
8
 weigh
 [[0 1 1 2 3 4 3 7 8 2 8 9 4 8 3 1 4 2 6 2 5 2 7 9 8 2 5 3 7 2 1 5 5 2 6 1
  6 1 3 4 3 4 7 7 2 1 7 4 4 4 5 8 7 2 1 9 1 9 8 8 1 7 3 6 1 3 8 1 3 8 8 4
  5 9 2 5 1 8 5 9 3]]
 proc_times
 [[  0  66   8  18  77  43  93  83   9  84  99  20   2  37  27  95  71   6
   53  86  83  67  24  95  50  43  11  92  19  79  44  27   4  34  17  10
   15  82 100  36  37  19  39  96   3  53  53  18   3  10  96  37  17  71
   44  83  64  28  64  81   3  30  56  66  63 100  71  32  36  90  36  66
   87  21  97  92  81   7  40  85  50]
 [  0  57  32  79  23  10  90  83  36  45  14  95  13  87  10  14  71  47
   48  96  69  74   5  74  98  95   8  92  59   2  17  28  15   2  40  59
   97  96  58  52   1  23   7  99  63  53  79  83  19  13  85  51   4   2
   90  80  74  96  72   6  30  82  57  13  35  23  47  89  24  47  90  91
   97  91  87  45  85  91  28  51  80]
 [  0  26  30  42   8  99  43 100  91  21  28  47  67   3  35   1  58  72
   45  72  15  70  11  84  66  11  51  27  44  92  42  13  95  68  79  61
   57  26  62  29  39  74  67  39  69  63 100  68  84  45  78   2  86  91
   87  74  10  95  77  93  21  90  85  69  85  60  69  69  21  27  60  70
   82  94  93  32  45  81  55  11  72]
 [  0  15  48  54  10  51 100  53  48  45  87  30  96  12  72  23  73  38
   23  33  82  69  75  12  34  10  10  76  61  62 100  78  58  95  70  58
   53  92  22  85  78   7  96  39  18  15  23  87  49  62  73  94  55  44
   90   5  72  77  83  15  57  79  23   7   4  65  88  30   8  67  27  44
   44  41  22  66  46  56  64  83   8]
 [  0  43  57  92  11  55  14   2  41  23  50   1  65  96  55  86  61  47
   15  97  14  49  61  46  58  88  24  72  81  86  49  18  92  39  65  67
   10  62  20  30  74  12  65  37   3  26   6  14  88   3  72  42  72  74
   41  94  54  19  92   2  73  70  39  39  64   2  14  73  20  72   3  42
   20  33  60  31   3  73  66   2  49]
 [  0  51  44  96  82  24  76  43  91  87  81  20  97  21  14  31  13  71
   80  89  28  65  45  16  81  18  97  11  28  31  18  22  74  59  48  84
   19  83  64  85  45  28  88  85  38  29  84  82  58  82  83  79  56  92
   76  85  49  59  64 100  80   6  45  79  85  34  39 100  88  16  47  33
   94  48  58  28  72  12  14  97  15]
 [  0  77  49  55   1  70  66   2  26  27  25  35  27  86  68   6  52  33
   11  76  94  83  73  64  18  73  68  13   2  26  29  35  23  11  58  86
    2  30  85  77  45  70  28  53  85  56  92  18  54  12  44  86  22  13
   35  78  17  37  95  52  51  17  72  54  59  29  66  67  12  66  92 100
   94  60  55  24  15  54  25  36  26]
 [  0  21  42  57  28  11  62  18  33  48  78   5  29  55  55  73  23  94
   45  36   1  12  26  20  48  42  99  77  37   3  69  88  86   5  68  98
   29  14  51  14  60  22  73  33   4  82  96   2  80  55  92  33  80  41
   79  59  14  25   1  27  78   7  28  37  68  66  14  14  42  57  17  31
    5  97  96  41  64  70  66  86  72]
 [  0  36  73  37  63  29  76  92  20  89  19  94  62  69  82  73  12  70
   24  41  22  66  74  64  19  25  79  34  73  48  81  98  90  40  76  53
   25  33  15  53  12  60  54  27   7  95  84   8  23  47  67  18  69  25
   81  55  39  19  53  93  84   4  23  13  19   5  92  33  94  11  27  79
   12  23  37  39  44  26  55  89  50]
 [  0  34  37  82  74  63   3  52  42  59  70  44  73  59  37  12  41  30
   38  84  58   8  32  85  80  19   1  16  35   9  85  35   9  22  15  43
   95  32  96  22  73  36  43  41   1  13  59  17  70  72  70  85  65  20
    2  98  35  20  55  23  53  73  88  57  68  58  21  59  33  89   2  33
   54  85  43  99  48  83  46  93   5]]
 setup_times
 [[[ 0 52 53 46 50 32 53 54 34]
  [ 0  0 45 38 34 49 53 51 57]
  [ 0 44  0 34 50 50 46 53 32]
  [ 0 55 36  0 48 43 41 38 42]
  [ 0 45 36 31  0 46 32 50 46]
  [ 0 51 49 30 49  0 40 48 46]
  [ 0 36 30 46 45 43  0 42 50]
  [ 0 48 50 44 35 46 46  0 38]
  [ 0 36 34 36 35 33 32 36  0]]

 [[ 0 30 37 30 54 35 32 58 56]
  [ 0  0 39 37 57 55 53 55 39]
  [ 0 30  0 44 58 46 33 56 49]
  [ 0 51 59  0 32 56 59 47 59]
  [ 0 59 44 49  0 42 35 39 32]
  [ 0 59 56 49 33  0 39 50 37]
  [ 0 38 45 43 42 58  0 33 53]
  [ 0 55 38 34 41 57 48  0 50]
  [ 0 42 53 31 57 48 36 50  0]]

 [[ 0 51 53 53 53 43 53 59 38]
  [ 0  0 37 46 37 42 56 31 36]
  [ 0 33  0 57 40 47 42 50 38]
  [ 0 48 58  0 53 40 53 38 44]
  [ 0 38 39 30  0 52 34 34 52]
  [ 0 39 32 59 32  0 30 51 51]
  [ 0 33 40 43 41 41  0 34 50]
  [ 0 50 57 41 49 33 42  0 57]
  [ 0 53 31 36 53 36 37 38  0]]

 [[ 0 41 43 52 46 48 51 53 53]
  [ 0  0 44 50 36 31 56 50 45]
  [ 0 55  0 55 39 32 42 58 32]
  [ 0 45 46  0 33 33 50 53 30]
  [ 0 53 55 52  0 33 34 53 50]
  [ 0 52 51 41 40  0 58 38 41]
  [ 0 34 39 30 33 53  0 32 47]
  [ 0 41 41 48 40 53 42  0 31]
  [ 0 32 49 52 47 33 53 50  0]]

 [[ 0 33 51 33 53 51 32 45 47]
  [ 0  0 41 35 48 32 48 34 40]
  [ 0 50  0 33 43 50 40 45 44]
  [ 0 36 49  0 58 48 45 34 44]
  [ 0 33 46 39  0 47 52 45 41]
  [ 0 59 35 44 40  0 33 55 59]
  [ 0 50 39 38 55 48  0 57 35]
  [ 0 52 39 40 43 43 42  0 42]
  [ 0 49 42 39 37 47 39 33  0]]

 [[ 0 32 49 35 55 43 30 37 33]
  [ 0  0 32 46 48 57 48 53 38]
  [ 0 56  0 42 36 51 37 45 54]
  [ 0 44 48  0 30 37 50 49 46]
  [ 0 38 42 32  0 48 49 52 52]
  [ 0 49 53 38 40  0 34 55 48]
  [ 0 32 32 55 34 52  0 59 42]
  [ 0 47 37 50 30 44 38  0 55]
  [ 0 31 41 55 45 41 40 37  0]]

 [[ 0 42 41 40 31 39 32 46 59]
  [ 0  0 59 43 53 59 56 41 40]
  [ 0 51  0 37 30 55 49 53 41]
  [ 0 30 34  0 51 39 57 42 34]
  [ 0 41 39 44  0 31 41 53 33]
  [ 0 48 59 54 31  0 31 42 42]
  [ 0 46 58 35 41 49  0 43 44]
  [ 0 30 43 59 34 46 40  0 55]
  [ 0 50 58 52 37 46 41 32  0]]

 [[ 0 48 46 40 54 31 46 45 53]
  [ 0  0 42 34 36 36 43 47 35]
  [ 0 56  0 48 30 49 58 43 53]
  [ 0 42 33  0 48 35 51 30 30]
  [ 0 40 49 43  0 36 33 32 52]
  [ 0 35 42 54 58  0 46 49 35]
  [ 0 37 54 49 47 37  0 39 47]
  [ 0 38 38 58 57 40 59  0 43]
  [ 0 43 35 33 41 41 56 57  0]]

 [[ 0 41 35 44 51 40 36 34 37]
  [ 0  0 42 33 41 34 52 54 57]
  [ 0 56  0 37 58 35 33 55 56]
  [ 0 42 58  0 52 45 40 33 51]
  [ 0 47 54 50  0 37 53 34 40]
  [ 0 59 59 31 53  0 38 55 42]
  [ 0 45 41 31 47 43  0 33 48]
  [ 0 31 30 31 57 42 31  0 45]
  [ 0 44 57 57 46 52 32 47  0]]

 [[ 0 52 44 38 58 52 32 53 40]
  [ 0  0 50 32 43 46 48 34 55]
  [ 0 56  0 47 36 55 47 50 37]
  [ 0 58 30  0 49 32 42 40 44]
  [ 0 56 35 34  0 56 49 40 50]
  [ 0 39 56 56 33  0 43 52 51]
  [ 0 35 51 56 54 42  0 56 48]
  [ 0 42 35 41 50 43 33  0 34]
  [ 0 32 59 34 31 49 51 56  0]]]
 delivery_times
 [[ 0 11  6 15 19 11 28 29 18 22 21  2 18  8 14 14 13  2 24 20 13 15 24 16
   1 16  1 21  2 16 20 19 25 11 20 22 22  1 12  6  9 16  2 16 25 22 24 19
  21  3  4 29 13 21  4 25 10 20 28 13 17  8 14 16  2  3 10  8  4  4  8 14
   6 28  3  7  6 20 21 15 10]
 [ 0 19  3  4 22  5 23  2  1 24 13  3 24 10  2 26 12 11 16 14  9 23  8 17
  13 24  7 16 14 21 16 19 10 11 23 21 23 25  7 23  1  4 20 12 23 10 13 19
  25 10 25  9 27  9  4 13 13  3  1  5 27  8 10 15 15 25 23 27  5 23 29 20
  29 20 23  2  7 29 27 18  1]
 [ 0  4 24 24  2  4  1  8 21 21 10  7  6 16  3 28 22  2 28 27 15 11  5 27
   5 19 20 24 15 16  5 20 23 29 12  7  9 26  5  9 16 23  8  5 20  2 17 24
   5 11  9 24  2  3 24  3  4 28 12  3 22  5  9 22 25 28 28  6 10 21 17 29
  14 19 29 13 23 27 22  8 14]
 [ 0 23  7 14 23  8 10 28 24  6 10 12 10  5  3 21 27 14  7 16 15  7 23  6
  24 17 12  5 20 24 13  5  5  9 24  9  4 21 28 25 22 14  9 27 20 16 22 18
  15 19  5 22 27 14 26 15 12  2  6 19  3 28  7  6 26 13 29 26  5  8 12  5
   8  5  2  3 17 22 19  7 17]
 [ 0  1 18  7  3 26 22 20 18 23 13 24 23  7  3 17  5  2 16 24 11 10 15 15
   1 27 18 14 11  9 20 16  8 26  6  5 10 16 24  6 21 13  4 23 28  4 26 16
  20  5  4 19  9 22 29 26 27 24 25  3 13 20 18 23 17  6 24 18  2 26 17 23
  14 28 12  5 16 21 18 29  1]
 [ 0  7 12 12  2 16 10 25 28 24 26 12  5  6 17 14  4 22 20 26 21 13  8 11
   2  3 27  7  9 23 19 28 14 29 12 25 23  6 18  1 18  9 16 10  5 23  6  3
   9 18  1 18 29 25 13  7  8 20  4  3 17 19 26 26  8 15 20 19 25 17  7 20
  24  2 15 26 28  3 13 15 14]
 [ 0  2 17 11  1  9 10 18 18  6 18 14 29 19 13  7  2  2 15 22 24  4  2 18
  20 16 23 16 24  3  5  5  3 12 19 29 17 13 17  5  2  5 21 28 14  9 10  5
  13 16 27  3  2 25 28 19 15 28 11 18  8 26  9  1  6  7 21 22 16 27  6  1
  25 21 12  7  7 23  9 14 23]
 [ 0 20  9  6  9 26 16 12 16 10 14 17  2 15  5 29 15 26 18  9 13  2  2 20
  20  5  1  9 16  5  6 26 10 10  3  1 26 24 14 13  2 29  3 25 29 26  8  5
  19 20  3 23 17  8 11  4 29 15 13 15  5 20 14 27  7 28 28 21  7 23 17 13
   4 17  5 23 14 24  9 23  6]
 [ 0  6 25 13  8 19 11 27 20 26 18 27  5 12  1 21 20 27 21 10 16  8 22 12
  12  5  6 26  6  6 28 19  6  7 23 23  3 10  4  1  3 19  7 23 10 10  8 21
  29 27 21 18  4 10 25 16 12 22 18  7 20 28  2 16 26 14 21 23 28 17  3 11
  28 13 15 28 23 11 27 15 18]
 [ 0 26 11 29 12  6 10 14 19 25 18 18 20 12 19 14 12 11  6  7 12 11 24 22
  17 14  8 23  6  9  1 21 26 22  7  6 24 17 13 26 27 15 27 20 11 17 25  3
  28 28  4 21  4 29 13 19 26  3 21 19  7 24  4 21 17 29 28 22 11 18 18 16
   9 20  3 23  9 27 25  3 20]]
 job2fam
 [[1 0 0 0 0 0 0 0 0 0 0 0 0 0 0 0 0 0 0 0 0 0 0 0 0 0 0 0 0 0 0 0 0 0 0 0
  0 0 0 0 0 0 0 0 0 0 0 0 0 0 0 0 0 0 0 0 0 0 0 0 0 0 0 0 0 0 0 0 0 0 0 0
  0 0 0 0 0 0 0 0 0]
 [0 0 0 0 0 0 0 0 1 0 0 0 1 0 0 0 0 0 0 0 1 0 0 0 0 0 0 0 1 0 0 0 0 0 0 0
  0 1 0 0 0 0 0 0 0 1 0 0 0 0 0 1 0 0 0 1 0 0 1 0 0 1 0 0 0 0 0 0 0 0 0 0
  0 0 0 0 0 0 0 1 0]
 [0 0 0 0 0 0 0 0 0 0 1 0 0 0 0 0 0 0 1 0 0 0 0 0 0 0 0 0 0 1 0 0 0 0 0 1
  0 0 0 1 1 0 0 1 0 0 0 0 0 0 0 0 0 0 0 0 0 0 0 0 0 0 0 0 1 1 0 0 0 0 0 0
  0 1 0 0 0 0 0 0 0]
 [0 0 0 0 1 0 1 0 0 0 0 0 0 0 0 0 0 1 0 0 0 1 0 0 0 0 0 0 0 0 0 0 0 0 0 0
  0 0 1 0 0 1 0 0 0 0 0 0 0 0 0 0 0 0 0 0 1 0 0 0 0 0 0 0 0 0 0 0 0 1 0 0
  0 0 0 0 0 0 0 0 0]
 [0 0 0 0 0 0 0 1 0 0 0 1 0 1 0 0 0 0 0 0 0 0 0 0 0 0 0 0 0 0 0 0 1 0 0 0
  0 0 0 0 0 0 1 0 1 0 0 0 0 1 0 0 0 0 0 0 0 1 0 0 0 0 0 1 0 0 0 0 0 0 0 0
  0 0 0 0 0 1 0 0 0]
 [0 1 0 1 0 1 0 0 0 0 0 0 0 0 0 0 1 0 0 0 0 0 0 0 0 0 0 0 0 0 1 0 0 0 0 0
  0 0 0 0 0 0 0 0 0 0 0 1 0 0 0 0 1 0 1 0 0 0 0 0 0 0 0 0 0 0 0 1 0 0 0 0
  0 0 0 0 0 0 0 0 1]
 [0 0 0 0 0 0 0 0 0 0 0 0 0 0 0 0 0 0 0 0 0 0 1 0 0 1 1 1 0 0 0 1 0 0 0 0
  0 0 0 0 0 0 0 0 0 0 0 0 0 0 0 0 0 1 0 0 0 0 0 1 1 0 1 0 0 0 1 0 0 0 1 1
  0 0 0 0 0 0 0 0 0]
 [0 0 0 0 0 0 0 0 0 1 0 0 0 0 1 0 0 0 0 1 0 0 0 0 1 0 0 0 0 0 0 0 0 1 0 0
  0 0 0 0 0 0 0 0 0 0 1 0 0 0 1 0 0 0 0 0 0 0 0 0 0 0 0 0 0 0 0 0 1 0 0 0
  1 0 0 1 0 0 0 0 0]
 [0 0 1 0 0 0 0 0 0 0 0 0 0 0 0 1 0 0 0 0 0 0 0 1 0 0 0 0 0 0 0 0 0 0 1 0
  1 0 0 0 0 0 0 0 0 0 0 0 1 0 0 0 0 0 0 0 0 0 0 0 0 0 0 0 0 0 0 0 0 0 0 0
  0 0 1 0 1 0 1 0 0]]
