params：
 weight-->(1, 10)
 proc_times-->(1, 100)
 setup_times-->(60, 120)
 delivery_times-->(1, 30)
 job_rate-->8

start:
alpha_1
8
 alpha_2
2.0
 mach
10
 job
80
 fam
8
 weigh
 [[0 7 4 3 2 8 9 3 2 6 8 5 3 6 6 8 3 7 8 3 7 3 1 2 8 2 5 6 3 3 7 6 8 1 1 2
  8 4 5 1 1 1 7 4 1 3 2 9 1 5 2 2 1 3 6 9 5 2 1 3 9 4 3 9 4 8 9 1 9 4 4 4
  3 4 3 6 9 4 3 9 4]]
 proc_times
 [[  0  27  45  42  33  95  67  88  45  73  52  60  92  77  18  10  89  81
   61  66  15  84  38  71  36  51  57  75 100  90  23  68  43  17  37  66
   96  85  31  39   3  68  70  95  67  49  30  54  44  16  91  74  23  50
   21   7  95  56   3  86  68  16  45  49  98  14  43  18  48  91  86  84
   11  44  38  38  53  15  95  62  50]
 [  0  21  86  13  63  59  18   1  65  32  49  14  11  33   4  69   4  71
   52  98  10  25  91  42  86  77  21  96  20  82  79  70  84  37  71  33
   89  28  30  19  78  83  69  50  13   2  21  53  70  44  15   5  70  27
    9  28  57  46  96  79  62  18  34 100  95  89  60  74  10  24  68  15
   15  50  53  28  50  63   9  83  60]
 [  0  49   6  81   6  86   9  43  40  38  71  93   1  91  32  55  65  11
  100  66  61  56  49  24  53  59  67   1  75  22  33  20  64  22  69  58
   25  66   3  16  30  60  97   4  56  35  11  25  98  22  74  41  97  84
   19  38  57  61  21  90  82  21  23 100   8  10  49  30   8  62  30  91
   11  45  49  55  28  93  82  94  25]
 [  0  26  28   5  91  70  92  33  13   2  17  39  86  97  98  85  54   2
   98  29  70  33  26  85  44  74  26  72  42  74  10  24   1   8  27  49
    6  66  84  77  35   1  27  14  28  91  34  65  64  26  50  32  28  29
   28  60  94  25  46  53  51  35  42  92  69  77  83  75  18  80  80  74
   93  33  35 100  42  57   4  12  21]
 [  0  93  73  51  46  62  55  88  70  51   9  77  58  40  91  46  17  84
  100  60  59  65  83  94   3  16  17  51  89  62  57  21  97  20  51  79
   79  26  78  80  57  10  16  52   3  84  38  92  63  48  21  80  34  40
   32  36  56  99  40  50  60  37  20  67  83  64   8  37  82  27  23  89
  100  26  84  44  71   8  91  47  99]
 [  0  55   6  29  23  29  36  22  51   2  26  86  36  15  85  30  11  91
   99   9  58   7  36  50   5  27  85  18  74  35  88  19  48  49  21  97
    2   9  76  97  24   9  25  77  44  48  35  30  84  68   6  10  75  84
   94  25  41  11  20  62  14   8  52  81   9  75  63  31  75  27  13  53
   98  78  24  27  65  18  37  59  12]
 [  0  65  10   6  18  52   1  68  53  24   3  90  22  80  23  65  66  65
   49  80  15  62  69   6  66  38  41  11  70   8  26  57  81  52  59   2
    6  24  88  85  10  19  24  17  50  14  68  13  19   4  57  71  33  56
    2  19  67   7  43  98  69  62  66  79  26  92  46   1  83  27  32   6
   53  65  12  82  91  32  97   8  74]
 [  0  13  91  62  85  38  15  52   3  94   9  82  12  86  40  64  18  18
   87   5  64  50  39  16  96  49   5  93  34  37  33  26  31  77  17  41
   42  21  60  94  60  55  65  23  14  14  71  30  72  70  27  79  64  83
   97  14  57  33  67  54  57  18  78  47  58  14  54  62  74  60   3  21
   22  86  61  98  13  44  36  38  40]
 [  0 100  73  12  38  94  30  86  40  73  88  26  55  85  63  14  19  31
   31  25  60  20  55  68  33  26  72  54  52  78  40  76  99  50  64  27
   93  11  95  43  32  10  80  34  58  21  94  85  99  96  41  23  17  96
    3  79  92  95  71  79  46  50  42  23  79  90  72  18  31  31  55  48
   38  96  15   7  70  38   7  90  81]
 [  0   8  18  96  68  38  53  42   3  98   1  51  30  90  54  37  44  17
   23  38  96  30  19  96  61  88  61  29  18  25  95  81  91  38  61  82
   73  78  96  11   1  76  67  59  92  47  62  40  45  24   5  38  94  98
    7   4  12  79   8  88  88  90  13  38  85   2  70  72  88  42  42  87
   10  38  76  86  13  14  10  75  98]]
 setup_times
 [[[  0  65  94 114  63 117 109  93 119]
  [  0   0  99 102 104 117  68  79  74]
  [  0  85   0 103  74 114  78 102  62]
  [  0  87  72   0  80  73  63  84  69]
  [  0 108  93  69   0  61  96 110 103]
  [  0  81  76 105 116   0  95  92  68]
  [  0 103  81  93  94 118   0 108  69]
  [  0  67 101  83 105  90  68   0 116]
  [  0  78  85  87  78 103  66  95   0]]

 [[  0 112  73  71  99  96 115  88  80]
  [  0   0 104  99 104  79 101  92  98]
  [  0  95   0 119 114  85  88  61  75]
  [  0  69  94   0  91  75  92  89  84]
  [  0 114  92  95   0  90 102  96  94]
  [  0 102 117  62  69   0  67 100  79]
  [  0 119  93  89 116 119   0  83  91]
  [  0 100  60  80  99 117  98   0  91]
  [  0  60  65  74  76  98  77 119   0]]

 [[  0 113 104  75 117  99  80  80 117]
  [  0   0 118 112 108  81  63 119  95]
  [  0  67   0 112  91  91  77  89 108]
  [  0  90 109   0 114  66  95 118 115]
  [  0  73 106  69   0 103  83 118  63]
  [  0  62 105  70  85   0  85  84 116]
  [  0 116  68  82  68  70   0  82 109]
  [  0  85  99 114  96  97  65   0 109]
  [  0 116  64  75  69  90  99  93   0]]

 [[  0  91 111 102 116 105 119  84  87]
  [  0   0 110 115  90  87 105  68  87]
  [  0  99   0  77  93 105 109 113  98]
  [  0 107  65   0 119 109  87  97 111]
  [  0 101  99  99   0  68  79  79  72]
  [  0  94  91  62  66   0  72  69 101]
  [  0  71  98 116  71  96   0 105 114]
  [  0  91 115  98  73  82 110   0  77]
  [  0 116  77  73 119  70 105  72   0]]

 [[  0 115 104  72  82  73  85 104  69]
  [  0   0  68  81  91  84  65  87  90]
  [  0 104   0  82  90 116  75  89  68]
  [  0  72  63   0 102 111  97  91 109]
  [  0 100 114  70   0 115  74  61  99]
  [  0  84  65 106  95   0  98  67 119]
  [  0 113 101 118 106 109   0  63  70]
  [  0  97 110 114  75  66  87   0 101]
  [  0  70  65 115  86  63  96  89   0]]

 [[  0 117  88 117  94 111  62  83  71]
  [  0   0  97  81 104  75  82 104 105]
  [  0 110   0 114  96 110  89 113  88]
  [  0  84 108   0  62  61  86 101 108]
  [  0  79  66 116   0 116  82  86  60]
  [  0 103 117 107  85   0  88  88  79]
  [  0 112 112  81  70  96   0 115  68]
  [  0 111 116  65 103 115 115   0  88]
  [  0 102 109  94  71 117 113 108   0]]

 [[  0 119 115  70  62  94 118 110  93]
  [  0   0  92  64  81  65  96 100  97]
  [  0  75   0  77 107  86  79 106  69]
  [  0 107  80   0  98  81  70  98  96]
  [  0  97  73  81   0 111  94  79  68]
  [  0 116  83 115  95   0 117  92  94]
  [  0 106  86  77  61  63   0 115  97]
  [  0  78  86  65  89 110  91   0 117]
  [  0 103  90 108  81  98  81  70   0]]

 [[  0  84 101  74  96 100 100  62  85]
  [  0   0 113  92  97  71  78  82  72]
  [  0 110   0  99 114  93 114  73  79]
  [  0  98  83   0  71  61 102 119 109]
  [  0  81  65 110   0  75  95 110  75]
  [  0  69  66  75 104   0  87 109 107]
  [  0 100  76  95  61 117   0  71 112]
  [  0  67  98  82  91 108  97   0 108]
  [  0 114  90  89  89 109 101  92   0]]

 [[  0 111  84  94  89  75  60 112  79]
  [  0   0  71  84  96 117 104  99 106]
  [  0 117   0 101 116  78 117  75 111]
  [  0  84  69   0  85  66  90  66 119]
  [  0  77  66 117   0  70 103 111  65]
  [  0  81 115  78  63   0  76  95  63]
  [  0  64  79 109  68  60   0  88  66]
  [  0  63  80  85  73  94  90   0  78]
  [  0  92  66  95  66 110 106  92   0]]

 [[  0 107  93  89 115  71  91 109 114]
  [  0   0  61  84  87  81  65  99 103]
  [  0 105   0 100  86  74  78  80  81]
  [  0 110  74   0  77  90  60  90  90]
  [  0  97 106  81   0 113  63 106  73]
  [  0  64  70  71  86   0  83  75  85]
  [  0  81  93  66 117  68   0  85  61]
  [  0  83 116  80 111 113  60   0 119]
  [  0 107  72 108  63  65 114 110   0]]]
 delivery_times
 [[ 0 25  4 11 17 23 14 11 16 27  2 15  6 15 22 14 13 10 25  7 22 21  7  5
  26 15 28 23  2 23 13 21 11 10 15 27 20 11 24 20 25 28  9  1 14 15 16 28
   2 11 22 27  5 23 22 27  6  8 29  9 23 20 28 19  5 22  6 23  7 21  3 18
   1 23 29  1 16  9 27 27  3]
 [ 0 16  4 26  9 19 10  3  3  7  3 28 15 22  7 12  9 22 29  4 10 18 24 29
  14 20 12 19  8  6 29 26 13 19 20  5 12  5  4  4  2 17 23 20 16  3  6 17
  17  7 23  4  6  6 27 29 12  7 21 18  6 20  3  5  9 10 29 20 16 29 22 23
  21  9  4  6 20 29  7  5 22]
 [ 0 14 26  1  7 13 13 10 15 17 25 29 26  8  1 28  1 24 18  5 10  1 17  1
  28  2 19  8 26 22  5 16 18 18 23 26 24 11 15 17 28 26 11  7  4 22 11  1
  16 24  8 20  9  4 19 10  1  2  9 29  4 17 26  8 18 20 17 21 24 24 21 17
   7  1  3 17 27  7 23 16 14]
 [ 0  2  6 29 22 11 19  2 18 24 20 28 20 27 10 29 13 13  8 28 26 23 13 17
  27 12 10  7 17  8  5  7  9 21 14 28 27 15 17 23 22 26 13 29 26  9  4 17
  23 14 21 25  7 15  8 28 29 20 26 11  5  8 24 27 18 28  7  1 22  4 22  2
  14 25 27 23  4  6 17  6  4]
 [ 0 16  1 26 20 13 20 10 22 26 25  2  5  2 11 25 12 23 29 25 23 28 21 17
  11 10  1 21 13  4 21 16 13 14 27 12 18 27 23  6  1 12 23 24 11 21 18  5
  23 11 24 28 29  8  6 17 10 24  8 22 19 29  9 28  9  3 26 23  4 28  8  6
  16 21 12  1 16 22 12 13 29]
 [ 0 11 20 13 11 10 26 26  1  3 22  2 22 11 27 22 27 22  3 17  3 27 10 27
  12 25  5 27  6  3  1  6 18 24 16  5 13  7 24 23  1 19 15 19 13  2 25  6
  20 14 24 26  6 25  9  7 17 26  5  4 15 29 22 23  2 12 22 19  8 23  6 21
  29 11 26  6 18 18 15  1 10]
 [ 0  8 27 10 11 12  8 19 26 21 20 15  1  7  5 20  4  1 15 21  3 21 11 15
   8  8  7  1  4 21  2 16 21 26 13  7  4  5 12 20  1 23  6  7 11 29 13 22
   8 28 10 11 17 13  6  9  3  3  2 25  5  7 24  3 23 16 22 15 23 10 28  4
  10 21 23 27  6 20 10 16 15]
 [ 0  5 26 17 23 21 17 19 27 18 18  4  4 12  2 18 22  9 14  4  9 23 16 18
   3  3 22  4 22  3 27 29 15 11 16 16  6 22 23 17 16 28  2  5 13  6  1  4
   8 15 19 22  3  2 13 29  6 14  4  9 21  9 17 12 13 17  4 29 19 10 22 12
  10  3 16 20 22 15  3 18 17]
 [ 0 24 28 14 18  4  5 21 24 19 14  4 22  8  2  5 29 24 22 11  2 29 10  6
  26 22 19  3 14 20  6 17  9  7 17 29 27  3  2 17 28 23 19 25 12 18 15  3
  11 26 28 21 15 29 11  3 21  1  6 21 26 12 25 21 10 13 18 11 13 19 27 28
  17 28 10 24  3  1  5 29  8]
 [ 0  5 21 28  8  4 20 22 12 29 12 24 17  9 15  7 18 18  1 22 17 26  2  4
  13  4  4  2 13 25 23  8 24  4 28 14  1 17 26 16  3 14 21 15  2 25 18 25
  23 10 21  4 10  7 27 21 15 14 14  2 15 12  8  7 27  7 23 25 22 19 17 14
  28 17  1 14  4  1 20  5 17]]
 job2fam
 [[1 0 0 0 0 0 0 0 0 0 0 0 0 0 0 0 0 0 0 0 0 0 0 0 0 0 0 0 0 0 0 0 0 0 0 0
  0 0 0 0 0 0 0 0 0 0 0 0 0 0 0 0 0 0 0 0 0 0 0 0 0 0 0 0 0 0 0 0 0 0 0 0
  0 0 0 0 0 0 0 0 0]
 [0 0 0 0 0 0 0 0 1 0 0 0 1 0 0 0 0 0 0 0 1 0 0 0 0 0 0 0 1 0 0 0 0 0 0 0
  0 1 0 0 0 0 0 0 0 1 0 0 0 0 0 1 0 0 0 1 0 0 1 0 0 1 0 0 0 0 0 0 0 0 0 0
  0 0 0 0 0 0 0 1 0]
 [0 0 0 0 0 0 0 0 0 0 1 0 0 0 0 0 0 0 1 0 0 0 0 0 0 0 0 0 0 1 0 0 0 0 0 1
  0 0 0 1 1 0 0 1 0 0 0 0 0 0 0 0 0 0 0 0 0 0 0 0 0 0 0 0 1 1 0 0 0 0 0 0
  0 1 0 0 0 0 0 0 0]
 [0 0 0 0 1 0 1 0 0 0 0 0 0 0 0 0 0 1 0 0 0 1 0 0 0 0 0 0 0 0 0 0 0 0 0 0
  0 0 1 0 0 1 0 0 0 0 0 0 0 0 0 0 0 0 0 0 1 0 0 0 0 0 0 0 0 0 0 0 0 1 0 0
  0 0 0 0 0 0 0 0 0]
 [0 0 0 0 0 0 0 1 0 0 0 1 0 1 0 0 0 0 0 0 0 0 0 0 0 0 0 0 0 0 0 0 1 0 0 0
  0 0 0 0 0 0 1 0 1 0 0 0 0 1 0 0 0 0 0 0 0 1 0 0 0 0 0 1 0 0 0 0 0 0 0 0
  0 0 0 0 0 1 0 0 0]
 [0 1 0 1 0 1 0 0 0 0 0 0 0 0 0 0 1 0 0 0 0 0 0 0 0 0 0 0 0 0 1 0 0 0 0 0
  0 0 0 0 0 0 0 0 0 0 0 1 0 0 0 0 1 0 1 0 0 0 0 0 0 0 0 0 0 0 0 1 0 0 0 0
  0 0 0 0 0 0 0 0 1]
 [0 0 0 0 0 0 0 0 0 0 0 0 0 0 0 0 0 0 0 0 0 0 1 0 0 1 1 1 0 0 0 1 0 0 0 0
  0 0 0 0 0 0 0 0 0 0 0 0 0 0 0 0 0 1 0 0 0 0 0 1 1 0 1 0 0 0 1 0 0 0 1 1
  0 0 0 0 0 0 0 0 0]
 [0 0 0 0 0 0 0 0 0 1 0 0 0 0 1 0 0 0 0 1 0 0 0 0 1 0 0 0 0 0 0 0 0 1 0 0
  0 0 0 0 0 0 0 0 0 0 1 0 0 0 1 0 0 0 0 0 0 0 0 0 0 0 0 0 0 0 0 0 1 0 0 0
  1 0 0 1 0 0 0 0 0]
 [0 0 1 0 0 0 0 0 0 0 0 0 0 0 0 1 0 0 0 0 0 0 0 1 0 0 0 0 0 0 0 0 0 0 1 0
  1 0 0 0 0 0 0 0 0 0 0 0 1 0 0 0 0 0 0 0 0 0 0 0 0 0 0 0 0 0 0 0 0 0 0 0
  0 0 1 0 1 0 1 0 0]]
