params：
 weight-->(1, 10)
 proc_times-->(1, 100)
 setup_times-->(60, 120)
 delivery_times-->(1, 100)
 job_rate-->8

start:
alpha_1
8
 alpha_2
2.0
 mach
10
 job
80
 fam
8
 weigh
 [[0 6 4 5 8 1 2 9 7 7 6 5 1 9 8 5 9 2 3 3 2 8 2 3 9 2 2 9 8 8 1 3 6 2 5 1
  1 1 8 9 2 4 6 2 5 8 9 1 4 2 4 6 1 1 1 5 1 6 3 2 6 9 5 8 5 7 2 5 2 5 3 9
  1 9 9 5 9 9 7 5 5]]
 proc_times
 [[  0   3  22  89  55  14  73  64  39  65  46  42  83  78  10  67  96  96
   26  40  98  31  32  58  52  60  30  97  40  53  42  94  31  76  12  49
   63  17   4  85  43  34  98  47  57  24  45  86   9  86  22   9  38  19
   39   1  32  66  73  66  82  75  72  82  72  18  74  85   8  80  28  72
   75  89  97  82  74  75  77  49  32]
 [  0  72  11  81  76  85  48  67   5  76  41  38  60  78  46  75  64  20
   84  38  71  42  40  67  74  73  30  19  53 100  19  31  83  82  54  60
   95  26  91  56  99  43  19  58  80  17  74  94  66  37  65  45  35  99
    2  31  35  40  66  87  16   8  74  13  25  21  54   9  81  52  88  86
   64  92  70   3  85   2  99  29  40]
 [  0  11  35  77  11  24  63  67  46  94  82  27  61   2  63  87  78  31
   47   1  87  29  83  51   7   3  11  68  29  32  56  16  90  98  58  25
   53  32  75  30  20  62  79  85  62  33  36  69  64  92  74  27   6  98
   74  54  23  39   5  54  55   2  43  45  62  62  63  63  74  29  57  71
   14  89  34  68  21   7   5  18  76]
 [  0  28  37  82  85 100   8  33  40  59  77  54  41  30   6  19  40  66
   54  90  54   2  10  89  17  72  34  96  35  70  12  61   4  57  61  13
   72  48  67  66  76  78   9  74  40  74   8  55  76  21   3  16  30  48
   84  16  45  17   1  59  82  91  12  13  39  88  23   3  41  97  50 100
   95  53  60  86  98  98  94  97  57]
 [  0  25  27  75  23  64  24  84  64  71  47  67  75  84  65  43   6  91
   23  78  66  96  95  66  70  91   3  96  39  32  46  11  74  25  27  73
   25  16  48  41  61  74  76  54  64  83  76   7  35  82  94  29  91  83
    5  41   5  61  95  27  87  96  22  32  25  43  31  88  86  28  84  89
   25  31  97  39  94  94  73   6  64]
 [  0  32  99  79  99  60   9  36   9  78  86  34  53  61  49   7  64  89
   30  23  55  52  23  21  58   3  23  98  34  45   6  85  64  36  10  68
   41  81  76   6  42  15  29  78  43  18  88  15  37  57  64  45  90  83
   32   9  89  44  68  30  66  28  82  31  23  18  51  61   6  19  78   5
   80  62  68  67   6  67  82  61  69]
 [  0  64  41   4  13  26  42  50  11  91  25  89  19  57  43  94  85  33
   21  15  54  62  36  76  34  41  97  67  81  84   1  77  45  70  84  51
   95  41  52  18  72  80  37  35  12  88  14  83  73  84  32  92  64  68
   19  97  13  99   8   7  53  48  17  98  75  27  98  85  81   7  17  38
   22  67   6  95  95  86  25  19  47]
 [  0  46  41  40  88  60  45  93  15  83  57  73  89  34  20  90   6  33
    8  34  53  88  39   6  91  88  19  10   1  83  24  76   1  15  24  27
   78  20  23  23  72 100  61   2  58  79  39  80  18   4  16  81  54  36
   90  83  18  74  56   3  50  84  68  75  65  98  88  21  32  97  77   7
   61  94  32  66  97  11  45  32  49]
 [  0   9  14  32  32  89  28  89   9  97  78  83  57  96  62  21  89  70
   69  32  53  64  18  10   9   1  99  32  42  67  23  66  61   1  97  33
   91  25  68  89   2  69  97  88  12  99  86  61  27   1  93  60  79  51
   22  98  70   9  72  13  83  36  89  88   8  12  20  16  63  36  17  36
   51  18  20  65  33  81   9  79  40]
 [  0  99   3  99  36  70  43  15  96  24  37  31  55   4  99 100  53   1
   90  42  55  26  43  75  80  15  64  76 100  29  23  54  48   5  76  12
   48  26  43   8  23  34  71  84  24  55  60  75  46   8  45  22  12   5
   66  98  28  61  41  71   2  92  80  39  97  80  34  80  60  22  27   4
   44  21  80  53  48  24  95   9  17]]
 setup_times
 [[[  0  64 102  72 100  62 119  61  99]
  [  0   0  78  91  92  61  87  76 109]
  [  0  71   0  94 118 111 119  88  91]
  [  0  89 102   0 115  98 119  72  91]
  [  0 115 107 119   0 103 104  75 106]
  [  0  76  81  75  86   0 113  71  73]
  [  0  71  66  97  78  87   0  96  86]
  [  0  74  75  66 105  62  99   0  80]
  [  0  62 102 119  71  84 104  98   0]]

 [[  0  99  80 107  90 110 113 101  61]
  [  0   0 115 106  69  75 115  63 103]
  [  0  88   0 107  92  78  91  64  62]
  [  0  77  99   0 115  83  97  75 116]
  [  0  80 113  97   0  60 103  85  68]
  [  0 118  72  77 106   0 101  89 108]
  [  0 106  73  66  69 107   0 103 101]
  [  0  97  72  77  60  92  91   0  67]
  [  0  72 104  99  79  81 114 106   0]]

 [[  0  73  62  76  98 109 110  99  67]
  [  0   0  96  94  61 117  63  81 117]
  [  0  68   0  81 118 119 105  68  92]
  [  0  93 119   0  79  71  77  86  63]
  [  0  77 100  65   0  91  86  86 105]
  [  0 114 112  75 109   0  87  99  79]
  [  0  94  76  96  93 105   0  70  98]
  [  0  69  86 114 115  84 112   0 119]
  [  0  89  89 111 114  81  79  79   0]]

 [[  0  81 106  84  65 110  80  62  93]
  [  0   0 115  87 109  60 107  71  88]
  [  0  87   0 107  67  76 118  76 103]
  [  0  99  88   0  64  91  67  68  62]
  [  0  89 107  67   0 105  93  88  91]
  [  0 107 102 114 115   0  65  81  81]
  [  0 115  90  63  70  91   0  76  89]
  [  0 115  72  83  84  77  93   0  64]
  [  0  82 107  98  73  67  72 113   0]]

 [[  0  91  70 108 119  87  60  61 119]
  [  0   0 116  68  99  61  75  95 115]
  [  0 108   0  82 106 115 112  64  89]
  [  0 105  65   0  83  80 115  61  99]
  [  0 118 111  61   0  89  77  63  88]
  [  0  85 100  87  87   0  95 118 114]
  [  0 114  89 105 102  62   0  82  74]
  [  0 112 107  95  91  99  61   0  78]
  [  0  61  86 102  90  65  77  67   0]]

 [[  0 108 101 108  62  60  75 116 117]
  [  0   0 111 110  96  66  73  72  83]
  [  0  65   0  85  92  98  83  99 115]
  [  0  94 109   0  70  80 116  82  80]
  [  0  78  76  86   0  98  91  65  85]
  [  0  96  72 114 100   0  69  60  76]
  [  0  97 108  92  78  65   0 105  93]
  [  0  78  70 118  86  85 119   0  96]
  [  0  98  98  82 101  83  99 117   0]]

 [[  0 104  91  87 105  90 103 115  67]
  [  0   0  69  60 100  88  99  62  67]
  [  0  61   0  91 109 106  61  87  75]
  [  0  89  88   0  80  69 104 108  93]
  [  0  88  78  86   0  66  79 118  70]
  [  0 109 119  62  73   0  95  80  67]
  [  0  97  89  64 109  84   0  60  92]
  [  0  69 101 100 105  60  97   0  73]
  [  0  74 110 119 117  98 104  90   0]]

 [[  0 108 116  73 115  68  74 115  94]
  [  0   0  97  82  65 101  99  64  64]
  [  0 102   0  70  84  64  80  86  62]
  [  0  86 112   0 119  93 110  71  84]
  [  0 103 107 106   0  99 115  98  88]
  [  0 106  89  88 109   0 118  73  62]
  [  0  70  60  94  66  83   0  64  67]
  [  0 106 107  83 106  94  77   0  99]
  [  0  65  88 110  75 112  61  76   0]]

 [[  0 105 114 109  86  61  67 117 116]
  [  0   0  84  64 108 113  79 106  82]
  [  0  77   0  74 110  73 116  65  72]
  [  0 115 104   0 108  78  63  64  95]
  [  0  74  79  73   0  95  89  80  71]
  [  0  65  98 100  66   0  93  75  99]
  [  0 104 100 106  70  75   0  96 115]
  [  0 107  99  87 114  74 118   0 102]
  [  0  76  89  84  62 110  90  82   0]]

 [[  0 114 107  63 110 102  66  73  65]
  [  0   0  65  91  75  73  80  78 119]
  [  0  96   0  62  85  92  80 108 118]
  [  0  67  89   0 118  89  79  91  79]
  [  0  80  84 113   0  74  85  80  96]
  [  0  73  92  76  91   0  70 114  78]
  [  0 116 104  75  86  68   0  63 110]
  [  0  94  90 112  85 118  72   0  78]
  [  0  82  95  81  96  82  95  69   0]]]
 delivery_times
 [[ 0 27 26 28 38 24 82 94  6 82 90 11 28 78 70 98 93 46 14 93 47 13 16 34
  46 42 60 66 56 12 66 54 71 51 97 88 70 14 55 51 68 49 60 69 62  4 21 94
  30 17 96 57 62 86 55 73 72 34 79 64 54 16 11 49 76 88 35 72 65 62 59 76
  67 12 11 40 35 38 92 29 51]
 [ 0 36 68 80 25 39 64 16 33 53 72 70 60 41 91 35 60 42 32 38 21 43 45 93
  54 48 66 96 32 32 48 44 35 34 48 20 93 83 95 13 48 10  9 79 10 79 68 37
  57 88 34 41 93 60 77 97 41 86 86  8 96 50 51 93  2 84 25 64 51 20 54 96
  82 26 74 65 15 71 70  9 33]
 [ 0 22 42 15 48 50 52 20 85 29 13 35 84 41 93 60 96 58 51 50  1 93 56 94
   1 87 41 40 51 53 98 74 65  8 16 29 65 38 45 20  8 42 84 42 83 82 25 25
  69 69 71 10  7 31 80 90 15 44 43 50 31 29 27 79 35 40 54 31  9 47 61 93
  54 53 96 35 53 48 84 11  2]
 [ 0  8 76 44 55 34 52 12 72 32 76 19 77 66 70 87 88 44 24 78 41 79 62 46
  65 10 73 99  3 61 70 59 62  3 22 28 13 32 19 83 38 47 51 22 61 57 68 87
  34 83 93 22 29 44 19 98 86 24 98 74 31 33 61 19 47 60 22 55  2 49 93 92
  93 98 86 13 23 66 56 81 95]
 [ 0 65 28 46 31 89  5 45 38 84 94 58 51 49 84 79 54 66 22 27 38 34 44 76
   2 75 78 20 80 27 69 33 32 76 11 59 68 63 80 12 50 70 65 14 13 88 80 72
  11 63  8 93 15 79 31 16 45 13 16 89 11 33 46 84 76 54 84 53 60 58 26 81
  20 34 95 62 78 28 75 99 33]
 [ 0 91  9 66 36 97 86  1 18 63 87 61 99 95 90 97 28 82 51 50 52  5 59 25
  88 43 52 83 21 98 60 67 21 65 23 30 17 78 76 12 57 79 61 94 63 83 30 68
  29 24 60 30 98 22 77 35  9  6 15 37 34 45 21 59 91 93 36 80  7 57 96 35
   7 71 39 97 36 36 75 19 49]
 [ 0 26 71 21 68 58 66 75 67 48 58 76 38 58 81 82 73 71 58 90  8  8 47 22
  62  8 16 98 89 93 59 34 93 53 64 38 27 62 89 41 68 45 35 10 32 60 25 66
  81 26 81 92 33  6 68 35 99 47 94 89 67 62 56 88 93 38 63 27 34 14 88 24
   1 37 40 66 12 91 43 70 57]
 [ 0 17 13  5 33 94 18 52 77 68 84  2 45 55 25  9 10 98 62  5  7 92 31 56
  20 78 85  4 66 81 12 46 38 72 14 27 33 93 22 36 36 27 73 50 94 25 68 33
  17 28 55 24 71 42 32 34 60 80 54 12 31  1 91 71 97 10 99 88 81 89 31 48
  92 37 44 77 17 95 31 96 63]
 [ 0 34 11 50 25 71 72 69 91 39 16 32 86 48 20 94 29 30 81 62 38 54 54 97
  95 70 61 52 74 72 38 74 55 16 57 23 33 12 17 69 90 16 11 67 12 90 82 97
  84 58 41  8 97 68 87 31 61 91  9  4  7 21 99 87 92 40 12  6 92 80 91 21
  17 58 15 32  2  7 71 59 31]
 [ 0 57 56 31 22  9 60 24 24 60 57 18 14 49 86 21 14 45 13 39 48 11 77 38
  43 51 36 91 15 75 55 48 51  8 19 15 67 73 11 71 65 24 18 95 91 41 94  3
  71 71 31 60 85  4 49 68 40 97 63 62 65 31 81 41 86  1 44 93 25 74 97 88
  44 35 21 89  6 60 34  5 14]]
 job2fam
 [[1 0 0 0 0 0 0 0 0 0 0 0 0 0 0 0 0 0 0 0 0 0 0 0 0 0 0 0 0 0 0 0 0 0 0 0
  0 0 0 0 0 0 0 0 0 0 0 0 0 0 0 0 0 0 0 0 0 0 0 0 0 0 0 0 0 0 0 0 0 0 0 0
  0 0 0 0 0 0 0 0 0]
 [0 0 0 0 0 0 0 0 1 0 0 0 1 0 0 0 0 0 0 0 1 0 0 0 0 0 0 0 1 0 0 0 0 0 0 0
  0 1 0 0 0 0 0 0 0 1 0 0 0 0 0 1 0 0 0 1 0 0 1 0 0 1 0 0 0 0 0 0 0 0 0 0
  0 0 0 0 0 0 0 1 0]
 [0 0 0 0 0 0 0 0 0 0 1 0 0 0 0 0 0 0 1 0 0 0 0 0 0 0 0 0 0 1 0 0 0 0 0 1
  0 0 0 1 1 0 0 1 0 0 0 0 0 0 0 0 0 0 0 0 0 0 0 0 0 0 0 0 1 1 0 0 0 0 0 0
  0 1 0 0 0 0 0 0 0]
 [0 0 0 0 1 0 1 0 0 0 0 0 0 0 0 0 0 1 0 0 0 1 0 0 0 0 0 0 0 0 0 0 0 0 0 0
  0 0 1 0 0 1 0 0 0 0 0 0 0 0 0 0 0 0 0 0 1 0 0 0 0 0 0 0 0 0 0 0 0 1 0 0
  0 0 0 0 0 0 0 0 0]
 [0 0 0 0 0 0 0 1 0 0 0 1 0 1 0 0 0 0 0 0 0 0 0 0 0 0 0 0 0 0 0 0 1 0 0 0
  0 0 0 0 0 0 1 0 1 0 0 0 0 1 0 0 0 0 0 0 0 1 0 0 0 0 0 1 0 0 0 0 0 0 0 0
  0 0 0 0 0 1 0 0 0]
 [0 1 0 1 0 1 0 0 0 0 0 0 0 0 0 0 1 0 0 0 0 0 0 0 0 0 0 0 0 0 1 0 0 0 0 0
  0 0 0 0 0 0 0 0 0 0 0 1 0 0 0 0 1 0 1 0 0 0 0 0 0 0 0 0 0 0 0 1 0 0 0 0
  0 0 0 0 0 0 0 0 1]
 [0 0 0 0 0 0 0 0 0 0 0 0 0 0 0 0 0 0 0 0 0 0 1 0 0 1 1 1 0 0 0 1 0 0 0 0
  0 0 0 0 0 0 0 0 0 0 0 0 0 0 0 0 0 1 0 0 0 0 0 1 1 0 1 0 0 0 1 0 0 0 1 1
  0 0 0 0 0 0 0 0 0]
 [0 0 0 0 0 0 0 0 0 1 0 0 0 0 1 0 0 0 0 1 0 0 0 0 1 0 0 0 0 0 0 0 0 1 0 0
  0 0 0 0 0 0 0 0 0 0 1 0 0 0 1 0 0 0 0 0 0 0 0 0 0 0 0 0 0 0 0 0 1 0 0 0
  1 0 0 1 0 0 0 0 0]
 [0 0 1 0 0 0 0 0 0 0 0 0 0 0 0 1 0 0 0 0 0 0 0 1 0 0 0 0 0 0 0 0 0 0 1 0
  1 0 0 0 0 0 0 0 0 0 0 0 1 0 0 0 0 0 0 0 0 0 0 0 0 0 0 0 0 0 0 0 0 0 0 0
  0 0 1 0 1 0 1 0 0]]
