params：
 weight-->(1, 10)
 proc_times-->(1, 100)
 setup_times-->(30, 60)
 delivery_times-->(170, 200)
 job_rate-->8

start:
alpha_1
8
 alpha_2
1.0
 mach
10
 job
80
 fam
8
 weigh
 [[0 2 1 1 3 5 7 4 6 7 5 8 6 8 2 6 8 9 8 1 4 6 8 1 7 2 7 2 6 8 8 2 5 7 3 4
  3 4 9 7 8 7 8 4 7 7 2 8 3 1 8 2 6 6 7 6 3 1 1 7 1 6 6 9 2 6 2 4 5 7 8 2
  5 7 1 2 2 9 3 1 1]]
 proc_times
 [[  0  70 100  26  82  37  24  75  63  28  92  94  55   8  92  37  88  98
   93   3  36  84  34  43  61  96  25  64  52  67  34  73  86  80  10  93
   45  79  46  17  31  94  57  11  57  19   4  43  23  68  66  68  15  56
   83  40  19  47  69  99  36  96  34  78  73  17  67  95  20  98  31  34
    2  29  35  78  92  29  54   5  89]
 [  0   5  14  26  49  74  13  69  73  28  64  66  28  62  65  52  48  14
   73  88  35  37   2  29  92  37  62  17  29  82  97  98  78  94  26  26
   46  15  99  63  40  99   5  41  15  63  47  40  95  74  67  84  36   7
   22  55  48  50  69  58  89  12  98  13  89  55  90  92  22   4  20  58
    6  89  14   6  96  81  77  29  26]
 [  0  66  42  83  65   3  25   3  98  24  88  41   5  25 100  66  55  99
   45  32  52  58  26  54   2  81  18  86  44   9  97   1  69  75  78  63
   24  80  81  86  87  72  39  15  79  17  45  20  82  83  73  25  85  27
   50  21  89  81  40   1  61   2   2  31  79   5  30  42  29  85  93  45
   26  66  53  44  56  10  95  10  85]
 [  0  32  46  40  81  26  33  25  21  56  32  84  48  73  85  74  45  28
   24   2   5  34  48  72  86  74  11  17  41  51  47  49  57  94  56  42
   39  85  25 100  55  18  12  44  96  14  20  72 100  38  80  28  61  53
   14  11  58  64  30  60  28   7  13  18  15  97  58  27   7  51  29  92
   57  88  89  38  82  34  94  12  54]
 [  0  59  50  81  77  74  56  82  17  28  73  45  63  97  12  91  68  21
   92  11  72  52  85   6  30  51   8  40  21  97  92  84   8  10  11  42
   67  62  90  93  37  10  42  82  45   8  23  95  81  96   4  54  11  14
   84  93  46  96  36  51  64  50  21  94  36  43  10  40  21  26  67  10
   49  38   1  40  81  34  72  32   7]
 [  0   4  11  69 100  20  62   2  28  54  12  54  25  55  66  13   3  60
   69 100  54  39  54  47  53  26  23  50  30  62  29  26  49  47  53  21
   47  71  75  30  17  51  92  93   6  49  65  45  63  53  41  73   1  77
   31  35  21  42  15  43  87   8  57  87  72  86  93  94  53  33  99  85
   40  63  28  40  92  27  90  76  89]
 [  0   2  14  15  28  39  73  99  63  11  84  59  30 100  68  46  32  81
   61  39  77  94  26  64  80  21  41  73  74  21  80  78  99  84   4  54
    7  90  66  33  73  60   9  32  23  97   3  39  14 100  45  85  80  48
   23  55  87  86  11  22  92  84  63   9  69  97  59  95  65  35  97  68
   56  75  71  91   9  72  78  21  37]
 [  0  62  85  21  37  72  88  66   8  13   9  16  27  47  24  82  25  79
    1  69  90  55  16   9  81  35  15  65  73  11  81 100  17  62  87  25
   85  38  64   7   7  90 100  58  60  94  10  97   6  83  82  24  60  25
   79  33  66  21  30   1  65  67  92  22  86   1  26  64  35  77  18  76
   58  32  47  38  68   9  31  30  91]
 [  0  89  28  50  17  78  15  17  71  79  71  94  14  10  30  44  82  72
   37  31  62  88  35  88  28  38  33  37  99  29  28  65  37  75   2  48
   27  82  24   5  55  15  75  85  18  71  61  32  65  45  21  42  35  84
   50  11  54  87  80  85  96  26  12  99  95  56  58  23  49  51  67  99
   18  34  28  11  95  40  38  90  98]
 [  0  19  87   7  66  18  95   6  14  23  58  46  83  57  33   8  46  20
   98   6  92  80   3  80  72  95  20  20   6  15  12  69  25  22   7  29
   48  53   9  85  37  78  16  57  55  36  85   8  13  76  52  58  70  80
   41  45  68  36  29  47  11  25  15  31 100  21  83  70  47  73  41  89
   92  11  35  71  21  72  67  61  30]]
 setup_times
 [[[ 0 47 47 32 37 56 44 39 58]
  [ 0  0 56 52 52 32 58 38 50]
  [ 0 30  0 39 58 48 59 34 49]
  [ 0 42 37  0 58 51 57 30 50]
  [ 0 41 44 38  0 50 59 54 51]
  [ 0 33 43 34 35  0 33 42 40]
  [ 0 57 33 41 47 34  0 43 46]
  [ 0 47 44 55 56 52 59  0 53]
  [ 0 47 57 52 39 31 47 30  0]]

 [[ 0 47 36 41 42 47 43 42 50]
  [ 0  0 55 38 31 31 30 31 31]
  [ 0 47  0 59 32 41 48 51 36]
  [ 0 36 57  0 47 30 49 35 57]
  [ 0 57 43 32  0 49 43 43 33]
  [ 0 45 33 46 43  0 32 47 30]
  [ 0 38 44 44 51 49  0 58 54]
  [ 0 47 42 56 38 48 59  0 47]
  [ 0 48 44 34 53 36 52 53  0]]

 [[ 0 30 52 42 46 59 33 35 53]
  [ 0  0 31 58 48 59 40 58 31]
  [ 0 32  0 49 31 44 48 39 56]
  [ 0 53 58  0 56 46 36 56 31]
  [ 0 58 49 38  0 47 42 56 51]
  [ 0 43 56 33 49  0 38 44 30]
  [ 0 45 52 59 59 55  0 49 49]
  [ 0 34 34 37 43 51 52  0 42]
  [ 0 31 45 45 39 57 51 39  0]]

 [[ 0 35 32 46 44 55 55 40 36]
  [ 0  0 39 34 30 50 56 38 49]
  [ 0 33  0 30 58 30 32 54 31]
  [ 0 54 35  0 33 43 44 55 48]
  [ 0 43 50 39  0 36 33 49 36]
  [ 0 35 55 55 50  0 51 54 36]
  [ 0 43 50 43 53 52  0 51 41]
  [ 0 53 56 30 58 36 40  0 41]
  [ 0 41 40 39 50 44 41 44  0]]

 [[ 0 30 52 56 57 37 49 59 48]
  [ 0  0 44 35 46 42 30 38 34]
  [ 0 44  0 34 57 37 41 59 52]
  [ 0 52 56  0 57 58 35 55 38]
  [ 0 30 54 33  0 46 31 43 44]
  [ 0 50 53 48 52  0 44 32 52]
  [ 0 50 57 37 54 39  0 54 55]
  [ 0 48 47 52 58 45 35  0 56]
  [ 0 48 49 31 30 41 52 30  0]]

 [[ 0 37 54 54 59 50 38 34 32]
  [ 0  0 31 59 32 43 32 58 39]
  [ 0 35  0 57 39 38 36 32 33]
  [ 0 59 54  0 39 31 44 58 31]
  [ 0 42 43 52  0 42 58 59 33]
  [ 0 30 41 54 55  0 51 47 49]
  [ 0 48 45 50 45 43  0 57 47]
  [ 0 33 51 47 51 45 32  0 42]
  [ 0 50 36 43 50 35 48 50  0]]

 [[ 0 54 40 31 51 56 54 40 39]
  [ 0  0 45 59 49 34 56 35 47]
  [ 0 33  0 45 45 57 42 31 40]
  [ 0 34 51  0 43 44 43 49 57]
  [ 0 50 45 53  0 39 30 42 44]
  [ 0 36 37 56 45  0 48 54 53]
  [ 0 58 47 39 42 35  0 33 33]
  [ 0 58 59 33 56 33 33  0 46]
  [ 0 41 48 30 53 50 50 43  0]]

 [[ 0 55 39 38 39 49 47 50 45]
  [ 0  0 43 59 46 31 49 44 36]
  [ 0 51  0 38 42 34 44 50 38]
  [ 0 32 56  0 36 32 42 33 53]
  [ 0 53 35 34  0 57 34 54 58]
  [ 0 42 46 35 55  0 47 35 45]
  [ 0 57 36 47 42 35  0 43 31]
  [ 0 50 42 47 57 57 37  0 53]
  [ 0 47 40 37 56 56 47 41  0]]

 [[ 0 41 31 45 45 45 57 31 38]
  [ 0  0 54 57 43 56 48 39 41]
  [ 0 32  0 30 31 48 40 38 52]
  [ 0 49 53  0 53 42 48 38 48]
  [ 0 53 55 35  0 51 45 47 33]
  [ 0 48 42 53 56  0 53 48 35]
  [ 0 33 47 42 33 31  0 47 37]
  [ 0 48 41 43 58 46 42  0 58]
  [ 0 58 31 45 38 57 50 37  0]]

 [[ 0 56 34 50 34 41 43 33 34]
  [ 0  0 30 37 43 49 30 50 34]
  [ 0 48  0 41 41 44 50 48 51]
  [ 0 38 30  0 51 50 58 42 35]
  [ 0 48 52 34  0 30 53 45 41]
  [ 0 40 30 38 57  0 46 47 30]
  [ 0 33 44 52 59 35  0 49 59]
  [ 0 35 46 49 45 59 33  0 33]
  [ 0 59 42 51 32 43 55 33  0]]]
 delivery_times
 [[  0 182 198 190 175 175 188 185 181 184 190 192 172 187 175 191 189 193
  173 179 187 188 183 189 177 173 176 196 198 193 190 182 198 179 198 175
  194 185 189 171 195 186 177 187 188 173 199 198 172 175 182 175 185 188
  186 173 175 197 199 176 184 189 179 197 197 176 196 195 195 176 170 194
  170 198 199 173 184 197 171 185 199]
 [  0 177 187 198 172 175 181 172 181 194 187 195 189 187 170 179 176 186
  170 194 190 189 177 170 188 177 196 194 178 179 195 180 199 198 191 193
  196 188 175 170 185 197 183 176 197 188 178 179 183 187 177 189 170 197
  178 192 184 184 181 176 174 195 181 173 178 182 174 177 196 198 179 187
  195 187 170 180 172 172 180 191 184]
 [  0 189 188 190 182 180 174 193 174 172 177 179 188 183 181 174 176 178
  186 173 171 199 192 174 191 199 198 190 186 177 189 192 177 182 179 171
  182 178 198 178 194 180 176 197 180 190 198 188 170 190 191 178 199 175
  178 196 198 172 187 193 172 199 196 199 175 198 174 193 171 177 175 174
  182 171 173 177 177 178 183 170 177]
 [  0 179 188 173 178 186 183 198 187 173 194 170 177 182 176 173 199 177
  181 199 184 183 177 181 183 198 188 183 192 195 185 173 191 199 187 184
  199 178 183 175 177 179 175 185 186 179 186 187 191 181 191 197 194 195
  171 172 194 171 176 188 176 192 195 172 176 192 188 188 174 194 184 194
  189 174 196 179 172 176 171 199 170]
 [  0 186 171 182 180 189 191 191 193 179 181 191 193 197 185 191 173 170
  195 191 170 192 189 170 196 185 190 177 195 174 178 181 181 185 186 193
  171 178 172 193 194 184 197 182 192 182 197 180 196 183 178 183 176 182
  170 173 178 179 184 191 179 198 178 183 175 194 194 192 188 172 197 196
  189 198 188 171 196 199 185 183 178]
 [  0 173 193 199 188 182 185 175 178 183 182 199 192 199 182 189 177 181
  172 178 177 187 198 192 195 179 173 170 196 178 178 172 179 173 197 184
  178 179 185 195 178 178 177 174 188 176 192 175 176 177 179 189 195 198
  192 187 189 190 184 176 198 179 182 182 173 191 180 180 175 173 199 198
  171 198 199 178 179 175 196 175 185]
 [  0 174 170 189 178 198 181 194 180 180 184 199 198 178 177 177 175 181
  196 187 181 194 184 198 181 198 195 183 195 173 199 176 178 190 193 178
  196 181 178 197 197 194 171 186 181 186 197 176 191 188 180 170 192 179
  197 197 175 193 175 182 179 185 180 172 191 185 175 190 180 190 175 198
  199 190 189 199 189 197 196 180 198]
 [  0 177 187 199 178 178 183 199 172 174 176 188 188 185 194 192 182 192
  180 175 173 188 179 198 186 181 176 194 175 184 182 171 189 189 182 170
  193 196 173 199 175 199 183 174 197 199 188 181 194 186 183 190 183 198
  176 196 196 171 188 174 194 195 178 181 188 182 195 183 177 182 190 172
  171 176 171 176 187 180 179 170 173]
 [  0 173 189 184 175 175 186 181 180 191 199 194 181 183 197 181 174 198
  195 179 175 175 171 176 177 195 189 195 179 198 183 181 174 181 184 179
  170 182 172 192 189 184 173 193 174 170 192 195 175 194 194 193 185 182
  183 185 196 199 183 178 193 176 177 177 177 178 186 184 172 194 190 180
  197 178 184 179 179 199 192 171 189]
 [  0 191 191 173 172 185 180 188 197 195 196 188 191 192 197 186 191 195
  172 170 183 197 180 187 178 176 170 178 171 176 188 193 173 192 183 179
  193 171 175 172 179 195 189 184 196 194 185 188 196 179 192 191 193 180
  189 172 195 198 184 186 180 193 170 195 177 196 184 176 172 171 176 178
  174 183 181 181 189 182 186 196 197]]
 job2fam
 [[1 0 0 0 0 0 0 0 0 0 0 0 0 0 0 0 0 0 0 0 0 0 0 0 0 0 0 0 0 0 0 0 0 0 0 0
  0 0 0 0 0 0 0 0 0 0 0 0 0 0 0 0 0 0 0 0 0 0 0 0 0 0 0 0 0 0 0 0 0 0 0 0
  0 0 0 0 0 0 0 0 0]
 [0 0 0 0 0 0 0 0 1 0 0 0 1 0 0 0 0 0 0 0 1 0 0 0 0 0 0 0 1 0 0 0 0 0 0 0
  0 1 0 0 0 0 0 0 0 1 0 0 0 0 0 1 0 0 0 1 0 0 1 0 0 1 0 0 0 0 0 0 0 0 0 0
  0 0 0 0 0 0 0 1 0]
 [0 0 0 0 0 0 0 0 0 0 1 0 0 0 0 0 0 0 1 0 0 0 0 0 0 0 0 0 0 1 0 0 0 0 0 1
  0 0 0 1 1 0 0 1 0 0 0 0 0 0 0 0 0 0 0 0 0 0 0 0 0 0 0 0 1 1 0 0 0 0 0 0
  0 1 0 0 0 0 0 0 0]
 [0 0 0 0 1 0 1 0 0 0 0 0 0 0 0 0 0 1 0 0 0 1 0 0 0 0 0 0 0 0 0 0 0 0 0 0
  0 0 1 0 0 1 0 0 0 0 0 0 0 0 0 0 0 0 0 0 1 0 0 0 0 0 0 0 0 0 0 0 0 1 0 0
  0 0 0 0 0 0 0 0 0]
 [0 0 0 0 0 0 0 1 0 0 0 1 0 1 0 0 0 0 0 0 0 0 0 0 0 0 0 0 0 0 0 0 1 0 0 0
  0 0 0 0 0 0 1 0 1 0 0 0 0 1 0 0 0 0 0 0 0 1 0 0 0 0 0 1 0 0 0 0 0 0 0 0
  0 0 0 0 0 1 0 0 0]
 [0 1 0 1 0 1 0 0 0 0 0 0 0 0 0 0 1 0 0 0 0 0 0 0 0 0 0 0 0 0 1 0 0 0 0 0
  0 0 0 0 0 0 0 0 0 0 0 1 0 0 0 0 1 0 1 0 0 0 0 0 0 0 0 0 0 0 0 1 0 0 0 0
  0 0 0 0 0 0 0 0 1]
 [0 0 0 0 0 0 0 0 0 0 0 0 0 0 0 0 0 0 0 0 0 0 1 0 0 1 1 1 0 0 0 1 0 0 0 0
  0 0 0 0 0 0 0 0 0 0 0 0 0 0 0 0 0 1 0 0 0 0 0 1 1 0 1 0 0 0 1 0 0 0 1 1
  0 0 0 0 0 0 0 0 0]
 [0 0 0 0 0 0 0 0 0 1 0 0 0 0 1 0 0 0 0 1 0 0 0 0 1 0 0 0 0 0 0 0 0 1 0 0
  0 0 0 0 0 0 0 0 0 0 1 0 0 0 1 0 0 0 0 0 0 0 0 0 0 0 0 0 0 0 0 0 1 0 0 0
  1 0 0 1 0 0 0 0 0]
 [0 0 1 0 0 0 0 0 0 0 0 0 0 0 0 1 0 0 0 0 0 0 0 1 0 0 0 0 0 0 0 0 0 0 1 0
  1 0 0 0 0 0 0 0 0 0 0 0 1 0 0 0 0 0 0 0 0 0 0 0 0 0 0 0 0 0 0 0 0 0 0 0
  0 0 1 0 1 0 1 0 0]]
