params：
 weight-->(1, 10)
 proc_times-->(1, 100)
 setup_times-->(15, 30)
 delivery_times-->(1, 100)
 job_rate-->8

start:
alpha_1
8
 alpha_2
0.5
 mach
10
 job
80
 fam
12
 weigh
 [[0 2 1 4 1 9 3 5 7 9 7 8 4 9 4 4 2 5 2 5 2 5 1 1 2 8 4 3 8 3 6 3 3 9 7 8
  2 7 1 4 5 5 8 5 5 8 3 5 9 9 9 7 2 6 3 3 1 8 4 7 9 7 3 2 9 9 3 3 7 6 1 8
  1 5 4 7 2 7 2 2 6]]
 proc_times
 [[  0  69  73  73  87  47  26  65 100  94  14  24  77  64  35  89  99  79
  100  37  80  62  56  68   7  96  49  41  99  87   7  52  48   3   8   2
   59  49  76  80   5  42  52  45  18  86  25  49  44  13  41  56  95  29
   30  19  48  52  84  75  35  73  46  33  61   4  48   4  78  96 100  91
   93  14  85   5  95  48  77  88   6]
 [  0  28   7  79  95  12  35  77   3   3  17  52  97  90  89  91   7  47
   31  79  23  11  12  54  40  71  74  22  44  32  67  91  39  88 100   4
   34  34  81  10  27  59  18  32  64  10   7  45  41  19  75  92  49  88
   36  67   7  20  70  10  37  84  21  98   4  29  53  44  63  76   9  65
   81  54  27  57  14  72  30  81  50]
 [  0  33  53  97  40  71  87  49  23  94   8  29  23  66  60  39   5  37
   94  92  54   7  59  24  96  85   7  89  65  91  56  59  92  94  83  35
   73  16  87  34  19  15  92  87  42  91  38  55  65  46  60   6  64   6
   27  66  28  60  63  68  17  38  99  87  87  56  12  94  38  33  94  43
   88  41  77  42  15  76  11  79  80]
 [  0  21  63  81  36  27  36  95  76   3   2  89  53  11  59   5  14  84
   37  39  14  35  98  78  34  15  25  76  17  70  26  65  81  54   9  83
    2  47  12  34   1  15  88  61  19  63  83  36  10  71  17  90   9  54
   46  27  94   2  68  38  90  88  83  14  79  10  50  87  54  95  99   4
   12  96  81  43  34  16  89  61   2]
 [  0  12  97   3  72  27  92  98 100  24  76  96  31  43  42  11  23  42
   82  81  65  98  87   3  50  31  29  35  69  45  95   9   9  93 100  19
   93  52  43  67  12  77  20  81  12  16  94  72  48   2  61  53  68   4
   76  27  43  96  38  50  85  85  17  52  26  86  79  49  28  13  65  83
   93  46  57  82  80  99  32  23  12]
 [  0  80  82  17  52   7  47   3  17   4  81  52  71  73 100  74  56   1
   63  63  43  96  10  80  78  96  50  66  83  26  19  98  83  90  29  17
   99  45  85  29  85  10  55  92  79  66  53  74  56   7  78  38  27  49
   78  44  88  41  11  58  14  22  47  57  59  10  22  17  93  29  49  97
   40  83  57  13  49   4  78  11  17]
 [  0  31   5  31   3  53  70  91  51  33  70  97  69  37 100  68  58  55
  100  38  38  91  52  35  30  56  39   4  19  33 100  63  44  79   6  63
   98  57  34  78  32  99  42  91  50  94  31  18  44   7  94  11  31  16
   72  93   7  42  43  57  79  94  51  76  92  30  62  90  94  43  47  20
   32  60  37  94  61  54  98  67  66]
 [  0   2  36  16  60  91  79  52  37  19   8  85  10   6  17  78  85  70
   42  18  35  26  97  36   4  76  80  15  68  56  68  24  21  18  49   5
   64  42  55  75   3  33  49  20  92  65  94   9  59  29  19  70  46   8
   85  18  21  34  66  10  20  17  11  19  94  35  24  33  14  74  84  99
   66  70  89   6  70  95  70  69  49]
 [  0  11   1  86  86  17  37  98  92  38  76  21  37  29  85  66  46  63
   94  42  32  64  97  80  91   7  24  17  45  98  76   8  72 100  77  49
   93   5  53  29  92  78  73  31  88  20  16  72  77  69  78  66  74  12
   21  11  82  86  71  42  20  95  76  61  36  21  44  53  30  31  78  48
   55  29  10  15  51  31  43  39  84]
 [  0  57  24  20  85  40  32  91  37  93   3  81  72  95  84  25   7  27
   21  27  95  88  67  51  34  45   4  50  96  50  13   1  74  99  66  73
   77   4  74  76  48  97  36  37  71  41 100  47  14  17  66  28  67   4
   69  76  78  24   2  42   3  57  72  36  79  83  17  57  44  67  28  34
   19  29  83  33  90  32  59  57  31]]
 setup_times
 [[[ 0 22 25 20 22 27 15 29 23 24 22 26 22]
  [ 0  0 19 15 18 29 27 28 27 17 19 25 19]
  [ 0 28  0 24 27 19 20 22 16 23 24 25 19]
  [ 0 17 18  0 25 21 23 17 28 19 19 25 25]
  [ 0 23 18 27  0 28 23 16 21 23 28 18 22]
  [ 0 23 15 29 25  0 29 16 15 27 22 27 28]
  [ 0 21 15 15 20 28  0 23 29 29 23 22 27]
  [ 0 28 18 27 18 19 24  0 19 21 20 16 19]
  [ 0 25 29 19 15 17 24 20  0 28 18 25 22]
  [ 0 21 21 20 21 24 26 19 24  0 16 25 17]
  [ 0 26 24 18 20 25 24 23 28 19  0 17 29]
  [ 0 20 27 18 25 20 26 25 21 18 20  0 26]
  [ 0 24 24 16 20 28 16 17 20 28 27 23  0]]

 [[ 0 29 21 20 28 26 17 21 29 19 26 27 28]
  [ 0  0 19 20 25 21 26 21 26 22 20 25 15]
  [ 0 29  0 29 21 17 28 23 29 18 16 26 21]
  [ 0 19 20  0 17 20 22 15 15 16 16 19 17]
  [ 0 24 21 22  0 26 18 17 25 22 16 29 28]
  [ 0 26 17 21 22  0 25 24 16 26 21 23 27]
  [ 0 21 26 19 29 22  0 21 28 29 22 23 16]
  [ 0 22 21 20 27 15 22  0 27 15 16 24 22]
  [ 0 19 27 28 18 16 28 28  0 25 23 18 18]
  [ 0 16 17 29 19 15 18 19 23  0 17 24 21]
  [ 0 18 26 29 26 23 17 21 18 15  0 26 18]
  [ 0 28 25 15 24 27 16 16 25 20 23  0 25]
  [ 0 27 17 17 17 17 19 19 29 23 22 21  0]]

 [[ 0 17 26 28 16 24 23 20 25 17 15 29 18]
  [ 0  0 21 25 27 22 29 29 26 18 15 26 19]
  [ 0 17  0 27 25 19 26 29 17 22 28 21 25]
  [ 0 16 29  0 21 22 17 18 18 20 18 16 17]
  [ 0 27 21 24  0 29 19 17 23 19 22 18 19]
  [ 0 20 25 20 21  0 26 16 21 18 18 17 27]
  [ 0 15 28 22 21 27  0 18 25 24 21 25 29]
  [ 0 29 27 16 27 16 17  0 28 22 27 20 27]
  [ 0 20 29 17 23 25 24 24  0 16 28 18 17]
  [ 0 20 21 26 27 20 22 27 28  0 25 28 17]
  [ 0 20 18 23 23 27 18 22 20 19  0 26 29]
  [ 0 28 22 21 27 16 28 20 27 21 16  0 25]
  [ 0 24 28 21 19 20 15 18 20 25 15 17  0]]

 [[ 0 23 29 27 24 24 22 23 15 15 23 26 25]
  [ 0  0 15 24 29 27 18 16 27 20 16 19 27]
  [ 0 22  0 15 22 26 18 23 18 23 16 19 26]
  [ 0 17 27  0 18 29 29 15 28 24 29 21 23]
  [ 0 22 28 25  0 19 21 29 27 28 29 21 19]
  [ 0 19 21 27 25  0 29 18 23 24 25 21 25]
  [ 0 23 27 27 21 17  0 25 15 17 18 24 22]
  [ 0 21 29 15 20 26 19  0 19 24 29 19 17]
  [ 0 15 23 15 20 28 29 18  0 26 24 21 17]
  [ 0 16 18 16 22 24 25 29 25  0 23 20 25]
  [ 0 28 20 19 22 28 23 27 17 16  0 27 17]
  [ 0 23 26 18 20 22 20 25 16 29 20  0 20]
  [ 0 18 17 26 16 19 26 15 26 18 25 23  0]]

 [[ 0 18 23 25 17 26 27 20 23 27 24 20 21]
  [ 0  0 15 22 18 27 17 19 23 17 28 25 21]
  [ 0 17  0 27 15 16 22 22 22 17 16 20 26]
  [ 0 27 17  0 16 24 29 15 28 23 23 25 24]
  [ 0 25 22 21  0 16 16 27 28 17 15 28 24]
  [ 0 24 18 24 15  0 19 26 22 29 19 22 18]
  [ 0 22 19 29 17 18  0 22 18 29 26 15 19]
  [ 0 20 15 23 23 17 27  0 27 22 17 25 27]
  [ 0 23 19 24 15 25 28 28  0 19 18 27 26]
  [ 0 26 28 15 20 29 21 25 26  0 22 16 29]
  [ 0 17 20 29 24 22 16 18 18 16  0 22 24]
  [ 0 21 24 23 24 20 22 26 17 27 25  0 18]
  [ 0 25 17 16 22 19 20 16 29 18 21 26  0]]

 [[ 0 25 29 18 20 26 16 23 15 18 25 19 19]
  [ 0  0 21 20 17 24 19 22 25 25 19 26 23]
  [ 0 25  0 21 15 29 27 20 18 16 28 22 23]
  [ 0 15 16  0 15 28 15 26 28 17 26 15 25]
  [ 0 24 23 19  0 20 20 27 25 16 16 17 17]
  [ 0 25 28 21 16  0 24 27 16 24 29 21 24]
  [ 0 27 17 26 26 16  0 18 20 16 27 23 28]
  [ 0 18 23 25 15 26 28  0 19 18 27 16 26]
  [ 0 15 23 25 27 26 19 21  0 29 28 21 21]
  [ 0 17 16 19 21 22 17 21 23  0 15 20 27]
  [ 0 21 25 24 16 17 19 24 16 19  0 20 27]
  [ 0 15 22 17 28 23 22 21 21 21 29  0 19]
  [ 0 19 17 25 19 22 27 23 28 19 29 27  0]]

 [[ 0 25 26 25 25 15 19 26 19 18 23 21 18]
  [ 0  0 23 23 27 18 28 21 25 17 20 16 29]
  [ 0 27  0 17 25 29 20 24 20 19 28 29 25]
  [ 0 28 16  0 21 16 21 22 25 27 29 20 24]
  [ 0 25 20 26  0 17 22 17 26 29 18 20 23]
  [ 0 26 26 17 24  0 22 24 15 20 19 16 28]
  [ 0 22 22 17 20 29  0 17 15 28 16 25 24]
  [ 0 17 23 27 17 19 15  0 16 19 15 28 22]
  [ 0 25 23 25 15 26 23 16  0 28 15 21 27]
  [ 0 16 17 18 25 29 26 29 29  0 22 18 24]
  [ 0 22 18 26 21 20 21 24 27 27  0 27 18]
  [ 0 25 18 16 20 28 15 29 24 20 23  0 20]
  [ 0 21 19 26 17 29 16 21 20 25 22 24  0]]

 [[ 0 16 29 29 18 15 25 21 16 27 21 26 24]
  [ 0  0 29 26 21 24 27 23 19 19 19 26 23]
  [ 0 15  0 28 19 15 27 21 24 22 26 20 27]
  [ 0 21 20  0 20 25 27 25 15 19 18 21 25]
  [ 0 20 24 28  0 25 27 25 20 23 26 23 15]
  [ 0 27 19 21 15  0 24 17 21 17 21 26 15]
  [ 0 25 29 22 19 18  0 20 22 19 19 23 18]
  [ 0 19 29 15 25 29 21  0 17 22 16 29 25]
  [ 0 15 17 24 22 25 24 18  0 26 17 15 21]
  [ 0 29 21 27 26 26 29 25 19  0 19 26 27]
  [ 0 28 25 26 28 29 26 23 17 26  0 23 28]
  [ 0 17 27 20 16 24 28 21 20 29 19  0 17]
  [ 0 28 16 26 18 26 18 16 15 20 23 26  0]]

 [[ 0 20 23 15 28 16 27 27 26 26 23 17 26]
  [ 0  0 17 28 24 29 19 18 24 28 25 25 25]
  [ 0 28  0 27 29 22 22 17 18 28 21 21 18]
  [ 0 23 26  0 21 16 19 20 24 27 21 17 22]
  [ 0 27 24 21  0 28 21 22 21 17 25 21 19]
  [ 0 17 17 22 20  0 17 22 19 16 29 26 26]
  [ 0 16 25 23 28 15  0 29 15 22 17 20 18]
  [ 0 21 23 27 26 18 20  0 19 28 23 21 21]
  [ 0 18 28 28 18 22 15 25  0 20 20 28 15]
  [ 0 29 21 26 23 28 15 21 20  0 21 16 18]
  [ 0 16 22 23 15 15 19 23 20 19  0 28 22]
  [ 0 22 22 16 25 22 20 20 17 28 27  0 24]
  [ 0 29 25 29 15 21 27 17 25 15 29 20  0]]

 [[ 0 23 21 17 19 16 29 23 15 28 26 27 19]
  [ 0  0 26 23 15 23 21 22 16 22 25 15 26]
  [ 0 24  0 16 15 18 23 21 24 15 16 19 24]
  [ 0 29 16  0 27 22 25 28 16 16 26 18 23]
  [ 0 24 28 18  0 25 26 25 23 21 21 24 22]
  [ 0 22 26 27 28  0 17 25 19 24 20 18 20]
  [ 0 24 24 19 25 18  0 22 24 18 16 15 19]
  [ 0 21 28 21 26 27 16  0 15 20 19 22 27]
  [ 0 25 27 28 29 22 17 22  0 27 23 25 29]
  [ 0 26 23 26 26 26 29 23 16  0 26 18 27]
  [ 0 26 29 18 15 16 18 23 28 22  0 29 19]
  [ 0 22 22 27 23 15 27 20 17 15 23  0 26]
  [ 0 15 27 19 28 28 27 21 15 24 25 20  0]]]
 delivery_times
 [[ 0 21 19 32 71 63 21 49 86  7 50 27  6 53 81 38 17 75 95 40  3 21  7 72
  86 84 69 99 98 86 35 41 76 33 80 49 74 10 18 89 21 62 61 52 95 89 66  8
  44 24  3 70 74 74 68 75 71 73 47  2 51 40 78 33 63 58 72 77 37 86 93 92
  62 13 31 94 63 43 23 89 27]
 [ 0  8 61 31 45 18 53 62 31 67 45 81 71 92 73 35 60 20 70  4 27 56 13 95
  93 48 52 63 33 62 90 22 48 20 25 46 41  1  8 96 21 72 99  5 14 98 47 84
  61  5 77 48 17 97  8 88 39 80 58 50 78 91 47 19 93 45 54 42 84 22 65 16
  31 59 28 16 51 30 50 83 43]
 [ 0 86 42 31 96 80 21 23 96 76 38 26 40 88 16 67 92 58 21 69 57 62 92 57
  64 79 94  3 27 82 14 93 41 78 25 49  7 41 60 97 99 15 82 14 45 75 99 81
  74 68 32 89 26 15 53  7 45 88  2 77 19 62 81 69 69 26 57 39 73 66 89 17
  85 32  3 96 60 78 26  8  2]
 [ 0 74 33 55 55 47 34 37 62 98 59  4 78 22 41  2 30 90 49 50  5 25  3 54
  38 81 82  7 51 39 98  6 45  3 52 84 25  6 51 12 57 81 96 96 17 20 49 12
  24 70 26 33 84 17 86 17 97 33 11 26 48 36 21 84 49 58 63 83 45 57 55  8
  53 70  8 64 92 74 33 25 19]
 [ 0 21  6 29 86 62  4 41 29 71 32 99 97 29 73 80 46 94 11 45 74 58 58 35
  12  7 30 74 40  9 61 60 10  1 89  1 19 22 60 82 74 40 79 20 37 94 83 56
  74  9 33 21 66 45 97 45 37 30 68 86  5 30 25 16 18 48 57 77 26 95 24 25
  11 33 21 32 86 96 54 97 93]
 [ 0  1 62 16 98 65 27 87 64 85 64  5 42 78 54 28 31 58 50 54 98 36 42 42
  45 51  1 18 12 19 17 34  2 39 95 50 79 84 11 37 91  8 46  6 53 94 56 24
  82 51 89 77 62 38 94 65 34 55  5 13  2 91 55 43 98 93 43 29 55 51 66 21
  14 74 95 59 86 97 51 85 87]
 [ 0 95 50 75 29 84 57 67 65 55 46 53 95 88 59 44 38 32 58 62 86 78 85 83
  40 34 99 21 43 47 38 86 13 80 51 92 63 16 55 74 65 22 76 38 57 31 89 77
  40 62 81 27 72 76 14 64 29 69 62 57 80 21 81  1 86 11 38 81 71 58 68 17
  95 98 58 89 30 17  9 16 21]
 [ 0 91 54 52 14 21 96 16 97 90 59 43 32 47 18 57 29 42  8 62 59 97 80 63
   6 79  6 55 24 24 36  7 95 68 37 68 96 22 61 17 13 73 26 91 17 69  4 93
  50 92 12 91 91 64 97 56 46 61 45 23 21 33 22  1 37 35 47  7 54 44  4 68
  72 58 62 87 57 78 15 69 90]
 [ 0 24 34 80 14 55  1 77  3 35 28 54 58 82 25 46 13 47 18 91 52 72 56 59
  55 58 23 22 74 46 38 55 60 77 36 85 73  6 96 94 37 53  8 42 40 86 94 44
  33 51 97 11 95  6 68 44 23 42 80 14 97  2 65 69 28 75 69 81 71 33 65 25
  71 53 35 36 28 60 97 53 42]
 [ 0 21 79 55 82 79 38 58 25 29 38 18 67 26 15  9 89 26 16 22 76 68 25 17
   9 29 83 24 30  2 79 26 42 36 34 28 82 29 12 18 68 91  3 76 23 53 74 62
   2 47 87 45 80 69 94 17 19 33 61 73 23 11  5 30 71 21 49 82 67 43 32  9
  37 40 66 54 77  4 27 51 72]]
 job2fam
 [[1 0 0 0 0 0 0 0 0 0 0 0 0 0 0 0 0 0 0 0 0 0 0 0 0 0 0 0 0 0 0 0 0 0 0 0
  0 0 0 0 0 0 0 0 0 0 0 0 0 0 0 0 0 0 0 0 0 0 0 0 0 0 0 0 0 0 0 0 0 0 0 0
  0 0 0 0 0 0 0 0 0]
 [0 0 0 0 0 0 0 0 0 0 0 0 0 0 0 0 0 0 0 0 0 1 0 0 0 0 0 0 0 0 0 0 0 0 0 1
  0 0 0 0 0 0 1 0 0 0 0 0 0 0 0 0 1 0 0 0 0 0 0 1 0 0 0 1 0 0 0 0 0 0 0 0
  0 0 0 0 0 0 0 1 0]
 [0 0 0 1 0 0 0 0 0 1 1 0 0 0 0 0 0 0 1 1 0 0 0 0 0 0 0 0 0 0 0 0 0 0 0 0
  1 0 0 0 0 0 0 0 0 0 0 0 0 0 0 0 0 0 0 0 0 0 0 0 0 1 0 0 0 0 0 1 1 0 0 1
  0 1 0 1 0 0 0 0 0]
 [0 0 0 0 0 0 0 0 0 0 0 0 0 0 0 0 0 0 0 0 0 0 0 0 0 0 0 0 0 0 0 1 0 0 0 0
  0 0 1 0 0 0 0 0 0 0 0 0 0 0 0 0 0 0 0 0 0 1 0 0 0 0 0 0 0 0 0 0 0 0 0 0
  0 0 0 0 0 0 0 0 0]
 [0 0 0 0 1 0 0 0 0 0 0 1 0 0 1 0 0 0 0 0 0 0 0 0 0 0 0 0 0 0 0 0 0 0 1 0
  0 0 0 0 0 0 0 0 1 0 0 0 0 0 0 0 0 0 0 0 0 0 1 0 0 0 0 0 0 0 0 0 0 0 0 0
  0 0 0 0 1 0 0 0 0]
 [0 0 0 0 0 1 0 0 0 0 0 0 0 0 0 1 0 0 0 0 0 0 0 1 0 0 0 0 0 0 1 0 0 0 0 0
  0 0 0 0 0 0 0 0 0 0 0 0 0 0 0 0 0 0 1 0 0 0 0 0 0 0 0 0 0 0 0 0 0 0 0 0
  0 0 0 0 0 0 1 0 0]
 [0 1 1 0 0 0 0 0 0 0 0 0 0 0 0 0 0 0 0 0 0 0 0 0 0 0 0 0 0 0 0 0 0 0 0 0
  0 0 0 0 0 1 0 0 0 0 0 0 0 0 0 0 0 0 0 0 0 0 0 0 0 0 0 0 0 0 1 0 0 0 0 0
  0 0 0 0 0 0 0 0 1]
 [0 0 0 0 0 0 0 1 0 0 0 0 0 0 0 0 1 0 0 0 0 0 0 0 0 0 0 1 0 0 0 0 0 0 0 0
  0 0 0 0 0 0 0 0 0 0 0 1 0 0 1 0 0 0 0 0 0 0 0 0 0 0 0 0 0 0 0 0 0 0 0 0
  1 0 0 0 0 1 0 0 0]
 [0 0 0 0 0 0 0 0 1 0 0 0 0 0 0 0 0 0 0 0 0 0 0 0 0 0 0 0 1 0 0 0 0 0 0 0
  0 1 0 0 0 0 0 0 0 0 0 0 1 1 0 0 0 0 0 0 0 0 0 0 0 0 0 0 0 1 0 0 0 0 0 0
  0 0 1 0 0 0 0 0 0]
 [0 0 0 0 0 0 0 0 0 0 0 0 1 0 0 0 0 1 0 0 1 0 0 0 0 1 1 0 0 0 0 0 0 0 0 0
  0 0 0 0 0 0 0 0 0 0 0 0 0 0 0 0 0 1 0 0 1 0 0 0 1 0 0 0 1 0 0 0 0 0 0 0
  0 0 0 0 0 0 0 0 0]
 [0 0 0 0 0 0 0 0 0 0 0 0 0 0 0 0 0 0 0 0 0 0 0 0 0 0 0 0 0 1 0 0 0 1 0 0
  0 0 0 0 0 0 0 1 0 1 0 0 0 0 0 1 0 0 0 1 0 0 0 0 0 0 0 0 0 0 0 0 0 0 0 0
  0 0 0 0 0 0 0 0 0]
 [0 0 0 0 0 0 1 0 0 0 0 0 0 1 0 0 0 0 0 0 0 0 0 0 1 0 0 0 0 0 0 0 1 0 0 0
  0 0 0 0 1 0 0 0 0 0 0 0 0 0 0 0 0 0 0 0 0 0 0 0 0 0 0 0 0 0 0 0 0 1 0 0
  0 0 0 0 0 0 0 0 0]
 [0 0 0 0 0 0 0 0 0 0 0 0 0 0 0 0 0 0 0 0 0 0 1 0 0 0 0 0 0 0 0 0 0 0 0 0
  0 0 0 1 0 0 0 0 0 0 1 0 0 0 0 0 0 0 0 0 0 0 0 0 0 0 1 0 0 0 0 0 0 0 1 0
  0 0 0 0 0 0 0 0 0]]
