params：
 weight-->(1, 10)
 proc_times-->(1, 100)
 setup_times-->(60, 120)
 delivery_times-->(100, 200)
 job_rate-->8

start:
alpha_1
8
 alpha_2
2.0
 mach
10
 job
80
 fam
8
 weigh
 [[0 1 6 2 3 3 7 7 2 6 4 7 9 9 7 9 9 3 6 7 1 2 4 4 8 1 7 6 8 3 4 8 5 2 8 2
  4 2 5 7 3 5 9 3 5 4 6 6 5 4 5 1 3 4 2 2 2 4 9 6 5 1 6 1 2 9 7 8 7 4 9 4
  2 4 9 6 2 1 2 2 6]]
 proc_times
 [[  0  66  41  45  99  83  73  67  88  93  72  92  91  71  30   1  78  26
    7  41  49  57  53  75  16  75  76  50  38   4  82  15  56  64  74  73
   55  30  88   7  89   9  64  89  45  85  39  51  13   7   1  54  57  67
   47  77  92  49  49  30  10  55  58  51  86  16  44  73  26  62  26  37
   83   8  84  80  73  47  11  41  78]
 [  0  98   5  79  87   5  23   9   6  80  84  28  91  74  74  58  98  10
   56  21  30  35  48  89  95  83   2  14   5  22  17  85  31  80  77  87
   77  17  58  48  64  35  14  68  24  21  94  42  79  78  84  57  62  81
   11  98  42  84  64  86  96  98  70  99  99  83  64  36  68  81  98  37
    5  91  90  49  50  88  45  60  34]
 [  0  77  53  26  58  97   9  55  43  92  87  60  32  74  74  28  57   6
   80  20   7  26  64  86  46  70  40  88  59  26  57  22  44  33  61  97
   25  50  87  51  86  91  83   9  26  53  61  58  27  36 100  26  68  10
   52  65  93  90  94   8  95   7  24  76  13  73   4  77  45  30  93  46
   60  64   3  53  59  60  97  37  36]
 [  0  24  86  13  41   6  74  18  94  63  94  72  44  70  60   5  36  48
   75  22  15   6  59  33  80  39  19  68  35  98  40  67  50  50  25  94
   56  43  72  98  86  87  32  21  46  27  88  59  96  19  17  38  63  30
   40  92  94   8  80  79  29  48  26  84 100  93  57   5  74  47  13  23
   96  14  19   9  30  26  30  74  12]
 [  0  56  85  43  45  28  76  74  93  66  28  78  41  80  42  83  44  91
   96  38  54  89   1  71  53  10  20  44  11  30  55  39  12  47  89  62
  100  13  79   1  85  39  32  40   5  54  10  43   7  82  51  47  97  39
   41  46  23  17   6  24  11  43   3  21  40  89   1  63  10  65  52  46
   26  29  90  14  36  36  25  97  24]
 [  0  41  46  75  70  38  89  76  71  70  87  16  30  67  58  43  81  77
   68  72  30  92  34  64  57  70   1  41  76  47  52  34  12  80  63  65
   77   1  93  96  86  95  43  96  50  40  90  18  61  43  14  70  56  47
   37  67  76  76  51  52  93  90  10  24  12 100  46  56  85  31  37  27
   29   3  27  78   3  10  12  29  15]
 [  0  72  13  33   2  76  40  90 100   2  88  96  88  89  99  84  79  89
   69  59  64   7  75  41  24  96  55  28  50   2  73  41  51  27  75  84
   41  33  18  72  92   8  48  23  28  70  47  58  51   1  53   9 100  39
   33  99  28  97   6  89  73  92  40  14  83  31  26  27  38   2  74  65
   64  45  60   3  25  51  48  97  32]
 [  0  96  20  63  16  27  79  65  18  83  12   6  95  76  40  27  18   7
   29  41  16  13  60  71  71  93  36  97  42  46  82  52  38  39  52  71
   86  89  41  55  70  92  86  31  61  43  26  56  43  60  52  55  98  77
   98  93  44  42  95  49  72  82  98  67  27  57  50  29  53  97  23  28
   59  42  93  12  30  31  67  77  21]
 [  0  62  86  92  52  69  92  86  53  37  65  56  79  90  69  92  91  81
   26  65  92  71  91  73  78  49  90  72  83  88  77  92  53  39  23  65
   72  47  46  25  59  26  99  26  22  86  67  47  46  71  73  65   2   8
   47  10  89  52  70  70  27  31  89  36  30  44  58  82  96  46  22  38
   27  66  28  49  60  91  18  14  11]
 [  0  35  74  88  15  14  76  66   5  37  84  60   7  63  15  73  33  42
    1  65  67  54 100  26  95  14   2  24  77  63  79  18  29  62  64  62
   73  70   5  29  69  86  73  14  51  68  72  49  29   7  23   7  96  43
   10  38  39   5  51  10  78  11   2  92  78  46   1  19  70   8   4  74
   38  61   5  44  86  35   4  83  48]]
 setup_times
 [[[  0  65  96 108  95  83 104  67  96]
  [  0   0 104  99 109  82  95 112 107]
  [  0  64   0  89 115  88  61  92  80]
  [  0  78 103   0  70  72  88  80 111]
  [  0  87 119  70   0  97  85  91  79]
  [  0  79  95  99  76   0  69  99 106]
  [  0  88 100 104  84 119   0 104 113]
  [  0  76  79  93  70  72  62   0  97]
  [  0  74 109  96 117  86  71 108   0]]

 [[  0 115 100  63  84 115  90 116  60]
  [  0   0 118  60 106  68  64  91 102]
  [  0  87   0 114  65  88 104  79  84]
  [  0  97  92   0 109 114  96  73 101]
  [  0  84  60  89   0 110 102  74 117]
  [  0 103  81  66  74   0  89  72  71]
  [  0 105  92 114  88 101   0  89  77]
  [  0  68  86 101  99  80  64   0  73]
  [  0 107  63  83  98 106 110  82   0]]

 [[  0  71 102  88 110 109 112  69  83]
  [  0   0  93  70  86  71  91  96 109]
  [  0  87   0  75  62  97  79  67  72]
  [  0  91 111   0  90  85 109  77  94]
  [  0  72  73 105   0  79  69  76  81]
  [  0 118  63  66  91   0 105  93 114]
  [  0  75 106  92  61 108   0 106  79]
  [  0  76 110  79 110  75  98   0  87]
  [  0  65  99  89  72 105  74  84   0]]

 [[  0  89  75  64  88  71  67  76  87]
  [  0   0 115  86  74  75  93  92  84]
  [  0 112   0  86  83 105  82 106  66]
  [  0  80 110   0  65  76 111  72 113]
  [  0  66  95  98   0  93 105  83  76]
  [  0  88  82  83  61   0 104  81 119]
  [  0  79  99  82 103 119   0  86  64]
  [  0 106  61  96  80  68  88   0  87]
  [  0 116  92 101  68  94  76  86   0]]

 [[  0  67  77  94 116  63  61  78 115]
  [  0   0  71  94 110  64  70 119  88]
  [  0 113   0  90 108  70 105  67  98]
  [  0  73  70   0 108  62  91 103 100]
  [  0 114  96  67   0  80  69 109 111]
  [  0  93  91 104  87   0  99 108 111]
  [  0  90 106 119  61  82   0  94  97]
  [  0  64  91  87  89  66 105   0  92]
  [  0  76  65 116 101  82 108 107   0]]

 [[  0  82  78 111  85  69  61  92  83]
  [  0   0  91  96  75  91 112  89  95]
  [  0  88   0 105  84  77 106  99  63]
  [  0  71  62   0  64 109  99 102  90]
  [  0  93  70 101   0 119  97  66  72]
  [  0  74  91  96 109   0  82  90  76]
  [  0 105 103  80  81  64   0 104  67]
  [  0  78  87  64  61  69  92   0  96]
  [  0  61  72  98 119  62 105  87   0]]

 [[  0 111  61 117 107 115  88 102  97]
  [  0   0  65  84  80  77  89  81 118]
  [  0 118   0  75  83  92  64  81  85]
  [  0 117 101   0  64 114 119  83  87]
  [  0  89 104  78   0  82  71  60 101]
  [  0  97 112  81  66   0 116  74 112]
  [  0 104  72 102  97 114   0 115  68]
  [  0  87  92 101  89  75 108   0  92]
  [  0 117  78  97  67  65  87  72   0]]

 [[  0 104  65  67  78  95 119 107 108]
  [  0   0 112  98 100  97  93 110 116]
  [  0 110   0  88  89 107  62 119  88]
  [  0  87 105   0 100 100 108 112  71]
  [  0 109  90  62   0 108  80  69 113]
  [  0  79 117  92  75   0  79 117  64]
  [  0  71  88  79  76 110   0  92  96]
  [  0 115 104 109 103  71  89   0  91]
  [  0 110  73  98 103  62  72 119   0]]

 [[  0  93  87  73  87 111  98 100  79]
  [  0   0  60  73  96  75  81  66  82]
  [  0 105   0  86  75  72  60 106 119]
  [  0 111 118   0  71 116 109 114  75]
  [  0  83 114  68   0  71 100  91 107]
  [  0  69  91  95 100   0  70  80  77]
  [  0  71  64 103  99  73   0  66 117]
  [  0 102 112  61 113  80  99   0  80]
  [  0  95 111  96 101  74 109  65   0]]

 [[  0  97  83 104  69  64  86 102  70]
  [  0   0  87  73  68  79  61  90  84]
  [  0  87   0 100  63 101 111  71  76]
  [  0  78  71   0  79 115  71 109  97]
  [  0  73  73 100   0 119 115  76 110]
  [  0  75 114  76  66   0  87  99  60]
  [  0 100 100  80  89 100   0  73  63]
  [  0  66  60 111  99  78  89   0  95]
  [  0  80 105  71  85  76  78 113   0]]]
 delivery_times
 [[  0 133 164 170 171 175 123 122 160 184 115 130 142 193 114 142 172 192
  159 148 118 190 178 139 199 133 140 187 185 195 161 179 114 140 147 138
  170 140 197 141 155 101 119 123 132 139 178 106 197 127 166 150 109 169
  184 132 166 113 193 156 169 153 142 126 186 124 135 164 164 141 194 147
  122 182 167 136 120 107 126 198 114]
 [  0 147 119 151 193 152 162 178 136 153 159 190 196 178 157 175 114 159
  100 196 191 125 101 156 107 177 105 191 119 152 139 168 138 192 118 110
  110 150 165 167 131 106 120 154 133 189 179 110 175 123 198 149 113 159
  169 142 156 104 153 141 171 116 185 113 131 104 160 191 167 174 147 150
  194 152 188 175 151 105 185 172 178]
 [  0 136 122 188 185 132 172 143 103 197 180 168 139 134 171 147 153 150
  180 172 175 119 160 123 155 101 142 109 105 198 124 150 157 169 101 180
  101 103 174 165 147 160 128 157 145 135 112 100 121 101 192 120 140 114
  190 118 136 135 113 148 187 154 125 116 185 131 140 197 150 133 177 187
  130 165 170 119 109 181 166 104 181]
 [  0 195 159 158 181 115 144 117 165 110 147 110 131 144 196 168 113 143
  110 188 173 111 100 131 198 191 106 119 191 128 107 160 107 142 153 198
  102 116 170 121 130 146 128 112 100 134 107 166 153 184 154 140 142 116
  189 182 162 131 139 136 156 177 146 152 105 144 125 141 172 130 174 120
  176 104 151 175 103 126 115 128 134]
 [  0 154 177 187 147 189 105 168 153 135 169 136 175 156 131 187 181 152
  127 148 137 124 118 137 135 183 119 129 172 184 142 179 151 194 150 170
  155 187 195 133 112 120 126 154 165 146 141 112 165 111 135 180 140 183
  161 187 105 126 139 102 198 126 193 163 147 112 133 149 172 166 111 145
  194 194 123 132 154 109 115 170 165]
 [  0 126 103 197 142 152 179 174 160 194 177 155 147 143 131 103 108 136
  175 134 144 118 141 192 151 163 133 106 146 118 181 110 119 119 178 181
  115 152 161 162 176 105 197 106 106 183 173 161 146 173 167 157 130 119
  143 157 157 134 171 137 184 124 127 188 132 128 142 167 143 187 121 191
  153 151 125 179 108 155 113 162 129]
 [  0 177 195 102 145 133 171 127 158 155 167 165 132 196 113 125 195 199
  114 161 135 137 174 190 152 180 115 133 179 139 100 145 137 191 180 169
  143 194 141 127 143 155 155 184 173 167 191 118 163 174 127 139 121 112
  145 185 154 181 160 158 147 193 121 112 150 128 109 196 103 173 157 188
  137 170 198 195 123 119 151 144 121]
 [  0 118 154 100 144 176 191 141 190 120 104 172 142 124 123 161 162 183
  147 111 173 164 165 131 175 195 154 193 107 135 131 103 191 191 107 193
  161 142 131 141 189 144 124 180 183 107 105 136 190 162 153 121 192 130
  115 166 195 148 140 121 160 191 187 159 190 169 107 197 169 111 121 147
  144 120 149 198 104 120 124 198 174]
 [  0 113 109 154 127 101 142 101 128 126 180 148 127 121 165 143 191 149
  114 169 145 181 156 182 105 102 131 175 148 141 135 198 101 181 165 162
  141 148 155 153 117 162 168 173 191 173 194 127 171 136 129 198 196 124
  178 119 111 115 135 117 155 131 186 194 168 126 149 127 158 162 119 119
  134 124 127 162 129 127 165 191 194]
 [  0 130 106 198 103 154 199 139 151 199 169 136 162 145 168 124 186 123
  193 189 147 168 106 124 142 171 164 186 192 126 107 179 163 156 199 183
  184 153 192 132 124 122 194 127 119 170 174 103 105 142 112 194 154 159
  134 113 104 107 189 176 149 176 131 188 198 101 182 191 102 190 122 112
  135 180 196 150 110 136 124 155 147]]
 job2fam
 [[1 0 0 0 0 0 0 0 0 0 0 0 0 0 0 0 0 0 0 0 0 0 0 0 0 0 0 0 0 0 0 0 0 0 0 0
  0 0 0 0 0 0 0 0 0 0 0 0 0 0 0 0 0 0 0 0 0 0 0 0 0 0 0 0 0 0 0 0 0 0 0 0
  0 0 0 0 0 0 0 0 0]
 [0 0 0 0 0 0 0 0 1 0 0 0 1 0 0 0 0 0 0 0 1 0 0 0 0 0 0 0 1 0 0 0 0 0 0 0
  0 1 0 0 0 0 0 0 0 1 0 0 0 0 0 1 0 0 0 1 0 0 1 0 0 1 0 0 0 0 0 0 0 0 0 0
  0 0 0 0 0 0 0 1 0]
 [0 0 0 0 0 0 0 0 0 0 1 0 0 0 0 0 0 0 1 0 0 0 0 0 0 0 0 0 0 1 0 0 0 0 0 1
  0 0 0 1 1 0 0 1 0 0 0 0 0 0 0 0 0 0 0 0 0 0 0 0 0 0 0 0 1 1 0 0 0 0 0 0
  0 1 0 0 0 0 0 0 0]
 [0 0 0 0 1 0 1 0 0 0 0 0 0 0 0 0 0 1 0 0 0 1 0 0 0 0 0 0 0 0 0 0 0 0 0 0
  0 0 1 0 0 1 0 0 0 0 0 0 0 0 0 0 0 0 0 0 1 0 0 0 0 0 0 0 0 0 0 0 0 1 0 0
  0 0 0 0 0 0 0 0 0]
 [0 0 0 0 0 0 0 1 0 0 0 1 0 1 0 0 0 0 0 0 0 0 0 0 0 0 0 0 0 0 0 0 1 0 0 0
  0 0 0 0 0 0 1 0 1 0 0 0 0 1 0 0 0 0 0 0 0 1 0 0 0 0 0 1 0 0 0 0 0 0 0 0
  0 0 0 0 0 1 0 0 0]
 [0 1 0 1 0 1 0 0 0 0 0 0 0 0 0 0 1 0 0 0 0 0 0 0 0 0 0 0 0 0 1 0 0 0 0 0
  0 0 0 0 0 0 0 0 0 0 0 1 0 0 0 0 1 0 1 0 0 0 0 0 0 0 0 0 0 0 0 1 0 0 0 0
  0 0 0 0 0 0 0 0 1]
 [0 0 0 0 0 0 0 0 0 0 0 0 0 0 0 0 0 0 0 0 0 0 1 0 0 1 1 1 0 0 0 1 0 0 0 0
  0 0 0 0 0 0 0 0 0 0 0 0 0 0 0 0 0 1 0 0 0 0 0 1 1 0 1 0 0 0 1 0 0 0 1 1
  0 0 0 0 0 0 0 0 0]
 [0 0 0 0 0 0 0 0 0 1 0 0 0 0 1 0 0 0 0 1 0 0 0 0 1 0 0 0 0 0 0 0 0 1 0 0
  0 0 0 0 0 0 0 0 0 0 1 0 0 0 1 0 0 0 0 0 0 0 0 0 0 0 0 0 0 0 0 0 1 0 0 0
  1 0 0 1 0 0 0 0 0]
 [0 0 1 0 0 0 0 0 0 0 0 0 0 0 0 1 0 0 0 0 0 0 0 1 0 0 0 0 0 0 0 0 0 0 1 0
  1 0 0 0 0 0 0 0 0 0 0 0 1 0 0 0 0 0 0 0 0 0 0 0 0 0 0 0 0 0 0 0 0 0 0 0
  0 0 1 0 1 0 1 0 0]]
