params：
 weight-->(1, 10)
 proc_times-->(1, 100)
 setup_times-->(60, 120)
 delivery_times-->(170, 200)
 job_rate-->8

start:
alpha_1
8
 alpha_2
2.0
 mach
10
 job
80
 fam
8
 weigh
 [[0 2 8 6 5 5 6 4 2 4 1 3 3 9 2 5 4 7 3 7 5 8 1 1 7 5 9 5 5 4 2 9 4 9 1 3
  7 9 5 3 4 5 4 2 9 9 8 2 2 8 9 6 4 6 3 4 1 1 5 5 5 7 8 8 6 8 2 7 2 6 8 6
  2 9 4 8 2 1 8 6 5]]
 proc_times
 [[  0  77  76  39  22  13  87 100  34  90  16  85   1  17  50  39  30  15
   15  90  58  55   9  77  23  84  46  34  60  43   2  15  64  84  44 100
   69  64  23  55  97  45  60   7  90  45  87  86  22  73  92  96  24  98
   24  43   5  66   5  65  73  96  57  55  88  48  28  68  40  25  21  75
   69   1  77  41  52  18  13   4  52]
 [  0  69  12  96  30  99  46  83  13  37  10  34  53  31  83  87 100  71
   84  95  54  72  67  73   5  75  96  41  42  56  19   3  48  39  68  57
   51  38  93  99  75   1  43  12  32  75  28   8  34  14  34  34  28  56
   50  10  74  54  11  91  78  72  30  79  73   9  67  56  49  28  39  38
   31  12  38  52  18  85  91  90  65]
 [  0  44  45   5  73  25  91  21  81  33  60  29  39  76  95  64  56  89
   45  93  81  26  39  80  59  26  33  35  96  40  43  47  17  81  37  39
   22  60  42  80  74  23  13   9  29  30  19  10  51  17  59  84  15  80
   91  78  91  16  70  84  86  66  68  11 100  59  75  39  32  77  58 100
   92  15  68  47  97  79  47  81  20]
 [  0  55  69  62  25  14  12   1   9  91  39 100  49  10  97  35  76  19
   92  88  68   5   3  60  34  33  67  60  81 100   6  88  81  14  36  72
  100  33  28  74  87  74  92  80  61  47  83  53   4  58  96  42  39  32
   25  73  39  39  27   1  20  23  85   4  85  78  56  34  72  41  57   4
   64 100  18  34  72  19  56  63  94]
 [  0   3  55  81  92  66  15  23  90  12  80  24  98  79  79  69  16  24
   84  27  25  97  60  88  38  59   3  89  14  65  76  86  30  24   7  99
   90  50  63  77  97  76  69  16   6  83  18  86  45  59  67  71  83  44
   88  96   9  26  80  73  35  72  44   8  55  52  85  36  43  44  33  48
    6  53   7  88  56  98  60  45  70]
 [  0  86  39  90  86  78  33  35  73  36  46  45  14  76  46  30  41  34
    3  69  41  54  77  66  32  40  89  78  92  72  39  72  49  59  72  97
   66  17  16  90   3  85  97  93  77  15  57  77  60  86  79  97  24  79
   54  59  93   2  52   7  22  12   2  53  37  12  19  23  26  85   5  80
    5   3  67  99  94  64  56  80  10]
 [  0   3  76  88  70  82  40  50  79  46  14  69  44  25  31   9  62   2
    2  99  99  24  16  29  58  66  86  68  32   8  33   2  53  18   8  55
    5  71  22  55  50  50  53  49  99  14  51  92  30  26  68  54  68   4
   76  18  42  67  44  59   4   3  99  85  42  15  35  28  55  57  17  46
   22  83  92  93   5  19  57  11  60]
 [  0   2  73  10  13  40  83  63  52  95  92  67  50  43  48  44  12  49
   49   1  89  24  15  78  87  79  21  42  77   6  10  20  78  50  63  84
   48  86  26  19  35  18  38  20  43  11  98  82   4  14  39  79  20  82
   27  94  37  81  91  21  79  15  61  96  56  89  33   1  18  61  56  78
   68  59   7  85  67  97  38  34  37]
 [  0  22  59  55  89  74  95  15  58  56  10  33  36  61  18  79  59  22
    9  47  11  88  40  75  10  27  87  99  17  46  29  26  86 100  30  41
   28  76  57  64  43  76  97  36  53  24  87  80  33  91   6  96  96  45
   82  44  57   3  53  73  37  41  59  43   1  68  95  51  30  23  33  21
   57  12  55  70  11  75  88  21  97]
 [  0  13  94  22  91  78  60  54  20  25  72  69  70  81  59  22  18  24
   45  24  35  19  24  95  26   3  36   2  76   6  61  45   3  10  94  61
   74  46  20  79  70  87  52  85  81  83  49  68  44  46  10  40  30  76
   62  97  90  77  34  44   8  14  68  64  16  27  25  52  85  33  42  14
   97  79  38  47  48  38   4  58  27]]
 setup_times
 [[[  0  64  88 110 104  89  92  78 101]
  [  0   0 116  73  95  66  91 105  63]
  [  0  61   0  90  63  65  99  72  66]
  [  0 113  89   0 108  67 102  89  86]
  [  0 117  91 102   0 116  70  77  86]
  [  0 110  67  62  71   0  87  82 118]
  [  0  88  72  83 100  69   0 119  95]
  [  0  67 108 115  83  99  89   0  73]
  [  0  74  65  96 101  97  87  86   0]]

 [[  0  89  66  95 114  75  83 114  71]
  [  0   0 105  60 107 105  85 111  95]
  [  0 118   0  81 113  87  67 106  74]
  [  0 118  85   0  91  89  60  80  94]
  [  0  67  97  89   0  91  61  61  90]
  [  0  83  68 108  69   0 107 100  66]
  [  0  89  76  61 119  87   0 102 117]
  [  0  97  69  71  70 118  65   0  81]
  [  0  67  65 119  70  61  98  99   0]]

 [[  0  73 114  85 108  87 105 116 119]
  [  0   0 118  80  93  65 113  92 103]
  [  0 105   0 101  78  75  63 111 101]
  [  0  94 109   0  74 108 103  76  76]
  [  0 111  81 100   0  87  69  78 105]
  [  0  71 101  62 112   0  76  62 107]
  [  0  84  75 118  82  98   0 118 119]
  [  0 108  75  97  61  91 110   0 119]
  [  0  82  64  94  80 118  71  88   0]]

 [[  0  93 108  85  78 106  89  89 104]
  [  0   0  83  92  91  85  62  85  99]
  [  0  69   0 103 116  79  95 114  97]
  [  0  66  77   0  79  86  76  94  60]
  [  0  81 112  61   0  86 109  73  68]
  [  0 104 103  79  88   0  85 110  99]
  [  0  68  89  96  88 108   0  92  66]
  [  0  85  91  63 118 115  80   0  76]
  [  0  79 103  76 113  96 107  66   0]]

 [[  0 108  77 104  83 102 119  82  89]
  [  0   0  61  74  99 115 100  94  95]
  [  0 117   0  72  86  94  65  93  76]
  [  0 104 109   0  82  83 105 105 108]
  [  0  80  68 103   0  87  82  60  85]
  [  0  88  80 115  86   0  97 107  60]
  [  0 100  91 110 102  95   0 115 106]
  [  0 109 110  88  82  73  85   0 104]
  [  0  84 100  73  69  96  66  78   0]]

 [[  0 100 109  79  77  81  94 110 118]
  [  0   0 117 119  74  95 107  81  96]
  [  0  92   0 111 110  81 112  66  87]
  [  0  75  62   0  66  60  72  73  70]
  [  0 112  69  97   0 115  66  64  60]
  [  0 101  69  68 113   0  91  94  71]
  [  0  81 113 110 113 105   0  80 100]
  [  0 115  82  99  85  93 104   0  66]
  [  0 118 115  98  77 105  64  72   0]]

 [[  0 102 109  82  87  64 108 110  78]
  [  0   0  83  78  68  82 117 114  93]
  [  0  63   0  70  76 109  82  71  97]
  [  0  75  77   0 118  85 107  98  60]
  [  0  99  61  75   0 101  85 118  82]
  [  0  79  62 101 106   0  82  67  99]
  [  0  66  66  84 111 116   0  75  68]
  [  0 104 117  91 117  66  76   0  67]
  [  0  74 107 107  87  71  62  78   0]]

 [[  0 114 113  63  64 111 114  60  70]
  [  0   0 103  99  91  93 109  76  77]
  [  0  91   0  73  86  93  79  84 100]
  [  0  85  81   0 105  66 105  97 104]
  [  0 104  66  95   0  80  79 108  60]
  [  0  74 113  80  74   0  81 111  87]
  [  0  73  69  77 117 112   0  75 101]
  [  0 107  88  99  90 100  61   0 106]
  [  0  66 112  82  63  95  73 101   0]]

 [[  0 110 107  63  82  98  65 109  94]
  [  0   0  90 113  61 115  83  83  75]
  [  0 101   0  90 117 102 101  90  64]
  [  0 102 101   0  91  64 106 117  89]
  [  0  93  81 114   0  90  78 111 111]
  [  0 102 111  76  72   0  98  96 104]
  [  0  62 112  95  97 101   0  68  72]
  [  0 103  76 114 112  83  88   0  88]
  [  0  67 101 105  71  78  81  73   0]]

 [[  0 115 108 112 102 105  90  80  82]
  [  0   0  81 106 110  74 114  62 117]
  [  0 107   0  60  64  87  94  78 101]
  [  0  94  99   0 104  94 106  90  69]
  [  0 108  75  93   0 117  72 115  63]
  [  0  69  82  81 104   0  66  73 101]
  [  0  92 100 110  63  64   0 112 118]
  [  0  76  66  63 112  71  98   0 111]
  [  0 112 109 112  69  99 107  96   0]]]
 delivery_times
 [[  0 187 184 198 180 194 178 183 172 197 188 182 195 199 197 193 190 177
  186 174 170 178 178 186 179 197 198 188 191 194 192 171 183 197 196 174
  185 175 184 188 173 171 175 176 173 184 184 193 178 181 194 180 187 192
  191 174 194 173 192 179 182 193 171 191 196 184 197 176 186 183 193 177
  189 195 181 198 198 191 196 176 176]
 [  0 179 191 183 194 185 181 198 195 182 172 198 196 170 187 199 197 179
  173 190 195 176 182 170 190 199 179 191 179 175 199 182 172 197 182 176
  170 186 192 198 175 181 191 197 180 188 189 191 189 182 195 197 193 186
  197 194 184 172 178 181 187 188 181 172 189 197 189 173 183 170 176 180
  174 193 179 192 173 177 172 196 174]
 [  0 191 199 181 173 184 194 192 193 178 199 173 195 197 191 187 184 182
  187 187 190 193 192 180 173 170 173 176 170 187 177 199 179 187 188 184
  170 191 172 179 197 184 189 178 175 173 184 170 187 175 186 172 192 173
  175 172 181 199 180 170 183 188 181 170 199 182 172 173 185 186 198 179
  174 194 170 177 174 192 170 180 193]
 [  0 172 197 176 195 190 180 182 177 189 177 175 175 181 199 192 182 187
  174 174 197 172 185 180 193 193 181 198 170 195 185 172 186 182 170 199
  186 174 195 192 178 177 172 189 174 185 192 181 190 182 199 170 173 189
  184 182 199 190 193 199 171 173 193 170 193 184 185 182 189 189 194 186
  191 191 192 178 174 172 181 189 189]
 [  0 199 176 188 186 182 188 191 187 197 189 182 198 187 195 193 195 187
  194 176 191 170 193 184 171 173 180 178 193 186 172 179 174 182 178 174
  183 194 192 187 186 177 184 189 180 175 196 171 185 196 186 190 173 171
  199 176 170 194 181 192 180 194 182 194 180 188 170 182 199 184 186 192
  184 173 192 193 189 193 172 192 172]
 [  0 187 178 176 184 194 183 181 177 194 185 193 184 171 181 185 192 173
  187 176 172 191 194 183 170 184 192 175 174 173 182 174 188 189 180 186
  181 176 191 192 172 178 176 174 192 186 196 182 172 194 195 170 182 185
  195 198 179 173 191 183 180 176 173 199 186 170 192 184 194 199 194 187
  174 171 179 186 171 197 199 198 199]
 [  0 187 170 172 186 183 192 177 195 199 197 181 185 178 182 197 172 188
  179 174 170 182 183 174 175 197 186 190 191 175 196 196 183 174 198 174
  182 171 170 179 193 171 177 197 184 194 188 172 178 191 173 188 175 185
  197 173 182 198 180 177 186 182 181 186 189 171 181 170 186 190 193 189
  196 184 196 174 173 175 179 177 172]
 [  0 189 176 183 174 181 177 173 189 182 184 191 192 187 192 196 178 184
  173 179 187 191 187 185 172 181 183 197 184 193 173 176 173 186 183 190
  197 177 186 185 194 197 192 188 193 179 189 188 196 186 170 199 181 198
  199 174 178 197 182 183 177 184 185 174 194 186 175 185 170 198 172 196
  179 187 172 187 177 180 175 193 180]
 [  0 198 179 185 184 174 195 184 193 172 192 195 181 180 186 191 175 179
  190 188 177 178 179 174 182 175 179 187 170 172 184 195 190 190 193 187
  175 184 194 176 183 174 177 187 190 176 175 194 171 195 192 197 170 176
  180 194 187 170 193 197 182 196 179 194 198 196 188 193 176 192 190 198
  196 183 191 181 183 178 197 188 172]
 [  0 186 183 177 170 176 180 189 197 193 183 195 198 185 175 186 190 175
  187 175 197 184 175 171 183 175 171 197 191 190 179 196 177 180 179 196
  194 175 178 191 176 192 198 198 180 189 173 197 193 192 191 189 176 196
  197 173 180 199 191 171 188 189 180 182 170 171 174 199 180 170 183 186
  199 191 191 190 183 171 188 184 194]]
 job2fam
 [[1 0 0 0 0 0 0 0 0 0 0 0 0 0 0 0 0 0 0 0 0 0 0 0 0 0 0 0 0 0 0 0 0 0 0 0
  0 0 0 0 0 0 0 0 0 0 0 0 0 0 0 0 0 0 0 0 0 0 0 0 0 0 0 0 0 0 0 0 0 0 0 0
  0 0 0 0 0 0 0 0 0]
 [0 0 0 0 0 0 0 0 1 0 0 0 1 0 0 0 0 0 0 0 1 0 0 0 0 0 0 0 1 0 0 0 0 0 0 0
  0 1 0 0 0 0 0 0 0 1 0 0 0 0 0 1 0 0 0 1 0 0 1 0 0 1 0 0 0 0 0 0 0 0 0 0
  0 0 0 0 0 0 0 1 0]
 [0 0 0 0 0 0 0 0 0 0 1 0 0 0 0 0 0 0 1 0 0 0 0 0 0 0 0 0 0 1 0 0 0 0 0 1
  0 0 0 1 1 0 0 1 0 0 0 0 0 0 0 0 0 0 0 0 0 0 0 0 0 0 0 0 1 1 0 0 0 0 0 0
  0 1 0 0 0 0 0 0 0]
 [0 0 0 0 1 0 1 0 0 0 0 0 0 0 0 0 0 1 0 0 0 1 0 0 0 0 0 0 0 0 0 0 0 0 0 0
  0 0 1 0 0 1 0 0 0 0 0 0 0 0 0 0 0 0 0 0 1 0 0 0 0 0 0 0 0 0 0 0 0 1 0 0
  0 0 0 0 0 0 0 0 0]
 [0 0 0 0 0 0 0 1 0 0 0 1 0 1 0 0 0 0 0 0 0 0 0 0 0 0 0 0 0 0 0 0 1 0 0 0
  0 0 0 0 0 0 1 0 1 0 0 0 0 1 0 0 0 0 0 0 0 1 0 0 0 0 0 1 0 0 0 0 0 0 0 0
  0 0 0 0 0 1 0 0 0]
 [0 1 0 1 0 1 0 0 0 0 0 0 0 0 0 0 1 0 0 0 0 0 0 0 0 0 0 0 0 0 1 0 0 0 0 0
  0 0 0 0 0 0 0 0 0 0 0 1 0 0 0 0 1 0 1 0 0 0 0 0 0 0 0 0 0 0 0 1 0 0 0 0
  0 0 0 0 0 0 0 0 1]
 [0 0 0 0 0 0 0 0 0 0 0 0 0 0 0 0 0 0 0 0 0 0 1 0 0 1 1 1 0 0 0 1 0 0 0 0
  0 0 0 0 0 0 0 0 0 0 0 0 0 0 0 0 0 1 0 0 0 0 0 1 1 0 1 0 0 0 1 0 0 0 1 1
  0 0 0 0 0 0 0 0 0]
 [0 0 0 0 0 0 0 0 0 1 0 0 0 0 1 0 0 0 0 1 0 0 0 0 1 0 0 0 0 0 0 0 0 1 0 0
  0 0 0 0 0 0 0 0 0 0 1 0 0 0 1 0 0 0 0 0 0 0 0 0 0 0 0 0 0 0 0 0 1 0 0 0
  1 0 0 1 0 0 0 0 0]
 [0 0 1 0 0 0 0 0 0 0 0 0 0 0 0 1 0 0 0 0 0 0 0 1 0 0 0 0 0 0 0 0 0 0 1 0
  1 0 0 0 0 0 0 0 0 0 0 0 1 0 0 0 0 0 0 0 0 0 0 0 0 0 0 0 0 0 0 0 0 0 0 0
  0 0 1 0 1 0 1 0 0]]
