params：
 weight-->(1, 10)
 proc_times-->(1, 100)
 setup_times-->(30, 60)
 delivery_times-->(100, 200)
 job_rate-->8

start:
alpha_1
8
 alpha_2
1.0
 mach
10
 job
80
 fam
12
 weigh
 [[0 1 2 6 9 1 5 9 6 5 3 1 6 8 1 3 8 3 6 1 6 4 1 5 1 7 7 3 4 5 7 8 7 8 9 1
  3 8 2 1 8 2 5 5 9 3 3 6 5 3 2 4 9 5 9 2 3 4 2 2 2 9 7 9 7 3 3 1 9 2 8 2
  2 7 9 4 4 1 6 3 2]]
 proc_times
 [[  0  84  85  73  93  28  91  53  36  94  81  53  95  75  46  97  12  41
   43  64  43  64  25  88  26  37  47  68   2  47  10  35  17  87  30  31
   52   3  64  95  52  69  50  22  23  10  15   6  92   2   3  42  42   7
    9  90  12  59  33  50  75  18  70  65  84  91  84  59  74   3  95  60
   45  40  43  38  16  19  36  39  89]
 [  0  95  32  88  75  55  76  28  40  27  39  71  37  94   3  49  19  52
   87  35  49  32  70  91  13  85  31  68  42  63  37  40  73  13  44  71
   51  98  46  55  77  23   3  71  27  50  65  35  87  83  99   5  37  60
   66  59  32  46  97  56  36  41  67  12  46  19   3  45  33   7  59  46
   93  52  29  75  78  43  69  25  25]
 [  0  86  10  24  43  25  39   2  93  90  40  97  75  46  39  54  32  54
    3  22  16  54  94  16  33  29  38  48  24  87  24  83  97  67  95 100
   69  57  94  88  80  87  74  59  35  93  64  29  79  74  22  70  14  43
   57   9   6   4  19  40  69   6  75  46   8  83  54  85  55  62  39  61
    3  19  66  33  39  90  58   6  63]
 [  0  36  69  59  63  94  11  36  74  78   6  15  43  98  93  52  28  25
   41  54  83  43  77  36  89 100  72  83  27  87  20  31  26  32  37  58
   34  22  72  75  16  51  17  94  64  87  71  63   6  58  72  11  59  90
   92  78  33  88  58   1  33  54  72  84  56  28  24  60  68  94  12   9
   50  13  18  35  68  87  79  80  62]
 [  0  48  64  54  29  30  55  78   8  41   7  43  85  91  28  19  72  91
   50  40  70  88  61  17  54  84   6  91  25  99  72   1  42  68  86  25
   70  55  32  69   8  67  84  71   9  13  98  54  83  96  66   3  92  53
   26  77  47   5  61  89  14  39  37  47  41  21  75  56  56  96  87   5
   32  65   3  37  19  60  33  48  42]
 [  0  27  51  39  32  46  75   3  49  19  62  29  49  70   5  31  70  94
    6  37  48  46  41  16  33   6  53  15  83  90  66  13  65  16  49  51
   30  45  38  36  56  47  43  65  22  75  34  68  14  92  68   6  68   1
   41  16  43  36  45  30  50  31  45  65  95  20  24  84  32  12  22  73
   23  18  27  24  48  73  22  54  14]
 [  0  34   2  74  94   9  92  47  67   6  27  60  75  87  59  29  66  39
   22  17  45  26  10  56  57  31  21  50  99  61  76  30  64  29  96  79
   87  34  90  90   7  26  93  91  41  19  23  35  46  88  81  90  65  74
   26  23  65  55  18  57  55  44  72  67  93  33  63  25  12   4  80  70
   36  15  36  28  68  53  39  64  48]
 [  0  62  45  35  11  51  99  88  12  16  42  45  41  26  74  92  39  94
   20  46  37  22  52  77  71  25  83  67  86  68  96  85  12  69  91   1
   48  38  50  14  93  70  57  28  59  65  93  43  32  54  44  19  96  14
   22  22  16  77   2  63   1  19  63  45  82  37  50  79  42  58   1  24
   98  71  53  95  65  73   6  55   7]
 [  0  94  73   4  30  40  40  94  82  98  54  16  18  48  75  20  57  92
    6   5  40  84  10  41  30 100   4  40  15  22  81   1  74  30  43 100
    6   5  14   4  10  60  78  50  17  73  81  37  16  41  62  86  28  26
   98  34  91   9  45  40  87  63  27  23  48  36   4  16  74  27  84  96
   71  82   7  50  12  75  80  30  48]
 [  0  63   2  47  95  86   8  72  73  79  90  79  45   5  56  44  55  23
   51  89  64  19  29  15  25  20  94   6  26  41  13   1  18  97  92  33
   99 100  69  43  33  34   1  30  27  87  26  11  20  37 100  46  34  56
   48   2  45   8  82  30  64  30  87  80  72  17  37  71  97  76  64  70
   48  90  99  29  82   5   3  30  26]]
 setup_times
 [[[ 0 46 38 57 56 53 34 52 55 31 31 40 47]
  [ 0  0 41 39 45 47 33 40 50 42 55 58 34]
  [ 0 48  0 55 58 45 35 55 57 49 48 45 48]
  [ 0 38 35  0 47 55 41 51 41 30 53 47 53]
  [ 0 47 44 36  0 47 50 49 56 38 36 55 40]
  [ 0 40 32 52 30  0 32 51 58 55 46 50 39]
  [ 0 31 34 44 44 57  0 32 43 42 41 39 38]
  [ 0 41 33 47 38 58 42  0 48 49 31 34 51]
  [ 0 55 30 31 40 59 52 34  0 39 48 56 48]
  [ 0 45 59 30 56 53 49 49 32  0 42 47 44]
  [ 0 45 35 50 55 44 31 48 54 49  0 48 30]
  [ 0 36 45 57 55 39 39 53 42 46 50  0 41]
  [ 0 45 39 56 34 59 38 50 30 35 53 42  0]]

 [[ 0 45 52 52 48 43 36 43 46 58 58 44 48]
  [ 0  0 46 56 48 52 41 30 32 31 35 49 41]
  [ 0 53  0 36 55 52 38 42 47 57 35 43 32]
  [ 0 31 38  0 52 49 44 59 51 39 33 49 54]
  [ 0 51 48 30  0 39 31 36 32 50 45 37 53]
  [ 0 35 34 31 42  0 40 45 40 45 32 48 45]
  [ 0 49 30 38 32 49  0 52 36 44 54 55 59]
  [ 0 52 37 51 59 39 44  0 57 46 45 57 59]
  [ 0 54 59 30 36 49 58 49  0 41 35 47 33]
  [ 0 57 47 57 43 52 50 49 31  0 31 55 30]
  [ 0 53 40 41 42 56 52 39 47 52  0 37 42]
  [ 0 41 42 35 33 43 35 35 44 43 56  0 45]
  [ 0 56 51 43 35 37 56 33 39 46 49 41  0]]

 [[ 0 53 49 42 32 57 54 30 34 51 59 52 30]
  [ 0  0 31 42 39 43 43 52 31 44 30 42 44]
  [ 0 44  0 31 47 46 46 32 58 41 30 58 45]
  [ 0 55 50  0 35 40 53 45 50 51 50 55 39]
  [ 0 48 54 32  0 33 32 32 54 54 40 44 38]
  [ 0 53 54 46 53  0 32 50 54 58 46 59 49]
  [ 0 57 34 43 31 33  0 52 41 37 46 51 31]
  [ 0 45 39 53 41 51 36  0 48 52 59 56 48]
  [ 0 51 55 35 40 54 59 31  0 36 37 46 50]
  [ 0 41 41 41 58 41 52 47 42  0 57 43 30]
  [ 0 45 56 55 44 50 58 43 57 37  0 55 53]
  [ 0 39 59 38 30 43 49 35 30 45 49  0 44]
  [ 0 32 33 50 52 55 46 50 31 43 45 36  0]]

 [[ 0 49 38 56 53 37 41 56 39 50 59 50 59]
  [ 0  0 31 30 33 52 43 44 45 31 53 35 45]
  [ 0 59  0 35 52 40 59 45 34 55 48 44 54]
  [ 0 35 47  0 34 40 38 50 54 46 40 50 35]
  [ 0 58 30 31  0 30 54 46 36 46 45 57 59]
  [ 0 45 42 43 57  0 53 57 49 36 42 57 45]
  [ 0 55 48 45 45 54  0 45 36 46 57 48 45]
  [ 0 44 52 58 42 34 52  0 48 37 43 33 51]
  [ 0 37 45 39 49 52 32 58  0 51 46 55 43]
  [ 0 32 38 47 49 45 54 51 34  0 44 51 33]
  [ 0 40 59 41 46 57 37 31 38 30  0 34 46]
  [ 0 47 43 59 47 54 53 44 31 36 44  0 55]
  [ 0 49 34 40 46 40 49 57 50 52 35 53  0]]

 [[ 0 54 50 31 39 33 44 48 41 30 57 51 54]
  [ 0  0 45 32 30 48 59 32 52 45 36 41 54]
  [ 0 33  0 34 36 33 49 36 39 56 47 40 48]
  [ 0 54 42  0 33 30 46 36 56 39 31 55 59]
  [ 0 57 48 57  0 35 47 49 31 38 32 46 34]
  [ 0 44 40 55 38  0 34 40 40 30 39 34 45]
  [ 0 31 31 57 54 41  0 38 39 37 55 45 36]
  [ 0 58 49 57 58 41 55  0 50 38 47 47 39]
  [ 0 57 49 57 47 48 33 42  0 33 36 35 56]
  [ 0 43 52 40 36 58 34 57 41  0 43 57 43]
  [ 0 30 41 56 37 32 52 43 46 39  0 30 50]
  [ 0 39 53 53 45 57 32 53 43 36 56  0 52]
  [ 0 59 46 45 35 38 49 53 40 37 52 33  0]]

 [[ 0 50 56 37 30 45 58 39 30 54 33 58 47]
  [ 0  0 31 36 56 30 48 41 53 52 35 44 57]
  [ 0 49  0 56 54 32 39 36 56 34 59 40 45]
  [ 0 56 43  0 36 54 40 40 36 51 44 42 32]
  [ 0 32 32 41  0 49 53 43 30 34 40 51 35]
  [ 0 54 39 56 45  0 43 47 45 40 39 37 46]
  [ 0 31 35 37 58 43  0 48 59 51 47 41 31]
  [ 0 50 52 38 36 47 37  0 43 57 54 35 47]
  [ 0 59 40 30 33 50 37 58  0 52 41 48 44]
  [ 0 33 41 51 38 47 39 39 41  0 44 57 48]
  [ 0 43 35 49 51 56 54 46 52 33  0 44 40]
  [ 0 38 55 50 37 38 45 53 48 53 49  0 35]
  [ 0 42 33 30 56 45 49 51 32 42 42 50  0]]

 [[ 0 46 31 40 31 32 47 45 54 36 52 38 31]
  [ 0  0 50 45 33 34 45 51 55 44 43 45 56]
  [ 0 53  0 30 39 53 32 55 59 52 44 53 56]
  [ 0 47 42  0 39 32 44 43 47 40 38 40 59]
  [ 0 45 39 46  0 53 41 35 34 31 32 53 36]
  [ 0 59 45 50 45  0 43 52 54 52 58 48 32]
  [ 0 58 54 31 30 41  0 37 31 38 52 43 44]
  [ 0 37 47 36 31 44 54  0 36 43 51 58 43]
  [ 0 44 58 53 56 42 38 33  0 39 53 32 50]
  [ 0 40 54 33 32 45 39 47 40  0 50 33 32]
  [ 0 39 41 38 56 42 51 47 59 35  0 53 42]
  [ 0 51 45 39 56 41 44 38 37 42 47  0 30]
  [ 0 37 56 42 48 54 43 47 40 50 58 51  0]]

 [[ 0 34 32 46 59 43 30 48 50 56 34 30 51]
  [ 0  0 53 51 53 50 58 31 38 56 48 50 30]
  [ 0 53  0 56 33 55 56 39 55 32 34 35 34]
  [ 0 43 59  0 33 41 55 40 51 47 58 33 48]
  [ 0 38 43 34  0 53 51 45 36 59 58 35 31]
  [ 0 48 44 33 39  0 55 33 36 39 33 48 33]
  [ 0 52 50 37 41 32  0 57 48 33 51 30 32]
  [ 0 42 57 56 45 42 31  0 36 34 56 50 33]
  [ 0 52 41 35 42 31 35 57  0 32 42 52 55]
  [ 0 42 55 59 49 50 51 42 54  0 49 38 53]
  [ 0 55 51 39 54 32 59 57 48 54  0 51 42]
  [ 0 34 35 45 49 42 56 58 56 47 41  0 36]
  [ 0 54 43 57 36 37 59 56 40 43 30 44  0]]

 [[ 0 31 43 39 34 52 45 39 45 30 34 43 44]
  [ 0  0 39 43 33 57 42 50 50 54 36 55 35]
  [ 0 58  0 57 57 59 44 49 36 50 56 47 57]
  [ 0 31 49  0 38 45 31 57 46 43 31 53 48]
  [ 0 40 34 41  0 35 37 52 34 40 34 31 30]
  [ 0 48 43 52 58  0 33 32 31 34 52 32 54]
  [ 0 52 34 46 49 58  0 49 50 54 57 31 56]
  [ 0 39 57 41 43 41 34  0 40 37 32 31 57]
  [ 0 55 52 59 44 31 32 51  0 42 54 45 37]
  [ 0 35 33 39 53 43 41 43 36  0 45 56 58]
  [ 0 43 56 41 43 53 55 56 32 53  0 46 58]
  [ 0 46 37 58 38 46 58 34 31 43 34  0 36]
  [ 0 42 53 33 41 37 50 42 56 48 32 34  0]]

 [[ 0 49 55 59 58 30 37 41 59 49 42 41 32]
  [ 0  0 32 31 55 30 54 50 51 34 43 55 40]
  [ 0 49  0 34 35 41 32 55 56 50 54 41 45]
  [ 0 52 53  0 49 47 32 38 34 49 55 35 36]
  [ 0 51 33 52  0 31 53 32 45 30 56 36 35]
  [ 0 30 47 47 36  0 34 50 35 31 35 55 38]
  [ 0 47 52 54 38 45  0 44 57 53 37 53 55]
  [ 0 39 51 32 46 59 50  0 42 30 40 34 48]
  [ 0 44 52 36 30 50 54 45  0 46 33 54 38]
  [ 0 31 36 38 57 32 33 32 53  0 34 55 50]
  [ 0 43 43 40 56 37 39 54 37 53  0 37 41]
  [ 0 32 44 41 30 35 45 45 49 34 57  0 56]
  [ 0 33 58 54 51 34 35 50 59 32 35 34  0]]]
 delivery_times
 [[  0 134 103 189 111 160 122 168 196 129 129 123 136 127 131 144 101 122
  128 191 183 192 171 132 186 157 167 169 192 165 110 113 196 133 112 159
  145 194 163 147 193 107 184 131 132 107 115 161 114 170 199 120 169 183
  187 116 198 142 162 146 119 157 140 143 167 193 100 140 122 166 151 133
  156 115 134 179 167 157 159 158 160]
 [  0 155 139 116 196 105 100 121 180 120 159 127 120 167 109 102 125 127
  162 172 142 118 148 157 194 102 107 147 179 165 150 107 185 146 103 142
  176 186 177 120 165 127 105 159 104 127 175 199 181 152 148 128 128 179
  154 153 118 106 113 109 149 198 193 125 107 196 180 166 131 141 185 149
  183 140 176 142 147 151 123 100 112]
 [  0 192 139 118 189 181 111 195 119 114 186 117 108 198 134 169 171 113
  137 124 170 150 110 193 100 129 151 111 104 149 195 158 102 165 131 173
  185 164 124 191 168 173 119 119 174 160 177 114 163 147 181 135 173 185
  115 142 107 194 110 129 107 123 186 150 176 155 166 171 156 197 171 172
  159 188 149 122 177 155 102 139 187]
 [  0 156 108 147 104 138 170 125 106 183 146 166 142 198 172 130 107 114
  146 152 137 163 157 192 147 116 145 191 134 175 123 116 124 105 133 107
  180 194 102 132 157 158 145 112 107 134 131 157 128 193 119 124 148 156
  167 179 169 182 170 156 120 133 118 171 159 120 154 178 162 183 189 144
  117 111 108 176 183 100 112 153 143]
 [  0 106 198 188 179 116 178 107 138 116 145 168 191 186 104 113 130 184
  109 144 127 170 149 153 169 156 150 194 146 146 158 171 112 134 163 141
  157 175 112 199 187 192 146 185 196 137 174 188 109 149 168 190 187 179
  113 116 168 108 156 199 177 110 183 136 162 195 178 122 115 162 133 150
  178 142 185 122 131 178 143 158 115]
 [  0 147 109 144 146 103 135 198 176 160 199 156 150 199 159 103 172 163
  123 180 146 165 180 189 134 194 199 179 117 178 118 139 196 111 145 115
  191 141 194 165 123 193 137 123 172 109 121 174 109 187 152 183 118 192
  155 102 143 102 132 142 110 107 193 129 184 127 156 150 109 146 109 134
  184 133 110 154 123 166 126 185 158]
 [  0 179 131 103 163 132 185 191 112 101 111 184 121 172 131 130 114 183
  146 145 113 180 152 176 185 144 150 138 192 169 153 126 113 120 128 152
  115 109 113 193 108 190 153 197 181 148 129 106 123 103 195 102 167 194
  142 184 169 133 113 182 177 188 191 106 183 101 166 150 104 154 138 143
  162 129 115 126 116 126 126 157 184]
 [  0 128 130 185 185 188 167 153 181 162 187 178 189 195 186 121 130 184
  154 172 107 162 142 112 183 142 119 191 152 107 153 138 110 103 109 183
  194 180 141 185 103 198 191 119 145 127 143 121 196 128 139 156 161 138
  139 100 141 159 115 180 116 170 189 185 141 142 193 125 102 174 187 110
  157 135 143 159 102 119 119 115 148]
 [  0 192 182 142 131 183 188 105 107 165 179 197 194 133 126 181 138 124
  120 179 159 131 197 121 171 198 171 197 131 157 146 102 109 181 188 103
  181 176 106 130 143 156 122 135 120 145 196 160 167 185 151 195 154 145
  113 191 183 103 159 142 114 163 137 110 110 185 126 138 124 132 138 196
  181 161 171 178 171 184 195 175 144]
 [  0 148 178 157 130 198 134 106 128 178 107 134 167 139 161 107 172 109
  109 172 193 164 185 102 109 191 147 126 176 132 107 160 125 181 165 151
  141 112 153 156 119 128 148 158 112 173 186 168 166 130 188 197 102 189
  192 132 190 123 107 144 111 136 184 167 132 190 180 144 183 179 195 114
  105 115 166 151 102 131 102 114 170]]
 job2fam
 [[1 0 0 0 0 0 0 0 0 0 0 0 0 0 0 0 0 0 0 0 0 0 0 0 0 0 0 0 0 0 0 0 0 0 0 0
  0 0 0 0 0 0 0 0 0 0 0 0 0 0 0 0 0 0 0 0 0 0 0 0 0 0 0 0 0 0 0 0 0 0 0 0
  0 0 0 0 0 0 0 0 0]
 [0 0 0 0 0 0 0 0 0 0 0 0 0 0 0 0 0 0 0 0 0 1 0 0 0 0 0 0 0 0 0 0 0 0 0 1
  0 0 0 0 0 0 1 0 0 0 0 0 0 0 0 0 1 0 0 0 0 0 0 1 0 0 0 1 0 0 0 0 0 0 0 0
  0 0 0 0 0 0 0 1 0]
 [0 0 0 1 0 0 0 0 0 1 1 0 0 0 0 0 0 0 1 1 0 0 0 0 0 0 0 0 0 0 0 0 0 0 0 0
  1 0 0 0 0 0 0 0 0 0 0 0 0 0 0 0 0 0 0 0 0 0 0 0 0 1 0 0 0 0 0 1 1 0 0 1
  0 1 0 1 0 0 0 0 0]
 [0 0 0 0 0 0 0 0 0 0 0 0 0 0 0 0 0 0 0 0 0 0 0 0 0 0 0 0 0 0 0 1 0 0 0 0
  0 0 1 0 0 0 0 0 0 0 0 0 0 0 0 0 0 0 0 0 0 1 0 0 0 0 0 0 0 0 0 0 0 0 0 0
  0 0 0 0 0 0 0 0 0]
 [0 0 0 0 1 0 0 0 0 0 0 1 0 0 1 0 0 0 0 0 0 0 0 0 0 0 0 0 0 0 0 0 0 0 1 0
  0 0 0 0 0 0 0 0 1 0 0 0 0 0 0 0 0 0 0 0 0 0 1 0 0 0 0 0 0 0 0 0 0 0 0 0
  0 0 0 0 1 0 0 0 0]
 [0 0 0 0 0 1 0 0 0 0 0 0 0 0 0 1 0 0 0 0 0 0 0 1 0 0 0 0 0 0 1 0 0 0 0 0
  0 0 0 0 0 0 0 0 0 0 0 0 0 0 0 0 0 0 1 0 0 0 0 0 0 0 0 0 0 0 0 0 0 0 0 0
  0 0 0 0 0 0 1 0 0]
 [0 1 1 0 0 0 0 0 0 0 0 0 0 0 0 0 0 0 0 0 0 0 0 0 0 0 0 0 0 0 0 0 0 0 0 0
  0 0 0 0 0 1 0 0 0 0 0 0 0 0 0 0 0 0 0 0 0 0 0 0 0 0 0 0 0 0 1 0 0 0 0 0
  0 0 0 0 0 0 0 0 1]
 [0 0 0 0 0 0 0 1 0 0 0 0 0 0 0 0 1 0 0 0 0 0 0 0 0 0 0 1 0 0 0 0 0 0 0 0
  0 0 0 0 0 0 0 0 0 0 0 1 0 0 1 0 0 0 0 0 0 0 0 0 0 0 0 0 0 0 0 0 0 0 0 0
  1 0 0 0 0 1 0 0 0]
 [0 0 0 0 0 0 0 0 1 0 0 0 0 0 0 0 0 0 0 0 0 0 0 0 0 0 0 0 1 0 0 0 0 0 0 0
  0 1 0 0 0 0 0 0 0 0 0 0 1 1 0 0 0 0 0 0 0 0 0 0 0 0 0 0 0 1 0 0 0 0 0 0
  0 0 1 0 0 0 0 0 0]
 [0 0 0 0 0 0 0 0 0 0 0 0 1 0 0 0 0 1 0 0 1 0 0 0 0 1 1 0 0 0 0 0 0 0 0 0
  0 0 0 0 0 0 0 0 0 0 0 0 0 0 0 0 0 1 0 0 1 0 0 0 1 0 0 0 1 0 0 0 0 0 0 0
  0 0 0 0 0 0 0 0 0]
 [0 0 0 0 0 0 0 0 0 0 0 0 0 0 0 0 0 0 0 0 0 0 0 0 0 0 0 0 0 1 0 0 0 1 0 0
  0 0 0 0 0 0 0 1 0 1 0 0 0 0 0 1 0 0 0 1 0 0 0 0 0 0 0 0 0 0 0 0 0 0 0 0
  0 0 0 0 0 0 0 0 0]
 [0 0 0 0 0 0 1 0 0 0 0 0 0 1 0 0 0 0 0 0 0 0 0 0 1 0 0 0 0 0 0 0 1 0 0 0
  0 0 0 0 1 0 0 0 0 0 0 0 0 0 0 0 0 0 0 0 0 0 0 0 0 0 0 0 0 0 0 0 0 1 0 0
  0 0 0 0 0 0 0 0 0]
 [0 0 0 0 0 0 0 0 0 0 0 0 0 0 0 0 0 0 0 0 0 0 1 0 0 0 0 0 0 0 0 0 0 0 0 0
  0 0 0 1 0 0 0 0 0 0 1 0 0 0 0 0 0 0 0 0 0 0 0 0 0 0 1 0 0 0 0 0 0 0 1 0
  0 0 0 0 0 0 0 0 0]]
