params：
 weight-->(1, 10)
 proc_times-->(1, 100)
 setup_times-->(60, 120)
 delivery_times-->(100, 200)
 job_rate-->8

start:
alpha_1
8
 alpha_2
2.0
 mach
10
 job
80
 fam
12
 weigh
 [[0 1 2 2 3 5 6 8 6 8 4 7 4 4 9 8 3 2 8 6 9 7 6 9 3 1 5 1 4 5 2 9 4 9 1 5
  7 7 8 4 5 9 3 7 6 3 7 4 6 9 7 7 6 8 6 6 4 4 5 9 2 1 3 8 3 1 8 9 9 8 6 8
  4 4 6 8 7 1 6 8 7]]
 proc_times
 [[  0  94  92  24   5  88  43  74  33  73  79  51  22  79  98  28  96   7
   38  49  69  20  25  60  57  48  33  38  32   7  64  15  15  52  52 100
   23  16  95   8  49  23   1  36  65 100  34  80  15   4  82  34  14  16
   83  37  38  64  29  29  49  87  85  43  23  39  87  96  79  45  51  52
   65  21  84  28  65  33  70  90  19]
 [  0  12  68   4  22  64  19  98  54  36  19  90  14  90   4  38  57  20
   43  30  57   1  79  55  96  76  17  42  16  78  69  42  38  90   6  53
   10  42  89  81  46  89  99  63  62  25  17   2  25  78  84  10  63   2
   74  91  14  82  61  75  59  12   9  80   4  78  84  35  96  58  39  78
   52   5   8  31  10  37  22  75  86]
 [  0  85  60  41  90  72  53  34  62  83  80   2  54  83  92  43  85  51
   89  67  74  60  55  49  46  72  67  74  82  25  94  46  54  28  60  64
   52  18  65  95  83  61  51  90  84  52  74  32  80  49  24  11  69  42
   96  99  98  58  61  33  84  88  57  33  83   5  80  87   5  55  91   1
   83  82  82   6  78   9  87  91   9]
 [  0  49  40  89  29  83  34  94  25  92  69  90  76  31   5  57  73  57
   73  80  48  82  87  90  97  50   6  46  39  63  12  37   4  21  38   5
   61  50   2  58  56  59  53   4  47  73  77 100  78  40  68  48  28  98
   90  63  25  31  52   8  71  36  39  68  59  48  99  28  18  66  24  21
   19  80  33  86  28  76  79  50  93]
 [  0  47  95  88  41  98  28  22  74  79  67  32  92  99  88  34  29  82
   15 100  63  28  36  37  58  87  58  49  80  10  23  24  85  90  46  56
   14  31  80  90  83  17  77  42  84  26  28  12  45  71  73  71  45  69
   34  23  27  51  96  93  25  48  59  31  35   2  39  46  77  97  38  60
   51   6  31  99  94  69  40  22  93]
 [  0  18  16  63  13  60  49  75  83  80  93   1  95  30  92  50  80  74
   16  16  15  13  88  97  15  27  30  57  88  52  15  58  26  79  39  92
   29  48   2  60  45  33  34  89  44  21  19  12  29  12  89   9  26  54
   88  91  69   9  80  13   6  35  58  66  98  50  29  92  80  40  59  15
   71  53  90  80  16  44  67  85   8]
 [  0  97  54  86  41   2  58  35  75  48   9  50  84  58  23  68  50  37
   48  47  97  68  31  35  67  22  81  21  96   4  32  81  16   1  34  13
   15  73  22  43  91  43  74  85  71  26  32  95  89  77  49  55  41  59
   78  49  70  40  85  62  83  28  68  41  94  51  15  32  77  83  13  90
   84  84  98  39   1  36  16  48  37]
 [  0   5  81  25  99  76  61   4  58  20  46  65  12  38  86  64  88  81
   61  80   3  98  90  32  36  47  77  59   1  37  29   4  26  12   5  50
   39  37  36  98  29  54  72  83  16 100   6  57   1  69  36  93  59  91
  100  32  26  78  87  17  31  79  92  24   3  26  94  60  83  15  93  37
   26  79   7  62  10  25  74  53  66]
 [  0   6  42  76  20  26  76  80  97  72  60  92  70  40  82  45  22  73
   21  69  61   9  52  16  55  29  13   4  10  62  72 100  57  13  73  34
   84  61  31  83  80  20  78  58  89  87  14  19  22  43  81  44  73  40
   90   1  20  84  14  16  39  46  81  45  38  71   9   7  13  39  30  82
   92  42  10  40  16   2  78  52  64]
 [  0  32  39  26  78   4  48  57  97  94  74  22   7  65   8  16  77  49
   17  55  26  50  30  60  60   3  42  27   3  69  66  34  98   2   9  25
   83  46  22  19  32  89  38  24  72  11  12  81  15   4  83   8  39  94
   15  50  64  83  98  70  50  12  96  54  16  64  89  26  32  40  60  87
   38  72  17  53  29  86  38  25  46]]
 setup_times
 [[[  0 119  86 111 114  91  96  97  64 117 114  72  98]
  [  0   0  90  68 117 104  66  88 102 111  66  68  77]
  [  0  92   0 109 108  64  91  78  80 104 117  78  95]
  [  0  77  60   0 118  60  72  74 106  80  77  77  84]
  [  0  67  72  99   0  95 119 112 114  87  63  74  96]
  [  0 117  70  71  65   0  83  62  65  66 119 108  60]
  [  0  93  72 113  95  70   0  89  93  81  78  61  65]
  [  0  71  66  84 104  96  91   0  75 109  98 119 115]
  [  0 105  78  92  71  84  71  98   0  96 108  63  83]
  [  0  86 113  91  83  96 110  69 117   0 104 111  94]
  [  0  60  86  91 110  88 109  99  83 105   0 116  68]
  [  0  85  99 104  62  75  83  66  73  70  78   0  64]
  [  0  91 115  61 108  68  71  96  86  81 111 105   0]]

 [[  0  88  64 112  87  60  82  78 113  73  65 112  73]
  [  0   0  73  87  62 111  81  71  60  97  63  99 109]
  [  0  76   0  91  97  72  77 114  71  97 110  68  70]
  [  0 106 105   0 101  74  80  74  97 111  90  67  75]
  [  0 111  60 104   0  89 102 103  90  99  88 106 111]
  [  0  84 112  79  71   0  89  71 103  63  87  76  60]
  [  0  81  73  90  97  72   0  72  71  78 100  63 110]
  [  0 106 119 104  70  76  77   0  63  63 109  97  60]
  [  0 113  63  94 106  90  92  62   0  93  68  95 100]
  [  0  79  94 114  68  84  62 100  74   0  84  60  93]
  [  0 109  70  82  71  91 113  79  98 107   0  79  97]
  [  0  77 118 106 116 119 116 113  80  84  98   0  83]
  [  0  95  82  63 116 109  70  94  62  81 118 115   0]]

 [[  0  62  87  85  93  90  76 115  61 108  60  63 108]
  [  0   0 103 114  61 107 111  72  94  76  76  91  87]
  [  0  62   0  88 100  93  96  90  68 110  73  68 119]
  [  0 113 105   0  76  70  93  66  81  99 106  83  86]
  [  0  89 102  67   0  62 106  99  96  73  88  80  86]
  [  0  71 117  90  98   0  89 114 102  87 103 118  89]
  [  0 103  96 114  70 117   0 118  82  97  71  82  83]
  [  0  82  92  97 108  63  94   0  78  93  81  65  62]
  [  0  65  88 108  88  94  69 107   0 110  79  72  65]
  [  0  76 103  60  98 118 101 105 114   0 119  89  69]
  [  0  61 118  83 100  99 119  84 108  91   0  71  63]
  [  0  99  81  89  77  92  70  88  77  82  77   0 116]
  [  0  83  63  85 119 101  68  93  94  68 119  75   0]]

 [[  0  81  84  78  67  67  91 112  79  89  90  96  61]
  [  0   0  95  64  91  68  89  73 107  62  62  81 113]
  [  0  88   0  99  63 116  97 112  73  62 100 115  94]
  [  0  70  74   0 108  68  63  76  61  90 116 119  78]
  [  0  79 101  77   0  90 102  87 113 113 114  78  70]
  [  0 118  96  95  64   0  92  77 106  89  88  92 115]
  [  0  73  69  72  80  86   0  78 110 113 116  96  72]
  [  0  60 119 115  74  71  81   0 103  81  74  83  70]
  [  0  61 117  97  93 108  88  65   0  93  91  98  97]
  [  0  94  98 104  99  71  78  94 103   0  95 110 102]
  [  0 100 112 113 101 103  61 106  96  85   0  98 118]
  [  0  65  91 118 112 118 100  95 105 108  61   0  83]
  [  0 111  79  82  82  98 106  96 101  76  83  75   0]]

 [[  0  72 100  63  86 107 108 109  84  68  73  98  78]
  [  0   0  78 107  69  68  74  98  77 101  72 109  99]
  [  0  81   0  95 118  74  65 107 100  71  84  66  99]
  [  0  72 114   0  71  86 112  65 100 109 104  62  75]
  [  0  63 110  98   0  90  82 106  97 116  91  93  76]
  [  0 113  83 118  98   0  71  84 113 114  70  66 118]
  [  0  60 114 113  72 119   0  87  67 107  64 107  84]
  [  0  89  79 110 101  81  75   0 100  64  65 113 114]
  [  0  81 114  81  76  85 107  76   0 106 104  92  94]
  [  0  96  90 103 115 111 105 103  76   0 118 110 103]
  [  0  63 101  65  89  60 104 101  71 113   0 116  84]
  [  0  71 105  71  77 101 101 103 115  84  72   0  84]
  [  0 101 102  72  76  99  83  92  91  95  75  87   0]]

 [[  0  88  74  74  92  96 107  77 102  93 106  89  60]
  [  0   0 105 105 110  83  86  96 100  66  63  87 112]
  [  0  82   0  61 112 117 114  94  77  80  79 109 117]
  [  0  93  84   0 105  91  84  76  94  78 110  93  79]
  [  0  96  98 107   0  86  60 109  95  71 104  79  89]
  [  0  95 117 119 116   0  94  78  71 113  84  70  73]
  [  0  70 117 118  68  88   0 103  89  67  76  76 113]
  [  0 118  85  81  71 106  71   0 107  85 100  95 104]
  [  0  85  85  63  79 101  87  96   0  65  65 108 103]
  [  0 101  72 110  61  75 110 119  91   0 113  84  64]
  [  0  89 119  68  99  86 102 117  71  87   0  82  83]
  [  0 110  61  86  96 103  81 114  69  60  78   0 115]
  [  0 111  66 108  90 111 107  75  64  65 101  61   0]]

 [[  0 117 111  97  91 112  77 119  90  68  79  85 112]
  [  0   0  73 113 110  72 115 116  85  73  69  69  93]
  [  0  97   0  85  68  64  91 104  68 100 101 116 110]
  [  0 112  77   0  61 118  72  68  83  95  60  86  98]
  [  0  78  98  67   0  80  79  98  81 106  97  66  76]
  [  0 108  64 101  76   0  84 104  62 111  79  98  86]
  [  0  60  91  68 115 105   0  78  95 111  64  75  73]
  [  0  62  67  64  61  80  61   0 107  66  88  75  86]
  [  0 110  82 111  67  63 114 112   0  77  96  75  88]
  [  0 106  63  94  64  62  85 118  97   0  71  60  94]
  [  0  80  69 102  67  96  85  67  62 113   0  91  81]
  [  0  87  93 102  88  60  78  76  78 105  77   0  82]
  [  0  73 102  88 112  85  73 111 103 114  89 112   0]]

 [[  0 112  60  67 111  92  96  63  99  74 105  75  99]
  [  0   0  87  97  68  71  83 111 103 102 116  93  80]
  [  0  68   0 102 114  68 113  83 106  85  95  93 102]
  [  0  60 106   0  71 109  75 118  99  80  66  86  89]
  [  0  74  75  78   0 102  72  95  72  77 117  94  61]
  [  0 118 119  84 119   0  96 117  80  94  95 112  96]
  [  0  63  89  95  90 105   0  66 119  89  95 107  93]
  [  0 108 110  67  61 109  64   0  84 106 117 118 102]
  [  0  70 118  79 108  93  72  95   0  93 113  76  70]
  [  0  98  98  61  61 109  66  60 101   0 115 115  68]
  [  0 115  98  81 117  77 113 105 114  74   0  99 101]
  [  0  69  97 107  72 114  65  88  70  71 109   0  98]
  [  0  60  60 101  87  98 118 110  64  82  65 113   0]]

 [[  0  92  80 101  64  61 107 107 116  96  65  71  63]
  [  0   0 113  79  90 105  90  79 107  96 117  96 112]
  [  0 110   0  61 107  69  73  95 119  63 118  64 118]
  [  0  73  83   0  69  92  61 106  74  93 107  86 113]
  [  0  87 115 117   0  99  94  64 113 111 114  85  79]
  [  0  85 118 111  73   0  70 107 115  96  65 104  95]
  [  0  63  60  79  62  84   0 108 108  75  71  94  86]
  [  0  98  99  75  99 104  81   0  64  89  62  76 101]
  [  0 108 117  67  65  70  76  87   0  88 116  89  70]
  [  0  82 105 110  60  64 119  84  86   0  64  83  65]
  [  0  66  85  83  88 112  66  93  95  65   0  84  79]
  [  0 108 108  84  72  81 100  84  96  81 117   0 118]
  [  0  86 114 109  73 100  98  81  92 103 119 110   0]]

 [[  0 119  82  62  92  78  70  94  97  99  69 103  90]
  [  0   0  71  96 100  80 100 101 115  83  89  90  67]
  [  0 110   0 116  71 100 103 109 111  83  63  89 119]
  [  0 114 113   0 109  99  60 116  67 113 114  90  88]
  [  0  62  86 102   0  82 112  94  89 116  81  65 110]
  [  0  82  61  98 114   0  91  63  90  84  85 101  99]
  [  0  85  74  84  89  89   0  88 119  74  98  99 119]
  [  0 118  92  96 110  96 109   0 102  75  82  88  82]
  [  0  97 113  87  67  99  71  71   0  62 102 115  85]
  [  0 118  82  73  94 101  70  73  86   0 113  87 113]
  [  0  89  71 109 119 115 119 115  90  95   0  96  85]
  [  0 109 118  61  96  94  99 117 116  96 117   0  88]
  [  0 109  78  76  64  73  79 112  96 103  75  96   0]]]
 delivery_times
 [[  0 159 133 154 167 119 181 179 135 105 141 167 143 122 137 164 115 115
  123 154 124 128 164 101 120 186 192 101 135 152 172 185 195 147 109 108
  164 115 151 148 120 121 137 159 174 186 149 146 104 174 125 149 140 130
  122 188 126 178 102 181 185 137 131 116 180 192 190 197 145 131 197 146
  166 161 188 175 132 155 161 147 175]
 [  0 175 175 119 112 116 170 195 174 126 129 196 195 183 142 182 145 165
  190 130 100 116 163 191 153 106 165 164 132 185 117 135 125 116 144 133
  192 134 131 111 104 195 172 170 120 106 140 172 121 130 128 192 146 145
  147 104 173 183 148 188 147 113 199 110 183 116 157 184 110 169 169 109
  112 180 129 128 124 157 179 171 101]
 [  0 149 149 116 126 163 149 155 105 100 182 125 181 136 168 198 176 152
  130 146 110 156 119 101 140 134 177 101 196 185 160 161 191 116 141 158
  140 177 194 175 146 101 163 154 120 127 113 102 126 132 131 169 181 134
  130 136 127 106 191 163 173 123 179 185 181 111 186 130 163 114 182 131
  181 123 120 185 133 141 179 195 157]
 [  0 197 187 127 100 178 168 176 168 178 197 160 169 166 117 130 169 149
  144 134 183 122 100 112 111 163 169 174 167 197 162 104 110 124 146 152
  111 120 104 189 179 160 163 143 180 184 150 144 148 113 154 151 160 136
  159 103 134 156 180 133 125 139 163 154 145 166 194 158 190 196 188 139
  172 179 156 139 176 116 124 178 183]
 [  0 181 199 163 127 113 162 150 137 159 179 193 155 187 157 196 162 144
  176 108 133 119 174 187 197 190 169 153 124 106 199 111 107 156 147 115
  169 197 151 129 135 190 177 137 131 152 140 190 158 127 128 115 121 183
  153 182 181 163 151 136 172 123 171 196 189 186 145 102 138 138 156 108
  142 194 198 172 199 185 125 197 146]
 [  0 147 181 162 135 121 125 156 112 172 177 151 116 161 119 120 143 149
  107 143 199 153 133 192 158 106 130 123 167 164 156 170 165 100 136 164
  101 168 157 122 161 153 159 151 110 101 113 170 126 182 112 187 141 154
  169 107 159 135 122 190 161 152 197 161 130 119 195 106 171 149 186 167
  190 120 112 168 139 106 120 105 142]
 [  0 105 105 174 114 157 115 174 128 145 163 144 146 142 143 173 163 199
  196 119 179 162 121 186 115 177 153 121 177 176 171 139 103 176 137 144
  160 107 116 135 178 130 115 150 159 176 144 140 181 137 150 106 157 105
  172 118 133 153 187 132 153 157 147 119 169 162 160 127 147 172 139 100
  187 126 150 177 109 175 113 168 113]
 [  0 149 138 161 133 131 195 136 146 116 150 134 126 105 160 196 183 115
  104 134 100 181 187 104 176 137 170 156 196 145 109 105 160 105 173 146
  113 162 199 110 168 199 130 100 133 190 154 113 174 146 136 102 155 136
  190 114 121 141 188 142 175 149 150 107 189 107 141 122 142 190 199 111
  110 178 186 128 116 111 157 107 135]
 [  0 103 167 101 115 155 101 162 118 136 134 137 120 133 158 184 170 196
  198 117 124 139 120 118 190 117 107 186 196 132 138 114 177 134 196 132
  176 124 127 157 163 146 134 190 100 130 163 168 150 148 199 132 115 167
  167 108 170 171 197 115 103 102 136 171 107 136 122 186 146 195 124 154
  153 163 166 190 193 154 151 145 187]
 [  0 131 135 121 148 153 146 129 131 161 176 107 155 163 130 158 125 119
  183 177 108 125 129 197 124 129 146 172 124 131 161 147 161 105 115 107
  125 155 115 173 139 184 122 105 154 123 176 180 160 131 159 142 165 120
  179 142 167 113 123 181 122 186 112 106 139 141 100 131 133 129 193 156
  193 144 163 110 131 128 170 116 169]]
 job2fam
 [[1 0 0 0 0 0 0 0 0 0 0 0 0 0 0 0 0 0 0 0 0 0 0 0 0 0 0 0 0 0 0 0 0 0 0 0
  0 0 0 0 0 0 0 0 0 0 0 0 0 0 0 0 0 0 0 0 0 0 0 0 0 0 0 0 0 0 0 0 0 0 0 0
  0 0 0 0 0 0 0 0 0]
 [0 0 0 0 0 0 0 0 0 0 0 0 0 0 0 0 0 0 0 0 0 1 0 0 0 0 0 0 0 0 0 0 0 0 0 1
  0 0 0 0 0 0 1 0 0 0 0 0 0 0 0 0 1 0 0 0 0 0 0 1 0 0 0 1 0 0 0 0 0 0 0 0
  0 0 0 0 0 0 0 1 0]
 [0 0 0 1 0 0 0 0 0 1 1 0 0 0 0 0 0 0 1 1 0 0 0 0 0 0 0 0 0 0 0 0 0 0 0 0
  1 0 0 0 0 0 0 0 0 0 0 0 0 0 0 0 0 0 0 0 0 0 0 0 0 1 0 0 0 0 0 1 1 0 0 1
  0 1 0 1 0 0 0 0 0]
 [0 0 0 0 0 0 0 0 0 0 0 0 0 0 0 0 0 0 0 0 0 0 0 0 0 0 0 0 0 0 0 1 0 0 0 0
  0 0 1 0 0 0 0 0 0 0 0 0 0 0 0 0 0 0 0 0 0 1 0 0 0 0 0 0 0 0 0 0 0 0 0 0
  0 0 0 0 0 0 0 0 0]
 [0 0 0 0 1 0 0 0 0 0 0 1 0 0 1 0 0 0 0 0 0 0 0 0 0 0 0 0 0 0 0 0 0 0 1 0
  0 0 0 0 0 0 0 0 1 0 0 0 0 0 0 0 0 0 0 0 0 0 1 0 0 0 0 0 0 0 0 0 0 0 0 0
  0 0 0 0 1 0 0 0 0]
 [0 0 0 0 0 1 0 0 0 0 0 0 0 0 0 1 0 0 0 0 0 0 0 1 0 0 0 0 0 0 1 0 0 0 0 0
  0 0 0 0 0 0 0 0 0 0 0 0 0 0 0 0 0 0 1 0 0 0 0 0 0 0 0 0 0 0 0 0 0 0 0 0
  0 0 0 0 0 0 1 0 0]
 [0 1 1 0 0 0 0 0 0 0 0 0 0 0 0 0 0 0 0 0 0 0 0 0 0 0 0 0 0 0 0 0 0 0 0 0
  0 0 0 0 0 1 0 0 0 0 0 0 0 0 0 0 0 0 0 0 0 0 0 0 0 0 0 0 0 0 1 0 0 0 0 0
  0 0 0 0 0 0 0 0 1]
 [0 0 0 0 0 0 0 1 0 0 0 0 0 0 0 0 1 0 0 0 0 0 0 0 0 0 0 1 0 0 0 0 0 0 0 0
  0 0 0 0 0 0 0 0 0 0 0 1 0 0 1 0 0 0 0 0 0 0 0 0 0 0 0 0 0 0 0 0 0 0 0 0
  1 0 0 0 0 1 0 0 0]
 [0 0 0 0 0 0 0 0 1 0 0 0 0 0 0 0 0 0 0 0 0 0 0 0 0 0 0 0 1 0 0 0 0 0 0 0
  0 1 0 0 0 0 0 0 0 0 0 0 1 1 0 0 0 0 0 0 0 0 0 0 0 0 0 0 0 1 0 0 0 0 0 0
  0 0 1 0 0 0 0 0 0]
 [0 0 0 0 0 0 0 0 0 0 0 0 1 0 0 0 0 1 0 0 1 0 0 0 0 1 1 0 0 0 0 0 0 0 0 0
  0 0 0 0 0 0 0 0 0 0 0 0 0 0 0 0 0 1 0 0 1 0 0 0 1 0 0 0 1 0 0 0 0 0 0 0
  0 0 0 0 0 0 0 0 0]
 [0 0 0 0 0 0 0 0 0 0 0 0 0 0 0 0 0 0 0 0 0 0 0 0 0 0 0 0 0 1 0 0 0 1 0 0
  0 0 0 0 0 0 0 1 0 1 0 0 0 0 0 1 0 0 0 1 0 0 0 0 0 0 0 0 0 0 0 0 0 0 0 0
  0 0 0 0 0 0 0 0 0]
 [0 0 0 0 0 0 1 0 0 0 0 0 0 1 0 0 0 0 0 0 0 0 0 0 1 0 0 0 0 0 0 0 1 0 0 0
  0 0 0 0 1 0 0 0 0 0 0 0 0 0 0 0 0 0 0 0 0 0 0 0 0 0 0 0 0 0 0 0 0 1 0 0
  0 0 0 0 0 0 0 0 0]
 [0 0 0 0 0 0 0 0 0 0 0 0 0 0 0 0 0 0 0 0 0 0 1 0 0 0 0 0 0 0 0 0 0 0 0 0
  0 0 0 1 0 0 0 0 0 0 1 0 0 0 0 0 0 0 0 0 0 0 0 0 0 0 1 0 0 0 0 0 0 0 1 0
  0 0 0 0 0 0 0 0 0]]
