params：
 weight-->(1, 10)
 proc_times-->(1, 100)
 setup_times-->(60, 120)
 delivery_times-->(1, 30)
 job_rate-->8

start:
alpha_1
8
 alpha_2
2.0
 mach
10
 job
80
 fam
12
 weigh
 [[0 6 7 5 3 5 5 9 4 6 6 9 9 9 4 9 9 1 6 1 8 2 4 3 6 5 1 5 6 1 1 6 8 9 8 6
  8 4 4 8 4 8 9 9 3 4 5 3 6 8 1 9 3 5 1 7 5 7 9 6 7 5 1 7 9 4 4 8 5 8 2 3
  7 7 9 3 7 5 4 5 2]]
 proc_times
 [[  0  14  50  92  54  94  67   1  18  23  21  85  70  19  90  47  13 100
   59  80  57  75   6  15  95  65  74  99  72  86  65  30  83  30  48  23
   40  92  79  44   9   1  33  39  54   8  56  24  80  23  65  86  14  52
    1  78  75  76  45  76  93  69  53  30  97   5  45  14  67  24  52  69
   10  37  97  12  32   8  23  47  39]
 [  0  68  87   8  30  61  61  57  46  24  12  77   4  38  71  33   6  39
   51   4  29  84  82   8  43  91  77  80  32  42  66  83  29  23  72  49
    9  92  25  49  43  36  63  61  25  38  87  54  77  28  30  62  52  62
   57  71  59  47  68  39  48  60   8  68  23  21  18  95  18  80  62  19
   60  66  27  22  67  98  87  13  62]
 [  0  78   8  31  43  96  55  24  89  86  74  77  40  59   4  72  59  54
   92  42  40  36  53  17  69  12  64  64  27  56  78  16  81  74  45  72
   64  88  69  64  36  11  16  64  26  85   1  88  41  43   1   1  99  17
   26  27  96  28  33  16  68  51  42   9  12  14  71  35  65  90  26  89
   36   9  96  38  51  60  96  64  42]
 [  0  56  63  53   5  87  90   8   9   3  76  16  94  16  95  87 100  57
   37  27  29  80  51  99  42  47  44  25  13   3  95  47  61  28  68  77
   71  40  13  78  59   4  30  94  59  35  13  96  52  93  64   1  10  84
   79  71  71  18  52  98  53  89  49  31  73  32  98   7  77  41  50  50
   57   8  30  99  94  54  43  89  16]
 [  0  27  44  50  17  33  90  74  37  27  61  10  34   7  73  81  28  85
   65  77  93  14  16  27   3  30  69  30 100  87  57  38  82  41  75  57
   19  93   8  81  96  14  84   8  76  18  83  24  28  76  57  57  13  33
   57  67   7  56  83  79  68  25   5  55   2  48  66  13  97  64  72  30
   80  63  25  64  55  40  75  70  63]
 [  0   9  77  98  84  97  68  79  68  38  61   1  54  46  21  68   2  14
   52  93  94  15  39  96  56  79  25  37 100  92  61  26  62  15  45  68
   44  64  89  91   8  17  16  16  35  78  76  10  97  82  65  55  52  32
   69  33  49   8  32  25  85  69  60   6  76  40  16  15   1  84  98  22
   74  31  93  90  95  80  54  54  52]
 [  0 100  84  36  61   9  53  38   3   8  79  46  36  30  93  19  95  45
   10  98  75  10  34  20  20  93  92  93   4  33  89  53  83  42  73  72
   95  57  94  47  74  84  42  44  53  75  72  71  93   9  47  31  81  33
   51  58   3  72  75  35  13  32  11  55  97  44  48  13  45  36  86  97
   36  58  34  30  86   8  55  50  36]
 [  0  51  93   6  51  47  55  74  24   4  88  53  56   8  68 100  39  98
   60  72  20  35   2  18  30  76  97  14  78  56  17  25   8  82  49  45
    5  48  31  95  35  61   3  48  43  61  93  72  89   9  29  10  41  20
   29  95  77  84  33   1  61  86  65  49  32  85  34  96  10  18  66  37
   21  88  36  26  59  18  11  75  24]
 [  0  62  34  95  95  47  33   6  71  12  49  46  38  96  43  55  89  29
    6  24  22  85  96   3  42  39  86  59  74  87  81  90  35  97  59  96
   28  41  32  22  71  60  56  46  71  95  39  48  15  39  16  40  36  37
   21  99  91  30   3   2  38  16  75  32  93  45  13  53  18  91  94  46
   71  95  15   1  21  35  81  26  45]
 [  0  44  94   1  68  19  24  71  69  67  78  95  36  69  11  76  72  36
   51  61  14  27  35  69  12  49  32  19  41  42   2  22  84  45  16   7
   23  11  26  65  24  87  85  11  72  41  20   4  51  49  30  81  15  17
   76 100  22  42  70  25  44  28  31  14  47  53  68  77  52  60  41  33
   53  75  78  48  99  25  58  19  79]]
 setup_times
 [[[  0  76  76  69  89  71  75  94 114  64 115  71  65]
  [  0   0  76 112  91  61 110  81  65  87  78  75  92]
  [  0  80   0  79  82  78  91  99 118  63  89  83 114]
  [  0  66 105   0 101  60  70  70  61 110 105  83 119]
  [  0  96 106  73   0 111  62  86  66  78 117 117 103]
  [  0  74 106  76  95   0  85 118  60  94 117  72  80]
  [  0 100  78 115  73  99   0 116  67  94  70 111  60]
  [  0 106  67 103 116  69  86   0  96 105  91 106  73]
  [  0  64  63 104 101  94 106  68   0 112  78  86  95]
  [  0 116 114  85  79 114  85 112 115   0 106  65  82]
  [  0  71  90 101  60  70  66  80  77  77   0  81 113]
  [  0  73  94 117  87  87  64  71  76  67  91   0  88]
  [  0  91 100 109  90 101 109  60 115  80  98  74   0]]

 [[  0  76 105  76 114 113  64 107  70  83  75  80  62]
  [  0   0  84  79  86  82  75  72 112  62  99 107  61]
  [  0  98   0 101  88  92  94  63  76  68  68  64  86]
  [  0  65 103   0 100  63  94 115 114 113  82  76 103]
  [  0  78 100  61   0  91  77  90  75  63 110 100  63]
  [  0  84 105 103  65   0 105  83  60  66 102 115  79]
  [  0 112  77  79  73  97   0  92  72  68  89 113  68]
  [  0  72 115  92  68 104  75   0  97  88  72  80  71]
  [  0 117  70  80  85  92  67 116   0  67 104  78  84]
  [  0  74  81 114  83 115 118 114  87   0  76  98  74]
  [  0 100  63  62  94 117  63  69  90  83   0  92 114]
  [  0  64  94  82  94 108  77 102  83  98  62   0 114]
  [  0  86  72  76  61  94  60  63  85 112  83  62   0]]

 [[  0 101  61  62  86  97 109  94  94  68  68  97  77]
  [  0   0  70 102  88 111  70  79 107  81 111 116  96]
  [  0  76   0  60 116  96 116  60  69  66  91  99  70]
  [  0  61  60   0  65 118  67 103  75 118 114 113  88]
  [  0 118 118  97   0 104  99 107  76  73  98  92  77]
  [  0 114 103  89  68   0  76  72 110  91 105  83 101]
  [  0  71 116 114  64 107   0  94  64 103  84  70  61]
  [  0  63 114  68  98 111 119   0  61  79  67  83  83]
  [  0 104  88 111  93 119  66  82   0  72 101  86  99]
  [  0 104  82  93  91  90  66 114  84   0 115  80 118]
  [  0  89 114  63 109 100  91  74  88  79   0 103  80]
  [  0  69  79 112 105  63  76  81  66  86 103   0 114]
  [  0  89  68 110 115  64  74  94  97  97  67  80   0]]

 [[  0 111  84  83 105  69  69  65 119  77  69  74 100]
  [  0   0  64 100  93 115 117  79  73  70  65  82  88]
  [  0  78   0  62 116 103  72  84  95 117 114 104  94]
  [  0  68  77   0 108  95 115  71 114  60 110 109 106]
  [  0  75  71 119   0  76 104  68 100 100  62 119 112]
  [  0  98  87  63  74   0  62  98  92  87  83 105 103]
  [  0 101 107 114  74 110   0 112  77 114 114  80 111]
  [  0  95  98 110 112 105  89   0  78  68 117  79  95]
  [  0  71  65  69  84  80 100  86   0 115  93  76  72]
  [  0  87  86 107  60 115  96  63  97   0  68  99 102]
  [  0  65  83  86  98  93  61 117 116  64   0  74 112]
  [  0 110  66  93  73  91 101  81  99  98  70   0  74]
  [  0  89 115  91  77  64 115  90  73 115  85 106   0]]

 [[  0  84  68  94 107  79  80 104 103  73  66 113  98]
  [  0   0 105  93 102 118  82 110 113  68  97  96  99]
  [  0  83   0 116  78 102  61 111  85 102 105 103  80]
  [  0  79  68   0  66  84  63  90  86  78  86  92  80]
  [  0  60 107  61   0 106  78  69 113 114  94  67  75]
  [  0  81  61  70  84   0 100 102  84  97  68 107  92]
  [  0 116  84  88  83 109   0  60  79 108 101  65 101]
  [  0 108 119  71  98  95 109   0 111 109 111 113  67]
  [  0  63  67  63  67  67  95 113   0  66  68  78  69]
  [  0  68  98 107  87 108  76  91 116   0  82  66  86]
  [  0 105  90  91  77 117  79  68 108 103   0 112  93]
  [  0 107  75 101  68  90 109  65  80 115 114   0  69]
  [  0  81  69  99  82  67 107  71 118  83  94  64   0]]

 [[  0 118 116 104 110  84  88  99  72  68 107 108  72]
  [  0   0  93  87 101  86 118 109  83 108  63  63  86]
  [  0 116   0  78 108 119 117  79  99  67  78 100  90]
  [  0  63  81   0  82  97  81 107  98  64  60  97  81]
  [  0  94  99  93   0 114  98  73  91  96  98  74  69]
  [  0  62 102  72 103   0  72 110  76 115  92 100 103]
  [  0 108  65  61  96 107   0 105  65 104  74  72 109]
  [  0  96 105  84  81  98 100   0  61 102 117  66  76]
  [  0  63  62  65 112  88  77  78   0 101 108 108  96]
  [  0  78 104  69  94 116  85 108 101   0 109 115  77]
  [  0  68  67 115 119 116  66  77  85  83   0  88 111]
  [  0 114  93  61 103  65 103  91  62  86 108   0  62]
  [  0 112  67  71  99  78  81 116  83 104 104 114   0]]

 [[  0  94  65 111  73  61  68  69  97 102  73  65  86]
  [  0   0  95  78 115 114  76 116  86 103  94 102  85]
  [  0  70   0  62  73  75 104 101  92 101  82  85 118]
  [  0  64 100   0 113  75 116  64 102 114  83  91  81]
  [  0  78 112 112   0  94  60 117 115  80  67  68  86]
  [  0  95  81  71  89   0 111  97  69  61 114  96  74]
  [  0  90 119 110 102  67   0  94  77  69  98 102  88]
  [  0  74  67 103  62  79  81   0  84  71  82  78  90]
  [  0  87  67 114 108  68  99  89   0 116 113  88  79]
  [  0  85  70 112  96  99  85  96 102   0  60  76 107]
  [  0  83  98 112  87  75  69 107 117 111   0  89  62]
  [  0 104 106 111 101  79  64  77 114 108 118   0  79]
  [  0  94 105  79 114  70  83 112 107  99 106  99   0]]

 [[  0  86  69  60  84 102  97  80  87  79 104 101 117]
  [  0   0 103 100  69  93  81  81  82  97 107 112  68]
  [  0 106   0 113  75 100 112  93  99  98 100  93  67]
  [  0  73 118   0 114  61  98  63 114  67  75 117 111]
  [  0  85  67  84   0 113  78 114  95 100 106  67  96]
  [  0  92 105  88  60   0 119 104  66 113 107  73  93]
  [  0 116  69 102  83  93   0  98  60  81 102  72  61]
  [  0  70  75  79  81 106  83   0  91  93 100  87  71]
  [  0 112 117  94 102  71 107  62   0  85  65 114  91]
  [  0  92  60  82  67  98 102 105  82   0 118 117 118]
  [  0 102 100  86  63  88 115 108  96  68   0  96  89]
  [  0 107  93  80  79  99  75  75  76  95  94   0  89]
  [  0  61  88 106  92 113 100 108  62  99  71  62   0]]

 [[  0 118  71  79  99  67  83 106  90  77  87 100 116]
  [  0   0  70 107  96  93  80  84  85  98 117  94 114]
  [  0 100   0 119  83 116 103  63  76  62 109  85 114]
  [  0  92  97   0 118  79  62  97  66  99 105 107  71]
  [  0  77  69  65   0  94 119  91  80  83  94  90 115]
  [  0  71 115  72  70   0  61  65  85  70  67  89  83]
  [  0 118  77  88  78 115   0 101 107  71 115  86 101]
  [  0  92 118  88  83  83 104   0  67  98  83  68 119]
  [  0 102  73  83  62  94  96  64   0  71  63 113 101]
  [  0  89 102  76 112  83 101 106  70   0  60  85  78]
  [  0 113 108 107  61  76  86  81 112 100   0 101 119]
  [  0  86 118  65  93  99  69  70 106  68  63   0  62]
  [  0  66 105  85  82  61  62  63  81  73  71  69   0]]

 [[  0  91  76 115  83  83  98  69 107  92  92  87  75]
  [  0   0  64 117  90  73 103  85 110  85  96 105  61]
  [  0  76   0 118  60 106  75  73  71 100  71  91  88]
  [  0 102  77   0  63 101  61 112  76 111  72  70  64]
  [  0  96  69  97   0  72  78  68  75  61  65  98  81]
  [  0 111  67  67 119   0 113 101 107 111 100  66  81]
  [  0  99  67  93  81  66   0  63 106  75  72  66 119]
  [  0 118  89  67  74 114 116   0  96  78  82 116 109]
  [  0  83 115 109  84  70  80  91   0  70  91 109 100]
  [  0  86 118  69  62  76  97  64  86   0  91  67  72]
  [  0  83  75  86 111  68  91 104  78  60   0  69  83]
  [  0  93 106 105  90 119  67  89 101  92  87   0  97]
  [  0 101 119  97  94 117  66 117  71  72  69 109   0]]]
 delivery_times
 [[ 0  6 14 19  2  5 12  4 23 11 10 14 19  1  1  4 11 13  5 20  2 20 25 27
  22  6 29 29 14 21 16 13  2 18 20 28 16 24 20 19 19 20 28  6 23 16 26  8
   3 20  6  6 23 22  4 19  2 26 21 27  5 12  5  8  7 17 16 21 14  7 20 25
  29 20 15 15 27  6 10 26 17]
 [ 0 10 22  2  4 27 27 27 26 21 22 15  7 22 12 16  2 11 11  4 21  9 27 15
   2  2 16 11 22 22 13 12  4 20  4 17 25 14 18 23 20  7 14 17 22 12 17 27
  10 29 22 12  8 15  5 12 27 17 23 12 22 27  7 28 17  6  3 12 29 18 20  7
   9 28 29 16 15 20 26  5 15]
 [ 0 26 12 26  1 22 10 15 28 26 13 25 28  1  5  2 16  1 24 23 25  1  8 21
  24 27  8 22  3 27 16 26 29 11 28  5  4 21 28 21  9  3  4 19 22 15 19  7
  11 24 10 17  7 11  6 12 25 13  6 16 25  1 27 13 15 15 20 13  2  4 25 23
  29 20 28 10 16  8  6  7 16]
 [ 0 19  4 12 25  8 24 26 15  5 17  7 15  6 29 27 18 15 14  6 25 22  4 25
  22 24 25 26 21 12 16 28 23 12  8  9 29 10 27  5 28  2  7 10 11 20 22  8
  19 10 22 20  7 27  1  2 24 29 10 18 15 27 27 20  6 13 10 10 21  8 24  2
   2 17 15  9  9 18  4  4  5]
 [ 0  7  6  9  4  5  3 28 24 25  9  8  4 11  4 27 19 21 27 28 11 18 23  5
  19  7 11  8 12 27 24  6 29 13 17  9 22  2 16 22 16 17 24 13  6 12  3  6
  23  8 24 13 10 12 26 16 10 28 12 14 21 21  4 10 14 23 23 18 29  1  9 14
  18  9  6  8 28  7  6 13 15]
 [ 0 15  5 12 16 27 27  9 19 27 28 28 28 25 24  1 18 26 26  5 24  6 27 28
  23  7 15 16 23 19 10 12 17 27  7  2 12 15 18 26  3  3 28 17  3 11 13  5
  24  2  4  1 20 22  5 29 26 13 15  5 25  6 24 25 15  5 15 13  2 10  9 28
  23 22  3 28 14 19  9 11 27]
 [ 0 23  5 27  3 17 17  3 11 19 12 14 25  4 22  9 25 27 28  7 18  1 22 22
  12 14  9 19 26 24 17 27 21 24 17 19 25 18 22 16 11 16 18 29 29 25 18  5
  27  1 27 29 26 17  8 29 29 19 19  4  6  4 21 14  6 29  4 24 10  8  6  5
  18 14 15 23 27 28  3 29 28]
 [ 0  6  7 17 27 20 20 11  6 15 26 14 25 20 20 25  3  3 16 20 26  5 27 21
  18  5  9 15  5 28  1  1 23  9 20 18  8 26  6 16 11 17 12  2  4  7 25 22
  16 11  3 25 27 19 26 20 11 28  1  7  6  8  8 19 22  6 29 10  8 12 12  1
  22 11 25  1 23 13 29 29  8]
 [ 0  4  9 29 11 12 12  7 22 27 26  7  9  8  9 11 17 21  8  9 21 15 29 10
  13 22 18 23 28 16  3  6  6 28 22 16 14 12  8 23 26  1 27 25  4 11 14 19
   6 18  2 22 15 18  4  1  5 29 19 11  1  8 27  7 11 23 15 21 10 25 24 12
  29 19  3 13 27 15  5 28 10]
 [ 0 23 17  2  9 23 14 22  4 25  3  3 10 13  1  3 22 14 29 18 13 13  8  9
   5 13  3 18 19 15 27 23 27  4 23 21 28  8 10  5 16 18 20 28 22 15 12 29
  19 18 18 20  6  9 27 19 22  3  8 24 26 27  1  2 10 20 10  1  7 19 14 24
   7 16 17 20 12 19 10 15  4]]
 job2fam
 [[1 0 0 0 0 0 0 0 0 0 0 0 0 0 0 0 0 0 0 0 0 0 0 0 0 0 0 0 0 0 0 0 0 0 0 0
  0 0 0 0 0 0 0 0 0 0 0 0 0 0 0 0 0 0 0 0 0 0 0 0 0 0 0 0 0 0 0 0 0 0 0 0
  0 0 0 0 0 0 0 0 0]
 [0 0 0 0 0 0 0 0 0 0 0 0 0 0 0 0 0 0 0 0 0 1 0 0 0 0 0 0 0 0 0 0 0 0 0 1
  0 0 0 0 0 0 1 0 0 0 0 0 0 0 0 0 1 0 0 0 0 0 0 1 0 0 0 1 0 0 0 0 0 0 0 0
  0 0 0 0 0 0 0 1 0]
 [0 0 0 1 0 0 0 0 0 1 1 0 0 0 0 0 0 0 1 1 0 0 0 0 0 0 0 0 0 0 0 0 0 0 0 0
  1 0 0 0 0 0 0 0 0 0 0 0 0 0 0 0 0 0 0 0 0 0 0 0 0 1 0 0 0 0 0 1 1 0 0 1
  0 1 0 1 0 0 0 0 0]
 [0 0 0 0 0 0 0 0 0 0 0 0 0 0 0 0 0 0 0 0 0 0 0 0 0 0 0 0 0 0 0 1 0 0 0 0
  0 0 1 0 0 0 0 0 0 0 0 0 0 0 0 0 0 0 0 0 0 1 0 0 0 0 0 0 0 0 0 0 0 0 0 0
  0 0 0 0 0 0 0 0 0]
 [0 0 0 0 1 0 0 0 0 0 0 1 0 0 1 0 0 0 0 0 0 0 0 0 0 0 0 0 0 0 0 0 0 0 1 0
  0 0 0 0 0 0 0 0 1 0 0 0 0 0 0 0 0 0 0 0 0 0 1 0 0 0 0 0 0 0 0 0 0 0 0 0
  0 0 0 0 1 0 0 0 0]
 [0 0 0 0 0 1 0 0 0 0 0 0 0 0 0 1 0 0 0 0 0 0 0 1 0 0 0 0 0 0 1 0 0 0 0 0
  0 0 0 0 0 0 0 0 0 0 0 0 0 0 0 0 0 0 1 0 0 0 0 0 0 0 0 0 0 0 0 0 0 0 0 0
  0 0 0 0 0 0 1 0 0]
 [0 1 1 0 0 0 0 0 0 0 0 0 0 0 0 0 0 0 0 0 0 0 0 0 0 0 0 0 0 0 0 0 0 0 0 0
  0 0 0 0 0 1 0 0 0 0 0 0 0 0 0 0 0 0 0 0 0 0 0 0 0 0 0 0 0 0 1 0 0 0 0 0
  0 0 0 0 0 0 0 0 1]
 [0 0 0 0 0 0 0 1 0 0 0 0 0 0 0 0 1 0 0 0 0 0 0 0 0 0 0 1 0 0 0 0 0 0 0 0
  0 0 0 0 0 0 0 0 0 0 0 1 0 0 1 0 0 0 0 0 0 0 0 0 0 0 0 0 0 0 0 0 0 0 0 0
  1 0 0 0 0 1 0 0 0]
 [0 0 0 0 0 0 0 0 1 0 0 0 0 0 0 0 0 0 0 0 0 0 0 0 0 0 0 0 1 0 0 0 0 0 0 0
  0 1 0 0 0 0 0 0 0 0 0 0 1 1 0 0 0 0 0 0 0 0 0 0 0 0 0 0 0 1 0 0 0 0 0 0
  0 0 1 0 0 0 0 0 0]
 [0 0 0 0 0 0 0 0 0 0 0 0 1 0 0 0 0 1 0 0 1 0 0 0 0 1 1 0 0 0 0 0 0 0 0 0
  0 0 0 0 0 0 0 0 0 0 0 0 0 0 0 0 0 1 0 0 1 0 0 0 1 0 0 0 1 0 0 0 0 0 0 0
  0 0 0 0 0 0 0 0 0]
 [0 0 0 0 0 0 0 0 0 0 0 0 0 0 0 0 0 0 0 0 0 0 0 0 0 0 0 0 0 1 0 0 0 1 0 0
  0 0 0 0 0 0 0 1 0 1 0 0 0 0 0 1 0 0 0 1 0 0 0 0 0 0 0 0 0 0 0 0 0 0 0 0
  0 0 0 0 0 0 0 0 0]
 [0 0 0 0 0 0 1 0 0 0 0 0 0 1 0 0 0 0 0 0 0 0 0 0 1 0 0 0 0 0 0 0 1 0 0 0
  0 0 0 0 1 0 0 0 0 0 0 0 0 0 0 0 0 0 0 0 0 0 0 0 0 0 0 0 0 0 0 0 0 1 0 0
  0 0 0 0 0 0 0 0 0]
 [0 0 0 0 0 0 0 0 0 0 0 0 0 0 0 0 0 0 0 0 0 0 1 0 0 0 0 0 0 0 0 0 0 0 0 0
  0 0 0 1 0 0 0 0 0 0 1 0 0 0 0 0 0 0 0 0 0 0 0 0 0 0 1 0 0 0 0 0 0 0 1 0
  0 0 0 0 0 0 0 0 0]]
