params：
 weight-->(1, 10)
 proc_times-->(1, 100)
 setup_times-->(15, 30)
 delivery_times-->(170, 200)
 job_rate-->8

start:
alpha_1
8
 alpha_2
0.5
 mach
10
 job
80
 fam
12
 weigh
 [[0 9 3 5 9 7 4 9 3 6 9 7 4 7 1 5 6 3 9 3 2 2 6 4 5 2 7 7 4 9 9 6 8 4 2 7
  4 6 7 1 3 1 4 7 3 2 1 6 2 5 3 7 8 9 8 9 4 9 6 9 8 9 3 4 4 9 1 4 8 4 9 3
  6 4 8 4 2 6 3 2 9]]
 proc_times
 [[  0  68  48  92  40   4  51  57  92  92  74  40  86  25  74  63  61  29
   20  14  74  55  99  99  42  37   7  34  92  97  11   1  74  21 100  39
   79  19  33 100  91  79  27  72  48  85  12  81  75  68 100  71  86 100
   46  39  92  81  85   3  87  96  58  73  34  87  62  43   5   1  45  41
   14  43  85  89   3  53  77  75  82]
 [  0  62  73  75  91  18  97   3  98  82  86  45  62  78   6  89  53   1
   60  36  59  82  41  68  84   8  99  86  75  29  19  96  99 100   4   6
   82  75  67   9  25  95  15  90  23  34  97  22  74  76  87  12  47  50
   44  99  29  68   4  27  90   3  17  43   2  50  11  49  69  66   5 100
   78  69  42  65  34  77  27  72  83]
 [  0  70   9  43  43   9  57  40  58  98  97  57  60  74  15  59  27   6
   53  80  51  60  63   2   1  15  29  52   2  27  79  58  21  99  97  59
   88  53  84  25  64   7  73  96  41  64  22  20  61  81  23  49  52  29
   98  55  15  44  67  57  41  94  24  46   2  64  44  75  12  12  79  55
   34  93  21  49  25   4  35  59  84]
 [  0  35  87  96  40  58  85  78  67  53  18  76  78  27  95  26  12  39
    6  64  31  38  92  39  26  87  99  67  59  74  80  43  63  19  67  31
   37  85  28  28  94  37  78  29  72  54   1  38  98 100  84  20  48  86
   33   1  69  52  82  52  55  83  25  19  17  90  35   8  16  78  40  49
   19  56  28  24  66  63  88  26  39]
 [  0  97 100  10  81  80  97  49  51  48  55  37   5  57  27  16   7  89
   93  98  38  23  37  96  79  96  24  18   2  10  96   3  90  99  41  72
   20  66  40  45   6  13  44  49  93  59  75  14  76   7  92  79  32  97
    9  51  95  13  22   8  88  49  44  63  97  49  42  15  77   7  70  77
   75  76  19  98  35   1  79  87  23]
 [  0  36  76  45  72  15  67   1  65  76  14  86  45  54  70  96  99  95
   16  26   8  64   3  24  34  50  88  32  55   1  47  32  49  35  64  47
   22  10  99  79  79  82  51  88  72  16  15  21  25  27   6  51  42  81
   83  32   5  66  27  57  11  47  59  47  23   1 100  68  80   5  78  56
   90  83  86   9  74  29  18  89  30]
 [  0  63  50  14  10  45  25  46  67  37  53  52  57  48   6 100  66  26
   80   3  28  77  86  45  73  23  43  24  81  99  19   2  39  36  77   9
   77  28  95  83  23  86  46  79  10   8  47  15  20  68  54  28  54  74
   19  73  73  36  95  76  22  92  12  12  78  38  55  85  27  41  58  95
   29  50  96  47  72  25  21   2  26]
 [  0  50  11  87  17  54  96  20  64   3   6  88  82  89  92  76  82  13
   33  90  15   6  49  70  16  71  81  24  62  38  47  81  12  15  18   7
   88  71  93  54  92  26  43  44  76  56  22  50  74  35  27  49  94  96
   94  43  88  10  47  60  55  74  24   4  88  49  82  96  57  39  90  42
   40  13  40  67  35  19  99  30  43]
 [  0  26  78  95  64   4  11  90  72  24  87  56  54  12  74  86  91  26
   23  25   6  42  89  65  17  70  98  16  76  83  94  48  87  70  37  30
    3   7  81  13  93  52  27  84  85  21  71  89  58  77  27  40  66  37
   35  78  10  50   4  71  65  10  43  19  61  39  99  73  26  10  74  70
   48  85  56  21  42  39  60  59  85]
 [  0  85  45  23  23   1  79  47  83  41   8  37  41  95  40  74  18  89
   51  79  84  20  26  72  46  32  16  27  19  10  46  80  33  45  44  65
   18  38  65  90  31  68  36  79  87  38  70  39  16  82  86  77  52  16
   34  42  90  31  40  61  77  95  48  38  50   1  69  95  95  74  50  55
   98  35  16  71   2  60  87  95  40]]
 setup_times
 [[[ 0 24 29 27 28 24 29 24 17 24 19 20 16]
  [ 0  0 20 18 27 16 21 27 16 19 19 17 20]
  [ 0 29  0 17 25 25 18 28 21 28 20 24 16]
  [ 0 23 21  0 22 25 17 22 22 22 29 26 24]
  [ 0 22 25 20  0 22 16 18 27 28 25 25 16]
  [ 0 28 28 28 18  0 18 19 16 28 20 23 28]
  [ 0 20 23 18 23 23  0 28 20 19 19 21 26]
  [ 0 23 26 26 18 25 20  0 26 25 19 26 29]
  [ 0 23 27 28 23 18 23 22  0 17 21 23 17]
  [ 0 25 16 19 25 18 29 20 15  0 17 29 15]
  [ 0 23 15 17 26 24 15 19 18 27  0 21 22]
  [ 0 15 27 17 20 20 21 15 20 17 22  0 16]
  [ 0 18 19 17 17 20 23 27 20 29 17 18  0]]

 [[ 0 25 26 26 24 27 26 17 19 16 16 25 15]
  [ 0  0 24 20 18 28 19 20 22 27 22 25 15]
  [ 0 27  0 17 20 28 19 21 16 20 16 23 21]
  [ 0 27 29  0 15 18 23 27 15 22 29 28 16]
  [ 0 19 28 21  0 21 16 15 22 19 28 28 23]
  [ 0 17 23 17 23  0 19 18 20 27 17 17 27]
  [ 0 16 16 20 15 17  0 20 29 19 25 26 24]
  [ 0 27 20 15 19 25 25  0 29 19 21 16 15]
  [ 0 29 20 22 16 17 25 27  0 29 18 18 15]
  [ 0 20 18 19 15 19 29 21 21  0 21 15 22]
  [ 0 17 26 27 24 27 15 24 18 24  0 29 29]
  [ 0 15 24 22 16 22 18 24 27 19 25  0 15]
  [ 0 15 27 20 19 16 22 27 16 26 25 20  0]]

 [[ 0 27 16 21 29 27 15 26 25 25 23 17 28]
  [ 0  0 19 17 20 17 21 24 24 23 19 26 22]
  [ 0 27  0 15 22 23 16 18 25 16 23 19 19]
  [ 0 28 18  0 23 17 22 23 26 25 26 25 15]
  [ 0 17 25 17  0 27 24 28 29 27 22 17 21]
  [ 0 20 17 21 23  0 22 15 20 20 15 16 18]
  [ 0 15 24 22 27 20  0 26 22 21 16 21 16]
  [ 0 28 28 22 24 20 21  0 26 19 21 18 29]
  [ 0 26 18 22 22 16 19 26  0 21 18 16 15]
  [ 0 28 20 16 15 19 23 20 17  0 28 22 29]
  [ 0 28 27 29 29 27 20 24 29 24  0 19 17]
  [ 0 21 26 18 21 28 15 16 25 22 22  0 28]
  [ 0 28 20 29 22 20 27 18 24 20 22 17  0]]

 [[ 0 15 25 23 18 24 22 27 26 20 22 20 29]
  [ 0  0 18 24 23 27 22 27 21 19 23 26 15]
  [ 0 19  0 21 19 27 21 20 25 19 22 28 18]
  [ 0 27 25  0 18 25 21 27 29 17 17 28 15]
  [ 0 22 22 19  0 27 17 17 24 19 17 24 23]
  [ 0 25 26 20 17  0 29 20 15 19 29 20 25]
  [ 0 18 26 27 18 17  0 22 24 21 24 25 16]
  [ 0 26 17 23 28 15 15  0 28 17 18 23 22]
  [ 0 29 27 26 24 21 18 25  0 23 28 15 16]
  [ 0 27 18 15 29 25 25 23 22  0 16 16 22]
  [ 0 23 19 27 17 26 29 20 21 21  0 28 15]
  [ 0 28 27 25 23 21 19 18 29 23 15  0 22]
  [ 0 22 25 15 25 19 29 20 22 15 15 29  0]]

 [[ 0 25 22 20 21 24 18 29 20 16 16 22 15]
  [ 0  0 15 22 18 27 19 28 22 29 19 19 25]
  [ 0 29  0 24 21 19 26 24 23 16 27 23 25]
  [ 0 16 20  0 23 24 15 29 25 16 21 29 29]
  [ 0 24 20 25  0 15 16 22 29 17 17 15 25]
  [ 0 16 23 19 29  0 19 16 29 24 19 20 19]
  [ 0 29 22 18 29 19  0 25 16 25 21 25 25]
  [ 0 21 16 28 27 25 16  0 22 29 24 24 15]
  [ 0 28 21 18 17 20 25 20  0 20 16 15 27]
  [ 0 23 22 27 29 29 29 24 17  0 17 28 21]
  [ 0 16 25 25 21 20 16 23 25 21  0 26 20]
  [ 0 17 20 22 20 26 23 25 16 26 20  0 23]
  [ 0 23 17 27 20 24 18 25 22 15 20 26  0]]

 [[ 0 27 25 19 15 27 23 22 15 18 19 28 19]
  [ 0  0 17 19 27 20 23 18 22 26 22 16 26]
  [ 0 15  0 24 26 17 26 16 18 21 19 26 22]
  [ 0 19 19  0 24 28 16 16 28 16 18 26 22]
  [ 0 25 22 20  0 16 25 29 27 23 21 26 23]
  [ 0 24 24 25 18  0 20 27 21 21 28 18 19]
  [ 0 27 27 18 24 23  0 25 28 23 17 21 28]
  [ 0 22 16 16 27 24 21  0 23 22 22 24 28]
  [ 0 29 17 19 20 22 19 25  0 20 26 16 20]
  [ 0 29 28 19 23 21 17 25 21  0 15 25 28]
  [ 0 25 24 16 29 19 23 21 25 25  0 21 26]
  [ 0 27 17 24 17 24 28 25 27 16 28  0 22]
  [ 0 17 23 28 27 17 25 29 18 25 29 20  0]]

 [[ 0 15 23 26 25 26 21 29 20 18 22 22 27]
  [ 0  0 21 17 28 15 24 16 17 16 20 26 29]
  [ 0 19  0 17 16 15 22 17 18 22 18 17 22]
  [ 0 28 25  0 24 19 29 25 15 26 23 26 26]
  [ 0 28 29 26  0 17 28 18 17 16 19 18 16]
  [ 0 24 20 25 27  0 21 17 21 28 15 19 17]
  [ 0 18 25 18 27 26  0 15 20 21 24 26 15]
  [ 0 29 16 18 16 18 20  0 23 27 24 15 19]
  [ 0 28 20 18 26 24 20 18  0 18 28 27 27]
  [ 0 27 19 23 27 17 22 21 23  0 20 21 23]
  [ 0 17 27 19 20 23 29 28 22 15  0 19 24]
  [ 0 20 21 20 22 16 22 28 15 29 27  0 29]
  [ 0 15 17 17 20 15 22 16 20 21 18 16  0]]

 [[ 0 25 20 15 22 20 17 26 22 23 24 23 22]
  [ 0  0 20 16 25 19 15 25 24 21 29 27 16]
  [ 0 20  0 26 29 27 17 22 17 23 25 18 23]
  [ 0 19 24  0 16 18 22 29 20 17 17 15 20]
  [ 0 25 27 20  0 22 21 15 21 29 23 19 19]
  [ 0 21 19 21 16  0 20 26 18 22 23 21 28]
  [ 0 15 17 24 27 26  0 20 16 25 18 25 21]
  [ 0 16 17 22 23 26 18  0 26 15 28 17 17]
  [ 0 20 20 25 23 20 29 29  0 26 24 28 28]
  [ 0 22 15 19 28 27 26 29 17  0 23 15 18]
  [ 0 27 19 27 15 26 18 15 28 17  0 27 20]
  [ 0 28 28 24 26 24 28 23 21 29 23  0 23]
  [ 0 16 22 27 26 22 29 21 29 15 21 15  0]]

 [[ 0 28 24 25 26 27 26 25 21 27 24 22 19]
  [ 0  0 19 27 22 19 22 27 24 21 28 24 28]
  [ 0 21  0 27 25 21 20 18 25 23 23 24 18]
  [ 0 17 24  0 25 20 24 23 15 19 15 23 24]
  [ 0 26 20 18  0 18 21 28 21 28 26 27 20]
  [ 0 16 23 27 16  0 23 28 27 15 22 20 24]
  [ 0 28 15 29 18 21  0 18 24 21 18 25 24]
  [ 0 21 28 18 23 26 27  0 17 15 25 20 23]
  [ 0 25 27 29 23 18 21 16  0 16 29 27 18]
  [ 0 22 21 21 23 27 21 19 18  0 19 24 23]
  [ 0 25 27 23 21 15 23 29 21 25  0 23 21]
  [ 0 25 15 18 25 24 24 19 26 28 27  0 21]
  [ 0 21 27 24 22 21 24 18 18 18 22 15  0]]

 [[ 0 23 21 22 20 19 15 26 24 17 24 18 20]
  [ 0  0 16 15 16 28 23 27 16 22 26 18 19]
  [ 0 21  0 19 25 28 20 16 24 22 18 23 15]
  [ 0 25 25  0 29 26 22 17 24 22 18 26 17]
  [ 0 29 26 19  0 25 19 26 20 21 29 26 23]
  [ 0 19 20 17 17  0 21 27 15 18 28 29 20]
  [ 0 29 16 19 27 17  0 22 17 21 15 18 29]
  [ 0 28 26 27 27 25 18  0 20 24 16 29 24]
  [ 0 28 22 23 17 17 22 21  0 23 22 19 26]
  [ 0 27 28 28 27 18 20 27 18  0 29 22 28]
  [ 0 16 24 28 26 21 19 19 20 23  0 29 17]
  [ 0 29 23 16 28 21 23 18 22 24 25  0 15]
  [ 0 29 15 23 27 25 15 20 27 24 16 26  0]]]
 delivery_times
 [[  0 175 185 194 188 177 184 187 190 173 182 198 199 174 192 180 195 184
  182 174 198 197 178 189 190 185 189 190 186 186 185 183 182 177 184 177
  175 177 184 181 188 180 188 199 187 197 178 192 189 199 197 182 191 172
  183 190 182 175 170 184 191 198 198 176 181 188 184 188 180 171 176 171
  186 181 199 174 186 179 182 198 182]
 [  0 175 184 180 189 188 184 189 175 183 192 186 198 192 174 190 173 173
  198 198 191 197 191 197 189 173 188 173 196 182 180 171 184 189 176 182
  170 184 185 192 199 186 195 186 176 178 172 199 182 175 197 175 189 184
  170 181 181 176 171 196 172 198 185 188 185 189 178 187 184 198 187 186
  177 198 197 198 170 181 186 199 198]
 [  0 193 170 170 177 176 170 183 193 179 181 171 184 182 197 176 174 173
  171 196 184 172 179 179 181 192 196 196 194 182 190 174 199 193 194 195
  199 184 188 197 190 175 180 195 193 186 181 193 171 185 191 189 189 185
  182 171 170 197 183 177 183 170 174 195 197 199 199 173 186 180 176 173
  173 197 185 183 177 180 186 170 175]
 [  0 171 180 195 190 171 184 183 174 189 179 196 186 194 196 176 180 199
  187 190 176 181 185 173 179 184 175 171 174 185 189 193 188 175 171 180
  184 170 187 192 179 174 184 193 184 176 182 181 198 197 181 198 192 182
  191 199 178 184 199 198 184 178 186 182 176 197 183 173 182 196 174 175
  193 171 173 171 195 192 176 191 189]
 [  0 189 197 178 180 184 175 178 185 182 175 175 188 178 199 173 182 193
  195 196 175 181 192 176 191 179 176 170 176 173 179 194 175 178 187 172
  188 185 196 173 195 190 197 178 197 176 196 183 182 191 195 199 185 179
  171 188 197 199 186 191 189 175 174 195 192 185 185 170 185 172 186 187
  170 197 197 196 179 181 198 171 174]
 [  0 182 190 182 185 191 193 170 196 180 190 192 199 188 191 176 185 188
  182 170 180 171 187 199 197 194 175 192 188 195 176 187 179 192 182 188
  170 198 194 198 195 170 185 195 175 189 193 170 178 171 177 182 190 197
  199 176 193 172 177 197 193 197 179 198 173 176 183 191 190 176 195 193
  176 170 175 191 176 188 191 190 194]
 [  0 179 183 193 188 174 176 170 199 198 178 178 176 187 185 174 195 195
  193 194 174 198 197 189 176 183 174 195 178 196 186 177 181 186 186 174
  184 171 175 189 193 179 192 175 175 186 199 178 193 182 197 179 180 181
  184 190 192 198 172 182 191 184 176 188 172 193 179 198 193 171 184 191
  182 184 198 199 172 180 170 179 182]
 [  0 184 192 189 197 195 181 195 194 176 173 190 196 175 173 181 193 178
  197 173 175 174 185 173 194 181 194 184 197 176 171 191 176 171 199 172
  178 196 186 180 184 197 199 193 178 180 174 190 176 199 175 173 197 198
  185 194 194 194 199 186 177 198 191 199 177 173 178 179 194 193 188 183
  198 197 181 175 173 196 189 175 170]
 [  0 182 177 170 179 195 179 175 185 190 192 197 172 185 173 194 193 195
  174 175 190 197 182 183 188 180 181 170 198 190 173 182 172 192 188 173
  188 176 172 188 170 176 199 184 176 196 188 190 192 172 197 183 181 195
  193 190 179 180 179 180 192 172 190 192 179 179 175 181 172 170 193 170
  185 196 190 192 191 187 184 198 188]
 [  0 183 187 197 194 170 197 178 175 196 183 190 180 199 177 186 179 187
  177 183 179 191 172 178 197 182 198 170 199 193 191 195 174 171 182 194
  176 174 189 184 192 196 171 177 199 186 176 190 179 175 192 198 186 196
  195 191 170 199 175 187 174 187 190 180 196 195 185 178 170 175 173 184
  181 199 183 194 191 193 172 198 173]]
 job2fam
 [[1 0 0 0 0 0 0 0 0 0 0 0 0 0 0 0 0 0 0 0 0 0 0 0 0 0 0 0 0 0 0 0 0 0 0 0
  0 0 0 0 0 0 0 0 0 0 0 0 0 0 0 0 0 0 0 0 0 0 0 0 0 0 0 0 0 0 0 0 0 0 0 0
  0 0 0 0 0 0 0 0 0]
 [0 0 0 0 0 0 0 0 0 0 0 0 0 0 0 0 0 0 0 0 0 1 0 0 0 0 0 0 0 0 0 0 0 0 0 1
  0 0 0 0 0 0 1 0 0 0 0 0 0 0 0 0 1 0 0 0 0 0 0 1 0 0 0 1 0 0 0 0 0 0 0 0
  0 0 0 0 0 0 0 1 0]
 [0 0 0 1 0 0 0 0 0 1 1 0 0 0 0 0 0 0 1 1 0 0 0 0 0 0 0 0 0 0 0 0 0 0 0 0
  1 0 0 0 0 0 0 0 0 0 0 0 0 0 0 0 0 0 0 0 0 0 0 0 0 1 0 0 0 0 0 1 1 0 0 1
  0 1 0 1 0 0 0 0 0]
 [0 0 0 0 0 0 0 0 0 0 0 0 0 0 0 0 0 0 0 0 0 0 0 0 0 0 0 0 0 0 0 1 0 0 0 0
  0 0 1 0 0 0 0 0 0 0 0 0 0 0 0 0 0 0 0 0 0 1 0 0 0 0 0 0 0 0 0 0 0 0 0 0
  0 0 0 0 0 0 0 0 0]
 [0 0 0 0 1 0 0 0 0 0 0 1 0 0 1 0 0 0 0 0 0 0 0 0 0 0 0 0 0 0 0 0 0 0 1 0
  0 0 0 0 0 0 0 0 1 0 0 0 0 0 0 0 0 0 0 0 0 0 1 0 0 0 0 0 0 0 0 0 0 0 0 0
  0 0 0 0 1 0 0 0 0]
 [0 0 0 0 0 1 0 0 0 0 0 0 0 0 0 1 0 0 0 0 0 0 0 1 0 0 0 0 0 0 1 0 0 0 0 0
  0 0 0 0 0 0 0 0 0 0 0 0 0 0 0 0 0 0 1 0 0 0 0 0 0 0 0 0 0 0 0 0 0 0 0 0
  0 0 0 0 0 0 1 0 0]
 [0 1 1 0 0 0 0 0 0 0 0 0 0 0 0 0 0 0 0 0 0 0 0 0 0 0 0 0 0 0 0 0 0 0 0 0
  0 0 0 0 0 1 0 0 0 0 0 0 0 0 0 0 0 0 0 0 0 0 0 0 0 0 0 0 0 0 1 0 0 0 0 0
  0 0 0 0 0 0 0 0 1]
 [0 0 0 0 0 0 0 1 0 0 0 0 0 0 0 0 1 0 0 0 0 0 0 0 0 0 0 1 0 0 0 0 0 0 0 0
  0 0 0 0 0 0 0 0 0 0 0 1 0 0 1 0 0 0 0 0 0 0 0 0 0 0 0 0 0 0 0 0 0 0 0 0
  1 0 0 0 0 1 0 0 0]
 [0 0 0 0 0 0 0 0 1 0 0 0 0 0 0 0 0 0 0 0 0 0 0 0 0 0 0 0 1 0 0 0 0 0 0 0
  0 1 0 0 0 0 0 0 0 0 0 0 1 1 0 0 0 0 0 0 0 0 0 0 0 0 0 0 0 1 0 0 0 0 0 0
  0 0 1 0 0 0 0 0 0]
 [0 0 0 0 0 0 0 0 0 0 0 0 1 0 0 0 0 1 0 0 1 0 0 0 0 1 1 0 0 0 0 0 0 0 0 0
  0 0 0 0 0 0 0 0 0 0 0 0 0 0 0 0 0 1 0 0 1 0 0 0 1 0 0 0 1 0 0 0 0 0 0 0
  0 0 0 0 0 0 0 0 0]
 [0 0 0 0 0 0 0 0 0 0 0 0 0 0 0 0 0 0 0 0 0 0 0 0 0 0 0 0 0 1 0 0 0 1 0 0
  0 0 0 0 0 0 0 1 0 1 0 0 0 0 0 1 0 0 0 1 0 0 0 0 0 0 0 0 0 0 0 0 0 0 0 0
  0 0 0 0 0 0 0 0 0]
 [0 0 0 0 0 0 1 0 0 0 0 0 0 1 0 0 0 0 0 0 0 0 0 0 1 0 0 0 0 0 0 0 1 0 0 0
  0 0 0 0 1 0 0 0 0 0 0 0 0 0 0 0 0 0 0 0 0 0 0 0 0 0 0 0 0 0 0 0 0 1 0 0
  0 0 0 0 0 0 0 0 0]
 [0 0 0 0 0 0 0 0 0 0 0 0 0 0 0 0 0 0 0 0 0 0 1 0 0 0 0 0 0 0 0 0 0 0 0 0
  0 0 0 1 0 0 0 0 0 0 1 0 0 0 0 0 0 0 0 0 0 0 0 0 0 0 1 0 0 0 0 0 0 0 1 0
  0 0 0 0 0 0 0 0 0]]
