params：
 weight-->(1, 10)
 proc_times-->(1, 100)
 setup_times-->(30, 60)
 delivery_times-->(1, 100)
 job_rate-->8

start:
alpha_1
8
 alpha_2
1.0
 mach
10
 job
80
 fam
12
 weigh
 [[0 4 8 2 1 9 2 6 2 2 3 6 3 7 9 5 2 3 1 2 1 7 3 9 3 5 9 8 9 4 4 3 3 5 4 1
  3 7 2 5 6 8 5 7 8 9 5 5 6 3 5 9 1 7 4 1 2 4 5 3 6 6 6 5 1 3 7 5 2 3 8 1
  7 3 9 5 2 6 4 8 6]]
 proc_times
 [[  0   5  48  69  22  42  94  35  16  54  94  66  70  22  54   9   9   4
   74  48  96  31  71  41  24  23  38  55  97  28  59  97  47  49  42  48
   80  81  42  18  26  56   3  41  14  12  96  18  51  86  86  86  23  48
   35  45  51  45  89  24  59  58   7  20  73  68  72  29  16  55  60  46
   70  19  34  71  64  60  40   5  32]
 [  0  23   5  75  84  80  45  10  63  90  39  89  34  88  93  77  26  24
    9  11  23  29  44  97  86  20   4  29  16  96  11  43  97  35  42  12
   64  15  13  85  33  16 100  27  42  92  24  57  14  18  79  97  28  41
   84  86  19  37  80  43  42  25  83   3  51  54  51  41  57   3  62  33
   68  92  25 100  53  53  12  68  98]
 [  0  29  50   6  94  76  39  40  27  63  38  78  21  59  96  52  71  66
   96   8  20  89  38  48   1  28  70  56  94  31  97  17  23  80  41  67
   19  61  31  23  20  91  63  14  27  35  69   7  53  46  40  87  98   2
   87  93  13  76  24  52  48  46  28  49  37  76  91  85  12   2  95  32
   39  24  33  73  98  68  79  77  62]
 [  0  83  49  68  17   6  80  63  12  35  88  22  88  29  44  92  12  40
    1  46  49  22 100  54  74  59   9  16  33  49  74  41  94  55  28  25
   73  65  15  47  74  39  46   5  90   5  51  74  89  96  45  35  38  89
   70  61  90  69  78  50  95  88 100  15  28  20  32  16  98  13  58  47
   90 100   6  41  56  99   3  91  83]
 [  0  11  88  42  25  24  90   2  78  13  23  36  16  77  48  19  51  30
   21  28  11   3  93  59  16  90   3  44  72   5  71   2   8  49  93  26
   95  29  24  96  26  72  57  95  93  63  46  13  95  94  79  36  83  78
   14  64  43  69  45  39  87  16  75  71  64  26  54   4   4  21  14  51
   59  33  96  78  61  47  18  35  71]
 [  0  64  81  92  43  39  92  68  21  12  40  67  73  76  37  37  61  49
   38  67   8  45  80  28  52  82  82  75  71  23  20  33  33  72  54  93
   57  90   1  65  14  82  86  60  70  21 100  15  13  99  80  35  29  48
    3  78  46  41  70   3  40  52  19  46  41  53  70  61  72  64  29  12
   76  81  45  54  89  44  17  44   5]
 [  0  52  22  46  75  60  87  16  72  69  59  16  10  77  25  75  26  17
   60  61  41  89  75  68  56  27  40  86   4   7  77  18  69  86  94  91
   83  46  37  50  10  46  54  45  51  57  54  74  65  23  44  81   3  66
   13   5  70  18  47  90  78  32  14  62  37  11  16  28  87  74  52  56
   44  80  59  32  99   3 100  66  76]
 [  0  25  64  74  94  40  28  32  88  28  43  94  92  39  97  38  39  34
   57   5  61  23  83  35  93  81  13   4  64  79  64  77  68  85   9  92
   93  33  72  56  19  65  52  79  58  88  27  46  98  92  40  50  64  83
   88  97  75  41  68  27  75  95  35   1  87  63  29  66  68  29  93  60
   32  37  82  20  40  51  39  86  81]
 [  0  55  14  88  11  29  46  86  46  55   6  54  74  13  81  85  24  19
   85  84  77   7  71  29  76  15   2  21  38  32  60  77  75  60  28  33
    6  20  91   1 100  64  35  67   3  51  32  83  36  32  29  88  29   7
   99  25  77  62  92  97  56  68 100  22   5  63  43  64  90  63  32  87
   52  64  19 100  56  38  72  50  72]
 [  0  44   4  73  33  39  36  52  63  90  29  92  94  99  71  87  66  39
   10   3  62  93  77  64  10  91  64   9  10  57  36  89  87  25  94  74
   26  35  99  19  99  13  90  38  37  29  28  71  43  88  86  73   6  72
   35   8  84  21  16  56  27  37 100  16  79  70  49  68  76  88  32  67
   36  81   8  68  53  13  56  63  34]]
 setup_times
 [[[ 0 41 49 44 47 53 38 34 48 32 42 34 48]
  [ 0  0 52 51 37 51 44 59 39 31 42 46 58]
  [ 0 41  0 46 31 31 47 57 50 42 42 44 49]
  [ 0 38 52  0 38 54 43 37 34 34 35 37 52]
  [ 0 37 53 56  0 31 52 30 39 45 32 51 48]
  [ 0 35 58 50 59  0 51 52 34 44 39 31 32]
  [ 0 42 35 50 59 56  0 58 34 31 45 41 33]
  [ 0 53 41 54 41 30 33  0 35 40 41 53 53]
  [ 0 45 49 58 58 37 46 49  0 45 53 30 35]
  [ 0 40 34 54 41 57 38 39 30  0 41 34 43]
  [ 0 53 38 37 41 30 30 55 32 42  0 59 51]
  [ 0 47 49 31 31 35 36 55 51 35 45  0 45]
  [ 0 55 36 54 30 47 39 52 54 55 43 45  0]]

 [[ 0 50 54 57 59 35 41 30 55 45 53 36 56]
  [ 0  0 37 32 52 35 44 35 36 46 50 59 51]
  [ 0 59  0 51 56 44 40 39 40 39 46 58 47]
  [ 0 35 42  0 37 50 45 46 33 30 47 56 32]
  [ 0 44 51 49  0 38 35 57 55 37 54 54 42]
  [ 0 36 34 41 53  0 34 40 53 50 49 47 55]
  [ 0 30 59 42 41 55  0 31 54 57 37 46 39]
  [ 0 48 46 57 53 35 59  0 48 34 46 38 50]
  [ 0 33 44 46 40 49 57 51  0 45 41 33 52]
  [ 0 59 49 35 54 41 54 57 57  0 54 52 33]
  [ 0 35 55 37 43 53 30 46 50 57  0 35 43]
  [ 0 49 50 41 37 50 34 48 38 37 43  0 48]
  [ 0 37 52 46 43 37 59 51 33 40 30 31  0]]

 [[ 0 47 44 50 42 59 32 33 31 56 44 47 57]
  [ 0  0 38 51 50 41 36 37 47 38 31 32 37]
  [ 0 54  0 31 39 38 46 44 55 53 57 32 42]
  [ 0 53 54  0 41 50 55 35 34 55 30 54 53]
  [ 0 40 59 45  0 56 59 30 55 46 43 45 53]
  [ 0 56 48 32 46  0 51 52 33 37 49 43 37]
  [ 0 55 58 34 36 36  0 31 40 42 55 32 49]
  [ 0 49 31 51 42 47 40  0 52 56 51 39 41]
  [ 0 36 54 50 36 32 31 38  0 47 54 32 34]
  [ 0 51 30 55 36 48 34 30 48  0 40 34 39]
  [ 0 44 54 38 32 52 45 35 47 40  0 58 53]
  [ 0 55 33 59 47 46 42 42 38 42 46  0 46]
  [ 0 35 38 34 45 38 49 41 37 37 33 35  0]]

 [[ 0 43 36 57 44 52 55 52 48 44 39 58 43]
  [ 0  0 30 59 49 30 55 55 46 45 41 34 35]
  [ 0 46  0 58 42 49 40 46 48 42 33 32 46]
  [ 0 41 44  0 52 50 57 43 31 46 44 39 54]
  [ 0 36 43 43  0 32 59 41 37 50 49 41 34]
  [ 0 47 32 57 35  0 49 55 37 46 52 58 33]
  [ 0 40 32 43 50 32  0 39 33 43 56 44 58]
  [ 0 46 44 54 56 36 32  0 44 30 41 58 37]
  [ 0 56 43 54 54 37 37 51  0 54 49 39 54]
  [ 0 47 31 58 51 50 37 44 32  0 55 37 37]
  [ 0 33 48 49 38 54 38 36 43 54  0 44 46]
  [ 0 37 34 53 54 55 52 49 57 51 56  0 37]
  [ 0 31 49 44 45 49 52 34 53 56 31 44  0]]

 [[ 0 31 44 54 33 44 40 32 55 43 58 30 52]
  [ 0  0 32 48 36 42 32 39 43 46 37 47 33]
  [ 0 32  0 43 45 57 46 56 34 56 47 33 41]
  [ 0 34 48  0 32 33 43 57 34 52 43 57 30]
  [ 0 51 57 58  0 56 30 33 45 47 58 41 45]
  [ 0 39 53 43 57  0 57 34 50 50 32 52 58]
  [ 0 48 50 36 40 46  0 41 34 33 47 55 58]
  [ 0 58 53 36 52 51 47  0 54 53 57 33 31]
  [ 0 38 49 47 56 47 41 37  0 37 36 55 36]
  [ 0 42 58 54 33 59 52 33 39  0 45 47 48]
  [ 0 46 38 42 47 44 55 46 47 33  0 30 35]
  [ 0 50 57 59 43 36 54 35 51 36 51  0 52]
  [ 0 59 43 35 59 38 32 48 36 56 38 35  0]]

 [[ 0 47 54 58 32 38 54 46 50 42 58 44 40]
  [ 0  0 57 30 30 44 51 37 56 47 31 55 35]
  [ 0 59  0 54 51 30 51 40 31 45 36 53 48]
  [ 0 35 34  0 40 58 59 52 58 50 57 38 59]
  [ 0 37 42 39  0 52 43 49 35 59 58 32 36]
  [ 0 42 57 43 53  0 45 39 44 54 41 35 36]
  [ 0 30 40 51 46 43  0 58 46 54 32 48 30]
  [ 0 50 52 32 40 54 36  0 30 58 40 56 35]
  [ 0 46 42 32 49 46 52 54  0 39 35 45 38]
  [ 0 38 50 48 51 37 56 51 41  0 42 34 32]
  [ 0 38 55 58 34 58 54 53 48 47  0 33 59]
  [ 0 49 41 37 40 58 41 30 38 54 57  0 58]
  [ 0 34 33 38 34 54 45 37 42 49 47 46  0]]

 [[ 0 46 34 47 56 58 52 54 46 37 48 34 40]
  [ 0  0 40 32 56 31 46 45 34 44 40 57 51]
  [ 0 55  0 50 39 48 34 31 41 45 42 37 42]
  [ 0 33 44  0 32 52 43 57 50 49 46 39 35]
  [ 0 38 47 34  0 46 31 41 51 35 40 31 57]
  [ 0 53 59 51 45  0 46 58 43 34 42 32 32]
  [ 0 30 46 46 30 46  0 48 33 54 49 31 32]
  [ 0 53 42 55 46 40 35  0 50 33 54 50 44]
  [ 0 54 57 43 52 37 51 48  0 31 34 56 41]
  [ 0 37 59 38 39 54 52 46 53  0 45 44 45]
  [ 0 53 42 57 45 54 47 50 31 58  0 31 55]
  [ 0 55 50 43 44 33 40 57 35 33 37  0 39]
  [ 0 44 37 54 31 52 53 40 34 49 32 49  0]]

 [[ 0 30 47 36 39 58 50 48 56 30 49 32 36]
  [ 0  0 42 44 41 32 58 30 33 49 31 33 38]
  [ 0 43  0 48 44 47 31 57 35 51 38 33 32]
  [ 0 33 38  0 43 40 30 43 33 53 45 38 36]
  [ 0 32 39 55  0 32 53 31 34 50 40 40 30]
  [ 0 57 47 49 56  0 53 52 31 42 47 31 40]
  [ 0 33 30 43 58 58  0 58 43 52 53 53 51]
  [ 0 37 57 48 35 53 45  0 37 36 56 49 44]
  [ 0 40 47 44 50 41 30 40  0 41 53 57 57]
  [ 0 39 36 42 33 46 54 32 41  0 55 59 39]
  [ 0 40 57 42 58 36 50 37 31 49  0 44 35]
  [ 0 56 48 47 59 42 30 35 58 44 50  0 56]
  [ 0 42 39 57 32 37 41 36 35 33 47 44  0]]

 [[ 0 48 37 45 52 37 30 31 46 39 32 47 56]
  [ 0  0 58 33 35 46 58 36 32 33 55 54 56]
  [ 0 51  0 51 45 51 41 47 34 46 32 47 56]
  [ 0 53 59  0 48 34 53 34 49 46 50 42 53]
  [ 0 52 41 36  0 56 49 34 36 53 56 40 39]
  [ 0 54 53 49 46  0 47 35 57 57 58 31 34]
  [ 0 56 32 43 57 34  0 36 57 58 32 41 50]
  [ 0 59 39 57 30 50 39  0 39 50 56 32 47]
  [ 0 52 32 52 33 53 33 52  0 49 39 40 37]
  [ 0 30 39 34 58 55 59 34 58  0 58 33 33]
  [ 0 43 30 58 56 34 53 46 53 53  0 33 51]
  [ 0 47 37 50 56 46 31 58 53 55 58  0 50]
  [ 0 46 52 37 48 49 41 46 37 32 58 33  0]]

 [[ 0 51 35 52 47 40 33 37 53 51 49 48 45]
  [ 0  0 55 31 41 38 30 35 48 37 59 31 55]
  [ 0 37  0 38 57 44 49 52 48 40 51 43 35]
  [ 0 37 54  0 51 44 53 42 58 30 48 55 44]
  [ 0 46 43 57  0 56 51 37 57 30 41 43 50]
  [ 0 58 49 37 44  0 52 37 39 30 45 43 47]
  [ 0 36 34 47 56 40  0 39 31 41 57 47 54]
  [ 0 44 32 56 50 36 52  0 45 45 48 53 55]
  [ 0 41 45 46 34 59 47 30  0 38 40 54 44]
  [ 0 54 57 38 48 45 46 50 42  0 51 51 47]
  [ 0 31 54 37 36 48 52 34 49 34  0 50 51]
  [ 0 45 45 45 56 57 59 37 34 57 52  0 51]
  [ 0 38 49 55 44 35 36 57 46 35 30 39  0]]]
 delivery_times
 [[ 0 34  7 67 23 76 24 38 25 50 79 98 72  2 19 61  8  7 71 75 51 33 61 60
  14 21 10 37 36 99 93 44 98 79 97 59 72 36 44 67 88 51 54 21 19 60 72  2
  90 84 77 96 45  2 83 12 88 68 72 71 21 63 53  4 34 17 54 70  3 15 41 39
  84 80 10  8  1  3  7 88  7]
 [ 0 54 22 14 30 75 34 21 57 77 57 35 71 89 87 70 65 19 88 14 14 43 40 60
  83 94 85 21 22 77 35 24 64 90 50 14 13 29  8 28 35 54 48 27 59 57 40 57
  36 13 94 89 71 28 18 73 80 53 87  2 91 14 89 46 23 98 43 62 15 49 70 66
  75 54 82 78 17  5  4 91 24]
 [ 0 87 15 63  6 52 46 59 26 76 92 82 60 12 16 31 92 47 55 96 87 31 91 94
  12  9 54 80 91 67 52 57 38 49 47 12 89 78 71 33 93 13 64 59 33 91 29 53
  57 79 17 35 41 35 84 63  5 67 53 51 45 17 63 79 37 75 83 67 80 57 29  4
  63 82  6  2 74 90  4 38 19]
 [ 0 92 59  5  3  4 77 75 64 69 57 98 49 94 25 27 90 70 72 17 97 49 50 34
  47 95 14 94 40 60 27 19  3 55 98 56 69 41 10 30 55 14 45 91 83 27 40 29
  52 69 20 59 26 52 26 79 37 83 86 89 77 90 66 81 32 34 56 89 61 15  8 75
  21 28 91 71 28 84 76 99 89]
 [ 0 13 25 16  2 58 37 81  9 49 62 76  8 73 34 76 11 71 78 42 31 83 70 52
   5 41  8 36 26 14 32 92 59 77 12 67 61  4 97 54 49 64 64 72 99 11 15 12
  26  6 10 53 40 72  7 86  7 50 33 88 48 93  4 95 44 99  2 73 67 41 18 58
  41 45 63 75 21 28 49 23 29]
 [ 0 17  9 24 22 43 61 58 33 87  5 87 10 11 28  8 26 28 99  4 97 93 87 74
  15 25 83 90 98 80 89 44 17 70 48 40 45  8 91 35 46 24 39 60 18 81  6 15
  66  2 30 21 26  9 63 81 75 26 77 47  3  7 69  5 82  5  8 47 80 13 57 20
  49 75 62 56 18 19 79 26 58]
 [ 0 33 31  4 92 55 40 49 76 74 11 40 18 65 15 60 45 11 80 88 79 90 83 14
   8 71 23 56 41  8 56 87 67 78 20 22 55  9 12 58 38 37 17 42 46 29 46 35
  59 79 27 82 32 37 38  4 24 55 82 78 14 18 34 14 37 85 36 14 92 97 69 59
  24 39 20 27 27 19 17 47  1]
 [ 0 12  6 62 60  5 84 62 66 70 97 55 26 99  2 70 33 73 19 24  5  8 96 82
  67 44 60 69 12 77 36 13 21 79 63 63 22 92 21 75 12 97 54 95 48 41 97 70
  51 31  5 84  5  5 78 43 48  3 90 92 92  6 89 16 66 34 79 85 65 98 69 45
  11 57 44 11 22 87 46  5 68]
 [ 0 98 51 18 40 40 28 17 92 43 48 21  4 36 19 92 72  7 56 96 31 58 92 13
  29 89 66 38 28 42 12 37  1 28 43  1 48 48 79 66 10 50 35 91 11 93 10 52
  62 72  8 92  9 37  2 43 44 94  8 46 65 98 35 51 47 55 77 25 63 86 92 59
  31  3 14 95 48 31 31 17 45]
 [ 0 49 45 39  4 93 71 48 66 55 77 38 96 32 14 41 55 43 61 85 70 10 57 22
  65  1  3 54 14 88 50 29 51 65 44 23 81 34 10  2  7 27 95 10 27 32 37  1
  66 24 15 72 63 81 96 76 39 21 10 81 83 18 52 37 84 11 66 51  5 17 27 19
  94 19 91 98 14 90 64 13 18]]
 job2fam
 [[1 0 0 0 0 0 0 0 0 0 0 0 0 0 0 0 0 0 0 0 0 0 0 0 0 0 0 0 0 0 0 0 0 0 0 0
  0 0 0 0 0 0 0 0 0 0 0 0 0 0 0 0 0 0 0 0 0 0 0 0 0 0 0 0 0 0 0 0 0 0 0 0
  0 0 0 0 0 0 0 0 0]
 [0 0 0 0 0 0 0 0 0 0 0 0 0 0 0 0 0 0 0 0 0 1 0 0 0 0 0 0 0 0 0 0 0 0 0 1
  0 0 0 0 0 0 1 0 0 0 0 0 0 0 0 0 1 0 0 0 0 0 0 1 0 0 0 1 0 0 0 0 0 0 0 0
  0 0 0 0 0 0 0 1 0]
 [0 0 0 1 0 0 0 0 0 1 1 0 0 0 0 0 0 0 1 1 0 0 0 0 0 0 0 0 0 0 0 0 0 0 0 0
  1 0 0 0 0 0 0 0 0 0 0 0 0 0 0 0 0 0 0 0 0 0 0 0 0 1 0 0 0 0 0 1 1 0 0 1
  0 1 0 1 0 0 0 0 0]
 [0 0 0 0 0 0 0 0 0 0 0 0 0 0 0 0 0 0 0 0 0 0 0 0 0 0 0 0 0 0 0 1 0 0 0 0
  0 0 1 0 0 0 0 0 0 0 0 0 0 0 0 0 0 0 0 0 0 1 0 0 0 0 0 0 0 0 0 0 0 0 0 0
  0 0 0 0 0 0 0 0 0]
 [0 0 0 0 1 0 0 0 0 0 0 1 0 0 1 0 0 0 0 0 0 0 0 0 0 0 0 0 0 0 0 0 0 0 1 0
  0 0 0 0 0 0 0 0 1 0 0 0 0 0 0 0 0 0 0 0 0 0 1 0 0 0 0 0 0 0 0 0 0 0 0 0
  0 0 0 0 1 0 0 0 0]
 [0 0 0 0 0 1 0 0 0 0 0 0 0 0 0 1 0 0 0 0 0 0 0 1 0 0 0 0 0 0 1 0 0 0 0 0
  0 0 0 0 0 0 0 0 0 0 0 0 0 0 0 0 0 0 1 0 0 0 0 0 0 0 0 0 0 0 0 0 0 0 0 0
  0 0 0 0 0 0 1 0 0]
 [0 1 1 0 0 0 0 0 0 0 0 0 0 0 0 0 0 0 0 0 0 0 0 0 0 0 0 0 0 0 0 0 0 0 0 0
  0 0 0 0 0 1 0 0 0 0 0 0 0 0 0 0 0 0 0 0 0 0 0 0 0 0 0 0 0 0 1 0 0 0 0 0
  0 0 0 0 0 0 0 0 1]
 [0 0 0 0 0 0 0 1 0 0 0 0 0 0 0 0 1 0 0 0 0 0 0 0 0 0 0 1 0 0 0 0 0 0 0 0
  0 0 0 0 0 0 0 0 0 0 0 1 0 0 1 0 0 0 0 0 0 0 0 0 0 0 0 0 0 0 0 0 0 0 0 0
  1 0 0 0 0 1 0 0 0]
 [0 0 0 0 0 0 0 0 1 0 0 0 0 0 0 0 0 0 0 0 0 0 0 0 0 0 0 0 1 0 0 0 0 0 0 0
  0 1 0 0 0 0 0 0 0 0 0 0 1 1 0 0 0 0 0 0 0 0 0 0 0 0 0 0 0 1 0 0 0 0 0 0
  0 0 1 0 0 0 0 0 0]
 [0 0 0 0 0 0 0 0 0 0 0 0 1 0 0 0 0 1 0 0 1 0 0 0 0 1 1 0 0 0 0 0 0 0 0 0
  0 0 0 0 0 0 0 0 0 0 0 0 0 0 0 0 0 1 0 0 1 0 0 0 1 0 0 0 1 0 0 0 0 0 0 0
  0 0 0 0 0 0 0 0 0]
 [0 0 0 0 0 0 0 0 0 0 0 0 0 0 0 0 0 0 0 0 0 0 0 0 0 0 0 0 0 1 0 0 0 1 0 0
  0 0 0 0 0 0 0 1 0 1 0 0 0 0 0 1 0 0 0 1 0 0 0 0 0 0 0 0 0 0 0 0 0 0 0 0
  0 0 0 0 0 0 0 0 0]
 [0 0 0 0 0 0 1 0 0 0 0 0 0 1 0 0 0 0 0 0 0 0 0 0 1 0 0 0 0 0 0 0 1 0 0 0
  0 0 0 0 1 0 0 0 0 0 0 0 0 0 0 0 0 0 0 0 0 0 0 0 0 0 0 0 0 0 0 0 0 1 0 0
  0 0 0 0 0 0 0 0 0]
 [0 0 0 0 0 0 0 0 0 0 0 0 0 0 0 0 0 0 0 0 0 0 1 0 0 0 0 0 0 0 0 0 0 0 0 0
  0 0 0 1 0 0 0 0 0 0 1 0 0 0 0 0 0 0 0 0 0 0 0 0 0 0 1 0 0 0 0 0 0 0 1 0
  0 0 0 0 0 0 0 0 0]]
