params：
 weight-->(1, 10)
 proc_times-->(1, 100)
 setup_times-->(30, 60)
 delivery_times-->(170, 200)
 job_rate-->8

start:
alpha_1
8
 alpha_2
1.0
 mach
10
 job
80
 fam
12
 weigh
 [[0 4 5 1 6 8 8 5 6 6 3 8 5 2 4 1 4 2 5 6 8 9 1 5 3 4 7 6 8 9 8 5 2 6 4 7
  1 6 9 3 4 4 6 7 6 1 9 2 8 5 3 8 9 5 1 7 9 1 6 7 1 5 3 8 8 6 6 7 7 4 5 1
  9 7 6 5 5 4 2 2 4]]
 proc_times
 [[  0   3  24  76  78  63  38  48  28  15   7  87  44   2  55  62   7  56
   99  47  98   7  87  38  76  17  62  59  72  91  51  89  13  32  93  93
   46  30  49  79   4  66  65  55  64  43  36  44  97  55   3  28  62  73
   18  13  19  84  97  16  36  94   7  34  20  26  69  46  32  66  11  66
   43  65  10  38   4  98  61  42  16]
 [  0   6   6  37  89  69  99  84  60  10  73  35  65  28  79  15   2  56
   43  85  71  98  77  12  23  87   4  68  45  39  38   5  27  75  10  72
   61  15  75  82  55  14  17  88  69  69  60  98  15  64  41  45  98   3
   44   3  55  56  98  14  54  24  59  74  93  51  80  87  83  14  91  67
   55  93  57  32   7  24  41  29  61]
 [  0  46  28  66  86  12  29  29  25  61  50  53  77  50  42  80  53  60
    9  86  10  70   2  34  67  80  87   9  61  95  54  29  80  30  21  56
   52  77 100   5  97  69  18  64  13  49  10  61  15  31  19  44  37  29
   40  72  68  91   7  52  99  34   5  84  54  96  32  36  54  28  84  23
    8   5  68  74  45  61  38  27  31]
 [  0  66  42  13  78  73  35  17  48  13  87  72  63  16  43  98  67  65
   90  43  70  52  25  68  90  76  90   6  64  70  51   9  95  14  74  99
   80  45  63  11  86  95  63  43  41   6  14  66  25  88  78  26  99  73
   49  44  47  31  90  77  22  10  54  84  32  33  78  55  29  80  93  97
   55  84  33  64  69  81   4  82  42]
 [  0  66  12  88  12   2  47  95  32   8  51  89  16  89  21  14   6  39
    8  38  90  18  50  26 100  94  30  27  46  68  10  39   2  84  60 100
   75   4  44  99  43  41  20  81  56  76  25  17   6  35  21   6  86  33
   88  91   2  92  40  36  45  30  70  73  56  86  14  28  41  11   9  67
   77  50   7  75  45  50   2   2   4]
 [  0  26  34  63  40  18  44  72  63  43  68   8  92  38  25  79  49  64
   13  71   6  18  78  65   8  53  37  45  89  96  58  96  54  91  46  46
   23  94   4  95  88  10   3  61  71  90  70  73  84  65  28  62  10   3
   63  22  38  33  70  89  35  70  17  91  67  45  76   6  23  89  79  14
   71  97  93  42  80   3  38  98  32]
 [  0  24  33  33  72  64  83  48  87  87  14  61  43  80  40  60  65  27
   58  50  62  32  54  17  40  35  12  11  26  33   5  32  61  51  27  88
   94  88  26  16  48  14  13   2  91  69  47  35  88  38  50  38   6   4
   14  30  26  33  61  16   1  83  90  79  31  48  76  12  29  24  47  45
   37   3   8  71  39  40  68  80  63]
 [  0   9  13  48  86  97  55  47  23  52  48  83  42  44  59  72  16  63
   63  69   9  20  77  35  37  31   1  12  53  36  44  21  83  57  92   7
   11  46  69  36  17  90  15  82  65  23   9  32  52  23  27  16  50  33
   68  97  84  51  49  68  29  51  26  83  80  59  96  22  43  46  64  40
   15  35   5  21  53  48 100  72  72]
 [  0  59  28  36  35   2  54  53   3  23  79  37  28  61  40  26  68  16
   43  28  96   8  49  17  56  19  70  10   2  34  70  85  87  53   4  87
    6   5  73  27  28  48  43  48  84  22  93  30  94  26  87  75  52  17
   65  71  16  50  95  20  53  67  12  11   3  84  31  38  98  76  61   3
   70  26  78   4  22  49  60  15  97]
 [  0  66  96  10  91  17  39  65  88  90  77  48  66  39   3  61  90   9
   42  38   2  42   8  10  98  83   8  62  44  86  30 100  46  58  23   1
   45  13  10  53  87   9  85  60  63  76  96  28  14  67  82  79  61  27
   16  56  99  58  28  21  54  15  73  45  85  36  65  51  42   9  91  44
   55   5  76  14  11   2  85   9  50]]
 setup_times
 [[[ 0 59 37 47 59 54 39 37 30 54 40 30 47]
  [ 0  0 32 41 31 30 49 51 42 58 53 49 31]
  [ 0 59  0 38 33 41 37 36 57 31 30 37 50]
  [ 0 33 48  0 42 49 43 30 47 34 47 47 36]
  [ 0 49 30 32  0 38 35 49 32 37 43 58 42]
  [ 0 37 51 38 55  0 42 58 36 49 39 43 57]
  [ 0 39 36 48 56 40  0 54 53 33 48 57 57]
  [ 0 45 51 32 59 32 34  0 43 53 44 39 42]
  [ 0 34 47 32 52 36 43 48  0 49 47 53 43]
  [ 0 54 32 32 51 38 54 39 53  0 42 58 58]
  [ 0 42 56 31 53 47 54 35 34 42  0 35 36]
  [ 0 38 55 32 43 48 37 59 49 37 53  0 39]
  [ 0 58 54 41 31 34 58 43 51 53 55 58  0]]

 [[ 0 45 34 34 45 45 56 49 32 39 37 36 40]
  [ 0  0 34 55 40 56 54 36 54 58 30 54 48]
  [ 0 39  0 51 41 31 39 37 43 41 31 38 42]
  [ 0 51 39  0 56 47 58 54 55 37 34 39 49]
  [ 0 43 48 54  0 37 36 52 42 59 45 56 30]
  [ 0 55 41 55 43  0 40 41 38 58 41 34 30]
  [ 0 32 34 39 35 37  0 33 55 53 47 47 36]
  [ 0 37 58 51 36 47 40  0 55 41 58 31 34]
  [ 0 42 47 44 45 40 48 40  0 46 32 46 31]
  [ 0 59 38 53 47 37 57 58 32  0 55 31 37]
  [ 0 41 32 46 33 48 48 44 47 40  0 40 58]
  [ 0 56 44 35 40 49 51 43 35 37 50  0 38]
  [ 0 53 30 45 45 39 57 59 57 41 45 47  0]]

 [[ 0 35 50 44 52 40 42 46 35 59 32 51 55]
  [ 0  0 39 44 53 46 32 37 56 48 38 50 43]
  [ 0 55  0 55 48 45 59 36 48 43 54 43 45]
  [ 0 36 31  0 39 50 49 36 36 30 43 51 37]
  [ 0 38 54 30  0 43 47 49 39 45 51 38 52]
  [ 0 44 44 37 36  0 46 44 40 57 58 47 41]
  [ 0 38 59 30 48 58  0 39 45 31 30 56 30]
  [ 0 49 55 42 48 53 38  0 41 46 34 37 49]
  [ 0 31 35 35 39 58 34 42  0 33 59 49 31]
  [ 0 37 37 48 50 42 33 41 36  0 43 37 44]
  [ 0 47 30 44 39 48 50 40 31 52  0 38 30]
  [ 0 58 58 56 39 53 44 51 31 32 32  0 34]
  [ 0 45 57 45 33 52 50 36 50 44 30 48  0]]

 [[ 0 52 42 42 47 39 55 44 46 39 59 36 54]
  [ 0  0 57 58 33 35 53 37 46 48 37 39 36]
  [ 0 40  0 46 51 38 54 56 52 32 44 58 37]
  [ 0 55 40  0 50 36 48 38 42 52 35 57 50]
  [ 0 46 47 39  0 57 34 30 43 58 36 44 57]
  [ 0 40 49 50 53  0 41 32 53 51 44 45 30]
  [ 0 55 35 35 54 36  0 58 43 51 49 40 35]
  [ 0 31 44 38 35 46 33  0 32 58 32 46 35]
  [ 0 56 52 30 55 49 35 47  0 38 59 38 38]
  [ 0 41 57 52 40 44 38 57 43  0 34 46 56]
  [ 0 58 57 35 44 33 51 44 31 41  0 46 33]
  [ 0 33 32 45 39 37 51 50 52 46 50  0 45]
  [ 0 36 44 48 54 37 37 44 49 40 38 47  0]]

 [[ 0 39 35 44 57 54 40 34 50 32 34 49 41]
  [ 0  0 39 43 39 37 55 51 38 59 52 38 40]
  [ 0 43  0 35 31 52 59 54 47 50 48 52 51]
  [ 0 46 50  0 40 47 56 57 43 55 59 40 44]
  [ 0 43 43 59  0 50 59 33 52 39 55 37 41]
  [ 0 34 47 47 36  0 35 55 45 42 55 39 43]
  [ 0 50 40 58 50 44  0 56 40 43 33 53 43]
  [ 0 33 50 45 33 39 52  0 44 47 44 58 50]
  [ 0 56 38 41 54 46 50 49  0 34 44 59 54]
  [ 0 53 33 40 59 46 44 39 34  0 42 51 32]
  [ 0 53 41 51 59 59 35 47 39 44  0 56 56]
  [ 0 40 39 52 32 41 37 42 49 38 32  0 57]
  [ 0 37 58 58 50 44 33 32 55 30 57 48  0]]

 [[ 0 33 59 44 57 39 42 34 58 36 32 35 41]
  [ 0  0 41 32 34 44 55 48 44 59 33 46 45]
  [ 0 51  0 34 40 31 48 51 58 33 32 30 35]
  [ 0 54 50  0 54 37 31 55 42 54 48 47 56]
  [ 0 30 50 52  0 45 38 56 46 40 55 42 35]
  [ 0 33 57 38 55  0 50 34 41 57 53 49 44]
  [ 0 54 34 39 38 55  0 42 39 47 49 39 53]
  [ 0 50 47 37 38 49 55  0 56 54 51 43 54]
  [ 0 50 47 49 54 47 34 31  0 57 34 52 40]
  [ 0 38 41 59 33 57 31 32 56  0 58 46 31]
  [ 0 55 38 41 34 51 54 37 42 45  0 39 31]
  [ 0 52 34 46 58 54 59 41 32 31 45  0 52]
  [ 0 44 47 45 52 38 47 38 58 52 34 33  0]]

 [[ 0 56 43 50 52 31 41 36 30 36 44 37 38]
  [ 0  0 45 32 31 38 42 32 43 53 42 58 56]
  [ 0 34  0 46 43 33 50 52 43 38 50 52 43]
  [ 0 41 32  0 44 59 43 42 34 48 56 32 32]
  [ 0 52 43 52  0 51 43 51 45 51 56 56 42]
  [ 0 59 34 38 46  0 59 33 36 57 30 51 36]
  [ 0 48 51 55 39 42  0 56 57 52 38 33 32]
  [ 0 31 50 36 52 30 34  0 40 37 33 32 38]
  [ 0 40 52 49 38 33 56 41  0 50 46 40 46]
  [ 0 44 56 56 59 56 46 43 53  0 43 37 57]
  [ 0 34 58 31 56 35 34 43 33 48  0 50 55]
  [ 0 35 48 58 43 33 50 32 42 40 47  0 40]
  [ 0 34 48 38 50 46 54 38 35 47 35 50  0]]

 [[ 0 41 35 47 36 38 42 49 32 59 31 57 55]
  [ 0  0 37 37 38 44 31 54 57 35 32 49 33]
  [ 0 55  0 54 47 52 47 30 35 33 56 54 57]
  [ 0 48 31  0 57 54 32 30 51 47 36 56 57]
  [ 0 49 43 31  0 36 33 58 33 38 39 55 37]
  [ 0 58 32 52 51  0 57 53 39 41 48 33 33]
  [ 0 42 47 42 48 56  0 40 57 42 43 33 31]
  [ 0 39 38 41 53 51 43  0 51 33 47 37 39]
  [ 0 33 34 47 59 52 45 34  0 39 56 34 47]
  [ 0 42 38 37 42 47 36 33 54  0 59 40 32]
  [ 0 56 48 54 52 49 43 34 32 33  0 49 31]
  [ 0 49 46 45 35 31 53 52 30 52 37  0 42]
  [ 0 56 49 40 43 51 40 42 59 52 45 35  0]]

 [[ 0 58 54 37 32 56 49 51 45 44 37 52 52]
  [ 0  0 49 57 40 44 34 42 45 45 59 59 38]
  [ 0 41  0 36 43 32 39 43 46 49 36 43 48]
  [ 0 35 57  0 48 36 41 36 43 59 32 35 39]
  [ 0 56 42 30  0 53 58 31 38 56 39 35 33]
  [ 0 48 30 40 43  0 31 55 45 31 44 48 31]
  [ 0 36 51 37 59 58  0 36 40 44 40 45 57]
  [ 0 36 50 44 56 46 56  0 36 33 59 49 47]
  [ 0 38 57 44 31 56 47 31  0 58 50 44 40]
  [ 0 48 41 59 56 52 50 43 55  0 51 59 31]
  [ 0 45 38 41 51 33 32 52 37 33  0 43 59]
  [ 0 53 53 33 58 41 39 31 51 30 57  0 52]
  [ 0 50 44 45 53 35 53 42 52 39 55 33  0]]

 [[ 0 56 39 45 40 47 40 46 57 49 49 49 57]
  [ 0  0 38 52 30 33 47 46 37 40 38 31 55]
  [ 0 35  0 47 54 52 34 55 33 46 53 30 57]
  [ 0 40 38  0 43 40 52 44 56 56 47 36 30]
  [ 0 50 40 30  0 47 51 30 57 42 59 48 52]
  [ 0 36 46 55 42  0 32 44 32 45 32 42 51]
  [ 0 31 56 56 43 36  0 53 36 43 38 53 54]
  [ 0 56 42 53 32 41 58  0 33 51 39 58 48]
  [ 0 37 42 52 57 53 50 30  0 49 55 36 43]
  [ 0 40 46 32 39 56 51 44 32  0 35 32 33]
  [ 0 44 40 56 43 37 54 56 43 49  0 50 52]
  [ 0 38 53 34 41 36 59 46 51 45 36  0 32]
  [ 0 56 46 43 37 52 35 37 41 40 47 52  0]]]
 delivery_times
 [[  0 175 199 189 176 187 187 191 186 194 170 180 181 189 174 179 172 175
  187 178 186 181 198 179 197 185 196 188 183 170 192 178 192 187 170 172
  175 187 191 191 179 173 186 182 194 194 192 192 178 192 192 183 176 181
  174 191 182 182 189 196 185 172 173 194 177 183 182 189 171 190 192 176
  180 198 187 189 190 186 194 187 184]
 [  0 199 199 191 175 193 182 197 185 182 185 177 186 193 196 193 188 185
  186 187 195 191 180 175 185 173 191 194 187 175 189 174 181 187 175 192
  180 188 199 176 177 197 194 196 197 180 176 197 182 186 172 198 192 190
  189 174 199 191 173 171 194 195 187 192 187 174 170 178 198 195 196 179
  190 184 172 195 170 182 183 192 187]
 [  0 176 197 170 189 177 178 184 176 191 170 182 194 195 192 184 186 199
  193 170 179 174 183 170 194 181 195 176 184 184 187 186 178 194 197 185
  187 191 177 176 178 172 188 198 181 175 182 177 194 175 174 188 183 173
  197 191 191 170 194 189 194 177 177 171 195 174 197 175 191 178 185 178
  183 171 184 197 184 172 186 195 170]
 [  0 192 186 179 188 197 181 172 186 180 193 196 192 190 193 183 199 172
  191 177 178 189 172 172 199 198 172 198 189 196 198 196 185 188 174 183
  171 177 191 171 178 193 192 199 179 182 185 173 170 187 182 191 170 188
  192 179 182 195 197 186 175 184 186 188 187 170 185 184 185 197 199 182
  171 182 180 198 193 190 173 185 193]
 [  0 197 190 197 171 192 173 195 188 199 173 180 199 171 174 173 182 199
  170 174 183 171 174 184 190 171 181 172 196 179 177 178 180 192 193 192
  194 182 193 187 193 176 188 181 181 171 184 174 177 194 180 185 174 178
  187 176 171 179 193 176 180 197 191 179 178 193 196 188 189 185 182 192
  182 179 182 194 183 195 192 187 192]
 [  0 171 187 175 190 182 186 195 190 191 197 194 192 177 192 190 191 197
  199 170 182 189 197 182 171 197 191 175 196 188 173 192 189 197 187 187
  194 189 174 181 177 176 175 192 189 185 172 181 177 195 179 191 192 189
  188 194 188 172 181 182 188 179 186 172 196 191 171 185 179 192 188 172
  181 174 185 185 198 179 177 180 196]
 [  0 199 191 172 183 193 180 196 183 189 178 195 191 179 174 187 173 184
  193 193 171 186 187 192 191 187 186 198 184 173 195 174 199 191 198 195
  197 197 182 170 199 181 179 172 193 186 194 182 182 180 176 181 198 184
  188 174 178 191 192 197 191 189 196 186 197 177 198 170 191 187 173 189
  174 173 186 170 180 177 193 176 182]
 [  0 186 176 194 184 192 194 180 193 170 186 173 184 173 190 178 174 197
  178 191 177 172 196 183 199 194 176 183 180 179 180 176 199 191 190 183
  192 173 180 197 178 175 181 186 181 185 182 174 174 184 196 184 178 177
  190 189 182 197 188 177 176 180 181 178 189 181 196 186 185 186 177 186
  173 179 199 179 197 193 171 184 174]
 [  0 193 197 181 195 191 198 191 185 191 183 192 177 185 175 176 197 193
  180 192 189 190 191 196 189 184 184 186 185 183 193 193 199 175 178 191
  193 179 179 195 177 171 191 198 194 198 186 198 179 194 179 185 196 178
  188 179 174 191 193 176 183 190 189 196 180 180 199 178 199 184 191 188
  192 185 175 194 170 194 192 187 176]
 [  0 176 176 183 176 193 189 186 183 187 180 197 187 195 195 173 170 175
  175 171 196 198 183 176 193 176 170 184 192 178 196 184 185 190 177 184
  197 198 187 183 185 198 180 183 179 170 198 175 184 172 192 178 181 199
  191 174 174 188 177 184 196 180 180 185 193 189 181 194 181 172 195 185
  182 174 177 175 185 193 184 199 178]]
 job2fam
 [[1 0 0 0 0 0 0 0 0 0 0 0 0 0 0 0 0 0 0 0 0 0 0 0 0 0 0 0 0 0 0 0 0 0 0 0
  0 0 0 0 0 0 0 0 0 0 0 0 0 0 0 0 0 0 0 0 0 0 0 0 0 0 0 0 0 0 0 0 0 0 0 0
  0 0 0 0 0 0 0 0 0]
 [0 0 0 0 0 0 0 0 0 0 0 0 0 0 0 0 0 0 0 0 0 1 0 0 0 0 0 0 0 0 0 0 0 0 0 1
  0 0 0 0 0 0 1 0 0 0 0 0 0 0 0 0 1 0 0 0 0 0 0 1 0 0 0 1 0 0 0 0 0 0 0 0
  0 0 0 0 0 0 0 1 0]
 [0 0 0 1 0 0 0 0 0 1 1 0 0 0 0 0 0 0 1 1 0 0 0 0 0 0 0 0 0 0 0 0 0 0 0 0
  1 0 0 0 0 0 0 0 0 0 0 0 0 0 0 0 0 0 0 0 0 0 0 0 0 1 0 0 0 0 0 1 1 0 0 1
  0 1 0 1 0 0 0 0 0]
 [0 0 0 0 0 0 0 0 0 0 0 0 0 0 0 0 0 0 0 0 0 0 0 0 0 0 0 0 0 0 0 1 0 0 0 0
  0 0 1 0 0 0 0 0 0 0 0 0 0 0 0 0 0 0 0 0 0 1 0 0 0 0 0 0 0 0 0 0 0 0 0 0
  0 0 0 0 0 0 0 0 0]
 [0 0 0 0 1 0 0 0 0 0 0 1 0 0 1 0 0 0 0 0 0 0 0 0 0 0 0 0 0 0 0 0 0 0 1 0
  0 0 0 0 0 0 0 0 1 0 0 0 0 0 0 0 0 0 0 0 0 0 1 0 0 0 0 0 0 0 0 0 0 0 0 0
  0 0 0 0 1 0 0 0 0]
 [0 0 0 0 0 1 0 0 0 0 0 0 0 0 0 1 0 0 0 0 0 0 0 1 0 0 0 0 0 0 1 0 0 0 0 0
  0 0 0 0 0 0 0 0 0 0 0 0 0 0 0 0 0 0 1 0 0 0 0 0 0 0 0 0 0 0 0 0 0 0 0 0
  0 0 0 0 0 0 1 0 0]
 [0 1 1 0 0 0 0 0 0 0 0 0 0 0 0 0 0 0 0 0 0 0 0 0 0 0 0 0 0 0 0 0 0 0 0 0
  0 0 0 0 0 1 0 0 0 0 0 0 0 0 0 0 0 0 0 0 0 0 0 0 0 0 0 0 0 0 1 0 0 0 0 0
  0 0 0 0 0 0 0 0 1]
 [0 0 0 0 0 0 0 1 0 0 0 0 0 0 0 0 1 0 0 0 0 0 0 0 0 0 0 1 0 0 0 0 0 0 0 0
  0 0 0 0 0 0 0 0 0 0 0 1 0 0 1 0 0 0 0 0 0 0 0 0 0 0 0 0 0 0 0 0 0 0 0 0
  1 0 0 0 0 1 0 0 0]
 [0 0 0 0 0 0 0 0 1 0 0 0 0 0 0 0 0 0 0 0 0 0 0 0 0 0 0 0 1 0 0 0 0 0 0 0
  0 1 0 0 0 0 0 0 0 0 0 0 1 1 0 0 0 0 0 0 0 0 0 0 0 0 0 0 0 1 0 0 0 0 0 0
  0 0 1 0 0 0 0 0 0]
 [0 0 0 0 0 0 0 0 0 0 0 0 1 0 0 0 0 1 0 0 1 0 0 0 0 1 1 0 0 0 0 0 0 0 0 0
  0 0 0 0 0 0 0 0 0 0 0 0 0 0 0 0 0 1 0 0 1 0 0 0 1 0 0 0 1 0 0 0 0 0 0 0
  0 0 0 0 0 0 0 0 0]
 [0 0 0 0 0 0 0 0 0 0 0 0 0 0 0 0 0 0 0 0 0 0 0 0 0 0 0 0 0 1 0 0 0 1 0 0
  0 0 0 0 0 0 0 1 0 1 0 0 0 0 0 1 0 0 0 1 0 0 0 0 0 0 0 0 0 0 0 0 0 0 0 0
  0 0 0 0 0 0 0 0 0]
 [0 0 0 0 0 0 1 0 0 0 0 0 0 1 0 0 0 0 0 0 0 0 0 0 1 0 0 0 0 0 0 0 1 0 0 0
  0 0 0 0 1 0 0 0 0 0 0 0 0 0 0 0 0 0 0 0 0 0 0 0 0 0 0 0 0 0 0 0 0 1 0 0
  0 0 0 0 0 0 0 0 0]
 [0 0 0 0 0 0 0 0 0 0 0 0 0 0 0 0 0 0 0 0 0 0 1 0 0 0 0 0 0 0 0 0 0 0 0 0
  0 0 0 1 0 0 0 0 0 0 1 0 0 0 0 0 0 0 0 0 0 0 0 0 0 0 1 0 0 0 0 0 0 0 1 0
  0 0 0 0 0 0 0 0 0]]
