params：
 weight-->(1, 10)
 proc_times-->(1, 100)
 setup_times-->(15, 30)
 delivery_times-->(170, 200)
 job_rate-->8

start:
alpha_1
8
 alpha_2
0.5
 mach
10
 job
80
 fam
12
 weigh
 [[0 4 1 2 2 9 9 6 8 1 6 7 8 6 1 2 1 3 4 3 7 1 6 8 1 3 2 4 9 5 5 2 9 8 7 3
  2 6 7 3 6 8 9 6 9 7 2 9 8 1 9 6 8 4 5 5 2 9 2 1 9 2 5 8 9 5 3 1 8 7 8 5
  7 3 7 8 3 9 1 2 5]]
 proc_times
 [[  0   3  50   4  96  69  42  30  77  31  90  21  87  57  34  42   5  22
   67  40  65  16  70  21  30  72  66  67  69  95  57  26  15  29  86  91
   33  91  47  79  56  12  46  46  30  58  71  75   6  21  53  33  61  59
   32 100  91  86  42  35  72  52  60  79  68  53  77  49  47  86  66  52
   49  99   1   6  73  33  90   4  61]
 [  0  79  69  69  88   2   8  14  86   9  56  74  26  48  12  47   2   1
   66  37   4  41  50  49  43  26  23  66  26   4  87   6  97  22  54  15
   15  15  43  75  49   6 100  40  36  28  17  98  68  41  74  27  84  49
    6  80  11  57  93  44  34  38  31  11  62  82  96   4  79  50   1  62
   59   1  42  53  76  71  32  77  21]
 [  0  65  44  37  93  47  54  61  72  19  64  96  59  21  76  58  73  30
   62  72  78  43  15  63  56  74  69  29  56  85  56 100  37   8   3  35
   43  70  70  34  19  32  92  54  45  15  59  72  78  20   8  20  88  38
   16   4  43  40  76  90   3 100  94   2  21  42  98   4  96  14  94  81
   63   3  40  71  62  92  31  26  12]
 [  0  47  74  50  45  39  12  31  24   7  60  64  33  29  22  36  95  68
   17  72   6  71  31  91  11  15  31  62 100  41  86  31  98  93  81   8
    7  97  94  73  55  16  96  36  57  96  64  60  27  84  91  35  78  86
   22  40   2  83  62  91  49  64  52  92  33  76 100  24  58  22  46  14
   68  20   1   3  56  66  70  66   5]
 [  0  54  18  33  95  49  87  81  36  76  28  36  82  41  40  48  71  16
   19  20  17  48  97  93  94  87  45  96  81  99  97  23  74  18  41  76
   97  55  58  29  34  22  52  68  79  49  24  62  65   6  61  94  61  77
    2  67  28  71  43  55  82  32  93  27  17  84  79  40  46  96  12  25
   96  46  19  56   5   3  90  42  77]
 [  0  72  30  33  12  90   5  68  91  79  69  55  51  90  78  96  45  60
   62  91  19  29  30  32   3  54  73  45   1  57   2  53  14  85  11  69
   85  49  60  57   6   5  31  26  43  19  68  45  35  57  45  78  52  34
   40  61  88  50  57  25  24  40  16   4  75  69  68  29  93  63  58  57
   59  90  62  60  16  35  37  30  84]
 [  0  63  30  81  97  48  45  29  37  83  94  68  83  21  57  86  73  32
   65  54  61 100  78  92  75  65  37  56  76  65 100  39  69   7  24  94
   44  73  78  75  68  94  35  17  92  16  41  63  35  33   8   2  70  35
   56  78  52  34  81  86  49  91  75  25  59  35  36   8  34  23  83  13
   55  64  11   4  85  45  69  47  14]
 [  0  77  65   5  48  72  59   8  54  60  12  36  73 100  96   4  88  73
   97  58  97  20  86  46  14  49  21  60  99  27  60  51  42  75  59  43
   79  37  72  68  64  22  11  61  91  60  29  11  43  23  39  54  97  13
   48  56  91   3  96  69  47  36  48  18  98  86   3  52  84  35  37   8
   46  50  96  37  12  44  46  61  34]
 [  0  61  18  96  11  64  50  77  70  86  95  97  87  50  30  87  11  81
   73  68 100  81   5  46  45  89  12  11  76  16  42  37  19  85  99  17
   40  44  47   5  98  55  30  31  46  57  12  22  74   5  43  97  26   2
   33  99  91  95   1   4  26  86  50  54  86  59  52  78  62  75   4  76
   67  27  75  26  74  52  97  13  77]
 [  0  88  62  69   5   5  63  40  37  64  23  68  45  84  64  38  42  95
   91  49  79  35  18  83   6  82  52  94   3  17  45  50  58  35  57  12
   55  61  75  55  52  33  21  27  35  12  65  43  22  87  18  62  45  29
    1  30  45  60  26  63   2  71  90  18  73  79  63  21  30  61  62  56
   45  19   6  68  81   4  25  79  86]]
 setup_times
 [[[ 0 26 27 21 16 27 17 18 20 21 25 15 15]
  [ 0  0 16 22 15 27 28 15 16 25 15 15 18]
  [ 0 19  0 27 28 15 22 21 28 19 17 25 18]
  [ 0 20 18  0 29 28 29 16 27 22 15 15 23]
  [ 0 24 24 25  0 21 23 17 15 15 22 24 22]
  [ 0 21 16 22 25  0 17 20 28 21 22 27 26]
  [ 0 24 19 17 22 25  0 21 20 18 16 16 16]
  [ 0 22 27 17 21 29 24  0 18 23 18 26 20]
  [ 0 28 16 22 29 25 19 23  0 21 26 25 15]
  [ 0 17 23 21 15 28 27 17 16  0 19 29 19]
  [ 0 24 25 29 17 20 24 15 27 19  0 27 25]
  [ 0 29 20 24 28 28 20 27 18 16 17  0 29]
  [ 0 22 25 21 20 24 16 19 25 20 29 28  0]]

 [[ 0 24 18 20 18 21 15 19 15 21 24 23 25]
  [ 0  0 23 19 15 25 18 27 25 16 18 17 19]
  [ 0 16  0 20 26 20 25 17 22 16 19 27 21]
  [ 0 28 24  0 29 17 24 26 20 16 25 25 28]
  [ 0 15 28 15  0 18 25 19 25 29 22 26 20]
  [ 0 20 29 29 29  0 24 15 16 21 17 17 22]
  [ 0 17 25 23 19 15  0 17 28 29 23 24 15]
  [ 0 24 26 27 22 16 21  0 25 23 18 20 16]
  [ 0 24 27 27 15 18 29 25  0 15 24 22 28]
  [ 0 22 19 22 28 16 18 27 21  0 26 19 24]
  [ 0 19 19 18 28 29 17 15 29 16  0 23 23]
  [ 0 15 19 18 18 17 15 28 16 21 24  0 26]
  [ 0 25 16 22 25 19 19 20 17 28 19 24  0]]

 [[ 0 19 22 25 18 29 28 21 22 24 27 26 29]
  [ 0  0 16 15 18 25 23 21 22 29 19 27 20]
  [ 0 29  0 17 23 28 24 21 27 26 20 25 25]
  [ 0 18 28  0 27 27 24 22 15 18 29 19 25]
  [ 0 20 26 21  0 22 18 18 22 24 24 25 20]
  [ 0 25 22 20 20  0 26 24 15 21 20 24 19]
  [ 0 19 27 18 15 20  0 16 16 15 28 26 20]
  [ 0 26 24 22 20 19 24  0 21 22 23 17 17]
  [ 0 25 19 28 26 28 24 26  0 19 18 24 20]
  [ 0 17 25 21 24 19 26 25 27  0 15 15 28]
  [ 0 27 26 27 22 27 16 25 24 25  0 23 26]
  [ 0 26 17 15 20 19 27 16 18 26 28  0 28]
  [ 0 22 23 25 28 24 16 23 20 15 26 24  0]]

 [[ 0 28 22 26 25 17 27 28 16 22 27 27 26]
  [ 0  0 22 18 29 15 19 23 17 26 24 25 18]
  [ 0 22  0 29 16 15 18 28 22 29 17 15 29]
  [ 0 17 24  0 15 18 17 29 26 16 23 25 29]
  [ 0 27 25 19  0 25 24 28 22 18 22 28 29]
  [ 0 23 20 26 23  0 22 17 23 23 26 22 28]
  [ 0 21 29 16 25 16  0 24 15 29 24 15 22]
  [ 0 23 18 21 16 27 20  0 27 26 24 23 26]
  [ 0 26 20 21 28 23 29 23  0 24 24 29 24]
  [ 0 25 21 23 25 22 16 17 21  0 21 23 24]
  [ 0 19 22 21 23 17 16 20 24 26  0 18 18]
  [ 0 16 21 17 28 16 15 18 20 20 21  0 25]
  [ 0 15 15 15 29 29 25 17 24 17 20 23  0]]

 [[ 0 18 18 18 28 22 19 16 17 25 22 27 23]
  [ 0  0 16 16 19 27 29 22 28 29 26 27 20]
  [ 0 27  0 29 21 22 24 23 19 28 16 26 28]
  [ 0 24 17  0 18 23 28 25 29 21 21 25 19]
  [ 0 25 28 27  0 19 17 28 29 21 17 17 24]
  [ 0 27 22 20 21  0 25 18 24 15 19 26 29]
  [ 0 17 25 15 21 16  0 24 19 28 28 21 28]
  [ 0 26 25 15 28 21 18  0 27 28 25 28 19]
  [ 0 18 24 24 24 19 19 22  0 27 29 26 19]
  [ 0 23 26 18 25 28 27 26 24  0 29 29 29]
  [ 0 15 29 22 16 19 15 26 15 26  0 18 26]
  [ 0 26 26 15 28 29 21 22 23 21 20  0 24]
  [ 0 19 28 24 21 22 21 26 21 26 17 16  0]]

 [[ 0 28 18 28 21 17 27 29 26 28 22 15 25]
  [ 0  0 17 21 21 17 28 29 29 28 16 24 21]
  [ 0 25  0 20 16 23 25 18 16 19 27 23 26]
  [ 0 25 22  0 28 19 18 27 19 24 15 29 18]
  [ 0 20 24 16  0 25 18 23 18 22 20 15 18]
  [ 0 27 25 27 15  0 29 16 25 22 19 25 26]
  [ 0 23 26 24 24 26  0 17 23 25 17 23 23]
  [ 0 18 19 29 18 26 18  0 23 29 16 19 21]
  [ 0 25 27 23 29 17 23 19  0 17 19 19 16]
  [ 0 28 24 21 17 23 25 23 15  0 15 23 23]
  [ 0 26 15 27 24 20 19 27 27 18  0 21 24]
  [ 0 18 19 22 28 29 19 23 27 21 25  0 23]
  [ 0 15 25 24 25 15 25 18 15 29 15 26  0]]

 [[ 0 16 17 19 15 15 20 17 23 19 28 21 24]
  [ 0  0 22 23 15 21 28 21 17 20 19 25 26]
  [ 0 16  0 21 26 19 25 22 28 25 27 23 22]
  [ 0 17 28  0 26 16 18 23 29 24 24 20 17]
  [ 0 22 25 17  0 23 20 29 21 19 23 24 16]
  [ 0 15 23 27 21  0 26 16 16 19 19 27 20]
  [ 0 16 29 19 25 28  0 23 24 27 27 23 16]
  [ 0 21 21 19 19 24 21  0 17 18 16 23 15]
  [ 0 20 21 18 22 29 29 18  0 17 21 25 24]
  [ 0 16 20 22 19 28 21 17 19  0 17 23 15]
  [ 0 16 18 22 19 24 28 27 17 21  0 28 28]
  [ 0 29 28 23 24 15 18 28 25 25 24  0 16]
  [ 0 25 24 26 20 17 25 15 20 20 25 25  0]]

 [[ 0 27 26 23 27 18 23 15 17 21 26 20 19]
  [ 0  0 16 19 26 24 20 22 19 17 15 18 24]
  [ 0 19  0 18 17 16 28 26 15 21 15 23 25]
  [ 0 23 26  0 25 15 27 28 22 18 22 21 17]
  [ 0 16 20 24  0 28 22 18 23 17 28 28 16]
  [ 0 28 21 23 20  0 20 17 15 23 21 22 20]
  [ 0 15 21 23 24 28  0 19 26 28 17 19 21]
  [ 0 15 21 26 22 28 26  0 28 26 27 24 19]
  [ 0 16 24 23 20 28 19 27  0 15 23 25 28]
  [ 0 16 29 23 23 22 24 19 16  0 29 24 18]
  [ 0 19 28 24 28 16 18 23 15 17  0 22 24]
  [ 0 26 28 29 25 19 28 17 20 25 22  0 17]
  [ 0 19 15 25 23 23 27 21 22 29 25 23  0]]

 [[ 0 24 17 29 28 25 28 18 24 15 17 26 21]
  [ 0  0 26 20 18 15 22 21 24 22 26 27 26]
  [ 0 22  0 24 17 18 26 25 19 25 16 20 29]
  [ 0 21 21  0 23 25 17 15 23 29 22 26 20]
  [ 0 21 28 15  0 26 17 24 29 24 28 29 27]
  [ 0 29 24 25 17  0 19 18 26 25 22 26 29]
  [ 0 22 22 23 17 24  0 19 22 17 29 28 18]
  [ 0 19 25 25 16 16 20  0 23 28 16 16 28]
  [ 0 16 15 18 25 26 16 16  0 25 20 29 21]
  [ 0 21 23 21 29 22 28 29 27  0 21 19 29]
  [ 0 22 16 15 29 21 16 27 15 15  0 28 19]
  [ 0 21 19 26 22 25 21 15 18 23 26  0 21]
  [ 0 15 16 16 19 16 29 24 24 26 25 27  0]]

 [[ 0 18 26 26 28 25 22 28 22 15 27 18 18]
  [ 0  0 21 20 28 20 26 15 22 29 19 17 25]
  [ 0 19  0 23 22 28 21 21 27 17 21 23 25]
  [ 0 23 24  0 17 21 20 22 19 17 18 23 16]
  [ 0 21 26 24  0 15 27 25 15 27 18 15 22]
  [ 0 15 17 20 24  0 22 23 18 28 18 18 27]
  [ 0 27 16 27 16 17  0 16 17 19 18 27 23]
  [ 0 15 19 22 29 29 23  0 26 20 17 21 27]
  [ 0 23 16 23 16 18 24 21  0 20 22 24 15]
  [ 0 15 27 15 21 19 19 22 16  0 23 15 23]
  [ 0 29 24 16 21 25 28 16 20 25  0 29 29]
  [ 0 28 17 25 18 18 15 21 15 18 21  0 16]
  [ 0 24 26 22 25 27 19 28 26 28 26 21  0]]]
 delivery_times
 [[  0 182 176 173 186 195 178 183 188 173 176 189 192 175 195 174 194 199
  187 188 173 191 177 191 174 196 180 187 175 172 187 190 196 176 184 193
  191 172 185 199 174 174 179 171 194 185 170 188 172 190 177 175 176 187
  187 175 176 194 197 174 194 197 196 184 186 192 198 180 186 184 192 188
  199 183 181 176 188 172 175 178 191]
 [  0 170 195 177 197 172 175 185 174 183 171 182 184 177 195 191 196 181
  196 172 189 182 194 192 177 179 186 178 186 178 172 197 181 184 173 192
  192 171 178 186 173 179 195 188 170 185 180 194 176 194 191 186 177 194
  187 187 170 189 180 189 192 190 185 186 182 175 170 188 194 193 173 172
  196 176 190 176 185 190 180 180 187]
 [  0 177 191 172 195 178 185 181 187 187 173 175 173 183 199 180 176 198
  180 191 182 179 196 185 186 183 170 197 180 190 198 197 194 173 185 176
  184 174 172 181 178 186 181 192 182 192 172 180 198 173 179 187 177 173
  191 170 173 195 197 171 170 191 175 195 180 179 186 171 170 177 189 173
  197 190 186 195 173 198 190 181 174]
 [  0 177 188 170 175 170 189 193 179 194 179 181 181 173 194 190 184 170
  183 188 175 175 198 175 186 197 190 185 194 188 180 171 188 183 177 187
  174 172 185 170 171 186 187 188 183 170 179 190 199 198 185 174 191 179
  174 182 188 198 193 171 189 193 173 186 185 184 176 181 196 192 191 186
  180 182 198 184 178 188 176 185 193]
 [  0 176 188 198 174 189 173 175 196 180 172 179 189 187 186 197 183 191
  183 191 183 186 176 178 195 191 195 199 176 186 185 176 189 175 179 177
  188 174 181 188 196 178 185 190 195 194 184 189 198 177 186 173 188 195
  192 179 186 188 197 187 180 177 180 191 171 177 180 189 191 171 177 191
  183 172 171 180 177 191 199 173 192]
 [  0 183 194 177 192 174 186 184 194 174 181 196 184 171 193 187 188 170
  173 174 179 172 196 182 181 186 196 194 178 195 197 178 176 175 197 183
  189 170 171 183 183 190 183 197 184 185 183 190 188 183 174 180 170 181
  197 188 183 178 186 172 196 180 195 174 178 190 189 171 174 175 179 173
  193 185 184 175 180 172 179 170 192]
 [  0 199 173 176 192 177 199 186 170 177 185 181 199 189 180 196 175 190
  176 196 193 170 174 172 187 178 173 196 190 173 182 197 175 187 186 182
  197 198 175 182 197 183 189 194 188 190 198 178 198 178 198 188 198 179
  184 193 178 186 196 191 193 188 173 177 183 175 179 180 199 173 182 199
  199 179 183 184 187 177 180 184 171]
 [  0 195 183 173 170 183 189 184 187 199 182 173 180 171 181 175 177 176
  176 193 196 185 196 178 194 199 187 198 198 198 171 180 181 187 194 196
  180 172 177 182 191 199 195 172 196 192 183 194 175 180 185 198 199 185
  192 192 199 179 190 175 174 186 192 196 186 192 198 190 179 176 180 199
  176 183 181 180 185 188 199 177 196]
 [  0 185 196 194 185 187 185 190 176 181 189 182 185 176 186 182 196 176
  196 179 191 188 198 192 188 181 194 183 197 171 185 188 173 196 176 192
  174 183 184 189 185 180 179 187 193 195 187 194 195 175 199 199 177 181
  172 198 199 193 192 175 175 186 181 177 181 197 191 183 197 194 193 176
  197 199 173 193 188 199 179 173 198]
 [  0 198 189 188 181 182 183 191 188 170 181 192 170 176 179 194 190 174
  187 172 173 179 195 197 190 193 193 199 198 192 198 183 199 174 170 185
  184 187 193 199 173 180 177 173 189 192 186 173 174 198 197 186 187 172
  183 176 194 177 186 175 190 188 184 191 189 173 185 187 172 197 196 189
  189 184 171 197 197 178 198 191 185]]
 job2fam
 [[1 0 0 0 0 0 0 0 0 0 0 0 0 0 0 0 0 0 0 0 0 0 0 0 0 0 0 0 0 0 0 0 0 0 0 0
  0 0 0 0 0 0 0 0 0 0 0 0 0 0 0 0 0 0 0 0 0 0 0 0 0 0 0 0 0 0 0 0 0 0 0 0
  0 0 0 0 0 0 0 0 0]
 [0 0 0 0 0 0 0 0 0 0 0 0 0 0 0 0 0 0 0 0 0 1 0 0 0 0 0 0 0 0 0 0 0 0 0 1
  0 0 0 0 0 0 1 0 0 0 0 0 0 0 0 0 1 0 0 0 0 0 0 1 0 0 0 1 0 0 0 0 0 0 0 0
  0 0 0 0 0 0 0 1 0]
 [0 0 0 1 0 0 0 0 0 1 1 0 0 0 0 0 0 0 1 1 0 0 0 0 0 0 0 0 0 0 0 0 0 0 0 0
  1 0 0 0 0 0 0 0 0 0 0 0 0 0 0 0 0 0 0 0 0 0 0 0 0 1 0 0 0 0 0 1 1 0 0 1
  0 1 0 1 0 0 0 0 0]
 [0 0 0 0 0 0 0 0 0 0 0 0 0 0 0 0 0 0 0 0 0 0 0 0 0 0 0 0 0 0 0 1 0 0 0 0
  0 0 1 0 0 0 0 0 0 0 0 0 0 0 0 0 0 0 0 0 0 1 0 0 0 0 0 0 0 0 0 0 0 0 0 0
  0 0 0 0 0 0 0 0 0]
 [0 0 0 0 1 0 0 0 0 0 0 1 0 0 1 0 0 0 0 0 0 0 0 0 0 0 0 0 0 0 0 0 0 0 1 0
  0 0 0 0 0 0 0 0 1 0 0 0 0 0 0 0 0 0 0 0 0 0 1 0 0 0 0 0 0 0 0 0 0 0 0 0
  0 0 0 0 1 0 0 0 0]
 [0 0 0 0 0 1 0 0 0 0 0 0 0 0 0 1 0 0 0 0 0 0 0 1 0 0 0 0 0 0 1 0 0 0 0 0
  0 0 0 0 0 0 0 0 0 0 0 0 0 0 0 0 0 0 1 0 0 0 0 0 0 0 0 0 0 0 0 0 0 0 0 0
  0 0 0 0 0 0 1 0 0]
 [0 1 1 0 0 0 0 0 0 0 0 0 0 0 0 0 0 0 0 0 0 0 0 0 0 0 0 0 0 0 0 0 0 0 0 0
  0 0 0 0 0 1 0 0 0 0 0 0 0 0 0 0 0 0 0 0 0 0 0 0 0 0 0 0 0 0 1 0 0 0 0 0
  0 0 0 0 0 0 0 0 1]
 [0 0 0 0 0 0 0 1 0 0 0 0 0 0 0 0 1 0 0 0 0 0 0 0 0 0 0 1 0 0 0 0 0 0 0 0
  0 0 0 0 0 0 0 0 0 0 0 1 0 0 1 0 0 0 0 0 0 0 0 0 0 0 0 0 0 0 0 0 0 0 0 0
  1 0 0 0 0 1 0 0 0]
 [0 0 0 0 0 0 0 0 1 0 0 0 0 0 0 0 0 0 0 0 0 0 0 0 0 0 0 0 1 0 0 0 0 0 0 0
  0 1 0 0 0 0 0 0 0 0 0 0 1 1 0 0 0 0 0 0 0 0 0 0 0 0 0 0 0 1 0 0 0 0 0 0
  0 0 1 0 0 0 0 0 0]
 [0 0 0 0 0 0 0 0 0 0 0 0 1 0 0 0 0 1 0 0 1 0 0 0 0 1 1 0 0 0 0 0 0 0 0 0
  0 0 0 0 0 0 0 0 0 0 0 0 0 0 0 0 0 1 0 0 1 0 0 0 1 0 0 0 1 0 0 0 0 0 0 0
  0 0 0 0 0 0 0 0 0]
 [0 0 0 0 0 0 0 0 0 0 0 0 0 0 0 0 0 0 0 0 0 0 0 0 0 0 0 0 0 1 0 0 0 1 0 0
  0 0 0 0 0 0 0 1 0 1 0 0 0 0 0 1 0 0 0 1 0 0 0 0 0 0 0 0 0 0 0 0 0 0 0 0
  0 0 0 0 0 0 0 0 0]
 [0 0 0 0 0 0 1 0 0 0 0 0 0 1 0 0 0 0 0 0 0 0 0 0 1 0 0 0 0 0 0 0 1 0 0 0
  0 0 0 0 1 0 0 0 0 0 0 0 0 0 0 0 0 0 0 0 0 0 0 0 0 0 0 0 0 0 0 0 0 1 0 0
  0 0 0 0 0 0 0 0 0]
 [0 0 0 0 0 0 0 0 0 0 0 0 0 0 0 0 0 0 0 0 0 0 1 0 0 0 0 0 0 0 0 0 0 0 0 0
  0 0 0 1 0 0 0 0 0 0 1 0 0 0 0 0 0 0 0 0 0 0 0 0 0 0 1 0 0 0 0 0 0 0 1 0
  0 0 0 0 0 0 0 0 0]]
