params：
 weight-->(1, 10)
 proc_times-->(1, 100)
 setup_times-->(30, 60)
 delivery_times-->(170, 200)
 job_rate-->8

start:
alpha_1
8
 alpha_2
1.0
 mach
10
 job
80
 fam
12
 weigh
 [[0 7 1 9 3 1 3 3 7 6 4 5 3 5 1 7 6 8 8 4 7 4 4 9 3 1 2 6 2 5 8 1 7 2 7 3
  8 6 9 6 9 5 4 7 1 6 5 3 4 9 5 5 6 3 2 3 5 8 1 7 2 7 5 3 5 4 6 8 4 2 5 4
  3 4 2 3 1 7 9 9 3]]
 proc_times
 [[  0  57  53  88  86  18  10  76  42  45  25  17  70  66  16  98  20  23
   57  12  97  89  43  40  73  38  10  89  11  67  10  61  62  47  11  95
    3  76  67  58  21  61  13  91  16  70  52  40  91  55  28  22  55  46
   27  55   4  76  31  75  33  70   3  46  96  68  38   3  70  87  24  72
   43   7   5   7  24  50  34  97  36]
 [  0  75   2  78  85  42   8  27  63  68  53  86   2  94  38   8  30  35
    4  79  42  80  14  76  16  81  17  73  55   8   6  46  30  44  27  68
    2 100  21  40  60   2  77  30  50  89  95  40  42  94  18  92  66  16
    9  39  90  29  61  72  11   9  85  67   3  86  96  63  46  74  31  37
   76  30  42  87  25   8  60  57   2]
 [  0  92  23  85  14  69  89  63  21  30  55  53  33  57  53   6  35  90
   31  21  76  65  83  34  81  15  14  55  42  50  86   9  81  38   7  42
   71   5  83  56  85  39  24  90  60 100  75  46  90  67  80  68   3 100
   96  86  29  50  93  54  61  12  49  89  26  64  97  48  11  96  16  10
   52  14  67  98  60  15  90 100   6]
 [  0  60  37  48  87  82  94   7  68  34 100  20 100  77  79  51  80  56
   78  72  29  44  18  87   8  57  84  18  40  87  53  96 100  61  86  23
   63  80  10  90  12   6  24  63  62  16  33  57   2  28  98  97  96   7
   66   4  36  37  91  98  87  68  36  48  19  46  88  67  91  13  77   1
    3  42  32  97  30  96  85  34  43]
 [  0  30  17  89  64  52  64  53  83  39  83  86  22  95  43  10  63  69
   15  21  37  88  87  55  16  84  17  15   3  59  98  30  59  20  35  82
   46   7  86  66  13  89  12  10  86 100  11  62  48  38  70  67  20  29
   96  76  56  70  66  33   5  67  59  53  53  76  46  67  39  29  90  83
   99   2  76  72   4  69  50  39  28]
 [  0  40  25  63  62  25  93  44  12  41  35  49  86  18  68  92  10  54
   90  21  80  84  39  52  32  62  95  90   1  53   1  64  70  59  23  48
   89  28  80  10  69   4  57  37  60  36  12   4  35  19   2  60  31  95
   41  57  55  50  94  47  43  23  83  95  16  52  61  94  86  90  17  24
   61  14  72  19  47  79 100  82  83]
 [  0  63   4  52  19  84  30  13  37  14  96  58  54  58  69  35  95  56
   67  78  37  23  84  68  90  43  77  10  15  46  40  42  73  36   7  24
   48  14  59   9  45  39   9  72  60  31  58  92  88  16  86  79  47  76
   18  21  22  49  49  40  66  52  93  86  85  26  95  48 100  46  13  91
   52  81  86  95  26  14   5  62  99]
 [  0  45  13  53  32  17  77   3  69  61 100  83  97  51  27  35  14  83
   36   9  12  49  89  21  97  30  74  16  34  64  17  90  91  79  67  48
   99  17  33  71  98  61  34  49  39  89  20  14  46  80  99  11  35  32
   64  70  21  80  96  13  58  98  63  23  20  72  86  89  40   7  30  22
    3   6  25  76  48  10  12  27  35]
 [  0  37   3   9  78   6  51  84  65  69   5  82  47  64  53  66  16  32
   11  21  46  49  45  40  94  26  50  56  92  58  53  75   9  58 100  78
    6  59  52  77  29  44  49  30  40  63  78  81  17  94   5  25  70  84
   60  88  46  73  32  83  93   6  43   8  88  57   3  83  53   2   2  55
   85  46  44  84  21  89  95  52  95]
 [  0  71  39  20  70  11  31  30  89  82  53  42  12  63  23  66  79  57
   89  80  31  36   5  43  15  27  41  26  81  99  98  80  59  80  62  34
   50  37  11  50  73  43  73  86  71  85   2   7  10  71  70  99   3  78
   50  90  97  17  86  32  43  18  39  13  67  79  54  83   6   3  68  86
   97   1  29  29  83  29  20  21  24]]
 setup_times
 [[[ 0 31 31 37 44 59 33 37 43 40 50 41 39]
  [ 0  0 34 46 36 31 56 38 47 49 32 32 54]
  [ 0 56  0 32 32 46 33 53 56 37 56 30 55]
  [ 0 50 59  0 43 34 42 38 55 55 42 56 39]
  [ 0 54 57 54  0 43 52 39 37 38 52 32 41]
  [ 0 40 37 43 54  0 30 57 38 42 55 54 45]
  [ 0 30 54 44 39 38  0 45 51 49 57 34 35]
  [ 0 56 43 45 53 57 33  0 45 43 35 34 45]
  [ 0 41 42 42 58 57 31 31  0 48 41 48 42]
  [ 0 45 43 33 31 32 30 32 37  0 47 49 52]
  [ 0 37 58 45 40 32 53 52 56 41  0 48 55]
  [ 0 34 33 52 35 44 44 32 38 43 33  0 59]
  [ 0 43 51 54 33 30 36 48 52 56 42 57  0]]

 [[ 0 41 39 53 38 36 47 54 40 58 35 50 49]
  [ 0  0 59 32 35 44 32 59 56 51 59 54 33]
  [ 0 52  0 54 58 51 53 52 45 45 47 36 38]
  [ 0 43 59  0 42 50 40 30 48 38 44 38 54]
  [ 0 50 46 30  0 39 32 34 50 38 52 47 39]
  [ 0 39 56 51 45  0 30 32 49 55 45 51 50]
  [ 0 30 47 59 49 34  0 45 32 36 56 36 48]
  [ 0 44 49 34 30 48 31  0 30 52 49 37 42]
  [ 0 36 43 45 57 57 40 32  0 55 44 39 54]
  [ 0 54 58 37 31 56 45 34 54  0 43 53 57]
  [ 0 47 56 38 45 45 53 40 46 57  0 47 54]
  [ 0 38 32 50 43 44 32 33 52 44 36  0 33]
  [ 0 30 51 36 43 56 52 42 57 50 31 31  0]]

 [[ 0 30 46 57 43 46 55 46 32 34 36 50 48]
  [ 0  0 31 58 39 40 59 41 39 54 43 36 42]
  [ 0 59  0 58 56 57 49 46 46 43 37 44 55]
  [ 0 58 41  0 30 43 40 38 51 41 39 38 55]
  [ 0 38 46 45  0 40 35 38 38 31 41 51 34]
  [ 0 39 36 34 36  0 49 52 42 48 40 49 57]
  [ 0 48 51 50 59 40  0 59 49 31 45 39 38]
  [ 0 41 32 39 59 41 41  0 31 59 59 54 56]
  [ 0 45 44 55 38 38 31 51  0 39 55 30 44]
  [ 0 40 35 46 40 46 56 46 47  0 41 40 47]
  [ 0 52 47 50 45 37 30 46 58 45  0 43 48]
  [ 0 53 49 46 49 56 44 38 54 57 45  0 32]
  [ 0 41 45 42 54 32 32 44 50 39 51 41  0]]

 [[ 0 45 37 47 37 56 56 43 34 50 38 33 31]
  [ 0  0 43 58 31 34 54 52 44 36 51 33 53]
  [ 0 43  0 46 42 31 53 36 46 31 47 46 54]
  [ 0 48 50  0 59 40 34 56 40 53 37 32 58]
  [ 0 57 30 34  0 36 49 45 32 58 37 37 39]
  [ 0 34 47 55 35  0 56 34 53 49 35 57 51]
  [ 0 39 52 57 38 56  0 41 43 41 55 30 41]
  [ 0 45 47 54 31 41 39  0 35 58 39 45 45]
  [ 0 57 59 55 50 34 52 40  0 31 42 37 39]
  [ 0 49 52 32 47 59 45 52 57  0 57 51 53]
  [ 0 33 50 52 57 54 38 32 42 35  0 41 45]
  [ 0 39 49 58 34 54 44 51 36 51 52  0 42]
  [ 0 38 38 55 45 39 48 55 58 49 52 36  0]]

 [[ 0 36 40 39 38 32 36 56 38 49 39 56 31]
  [ 0  0 41 46 59 41 32 45 59 30 40 47 43]
  [ 0 35  0 52 41 37 40 56 36 37 35 51 55]
  [ 0 43 45  0 57 47 58 55 59 48 38 38 48]
  [ 0 32 53 51  0 31 39 35 33 31 48 36 33]
  [ 0 48 50 33 54  0 59 43 39 49 41 57 36]
  [ 0 56 46 48 50 45  0 31 59 59 32 53 57]
  [ 0 39 39 35 31 30 36  0 54 55 48 37 35]
  [ 0 52 42 47 34 44 49 47  0 39 47 57 44]
  [ 0 30 56 37 55 51 30 32 45  0 59 32 54]
  [ 0 34 53 53 50 48 32 46 35 49  0 49 30]
  [ 0 33 40 55 58 50 56 40 37 49 50  0 33]
  [ 0 42 43 47 38 38 53 48 55 31 46 40  0]]

 [[ 0 46 53 32 42 58 49 47 55 40 50 40 47]
  [ 0  0 42 40 34 30 46 57 38 42 34 56 56]
  [ 0 42  0 44 36 41 38 31 54 58 34 35 55]
  [ 0 54 36  0 50 58 53 53 42 57 46 45 42]
  [ 0 48 42 44  0 45 37 51 44 50 51 48 38]
  [ 0 51 40 31 47  0 34 36 49 51 53 48 42]
  [ 0 49 37 37 48 41  0 58 33 50 50 53 45]
  [ 0 53 40 51 46 48 40  0 37 49 58 31 33]
  [ 0 51 36 31 39 40 59 54  0 33 56 59 44]
  [ 0 58 43 55 51 36 50 50 50  0 39 39 49]
  [ 0 30 53 52 46 30 47 50 39 58  0 56 56]
  [ 0 54 30 43 37 31 32 57 44 54 56  0 40]
  [ 0 49 37 32 40 56 35 57 38 42 55 55  0]]

 [[ 0 56 39 59 51 31 33 38 40 38 35 48 35]
  [ 0  0 37 55 54 49 42 48 44 32 40 44 56]
  [ 0 57  0 40 54 56 37 55 58 44 37 58 37]
  [ 0 45 57  0 53 33 57 42 53 31 41 38 35]
  [ 0 46 50 35  0 53 31 42 39 53 37 34 39]
  [ 0 59 40 41 41  0 53 46 46 56 57 49 52]
  [ 0 59 38 57 59 46  0 56 42 31 52 55 58]
  [ 0 44 53 54 46 45 48  0 55 39 37 37 47]
  [ 0 50 47 39 36 31 30 53  0 30 59 49 36]
  [ 0 50 43 58 36 37 30 50 54  0 49 39 34]
  [ 0 50 58 38 35 46 31 46 41 57  0 52 52]
  [ 0 50 51 45 37 42 34 35 31 46 42  0 47]
  [ 0 48 53 32 38 50 55 30 54 37 43 58  0]]

 [[ 0 39 55 37 36 39 44 31 56 56 39 32 32]
  [ 0  0 51 37 39 46 36 39 30 42 50 54 50]
  [ 0 50  0 35 54 33 43 59 55 40 35 48 39]
  [ 0 44 45  0 34 44 47 56 43 54 56 43 39]
  [ 0 30 45 53  0 44 47 36 52 57 32 32 59]
  [ 0 38 46 30 59  0 55 55 37 52 30 59 31]
  [ 0 38 40 50 53 43  0 57 55 59 40 37 31]
  [ 0 45 45 43 34 47 41  0 38 37 56 58 41]
  [ 0 57 59 31 43 50 56 54  0 53 32 45 32]
  [ 0 31 48 30 48 45 44 56 34  0 39 38 57]
  [ 0 43 37 58 34 51 52 41 56 41  0 32 46]
  [ 0 37 42 51 52 44 54 54 49 41 42  0 33]
  [ 0 59 30 48 36 46 54 37 51 53 40 32  0]]

 [[ 0 41 54 35 52 54 50 56 43 42 44 30 57]
  [ 0  0 41 50 31 59 36 51 46 47 40 57 36]
  [ 0 43  0 30 33 33 39 31 33 50 40 53 40]
  [ 0 56 32  0 34 47 55 47 30 45 44 50 44]
  [ 0 56 44 41  0 59 30 30 56 51 34 56 39]
  [ 0 50 35 33 50  0 49 39 42 30 57 33 48]
  [ 0 39 55 41 31 39  0 31 57 48 48 48 46]
  [ 0 49 55 42 54 43 46  0 49 59 37 59 44]
  [ 0 57 52 57 33 38 46 42  0 48 48 35 48]
  [ 0 52 32 41 36 52 44 45 31  0 32 38 57]
  [ 0 34 53 53 58 58 43 42 45 59  0 38 33]
  [ 0 34 38 45 46 39 31 47 57 47 43  0 56]
  [ 0 34 30 40 41 44 35 39 33 46 40 34  0]]

 [[ 0 32 47 50 52 31 33 42 57 53 44 51 58]
  [ 0  0 44 57 33 54 58 50 48 41 54 52 54]
  [ 0 33  0 34 31 58 40 45 41 51 52 37 52]
  [ 0 57 54  0 53 53 40 59 43 58 52 38 42]
  [ 0 43 50 51  0 46 33 38 34 54 34 56 48]
  [ 0 30 55 36 45  0 40 44 39 37 38 42 34]
  [ 0 31 35 38 44 53  0 52 52 32 38 57 38]
  [ 0 43 56 44 48 42 49  0 37 56 41 39 32]
  [ 0 31 50 35 59 43 46 45  0 49 51 48 56]
  [ 0 54 59 49 59 52 36 33 47  0 40 43 58]
  [ 0 54 41 36 57 44 40 44 42 42  0 52 52]
  [ 0 43 43 41 40 51 52 40 53 35 30  0 59]
  [ 0 59 38 46 42 34 36 34 50 48 56 34  0]]]
 delivery_times
 [[  0 172 187 173 178 173 182 184 187 199 187 175 183 181 180 196 177 197
  197 173 181 176 184 184 184 174 193 185 191 196 173 195 173 198 188 186
  198 183 190 189 193 172 179 190 180 183 193 193 177 196 199 199 184 186
  175 170 170 171 176 172 174 197 185 172 176 179 195 189 180 182 197 172
  181 195 190 196 193 177 196 181 179]
 [  0 187 192 171 176 196 191 173 184 198 189 182 174 194 179 186 198 192
  176 180 176 173 178 176 199 172 186 186 171 197 176 177 197 183 194 174
  183 194 174 191 176 173 175 184 197 193 197 185 181 185 194 174 170 193
  193 174 198 174 175 174 170 176 184 194 176 178 175 179 181 192 178 175
  175 199 175 170 197 172 185 170 177]
 [  0 195 185 177 180 174 181 189 170 194 174 192 194 179 182 185 199 186
  191 178 187 178 191 188 179 196 186 177 174 183 198 193 192 187 188 173
  192 180 186 191 178 178 182 182 190 193 179 192 197 170 185 188 196 187
  179 195 171 189 188 175 189 185 189 175 190 197 195 175 185 185 176 182
  175 199 193 196 199 185 173 186 197]
 [  0 195 199 170 188 174 184 174 195 179 197 185 177 181 191 193 191 198
  189 173 185 195 186 184 185 189 174 198 174 195 198 192 175 185 186 192
  171 174 184 190 197 188 187 184 192 187 196 195 183 194 175 180 198 171
  186 170 174 181 189 191 179 180 171 178 183 189 170 188 186 173 171 185
  182 195 183 180 194 198 174 188 170]
 [  0 178 191 194 177 199 199 175 194 196 193 172 190 198 173 196 171 183
  185 188 196 171 183 187 189 197 176 171 170 180 192 194 173 190 174 179
  195 193 190 181 178 191 188 180 187 175 190 173 181 193 170 191 185 194
  181 199 178 185 189 189 186 175 177 170 184 172 175 187 186 188 176 190
  174 198 173 197 186 189 192 196 183]
 [  0 174 171 192 192 178 173 179 175 178 180 191 173 177 192 182 197 182
  189 195 175 171 190 172 191 171 195 188 177 193 176 178 193 196 186 193
  188 181 183 196 174 177 187 193 190 190 185 181 187 189 170 176 172 177
  173 196 199 192 170 199 172 194 173 194 193 196 171 193 190 176 190 193
  190 195 197 198 192 170 190 179 197]
 [  0 181 195 195 185 182 188 187 173 191 180 181 188 175 180 180 189 170
  181 192 173 187 189 197 181 176 174 174 171 198 193 190 184 199 178 175
  194 176 170 177 182 196 177 192 193 177 197 193 170 188 197 176 180 173
  176 173 176 192 183 199 199 198 184 174 189 175 187 195 194 175 180 187
  199 192 173 191 197 171 172 197 178]
 [  0 170 187 173 197 172 173 171 195 177 181 194 171 194 184 183 173 189
  187 184 192 191 174 176 175 173 194 184 170 192 189 184 185 178 194 190
  179 172 170 190 199 171 177 176 179 187 189 175 193 170 193 180 183 188
  181 177 178 199 194 171 173 194 196 197 178 193 188 182 189 181 172 172
  187 182 183 195 195 196 175 175 173]
 [  0 181 171 172 199 187 185 199 179 195 185 188 198 180 176 174 195 183
  188 178 171 180 170 193 188 194 172 193 182 186 178 198 177 193 180 198
  178 177 184 179 183 197 180 177 195 195 193 170 184 176 177 181 195 193
  184 170 173 181 171 184 181 174 187 193 174 191 185 173 182 186 191 185
  172 172 178 183 184 193 199 181 186]
 [  0 175 184 186 176 192 171 174 191 188 179 198 175 189 185 176 172 174
  192 181 185 198 194 174 180 193 198 193 184 184 196 185 173 180 186 177
  179 189 189 190 191 185 187 176 177 179 177 170 170 192 193 197 179 191
  198 179 175 196 175 184 176 177 181 176 189 198 183 186 190 189 170 186
  194 176 177 179 175 173 198 190 182]]
 job2fam
 [[1 0 0 0 0 0 0 0 0 0 0 0 0 0 0 0 0 0 0 0 0 0 0 0 0 0 0 0 0 0 0 0 0 0 0 0
  0 0 0 0 0 0 0 0 0 0 0 0 0 0 0 0 0 0 0 0 0 0 0 0 0 0 0 0 0 0 0 0 0 0 0 0
  0 0 0 0 0 0 0 0 0]
 [0 0 0 0 0 0 0 0 0 0 0 0 0 0 0 0 0 0 0 0 0 1 0 0 0 0 0 0 0 0 0 0 0 0 0 1
  0 0 0 0 0 0 1 0 0 0 0 0 0 0 0 0 1 0 0 0 0 0 0 1 0 0 0 1 0 0 0 0 0 0 0 0
  0 0 0 0 0 0 0 1 0]
 [0 0 0 1 0 0 0 0 0 1 1 0 0 0 0 0 0 0 1 1 0 0 0 0 0 0 0 0 0 0 0 0 0 0 0 0
  1 0 0 0 0 0 0 0 0 0 0 0 0 0 0 0 0 0 0 0 0 0 0 0 0 1 0 0 0 0 0 1 1 0 0 1
  0 1 0 1 0 0 0 0 0]
 [0 0 0 0 0 0 0 0 0 0 0 0 0 0 0 0 0 0 0 0 0 0 0 0 0 0 0 0 0 0 0 1 0 0 0 0
  0 0 1 0 0 0 0 0 0 0 0 0 0 0 0 0 0 0 0 0 0 1 0 0 0 0 0 0 0 0 0 0 0 0 0 0
  0 0 0 0 0 0 0 0 0]
 [0 0 0 0 1 0 0 0 0 0 0 1 0 0 1 0 0 0 0 0 0 0 0 0 0 0 0 0 0 0 0 0 0 0 1 0
  0 0 0 0 0 0 0 0 1 0 0 0 0 0 0 0 0 0 0 0 0 0 1 0 0 0 0 0 0 0 0 0 0 0 0 0
  0 0 0 0 1 0 0 0 0]
 [0 0 0 0 0 1 0 0 0 0 0 0 0 0 0 1 0 0 0 0 0 0 0 1 0 0 0 0 0 0 1 0 0 0 0 0
  0 0 0 0 0 0 0 0 0 0 0 0 0 0 0 0 0 0 1 0 0 0 0 0 0 0 0 0 0 0 0 0 0 0 0 0
  0 0 0 0 0 0 1 0 0]
 [0 1 1 0 0 0 0 0 0 0 0 0 0 0 0 0 0 0 0 0 0 0 0 0 0 0 0 0 0 0 0 0 0 0 0 0
  0 0 0 0 0 1 0 0 0 0 0 0 0 0 0 0 0 0 0 0 0 0 0 0 0 0 0 0 0 0 1 0 0 0 0 0
  0 0 0 0 0 0 0 0 1]
 [0 0 0 0 0 0 0 1 0 0 0 0 0 0 0 0 1 0 0 0 0 0 0 0 0 0 0 1 0 0 0 0 0 0 0 0
  0 0 0 0 0 0 0 0 0 0 0 1 0 0 1 0 0 0 0 0 0 0 0 0 0 0 0 0 0 0 0 0 0 0 0 0
  1 0 0 0 0 1 0 0 0]
 [0 0 0 0 0 0 0 0 1 0 0 0 0 0 0 0 0 0 0 0 0 0 0 0 0 0 0 0 1 0 0 0 0 0 0 0
  0 1 0 0 0 0 0 0 0 0 0 0 1 1 0 0 0 0 0 0 0 0 0 0 0 0 0 0 0 1 0 0 0 0 0 0
  0 0 1 0 0 0 0 0 0]
 [0 0 0 0 0 0 0 0 0 0 0 0 1 0 0 0 0 1 0 0 1 0 0 0 0 1 1 0 0 0 0 0 0 0 0 0
  0 0 0 0 0 0 0 0 0 0 0 0 0 0 0 0 0 1 0 0 1 0 0 0 1 0 0 0 1 0 0 0 0 0 0 0
  0 0 0 0 0 0 0 0 0]
 [0 0 0 0 0 0 0 0 0 0 0 0 0 0 0 0 0 0 0 0 0 0 0 0 0 0 0 0 0 1 0 0 0 1 0 0
  0 0 0 0 0 0 0 1 0 1 0 0 0 0 0 1 0 0 0 1 0 0 0 0 0 0 0 0 0 0 0 0 0 0 0 0
  0 0 0 0 0 0 0 0 0]
 [0 0 0 0 0 0 1 0 0 0 0 0 0 1 0 0 0 0 0 0 0 0 0 0 1 0 0 0 0 0 0 0 1 0 0 0
  0 0 0 0 1 0 0 0 0 0 0 0 0 0 0 0 0 0 0 0 0 0 0 0 0 0 0 0 0 0 0 0 0 1 0 0
  0 0 0 0 0 0 0 0 0]
 [0 0 0 0 0 0 0 0 0 0 0 0 0 0 0 0 0 0 0 0 0 0 1 0 0 0 0 0 0 0 0 0 0 0 0 0
  0 0 0 1 0 0 0 0 0 0 1 0 0 0 0 0 0 0 0 0 0 0 0 0 0 0 1 0 0 0 0 0 0 0 1 0
  0 0 0 0 0 0 0 0 0]]
