params：
 weight-->(1, 10)
 proc_times-->(1, 100)
 setup_times-->(30, 60)
 delivery_times-->(1, 100)
 job_rate-->12

start:
alpha_1
12
 alpha_2
1.0
 mach
10
 job
120
 fam
5
 weigh
 [[0 3 3 4 4 7 8 7 1 4 9 8 6 7 7 1 5 6 9 9 2 6 6 4 5 2 1 8 7 2 2 9 7 6 2 5
  5 2 7 1 3 9 1 7 2 3 4 4 1 4 9 6 8 2 5 1 1 2 3 2 2 2 3 2 4 5 5 7 9 6 1 8
  3 1 4 7 2 2 5 3 1 3 9 5 7 6 6 4 2 4 7 5 2 5 9 6 9 1 2 2 9 6 3 6 7 8 5 5
  4 9 2 8 2 3 2 8 4 7 7 6 7]]
 proc_times
 [[  0  29  93  44  23  69  51  87   7   8  33  62  75  73  44  19  35  71
    6  46  49  66  10   2  65  61  36  37  49  61  39  43  27  83  51  51
   33  97  62   9  18  75  91  89  95  94  95  15  75  68  19  44  33  89
   31  52  99  74  90  51  66  77  96  77  20  32   8  89  37  16  39  58
   38  52  92  97   4  79  61  39  93  16  13  13  71  54  95  19  86  69
   17  10  94  48  80  11  66 100  71  78   5  16  93  97   1   8  10  49
   11  12  47  11 100  59  72  68  15  72  37  37  91]
 [  0  31  17  37  97  28  33  69  96  70  41  80  54  89  38  99  44  32
   48  68  82  83   6  55  88  70  34  29  37   1  15  22  28  18  35  64
   23  99  67  21  73  80  77  30   9  87   5  13  64  29  39  96  45  52
   69   1   5  46  91  44  47  14  82  34  93  98  66  18   1  81  94  61
   14  97  55   7  80  58  29  98  99  76   7  15  34  95  92  34  28  41
   35   2  91  82  66  45  46  60  52  69  20  54  17  97  47  34  47  22
   91   5  39  38  55  38  84  48  67  64   7  34  77]
 [  0   9  91  68  96  13  54  49  73  62  76  78  12  99   1  61  58  51
   33  96  63  25  86  93  51  67  17  91  39  95 100  34  75  76  65   7
   99  65   5  95  59  73  35   3  37  93  52  14  15   5  34  39  10  30
   14  98  29  30  50  11  24  56  21  29  70  12  87  93  63  78  62  39
    9  36  64   5  68  17  50  41  84  63  84  13  97  96  98  57   1   9
    4  61  86  89  84  58  66  70   1  75  57  66  61  81  47  34  13  50
   64  95  43  85   4  39  58  16   5  12  43  35  72]
 [  0  65  64  39  40  71  42  91  72  71  33  41  67  67  95  59  18  50
   84  38  27  23  76  38  35  82  61   2  16  19  14  95  28  96  76  27
   12  66  65  23  94  72  30  66   9   7  28 100  52  27  84  40  97  86
   63  72  62  52  63  88  13  45   6  14  91  56  87  54  17  54  40  72
   81  27  30  87  19  29  47  57  76   3  95  31  61  78  17  16  73  73
   99  10  88  72  23  42  19  98  30  26  56   9  41  34  63  30  32  50
    5  80  23  81  39  96  23 100  68  30   9  50  81]
 [  0  22  53  32  29  88  91  31  31  42  64  88  92  36  68  30  76  48
   33  15  98  77  63  25  84  20  51  51  31   1  62  23  49   9  59  86
   34  38  70  16  72  57  44  96  99 100  60  14 100  53  98  43   8  91
    3  16  64  42  32  47  32  44  21  34  48  74  90  10  28  49  16  55
   44  69  56  94  52  64  52   2  60   4  66  75  19  60   5   7  18  71
   34  63  64  19  25  15  83 100  48  17  98  24  44  92  77  58  25  94
   44   7  29  18  43  21  31  66 100   4  78  97  77]
 [  0  84  23  19  14  63  96  44  98  35   9  87  28  67  96  93  55  28
   45  77  24  58  91  87  74  87  78  91  61  98  42   6  78  46  31  50
   36  14  13  53  55  73  13  23  96   5  52  55  56  81  78  92  32  13
   20  76  48  14  71  84   5  50  97  71  37  76  58  57   3  31  91  95
   49  70  14  34   6  77  21  53  25  87  51  63  58  65  47  45  30  41
    4   5   2  50  66  99   6  98  50  63   1   1  76  53   6  46  30  77
   38  45  42  33  46  54  74  65  52  32  12  49  93]
 [  0  35  57  23  93  82  53  49  88  16  34  79  27  95  40  75  90  56
   31 100  44  49  56  10  34  76   9  91  26  25  48  28  65  51  90  95
    5  95  94  11  85  98  63  92  62  33  94  94  48  84  58  75  32  64
   78  31   6  15  60 100  35  66  66  63  62  43  96  33  31  83  77  88
   24  36  11  79  17  35  29  40  39  49  35  66  92  54  29  16   7   6
    7  78  73  89  81  55  37  15  49  77  66  26  66  23  72  54  73  67
   83  76  23  15  37  56  74  88  48  80  47  82  14]
 [  0  21  82  70  70  28  80  85  55  19  22  81  70  86  70  11  91  18
   31  99  45  12  92  43   2  54  89  91   6  60  64  84  97  36  65  92
   56  96  57  71   5  91  48  67  23  73  98  11  14  29  36  94  83  31
   59  57  45  79  82  39  68  84  86  96  52  72  40  30  93  24  96  68
   77  23  79  86   5  63  45  80  80  51  70 100  95  32  55  95  88   6
   11   9  51  30   6  78  52   9  86  11  98  60  51  92   9  22  99  64
   12   4  58  11  34  92   3   9  95  81  34  66  69]
 [  0  44  58   4   3  54   1  41  77  70  34  46   8  32  99  49  57  66
   65  54  31  88  60   8  81  69  76   6   4  26  65  85  71  33   4  35
   52  45  21  60  75  11  70  11  40  33  32  79  47  59   6  13  37  11
   97  37   6  50  50  60  33  22  45  90  89  41  60   4  65  31  19  91
  100   1   8  25  16  39   5  22  87  88  72  98  12  51  31 100  95  40
   34  18  41  29  37   9  93  39  29  15  12  66  65   3  15  30  61  43
   30   8  40  16  11  41   6  73  63  69  95  81  79]
 [  0  89  81  64  84   9  99  97  69  60  85  68  31  27  78  49  83  93
   55  47 100   1  66  43  81  84  28  47  97  63   1  72  63  87  72  56
   74  35  51  62  20  72  47  64  84  35   2  78   6  68  48  79  28  42
    5  12  32  35   2   9  57  29  91  13  42  89  52  50  59  28  29  93
   38  77   1  66  34  79  20  92  39  16  34  84  96  56  66  71  72  27
   28   5  94  31  73  93  21  78  94  49  51  10  68  20  30  18  20  54
   62  69  29  88  48  26  71  17   3  86  29  48  28]]
 setup_times
 [[[ 0 45 33 38 41 39]
  [ 0  0 36 50 52 50]
  [ 0 50  0 45 39 48]
  [ 0 54 40  0 42 35]
  [ 0 42 44 49  0 40]
  [ 0 42 59 44 37  0]]

 [[ 0 33 39 56 51 43]
  [ 0  0 53 33 48 34]
  [ 0 59  0 58 49 53]
  [ 0 58 39  0 35 50]
  [ 0 32 51 52  0 59]
  [ 0 44 54 35 43  0]]

 [[ 0 40 55 39 43 31]
  [ 0  0 41 44 45 32]
  [ 0 38  0 49 36 30]
  [ 0 56 58  0 56 54]
  [ 0 32 50 58  0 56]
  [ 0 38 47 36 34  0]]

 [[ 0 55 54 38 35 48]
  [ 0  0 54 49 41 39]
  [ 0 44  0 57 34 31]
  [ 0 31 56  0 38 31]
  [ 0 54 38 42  0 41]
  [ 0 35 36 42 55  0]]

 [[ 0 34 48 50 55 35]
  [ 0  0 35 58 55 38]
  [ 0 55  0 50 50 38]
  [ 0 53 47  0 34 56]
  [ 0 36 51 38  0 32]
  [ 0 35 50 47 38  0]]

 [[ 0 40 52 32 39 48]
  [ 0  0 43 45 34 32]
  [ 0 39  0 57 48 31]
  [ 0 44 49  0 41 48]
  [ 0 53 53 50  0 53]
  [ 0 56 49 38 36  0]]

 [[ 0 39 59 46 41 42]
  [ 0  0 44 52 57 31]
  [ 0 49  0 35 55 34]
  [ 0 33 43  0 54 35]
  [ 0 49 42 40  0 39]
  [ 0 52 51 59 44  0]]

 [[ 0 53 47 43 49 44]
  [ 0  0 59 32 52 38]
  [ 0 47  0 48 41 59]
  [ 0 43 38  0 32 57]
  [ 0 40 30 46  0 54]
  [ 0 46 33 31 30  0]]

 [[ 0 51 36 59 38 35]
  [ 0  0 38 47 44 30]
  [ 0 37  0 33 30 51]
  [ 0 44 36  0 39 33]
  [ 0 40 42 53  0 54]
  [ 0 51 33 40 57  0]]

 [[ 0 37 31 38 41 48]
  [ 0  0 41 39 30 47]
  [ 0 30  0 33 39 55]
  [ 0 40 53  0 31 49]
  [ 0 48 40 40  0 30]
  [ 0 58 50 30 55  0]]]
 delivery_times
 [[ 0 37 64 97 49 15 43 81  2 56 28 89 49 68 74 10 88 27 19 89 99 85  4 49
  26 60  4 71 72 64 14 62 74 32 83 31 80 79 13 80 27 93 39 51 82  9 57 51
  16 48 12 25 80 84 43 63 83 99 29 81 84 20 36 37 14 82 36 32 51  8 77 73
  78 83 35 50 89 75 37 61 91 81 95 62 48 73 37 38 15 60 42 54 87 13 98 36
  28 12 65 67 63 59 67 49 19 91 52 65  9 69 16 47 59 98 54 72 48 90 80 53
  78]
 [ 0 22 36 22 76 82 34  5 47 80 34  1 22 55 18 24 67 55 73 69 54 70  5  8
   9 83 19 22 22 93 88 86 21 61 95 50 47 13 29 68 38 45 21 88 26 40 81 63
  69 48 37 82 33 77 84 70 98 91 10  2 49 50 54 45 76 29 52 36 22 61 29 16
  69 36  2 69 16 70 98 95 44 94 37  7 24  5 70 30 89 14 11 16 51 76 73 35
   1 29 15  4 47 61 66 31 63 86 77 64 56 39 72 19 31 86  4 57 83  7 41 23
  20]
 [ 0 22 30 72 50 29 81 35 95 32 76 26 48 35 16 67 80 24 31  5 23 31 38 51
  52  2  5 41 54 85 48 96 88 79 43 44 80 24 90 20 86 73 88 83 59 27  2 22
  94 70 46 79 74 37 53 70 96  2 71 56  5 53 80 90 52 95  3 26 92 57  5 85
  95 18 15 35 78 14  8 80 62 37 11 17 91 37 60 98 16 20 28 24 17 73 96 50
  50 21 47 63  1 73 14 12 34 76 19 15 23 18 82 30 58 95  5 25 49  4 51 97
  91]
 [ 0 34 84 12 76 12 99  2 35  5 95 52  6 69 56 71 85 34 14 43 16 20 31 10
  69 95 56 75 30 39 22 45 64 64 62 73 44 41 61 47 30 44 12  4 58 86 49 43
  40 26 14 37 90 98 68 22 46 42 38 30  9 57 39 51 55 23 47 40 89 78 50 18
  84 82 34 55 17 16 64 50 53 40 51 49 51 15 26 47 48 25 30 92 31 29 24 24
   2 51 60 27 41 16 20 11 96 42 64 81 40 62 87 78  6 92 53 14 91 61 96 29
  83]
 [ 0 56 57 60 60 16 47 75 78 71 41 18 29 99 60 27  6 73 68 95  8 11 44  3
  79 72 44 34 79 65 96 97 59 65 60  9 48 78 63 90  5 52 31 17 31 50 90 91
  66  2 84 62  8 65 77 64 35 58 75 24 81 14 32 32 28 82 27 45 65 71  9 79
  39 96 45 52 45 54  3 21 31 51 15 39 73 45 84 22 69 49 87 55 89 42 58 18
  26 45 21 79  3 93  4 24 36 30  4 92 60 90 31 87 29 73 91 65 55 34 63 45
  11]
 [ 0 79 62 23 87 54 64 90 99 16 43 44 44 86 55 57 46 15 97 60 97 59 21 61
  92 51 95 28  5 69 68 39 24 58 85  2 41 29 45 81 24 59 44 55 12 10 28 31
  85 69 94  3 25 57 69 31 73 41 41 99 69  5 61 88  5 18 89 93  6 25 32 44
  90 78 49 14 74 84 50 27 61 28 22 61 87 42 10 70 23 12 29  8 55  2 69  5
   6 87 85 42  7 94 22 86 39 19 41  4 29 92 12 26 43 38 46 81 36 55 18 13
  64]
 [ 0 52 31 78 48 80  1 93 28 68 93 84 93 28 32 83 54 74  5 95 70 99 83 46
  47 15 38 47 48 45 97 12 71 72 39 27 87 13 45 33 37 56 44 75 93 90 44 29
  89 26 11 49 11 79 65 13 97 35 57 68 79 20  4 56 69 34 91 56 57 62 84 43
  94 23 69 19 22 10 92 19 73  1 37 71 82  8 32 90 36 96 18 75 96 67 83 93
  67 20 47 69 77 52 79 37 16 15 42 41 64 12 62  1  4 85 18 52 79 56 30 33
  22]
 [ 0 68 66 52 64 92 14 60 62 65 87 17 39 98 13 18 26 33 94  4 37 23 14 23
  53 35 89 73 35 49  1 85 80  3 66  8 17 17 29 85 53 40 62 99 96  9 70 93
  25 92 97 87 78 28 82 62 89  8  1 99 13 62  8 86 58 69 32 26 79 15 41 87
  86 94 91 61  4  5 41  1 62 64  5 46 60 20 18  7  5 16 63 86 39 65 94 48
  64 23 14 35 66 91 97 42 34 61 69 17 47 92 23  4 55  4 50 67  2 70 29 97
  33]
 [ 0 46 65 13 75  8 28 76 84 24 88 86 35 51  4 57 50 83 55 94 24 89 50 60
  50 10 70 69 56 13 68 84 77 75 29 31 38 45 14 78 91 53 72 23 59  9 79 66
  39 89 50 24 59 33 16 33 31 13 32 35 28 26 97 92 87  6 30 44  7 47 80 23
  61  1 34 14 29  3 22 99 85 16  6 13 36 92 74 34 61 77 39 72 89 96 49 41
  72 56 56 82 83 24 88 70 26 11 79 89 17  2  8 29 85 65 72 13 96 30 18 30
   3]
 [ 0 53 61 29 46 49  1 68 59 20 30 48 58  7 81 37 72 48 98 21 62 55 38 12
  16 47  1 27 46 46 22 81 38 76 34 52 70 21 43 53 75 16 74 15 47 72  4 99
  71 29  5 99 67 74 65 90 71 29 54  9 36  4 59 89 20  8 51 81 10 31 40 62
  30 35 67 95 58 99 99 50 67 19 64 10 35 45 67 53 89 48 73 61 52  7 25  4
  48 74 63 18 49 82 43 56 35 56 96 55 28 45 92 18 26 38 36 46 57 62  3 59
  45]]
 job2fam
 [[1 0 0 0 0 0 0 0 0 0 0 0 0 0 0 0 0 0 0 0 0 0 0 0 0 0 0 0 0 0 0 0 0 0 0 0
  0 0 0 0 0 0 0 0 0 0 0 0 0 0 0 0 0 0 0 0 0 0 0 0 0 0 0 0 0 0 0 0 0 0 0 0
  0 0 0 0 0 0 0 0 0 0 0 0 0 0 0 0 0 0 0 0 0 0 0 0 0 0 0 0 0 0 0 0 0 0 0 0
  0 0 0 0 0 0 0 0 0 0 0 0 0]
 [0 0 0 0 0 0 1 0 0 1 0 0 0 0 0 0 0 0 1 0 0 0 1 1 0 0 0 0 0 0 0 0 0 0 1 0
  0 0 0 0 1 0 0 1 0 0 0 0 0 1 0 0 0 0 0 0 0 0 0 0 0 0 0 0 0 1 1 0 0 0 0 0
  1 1 1 0 0 0 1 0 0 0 0 0 0 1 0 0 0 1 1 0 0 0 0 0 0 0 1 0 0 0 1 0 0 0 1 0
  0 0 0 1 0 0 0 0 1 0 0 0 0]
 [0 1 0 0 1 1 0 1 0 0 0 1 1 0 0 0 1 0 0 0 0 1 0 0 1 0 0 0 0 0 1 1 0 0 0 0
  0 0 0 0 0 0 0 0 0 0 0 0 0 0 1 0 0 0 0 0 0 0 0 0 0 0 0 0 0 0 0 0 0 0 0 1
  0 0 0 0 0 0 0 0 1 0 0 1 0 0 1 0 0 0 0 1 1 0 0 0 0 0 0 0 0 0 0 1 1 0 0 1
  0 0 0 0 0 1 0 1 0 0 0 1 0]
 [0 0 1 1 0 0 0 0 0 0 0 0 0 0 0 0 0 1 0 0 1 0 0 0 0 0 1 1 0 0 0 0 1 1 0 0
  0 0 0 0 0 1 0 0 0 0 0 1 0 0 0 0 0 1 1 0 1 0 0 0 0 0 0 0 0 0 0 0 0 1 0 0
  0 0 0 1 1 0 0 0 0 0 0 0 1 0 0 0 0 0 0 0 0 0 0 0 0 1 0 1 0 0 0 0 0 0 0 0
  0 1 1 0 1 0 0 0 0 0 1 0 1]
 [0 0 0 0 0 0 0 0 0 0 1 0 0 1 1 0 0 0 0 1 0 0 0 0 0 1 0 0 1 1 0 0 0 0 0 0
  0 1 0 0 0 0 0 0 1 0 1 0 1 0 0 1 0 0 0 1 0 0 0 1 0 1 1 0 0 0 0 1 0 0 0 0
  0 0 0 0 0 1 0 1 0 0 0 0 0 0 0 0 0 0 0 0 0 1 1 1 0 0 0 0 0 0 0 0 0 1 0 0
  0 0 0 0 0 0 0 0 0 0 0 0 0]
 [0 0 0 0 0 0 0 0 1 0 0 0 0 0 0 1 0 0 0 0 0 0 0 0 0 0 0 0 0 0 0 0 0 0 0 1
  1 0 1 1 0 0 1 0 0 1 0 0 0 0 0 0 1 0 0 0 0 1 1 0 1 0 0 1 1 0 0 0 1 0 1 0
  0 0 0 0 0 0 0 0 0 1 1 0 0 0 0 1 1 0 0 0 0 0 0 0 1 0 0 0 1 1 0 0 0 0 0 0
  1 0 0 0 0 0 1 0 0 1 0 0 0]]
