params：
 weight-->(1, 10)
 proc_times-->(1, 100)
 setup_times-->(15, 30)
 delivery_times-->(1, 30)
 job_rate-->7.5

start:
alpha_1
7.5
 alpha_2
0.5
 mach
2
 job
15
 fam
3
 weigh
 [[0 3 2 3 1 7 4 6 2 8 4 9 9 8 2 1]]
 proc_times
 [[ 0 93 45 36 82  4 53 40 97 97 66 26  4 13 96 14]
 [ 0 74 12 44 36 57 63 87 64 50 33 57 13 25 81 70]]
 setup_times
 [[[ 0 27 17 26]
  [ 0  0 25 28]
  [ 0 16  0 25]
  [ 0 17 27  0]]

 [[ 0 26 24 24]
  [ 0  0 17 18]
  [ 0 24  0 25]
  [ 0 17 27  0]]]
 delivery_times
 [[ 0  5 27 28 13 26  9 12  6  9  9 12  6 11 16 19]
 [ 0  1  6 15 10 17 28  2 29 11 18  6 20 29 10 15]]
 job2fam
 [[1 0 0 0 0 0 0 0 0 0 0 0 0 0 0 0]
 [0 0 0 0 1 1 1 1 0 1 0 0 0 1 0 0]
 [0 0 1 0 0 0 0 0 0 0 0 1 0 0 1 1]
 [0 1 0 1 0 0 0 0 1 0 1 0 1 0 0 0]]
