params：
 weight-->(1, 10)
 proc_times-->(1, 100)
 setup_times-->(30, 60)
 delivery_times-->(170, 200)
 job_rate-->12

start:
alpha_1
12
 alpha_2
1.0
 mach
10
 job
120
 fam
8
 weigh
 [[0 6 1 5 9 4 3 7 5 9 7 4 5 8 5 1 3 8 3 3 1 8 8 5 2 1 3 8 3 3 9 8 1 1 6 9
  2 6 7 9 7 2 4 4 1 3 7 1 2 7 5 2 1 9 9 1 4 6 4 2 9 9 2 4 5 5 4 4 5 5 9 1
  6 9 3 5 9 6 1 4 3 7 4 2 8 2 5 7 3 6 2 2 4 7 8 4 7 9 3 6 8 2 3 6 3 7 2 4
  7 7 3 3 2 9 4 6 9 8 5 2 4]]
 proc_times
 [[  0  97  53  90  14  15  63  14  71  78  17  11  24  27  79  93   5  61
   47  59   7  88  86  25  22  81  85   7  30  48  13  19  90   8  44  23
   23  97  34  33  20  63  95  36  42  96  68   7  90  79  47  50  62  56
   75  25  68  68  87  15  87   3  75  24  46  65  32  39 100  69   8  57
   94  92  29  21  50  50  83   2  72  55  78   6  23  61  98  88  27  25
   84  81  39  37  77  89  71  32  39  31  90   7  19  34   7  66  64  28
    6  91  63   8  73   2  29  64  34   7  46  79  57]
 [  0  71  51   6  46  98  13  14  24 100  76  47  97   2  54  56  18  62
   73  66  62  88  39  62  28  83   8  30   4  69  90  20  21  90 100  28
   54  83  29  13  18  59  14  31  42   2  26  80  79  91  22  42   3  64
   17  44  79  87  62  71  15  72  20 100  19  95  61   2  47  50  15  21
   79  77  31  41  13  28  13  23  36  82  70  59  98  82  76  86  16  83
    6  97  82  68  38  61  82  68  54  32  78  32  29  53   9  97  33  45
   96  32  90  54  51  16  73  20  54  36  48  19 100]
 [  0  17  78  90  44  67  79  43  32  99  87  93  93  22  47  26  20  60
   36  94  64  89  21  57  24  98  26  10  55  10  96  48  62  86  91  34
    2  72 100  67  68  25  89   4  65  81  82  42   8  12  26  57  42  27
    4  61   5  30  87  63  80  62  87  70  34  99  14  78  86  48  61  51
   53  56  74   4  54  52   3  41   9   9  39  13  34  74  62  62  94  37
   17  82  21  61  75  50  19  57  88  91  86  56  46  24  41  18  50  49
   83  10   5  77  77  16  88  32  86  83  80  83  62]
 [  0  37  48  69  57  14  15  51  40  92  81  91  45  61  38   6  56  22
   13  71   7  31  20  14  28  84   4  15  30  73  11  40  46  39   4   6
   62  81  57  93  28  13  25  96  90  70  67  84  71   9  44   5  69  12
   73  55   9  93  22  30  83  85  87  69  66  30  41  32  21  81  31  27
   58  89  55  68  15  70  17  52  67   4  99  77  59  97   8  54  86  61
   12  23  14  51   7  13  47  53  77  33  73  39  73  72  17  14  26  23
   29  49  55  65  55  98  17  37  41  33  51  63  86]
 [  0  65  91  98  80  19  46  62  59   9  69  39  59   5  54  70  11  49
   76  12  43  94  11  95  91  16  48  41  40  79   4  70  98  21  36  16
   37  94  96   9 100  30  31  28  22  12  22  51  62  92  53  65  74  96
   73  56   4  95  70  17  98  16  76  59  27  88  10  14  76  97  20  86
   10  16  61  74  70  43  83  71  32  97  39  74  62  70  25  85  55  13
   82  60  86  45  40  20  86  71  79  91  12  61  94  96  44  32  93  44
   27  40  50  36  71  40  79  29  50  43  39  65  86]
 [  0  14  26  50  27  71  73   7  23  15  80  30   7  11  37  43  24  73
    7  33  14  15  72   6  20  14  98  61  73  72  48  99  98  56   3  44
   68  40  70  99  14  27  88  85  79  79  16   3  72  73  42  47   6  78
   56  85  28  69  50   6  22  27  23  31  22  14  78  73  96  47  87  82
    6  57  21  65  50  16  21  39  69  39  75  72  79  99  99  56  15 100
   48  42  75  81  37  95  58  17  39  59  81  71  39  47  73  59  93  44
   46  42  90  30  29  40  70  41  70  73  72  50  40]
 [  0  89  94  64  68  86  25  84  11  62  21  55  37  62  94  61  77   7
   41  21   1  34  29  14  91  66  84  61 100  27  63   8  97  64  35  42
   77  49  22  96  12  44  61  74  50  50  23  82  28  50  98  86  56  40
   56  50  54  36  66  27  51  28  67  15  35   5  84   7  58  54  70  50
   57  73  39  53  16  15  89  16  47  93  58  73  42  11  26  41  11   3
   49  34  50  29  51  97  36  41  24  71  83  27  85  53  24  50  62   2
   97  57  38   2  35  34  57  76  14  44  88  61  30]
 [  0  23  37  86  15  88  53  89  87  22  48  79  28  61  92  11  93  90
   31  42  23  45  93  70   8  74   3  77   3  75  43  94   9  35  98  50
   48  45  58  37  79   3  81  11  13  75  38  25  96  58  47  73  54  85
   53  61  15  99  71   6  34  55  88  92  85  89  49  43  41  61  36  52
    7  86  82   9  96   7  50  29  10  20  21  69  94  96  73  74   4   9
    7  59  44  45  17  58  88  10  51  48  53  50  44  89   4  86  62  12
   40  43  93  59  71  47  65  58  26  55  21  79  94]
 [  0  14 100  65  30  63  89  48  81  35  10   2  57  50  90  89  75  44
   68   7  42  51  17  55  44  48  26  77  64  82  48  26  86  56  76   7
   55  81  27  30  73   1  86  93   4  57  81  21  13  90  75   1  53  98
   81  30  61  31  81  83  93  30  68   1  22  36  96   1  56  89  55  95
   43  16  67  86  79  75  44  19  54  33  42  38  83  69  73   9  18  59
  100  29   3  62  30  24  64  35  96   5  86  65  67  87  50  76  77  10
   91  38  55  45  40   7  32  75  19  31  33  94  89]
 [  0  30  53  31  84  32  94   1  90  27 100  66  76   8  59   6  26  60
   49  42  79  31  64  73  32  77  83  70  48  68  89  30  85  88  22  82
   70  50  31  15  91  73  50  82   7  46  92  30  39  76  70   7  96  25
   26  72  23  71  82   4  96   7  13   3  94  90  82  44  34  78  20  41
   73  84  62  11  71  99  85  16  45  73   7  84  79  22  15   7   8  47
   84  76  86  40  17  99  87   6  87  43  80 100  60  69  12   2  64   9
   99  97  80  68  15  59  33  64  33  28   4  76  58]]
 setup_times
 [[[ 0 46 45 56 51 56 32 46 34]
  [ 0  0 39 57 43 40 34 32 51]
  [ 0 36  0 55 32 40 51 31 40]
  [ 0 32 57  0 59 54 38 33 30]
  [ 0 49 58 55  0 31 31 46 54]
  [ 0 49 47 38 32  0 33 47 48]
  [ 0 37 36 54 30 36  0 51 39]
  [ 0 49 45 37 57 52 34  0 51]
  [ 0 55 50 40 56 33 35 59  0]]

 [[ 0 52 50 53 53 55 52 52 46]
  [ 0  0 32 45 37 51 31 45 55]
  [ 0 50  0 37 37 52 33 42 44]
  [ 0 42 36  0 47 57 35 58 36]
  [ 0 47 51 45  0 43 36 50 49]
  [ 0 57 51 41 41  0 32 53 34]
  [ 0 55 32 49 45 49  0 36 31]
  [ 0 58 43 48 56 36 49  0 32]
  [ 0 48 34 35 44 44 50 42  0]]

 [[ 0 58 38 55 56 44 43 52 51]
  [ 0  0 59 40 34 38 38 55 44]
  [ 0 46  0 57 52 59 59 31 40]
  [ 0 55 30  0 56 50 47 32 45]
  [ 0 38 38 48  0 57 55 41 55]
  [ 0 46 45 53 38  0 45 52 44]
  [ 0 35 36 50 41 44  0 42 41]
  [ 0 37 55 31 59 59 31  0 47]
  [ 0 59 46 45 44 45 50 58  0]]

 [[ 0 33 50 30 51 46 48 59 33]
  [ 0  0 47 44 42 47 58 37 39]
  [ 0 52  0 43 56 36 30 34 49]
  [ 0 45 43  0 58 42 35 30 47]
  [ 0 42 57 48  0 38 39 56 55]
  [ 0 46 52 36 33  0 31 56 40]
  [ 0 44 49 46 55 47  0 59 30]
  [ 0 41 33 48 30 39 57  0 30]
  [ 0 49 57 36 36 32 40 52  0]]

 [[ 0 37 38 40 37 54 32 31 53]
  [ 0  0 40 37 41 43 45 52 30]
  [ 0 49  0 30 40 31 53 59 53]
  [ 0 58 57  0 30 36 57 41 33]
  [ 0 38 38 34  0 46 35 34 56]
  [ 0 55 50 55 55  0 32 34 39]
  [ 0 33 40 39 59 41  0 59 48]
  [ 0 48 53 41 50 37 47  0 55]
  [ 0 31 51 57 55 33 44 42  0]]

 [[ 0 46 45 42 55 44 42 58 42]
  [ 0  0 41 36 59 48 59 57 53]
  [ 0 48  0 40 45 58 34 38 52]
  [ 0 41 44  0 45 41 55 55 36]
  [ 0 49 58 30  0 55 42 55 39]
  [ 0 48 42 38 43  0 38 35 57]
  [ 0 46 35 40 49 43  0 53 42]
  [ 0 58 30 45 51 37 54  0 32]
  [ 0 56 53 55 54 57 46 53  0]]

 [[ 0 34 54 59 43 57 35 37 51]
  [ 0  0 33 51 44 41 54 42 37]
  [ 0 41  0 41 33 46 41 53 36]
  [ 0 55 44  0 43 44 47 44 48]
  [ 0 48 33 35  0 49 59 52 41]
  [ 0 55 49 41 44  0 41 31 50]
  [ 0 39 52 46 30 42  0 42 48]
  [ 0 33 37 53 47 47 43  0 39]
  [ 0 49 42 32 30 56 45 48  0]]

 [[ 0 50 45 59 56 49 53 33 50]
  [ 0  0 43 40 49 39 30 31 41]
  [ 0 37  0 48 45 56 46 41 41]
  [ 0 41 40  0 42 54 52 40 35]
  [ 0 45 34 35  0 45 37 57 39]
  [ 0 36 36 56 45  0 33 57 52]
  [ 0 47 59 31 58 43  0 49 54]
  [ 0 41 58 48 58 30 37  0 52]
  [ 0 41 40 58 30 42 47 32  0]]

 [[ 0 56 53 58 45 39 48 54 32]
  [ 0  0 53 35 39 38 43 59 48]
  [ 0 42  0 30 33 39 53 37 38]
  [ 0 54 46  0 35 38 34 33 43]
  [ 0 37 41 34  0 53 57 42 37]
  [ 0 52 36 49 39  0 31 40 51]
  [ 0 48 48 30 32 59  0 31 31]
  [ 0 38 46 54 48 40 59  0 59]
  [ 0 44 50 42 45 49 45 54  0]]

 [[ 0 42 43 47 37 36 49 59 54]
  [ 0  0 52 31 37 56 50 59 42]
  [ 0 32  0 57 39 49 37 48 35]
  [ 0 35 32  0 56 34 32 37 53]
  [ 0 43 34 59  0 48 33 59 56]
  [ 0 40 34 43 43  0 33 37 48]
  [ 0 37 50 30 45 57  0 39 47]
  [ 0 41 52 59 41 32 51  0 36]
  [ 0 50 56 38 50 33 57 44  0]]]
 delivery_times
 [[  0 174 177 179 198 186 186 170 187 195 182 181 172 170 176 188 190 199
  195 175 187 182 192 172 197 180 196 181 173 199 195 199 198 189 195 191
  172 177 194 189 192 177 179 197 170 173 178 174 182 193 199 186 181 177
  177 172 175 188 191 178 192 195 188 184 185 191 183 182 178 190 178 193
  199 195 175 184 192 178 184 187 194 173 179 174 179 174 196 191 193 190
  179 173 174 176 187 181 172 171 188 195 194 185 186 170 197 184 178 178
  172 180 197 175 193 186 189 190 197 196 172 186 196]
 [  0 196 178 171 184 198 192 189 175 170 173 196 185 189 192 192 186 189
  174 186 175 181 188 189 197 193 181 194 198 170 178 192 170 198 193 197
  190 195 178 185 187 192 188 171 188 190 187 186 197 186 186 191 188 172
  179 195 190 173 190 196 180 171 183 177 172 171 186 172 172 174 172 184
  172 192 199 186 185 182 195 199 188 198 189 192 172 197 173 175 179 197
  184 178 187 175 187 178 193 195 187 175 198 180 199 183 183 180 173 181
  175 180 188 183 194 181 181 179 193 189 198 189 192]
 [  0 195 186 194 177 186 176 178 188 182 192 184 197 173 174 175 179 178
  182 183 192 195 177 193 188 174 192 171 193 186 189 190 177 178 182 199
  179 185 191 186 176 179 180 176 197 176 184 185 187 188 190 180 176 171
  180 187 175 198 193 193 185 196 189 177 175 173 177 196 191 195 194 187
  195 182 193 174 197 193 187 182 183 171 197 190 180 177 183 193 196 191
  196 180 184 177 172 195 181 185 174 179 197 192 175 194 172 170 180 187
  177 177 191 199 172 195 191 176 175 173 188 188 182]
 [  0 190 195 193 183 184 199 170 184 198 178 186 192 188 188 181 170 170
  180 182 198 197 170 191 186 177 174 172 194 197 194 181 184 193 194 182
  194 179 177 182 178 194 177 175 189 192 175 174 173 194 171 180 178 176
  173 183 177 187 181 188 180 186 188 195 179 174 185 173 172 194 182 180
  197 172 175 198 180 199 194 193 189 185 174 189 188 185 197 189 175 188
  173 178 176 193 172 185 186 171 188 190 175 181 189 188 187 197 176 197
  174 181 173 193 184 191 188 170 185 185 191 170 172]
 [  0 186 191 184 192 170 175 172 189 180 197 172 186 176 173 179 170 175
  182 196 194 178 197 196 199 172 180 193 173 186 189 175 175 188 185 177
  172 196 179 193 179 196 175 179 179 195 198 197 183 172 180 180 192 172
  197 177 170 172 199 192 195 173 190 181 193 180 195 179 185 184 193 189
  193 193 197 196 191 182 184 198 191 182 182 174 192 188 172 174 185 176
  195 189 197 195 184 184 183 177 177 182 195 182 174 179 176 173 189 181
  192 178 187 184 178 181 192 181 193 198 195 191 196]
 [  0 198 180 198 195 178 187 178 175 173 181 187 199 178 175 189 193 170
  194 194 181 197 188 183 196 186 177 184 189 172 195 199 190 177 178 198
  172 181 198 199 191 186 176 171 179 171 182 196 198 191 178 176 192 190
  173 181 180 195 186 182 190 182 198 184 174 189 198 182 173 182 180 186
  179 197 190 172 193 176 184 186 184 198 198 199 171 198 192 183 184 194
  178 193 187 184 197 188 190 188 177 179 184 190 198 179 173 171 190 195
  181 195 195 193 194 181 197 181 185 184 176 181 199]
 [  0 192 196 190 195 171 170 181 178 199 198 199 199 194 174 170 172 176
  194 190 183 177 190 172 190 174 188 174 187 193 195 185 178 184 193 193
  172 190 188 181 182 171 177 198 171 178 197 190 184 192 173 194 192 192
  198 190 186 171 186 173 184 171 184 198 181 199 170 172 197 184 192 191
  174 178 185 178 177 173 191 194 173 179 175 175 174 192 186 197 194 190
  192 183 176 180 172 171 174 185 179 184 171 190 193 183 177 175 186 178
  175 198 192 173 182 185 192 190 176 188 188 198 185]
 [  0 170 198 196 174 182 185 187 173 176 171 189 170 178 173 189 178 178
  192 188 183 179 198 173 197 176 171 176 194 179 199 198 171 179 185 191
  177 180 186 172 188 181 177 180 185 171 174 180 197 195 175 185 190 189
  175 194 192 184 181 193 173 181 197 185 186 181 174 184 193 196 191 171
  175 193 198 180 187 198 181 171 176 171 172 177 176 187 181 188 196 183
  189 184 198 185 188 172 198 171 199 191 173 185 178 171 185 189 175 189
  185 170 187 192 193 176 187 194 179 182 188 197 170]
 [  0 189 177 170 195 196 173 186 183 176 184 186 198 180 196 189 172 190
  188 190 178 188 194 183 193 175 191 180 190 197 192 175 194 186 199 184
  179 179 187 170 171 199 190 197 189 177 193 197 176 194 174 178 192 198
  194 180 185 171 174 185 193 183 199 176 198 173 193 183 195 197 190 198
  174 185 182 175 181 197 177 185 191 197 172 174 172 192 178 185 180 184
  178 170 175 185 197 196 184 176 178 195 181 196 179 170 178 174 171 192
  176 177 176 198 198 186 195 173 176 193 196 174 171]
 [  0 194 174 171 192 194 170 194 187 178 187 191 178 192 177 195 183 189
  190 182 171 172 184 172 191 190 192 187 179 190 199 193 182 179 194 191
  198 194 189 197 193 187 188 191 199 176 180 178 196 197 191 197 192 173
  185 191 190 179 189 183 193 181 175 177 190 180 186 189 178 189 198 185
  177 191 196 198 171 175 178 170 177 173 178 184 180 190 180 190 187 179
  172 176 178 188 198 192 194 190 191 170 196 187 192 177 172 194 195 187
  174 177 172 186 187 190 193 186 172 192 189 188 184]]
 job2fam
 [[1 0 0 0 0 0 0 0 0 0 0 0 0 0 0 0 0 0 0 0 0 0 0 0 0 0 0 0 0 0 0 0 0 0 0 0
  0 0 0 0 0 0 0 0 0 0 0 0 0 0 0 0 0 0 0 0 0 0 0 0 0 0 0 0 0 0 0 0 0 0 0 0
  0 0 0 0 0 0 0 0 0 0 0 0 0 0 0 0 0 0 0 0 0 0 0 0 0 0 0 0 0 0 0 0 0 0 0 0
  0 0 0 0 0 0 0 0 0 0 0 0 0]
 [0 0 0 0 0 0 0 0 0 0 0 0 0 0 0 0 0 0 0 0 1 0 0 1 0 0 0 0 0 0 0 0 0 0 0 1
  0 0 0 0 0 0 0 0 0 0 0 0 0 0 1 0 0 0 1 0 0 0 1 0 1 0 0 0 0 1 0 0 0 0 0 0
  0 1 0 1 0 0 0 0 0 0 0 0 1 0 0 0 0 0 0 0 0 0 0 0 0 0 0 0 0 0 0 0 0 0 1 0
  0 0 0 0 0 0 0 0 0 0 0 0 0]
 [0 0 0 0 0 0 0 0 0 0 0 0 0 0 0 1 0 0 0 1 0 0 0 0 0 0 0 0 0 0 0 0 0 0 0 0
  0 0 1 0 1 0 0 0 0 0 0 0 0 0 0 0 0 0 0 0 1 0 0 0 0 1 0 0 0 0 1 0 0 0 0 0
  0 0 0 0 0 0 0 0 1 0 0 0 0 0 0 1 0 0 0 0 0 0 0 0 0 1 0 1 0 0 0 0 0 1 0 0
  1 1 0 1 0 0 0 0 1 0 0 0 1]
 [0 0 0 0 0 0 0 1 0 0 0 0 0 0 0 0 1 0 0 0 0 0 0 0 1 0 0 0 0 0 1 0 0 0 0 0
  0 1 0 0 0 0 0 1 1 0 0 0 0 0 0 0 0 0 0 0 0 0 0 0 0 0 0 0 0 0 0 0 0 0 0 0
  0 0 0 0 0 0 0 0 0 0 0 0 0 0 1 0 0 0 1 1 0 0 0 0 0 0 0 0 1 0 0 0 1 0 0 0
  0 0 0 0 1 1 0 0 0 1 1 0 0]
 [0 0 0 0 1 0 1 0 0 0 1 1 0 0 0 0 0 0 0 0 0 0 0 0 0 0 1 0 0 0 0 0 0 0 0 0
  0 0 0 0 0 0 0 0 0 0 0 0 0 0 0 0 0 0 0 1 0 0 0 0 0 0 0 1 0 0 0 0 1 0 0 0
  0 0 1 0 0 0 0 0 0 0 0 0 0 0 0 0 0 1 0 0 0 0 0 0 0 0 0 0 0 1 1 0 0 0 0 0
  0 0 0 0 0 0 0 0 0 0 0 0 0]
 [0 0 1 0 0 0 0 0 0 1 0 0 0 0 0 0 0 0 1 0 0 1 0 0 0 0 0 1 0 0 0 1 1 0 0 0
  0 0 0 0 0 0 0 0 0 0 1 1 0 0 0 1 0 0 0 0 0 0 0 1 0 0 0 0 0 0 0 1 0 0 0 0
  0 0 0 0 0 1 1 0 0 0 0 0 0 0 0 0 1 0 0 0 0 0 0 1 0 0 0 0 0 0 0 0 0 0 0 1
  0 0 0 0 0 0 0 0 0 0 0 0 0]
 [0 1 0 0 0 1 0 0 0 0 0 0 0 0 0 0 0 0 0 0 0 0 0 0 0 0 0 0 0 1 0 0 0 0 0 0
  0 0 0 1 0 0 0 0 0 1 0 0 0 0 0 0 0 1 0 0 0 0 0 0 0 0 1 0 1 0 0 0 0 0 0 0
  0 0 0 0 0 0 0 0 0 1 0 0 0 1 0 0 0 0 0 0 1 0 1 0 0 0 1 0 0 0 0 1 0 0 0 0
  0 0 0 0 0 0 0 0 0 0 0 0 0]
 [0 0 0 1 0 0 0 0 0 0 0 0 0 0 1 0 0 1 0 0 0 0 0 0 0 0 0 0 0 0 0 0 0 1 1 0
  1 0 0 0 0 1 1 0 0 0 0 0 1 0 0 0 0 0 0 0 0 0 0 0 0 0 0 0 0 0 0 0 0 1 1 0
  0 0 0 0 1 0 0 1 0 0 1 1 0 0 0 0 0 0 0 0 0 0 0 0 1 0 0 0 0 0 0 0 0 0 0 0
  0 0 0 0 0 0 1 0 0 0 0 1 0]
 [0 0 0 0 0 0 0 0 1 0 0 0 1 1 0 0 0 0 0 0 0 0 1 0 0 1 0 0 1 0 0 0 0 0 0 0
  0 0 0 0 0 0 0 0 0 0 0 0 0 1 0 0 1 0 0 0 0 1 0 0 0 0 0 0 0 0 0 0 0 0 0 1
  1 0 0 0 0 0 0 0 0 0 0 0 0 0 0 0 0 0 0 0 0 1 0 0 0 0 0 0 0 0 0 0 0 0 0 0
  0 0 1 0 0 0 0 1 0 0 0 0 0]]
