params：
 weight-->(1, 10)
 proc_times-->(1, 100)
 setup_times-->(15, 30)
 delivery_times-->(100, 200)
 job_rate-->12

start:
alpha_1
12
 alpha_2
0.5
 mach
10
 job
120
 fam
8
 weigh
 [[0 6 1 3 7 7 6 5 7 2 4 7 1 9 5 7 3 3 3 6 3 1 9 1 5 2 4 3 9 1 8 7 9 3 9 6
  5 5 2 7 2 2 3 3 7 5 3 1 7 8 4 5 5 1 9 7 6 3 9 1 5 8 5 2 7 9 8 9 7 1 6 1
  6 5 7 8 9 2 8 2 4 9 1 4 1 7 2 2 1 8 1 4 6 6 3 4 4 3 4 1 1 3 6 5 9 9 2 7
  3 5 8 3 8 4 4 9 7 9 4 9 8]]
 proc_times
 [[  0  86  35   2  13  65  99  48  41  42  76  36  33  15  42  22  38  45
   53   6  60   8  86  90   8  28  65  88  13  74  47  61  89  54   2  77
   25  36  75  46  49  56  38  31  79  24  61  13  49  28  69  63  82  47
    4  85  29  89  58 100   9   6  54   6   7  37  62  82  26   7  77  53
  100   4  12  60  89  90  18  10  53  60  41  41   4  15  99  24  89  73
   39   3  91  30  19  65  26  35  53  21  74  45  84   5  48  25  42  99
   33  87  25  40  71  33  28  19  78  74  93  13  67]
 [  0   8  33  21   2  78  54  89  14  36  92  63  40  22  45  85  34  49
   38  39   1  51  90  99  31  78  83   6  17   2  96  87  84  41  57  62
   89  37  39  41  28  49  94  31  28  70   4  73  86  94  58  14  45  53
   34  53  34  31  31  37  37  60  25  29   4  63  24  90  69   3  64  13
    8  63  65  73  22  46  35  85  47  66  35  95  56  67  97  25  19  72
   64  94  73  17  73   5  98  92  41   9  17  61  29   9  40  93  81   2
    2   9  15   1  56  84  23  87  56  19 100  96  24]
 [  0  18  79   7  58  51  28  32  60   6  36  72  66  49  41  90  72  24
   54  22  68  66  13  32  10  50  79  85  80  45  79  95  41  17  55  56
   87  79  62  61  58  32  80  87  37  49  45  34  82  36  65  60  71  13
   73  96  82  94  40  78   3  69   7  96  50  88  15  15  47  50  61  67
   34  60  26  71   3  27  34   6   5  32  72   1  38  53  83  63  93  44
   15   9  17  40  75  90  62  78  86  28  19  48  57  24  17  50  16  54
   79  76  59  95  93  34  10  55   7  64  73  38  25]
 [  0  13  80  60  21  45  71  93  68  89  54  57  21  10  34  44  27  33
   81  81  50  56  62   3  92  60  49   2  49  81  62  50  28   4  55  97
    6  72  87  25  98  73  49  17  21  86  63  98  85  45  67  59  98  77
   84  23  47  66  19  55  62   3  50  71  16  65  11  34  82  94  81  43
   96  17  28  80  61  58  44   2   6  85  75  98  79  68  77  53  99  67
   36  20  79  85   7  99  13  28  27  97  37  17  24  60  41  14  98  66
   20  31  54  18  29  42  44  61  99  17  23  36  46]
 [  0  86   9  57  36  56  57  89  55   2   3  98   9   6  77  38  10  39
   48  19  54  26  20  28  18   5  85  25  87  18  53  71  62   9  65   4
   74  82  60  94  35  12  65  63  46  65  94  35  32  87  26  87  80  84
   52  82  45  75  55  84  66  57   4   9  30  51  95  47  28   5  97  30
   88  62  17  71  10  49  32  26  70  16  15  13  30  36  15  44  95   1
   52  19  27  29  99  62  39  89  88  80   5  49  58  92  25  19  73  87
   24  96  82   9  11 100  88   2   4   5  83   7  49]
 [  0  33  17  36  38  96  69  20  81  96  40  43  19  46  54  27  96  17
   28  18  58  32  85  17   4  50  21  67   1  48   8  81  32  23  88  76
   57   2  56  30   9  52  72  82  20   1  32  66  24  45  54  77  20  37
   59  18  48  27  37  31  91  41  56  37  91  59  93  34   9  99  88  12
   44  80  90  24  14  72  44  23  88  96  28  72  76  72  50  50  59  81
   44  37  80   4  49   9   3  49  69  28  67  96  76  38  17  77  71  35
   23  15  21  80  67  63  38  74  59  88   8  79  80]
 [  0  75   7   5  31  70  64   3  10  39   4  31   6  79  71  25 100   2
   18  66  80  90  64  65  43  40  95  99  17  45  35  74  66   5  12  86
   13  99  82  12  68  58  78  35  89  99   2  63  65  32  33  66  77  52
   91  20  55  67  89  46  84  27  49  99  74  59  72  12  25  30  20  16
    2  51  56  66  99  12   6  47  11  49  45  19   1  21  32  49  19  94
   57  25  52  78   2  39  41  14  35  23   3  71  26  83  99  31  36  46
    2  46  33   5  51  66  54  52  29  29  87  29  69]
 [  0  58  88  87  46  46  87  14  34  26  69  31  10  49  21   6  84  25
   94  93  75   7  29  83  34   9  55  59  31  48  17  87  95  40  58  40
   52  25  42  81  81  92  65  53  83  36  95   6  24  67  29   5  73  96
   98  77  58  32  78  53  80  28  23  60  73  28  37  50  88  30  74  32
   49  50  54  30  29  47  49  26  96  95  47  72  97  64   7  15  98  35
   25  58  38  44  20  78  71  75  28  34   9  10  51  96  60  90  15  58
  100   3  88   5  21  60  92   2  57  78  15  17  15]
 [  0  95   1  74  92  67  46  28  66  13  67  24  87  65  26  59  61  14
   19  69  11  68  60  70  84  12  17  34 100  15   9  53   4  46  78  99
   86  38  45  87  92  36  63  40  87  45  39  73  97  69   6  86  65  79
   83  44  98  58  31  84  32  69  32  42  94  17  93  54  15  41   9  68
   88  35  28  27  11   5  51  55   1  41  44  67  76   1  89  27   2  27
   15  69  41  15  24  78  40  71  78  89  24  57  24  51  32  71   2  27
   79   2  27  49  44  55  90  32  64  67  23  49   9]
 [  0  27  61  92  42  38  70  23  40  49  22  49  52  25   2  38   7  87
   74  31  51  82  89  76  21  83  66  27 100  17  37  41  94  87  20  99
   72  80  92  73  11  59  34  15  53  56  49  26  46  16  30  83  92  20
   45  23  66  19   9  75  91  44  42  86  18  67  30   5   5  89  38  93
   81  65  85 100  82  32  66  39  46  14  56  45  26  26  83  62  49  61
   12  55  75  30  67  48  59  17  46  88  16  73  15  67  34  56  23  85
   59  25  63  67  27  21  37  68  24  28  95  99  12]]
 setup_times
 [[[ 0 22 29 23 27 20 23 24 18]
  [ 0  0 20 22 24 24 20 19 25]
  [ 0 29  0 20 17 18 16 18 24]
  [ 0 29 15  0 28 20 20 17 15]
  [ 0 18 22 24  0 21 26 25 28]
  [ 0 29 18 28 18  0 15 25 24]
  [ 0 26 24 19 27 20  0 15 18]
  [ 0 29 16 16 17 18 28  0 17]
  [ 0 15 27 26 25 22 19 22  0]]

 [[ 0 28 22 28 21 21 22 24 17]
  [ 0  0 24 28 28 28 27 24 28]
  [ 0 28  0 29 21 18 17 23 19]
  [ 0 15 25  0 29 27 25 28 16]
  [ 0 16 28 17  0 29 27 23 26]
  [ 0 17 24 15 19  0 17 27 19]
  [ 0 20 15 27 22 19  0 29 24]
  [ 0 23 28 24 27 21 19  0 25]
  [ 0 25 22 24 27 28 15 15  0]]

 [[ 0 29 15 28 16 17 25 18 18]
  [ 0  0 23 26 18 27 19 29 22]
  [ 0 29  0 29 23 20 20 19 15]
  [ 0 18 21  0 22 28 28 27 25]
  [ 0 29 29 17  0 23 17 17 25]
  [ 0 26 18 19 26  0 18 25 21]
  [ 0 24 16 15 27 22  0 23 25]
  [ 0 29 29 23 20 24 16  0 29]
  [ 0 25 28 21 22 24 24 18  0]]

 [[ 0 24 19 18 18 26 23 22 16]
  [ 0  0 21 23 23 22 23 22 24]
  [ 0 27  0 28 27 21 25 19 25]
  [ 0 23 27  0 23 15 22 18 18]
  [ 0 17 28 18  0 24 17 16 20]
  [ 0 24 29 21 17  0 26 18 27]
  [ 0 28 21 18 22 16  0 21 24]
  [ 0 16 25 21 20 20 22  0 29]
  [ 0 19 22 20 21 18 25 22  0]]

 [[ 0 18 25 19 15 27 23 16 18]
  [ 0  0 19 19 18 21 19 26 22]
  [ 0 17  0 18 19 29 26 19 17]
  [ 0 26 20  0 27 25 27 21 15]
  [ 0 16 29 24  0 26 25 17 22]
  [ 0 27 17 27 24  0 27 23 17]
  [ 0 27 19 17 28 27  0 23 22]
  [ 0 28 21 23 27 29 15  0 19]
  [ 0 27 23 21 24 24 17 25  0]]

 [[ 0 19 25 21 21 22 24 25 20]
  [ 0  0 19 26 19 19 23 29 16]
  [ 0 19  0 24 27 27 27 21 18]
  [ 0 21 24  0 28 26 22 17 19]
  [ 0 21 27 18  0 18 24 19 27]
  [ 0 29 25 27 21  0 20 17 17]
  [ 0 28 18 17 28 22  0 22 15]
  [ 0 23 27 15 21 16 22  0 22]
  [ 0 22 24 21 17 24 27 15  0]]

 [[ 0 28 16 22 29 22 19 19 27]
  [ 0  0 17 24 22 28 19 20 24]
  [ 0 23  0 17 26 15 27 17 24]
  [ 0 25 25  0 26 20 26 27 19]
  [ 0 23 28 21  0 17 18 25 17]
  [ 0 23 23 29 25  0 17 29 26]
  [ 0 15 18 15 29 22  0 20 23]
  [ 0 22 19 25 24 17 19  0 27]
  [ 0 24 18 24 18 28 21 18  0]]

 [[ 0 29 24 16 22 27 24 28 18]
  [ 0  0 20 16 18 22 18 25 24]
  [ 0 22  0 23 27 27 20 20 27]
  [ 0 27 29  0 29 27 27 18 22]
  [ 0 26 26 26  0 26 22 27 21]
  [ 0 23 26 22 15  0 28 21 22]
  [ 0 25 23 16 27 28  0 15 29]
  [ 0 28 20 19 16 15 16  0 18]
  [ 0 19 15 16 19 18 25 28  0]]

 [[ 0 18 19 27 22 26 20 15 25]
  [ 0  0 20 17 26 23 15 16 22]
  [ 0 16  0 22 29 16 22 20 20]
  [ 0 21 24  0 15 24 15 17 15]
  [ 0 15 26 21  0 17 16 24 21]
  [ 0 23 21 19 28  0 15 18 17]
  [ 0 20 28 28 18 21  0 26 24]
  [ 0 19 21 26 22 28 19  0 20]
  [ 0 23 29 26 29 22 17 15  0]]

 [[ 0 29 24 25 24 25 19 25 16]
  [ 0  0 17 16 19 23 17 19 24]
  [ 0 18  0 23 17 25 17 28 15]
  [ 0 17 16  0 18 19 27 16 21]
  [ 0 15 24 22  0 20 23 22 29]
  [ 0 24 24 18 22  0 15 16 22]
  [ 0 17 27 26 27 23  0 21 20]
  [ 0 28 28 25 18 28 22  0 18]
  [ 0 15 28 15 27 16 26 20  0]]]
 delivery_times
 [[  0 190 180 107 148 189 140 195 192 119 139 106 151 192 134 106 113 127
  165 126 196 182 104 144 103 147 190 174 141 189 190 190 166 119 160 147
  183 152 186 137 119 199 198 180 157 125 173 136 199 188 160 134 190 193
  111 179 165 114 166 125 133 107 164 179 113 183 102 199 116 122 194 153
  183 165 110 123 127 135 162 127 134 100 188 101 151 194 176 193 119 187
  175 100 180 100 180 184 141 145 186 173 155 102 140 126 131 129 157 199
  167 118 114 139 114 198 172 176 182 189 110 156 131]
 [  0 183 187 133 195 194 178 141 165 135 121 135 132 190 138 197 195 103
  151 144 179 139 106 183 172 188 183 143 118 125 149 172 162 111 197 197
  133 161 155 108 131 152 182 113 199 156 172 116 134 150 175 168 116 114
  124 137 121 188 167 105 114 144 167 159 117 103 178 164 118 112 109 126
  126 152 168 180 106 104 112 138 197 161 130 104 176 109 173 132 187 120
  174 102 143 117 132 114 171 131 122 170 119 170 129 110 111 181 121 193
  123 153 177 115 128 195 129 158 162 197 147 120 175]
 [  0 153 121 105 191 110 170 143 190 102 189 122 149 101 194 154 102 166
  183 153 192 145 105 103 130 108 140 177 114 131 156 162 132 196 128 164
  158 173 195 160 102 156 154 149 107 121 171 148 147 170 116 187 169 105
  193 132 195 170 129 182 186 199 135 122 166 102 102 136 133 120 104 133
  168 182 121 102 120 106 110 169 145 144 180 191 151 170 113 116 138 100
  148 142 157 178 109 109 184 171 172 198 153 152 140 117 173 140 164 176
  176 165 183 112 104 150 132 190 142 113 191 118 149]
 [  0 197 147 192 157 161 158 132 130 195 123 164 123 119 116 164 187 149
  138 140 151 175 123 146 118 128 148 174 150 142 180 167 123 171 125 161
  188 114 190 123 176 124 149 185 132 139 134 150 159 167 100 137 174 164
  153 143 189 137 132 148 164 105 140 191 190 126 165 198 108 142 140 118
  168 197 119 158 125 134 115 195 109 140 106 192 148 179 185 194 152 149
  159 148 167 101 167 175 176 181 156 151 119 126 116 192 172 168 197 156
  128 114 163 194 144 105 104 198 160 169 189 139 145]
 [  0 177 149 172 148 181 144 182 138 172 155 157 196 191 101 176 157 152
  176 193 128 139 195 189 157 147 124 169 116 101 102 104 147 196 180 171
  168 183 150 105 168 194 154 119 158 161 194 197 192 188 123 173 111 147
  124 189 179 152 164 145 149 189 125 143 185 131 182 155 121 184 186 100
  191 120 185 135 127 101 183 101 170 155 175 111 157 109 160 146 142 100
  126 137 179 118 199 189 164 110 129 113 169 127 166 106 191 161 162 126
  100 107 118 154 156 164 165 108 115 129 114 103 142]
 [  0 155 140 160 198 155 153 166 122 114 154 183 158 145 104 123 153 194
  159 156 109 102 115 179 152 122 157 118 147 168 140 129 113 151 182 162
  176 162 123 146 172 144 163 181 128 124 188 194 131 116 184 172 166 175
  126 125 167 188 105 138 165 195 178 166 184 132 158 162 112 120 165 180
  104 186 199 178 161 189 159 145 140 103 114 104 192 173 141 187 195 114
  198 151 171 154 165 116 171 137 153 145 102 100 159 173 101 149 139 111
  181 183 141 127 183 122 185 167 129 199 107 174 157]
 [  0 104 111 193 189 102 154 161 151 186 142 185 189 124 124 199 196 120
  145 199 193 147 107 197 185 176 124 186 189 113 134 128 179 104 134 145
  136 100 193 160 133 163 130 136 135 118 107 144 105 199 180 103 180 154
  116 137 139 150 182 108 129 129 125 109 186 105 197 198 170 108 131 114
  124 108 120 137 119 180 157 122 127 193 166 146 191 181 154 116 116 173
  167 175 162 177 112 199 181 116 111 162 129 157 167 101 116 144 114 177
  116 174 185 190 159 137 186 151 153 142 138 130 143]
 [  0 115 186 131 163 115 182 112 158 149 171 197 150 150 135 147 106 114
  190 192 198 181 141 158 191 159 104 190 192 121 144 172 179 133 141 159
  136 106 113 109 101 110 152 146 147 190 123 192 153 192 168 184 180 169
  141 119 185 125 100 177 102 130 136 150 177 129 101 158 193 176 194 147
  177 193 191 150 193 192 135 172 134 195 183 192 191 112 185 136 139 138
  122 163 195 163 176 188 173 100 164 113 151 135 186 116 184 188 173 197
  157 105 183 127 120 197 156 165 136 174 118 110 103]
 [  0 197 153 106 141 138 136 190 189 154 167 130 123 174 119 117 149 107
  155 107 141 181 133 159 164 101 152 115 150 180 151 138 118 105 150 191
  121 160 152 196 190 176 113 174 163 166 199 173 103 153 113 128 100 189
  120 125 166 140 113 104 185 125 163 138 132 159 165 189 182 187 102 164
  108 145 167 179 123 157 163 166 195 185 163 103 154 153 182 184 192 134
  117 119 106 159 168 136 192 158 144 192 108 173 110 134 111 185 146 144
  120 154 100 126 117 199 159 126 142 107 147 191 100]
 [  0 169 160 130 162 132 123 186 102 185 128 179 144 141 145 106 126 103
  117 194 146 182 147 198 109 147 147 133 168 119 140 127 173 153 183 130
  166 120 127 172 158 172 124 167 135 135 112 198 171 186 198 119 113 160
  170 116 142 106 145 186 122 171 117 104 129 192 190 140 187 157 176 119
  172 186 156 131 188 107 168 134 194 167 103 127 184 198 184 152 172 169
  148 146 121 163 135 123 170 187 106 108 132 103 173 193 122 109 101 160
  190 140 106 160 176 166 192 151 195 185 131 178 185]]
 job2fam
 [[1 0 0 0 0 0 0 0 0 0 0 0 0 0 0 0 0 0 0 0 0 0 0 0 0 0 0 0 0 0 0 0 0 0 0 0
  0 0 0 0 0 0 0 0 0 0 0 0 0 0 0 0 0 0 0 0 0 0 0 0 0 0 0 0 0 0 0 0 0 0 0 0
  0 0 0 0 0 0 0 0 0 0 0 0 0 0 0 0 0 0 0 0 0 0 0 0 0 0 0 0 0 0 0 0 0 0 0 0
  0 0 0 0 0 0 0 0 0 0 0 0 0]
 [0 0 0 0 0 0 0 0 0 0 0 0 0 0 0 0 0 0 0 0 1 0 0 1 0 0 0 0 0 0 0 0 0 0 0 1
  0 0 0 0 0 0 0 0 0 0 0 0 0 0 1 0 0 0 1 0 0 0 1 0 1 0 0 0 0 1 0 0 0 0 0 0
  0 1 0 1 0 0 0 0 0 0 0 0 1 0 0 0 0 0 0 0 0 0 0 0 0 0 0 0 0 0 0 0 0 0 1 0
  0 0 0 0 0 0 0 0 0 0 0 0 0]
 [0 0 0 0 0 0 0 0 0 0 0 0 0 0 0 1 0 0 0 1 0 0 0 0 0 0 0 0 0 0 0 0 0 0 0 0
  0 0 1 0 1 0 0 0 0 0 0 0 0 0 0 0 0 0 0 0 1 0 0 0 0 1 0 0 0 0 1 0 0 0 0 0
  0 0 0 0 0 0 0 0 1 0 0 0 0 0 0 1 0 0 0 0 0 0 0 0 0 1 0 1 0 0 0 0 0 1 0 0
  1 1 0 1 0 0 0 0 1 0 0 0 1]
 [0 0 0 0 0 0 0 1 0 0 0 0 0 0 0 0 1 0 0 0 0 0 0 0 1 0 0 0 0 0 1 0 0 0 0 0
  0 1 0 0 0 0 0 1 1 0 0 0 0 0 0 0 0 0 0 0 0 0 0 0 0 0 0 0 0 0 0 0 0 0 0 0
  0 0 0 0 0 0 0 0 0 0 0 0 0 0 1 0 0 0 1 1 0 0 0 0 0 0 0 0 1 0 0 0 1 0 0 0
  0 0 0 0 1 1 0 0 0 1 1 0 0]
 [0 0 0 0 1 0 1 0 0 0 1 1 0 0 0 0 0 0 0 0 0 0 0 0 0 0 1 0 0 0 0 0 0 0 0 0
  0 0 0 0 0 0 0 0 0 0 0 0 0 0 0 0 0 0 0 1 0 0 0 0 0 0 0 1 0 0 0 0 1 0 0 0
  0 0 1 0 0 0 0 0 0 0 0 0 0 0 0 0 0 1 0 0 0 0 0 0 0 0 0 0 0 1 1 0 0 0 0 0
  0 0 0 0 0 0 0 0 0 0 0 0 0]
 [0 0 1 0 0 0 0 0 0 1 0 0 0 0 0 0 0 0 1 0 0 1 0 0 0 0 0 1 0 0 0 1 1 0 0 0
  0 0 0 0 0 0 0 0 0 0 1 1 0 0 0 1 0 0 0 0 0 0 0 1 0 0 0 0 0 0 0 1 0 0 0 0
  0 0 0 0 0 1 1 0 0 0 0 0 0 0 0 0 1 0 0 0 0 0 0 1 0 0 0 0 0 0 0 0 0 0 0 1
  0 0 0 0 0 0 0 0 0 0 0 0 0]
 [0 1 0 0 0 1 0 0 0 0 0 0 0 0 0 0 0 0 0 0 0 0 0 0 0 0 0 0 0 1 0 0 0 0 0 0
  0 0 0 1 0 0 0 0 0 1 0 0 0 0 0 0 0 1 0 0 0 0 0 0 0 0 1 0 1 0 0 0 0 0 0 0
  0 0 0 0 0 0 0 0 0 1 0 0 0 1 0 0 0 0 0 0 1 0 1 0 0 0 1 0 0 0 0 1 0 0 0 0
  0 0 0 0 0 0 0 0 0 0 0 0 0]
 [0 0 0 1 0 0 0 0 0 0 0 0 0 0 1 0 0 1 0 0 0 0 0 0 0 0 0 0 0 0 0 0 0 1 1 0
  1 0 0 0 0 1 1 0 0 0 0 0 1 0 0 0 0 0 0 0 0 0 0 0 0 0 0 0 0 0 0 0 0 1 1 0
  0 0 0 0 1 0 0 1 0 0 1 1 0 0 0 0 0 0 0 0 0 0 0 0 1 0 0 0 0 0 0 0 0 0 0 0
  0 0 0 0 0 0 1 0 0 0 0 1 0]
 [0 0 0 0 0 0 0 0 1 0 0 0 1 1 0 0 0 0 0 0 0 0 1 0 0 1 0 0 1 0 0 0 0 0 0 0
  0 0 0 0 0 0 0 0 0 0 0 0 0 1 0 0 1 0 0 0 0 1 0 0 0 0 0 0 0 0 0 0 0 0 0 1
  1 0 0 0 0 0 0 0 0 0 0 0 0 0 0 0 0 0 0 0 0 1 0 0 0 0 0 0 0 0 0 0 0 0 0 0
  0 0 1 0 0 0 0 1 0 0 0 0 0]]
