params：
 weight-->(1, 10)
 proc_times-->(1, 100)
 setup_times-->(15, 30)
 delivery_times-->(1, 30)
 job_rate-->12

start:
alpha_1
12
 alpha_2
0.5
 mach
10
 job
120
 fam
8
 weigh
 [[0 6 4 4 7 1 2 1 6 2 4 2 8 3 5 5 8 7 4 7 9 1 7 3 8 3 2 6 1 2 8 6 6 5 4 9
  4 1 2 6 6 2 3 1 7 1 1 7 7 1 4 7 9 5 3 6 8 1 1 6 3 4 9 5 7 1 5 1 4 1 2 7
  9 4 9 7 8 4 6 5 5 7 3 1 1 6 9 8 3 2 4 6 8 4 3 5 3 1 4 5 4 2 5 1 3 9 4 7
  8 3 9 8 5 5 2 3 1 8 7 7 6]]
 proc_times
 [[  0  38  65  30  67  85  22  56  22  47  78   9  45  25  99  34  31  49
   94  65  54   4  94  12  32  65   6  85  66  54  45  74  85   9  92   3
   36  48   7  79  69  58  80  48  72  17  13  15  27  73  42  26  36  55
   76  27  15  96  47  15  88  91  95  23  31  96  80  30  39   2  32  19
   34  16  18  23   7  48  44  60  33  36  90  35  79  56  60  75  82  97
   18  73  59  63  20  70  84  79  84  64  44  54  19  54  39  71  92  82
   77  39  66  25  83  73  23  99  17  44  15  90  31]
 [  0  95  99  58  82  58  99  43  93  59  96   3  44  33  51  93  15  71
   94  85  52   1  73  65   4  54  12  83  80  47  78  70  15  66  65  88
   93  96  53  65  45  30   4  57  20  44  40  18  86   4  27  99  33   1
   53   2  71  58  72  63  47  43  63  12  71  42  20  44  81  18  80  48
   37  81  33  69  78  19  12  10  31  70  70  21  73  82  72  51  86  30
    2  97   1  14  78  22  42  40   2  51  20  82  72  87  62  88  62  53
   85  91   4   9  66  88  45  86  98  87  10  45  94]
 [  0  39  50  12  75  74  45  16  52  79  25  57  99  81   5   5  98  91
   40  18  89  72  65  90  45  31  91  11   7  66  69   4  96  49  51   1
   59  42  96  72  70  98  23   9  39  96  50  11  36  49  54  94  33  29
    3  76   8   4  48  77  87  39   9  51  41  74  19  10  26  64  61  52
   72  46  47   7  34  68   4  57  92  98  34   3  27  36  54  43  88  77
   63  84  28  10  51  98  19  80  74  51  29  50  85  53  48  82  84  10
   72  90  57  67  75  38  12  12  29  59   8  99   3]
 [  0  53  22  67  92  25  45  33  23  34  85  32  62  78  44  20  93  95
   84  61  55  34  97  66  16  50  34  41  80  58  88  89  73   6  52  46
   52  28  79  49  22   2  53  39  87  54  51 100  65  64  31  97  45  94
   71  72  64  19  62  86  50  84  28  69  95   5  58  68  58  40  78  73
   64  26  54  24  49  33   8  90  54  41  25  45  29  62   9  38  85   8
   32  79  35  54  35  96  64  77  33  27  62  25  86  24  53  67  44  31
   21  56  18  27  26  35  94  54  91  45  73  18  84]
 [  0  75  70  73   5  18   9  40  20  15  64  62  40  98  57  66  80  38
   50  96  58  63  85  18  46   3  46  62  94  65  19  27  45  40  17  63
   18   2  11  33  14  80  69  48  97  61  83  82  95  38  15   5  37   5
   24  95  64  24  82  50  70  26  21   3  55  79  51  60  30  27  54  65
   56  61  67  89  28  41  47  91  91  15  60  26  15  18   4  20  62  21
    2   1  42  67  52  53  30  50  41  74  45  66  70   3  65  47  27  37
   76   9  24  15  28  82   6  83  81  11  51   5  63]
 [  0  34  16  39  67  80  43  14  28   9  43  60  72  85  91  46  66  84
   43  93   1  46  83  16   6  88  42  44  58   8  47  46  35  31  57  33
   58  27  49  25  56  28  59  66  90  80  28  17   2  89  66 100  49  86
   18  15  72   2  38  57  96  97  93   4  71  71  46  77  59  28  87  73
   66  61  31  71  18  32  31  44  48  49  64  50  21  75  53 100  59  47
   62   9  41  26  94  94  76  25  75  82  44  93  54  62  57  66   3   5
    1  18  33  20  78   7  67  20  12  31  57  70  15]
 [  0  43  14  43  70  66  49  86  50  47  82   9  77  60  62  15  56  55
   72  59  44  60  33  97  49  48  14  63  22  98  13  96  63  34  72  56
   40  54  88  65  69  90  99  69  89 100   4  91  92  70  44  27   9  54
   94  65  38  11  84  29  52  37   4  45  51  50  99  83  13  49  62  70
   92  63  35  27  14  10  23  38  69  67  80  76  11  41  26  75  67  47
   57  54  21  69  89  85  43  75  69  64  56  91  88  64  24  30  84  96
   69  74  72   9  32  97  88  23  67  14  47  51  27]
 [  0  13   8  21  70  42  69  37   4  52  18  28  70  69  55  16  30  25
   34  65  86   6   8  22  47  50  27  40  90  32   1  37  74  56  24  58
   34  64  22  84  17  88   3  31  43   2  73  93  14  48  27  21  35  18
   15   3  10  96  49  90  78  56   4  59  16   5  58  23  71  48  91  94
   70   7  35  35  88   6   6  18  15  12  28  40  10  46   3  97  29  73
   27  45  21  57  93  84  28  57  51  38  78  16  35  90  64  39  23  82
   59  78  51  43  38  21  60  32  64  21  19  60  75]
 [  0  77  35  94  78  78  92  59  77  16  57  20  52  32  40  57  71  90
   39  31  93  27 100  29   7  26  66  38  79  62   5  69  97  98  24  63
   73  75  72   7   3  79   2  55  89  45  12  25  57  57  59  18  78  62
   22   5  13  32  59  12  19   2  46  62  93  11  92  27  44  20  46   3
   26  24  28  32  43  41   2  43  29  39   7  72  19  49  52  42  56  83
   30  83  78   1   5  67  60  34  84  62  19  36   9  26   6  74  43  82
   25  68  39  24  96  69  54  16   4  90  52  43  26]
 [  0  29  46  99  89  95  14  17  92  38  58  73  22  38  19  50  14   7
   39  75  54  30  15  32  99  27  12  60  28  87  16  99  55  13  46   5
   89  75  85  60   5  99  12  76  54  90  55  21  88  76  18  93  58  68
   63  23  88  95   7  24 100  92  45  25  67  84  33  62  98  33  97  59
   20  49  53  60  12  65  62  30  27  40  56  82   1  19  55  36   9   3
   17  88  72  76  97  67  26  85  26  68  44  57  64  77  69  30  85  33
   66   4  15  62  77  45  21 100  31  12  22  85  67]]
 setup_times
 [[[ 0 24 27 24 27 26 17 15 20]
  [ 0  0 20 20 29 18 21 27 21]
  [ 0 16  0 25 28 17 25 20 23]
  [ 0 22 28  0 19 18 22 15 26]
  [ 0 17 19 24  0 23 19 24 22]
  [ 0 27 16 18 23  0 26 25 27]
  [ 0 21 24 18 23 16  0 20 17]
  [ 0 17 20 18 15 20 29  0 16]
  [ 0 24 24 18 15 15 26 26  0]]

 [[ 0 27 28 27 25 16 17 25 19]
  [ 0  0 28 20 22 19 22 23 27]
  [ 0 26  0 15 29 26 22 18 21]
  [ 0 28 23  0 27 20 21 17 15]
  [ 0 17 18 23  0 23 20 15 23]
  [ 0 20 25 18 17  0 29 20 17]
  [ 0 29 23 18 22 19  0 28 15]
  [ 0 22 16 23 20 29 27  0 29]
  [ 0 24 19 24 21 24 21 26  0]]

 [[ 0 18 15 23 19 24 15 20 19]
  [ 0  0 23 19 29 15 29 25 22]
  [ 0 26  0 26 19 24 29 20 28]
  [ 0 18 16  0 20 18 28 22 21]
  [ 0 28 15 19  0 19 25 29 20]
  [ 0 15 20 25 16  0 23 21 21]
  [ 0 25 23 20 22 27  0 22 24]
  [ 0 17 22 24 27 16 18  0 18]
  [ 0 15 20 20 27 17 17 17  0]]

 [[ 0 19 17 28 24 18 17 29 29]
  [ 0  0 18 20 17 25 19 23 19]
  [ 0 18  0 25 16 24 21 17 25]
  [ 0 29 18  0 16 22 16 17 15]
  [ 0 22 26 22  0 29 19 28 21]
  [ 0 20 24 24 17  0 28 20 19]
  [ 0 17 19 17 17 26  0 19 19]
  [ 0 27 24 24 23 17 24  0 24]
  [ 0 29 29 21 22 15 17 23  0]]

 [[ 0 25 24 27 27 26 18 16 21]
  [ 0  0 16 16 24 24 28 25 22]
  [ 0 22  0 16 27 25 29 16 19]
  [ 0 15 21  0 19 19 23 19 16]
  [ 0 28 29 22  0 16 15 25 18]
  [ 0 21 22 19 18  0 25 18 23]
  [ 0 19 20 26 21 16  0 21 25]
  [ 0 23 28 17 24 26 18  0 29]
  [ 0 28 28 23 20 20 27 27  0]]

 [[ 0 17 20 18 23 20 25 22 18]
  [ 0  0 25 29 16 25 26 29 16]
  [ 0 26  0 21 29 28 29 27 26]
  [ 0 16 28  0 25 29 27 20 22]
  [ 0 29 22 16  0 26 18 29 17]
  [ 0 23 23 22 15  0 22 29 24]
  [ 0 18 26 22 27 27  0 18 20]
  [ 0 17 18 18 15 27 17  0 20]
  [ 0 22 19 15 22 16 15 19  0]]

 [[ 0 23 29 22 15 26 17 17 27]
  [ 0  0 17 18 17 24 23 19 26]
  [ 0 18  0 19 23 15 15 25 20]
  [ 0 28 19  0 17 25 20 23 25]
  [ 0 20 24 17  0 26 17 28 27]
  [ 0 19 18 29 22  0 25 16 23]
  [ 0 27 22 22 27 18  0 20 15]
  [ 0 19 23 19 24 18 19  0 29]
  [ 0 27 15 27 19 29 19 25  0]]

 [[ 0 29 28 25 27 26 23 18 26]
  [ 0  0 27 28 22 26 16 17 18]
  [ 0 15  0 22 16 17 18 17 27]
  [ 0 15 22  0 24 17 28 19 15]
  [ 0 29 15 15  0 29 15 27 19]
  [ 0 18 25 20 19  0 26 27 28]
  [ 0 27 16 19 24 25  0 24 18]
  [ 0 21 19 17 29 28 28  0 27]
  [ 0 28 24 17 20 24 18 20  0]]

 [[ 0 21 29 18 19 16 22 24 27]
  [ 0  0 23 17 26 27 24 16 21]
  [ 0 24  0 20 17 28 29 18 23]
  [ 0 28 19  0 19 25 25 15 24]
  [ 0 25 29 15  0 23 28 26 29]
  [ 0 24 21 26 22  0 24 15 18]
  [ 0 17 22 27 28 28  0 17 29]
  [ 0 23 19 25 21 21 23  0 28]
  [ 0 27 24 23 29 25 27 22  0]]

 [[ 0 15 22 17 26 22 24 21 20]
  [ 0  0 21 21 26 20 15 16 15]
  [ 0 18  0 19 23 15 28 23 28]
  [ 0 22 19  0 27 19 29 15 23]
  [ 0 20 18 19  0 17 17 15 26]
  [ 0 27 22 29 28  0 20 18 18]
  [ 0 16 26 20 19 16  0 23 22]
  [ 0 17 21 23 27 27 17  0 29]
  [ 0 25 19 17 17 24 19 15  0]]]
 delivery_times
 [[ 0 19 11 25 22 24 18  4 16  9 11 22 20 27 29  8 18 13 12 10 24 20 29 12
   3 26 19 10  8 12 24 23  8 28 27  3 24  1 25  2 19 29 20 21 16  2 13 21
  23 21 14  1 28 17  7  9 28 24 19 22 26 22 23  6 17 23 18  7  5  5 11 22
   6 28  8  9  4  9  6 15 16 23 16 10  1 22 11 21 24 18 27 11  5 28 15 14
   9 10  2 18  8 11  2  2 18 18 11  1 16 24  9 15  4 26 20  9 16  1 17  7
   4]
 [ 0 16 24 16 26 23 23  3 28 19  8  4 16  1 12 13 12 20  9 24  3 20 14 10
  21 14 16 29  3 25  6 16 12 26  8 22 20  1 22  7  8  1  5 24 14 13 14 23
  13 12 22 12 29 20 23 11 13 25  4  9  6 11 13  3  6 17 21  1  7  5 22 10
  27 28  1 10 23 18 26 18 28 11 24  7  6 22 29 24 28 29  1  7 24 19  6 20
  19 27 29 20 12 19 29  6  1 15  8 22 19 14  5 24 21 18 11 13 12  8 23  7
  27]
 [ 0  9  6 13 14 29 26 23 26  7 18 20  4 17 26 11 25 21 22  3 28  6 22 18
  13 29 23 18 14 27  7 27  1 14  1  8 19 21 12  4 23 13  8  6  6 12 11  8
  24  2 10  8 20  1 11  1  7  3 17 19  3 18 12 11 22 12 22 13  9 21 13 19
  26 14 17 17 14  6 13  4 21 22  6 11 15 27  9 13 28 25  3 10 23 16  8  4
   9 12 20 22 11  8 14 20  3 19 17 24 20 26  6 14  1 13 11 17  8 16 27  6
  20]
 [ 0 17  5 20 14 24 20 12 22 28 26 26  5 20  7 14 11  3 29 26  7  6  6  7
  11  5  5 28 19 13 14  2 16  4 27  3 15 29  8  5 18 24 25 16 23 20  9 16
   6 14 19  1  7  8 24 16 24  3  7 10 25 14 25 13 26 26  3  5 13  7  5 25
  14 20 23 10 26  7 28 14 13 12  2 17  6 29 24 14 23 16 22  5 12 21 19 25
   2 20  3 22 23 18  1  8 14  2  4 25  7  5 14 11 16 13  3  1  3 15 26 25
   5]
 [ 0  3 29 25  2 19 29  3 12  9  1 12 17 11 14  3  5 29 20 26 15 24 27 15
   5 27 25 29 10 18  5 16 18 12 11 19 16 11  1 27 22 17  5  8  6  3 27 13
  28  1 12 23 18 16 16  1 18 25 19 24 14  7 11 29 23  1  9  6 26 28 17 25
   8  5  5 16 13 15  9  3 19 28 10 21 23 22 23 20 25  8 23 29 29 12 11  9
  15 23 22 29  7 19  7  2 28  3 27 23 29 23 10 12  4 28 15 25 12  5 18 27
  22]
 [ 0 26 12 12  8  3 27 18 12 13  5 12 26 24 13 15  4 27 16 11 11  3 24  1
   2 26  3 18  1 17 19 20 19  3  5  6 22  8 15  4 29 15 17 27 14 27  5 12
   7 12 27 10  1 14  8  3 10 29  9 21 13 23  9  3 10  9 14 29 19  3  8  7
  17 24 22 26  3  1 20  2  6 22  6 13 17  6 21  5 27 12  1 25  3  7 29  6
  20  7  7  1 19 25  3  4  8 11  9 17 17 19  9 23 21  5  3 28  4 13  9  6
  13]
 [ 0 11 27  4 13  5 17 15  6 13 14 20 29  6 19 11 22 16  5 19 13 29 17 17
  26 23 25  9  1 19 28 15  3 27  7  2  8  4 25 15 29 25 22 18 27  4  7 14
  12 28 23 24  5  3  9 11 16 16 28 15 21  9 26 26 17  2 29 26 18 16 24 26
  10 23  3 17  4 22  5 20 20 12 11 25 23 27 11 12  5  2 27  9 23 25 15  4
   6 11 21 19 22 22  6  1 14 10  1 24  1 29  2 13  7 15  7 18 26 12 15 13
  13]
 [ 0  7 12 10  4  1 29  2  8  9 18 28 10  7 22 10  9 24  9 16  9  4 24 21
  26 23  4 21 13 13  5  2 29 10  8 11  7  2 14  3 16  1 22 26 28  2 19  2
   8 12 17 16 19 16 26 29 22 28 14 17  8 27 15  7 26 13 18 21 21 27 11 21
   9 28  7 11 17 20 19 18 12 19 17 23  8 24 13 12 12 13  8  3  7  1 29  6
   3 12  1  6 15 28 29 22 22 23 13 22 24 15 28 22 11 16 22  3 21  5 16 26
   6]
 [ 0 27  9 25  5  6  3 12 15 20 24  1  9 25 18 18 25  2  4 18  8 27 28 26
  16  3 16 27 15 10 21 17 16 19 25 12 11 11 10 28  1  1  9 25 10  6 21 18
  14 24 29  9 12 10 19 12 19 26 28 21  2 23 26 26 19  5 22 16 12  1 14 15
  23  3 23  1  2  6 17 21 11 16  7 15 16  2  5 22 18 17 24  8 19 27  6  7
   1 26 25  2 28  9  2  7 15 10  9  7 13 22 21  5 29 28  1  4 27 12  1 20
   6]
 [ 0 15 23  8 27  3 29 20 26  5 19 10 25 25  2  1 27 22 26 20 27 20 26  4
  23  4 20  5  1 21 20 10  5 15 28  4 15 21  8 28 29  6  3  1  3 21 10 29
  23  8 19 29  7 28 11 15  6 23  8 27 15  3 18  6  6 27 10 12  9 25 18 21
  15 26  8 12 26  7  6  6 15  3  5  4 25 11 16 15 22 27 22  7 15  9 24  1
  16 11 11 29 29 16 18 23 17 11 22 28 27  7 15 25 16 23 12 26 17 11 24  4
  29]]
 job2fam
 [[1 0 0 0 0 0 0 0 0 0 0 0 0 0 0 0 0 0 0 0 0 0 0 0 0 0 0 0 0 0 0 0 0 0 0 0
  0 0 0 0 0 0 0 0 0 0 0 0 0 0 0 0 0 0 0 0 0 0 0 0 0 0 0 0 0 0 0 0 0 0 0 0
  0 0 0 0 0 0 0 0 0 0 0 0 0 0 0 0 0 0 0 0 0 0 0 0 0 0 0 0 0 0 0 0 0 0 0 0
  0 0 0 0 0 0 0 0 0 0 0 0 0]
 [0 0 0 0 0 0 0 0 0 0 0 0 0 0 0 0 0 0 0 0 1 0 0 1 0 0 0 0 0 0 0 0 0 0 0 1
  0 0 0 0 0 0 0 0 0 0 0 0 0 0 1 0 0 0 1 0 0 0 1 0 1 0 0 0 0 1 0 0 0 0 0 0
  0 1 0 1 0 0 0 0 0 0 0 0 1 0 0 0 0 0 0 0 0 0 0 0 0 0 0 0 0 0 0 0 0 0 1 0
  0 0 0 0 0 0 0 0 0 0 0 0 0]
 [0 0 0 0 0 0 0 0 0 0 0 0 0 0 0 1 0 0 0 1 0 0 0 0 0 0 0 0 0 0 0 0 0 0 0 0
  0 0 1 0 1 0 0 0 0 0 0 0 0 0 0 0 0 0 0 0 1 0 0 0 0 1 0 0 0 0 1 0 0 0 0 0
  0 0 0 0 0 0 0 0 1 0 0 0 0 0 0 1 0 0 0 0 0 0 0 0 0 1 0 1 0 0 0 0 0 1 0 0
  1 1 0 1 0 0 0 0 1 0 0 0 1]
 [0 0 0 0 0 0 0 1 0 0 0 0 0 0 0 0 1 0 0 0 0 0 0 0 1 0 0 0 0 0 1 0 0 0 0 0
  0 1 0 0 0 0 0 1 1 0 0 0 0 0 0 0 0 0 0 0 0 0 0 0 0 0 0 0 0 0 0 0 0 0 0 0
  0 0 0 0 0 0 0 0 0 0 0 0 0 0 1 0 0 0 1 1 0 0 0 0 0 0 0 0 1 0 0 0 1 0 0 0
  0 0 0 0 1 1 0 0 0 1 1 0 0]
 [0 0 0 0 1 0 1 0 0 0 1 1 0 0 0 0 0 0 0 0 0 0 0 0 0 0 1 0 0 0 0 0 0 0 0 0
  0 0 0 0 0 0 0 0 0 0 0 0 0 0 0 0 0 0 0 1 0 0 0 0 0 0 0 1 0 0 0 0 1 0 0 0
  0 0 1 0 0 0 0 0 0 0 0 0 0 0 0 0 0 1 0 0 0 0 0 0 0 0 0 0 0 1 1 0 0 0 0 0
  0 0 0 0 0 0 0 0 0 0 0 0 0]
 [0 0 1 0 0 0 0 0 0 1 0 0 0 0 0 0 0 0 1 0 0 1 0 0 0 0 0 1 0 0 0 1 1 0 0 0
  0 0 0 0 0 0 0 0 0 0 1 1 0 0 0 1 0 0 0 0 0 0 0 1 0 0 0 0 0 0 0 1 0 0 0 0
  0 0 0 0 0 1 1 0 0 0 0 0 0 0 0 0 1 0 0 0 0 0 0 1 0 0 0 0 0 0 0 0 0 0 0 1
  0 0 0 0 0 0 0 0 0 0 0 0 0]
 [0 1 0 0 0 1 0 0 0 0 0 0 0 0 0 0 0 0 0 0 0 0 0 0 0 0 0 0 0 1 0 0 0 0 0 0
  0 0 0 1 0 0 0 0 0 1 0 0 0 0 0 0 0 1 0 0 0 0 0 0 0 0 1 0 1 0 0 0 0 0 0 0
  0 0 0 0 0 0 0 0 0 1 0 0 0 1 0 0 0 0 0 0 1 0 1 0 0 0 1 0 0 0 0 1 0 0 0 0
  0 0 0 0 0 0 0 0 0 0 0 0 0]
 [0 0 0 1 0 0 0 0 0 0 0 0 0 0 1 0 0 1 0 0 0 0 0 0 0 0 0 0 0 0 0 0 0 1 1 0
  1 0 0 0 0 1 1 0 0 0 0 0 1 0 0 0 0 0 0 0 0 0 0 0 0 0 0 0 0 0 0 0 0 1 1 0
  0 0 0 0 1 0 0 1 0 0 1 1 0 0 0 0 0 0 0 0 0 0 0 0 1 0 0 0 0 0 0 0 0 0 0 0
  0 0 0 0 0 0 1 0 0 0 0 1 0]
 [0 0 0 0 0 0 0 0 1 0 0 0 1 1 0 0 0 0 0 0 0 0 1 0 0 1 0 0 1 0 0 0 0 0 0 0
  0 0 0 0 0 0 0 0 0 0 0 0 0 1 0 0 1 0 0 0 0 1 0 0 0 0 0 0 0 0 0 0 0 0 0 1
  1 0 0 0 0 0 0 0 0 0 0 0 0 0 0 0 0 0 0 0 0 1 0 0 0 0 0 0 0 0 0 0 0 0 0 0
  0 0 1 0 0 0 0 1 0 0 0 0 0]]
