params：
 weight-->(1, 10)
 proc_times-->(1, 100)
 setup_times-->(30, 60)
 delivery_times-->(1, 30)
 job_rate-->12

start:
alpha_1
12
 alpha_2
1.0
 mach
10
 job
120
 fam
8
 weigh
 [[0 1 3 6 9 7 8 2 2 7 8 6 5 4 9 9 4 5 4 4 7 8 4 1 7 2 9 8 2 4 9 3 7 7 2 6
  6 8 3 6 2 5 5 6 5 1 2 1 1 5 1 1 7 6 3 4 3 5 1 9 1 4 2 9 8 3 4 6 2 6 4 2
  8 3 5 3 7 4 2 1 7 6 7 5 3 3 5 9 4 8 2 4 6 8 7 2 7 3 4 9 7 7 4 8 8 3 1 5
  8 8 2 5 1 9 5 3 8 4 8 5 3]]
 proc_times
 [[  0  55  10  65  83  10  96   5  72  92  42  97  73  41  12  14   7   5
   13  53  38   3  25  19  53  94  77  31  92   9  78   5  16  42  84  20
   82  56  66  72  13  50  23  52  42  43  45  87  80  78  13  44  30  63
   17  90  91  47  42  16  59  95  64  13  53  60  59  12  97  14  34  60
   61   7  61  83  63  54  46  58  14  31  41  72  19  63  73  60  85  50
   46  67  92  62  27  35  20  27   9  26  20  69  63   7  58  42  67  31
   86  44  89  84  95  28   7  29  70  84   5   7  41]
 [  0  32  16  15  48  65  69  26  10  64  75  60  80  88  15  79   3   7
   42  62  83  45  40  44  41  58   9   3   9  88  36  66  49  28  57  48
   24  91  38  79  38  32  54  66  18  79   5  86  15  36   2  18  89  72
   18   5  83  12  68  93  26  50  62  37  40 100  44  70  63  65  67  79
   89  91  15  39  31  44 100  60   2  43  18  25  84  84  98  65  68  17
   61  11  49  17  93  82  50  47  59  94  31  85  67  18  30  83  89  68
   41  36  80  18  58  40  65  44  20  33  46  39   1]
 [  0  68  65  82  37  32   8  78  28  54  59  25   2  40   1  69  22  65
   87  58  89  87  78  43  76  15   7  63  98  74   2  66  75  83  79  68
   80  59  61   1   7  87 100   9  48  40  86  24  12  37  88  23  96  81
   59  78  56  75  27  86  78  65  40  74  93  40  39  12  24  71  30  39
   84  25 100  75  47   4  55  91  68  76  42  12  94  13   9  13  93  71
   96  53  91  26  58   7  88  85  62  58  18  68  37  61   4  16  59   5
   82  26  49  92   3  66   3  84  14  73  30  85  49]
 [  0   4  88  10   6  49  68  78  33  76  30  64  62  46   8  78   3  57
    6  97  26  12  46  56  37  75  33   8  60   4  74  35  57  12  95  28
   55  81  43  26  96 100  23  21  48  56  20  32  45  12  57  84  23  72
   97   5  56  87  48  57   5  86  57   6  50  18  51  54  87  93  90  98
   68  80  70  70  32  41  91  15  18   2  76  44  73  45  63  87  76  64
   24  59  50  85  65  25  46  13  29  44  92  69  23  53  83  51  79  43
   33  16  37  33  15  70  98  56  98  64  23  88  79]
 [  0  97  89  79   1  10  93  27  29  11  34  55  41  87  55  97  44  93
   25  55  20  27   2  34  22  37  81  85  92  29  42  57  48  82  83  32
   27   1  18   2  55  35  31  93  99  25  64  58  81  60  35  98   8   6
   83  72  12  78  33   3  66  74  73  83  48  86  28  46  80  85  68  84
   60  60  66  81  82   6   3  58  24  19  81  89  57  23  59  25  76  60
    2  63  39   9  83  53  52  97  24  74 100  62  68  65  35  74 100  56
    7  65  19  51  53  62  96  30  84  55  65  78  69]
 [  0  67  72  43  99  89  64  11  10  29  42  96   7  67  95  65  35  44
   21  20   2  65  23  90  55  77  88  73  56  71  86  74  10  31  49  42
   71  14  67  92   2  84  53  69  75   1   1  79  89  98  72  12  62  23
   78   2  91   6  36  55  19  67  57  39  65  34  49  95  72  40  26  20
   86  64  16  76  51  29  12  47  38  89  42  53  68  35  36  66  71  22
   20  12   1  80  78  57  31  32  13  37  38   6  48   9  98  60  42   3
   33   1  59  33  44  30  35  12  22  81  85  74  43]
 [  0  60  79  23  96  28  60  85  92  50  98  74  50  83  47  87  45  52
   31  31  28   4  45   2  58  10  51  95  24  75  48  27  36  44  53  49
    9  55  14  56  26   9   8  63  34  75   9  44  44  97  12  52  72  67
   71  45  53  34  39  66  52  39  22  30  13  56  72  34  16  70  41  38
    6  43  79  68  57  48  29  92  58  43  52  15  84  22  16  10  93  75
   34  59  63  50  42   1  44  30  42   2  74  12  62  98   1  28  33   6
   33  24  65  22  60  33  45  64  44   9  35  56  73]
 [  0  44  74  51  46  96  27  38  49  28  64  87  47  43  32  34  11  29
   33  68  74  68  55  98  52  95  76  67   5  54  77  51   8  90  90  31
   53  14  60   7  55   9  98  89  52  23  84   5  68  15  93   9  80  67
   26  78  67  32  32  35  92  79  48  91  49  76  32  88  14  68  24  53
   18  62  61  90  17  16  26  89  93  34  33  13  67   1   7  76  39  16
   47  18   4  68  51   4  86  63  18  61  39  98  91  45  22  51   9  15
   11  53  56  70  36  72  99  44  49  94   4  77  13]
 [  0  35  86  78   2  34  13  60   3  88  16  60  21  65  21  36  12  28
   72  77  90  68  29  52  50   5  83  52  90  61  52  39  88  63  97  75
   84  48  56  57  73  75  87  27  12   2  78  40  23  73  79  91  42  77
   86  34  81  17  20   9  68  75  50  95  93  10  45  12  75  38  89   1
    7  90  35  62  51  70  57  95  41  58  47   8  99   2  35  91  55 100
   78  33  29  13  37  60  80  52  95  64  59  81  38  57  47  48  46  46
   99  84  36  99   1  84  96  75  61  95  70  94  13]
 [  0  64  56  85  77   7  83  58  34  20   1  62  21  27  82  52  21  46
   36  23  34  85   2  66  38  48  23  74  68  43  65  67  24  57  40  83
   47  26  86  90  59  38  13  41   6  25  98  98  32  68  96  17  26  72
   54  86  73  79  22  93  10  52  46  42   5  97  72  95  43   4  81   9
   20  61  51  13  98  92  87  99  16  86  16  11  88  81  17  57  48   2
   10  46  77  64   3  58  55  96  11  65  63  13  52  86  47  36  82  45
    8  51  71  58  94  15  77  97  75  53  24  55   8]]
 setup_times
 [[[ 0 48 50 36 54 42 51 31 38]
  [ 0  0 39 45 50 44 52 37 36]
  [ 0 42  0 32 49 51 42 40 30]
  [ 0 49 51  0 54 34 46 37 40]
  [ 0 51 33 44  0 55 47 49 47]
  [ 0 32 32 52 57  0 31 58 31]
  [ 0 30 53 39 58 43  0 51 51]
  [ 0 53 38 35 47 50 35  0 54]
  [ 0 50 57 57 43 46 30 35  0]]

 [[ 0 56 34 50 39 54 49 44 40]
  [ 0  0 50 57 32 32 57 32 57]
  [ 0 46  0 35 47 30 42 56 32]
  [ 0 45 53  0 54 41 30 56 49]
  [ 0 34 39 39  0 40 55 42 47]
  [ 0 31 57 40 48  0 31 46 33]
  [ 0 38 55 51 34 32  0 37 56]
  [ 0 42 53 57 53 44 43  0 55]
  [ 0 37 33 54 58 48 52 55  0]]

 [[ 0 57 30 42 35 34 33 36 52]
  [ 0  0 56 43 48 33 34 58 45]
  [ 0 30  0 43 37 52 34 33 42]
  [ 0 47 58  0 59 36 54 49 31]
  [ 0 57 58 32  0 37 57 53 34]
  [ 0 51 31 33 55  0 47 37 53]
  [ 0 50 32 33 58 41  0 54 51]
  [ 0 45 57 54 42 36 39  0 49]
  [ 0 58 44 42 40 34 37 43  0]]

 [[ 0 43 39 31 31 37 48 38 30]
  [ 0  0 47 35 56 58 55 57 42]
  [ 0 41  0 51 30 48 45 59 55]
  [ 0 33 52  0 55 51 54 30 45]
  [ 0 34 45 46  0 38 43 49 38]
  [ 0 49 58 52 43  0 50 37 51]
  [ 0 33 56 31 47 58  0 46 37]
  [ 0 47 33 52 45 37 56  0 39]
  [ 0 48 38 40 45 58 30 57  0]]

 [[ 0 43 47 30 42 59 32 51 41]
  [ 0  0 47 41 47 46 34 52 34]
  [ 0 45  0 56 50 45 52 56 40]
  [ 0 43 39  0 44 57 46 36 50]
  [ 0 42 55 32  0 39 58 45 42]
  [ 0 31 58 51 35  0 33 58 44]
  [ 0 30 43 46 53 54  0 40 42]
  [ 0 39 47 30 36 38 59  0 37]
  [ 0 32 34 34 42 37 34 37  0]]

 [[ 0 30 36 45 49 32 40 52 39]
  [ 0  0 37 37 47 31 42 43 34]
  [ 0 47  0 53 35 43 52 36 57]
  [ 0 38 59  0 52 30 33 45 57]
  [ 0 52 56 52  0 52 35 50 42]
  [ 0 41 33 41 55  0 38 50 44]
  [ 0 52 32 30 55 49  0 53 45]
  [ 0 32 39 33 32 43 45  0 49]
  [ 0 42 44 30 55 51 48 51  0]]

 [[ 0 38 40 52 31 31 54 46 42]
  [ 0  0 44 37 59 34 34 50 43]
  [ 0 43  0 51 34 39 55 34 38]
  [ 0 34 55  0 41 48 56 34 56]
  [ 0 34 54 38  0 58 50 45 41]
  [ 0 56 49 30 35  0 43 31 39]
  [ 0 30 40 36 42 36  0 38 52]
  [ 0 33 46 49 44 55 38  0 43]
  [ 0 37 44 59 47 43 45 48  0]]

 [[ 0 32 43 53 32 48 56 40 33]
  [ 0  0 54 51 34 30 52 39 30]
  [ 0 30  0 45 35 54 48 48 55]
  [ 0 52 53  0 31 52 59 31 53]
  [ 0 49 46 47  0 55 48 37 43]
  [ 0 34 46 32 40  0 36 43 32]
  [ 0 56 58 39 39 44  0 41 44]
  [ 0 35 42 58 58 40 31  0 31]
  [ 0 40 30 59 45 45 46 56  0]]

 [[ 0 32 38 30 58 45 59 37 41]
  [ 0  0 47 43 52 30 31 34 43]
  [ 0 49  0 48 42 47 58 40 38]
  [ 0 44 36  0 46 32 47 48 58]
  [ 0 56 56 42  0 45 41 35 38]
  [ 0 45 40 48 54  0 50 54 38]
  [ 0 56 35 31 45 53  0 54 33]
  [ 0 42 58 35 31 53 59  0 49]
  [ 0 52 33 32 33 55 45 56  0]]

 [[ 0 50 54 31 49 59 59 38 30]
  [ 0  0 42 55 30 54 50 50 44]
  [ 0 53  0 42 48 32 58 51 47]
  [ 0 42 49  0 43 56 31 54 38]
  [ 0 47 44 50  0 54 56 45 34]
  [ 0 46 55 45 51  0 38 47 43]
  [ 0 32 35 33 46 33  0 39 44]
  [ 0 48 39 38 50 32 46  0 30]
  [ 0 34 35 49 38 36 40 38  0]]]
 delivery_times
 [[ 0 11 14 23 27 20  6  6  8  6 21 14 20  9 29  9 16 28  8 25 27  2  4 23
  16 19 12 25 29 23 28  9 28 22 16 18 29 18  2 14 25  2 24 15 20 10 25 29
  22  6  3 10 11 11 23 13 26  2 16  1 27 14 13  4 26 21  6 19  7  2 19 18
  28 26 10 26  5  7  7  8 16 26 23 28 13 22 26 27  6 21 15 16  8  1 26 16
  29 12  7 15 27 22 19  1 11 12 17 22 28 21 24 12 27 26 28 24 16  5  5  4
  19]
 [ 0 12  6 13 11 11 10 12 11 25 19 19 26 24 10 23 11 14  7 16 29 14  8 13
  19 24 19  8 15 27 17 21 10  1 13  5  2 27  2 26  5 13 17 10 18  6 11 28
  14 11 24 23 13  3 12  7 11 25 27  3 17 11  4 10 10  6 13 25  6 19 27  6
  23  6 15 18 23 21 19 27 18 11 26 17 23 14 14 13 19 17 14  9  1 14  5 10
  10 22  9 11 10 26 23 19 21  2 22 29 20  9  5  3 23  9 22 12 23 11 19  7
  25]
 [ 0 16 16  2 10 29 11  7 17 27 20 18 16  4 10  4  1  5 11  1 16  6 26  6
   6 12  7  4 26  9 23 20 21 24 18 21 22 23  5  8 14 25 26  5 26 17 12  1
   2 29 28  2  7 29 21  9 18  8 15 24 29 19 21 19  6  7 14 28 23  4 24  1
  20  9  1 12 23  2 25 20 28 16 22 13  6 14 23 18 29  8  5 28 18 19  7  5
  28 29 20 12  8  3 11  7 29 18  7 18 13 28  1  2 16 24 25 15 26 27 27 20
   6]
 [ 0 24 21 29 10 25 25  2 16 21  1 27 28 28 11 23 14 15 21 23  9 12 28  9
  25 13  7 28 23  1  4 13  3  2 18  9 13 16  2 29 19  4 27 23  7 13 27 15
   1 10  4 17  6 24  4 15 17 10 12  7 11 20  2  1 18 22  2  3 25 11 19 29
  21 22 14  2  1 29 25  5 12  8  3 22 13 16  4  8  5 27  6 11 18 10 28  7
  24  9 25 12 24 11 14 27  3  8 10  8  2 28  3  9 17 11 27  5  3 17 26 24
  24]
 [ 0 11 20 10  8 15  8 13 25  2  4  8 24  4  4  2 29  8 28 11 19 16 16 22
   3  6  1 19  1 12 15 22  5 11  4  5 27 29  9  8 28 15 24  3  3 14 22 29
  15 26 18  1  4 27 10 19 27 11  6  3 14 19 25 10  7  5 28 14 19  1 10 23
   9 14 20  8  4 10  3  9 23 25 15 23  6 24  8  7  9 26 15 11 17 19 20 25
  28 15 29 25 25 12 17 10 20 22  6  1 12  8 18 25 22 20 17 29 13 13 17 29
   8]
 [ 0 29 20 10 14 10 19 17  9 16  4  6  8  8 11  4 11 10  2 15 13 18 25  2
  18  8 17  6  3 23 24 22  2  3 19 12 21 20 15 27 24 20 23 18 20 29  8  2
  18  7 18 22 11 23 17 17 19 12  1  9 23 13 13 21 28 29  4 17  3  2 11  1
  23 13  3  1 21 23  8  4 29 29 24 23  5 11 22 22 28  3 25 26 19 11 13 21
  23 25  8  6  8  6  6  4  4 21 22 10 27  2 23 23 12 16  6 15  6 19  8 10
   6]
 [ 0 23  3  1 16  6 12 10  5  3 24 26  5 21 17  4 29 18  6 13  6 15 28  6
  24 16 22 14 10 23  9 25 16  9  6  1  7  4 10  5  6 28 23 27  9 21 22 27
   2 28  5 16 29  4  8  9  8  4 28 26 27  3 26 15 17 15 26 22 24  9 27 29
   5 16 22  7 19 19 25 24  3 24 22  8 16  4 29 10  7 22 13 12  6  6 11 13
  29  5 24 13 23  1 28 10  8 17 18  2 14 18  2 23 28 11 11 16 13 15 20 16
   5]
 [ 0 27  5 16 24 20  1 24  9  3 23  8 15 17  6 19  6 20 12 22 18 12  3 24
   7 26 29  5  9 17  6 18 11 24 23  6 26 17 10 17 20 13  8  8  3 10 11  2
  20 23 17 18 29 24 16 23 29  5 27  6 14 19  3  9 28 10  8 21 29 23 27 18
  27 25  4 26 20 19 11 21 27 15  6 25  6  3 13 13 18 10 23 23 28 12  3 14
  21 23  5 12 11 21 16 27 24  6 21  7 22 14 10 28 11  4  6 17 17  4  2  3
   1]
 [ 0  4  4 13 14  4 19  7 13  1  7 24 14  4  2 11  4 17 22 18  1 16 12 19
  17 27 14 15 23 16  3 21  1 27 25 23  9 12 22 29 16 27 21 14 18 25  8 19
  20 21  3  6 15 18 25  8 12 14 13 27 13 24 21 29 10 24 12  9 10 28 11 13
  14 14  9 24 25  3 13 23 25 27 27 27 18 14 20  9 28  7 15 24  7  3  5 22
   1 14 15  7 26 24 22 16 29  2 11 19 12 24  4  6 16 28  2  4  5  7 18 24
  23]
 [ 0 10 26 23  3 10  9 11 23 18 29 17 13 25 22  4 10 23 19 29 19 28 11  8
  16  9 25  6 25 16  6  9 17 16  1 24  4 14  2 12 22 16 24 22 11 24  4 14
  17  9 25  8  2 16  5 24 24 19  8  9 26 11 18  6  6  8 17 23  4  6 25 14
  26 28  4  5 16  4 18  1  4  9 29  2 25 20 15 13 26  7 18 16 11  8 17  4
  23 27 13 19 20  8  6 19 20  4 19  5 11 27 13  3  6 10 22  6  8  6  7 12
  10]]
 job2fam
 [[1 0 0 0 0 0 0 0 0 0 0 0 0 0 0 0 0 0 0 0 0 0 0 0 0 0 0 0 0 0 0 0 0 0 0 0
  0 0 0 0 0 0 0 0 0 0 0 0 0 0 0 0 0 0 0 0 0 0 0 0 0 0 0 0 0 0 0 0 0 0 0 0
  0 0 0 0 0 0 0 0 0 0 0 0 0 0 0 0 0 0 0 0 0 0 0 0 0 0 0 0 0 0 0 0 0 0 0 0
  0 0 0 0 0 0 0 0 0 0 0 0 0]
 [0 0 0 0 0 0 0 0 0 0 0 0 0 0 0 0 0 0 0 0 1 0 0 1 0 0 0 0 0 0 0 0 0 0 0 1
  0 0 0 0 0 0 0 0 0 0 0 0 0 0 1 0 0 0 1 0 0 0 1 0 1 0 0 0 0 1 0 0 0 0 0 0
  0 1 0 1 0 0 0 0 0 0 0 0 1 0 0 0 0 0 0 0 0 0 0 0 0 0 0 0 0 0 0 0 0 0 1 0
  0 0 0 0 0 0 0 0 0 0 0 0 0]
 [0 0 0 0 0 0 0 0 0 0 0 0 0 0 0 1 0 0 0 1 0 0 0 0 0 0 0 0 0 0 0 0 0 0 0 0
  0 0 1 0 1 0 0 0 0 0 0 0 0 0 0 0 0 0 0 0 1 0 0 0 0 1 0 0 0 0 1 0 0 0 0 0
  0 0 0 0 0 0 0 0 1 0 0 0 0 0 0 1 0 0 0 0 0 0 0 0 0 1 0 1 0 0 0 0 0 1 0 0
  1 1 0 1 0 0 0 0 1 0 0 0 1]
 [0 0 0 0 0 0 0 1 0 0 0 0 0 0 0 0 1 0 0 0 0 0 0 0 1 0 0 0 0 0 1 0 0 0 0 0
  0 1 0 0 0 0 0 1 1 0 0 0 0 0 0 0 0 0 0 0 0 0 0 0 0 0 0 0 0 0 0 0 0 0 0 0
  0 0 0 0 0 0 0 0 0 0 0 0 0 0 1 0 0 0 1 1 0 0 0 0 0 0 0 0 1 0 0 0 1 0 0 0
  0 0 0 0 1 1 0 0 0 1 1 0 0]
 [0 0 0 0 1 0 1 0 0 0 1 1 0 0 0 0 0 0 0 0 0 0 0 0 0 0 1 0 0 0 0 0 0 0 0 0
  0 0 0 0 0 0 0 0 0 0 0 0 0 0 0 0 0 0 0 1 0 0 0 0 0 0 0 1 0 0 0 0 1 0 0 0
  0 0 1 0 0 0 0 0 0 0 0 0 0 0 0 0 0 1 0 0 0 0 0 0 0 0 0 0 0 1 1 0 0 0 0 0
  0 0 0 0 0 0 0 0 0 0 0 0 0]
 [0 0 1 0 0 0 0 0 0 1 0 0 0 0 0 0 0 0 1 0 0 1 0 0 0 0 0 1 0 0 0 1 1 0 0 0
  0 0 0 0 0 0 0 0 0 0 1 1 0 0 0 1 0 0 0 0 0 0 0 1 0 0 0 0 0 0 0 1 0 0 0 0
  0 0 0 0 0 1 1 0 0 0 0 0 0 0 0 0 1 0 0 0 0 0 0 1 0 0 0 0 0 0 0 0 0 0 0 1
  0 0 0 0 0 0 0 0 0 0 0 0 0]
 [0 1 0 0 0 1 0 0 0 0 0 0 0 0 0 0 0 0 0 0 0 0 0 0 0 0 0 0 0 1 0 0 0 0 0 0
  0 0 0 1 0 0 0 0 0 1 0 0 0 0 0 0 0 1 0 0 0 0 0 0 0 0 1 0 1 0 0 0 0 0 0 0
  0 0 0 0 0 0 0 0 0 1 0 0 0 1 0 0 0 0 0 0 1 0 1 0 0 0 1 0 0 0 0 1 0 0 0 0
  0 0 0 0 0 0 0 0 0 0 0 0 0]
 [0 0 0 1 0 0 0 0 0 0 0 0 0 0 1 0 0 1 0 0 0 0 0 0 0 0 0 0 0 0 0 0 0 1 1 0
  1 0 0 0 0 1 1 0 0 0 0 0 1 0 0 0 0 0 0 0 0 0 0 0 0 0 0 0 0 0 0 0 0 1 1 0
  0 0 0 0 1 0 0 1 0 0 1 1 0 0 0 0 0 0 0 0 0 0 0 0 1 0 0 0 0 0 0 0 0 0 0 0
  0 0 0 0 0 0 1 0 0 0 0 1 0]
 [0 0 0 0 0 0 0 0 1 0 0 0 1 1 0 0 0 0 0 0 0 0 1 0 0 1 0 0 1 0 0 0 0 0 0 0
  0 0 0 0 0 0 0 0 0 0 0 0 0 1 0 0 1 0 0 0 0 1 0 0 0 0 0 0 0 0 0 0 0 0 0 1
  1 0 0 0 0 0 0 0 0 0 0 0 0 0 0 0 0 0 0 0 0 1 0 0 0 0 0 0 0 0 0 0 0 0 0 0
  0 0 1 0 0 0 0 1 0 0 0 0 0]]
