params：
 weight-->(1, 10)
 proc_times-->(1, 100)
 setup_times-->(15, 30)
 delivery_times-->(1, 30)
 job_rate-->7.5

start:
alpha_1
7.5
 alpha_2
0.5
 mach
2
 job
15
 fam
3
 weigh
 [[0 3 3 6 8 7 2 5 3 7 1 3 6 1 7 2]]
 proc_times
 [[ 0  9 14 44 39 28 52 77 71 54 47 92 14 43 59 14]
 [ 0 26 25 53 25  5 10 72 22 50 78 28 52 61 71 67]]
 setup_times
 [[[ 0 29 28 21]
  [ 0  0 29 22]
  [ 0 20  0 16]
  [ 0 27 23  0]]

 [[ 0 23 17 26]
  [ 0  0 20 28]
  [ 0 19  0 27]
  [ 0 19 19  0]]]
 delivery_times
 [[ 0 16 26 23  2  6 22 25 12  2 10 23 25 23  9 20]
 [ 0  3 20  1 23 26 22 27  2  4  1 16  6 20 27 24]]
 job2fam
 [[1 0 0 0 0 0 0 0 0 0 0 0 0 0 0 0]
 [0 0 0 0 1 1 1 1 0 1 0 0 0 1 0 0]
 [0 0 1 0 0 0 0 0 0 0 0 1 0 0 1 1]
 [0 1 0 1 0 0 0 0 1 0 1 0 1 0 0 0]]
