params：
 weight-->(1, 10)
 proc_times-->(1, 100)
 setup_times-->(60, 120)
 delivery_times-->(1, 100)
 job_rate-->12

start:
alpha_1
12
 alpha_2
2.0
 mach
10
 job
120
 fam
8
 weigh
 [[0 1 4 4 1 9 4 6 6 3 6 2 1 2 5 9 2 5 7 7 8 7 7 1 9 4 7 9 6 7 2 4 3 1 9 7
  7 1 2 3 4 6 5 7 1 5 1 1 9 5 4 5 1 8 4 4 5 6 6 1 4 3 3 7 4 2 5 5 1 2 7 2
  8 7 6 6 1 4 1 7 4 3 2 1 5 5 6 5 3 5 2 2 8 2 1 1 2 7 2 1 1 4 9 2 1 9 7 7
  5 3 5 2 8 6 3 3 5 4 3 2 7]]
 proc_times
 [[  0  90  40  32  55  77  73  56  19  76  19  24  93  42  81  67  86  82
   56  97  12  53  46  70  51  25  21  34  16   9  36  10  19  52   9  25
   52  62  18  86  18  69  21   5  75  65  79  19  93  85  51  36  46   6
   53  35  19  84  87  99  54  49  60  36  32  60  99  35  27  66  41  84
   63  75  83  18   7  17  32  43  96  73  91  15  98  80  78  12  38  31
   85 100  98  69  61  82  52  65  75  55  32   2  83  71  36  51  81  19
   11   3  14  98  34  89  14   2  79  86  65  96  14]
 [  0  58  25  78  18  90  71  20  46  13  32  22  37   6  98  84  61  87
   86  62  22  86   4  70  60  40  68  75  63  85  71  41  64  71  14  28
   80  69  84  99  40  31  37  69  84  11  53  59  68  72  98  81  30  39
   73   5  70  11  96  75  91  10  90  13  46  77  76  32  35  88  90  32
   84  59  25  90   6  43  90  84  49  79  40  22  87  53  96  17  38  42
   68  37  98  70  16  71  24  29  19  82  82  65  85  66  95   2  49  21
    6  15  54  10  89  57  26  61  85   8  47  13  42]
 [  0  24  80  17  42  66  11  14  97  34 100  69  95  38  75  43  38  55
   27  19  91  36  75  48  56  51  99  28  53  53  40  48  38  42   2  89
   67  98  18  15  85  73  59  71   7  46  79  97  13  67  57  48  26   3
   73  63  36  94  84  55  29  66  41  11  99   3  99  19  51  40  88  70
   88  48   7  76  61  93  78  23  38  10   1   9   3  40  18   6  63  56
   43  61  23  57  93  17  29  77  17  41  56  96  99  88   8  65  55  16
   53  69  62  24  21  47  36  99  99  93  87  18  47]
 [  0  69  93  65   1  24  39  38  58  57  57  88  63  96   9  14  60  90
   80  28  94  16  59   4  53  18  17   5  98  98  38  51  10  42  29   4
   12  78  10  75  36  38  16  75  15  37  80  68  98  79  33  53  99  15
   93  94  44  37  74  87  73   6  66  22  54  34  56  39   9  71  25  52
   66  50  29  62  65  43   3  18  44  29  22  38  11  67  68  20  75  10
   44  34  78  64  66  89  51  64  38   1  86  80  80  36  63  79  38  38
   52  72  17   5  70  92  52  38  98  72  38  74  12]
 [  0   4  57  32  10  29   8  24  38   3  60  15  41  29  85  66  18   2
   50  70  99   6  32  68  39  77  13  15  57  75  25  24  30   4  50   8
   73  33  72  54  12   2  54   4  20  66  87  34  36  34  81  50  16  17
   15  25  71  32  96  84  18  31  83  95  49  28  67   2   1  10  78  88
   89  79  65  28  38  34  42  76  23  78  94  33  92  30  57  16  99  13
   19  90  15  76  39  15  71  92  25  57  45  83  64  13   7  69  88  87
   24  27  16  98  95  34  71  71  87  40  81  59  80]
 [  0   5   7  18  62  91  85   9  98  51  81  54  92  97  28  54  29  91
    1  67  85  75  16  15  10  53  35  98  79  92  10  27  89  38  99  88
   54  59  28  46  33  29  93  80  85  31  11  33  94  63   8  48  49  69
   17  80   6  10  98  47  42  13  44  55   3  71   3  24  47  39  85  79
   52  62  83  40  49  58  89  69   5  81  19  84  78  22  74   1  73  31
   51  10  91  79  58  42  15  11  24  50  84  57  91  50  12  34  85  47
   35  28  48  16  29  75  76  45  15  97  49  91   7]
 [  0   3  14  99  80  24  33  58  73  26  12  58  51  27   6  37  64  22
   74  13  46  75   6  35  45  93  86  99  82  69  51  60  25  32  78  42
   15  20  26  11  46   4  16  87  32  83   3  72  59  55  86  70  87  49
   98  25   5  70  36  78  35  70  70  26  12  55  53  85  34  43   7  78
   13  74  68  57  73  91  67  96  76  60  39  14  15  66  73  68  16  95
   73  91  80  50  35  79  29  93  29  45  73  69  87   1  63  48   1  50
   78  11   4  16  86  64   8  19  79   4  83  10  20]
 [  0  79  45  83  39  77  38  14  66   3  84  34  16  49  59  72   5  39
   25  70  62  33  41  99  11   6  27  40  28  58  49  59  31   5  32  17
   13  30  16  45  55  14  89  71  71  99  80  35  66  25  83  77  74  99
   28  76  57  43  76  14  84  33  54  96  71   8  61  87  34  19  85  36
   46  68  45  52  26  75  62  39  52  83  88  22  69  84  74  21  89  91
   42  18  77  28  71  90  27  95  57  24  96  16  39  65  45  32  14  43
   38  56  52  68  53  20  90  75  56  60  92  62  78]
 [  0  99  26  48  13  82  96  47  28   3  63   5  16  70  58  30  67  46
   77  34  16   5   7 100  49  65  41  73   3  30  74  71  47  77  11  46
   39  12   2  71  63  35  70  65  89  38  37  40  85  46  69   3  32   5
   30  35  21  53  67  45  17  38  35  48  43  44  91  94   7  93  64  14
    3  98  58  28  22  27  60  77   8   7  32  44  32  12  17  51  82  94
   87  68  56  84  34  58  67   9  22  93  89  39  13  49   7  73  94  60
   40  51  70  70  93   4  52   5  63  69  57  80  79]
 [  0   4  92  24  82  83  20  25  20  50  73  53  75  48  64  95  73  80
   79  43  29  31  77  58  45  39  92  54  81  89  76  60  76  41  33  46
   36  62  53  68  70  44   8  60  76  81  89   9  32  73  42  45  54  82
   68  28  53  19  42  73  80  60  67  68  17  91  57  45  91  23  68  45
   13  68  17  21  25  47  51  78   7  87  47   3  15  94  49  51  65  72
   85  11  69  66  65  67  97  49  35  74   9   6  68  70  45  36  40  54
   91  95  79  62  73  38  77  63  99  68  27  93  29]]
 setup_times
 [[[  0 115 114  98  95  85  99  95  92]
  [  0   0 109  91  60  78  90  98  82]
  [  0  82   0  64  73  96 114  96 100]
  [  0  94  95   0  76 103  63 107  63]
  [  0  76  65  68   0 106  89  82  72]
  [  0 113 117  80 116   0  69  64 112]
  [  0 106 119  76  85  88   0  69  68]
  [  0 113  70  64 113  76  81   0  73]
  [  0  86  78 100  74  97  67  62   0]]

 [[  0 113  94  83 112  68  69  78 119]
  [  0   0  89 116 114 109  72 100  86]
  [  0  91   0 100  85 100 116  66 111]
  [  0  64  84   0  76 108  96  63  64]
  [  0 115 118  83   0  75 107  87  62]
  [  0  75  95  78  95   0  93  68  75]
  [  0  74 101  88  69  97   0  86  60]
  [  0 100  96  80  72 111 101   0 112]
  [  0 100  93  99  75  80 118  97   0]]

 [[  0  72 103 101  65 112  84  81  77]
  [  0   0  69  79 118  92  94 112 115]
  [  0  78   0 110 118  63 103  95  65]
  [  0  62  93   0  72 114  89 101  79]
  [  0  83  67  63   0 110 105  94  96]
  [  0 112  99  75 113   0  66  72 103]
  [  0 112  97  80  80  62   0 102 113]
  [  0  79  68  85  89  61 109   0  81]
  [  0  79 111 119  61 112 110  87   0]]

 [[  0  95  61  62 110  86  83  74  63]
  [  0   0 111  83  60  81 108  82  86]
  [  0  66   0  87 112  68  75  62 116]
  [  0  82  87   0 118  64 110 105 117]
  [  0  85  88 115   0 108 100 107 105]
  [  0  87  86  60 103   0  99 114 103]
  [  0  95  74  89 104 114   0  86  80]
  [  0  66  75  83  61  76 101   0  75]
  [  0  95  76  92  70 114 105  83   0]]

 [[  0 105  96  74  60  79  67 107  94]
  [  0   0  98  78  63 119 101  76  75]
  [  0  66   0  98  60 101  75  85  95]
  [  0  83 119   0  66  74  83 100 106]
  [  0  85  76  65   0  83  73  63 105]
  [  0  99  75 107  79   0  94  96  61]
  [  0  63  98 111 109  62   0  61 106]
  [  0  70  62  89  85  75 104   0  78]
  [  0  66  67  95  68  87 116  84   0]]

 [[  0  70 118 103  88  60  83 107  92]
  [  0   0  87  90  87  78  92 118  98]
  [  0  98   0 101  76  92  92 114 112]
  [  0  67  91   0  66  77  62  90  66]
  [  0 118  65  63   0 118  60 113  62]
  [  0  75  88  80  98   0  74  68  65]
  [  0  66  64 115  62 109   0 105 117]
  [  0  94  61  71  70  86  84   0 110]
  [  0  98  89  73  77  82 100  61   0]]

 [[  0  76  81  94  80  90  67  75  74]
  [  0   0  73  74  72 100 113 100 110]
  [  0  85   0 101 113  96 111  81 104]
  [  0  96  73   0  91  98 103  77  96]
  [  0  83 106  76   0 101  71  69  77]
  [  0  96  91  85 114   0  78  83 113]
  [  0  97  63 111  64 103   0 110 113]
  [  0 103  81 104 113  75 100   0 117]
  [  0  76  62 110  69  78 114  84   0]]

 [[  0  90 105 100  65  79 107  80  77]
  [  0   0 105 104 114  94  60 101 115]
  [  0  97   0  61  83 107 119  86  95]
  [  0  64  67   0  95 110  98  95  70]
  [  0  62 109  86   0  85 118 117  70]
  [  0  94 101 115  81   0  97  77  87]
  [  0  62  92 109  99  82   0  88  94]
  [  0 106 104  85  68  91  62   0 107]
  [  0  86  79  80  69  70  85  92   0]]

 [[  0 107  92  61  84  84 104  77 114]
  [  0   0  72  61  80 108  61  61  63]
  [  0 109   0 113  66 114  99 119  63]
  [  0  71 117   0 104  84  83 118  60]
  [  0 107  83  62   0 116  87 119 112]
  [  0  72 112  95  75   0  61  83  72]
  [  0 112  81 118  97 119   0  65  83]
  [  0  98 112  76  89 101  90   0  72]
  [  0  86  96  78 102  90  68  80   0]]

 [[  0  61  61 113 112  95  88  60  69]
  [  0   0  71  61 104  84  78  69  71]
  [  0 106   0 103  91  79 118  94  67]
  [  0  90 110   0  90 104 102 113 116]
  [  0 111 115 112   0  77 103  79  72]
  [  0  68  77  70  71   0  72 108 103]
  [  0  78 118  83 113  89   0  68  67]
  [  0  78 104  89  93  60  93   0  98]
  [  0  82  74 115  61  82  76  65   0]]]
 delivery_times
 [[ 0 47 69 63 65 26 32  8 90 11 63 72 42 50 34 33 12 25 43 38 83  5 24 64
  33 87  6 83 52 55 49 25  8 93 50  1 54 37 65 14 57 43 37 60 44 68 18 86
  19 77  8 82 17 94 87  7  1 27 90 73 54 73 92 79 78 45 63 64  1 40 47 55
  59 85 41 46 72 97 99 43 70 71 20 18 28 97 42 92 18 53 37 40 72 72 70 88
  46 91 42 65  6 20 79 29 88 41 98 54 89 48 24 78 30 71 35 61 81 75 20 19
  26]
 [ 0 91  7 40 20  3 80 21 59 60 50 88 58 29 83 82  7 65 96 48 34 59 73 64
  41  1 83 51 27 23 83 72 35 41  4 20 62 10 12 84 80  9  7 41 74 42 25 16
  78 78 95 20 21 82 62 21 82 23 39 47  7 38 46 58 51 60 59 63 35 92 21 47
  38 44  3 35 17 32  7 58 68 94 17 28 42 55  9 48 49 94 12 64 58 15 61 27
  68 35 56 46 30 13 91 74 53 40 37 95 34 22 78 78 28 76 59 77 77 49 71 73
  68]
 [ 0 61 97  2 91 98 41 11 82 40 35 80 33  9 32 22 38 10 87 36 71  1 26  5
   3 55 94 90 70 70 19 82 85  6 32 56 26 34 55 13  1 23 72 76 12 52 66  3
  43 82 95  3 12 88 21 82 27  1 31 75 99 27  3 92 78  8 36 93 85 43 45 62
  42 27 98 73 86 31 24 71 12 15 83 90 52 86 27 87 96 28  7 33 34  8 80 33
  70 99 62 53 60 49 51 84 93 54 27 11 96 67 42 59 32 77 67 70 71 81 26 45
  28]
 [ 0 95 10 37 62 55 75 39 28  2 62 38 56 75 60 97 44 67 23 55 31 74 42 16
  53 95 36 74 39 30  8 14 75 55 26 47 55 19  3 81 60 57 89  9 34 21 35 21
  66 45 40 59 46 45 74 15 69 10  9 26 72 76 61 88 14 99 25 41 18 99 87 40
  56 45 70 78 36 11 94 82 77 95 34 98 93 77 64 72 99 90 97  6 66 41 18 20
  51 12 72 44 30 57 23 16 23 30 24 14 15 47 15 59 52 55 28 62 15 61 81  6
  31]
 [ 0 85 58 41 11 41  2 47 53 16 29 73 88 92 29 93 65  8 41 58 58 70 92 44
  29 12 43  1 32 59 33 49 63 57 19 51 79 93 17  8  3 88 30 24 91 82 18  6
  61 74 40 96 20 97 86 41 45 84 62 76  2 38 85 71 62 33 43 86 39 55 92 23
  69 56 89 83 31 63 10 71 14 87  4 78 83 84 73 99 20 26 19 62 43 17 46 36
  69 14 19 23 49 70 10 66 41 46 27 92 56 85 61 99 32 53 86 27 37 39 75 37
  25]
 [ 0 58 43 18  8 88 47 52 57 24 17 89 34 87 93 68 78 63 18 82  8  5 33 22
   8 60 62  9 87 62 79 13 65 38 54 96 26 10 73 79 77 60 16 93  3 83  2 21
  76 35  9 74 95 68 90 49 97 75 93 10 28 29 85 91 81 49 35 61 75  4 68 28
  26 72 79 88 63 91 14 10 69 37 43 53 53 42 12 39 69  5 52  5 33 82  5 47
  10 53 29 55  9  1 91 43 51 55 17 69 56 94 38 22 80 90 29 61 26 37  3 41
  60]
 [ 0 92 45 98 43 95 45 42 78 40 72 24 62 41 90 40 55  2 76 14 27 81 74 67
  97 13 70 90 98 71 44 58  8 21 39 30 64 50 21 75 92 88 20 98 97 17 21 36
  66 86 50 89 87 38 14 82 45 95 91 17 49 16 63 95  2 58 78 32 53 26 61 66
  42 84 82 24 75 82 34 41 27 36 74 64 12  7 25 71 26 80 93 26 92 58  5 99
  16 59 27 17 19 48 29  3 59 73 45 49 30 81 94 72 71 62  7 25 19 46 93 29
  64]
 [ 0 40 61  2  9 80 50 87 18 22 33 12 61  2 13 87 85 50 92 85 47 97  9 49
  89 78 85 26 49 91  4 52 26 60 55 69 22 53 73 42 45 28 26 15 92 16 64 20
  67 39 42 12 94 79 79 79 98 15 82 71 31 11 50 96 11 46 80 66 65 84 94 44
  43 35 50 17 91 28 24 89  2 35 92 81 83 79 81 91 99 20 33 25 21 24 38 29
  41 98 11 65 45 58 86 11 95 78 68 97 37 70 40 69 67 36  1 60 59 60 25 96
  18]
 [ 0 88 33 77 99 10 18 45 93  2 86 42 57 31  2 14  3 16 32 63 54 20 12 38
  66 54 54 61 74 21 63 53 25 41 37 55  8 25 76 22 93 95  8 74 25  8 75 63
  10 30 32 73  8 79 77 35 50 68 61 14  1 42 92 73 21 86 81 78 17 50 58 54
  47  8 65 84 45 65  1  7 82 71 84 62  2 68 78 17 97 64 62 64  4  6 65 43
  61 52  1  3 79 43 21 29 76 78 36 77 61 21  5  9 29 33 92 50 71 61 78 77
  70]
 [ 0 24 94 90 77 78 19 69 23 42 17 83 82  4 68 63 37 92 28 42 90 91 59 20
  67 27  4 17 20 25 28  4 10 87 99 90 26 90 84 23  6  2 86  8 48 93 35 89
  27 10 11 76 50 38 78 39 31  1 32 40 35 96 37 71 54 31 14 11 51 84 60  2
  37 47 13 94 91 46 79 57 94  2  3 58 22 51  5 58  8 89 19 94 64  7 74 36
  39 63 83  9 14 97 29 44 79 49 60 78 39 39 37 33  1 13  4 96 80 92 99 27
  11]]
 job2fam
 [[1 0 0 0 0 0 0 0 0 0 0 0 0 0 0 0 0 0 0 0 0 0 0 0 0 0 0 0 0 0 0 0 0 0 0 0
  0 0 0 0 0 0 0 0 0 0 0 0 0 0 0 0 0 0 0 0 0 0 0 0 0 0 0 0 0 0 0 0 0 0 0 0
  0 0 0 0 0 0 0 0 0 0 0 0 0 0 0 0 0 0 0 0 0 0 0 0 0 0 0 0 0 0 0 0 0 0 0 0
  0 0 0 0 0 0 0 0 0 0 0 0 0]
 [0 0 0 0 0 0 0 0 0 0 0 0 0 0 0 0 0 0 0 0 1 0 0 1 0 0 0 0 0 0 0 0 0 0 0 1
  0 0 0 0 0 0 0 0 0 0 0 0 0 0 1 0 0 0 1 0 0 0 1 0 1 0 0 0 0 1 0 0 0 0 0 0
  0 1 0 1 0 0 0 0 0 0 0 0 1 0 0 0 0 0 0 0 0 0 0 0 0 0 0 0 0 0 0 0 0 0 1 0
  0 0 0 0 0 0 0 0 0 0 0 0 0]
 [0 0 0 0 0 0 0 0 0 0 0 0 0 0 0 1 0 0 0 1 0 0 0 0 0 0 0 0 0 0 0 0 0 0 0 0
  0 0 1 0 1 0 0 0 0 0 0 0 0 0 0 0 0 0 0 0 1 0 0 0 0 1 0 0 0 0 1 0 0 0 0 0
  0 0 0 0 0 0 0 0 1 0 0 0 0 0 0 1 0 0 0 0 0 0 0 0 0 1 0 1 0 0 0 0 0 1 0 0
  1 1 0 1 0 0 0 0 1 0 0 0 1]
 [0 0 0 0 0 0 0 1 0 0 0 0 0 0 0 0 1 0 0 0 0 0 0 0 1 0 0 0 0 0 1 0 0 0 0 0
  0 1 0 0 0 0 0 1 1 0 0 0 0 0 0 0 0 0 0 0 0 0 0 0 0 0 0 0 0 0 0 0 0 0 0 0
  0 0 0 0 0 0 0 0 0 0 0 0 0 0 1 0 0 0 1 1 0 0 0 0 0 0 0 0 1 0 0 0 1 0 0 0
  0 0 0 0 1 1 0 0 0 1 1 0 0]
 [0 0 0 0 1 0 1 0 0 0 1 1 0 0 0 0 0 0 0 0 0 0 0 0 0 0 1 0 0 0 0 0 0 0 0 0
  0 0 0 0 0 0 0 0 0 0 0 0 0 0 0 0 0 0 0 1 0 0 0 0 0 0 0 1 0 0 0 0 1 0 0 0
  0 0 1 0 0 0 0 0 0 0 0 0 0 0 0 0 0 1 0 0 0 0 0 0 0 0 0 0 0 1 1 0 0 0 0 0
  0 0 0 0 0 0 0 0 0 0 0 0 0]
 [0 0 1 0 0 0 0 0 0 1 0 0 0 0 0 0 0 0 1 0 0 1 0 0 0 0 0 1 0 0 0 1 1 0 0 0
  0 0 0 0 0 0 0 0 0 0 1 1 0 0 0 1 0 0 0 0 0 0 0 1 0 0 0 0 0 0 0 1 0 0 0 0
  0 0 0 0 0 1 1 0 0 0 0 0 0 0 0 0 1 0 0 0 0 0 0 1 0 0 0 0 0 0 0 0 0 0 0 1
  0 0 0 0 0 0 0 0 0 0 0 0 0]
 [0 1 0 0 0 1 0 0 0 0 0 0 0 0 0 0 0 0 0 0 0 0 0 0 0 0 0 0 0 1 0 0 0 0 0 0
  0 0 0 1 0 0 0 0 0 1 0 0 0 0 0 0 0 1 0 0 0 0 0 0 0 0 1 0 1 0 0 0 0 0 0 0
  0 0 0 0 0 0 0 0 0 1 0 0 0 1 0 0 0 0 0 0 1 0 1 0 0 0 1 0 0 0 0 1 0 0 0 0
  0 0 0 0 0 0 0 0 0 0 0 0 0]
 [0 0 0 1 0 0 0 0 0 0 0 0 0 0 1 0 0 1 0 0 0 0 0 0 0 0 0 0 0 0 0 0 0 1 1 0
  1 0 0 0 0 1 1 0 0 0 0 0 1 0 0 0 0 0 0 0 0 0 0 0 0 0 0 0 0 0 0 0 0 1 1 0
  0 0 0 0 1 0 0 1 0 0 1 1 0 0 0 0 0 0 0 0 0 0 0 0 1 0 0 0 0 0 0 0 0 0 0 0
  0 0 0 0 0 0 1 0 0 0 0 1 0]
 [0 0 0 0 0 0 0 0 1 0 0 0 1 1 0 0 0 0 0 0 0 0 1 0 0 1 0 0 1 0 0 0 0 0 0 0
  0 0 0 0 0 0 0 0 0 0 0 0 0 1 0 0 1 0 0 0 0 1 0 0 0 0 0 0 0 0 0 0 0 0 0 1
  1 0 0 0 0 0 0 0 0 0 0 0 0 0 0 0 0 0 0 0 0 1 0 0 0 0 0 0 0 0 0 0 0 0 0 0
  0 0 1 0 0 0 0 1 0 0 0 0 0]]
