params：
 weight-->(1, 10)
 proc_times-->(1, 100)
 setup_times-->(15, 30)
 delivery_times-->(1, 30)
 job_rate-->12

start:
alpha_1
12
 alpha_2
0.5
 mach
10
 job
120
 fam
12
 weigh
 [[0 8 6 4 7 6 9 8 1 7 5 1 3 2 1 6 3 2 9 9 6 5 1 2 4 1 5 6 9 4 4 6 1 7 3 5
  6 3 2 4 3 2 8 1 6 1 7 6 2 9 5 4 9 2 4 8 2 1 9 7 8 8 2 4 1 7 4 2 9 2 6 2
  7 3 2 9 9 2 9 9 6 5 4 7 2 5 8 4 3 7 6 5 3 5 1 6 5 7 9 5 3 2 3 3 5 5 3 4
  3 6 3 8 3 7 4 5 4 8 1 1 3]]
 proc_times
 [[  0  78  66  46  50  82  57  70  83  84  84  99  87   4  53  25  91  66
   55  46  12  81  98  40  55  79  91  41  68  94  96  84   2  31  56   1
    7  75  85  42  95  50  11  51  41   6   2  33  58  30  49  74  63  70
   62  64  15  54   4  73  56   4   6  73  43  97  19  26  81  60  30   7
   95  81  32 100  46 100   8  99  62  13  93  35  51  83  34   4  39  76
   65  89  49  53  89  80  45  94  69  37  23  57  60  25   8  22   9  41
   70  77  23  58  38  19  65  53  99  35  36  32   2]
 [  0  80  75  86  38  72  81  39  44   2  51  48  93  40  20  38  28  71
   56   7  13   3  18  64  55  94  21  19  29  66  18  28  65  96  99  60
   18  46  15  90  61  94  98  60  79  35  85  62  58   4  57  36  35  76
   42  24  57  15  77  69  76  79   5  31  59  12   4  84  82  67  78  10
   71  39  41  97  11   8  80  31  67   2   7  94  85  66  81  42   9  12
   61 100  96  37  14  83   5  30  86  16  67  34  58  80  56  25  96  27
   62  48  50  63  51  15  68  78  83  43  38  65  14]
 [  0  53  19  16  86  27  85  27  35  64  19  50  95  83  78  43  92  46
   62  19  93  15   9  42 100  45  30  18  89  24  90  79  63  11   6  30
   52  71  76  32  10  72   4  78   5  43  80   7  62  77  61  36  39  15
   77  93  46  35  61  37  15  87  91  19  74  60  18   5  90   7  45  72
   14  17   9  15  23  30  40  43  87  96  92  69  98  15  91  40  83  74
   50  33  96  73  81  28  37  67  55  15  64  48  70  30  70  76  93  85
    4  74  83  59  89  34  56  49  51  72  55  74  38]
 [  0   1  30  39  78  57  68  90  89  63  32  99  46  87  72  64  53 100
   56  95  47  44  61  99 100  17  98  95  86  98  75  60  71  45  83  36
    3  85  55  10  99  76  94  45  92  56  85  63  52  65  22  47  84  41
    1  17  82   2  73  95  36  17  23  26   3   7  12  69  56  26  51  18
   38  10  34  67  36  98  76  64  54  93  57   7  98   5  94  53  26  92
   96  71  72  64  98  90  83   1  70  53  56  77  14  11  84  50  89  44
   10  68  21  20  98   9  19   1  22  30  46   7  71]
 [  0  76  87  37  25   5  44  52  75   4  38  99  95  58   4  50  36  53
   41  20  35  77  75  91  36  16  92  21  44  81  77  83  29  13  68  17
   41  25  20  21  65  62  78  41  92  40   2  34  31  45  97  60  34  32
   71  64   4  15  43   2  99  23  60  53  83  46   5  98  19  36  19   3
   20  83  83  22  31   6  15  98  61  46  57  16  42  10  50  29  15   5
   33  63  19   4  46  40  27  19  48  30  60  28   7  32  63  94  77  24
   65  16  19  35  37  39  93  73 100  28  17  11   3]
 [  0  64  48  92  56  75  45  46  84  47  41  50   7 100  48  42  88  47
   35   1  83  57  66  50  94  22  80  78  61  69  70  34  43  51  30  43
   38  67  46  71  61  47  11  63  79  21  19  85  70  30   4  97  43  39
   28  39  19  12  31  58  11   4  70  91  53   6  46  67  69  36  86  12
   58  60  82  62  56  26  36  10  14  32  39   1  41   8  84  20  19  46
    9  97  49  17  58  93  90  19  11  31  92  50  81  60  92  90  89  19
   54  82  78  74  56  99  28  62  13  53  28  98  22]
 [  0  17  31  81  17  92  49  47  11  50  37  45  86  65  58  50  92  65
   72  44  31  35   3  35  75  24  39  87  88  22  70  59  10   6   5  39
   31  40  91  24  27  78  34  95  29  82  84  98  59  73  98  51  90  13
   86  16  24  76  72  38  86  98  83  43  15  39  72  79   3  77  72  97
   23  39  57   6  23  87  13  95  87  50  55  29  75  52  47  70  19 100
   22  27  67   7  70  59  45  78  52  24  80  70  27  70  82   6  32  45
   50  44  80  60  85  14  91   8  91  82  44  36  99]
 [  0  93  29  92  42  89  36  65  63  36  49   6  49  37  46  31  24  84
   56  45   6  24  93  37  86  82  26  46  23  68  98  18  83  88  34  55
   38  94  48  66  16  67  50  41  46  78  58  21   2  61  42  94  43  10
   70  54  64  43  43  18  95  31   3  98  58  36  60  13  44  35  47  35
    9  42   8  75  25   7  10  41  31   3  80  52   9   2  26  89  78   2
   89  11  26  69  62  84  13  45  95   7  78  18  94  16  16  59  77  30
   42  62   1  74  75  46  35  22  40  54  78  62  81]
 [  0   8  43  28  93  23  49  49  87  47  55  99   6  50  71  91  24  14
    9  30  84  49  75  66  63  54  46  22  37  28  22  38  87  19   4  43
   90  40  97   1  57  56  41   3  73  22  92  97  74  74  84  83  29  56
   73  76  64  60  56  36  39  45  48  91  20  19  49  66  18  75  35  88
   83  80  62  39  38  82  66  21   4  82  38  75  13  34  71  16  22   3
   19  16  37  40   7  78  84  65 100  73  59  49  94  80   5  59  52  93
   37  42  15  12  65  65  62  96  83  68  57  66  86]
 [  0  29   9  54  79  60  27  45  98  30  93  77  47  60   3  88  60   8
   98   6  66  83  73  29  42  43  67  96   4  57  84  25  62   3  43  87
   45  42  99  24  12  58  19  28  40  66  34  94  71  31  23   4  52  73
    9  51  81  23  96  56  21  81  53  57  20  45  70  77   4  85  98   2
   84  42  14  74  16  53  12  78   2  11  61  17  89   5  44  41  63  31
   95  16  34  24  68  60  83  57  79   2  89   9  73  78  80  82  22  84
   26  72  50  58  31  78  11  24  89  14  70  16  94]]
 setup_times
 [[[ 0 25 24 15 22 25 29 24 28 21 24 18 20]
  [ 0  0 27 27 23 29 17 22 19 24 22 18 18]
  [ 0 16  0 23 26 18 27 17 25 17 26 23 19]
  [ 0 18 26  0 27 19 19 20 19 29 17 21 18]
  [ 0 19 26 26  0 21 19 27 19 15 16 29 29]
  [ 0 26 19 20 15  0 23 19 29 15 25 22 24]
  [ 0 15 28 26 18 22  0 16 16 17 16 21 25]
  [ 0 19 22 23 27 27 20  0 28 24 19 27 20]
  [ 0 25 21 28 16 18 18 22  0 29 19 20 27]
  [ 0 16 15 19 24 17 27 26 27  0 26 15 16]
  [ 0 15 24 18 26 25 24 20 27 22  0 23 25]
  [ 0 22 28 15 19 16 26 26 29 25 25  0 18]
  [ 0 23 25 25 21 26 25 15 26 18 25 23  0]]

 [[ 0 23 21 24 18 26 21 16 29 25 19 29 29]
  [ 0  0 15 27 15 15 19 20 18 22 28 16 26]
  [ 0 24  0 15 29 19 27 29 29 28 16 22 24]
  [ 0 20 24  0 18 22 23 18 26 19 19 17 28]
  [ 0 20 16 23  0 20 18 25 17 29 27 18 16]
  [ 0 18 24 22 19  0 25 15 19 20 21 27 15]
  [ 0 23 28 15 20 19  0 19 21 20 24 27 21]
  [ 0 28 29 24 15 25 24  0 28 19 22 15 24]
  [ 0 24 20 23 21 17 27 24  0 18 17 15 20]
  [ 0 19 22 15 17 17 26 27 21  0 25 21 15]
  [ 0 22 25 16 26 27 23 24 29 28  0 21 21]
  [ 0 24 21 16 26 20 28 22 22 23 27  0 28]
  [ 0 22 29 27 17 15 23 20 25 19 29 27  0]]

 [[ 0 26 22 29 16 20 19 18 25 17 15 26 15]
  [ 0  0 16 23 21 24 25 18 20 23 21 15 27]
  [ 0 22  0 23 27 28 25 23 26 18 28 19 22]
  [ 0 28 26  0 26 24 27 25 19 29 20 29 20]
  [ 0 28 23 18  0 22 21 17 21 29 25 29 24]
  [ 0 29 28 15 25  0 19 29 15 26 28 25 27]
  [ 0 21 15 21 26 19  0 15 25 23 21 21 28]
  [ 0 15 22 23 29 25 27  0 15 18 21 15 15]
  [ 0 29 21 24 22 21 25 29  0 18 20 17 25]
  [ 0 15 27 26 25 26 25 20 28  0 21 25 20]
  [ 0 18 23 23 15 27 22 29 29 29  0 26 15]
  [ 0 18 29 29 27 18 16 28 26 26 27  0 15]
  [ 0 24 27 26 29 21 22 28 20 28 23 26  0]]

 [[ 0 15 15 17 18 15 16 15 20 28 27 24 17]
  [ 0  0 15 21 16 22 15 15 29 19 19 15 24]
  [ 0 18  0 19 16 18 28 18 20 28 22 22 28]
  [ 0 20 21  0 16 18 21 17 24 15 28 16 28]
  [ 0 20 21 29  0 24 29 27 17 27 29 20 19]
  [ 0 18 27 17 18  0 28 28 15 27 25 27 23]
  [ 0 18 24 16 27 23  0 23 23 15 28 29 22]
  [ 0 27 24 29 18 22 22  0 26 20 28 25 25]
  [ 0 22 16 16 24 18 29 25  0 17 17 16 17]
  [ 0 17 26 29 21 29 21 15 22  0 19 21 24]
  [ 0 19 15 29 20 16 26 27 29 29  0 20 19]
  [ 0 29 23 28 15 21 24 19 29 16 15  0 23]
  [ 0 29 21 21 29 19 28 17 25 19 29 28  0]]

 [[ 0 21 24 29 18 27 26 29 25 19 26 16 16]
  [ 0  0 22 17 23 28 29 18 15 17 19 29 24]
  [ 0 18  0 16 16 18 18 23 25 26 25 19 20]
  [ 0 19 26  0 24 19 27 28 22 20 22 29 15]
  [ 0 15 19 20  0 15 20 28 17 26 19 16 24]
  [ 0 22 24 20 24  0 29 22 25 16 28 22 27]
  [ 0 18 18 20 26 29  0 28 23 24 24 20 18]
  [ 0 28 26 18 15 26 20  0 24 25 20 25 21]
  [ 0 18 20 19 25 25 16 18  0 20 27 28 19]
  [ 0 26 20 22 27 15 19 18 27  0 16 18 26]
  [ 0 15 19 25 29 29 26 15 26 23  0 26 29]
  [ 0 28 18 27 27 27 27 28 23 28 29  0 20]
  [ 0 16 28 18 28 27 28 20 26 29 28 22  0]]

 [[ 0 15 15 25 27 23 17 18 21 29 27 18 15]
  [ 0  0 21 15 18 29 20 29 21 29 29 19 29]
  [ 0 22  0 15 26 17 17 19 29 26 15 26 16]
  [ 0 26 29  0 26 16 23 21 23 18 15 18 16]
  [ 0 28 27 19  0 21 21 16 29 15 29 16 29]
  [ 0 19 18 21 17  0 28 19 15 20 26 20 20]
  [ 0 17 24 29 27 17  0 21 20 27 25 27 26]
  [ 0 20 22 28 22 15 27  0 15 19 16 23 23]
  [ 0 20 28 21 28 24 16 23  0 29 26 21 21]
  [ 0 23 22 17 23 17 22 18 29  0 18 29 19]
  [ 0 24 27 16 28 22 21 23 17 22  0 20 25]
  [ 0 15 20 16 27 19 28 15 28 27 28  0 17]
  [ 0 27 19 28 29 29 21 25 29 24 15 18  0]]

 [[ 0 21 26 27 29 25 17 19 28 15 27 16 17]
  [ 0  0 23 23 27 20 17 21 26 23 25 17 17]
  [ 0 25  0 28 21 25 26 22 23 28 26 23 23]
  [ 0 16 15  0 23 15 18 16 16 16 26 29 17]
  [ 0 18 26 27  0 29 20 28 19 16 19 28 16]
  [ 0 24 29 17 18  0 22 23 20 25 24 24 16]
  [ 0 21 27 16 19 26  0 15 19 15 26 19 20]
  [ 0 28 27 22 16 22 20  0 17 22 17 22 20]
  [ 0 18 19 16 26 15 20 20  0 22 27 28 20]
  [ 0 18 26 27 28 26 26 27 28  0 27 20 16]
  [ 0 23 25 19 28 17 26 20 29 29  0 15 27]
  [ 0 29 28 25 16 24 24 15 23 19 25  0 16]
  [ 0 19 15 29 27 21 29 27 17 16 27 16  0]]

 [[ 0 18 25 28 16 21 15 18 23 21 28 23 17]
  [ 0  0 18 29 18 17 21 20 19 24 28 16 25]
  [ 0 15  0 23 25 19 18 22 25 18 22 25 24]
  [ 0 28 15  0 28 27 18 25 25 20 26 25 22]
  [ 0 19 27 25  0 28 25 15 16 22 21 25 29]
  [ 0 16 21 17 25  0 19 15 29 28 27 23 18]
  [ 0 18 19 16 22 16  0 28 27 24 23 26 26]
  [ 0 25 28 27 18 16 20  0 29 17 23 16 24]
  [ 0 19 25 18 18 17 23 23  0 17 20 28 28]
  [ 0 18 16 27 26 18 21 19 17  0 17 25 23]
  [ 0 29 28 24 17 20 17 15 29 17  0 19 18]
  [ 0 21 28 28 21 15 26 21 29 20 27  0 22]
  [ 0 27 26 16 23 26 16 26 16 19 21 29  0]]

 [[ 0 25 25 17 29 26 29 19 21 23 23 17 20]
  [ 0  0 22 24 15 25 21 20 28 22 27 24 25]
  [ 0 29  0 16 18 22 28 26 28 16 29 25 26]
  [ 0 27 17  0 16 27 26 24 21 22 26 20 16]
  [ 0 28 17 16  0 25 22 25 18 28 28 21 23]
  [ 0 27 16 27 16  0 21 21 25 17 23 17 18]
  [ 0 20 16 27 25 22  0 29 24 28 24 20 15]
  [ 0 19 29 20 23 29 27  0 25 19 28 24 22]
  [ 0 26 28 15 21 22 15 20  0 18 19 20 24]
  [ 0 16 29 17 27 24 21 22 20  0 26 27 20]
  [ 0 17 28 23 28 17 27 24 21 22  0 16 15]
  [ 0 18 28 29 17 24 25 21 24 16 20  0 22]
  [ 0 28 27 17 25 22 16 27 28 28 23 21  0]]

 [[ 0 20 25 29 16 16 25 18 25 25 26 19 28]
  [ 0  0 29 17 24 22 29 23 26 18 21 25 18]
  [ 0 21  0 24 15 21 23 19 17 18 26 23 18]
  [ 0 21 26  0 22 29 22 27 29 20 22 28 15]
  [ 0 23 25 29  0 24 20 21 29 25 26 29 15]
  [ 0 25 20 25 21  0 22 22 22 17 22 20 25]
  [ 0 28 23 24 20 29  0 23 28 24 15 18 15]
  [ 0 29 26 26 22 26 28  0 27 29 21 25 27]
  [ 0 29 24 19 27 23 29 29  0 18 26 21 19]
  [ 0 24 20 20 19 24 21 27 25  0 23 28 23]
  [ 0 22 18 18 18 21 24 24 17 23  0 26 15]
  [ 0 29 25 23 24 26 21 15 22 19 28  0 16]
  [ 0 28 19 27 16 26 16 27 26 19 18 16  0]]]
 delivery_times
 [[ 0 20  6 20 25  3  3 26 13  8  3 19  2 15 23  4 13 10  5 22 14 19 18  1
  18  2  3  6 26 21  3 21 10 25  9 14  4 12  6 27 26 29 18 26 27 20  2  1
  17  4 20  6 28  6 25 29 16 14 14 14 23  7 22  3 21  7 10 28 16  1 14 16
  26 13  8 19 11  2 11 20 27 20 24 18  8 11 18 29  1 28 17 23 22 26 12 23
  18 20 27 24 13  6 21 20  1 15  1 20 22  5 24 10  7  2 11 12 15 23 18 14
  24]
 [ 0 18  9 16 15 29 11 12 23  2 24 11 14 28  7 25 17  5 27  1  9 16 29 29
  13 12  2 14 16 18 17  8 23 20 29 18 18  9  8  7 11  8 18  3 29 27 12  4
  18 13 29  5  4 14 19  6 26 14 21 29 20 28 13 15 20 10 20  8 15  6 17  1
  19  8 19 27  3 13 10 24 26 22 16  9 24  8 10 22 21 24 11 23 15 16  2  2
  19 16  3 13 15 13 17  2 12 11 29 21  1  1 23 15  2 28 15 28 20 23 12  9
  10]
 [ 0 14  8  2  6  4 22  8  4 11 15  7 27  8  6 12  9  7  4 26 14 10 12 17
   4 25 10 18 29 28 26  6 29 18 27 10 27  3 17 26 17 20 19  2 28  7  4 15
  15 22  8 25  1 13 13 19 17  1 17 26 11 13 11 17  1  7 17  3 24  9 29  1
  23 13 20 15  4 10 17 17 22 17 17  5 20 29 28 15 13 24 19 25  8 28  6  1
  19 25 20 11  8 13 11 13  8 24 21 23  9 11 10 18 24 22  6 27 24 16 22 10
   7]
 [ 0 18 27 13 10 14 10 22  8 12 10 29  1  6 17 26  8  4 28 18 23 23 15  5
   8  9 19  8  6 12 15  3 10  4  9  1 25 26 26  2 13  3  6 29 21 15 28 24
  11  2 22  1  7  9 19  8 22 17 26  9  5 20  6 10  8  1 28 25 22 12  2 28
   1  4  8 19 26 16  7  1 10 23  3 19 22 25  2  2  6 13  6 18 15  2 23 16
   2  6 15 12 24 17 17 17  7 11 10 29  7 17  8 18 10 14  7 29  5  8 25  6
  20]
 [ 0 10  5 20 27 23 19 27 11  9 13  5 28 10 18  2 12 26 23 14 11  1 18 24
   6 10  1  3 19 12 21  3  5 24 21 26 28 26  9 21  6  1  9 22 11 21  2 28
  25  4 26  9 15 29 13 12 21  3  9  4 11 24  2  6 11 26  3 28  1 23  2 29
   3 20 24 14  6 26 14  7 23  9  8 18 21  7 15  7 12  8 24 13 15 25 12  4
  29  2  5  6  7 17 23 26  7 26 22  6  8  8 19 16  3 23 26 14  6 11  9  6
  21]
 [ 0  6  9 29 14  7 27  3 28  2 28  3 19 18  1 17  1 18  9 27 15 27 29 16
  13 15 18 18 11 29 28 18 20 11 21 29 28 20  3 15 21  9  2 23 20  5 11  5
  26  3  9 21  8 28  9  7 20 10 25  2 21 21 10 12 23  5  8 18 29  2 22 29
  12  4 25  3 16 27 19 16  9  4 16 26  3 26  6 19  2 16  4  8 23  1 15  7
  26 19 20 27 25 17  1  1  5 18 13 10 28 11 10 15 29  5 15 14 15 10 25 29
  13]
 [ 0 22 26 13 10 10 17 15 20 23 16 11  5 22  4 28  5 13 10 19  9  3  1  1
  10  6 15  1 11  6 27 23  2 15  7 26 25  6 25 12 29  7 13 29  5 22 29 13
   8  8 13  3 28  5 29  3 17  3 24 20 21  7 26 10 10  5 17 22  1 16 24 21
  28  1 19 23 11  2 16 28  1 29 10 19 29  9 16 27  7 26 26 18 21 29  4 24
   9 13 24  9  2 19 18 12 24 23  8 11 22  8  8 16 22  5 28 10 16 24 26 17
  26]
 [ 0 11 11 23 20  4  4 15  1  1  8 25  6 26 11 10  6 17 24 22  3  4 16  7
  12 25 20 13 18 15 28 21 22  7 19 29 22 27 18  7 27 15 28 18 14 15 22 15
  11  9 17 20  9  6  5  3  8 16 22 15 27  3  7 22 28 14  1 20 21 28 13 14
  27 24 20 16 27 18 22  3 16 27 25 19 20 25  7  3 25 11 24 17  1 13  3 18
   7 14 27 25 23 22 10 11 15 18 20 26  5 28 13  8 28 20  6  5  3 28 18 29
   7]
 [ 0 18 16 26 12 27 28 18 26 20 27 16 26 22  1  2  3 19 16  5  7 14  3  9
   1 24 26  8 12  6 29 29 11 10 16 26 29 19 20 21 13 12 21 18 17 25 15 25
  16  7  2 11 28 23 11  6 15 21 18 19 13  9 16 14  6  1 13 16 26 27  9 23
  25 29 22 19 26  3 19  7 28 18 16 22 21 12 23 23 23 18  8 16  5  5 20 19
  10 19 16 28 25 28 27 17 14 18 22  9  5  5 15 25 23  5 16 10 29 27  3 28
  21]
 [ 0 23 20 13 12 22  1 25  9  8 18 20  2 23  4 16 27 29 20 29 22 10 11 13
   2 29 20 24  3 16 15 17  2 26 12 25 25 15 23 19 20 19 15 12 14 12 12 12
   3 26 27  4  3 13 26 29 12  5 13 10  3 16  9 28 27  7 24  4  1 29  8 17
  11  7  4  1 12 24 29 26 29  3  6 13  6 28 18 12 20 27  2 11  4 25 18  3
   5 22 15  4  5  3  7 24 18 23  2  4 13 22 28 12 25  9  3  4 15 21  2  4
   6]]
 job2fam
 [[1 0 0 0 0 0 0 0 0 0 0 0 0 0 0 0 0 0 0 0 0 0 0 0 0 0 0 0 0 0 0 0 0 0 0 0
  0 0 0 0 0 0 0 0 0 0 0 0 0 0 0 0 0 0 0 0 0 0 0 0 0 0 0 0 0 0 0 0 0 0 0 0
  0 0 0 0 0 0 0 0 0 0 0 0 0 0 0 0 0 0 0 0 0 0 0 0 0 0 0 0 0 0 0 0 0 0 0 0
  0 0 0 0 0 0 0 0 0 0 0 0 0]
 [0 0 0 0 0 0 1 0 0 0 0 0 0 0 1 0 0 0 0 0 0 0 0 0 0 0 0 0 0 0 0 0 0 0 0 1
  0 0 0 0 0 0 0 0 0 0 0 0 0 0 0 0 1 0 0 0 0 0 0 0 0 0 0 0 0 1 0 0 0 0 0 0
  0 1 0 0 0 1 0 0 0 0 0 0 0 0 1 0 0 1 0 0 0 0 0 0 0 0 0 0 0 0 0 0 0 0 0 0
  0 0 0 0 0 0 0 0 0 0 0 0 0]
 [0 0 1 0 0 0 0 0 0 0 0 1 0 0 0 0 0 0 1 0 0 0 0 0 0 1 0 0 0 0 0 1 1 0 0 0
  0 0 0 0 0 0 0 0 0 0 0 0 0 0 0 0 0 0 0 0 0 0 0 0 0 0 0 0 0 0 0 0 0 0 0 0
  0 0 1 0 0 0 0 0 1 0 0 0 0 0 0 0 0 0 0 0 0 0 1 0 0 0 0 0 0 0 0 0 0 0 0 1
  0 1 0 1 0 0 0 0 1 0 0 0 0]
 [0 0 0 0 0 0 0 0 0 0 0 0 0 0 0 0 0 1 0 0 0 0 0 0 0 0 0 0 0 1 0 0 0 0 0 0
  0 0 0 0 0 0 0 0 0 0 0 0 0 0 0 0 0 0 0 0 0 0 0 0 0 0 0 1 0 0 0 0 0 0 0 0
  0 0 0 0 0 0 1 0 0 0 1 0 0 0 0 0 0 0 0 0 0 0 0 0 0 0 0 0 0 0 1 0 0 0 0 0
  0 0 1 0 0 0 0 0 0 0 1 0 0]
 [0 0 0 0 0 0 0 0 0 0 1 0 0 0 0 0 0 0 0 0 0 1 0 0 0 0 1 1 0 0 1 0 0 0 0 0
  0 0 0 0 0 0 0 0 0 0 0 0 0 0 1 0 0 1 0 0 0 0 0 0 1 0 1 0 0 0 0 0 0 0 0 0
  1 0 0 0 0 0 0 0 0 0 0 0 0 0 0 0 0 0 0 0 0 0 0 0 0 1 1 0 0 0 0 0 1 0 0 0
  0 0 0 0 0 0 0 0 0 0 0 0 0]
 [0 0 0 0 0 0 0 1 0 0 0 0 0 0 0 0 0 0 0 0 0 0 0 0 0 0 0 0 0 0 0 0 0 0 0 0
  0 0 0 0 0 0 0 0 0 0 1 0 1 0 0 0 0 0 0 0 0 0 0 0 0 0 0 0 0 0 0 0 0 0 0 1
  0 0 0 0 0 0 0 0 0 0 0 0 0 0 0 0 1 0 0 1 0 0 0 0 0 0 0 0 0 0 0 0 0 0 0 0
  0 0 0 0 0 0 0 0 0 0 0 0 0]
 [0 1 0 1 0 0 0 0 0 0 0 0 0 0 0 1 0 0 0 0 0 0 0 0 0 0 0 0 0 0 0 0 0 0 0 0
  0 0 0 0 0 0 0 0 0 0 0 0 0 0 0 0 0 0 0 0 0 0 0 0 0 0 0 0 0 0 0 0 0 0 0 0
  0 0 0 1 0 0 0 0 0 0 0 0 0 0 0 0 0 0 0 0 0 0 0 0 0 0 0 0 0 0 0 1 0 0 0 0
  0 0 0 0 0 1 0 0 0 0 0 1 1]
 [0 0 0 0 1 0 0 0 0 0 0 0 0 0 0 0 0 0 0 0 0 0 0 0 0 0 0 0 0 0 0 0 0 0 1 0
  0 0 1 0 1 1 0 0 0 0 0 0 0 0 0 0 0 0 0 0 0 1 0 1 0 0 0 0 1 0 0 0 0 0 0 0
  0 0 0 0 1 0 0 0 0 0 0 0 0 0 0 0 0 0 0 0 1 0 0 1 0 0 0 0 0 0 0 0 0 0 0 0
  0 0 0 0 0 0 0 0 0 0 0 0 0]
 [0 0 0 0 0 0 0 0 1 0 0 0 1 0 0 0 0 0 0 0 1 0 1 0 0 0 0 0 0 0 0 0 0 1 0 0
  0 0 0 0 0 0 0 0 0 0 0 1 0 0 0 0 0 0 0 0 0 0 0 0 0 0 0 0 0 0 0 1 0 0 0 0
  0 0 0 0 0 0 0 0 0 0 0 0 1 0 0 0 0 0 1 0 0 0 0 0 0 0 0 0 1 0 0 0 0 0 1 0
  0 0 0 0 1 0 0 0 0 0 0 0 0]
 [0 0 0 0 0 0 0 0 0 0 0 0 0 0 0 0 0 0 0 0 0 0 0 0 0 0 0 0 0 0 0 0 0 0 0 0
  0 0 0 1 0 0 0 1 1 0 0 0 0 0 0 0 0 0 1 0 0 0 0 0 0 0 0 0 0 0 0 0 0 0 0 0
  0 0 0 0 0 0 0 0 0 0 0 0 0 1 0 0 0 0 0 0 0 0 0 0 0 0 0 0 0 0 0 0 0 1 0 0
  0 0 0 0 0 0 0 0 0 1 0 0 0]
 [0 0 0 0 0 0 0 0 0 0 0 0 0 0 0 0 0 0 0 0 0 0 0 0 1 0 0 0 0 0 0 0 0 0 0 0
  0 0 0 0 0 0 0 0 0 0 0 0 0 1 0 1 0 0 0 0 0 0 0 0 0 1 0 0 0 0 0 0 1 1 1 0
  0 0 0 0 0 0 0 0 0 1 0 0 0 0 0 1 0 0 0 0 0 0 0 0 1 0 0 0 0 0 0 0 0 0 0 0
  1 0 0 0 0 0 0 1 0 0 0 0 0]
 [0 0 0 0 0 1 0 0 0 1 0 0 0 0 0 0 1 0 0 0 0 0 0 0 0 0 0 0 0 0 0 0 0 0 0 0
  1 1 0 0 0 0 1 0 0 0 0 0 0 0 0 0 0 0 0 0 0 0 0 0 0 0 0 0 0 0 0 0 0 0 0 0
  0 0 0 0 0 0 0 1 0 0 0 0 0 0 0 0 0 0 0 0 0 1 0 0 0 0 0 1 0 1 0 0 0 0 0 0
  0 0 0 0 0 0 1 0 0 0 0 0 0]
 [0 0 0 0 0 0 0 0 0 0 0 0 0 1 0 0 0 0 0 1 0 0 0 1 0 0 0 0 1 0 0 0 0 0 0 0
  0 0 0 0 0 0 0 0 0 1 0 0 0 0 0 0 0 0 0 1 1 0 1 0 0 0 0 0 0 0 1 0 0 0 0 0
  0 0 0 0 0 0 0 0 0 0 0 1 0 0 0 0 0 0 0 0 0 0 0 0 0 0 0 0 0 0 0 0 0 0 0 0
  0 0 0 0 0 0 0 0 0 0 0 0 0]]
