params：
 weight-->(1, 10)
 proc_times-->(1, 100)
 setup_times-->(60, 120)
 delivery_times-->(170, 200)
 job_rate-->12

start:
alpha_1
12
 alpha_2
2.0
 mach
10
 job
120
 fam
8
 weigh
 [[0 7 2 7 6 2 8 4 8 7 1 8 3 4 3 9 9 3 3 8 5 2 3 4 3 6 9 8 7 7 9 2 8 9 1 2
  6 4 6 8 7 4 8 7 5 1 9 6 8 4 5 9 5 4 5 9 5 6 7 1 5 2 5 9 8 9 7 3 3 8 4 3
  7 4 2 5 6 9 9 9 6 9 8 9 2 1 4 3 2 6 6 3 8 3 5 2 1 7 3 5 7 5 2 5 4 9 7 4
  2 2 8 8 1 3 5 6 8 8 5 6 8]]
 proc_times
 [[  0   1  67  73  17  56  44  99  59  99  16  62  72  52  31  57  86  25
   91  30  63  42  52  64  56   1  36  31  53  55  58  36  73  96  64  98
   95  44  21  90  22  49  12  93  17   9   7  10  59  30   7 100   4  18
   50  78  29  78  85   9  10  61  43  73  89  94  75  20  86  87  82  55
   21  31  56  72  66  35  42  35  69  95  35  92  18  12  79   4  85  96
    2  22  43  46  51  50  52  75  49  90  46  10  11  57  13  33  15  73
   55  41  66  94  47  53  68  80  68  61  60  60   7]
 [  0  92  63  67  52  25  82  95  12  67  95  65  50  41  71  51  15  22
   39  34  46  95  85  68  97  98  91  33  43  53  15   6  24  35  59  81
    6  19  81  76  13  43 100   2  93  59  82   9  89  27  85  59  42  54
   27  38  23  72  65  30   9  97  63  35  21  77  24  29  42  36  81  57
   42  91  66  82  71   6   1  82  85  18  14  10  67  60  28  24  50  16
   14  35   6   5  45  81  17  71  37  49  32  37  84  66  53  54  64  71
   37  77  30  56  92  87  82  97  16  48  63  93  49]
 [  0  10  86  60   7  71  55  39  30  12  53  77  13  32  84  79  14  17
   32  78  60  63  46  62  81  60  57  63  21  34  65  44  40  55  10  12
   73  53   6  72  81  33  64  94  38  74  39  68  47  43  45  20  18  35
   63  53  40  30  81  31  86  92  69  60  21  49  56  65   7  85  46  26
   94  65  17  74   3  70  23  90  81  90 100  68  98  42  62  61  77  71
   98  93  31  43  65  97 100   3  29  51  76  17  29  25  33  52  30   4
   76  35   9  43  53  41  78  52  97  97  70   1  84]
 [  0   4  62  20  67  26  94  89  78  59  24  84  95  81  73  76  16  99
    2  97  79  97  40  65  83  13   8  12   6  26  64  47  45  12  71  78
   73  22  31  99  15  71  32  76  85  95  27  66  30  43  65  99   1  63
   26  45  45  37  20  17  10  62  95   9  97  56   7  85  82  66  55  64
   53  42  65  20  48  44  23  98  42  91  70  51  17  70  71  18  81  23
   78  50  93  74  25  32  47  37  92  37  62   1  31  49  89  23  90  39
   59  13  99  81  26  21   3  25  27  89  70  12  18]
 [  0  90  39  98  32  27  81  53  40  86  27  72  44  46  22  20  74  97
   91  22  13   8  22  69  97  60  19  90  46  34  29  60  89  40   2  83
   60  31  34  66  19 100  29  22  54  36  81  10  81  10  74   2  37   6
   16  42  41  78  54  76  72  94  29  63   3  99  93  25  66  34  88   7
    4   2  24  48  98  37  68  99  90  89  92  70  52  95  80  75  28   1
   46  43  26  23  88  37  43  80  38  11  19  17  12  54  10   7  55  54
   89  55  94  50  83  79  90  96  37  92  89  98   8]
 [  0  51  72  26  51  44  31  64  60  55  19  31  70  75  82  96  84  68
   53  88   8  72  99   2  58  13  71  60  28  37   3  68  17  45  12  65
   25  71  83  80  67  78  39  10  62  30  99  78  47  92  79  96 100  48
   84  65  42  86  65   6  98  66  77   8  13  21  66   2  89  84  54  71
   39  21  57  90  17  21  98  36  65  84  11  53  80  46  60  54  64  15
   43  19  90   4  82  75  10  54   3  32  85  13  30  94  74  26   4  79
   13  47  11  88  75  28  58  22  52   3  32  33  29]
 [  0  83   3  77  35  59   5  39  44  98  30  61  58  86  32  44  44  95
   58  96  90  60  90  47  95  45  73  94  82  96  69  46  59  95  96  14
   37  71  69  41  80  33  87  80   3  92  78  17  85  85  79  97  98  30
    3  63  93  47  60  32  16  66  27  33  78  88  27   6  92  77  91  11
   37  32  99  61  12   1  83  58  19  49  91  68  60  64  45  26  66  69
   57  94  45  76  66  16  14  66  79  11  48  58  98   2  55  98  59  52
   89   9  59  87  84   8   7  47  45  41  62  28  94]
 [  0  24  92  78  44  42  95  35  55  57  70  50  64   9  65  58  67  84
   20  78   8  74  19  15  57   8   6  91  55  25  83  10   1  74  86  27
   16  48  90  26  74  14  70  60  90  94  36  45  46  88  30  13  20  40
   39  41  13  79  69  27  56  11  77  14  17   5  13  20  82  85  89  49
   38  15  91  78  39  49  42  41  90  66  59  95  92  42  42  51  71  65
   47  51  27   2   2  32  30  94  75  21  75  59  79  68  82  92  76  92
   10  30  76  67  68  87  90  89   5  89  91  69  86]
 [  0  76  61  17  30  70  65  94  27  89  84  81  29  79  12  89  34  61
   27  43  41   7  18  35  64  77  26  36  84  80  69  43  88  56  26  11
   42  48  45  93   7  62  78  76  82  21  79  36  35   7  49  19  25  43
   78   9  77  65  45  66  18  41  18   3  90  66  51  73  61  84  98  25
   80  79  62  73  92  48  88  30  75  72  83  48  85  38  57   6  67  85
   72  26  28  50  69  71  44  54   8  88  99  77  95  60  89  80  47  79
   53  56  38  14  97  36  76  61  38  62  52  97  63]
 [  0  56  94  34  14  27  88  94  96  30  84  60  33  52  43  92  56  28
   29  34  27   3  90  27  47  98  61  79  38  85  28   8  69  15  81  45
   13  63  17  54  70  59  15  79  59  36  74  64  97 100  52  86   6  22
   40   4  31  60  66  30  28  24  18   6  31  82  52   1  53  61  48  58
   91  51  70  29  78  20  33  10  53  11   6  24  55  65  99  67  46  45
   48  36   9  86  49  28  28   6   1  24  63  18  27  10   2  79  19  11
    5  20  86  94  80  82  98   1  95  21  24  14  48]]
 setup_times
 [[[  0  64  95  66  83  62  91  92  99]
  [  0   0  63  83 115 113  73  95  68]
  [  0 102   0  62  77  81  86  60  62]
  [  0 117  69   0  63  96  98  91 116]
  [  0  94 100  69   0 118 117  83  78]
  [  0 104  94  60  66   0 101 103  86]
  [  0  90 108  84 116  71   0 106 103]
  [  0  74 104 116 106  76  70   0  61]
  [  0 104 102  68  92 106 115  73   0]]

 [[  0  96 107 115  88  99 109  89  89]
  [  0   0  66  90 102  64 108 101 102]
  [  0  70   0 104 112 113  92  70  69]
  [  0  67  86   0 102 100 101  81  72]
  [  0 101  97  65   0  86 117 100 109]
  [  0 104  71  83 119   0 109  96  76]
  [  0  65  85 106 111 106   0  99  63]
  [  0  71  69  86  62 100 102   0  63]
  [  0 115  67  83 106 117  79 107   0]]

 [[  0 101  84  72 112  88  97 109 103]
  [  0   0  68 104  89  77  81  68  81]
  [  0  80   0  90  89  75  66 118  69]
  [  0  68  63   0  78 103 106 106 103]
  [  0  92 106 111   0 102  84  84  89]
  [  0 107 114  91  91   0  92  83  62]
  [  0  68 111  95  68  84   0  60  86]
  [  0  97  78  62  68  68 119   0 101]
  [  0  66 114 103  90 101  79  80   0]]

 [[  0  91 118  96  98  72 104  76  77]
  [  0   0  73  84  89  70  65  81 119]
  [  0  98   0  90  64 116  98 118 100]
  [  0 105  94   0  61 111 103  69  81]
  [  0 113  96  94   0 105  71  87 111]
  [  0  68  60 116  61   0  78  60  72]
  [  0  60  79  70 102  75   0  72  69]
  [  0  98  66  63 118 116  94   0  76]
  [  0 116  70 108 114  64  61  75   0]]

 [[  0  92  99 107  78 117  65  66  83]
  [  0   0  73 110  87  96 102  84  97]
  [  0 106   0 108 112 118  92 106  62]
  [  0  74  74   0  73 113  89 115 103]
  [  0  66  76 119   0 112  91  61  69]
  [  0  68  60  90  81   0  71 105  71]
  [  0  93  60  79  94  89   0  94  83]
  [  0 110 109 105 115  63 103   0  74]
  [  0 117 100 103 115  62  89  84   0]]

 [[  0 108  92 100 106 112  60  80 118]
  [  0   0  87  61  73  64  75  61  78]
  [  0  81   0 112  81 104  94 113  70]
  [  0  69  86   0  75  83  85  95 114]
  [  0  68  96 111   0 109  62  81 101]
  [  0 113  71  74  79   0  93 119  79]
  [  0 115  69  64 101  97   0  79  86]
  [  0  87  88 102 101  64  85   0 106]
  [  0 118  92  60  63 119  74  73   0]]

 [[  0 119  61  88  75  65  93  86 113]
  [  0   0  95  67  78  87  95  81  68]
  [  0  60   0  91 100 102 106 113 109]
  [  0 118  73   0  87 110  86  99  66]
  [  0  61 107 108   0  92  62 110  68]
  [  0  84 107  75  87   0  89  70  71]
  [  0  93  73 111  77  77   0  68 110]
  [  0  75 104  65 108 104  66   0  81]
  [  0 116  68 114  70 103  72  89   0]]

 [[  0  94  85 118  85 109 115 116  72]
  [  0   0  90  64  89  61 111 101  63]
  [  0  83   0 110  76 103 109 118  60]
  [  0  65 105   0 103 113  68  72  69]
  [  0 116  68 104   0 100 109  63 112]
  [  0 113 100  83 101   0  72  63 110]
  [  0 101  67  72  93  84   0 101  81]
  [  0  63  85  95  85 118 106   0  61]
  [  0  81 100  91 107  64  78 110   0]]

 [[  0 101  95  66  86  83  88  94  69]
  [  0   0 113  62 112  75 101  96  75]
  [  0  96   0  72  82 102  92  85  68]
  [  0 104  71   0  88  70 112  82  83]
  [  0  87 106 114   0  80  73  90  90]
  [  0  83  77  63 106   0 105  97  76]
  [  0  82  95  68 117 106   0  81  74]
  [  0 119  93  96  87  75  81   0  75]
  [  0 115  69  92 112  62  93  64   0]]

 [[  0  71 108  97  79 101 104  89  75]
  [  0   0  70  96  94 117 118  81 115]
  [  0  82   0  86  74 105  73  76  67]
  [  0 116 104   0  89 119  64  83 102]
  [  0 112 113 114   0  68 115 112 108]
  [  0 109  90  70  76   0  60  80  70]
  [  0  98  91  87  78 107   0  75 101]
  [  0 105  72  99 100  63 107   0  69]
  [  0  62  60  66  98  99  93  60   0]]]
 delivery_times
 [[  0 191 174 184 177 170 177 171 195 178 170 170 175 187 171 191 181 181
  174 197 170 174 197 188 192 172 188 198 170 187 190 199 182 191 189 194
  191 172 199 188 181 171 174 190 184 196 176 186 185 193 184 177 189 197
  172 180 189 189 187 176 198 195 198 189 184 181 185 182 173 189 178 184
  195 193 180 187 170 180 172 191 176 173 199 176 199 179 186 178 178 197
  182 187 186 173 183 192 170 180 199 180 173 199 180 172 176 187 198 179
  199 190 170 193 187 173 175 181 189 184 188 183 180]
 [  0 196 175 186 174 175 199 196 190 195 181 188 177 189 189 193 183 171
  181 183 199 177 190 187 184 179 185 188 187 191 179 194 185 173 180 188
  199 187 194 174 176 189 176 170 178 184 199 196 182 172 188 197 190 175
  199 186 183 194 179 185 184 179 175 175 179 185 185 195 179 188 180 191
  184 186 198 198 174 180 177 199 176 177 190 177 171 179 172 194 184 180
  191 189 177 197 194 176 176 178 177 196 170 198 197 194 178 189 178 194
  177 199 178 179 175 195 176 179 188 195 190 193 195]
 [  0 181 171 194 190 196 171 189 172 188 197 188 192 180 187 177 188 178
  198 174 186 179 184 184 172 179 189 175 182 188 178 179 182 185 188 183
  184 176 196 184 178 196 192 172 196 185 175 194 182 194 179 189 181 189
  198 185 186 194 179 192 181 198 181 187 192 196 170 188 195 199 197 182
  176 185 177 179 187 177 173 173 170 173 195 182 173 199 194 188 188 174
  173 184 171 181 195 190 197 195 186 182 178 172 181 178 199 190 182 181
  183 181 186 188 194 184 199 189 195 192 185 174 187]
 [  0 170 172 190 190 186 174 198 191 179 171 195 171 198 193 183 187 174
  186 185 179 196 197 189 178 176 170 181 181 191 176 193 181 192 185 187
  187 198 174 180 187 191 188 195 199 193 199 180 197 192 177 171 190 184
  174 171 190 193 197 174 189 193 178 178 194 192 171 192 182 171 175 177
  186 174 183 186 199 184 188 173 174 187 178 177 177 196 175 184 172 196
  176 199 191 187 191 191 185 178 174 189 174 174 184 189 182 186 172 171
  192 198 189 184 178 192 177 172 189 199 190 189 180]
 [  0 193 198 181 187 192 192 182 178 171 193 179 173 185 172 195 188 183
  196 177 189 180 185 194 193 186 190 183 192 178 185 187 198 174 199 191
  185 193 183 186 181 196 192 183 187 194 178 183 184 178 196 178 177 190
  173 181 197 188 172 199 181 181 181 192 191 196 181 193 184 171 175 197
  190 186 192 182 192 174 187 184 182 178 194 186 198 187 173 172 183 192
  195 193 199 178 186 183 190 181 194 189 197 196 190 190 186 174 172 185
  194 175 175 179 188 182 183 197 174 183 174 188 189]
 [  0 182 184 181 170 174 191 196 196 198 192 199 185 195 177 195 188 172
  195 180 182 186 188 191 191 192 170 183 189 182 176 175 171 171 195 197
  193 170 177 196 175 170 183 194 172 187 189 197 182 173 187 198 182 179
  181 196 182 187 194 173 176 185 196 187 178 190 172 192 199 187 199 193
  182 181 181 186 178 176 179 197 180 198 196 180 193 173 198 195 174 178
  172 187 188 188 182 173 191 197 175 186 197 187 197 176 184 187 177 172
  193 197 195 187 187 180 183 170 191 178 180 179 176]
 [  0 181 191 177 177 197 185 185 188 198 199 171 195 186 192 193 199 172
  173 174 170 173 170 185 190 190 182 170 193 190 197 175 199 181 170 188
  187 198 195 199 197 194 172 180 198 190 179 198 185 194 192 171 185 170
  183 184 183 184 172 198 183 189 181 179 186 184 176 173 185 194 184 179
  194 189 194 198 189 173 182 190 186 196 184 171 175 170 184 186 184 194
  188 179 172 173 171 184 170 191 187 184 198 178 186 179 184 182 196 181
  197 198 199 194 189 180 173 183 184 180 199 191 199]
 [  0 171 184 199 183 185 179 186 182 185 193 196 184 180 172 185 182 187
  198 174 199 187 172 184 171 185 189 198 189 188 199 180 182 181 192 185
  188 175 199 190 179 174 178 197 171 170 197 185 186 173 185 184 178 194
  176 197 194 177 198 174 197 197 192 172 196 177 198 174 184 192 172 173
  186 191 175 172 194 185 181 187 173 187 195 197 192 171 184 187 177 198
  194 186 195 191 180 181 184 182 187 192 173 178 190 173 199 173 178 186
  190 199 185 190 179 190 189 199 170 181 192 195 191]
 [  0 195 195 173 194 189 196 184 187 196 171 193 184 193 178 175 196 193
  181 173 172 183 192 188 182 170 179 199 188 180 192 172 172 187 184 192
  196 172 177 170 182 179 191 177 180 170 195 192 189 174 189 183 183 183
  187 173 171 198 175 179 186 193 194 193 198 186 178 184 185 175 184 178
  186 192 198 194 185 198 193 182 186 184 197 187 170 199 194 178 193 193
  196 198 170 198 195 184 187 170 175 189 190 173 183 181 173 172 191 193
  181 177 172 193 196 199 173 187 175 180 198 190 185]
 [  0 182 188 195 181 195 170 195 178 171 190 172 192 170 194 173 183 179
  180 179 196 184 183 182 170 197 185 186 196 189 184 190 190 189 182 171
  187 174 194 196 189 184 186 185 174 193 172 170 183 190 171 190 199 179
  194 171 188 198 171 172 188 184 180 178 170 192 198 181 185 179 192 196
  182 172 197 171 171 198 194 190 198 190 184 190 175 193 184 192 182 182
  170 199 187 176 185 179 173 174 191 172 193 184 181 190 186 191 188 190
  181 178 172 199 173 192 180 182 198 191 175 183 176]]
 job2fam
 [[1 0 0 0 0 0 0 0 0 0 0 0 0 0 0 0 0 0 0 0 0 0 0 0 0 0 0 0 0 0 0 0 0 0 0 0
  0 0 0 0 0 0 0 0 0 0 0 0 0 0 0 0 0 0 0 0 0 0 0 0 0 0 0 0 0 0 0 0 0 0 0 0
  0 0 0 0 0 0 0 0 0 0 0 0 0 0 0 0 0 0 0 0 0 0 0 0 0 0 0 0 0 0 0 0 0 0 0 0
  0 0 0 0 0 0 0 0 0 0 0 0 0]
 [0 0 0 0 0 0 0 0 0 0 0 0 0 0 0 0 0 0 0 0 1 0 0 1 0 0 0 0 0 0 0 0 0 0 0 1
  0 0 0 0 0 0 0 0 0 0 0 0 0 0 1 0 0 0 1 0 0 0 1 0 1 0 0 0 0 1 0 0 0 0 0 0
  0 1 0 1 0 0 0 0 0 0 0 0 1 0 0 0 0 0 0 0 0 0 0 0 0 0 0 0 0 0 0 0 0 0 1 0
  0 0 0 0 0 0 0 0 0 0 0 0 0]
 [0 0 0 0 0 0 0 0 0 0 0 0 0 0 0 1 0 0 0 1 0 0 0 0 0 0 0 0 0 0 0 0 0 0 0 0
  0 0 1 0 1 0 0 0 0 0 0 0 0 0 0 0 0 0 0 0 1 0 0 0 0 1 0 0 0 0 1 0 0 0 0 0
  0 0 0 0 0 0 0 0 1 0 0 0 0 0 0 1 0 0 0 0 0 0 0 0 0 1 0 1 0 0 0 0 0 1 0 0
  1 1 0 1 0 0 0 0 1 0 0 0 1]
 [0 0 0 0 0 0 0 1 0 0 0 0 0 0 0 0 1 0 0 0 0 0 0 0 1 0 0 0 0 0 1 0 0 0 0 0
  0 1 0 0 0 0 0 1 1 0 0 0 0 0 0 0 0 0 0 0 0 0 0 0 0 0 0 0 0 0 0 0 0 0 0 0
  0 0 0 0 0 0 0 0 0 0 0 0 0 0 1 0 0 0 1 1 0 0 0 0 0 0 0 0 1 0 0 0 1 0 0 0
  0 0 0 0 1 1 0 0 0 1 1 0 0]
 [0 0 0 0 1 0 1 0 0 0 1 1 0 0 0 0 0 0 0 0 0 0 0 0 0 0 1 0 0 0 0 0 0 0 0 0
  0 0 0 0 0 0 0 0 0 0 0 0 0 0 0 0 0 0 0 1 0 0 0 0 0 0 0 1 0 0 0 0 1 0 0 0
  0 0 1 0 0 0 0 0 0 0 0 0 0 0 0 0 0 1 0 0 0 0 0 0 0 0 0 0 0 1 1 0 0 0 0 0
  0 0 0 0 0 0 0 0 0 0 0 0 0]
 [0 0 1 0 0 0 0 0 0 1 0 0 0 0 0 0 0 0 1 0 0 1 0 0 0 0 0 1 0 0 0 1 1 0 0 0
  0 0 0 0 0 0 0 0 0 0 1 1 0 0 0 1 0 0 0 0 0 0 0 1 0 0 0 0 0 0 0 1 0 0 0 0
  0 0 0 0 0 1 1 0 0 0 0 0 0 0 0 0 1 0 0 0 0 0 0 1 0 0 0 0 0 0 0 0 0 0 0 1
  0 0 0 0 0 0 0 0 0 0 0 0 0]
 [0 1 0 0 0 1 0 0 0 0 0 0 0 0 0 0 0 0 0 0 0 0 0 0 0 0 0 0 0 1 0 0 0 0 0 0
  0 0 0 1 0 0 0 0 0 1 0 0 0 0 0 0 0 1 0 0 0 0 0 0 0 0 1 0 1 0 0 0 0 0 0 0
  0 0 0 0 0 0 0 0 0 1 0 0 0 1 0 0 0 0 0 0 1 0 1 0 0 0 1 0 0 0 0 1 0 0 0 0
  0 0 0 0 0 0 0 0 0 0 0 0 0]
 [0 0 0 1 0 0 0 0 0 0 0 0 0 0 1 0 0 1 0 0 0 0 0 0 0 0 0 0 0 0 0 0 0 1 1 0
  1 0 0 0 0 1 1 0 0 0 0 0 1 0 0 0 0 0 0 0 0 0 0 0 0 0 0 0 0 0 0 0 0 1 1 0
  0 0 0 0 1 0 0 1 0 0 1 1 0 0 0 0 0 0 0 0 0 0 0 0 1 0 0 0 0 0 0 0 0 0 0 0
  0 0 0 0 0 0 1 0 0 0 0 1 0]
 [0 0 0 0 0 0 0 0 1 0 0 0 1 1 0 0 0 0 0 0 0 0 1 0 0 1 0 0 1 0 0 0 0 0 0 0
  0 0 0 0 0 0 0 0 0 0 0 0 0 1 0 0 1 0 0 0 0 1 0 0 0 0 0 0 0 0 0 0 0 0 0 1
  1 0 0 0 0 0 0 0 0 0 0 0 0 0 0 0 0 0 0 0 0 1 0 0 0 0 0 0 0 0 0 0 0 0 0 0
  0 0 1 0 0 0 0 1 0 0 0 0 0]]
