params：
 weight-->(1, 10)
 proc_times-->(1, 100)
 setup_times-->(15, 30)
 delivery_times-->(100, 200)
 job_rate-->7.5

start:
alpha_1
7.5
 alpha_2
0.5
 mach
2
 job
15
 fam
3
 weigh
 [[0 2 7 5 7 3 5 1 3 2 5 9 4 7 4 5]]
 proc_times
 [[ 0 61 62 81 60 94 92 81 17 29 40 76 86 54 14 26]
 [ 0 45 46 19 52 98 83 56 79 65 65  1 89 97 81 12]]
 setup_times
 [[[ 0 29 22 17]
  [ 0  0 22 27]
  [ 0 22  0 17]
  [ 0 15 17  0]]

 [[ 0 24 19 23]
  [ 0  0 22 25]
  [ 0 26  0 15]
  [ 0 17 26  0]]]
 delivery_times
 [[  0 146 166 154 183 113 169 123 155 178 130 189 154 138 112 132]
 [  0 198 127 129 110 135 198 117 146 136 101 193 104 181 161 120]]
 job2fam
 [[1 0 0 0 0 0 0 0 0 0 0 0 0 0 0 0]
 [0 0 0 0 1 1 1 1 0 1 0 0 0 1 0 0]
 [0 0 1 0 0 0 0 0 0 0 0 1 0 0 1 1]
 [0 1 0 1 0 0 0 0 1 0 1 0 1 0 0 0]]
