params：
 weight-->(1, 10)
 proc_times-->(1, 100)
 setup_times-->(60, 120)
 delivery_times-->(1, 100)
 job_rate-->12

start:
alpha_1
12
 alpha_2
2.0
 mach
10
 job
120
 fam
8
 weigh
 [[0 1 8 6 3 5 5 7 3 2 1 4 9 9 2 7 8 7 1 6 7 5 3 7 5 5 3 7 5 5 4 2 2 6 7 2
  2 9 8 1 8 9 6 8 9 3 1 1 3 4 6 6 7 6 7 5 3 1 8 5 3 4 4 7 8 2 6 8 6 2 7 4
  3 4 6 1 2 6 8 3 7 3 4 2 1 6 6 4 9 7 1 4 3 7 6 7 2 7 7 5 5 5 1 7 5 4 7 4
  3 7 8 7 9 7 5 7 6 2 2 1 9]]
 proc_times
 [[  0  26  19  97  28  33  62  31  75  68  37   5  15  99  59  30  76   8
   22  89  60  99  46  23  43  30  12  46  65   8  87   8  64 100  92   9
   18  33  31  69  80  13  80  24  47   1  49  92  93  79  51 100  71  44
   51  37  84  52   4  45  79  17  17 100  76 100  57  53  30  24  22  85
   13 100  93  61 100 100  88  70  78  29  83  51   1  21  81  86  28  63
   70 100  48  54   7  11  55  58  77  95  86  45  96  66  70  34  23  67
   53  26  99   2   7  50  29  10  75  30  69  52  59]
 [  0  29  73   7  23  12  42  20  52  13  58  88  97  25   3  96  21  45
   51  49  44  25  62  49  37  29  53  81   7  53  85  70  64  75   8  48
   13  45  20   8  27  41  27  20  23  17  20  37  62  27  57  31  18  55
   53  73  89  36  85  90  63  38 100  82   4  31  43  46  57  92  99  49
   61  71  99  82  28   3  18  34  17  49  87  60  33  87  12  25  89  31
   72  67  18  59  30  97  52  37  50  89  73  24  20   6  28  63  72  46
   65  48  10  94  50  42  19  49  59  74  92  26  60]
 [  0  98  56  32  44  93  46  49 100   6  43  70  49  16  26  50  86   3
   48  71  12   6  90  11  17  45  58  81  65  76  92  17  60  19  81  60
   57  26  22  50  83  60  70  13  18  24  64  30  11  87  23   1  81  32
   65  42  10  77  76  80  18  51  65  58  38  82  12  15   9  88  46  26
   92  92  78  73  17  16  74  49  57  41  55  69  54  79  31  69  59  10
   46   5  32  15  67  13  84  15  44  10  26  66  70  38  52  53  30  11
    1  16  46  77  70  95  82  81  87  98  26  96  90]
 [  0   7  98  26  54   7  26  72  79  25  68  55  26  64  34  84  36  26
   71  26  29  74  72  82   7   2  72  35  33  70  27  62  34  80  52  38
   77  49  26  68  56   1  28  18  83  81  68  13  25  74  52  35  26  99
   28  62  16  14  82  89  96  72  47  69  66  82  84  16  28  45  10  64
    4  55  52  87  56  18   7  14  78   6  77   1  42  75  26  60  46   6
   89  46  59  55  98  87  56  98  52  84  55  48  50  34  41  71  41   3
  100  94  47  66  40  96  99  61  59  42   3  16  29]
 [  0  93  66  74  71  73  78  77  77  63  79  36  62  86  39  14  33   7
   37  50  35  50  45  13  64  11  89  19  45  53  74  85  23  27  43   5
    3  18  36  77  32  61  16  65  47  31  18  31  73  27  94  74  53  89
   18  20  49  69  62  27  64  49  47  15  30  62   3  25  24  55  48  83
   85   8  20   9  40  44  80  12   9  46   6  14  26  59  89  28  43  57
  100  26  94  70  84  17   6  74  42  55  86  68  31  10  33   1  88  51
   96  99  79  59  84   9  91  76   6  59  74   1  10]
 [  0  37  18  79  91  62  31  16  42  28  54  63  99  41  88  65  80  41
   31 100  59  24   4  18  43   6  53  98  10  23  67  98  34  74  90   2
   28  43  44  76  92  40  47  88  49  20  71  27  46  12  91  77  55  13
   28  84  61  97   1  23  14   1  50  30   8  20  17  58  91  22  11  18
   17  47  72  96  99  23  56  54  97  56   4  21  90  34  96  25  90  51
   62   3  65  19  92  34   5  83  34  14  84  18  53  68   2  16  91  10
   32  17  23  90  27  83  73  83  26  27   2  11  71]
 [  0  24  78   2   4  46  28  85  46 100  57  50  34  70  27  15  93  34
    2  20  99  16  47  41  52  46  42  30  25  96  30  31  46  80  98  65
   82  11  39  72  25  51  67  61  41  82  60  12  27  48  92  47  75  73
   79  20  33  56  82  76  33  72  14  18  97  46  14  90  56  68  25  49
   67  97  24  26  36  98  50  92  98  97  81  43  48  68   7  24  70  37
   93  94  93  26  22  97  80  83  15  52  12  92  35  99  63   2   8   5
    1  63  99   5  79  14  47  77  37  45  41  72  40]
 [  0  63  88  88  27  94  90  19  34  63  71   6  56  65  80  45  36  25
   44  38  39  35  53  34  45  13  52  98   5  45  38  79  72  25  47  56
   74  95  46   9  29  28  43  54  50  49  35  99  48  62  50  46  73  69
   92   8  56  47  64  36  62  98  66  74  15  86  54  57  63  79  75  98
   31  33  11  84  22  34  84  64  87 100  25  33  50  39  19  69  92   8
   91  72  49  21  12  20  56  94  53  88  14  25  77  13  73  27   8  11
   18  18  55  63  64  30  21  59  99  46  49  59  99]
 [  0  78  62  50  57 100  51  76  83  35  89  55  28   4  17  67  82  99
   92  68  91  50  12  57  46  55  92  82  18  31  53  24  85  46  67  30
   30   7  46  24  33  68  71  30  39   2   2   4  33  69  55  38  75   9
   81  94  95  54  26  50  15  67   4  32  80  64  11  80  62  61  39  48
   67  62  56  15  63  48  13  55  67  58  23  79  47  33  99  17  42  51
   46  95  11  22  90   1  69  96  78  74  49   1  46  24  76  53  21  84
   35  66  67  11  41  40  88  43  39  36  53  34  81]
 [  0  40  55  50  13  56  32  22  12  46  34   1  29  15  73  85  72 100
   35  24  11  55  15  37  47  93  19  39  37  65  96  48   9  85  68  25
   46  27  36  47  72   7  71   8  86  66   6  71  60  60   7  47  86  64
   69  42  10  95  65  96  55  76  53  88   6  34  66  15  15  47  31  81
    4  48  11   6  44  27  81  89  62  50  47  91  72  11  27  18  24  33
   44  38  55  12  76  20  52  11  27  21  48  85  60  12 100  69  95   7
   29  71  63  26   2  62  62  38  17  27  94  98  25]]
 setup_times
 [[[  0 116  76  94 110  92 114  75  64]
  [  0   0  79  63 109 110 102  60  89]
  [  0  61   0  96 113  96 111  63  67]
  [  0  90 109   0  80  67  93 113 104]
  [  0 100 115  62   0  62  64  63  69]
  [  0  87  90 101  80   0  89  67  68]
  [  0  81  96  81  74  85   0  83  63]
  [  0  87  68  96  89  72 109   0 102]
  [  0 101  70  87  69  89  70  81   0]]

 [[  0  68  67  77  83  98  93 108  68]
  [  0   0  87  65  82 103 102  88 110]
  [  0  64   0  64  89  60 105  97  65]
  [  0  77  75   0 100  85  64  69  81]
  [  0  92  92  63   0  85  69  76 111]
  [  0 118 115  94  70   0 107  83 101]
  [  0  92  90 104 117  96   0  95  66]
  [  0 114  88 104  88  62  78   0 116]
  [  0  82 101 118  93  96 115  80   0]]

 [[  0 110 108  87 108 118 109  69  80]
  [  0   0 114  72  84  82  88 109  61]
  [  0  95   0 118  77 104 103  76  73]
  [  0  79  75   0 114  90  69  73  95]
  [  0 104  92  71   0 110  61  80 106]
  [  0  69  78  92  71   0 115  93  94]
  [  0  78 105  72  87 112   0 105  78]
  [  0 119  75 103  91  68  85   0 118]
  [  0 108 114  74  75  60 110  89   0]]

 [[  0 110  67 106  89  77  86 106 103]
  [  0   0 107  98  74  87  69  94  88]
  [  0  74   0  62 118  99 106  82 118]
  [  0 106  76   0 113  78  97 115  76]
  [  0  65 107  80   0  71  75  65  92]
  [  0  78 117  60  76   0  61 116  84]
  [  0 105 107 114  90  78   0  67 101]
  [  0  89 106  95  89  95  66   0  82]
  [  0 109  90  79 118  80  60  89   0]]

 [[  0  88  96  77 116  81  83 106 113]
  [  0   0 115  82  80 102  85 119 104]
  [  0 106   0  88  72  98 116 101  69]
  [  0  88 109   0  98  66  66  92  99]
  [  0  72 108  67   0 109 107  81 108]
  [  0  62  76  64  73   0  62 100  69]
  [  0 101  69  81 113  97   0  96  75]
  [  0 107  65 115  93  99 103   0 113]
  [  0 118  73  88  63  85 102  70   0]]

 [[  0  89  77  91  80  81  91  99  81]
  [  0   0  82 108 111  74  68 113  66]
  [  0  93   0  62  98 113 115  67  98]
  [  0  62  86   0 112  85  72  80  99]
  [  0 103  99 113   0  80 114  85  82]
  [  0  83  92  88 117   0 104  64  85]
  [  0 101  65  78  66 100   0 102 106]
  [  0  94  90 106 102  78  68   0 116]
  [  0  99 101 101  70 113  80  72   0]]

 [[  0  67 101  79  88  65  63 104  66]
  [  0   0  96 108  95  80  82  69  82]
  [  0  76   0  62  78  95  92  97 102]
  [  0  94  88   0  63 102  80 116  99]
  [  0  75 107 102   0  98  89 112  99]
  [  0  78 106  61  91   0  89  78 105]
  [  0  74 106  66  95  92   0 101 102]
  [  0 107  82 107 107 110  64   0 117]
  [  0  83 102 118  91 101 112  88   0]]

 [[  0  96  75 108  63  62 105  71  85]
  [  0   0 103  91  72  87 109 104  80]
  [  0 110   0  68 105  95 110 109  95]
  [  0  89 104   0  63  65  77  94 118]
  [  0  83  99 107   0 106  72 104  69]
  [  0 105  97 109  92   0 117  79  97]
  [  0  88 111 118 112 101   0  66  71]
  [  0 100  73 107 110 105 103   0 118]
  [  0 103 116 117 106  98  76  65   0]]

 [[  0 112  69  81  78  78  70 112 109]
  [  0   0  72  60  67  92  81  67 115]
  [  0 118   0  87  82  63  61  78 118]
  [  0  83  90   0 107  81  62  88  76]
  [  0 108 112  76   0  88  80 109  82]
  [  0  73 111  66 110   0  62  75  70]
  [  0  80  81  98  76  84   0  79  85]
  [  0  84  72  86 118 110 109   0  65]
  [  0 111  88  98 113  80 114 101   0]]

 [[  0 112  98  92  80  76  96  69  64]
  [  0   0 115  68  77  67  79  80  87]
  [  0 117   0  66  80  81  67  88  91]
  [  0  94 114   0  80  95  67  67  97]
  [  0  61 117  97   0 113  86  91  69]
  [  0  76 113 113  63   0  65  66  85]
  [  0  61 115  70 119 112   0  66  94]
  [  0  77  97  85  66  90  74   0 109]
  [  0  83  69 113 111  77 115  66   0]]]
 delivery_times
 [[ 0 43 27 60 28 36 59  7  8 83 30 15 16 52 39 71 68 52 11 60  6 44 70 37
  22 58 67 11 66 71 11 45 70 89 64 10 25 13 40  4 53 37 20 47  2  5 27  3
  89 17 77 28 47 99 35 52 66 87 75  6 23 56 62 39  2  4  3 30  4 27 98 63
  68 88 33 13 76 64 99 80 87 29 88 26 59 43 15 78 24  6 85 18 52 64 45 50
  18 72 34 51 98 37 38 53 95 55 64 21 51 94 53 43 26 92 35 14 11 49 38 75
  73]
 [ 0 30 34 15 40 16 20 38 54 69 49 72 43 81 41 34 42 66 39 62 65 51 19 45
  48 75 67 59 14 21 40 23  8 23 71 85  1 88 60 35 82 82 62 24  5 99 14 60
  68 70 54 32 60 53 24 88  8 92  2 29 99 92 10 41 48  9 95 34 60  2 28 69
  78 42 16 70 79 69 96  3 71 22 26 63 37 94 38 57 37 19 18 99  4 94 32 12
  88 35  9  7 74 18 61 64  6 67 40 62 29 72 52 13 76 62 77  5 27 60 17 11
  52]
 [ 0 86 42 44 47 44 19  1 10 34 20 14 86 20 57 16 42 12 59 23 76 69 31 65
  88 40 26 13 34 55 38 45  2 65 73 88 54  9 34 94 43 63 48 51 91 80 59 80
  20 17 67 64  7 47 45 24 92 50 40 61 51 63 44 71 92 52  7 37 55 60 27 37
  49 32 22  6 49 83 66 86 44 94 82 42 93  3 62 42 40  5 35 93 41 39 91 33
  56 58  9 18 90 95 37 64  3 39  4 19 96 38 86 15 55 97 50 56 53  2 77 84
  53]
 [ 0 13  4 62 68 78 94 40 11 53  3 67 86 79 71 23 26 63 32 86 24 22 64  9
  92  1 95  3 92 15 68 58 87 76 61 61 75 16 19 91 94 59 60 46 73 81 92 83
  55 17 29 71 27 43 63 64 82 22 79 79 45 10 85 87 47 84 68 34 10  1 12 72
  69 67 73 50 61 60  4 42 78 68 22 21 26 60 87 94 76 17 91 20 68 92 22 10
  22 44  2 19 83 30 75 72 85 60 34 34 77  6 16 69  9 70 15 56 14 50 90 71
  38]
 [ 0 23 40 66 79 73 89 29 27  1  8 27 34 37 44 85 34 54  6 28 13 41 14 48
  17 92 66 98 24 12 96 29 77 71 22 42 97 38 28 63 97  9 64 47 88 31 29 89
  68 72  9 79 93 21 71 69  3 42 37 51 93 69 98 70 19 35 56 97 64  7 59 55
  65  8 31 86 38 38 66 62  5 92 36 17 71 95 86 67 81 67 38 97 48 98 33 15
  98 66 29 12 80 26 16 60 56 48 44  2 92 71 37 51 82 39 11 57 11 11 19 39
  16]
 [ 0 51 80 10 97  7 42 19 34 10 52 49 96 10 86 56 91 15  7 13 23 11 22 99
  29 68 92 79 52 34 92  2  6 16 45 72 98 22 56 30  7 92 31 54  5 83 47 86
  42 74 68 10 17  4 99  5 89 24 39 91 35  5 94 51 88 99 60 27 31 47 19 82
  33 30 80 44 13 47 74 84 98 41 44 85 48 53 73 84 72 99 86 89 55  7 46 67
  95 21 53 91 87 21 51 30 58 91 90 30 62 28 13 57  9 91 92 93 22 47 47 32
  54]
 [ 0 78 78 63 27 73  3 71 92 87 40 73 48 64 86 24 76 51 71  1 92 16 48 91
   4 18 16 73 19 24 26  9 45 36 95 67 73 20 62 88 59 68 47 15 47 14 64 98
  74 11 23 96 68 81  9 53 53 35 75 21 25 10 95 45 76 16 64 35 76 66 18 18
  14 65 72 53 92 46 29 40 19 38  2 38 82  4 99 46 79 30 55 67 40 78 41 67
  58 65 56 70 93 19 83 61 30  6 12 21 96 73 64 62 52 33 18 92 21  7 47 30
  94]
 [ 0 79 70 97 21 16 56 55 27 95 79 14 35 70 55 95 58 96 61 56  3 89 71 62
  91 53 49 12 85 44 27 16 91 39  4 49 76 66 72  1 20 19 14  1 15 39  9 37
   3 61 99 37 73 65 61 79 87 47 67 79 35 28 21 92 13 50 16 48 73 36 54 90
   7 18 47 99 16 66 64  4 20  8 51 86 82 70 26 66 36 22  3 47 20  9 47 50
  62  2 25 60 17 79 84 54 60 25 72  5 37 76 82 53 41 37 22 80 67 97 70 69
   4]
 [ 0 56 45 58 51 52 43 44 42 71 94 93 96 47 44 47 25 28 48 23 33 26 25 96
  25 68  6 14 84 82  3 36 73 72 83 11 68 88 97  1 27 24 81 89 41 67 32 41
  43 66 85 17 35 59 47 24 92 63 82 32 55 33 42  4 39 28  6 51 59 65 67 61
   2 93 24 93 10 82  2 64 35 51 52 54 70 58 54 87 10 60 20 29 56 89 26 78
  34 77 20 22 12 89 33 84 79 76 20 32 84 87 13 55 24 92 49 94  5  4 32 37
  64]
 [ 0 98 68 50 22 56 20 50 25 38 92 16 32 14 66 42 74 45 44 28 49 59 39 38
  46 94 19 90 95 93 84  5 77 93  5 37 97 44 95  2 96 10 93 62 43 26 91 55
  48 44 15 12 64 29 35 56 99 41 17 23 20 81 31  4 83 45 32 92  5 53  4 20
  84 67 38 56 19 54 86 78 86 75 46  4 64 83  4 50 60 56 84 43 15 41 15 19
  20  9 75 49 30 29 73 80 99 75 67 52  7 23  2 76 27 75 91 11 30 19  4 45
  47]]
 job2fam
 [[1 0 0 0 0 0 0 0 0 0 0 0 0 0 0 0 0 0 0 0 0 0 0 0 0 0 0 0 0 0 0 0 0 0 0 0
  0 0 0 0 0 0 0 0 0 0 0 0 0 0 0 0 0 0 0 0 0 0 0 0 0 0 0 0 0 0 0 0 0 0 0 0
  0 0 0 0 0 0 0 0 0 0 0 0 0 0 0 0 0 0 0 0 0 0 0 0 0 0 0 0 0 0 0 0 0 0 0 0
  0 0 0 0 0 0 0 0 0 0 0 0 0]
 [0 0 0 0 0 0 0 0 0 0 0 0 0 0 0 0 0 0 0 0 1 0 0 1 0 0 0 0 0 0 0 0 0 0 0 1
  0 0 0 0 0 0 0 0 0 0 0 0 0 0 1 0 0 0 1 0 0 0 1 0 1 0 0 0 0 1 0 0 0 0 0 0
  0 1 0 1 0 0 0 0 0 0 0 0 1 0 0 0 0 0 0 0 0 0 0 0 0 0 0 0 0 0 0 0 0 0 1 0
  0 0 0 0 0 0 0 0 0 0 0 0 0]
 [0 0 0 0 0 0 0 0 0 0 0 0 0 0 0 1 0 0 0 1 0 0 0 0 0 0 0 0 0 0 0 0 0 0 0 0
  0 0 1 0 1 0 0 0 0 0 0 0 0 0 0 0 0 0 0 0 1 0 0 0 0 1 0 0 0 0 1 0 0 0 0 0
  0 0 0 0 0 0 0 0 1 0 0 0 0 0 0 1 0 0 0 0 0 0 0 0 0 1 0 1 0 0 0 0 0 1 0 0
  1 1 0 1 0 0 0 0 1 0 0 0 1]
 [0 0 0 0 0 0 0 1 0 0 0 0 0 0 0 0 1 0 0 0 0 0 0 0 1 0 0 0 0 0 1 0 0 0 0 0
  0 1 0 0 0 0 0 1 1 0 0 0 0 0 0 0 0 0 0 0 0 0 0 0 0 0 0 0 0 0 0 0 0 0 0 0
  0 0 0 0 0 0 0 0 0 0 0 0 0 0 1 0 0 0 1 1 0 0 0 0 0 0 0 0 1 0 0 0 1 0 0 0
  0 0 0 0 1 1 0 0 0 1 1 0 0]
 [0 0 0 0 1 0 1 0 0 0 1 1 0 0 0 0 0 0 0 0 0 0 0 0 0 0 1 0 0 0 0 0 0 0 0 0
  0 0 0 0 0 0 0 0 0 0 0 0 0 0 0 0 0 0 0 1 0 0 0 0 0 0 0 1 0 0 0 0 1 0 0 0
  0 0 1 0 0 0 0 0 0 0 0 0 0 0 0 0 0 1 0 0 0 0 0 0 0 0 0 0 0 1 1 0 0 0 0 0
  0 0 0 0 0 0 0 0 0 0 0 0 0]
 [0 0 1 0 0 0 0 0 0 1 0 0 0 0 0 0 0 0 1 0 0 1 0 0 0 0 0 1 0 0 0 1 1 0 0 0
  0 0 0 0 0 0 0 0 0 0 1 1 0 0 0 1 0 0 0 0 0 0 0 1 0 0 0 0 0 0 0 1 0 0 0 0
  0 0 0 0 0 1 1 0 0 0 0 0 0 0 0 0 1 0 0 0 0 0 0 1 0 0 0 0 0 0 0 0 0 0 0 1
  0 0 0 0 0 0 0 0 0 0 0 0 0]
 [0 1 0 0 0 1 0 0 0 0 0 0 0 0 0 0 0 0 0 0 0 0 0 0 0 0 0 0 0 1 0 0 0 0 0 0
  0 0 0 1 0 0 0 0 0 1 0 0 0 0 0 0 0 1 0 0 0 0 0 0 0 0 1 0 1 0 0 0 0 0 0 0
  0 0 0 0 0 0 0 0 0 1 0 0 0 1 0 0 0 0 0 0 1 0 1 0 0 0 1 0 0 0 0 1 0 0 0 0
  0 0 0 0 0 0 0 0 0 0 0 0 0]
 [0 0 0 1 0 0 0 0 0 0 0 0 0 0 1 0 0 1 0 0 0 0 0 0 0 0 0 0 0 0 0 0 0 1 1 0
  1 0 0 0 0 1 1 0 0 0 0 0 1 0 0 0 0 0 0 0 0 0 0 0 0 0 0 0 0 0 0 0 0 1 1 0
  0 0 0 0 1 0 0 1 0 0 1 1 0 0 0 0 0 0 0 0 0 0 0 0 1 0 0 0 0 0 0 0 0 0 0 0
  0 0 0 0 0 0 1 0 0 0 0 1 0]
 [0 0 0 0 0 0 0 0 1 0 0 0 1 1 0 0 0 0 0 0 0 0 1 0 0 1 0 0 1 0 0 0 0 0 0 0
  0 0 0 0 0 0 0 0 0 0 0 0 0 1 0 0 1 0 0 0 0 1 0 0 0 0 0 0 0 0 0 0 0 0 0 1
  1 0 0 0 0 0 0 0 0 0 0 0 0 0 0 0 0 0 0 0 0 1 0 0 0 0 0 0 0 0 0 0 0 0 0 0
  0 0 1 0 0 0 0 1 0 0 0 0 0]]
