params：
 weight-->(1, 10)
 proc_times-->(1, 100)
 setup_times-->(60, 120)
 delivery_times-->(1, 30)
 job_rate-->12

start:
alpha_1
12
 alpha_2
2.0
 mach
10
 job
120
 fam
8
 weigh
 [[0 9 2 9 2 6 2 4 3 7 4 8 9 6 4 1 4 5 7 5 4 4 4 5 3 6 6 8 1 5 4 5 9 5 2 6
  4 2 8 6 5 9 6 9 5 3 4 7 3 8 9 6 6 7 4 3 4 4 2 6 6 1 9 2 9 6 3 5 4 7 8 9
  1 7 1 2 4 7 1 1 1 7 2 4 2 1 1 1 7 2 9 9 3 7 2 9 2 9 5 4 7 3 4 7 7 5 6 5
  8 4 1 3 5 4 9 6 7 3 4 9 4]]
 proc_times
 [[  0  32  13  79  19  62  91  74  11  37  39  65  30   8   2  55  20  35
   73  13  63  34  52   8  43  71  84  57  78  92  78  41  65  57   4  55
   67  51  70  70  91  83  96  78   2  50  32  44  10  51  84  24  11   1
   59  37  12  30  46  59  94  26 100   2  24  81  51  13  16  60  81  43
   24  10  21  45 100  28  91  17  37  57  19  47  95  90   4  49  42   9
    3  59  17  68  56  42  56  45  67  52  65  54  64  39   5  10  18  99
   67  72  76  99  79  57  43  57  19  81  52   5  53]
 [  0  83  94  40  25  30  94  94  90  35  36  94  44   6  27  47   4  91
   17   3  20  43  86  50  72  47  23   6  52  89  52  52  34   5  65  68
   74  83  67   4  46  90  81  27  58  40  48  15  28  85  22  34  94  64
    3  23   9  85  50  26  56  24  91  88  24  84  52  54  23  21  77  24
   83   8  46  99  76  36  84  14  90  29  74  15  97  22  81  47  56  63
   92  53  71  85  13   6   7  74  55  69  49  76  62  87  29  98  46  25
   79  96  80  56  25  16   7  90  31  75  20  64  45]
 [  0  23  33  35  61  24  43  69  66  83  47  38  94  12  41  39  20  23
    6  77  44  74  75  67  30  35  29  33  44  65  98  56  34  99  74  44
   13  32  66  90  79  34  59  56  22  70  17  91  90  64  78  56  24  36
   36  61  54   9  57  43  10  95  81  27  61  37  79  89  29  85  57  32
   19  62  65  86  71  44   9  12  33  72  46  21  16  36  78  28  68  23
   21   2  20  50  16   3  44  73  43  96  47  64  15  39   7  96  36  11
   55  35  10  91  17  12  20  60  24  70  67   3  21]
 [  0  44  94  46  69  79  96  67  53  76  34  60  25  23  39  50  52  76
   69  49  81  15  52  89  32   2  37  17  47  38  31  88  11  42  71  71
    4  19  64  67  61   6   3  39   2  11  59  35  17  44  11  44  37  37
   89  43   7  35  77  67  95  21  91  67  88  99  51  25  39 100  49  39
   32   2  46  27  50  52  55  53  21  86  62  60  36  95  30  50  43  56
   25  17  91  70  29  46  24  38  21  54  39   6  79  38  56  32  15  55
   64  25  36  43   6 100  83  13  76  92  37   5   7]
 [  0  45  74  40  32  93  78  78  31  11  42  39  92  20  42  77  93  26
   57  19  21 100 100  54  42  81  71  32   3   8  92  83  44  51  17  27
   14  48  86  70  28  39  19  54  38  34  68  85  11  27  45  27  48   4
   85   1  71  57  92  44  33  91  13  38  44   4  86  30  23   7  55  76
   28  23  65  44  29   3  68   1  89  11  34   4  38  90  63  45  98  74
   91  13  39  94  44  23  37  75  88  25  41  35  84  80  57  35   2   5
   20  86  87  94   5  61  73  14  43  82  72  39  59]
 [  0  80  69  70  22  67  28  16  30  65  41  75  31  67  18  30  29   3
   37  62  65   8  91  21  57  11  55  58   9  92  44  23  76  94  30  38
   90  34  12  43  40  89  83  38  96   6  39  55  37  26  53  43  56  32
   85  40  13  56  59   1  69  87  90  52  36  46  42  74   6  56  37  32
   98  64  70  11  40   6  90  45  82  21  42  58  56  10  66  22  36  60
   68   9   5  16  15  22   9  68  71  22  20  21  20  64   5  46  83  63
   31  47  44  24   4  66  46  22  55  29  78  57  12]
 [  0  35  85  79   2  57  48  15  20 100  50  96   9  22  17  45  82  34
    2  72  42  92  68  33  34   8  18  36  48  18  26  63  10  68  94  19
   88  64  27  56  88   3   2  48  80  81  11  30  40  99  58  89   5  39
   28  73  89  59   2  98  94  14   1  19  81  70  80  26  69   9  13  24
   10  46  10  60   2  30  96  17  47  15  81  59  88   7  59  40  19  17
   51   3  78  41  31  76   3  32  28  63  54  39   9  53  35  84  55  65
   15  59  44  28  16  31  43   8  63  17  31  67  21]
 [  0  16  84  31  34  66  59  25  89  14  10  73  14  98  30  86  36  41
   96  73  97  58  25  23  32  25   2  37  78  40  16  28   5   4  62  60
   89  40  97  76  64  69  44  45  84  40  41  60  39  74  91  59  90  70
   82  11  86   6  13  91  62  42  22  78  53  30  42  20  44  17  15  22
   59  39  42  97  96  86  34  32  17  13  84  55   2  95  71  85  33  10
   92  32  25  63  99  22  48  68   8  99  98  15  80  65  23  63  70  28
   21  79  43  30  52  99  21  97  14  29  50  49  73]
 [  0  66  11  30  14  68   3  83   8   1  19  38  21  89  11  69  57  35
   83  43  14  81  47  13   6  18  98   2  73  89  59   1  25   9  82  48
   59   1  45  70  97  95  83  18   4   7  36  40  83  94   8  59  92  23
   72  30 100  11  11  79  86  89  33  91  79  49  32  29  72  21  56  66
   73  12  93  50  52  44  10  56  81  74  98  42  36  24  97  79  44  62
   53  84  22  69  46  31  35  76  70  29  74  15  80  16  90  85  74  91
   93   8  47  86  96  40  73  80  34  98  89  71  83]
 [  0  50  68  33  35  84  10  63  79  19   1  98  48  39  38  31  96  29
   49  90  17  32  59  78  75  10  55  90  65   3  26  43  45  55  33   7
   19  16  87  99  49  31  35  52  46  32  88  19  24  85  18   2  96  47
   80  26  43   7   4  86  35  44  83  79  57  32  70  52   4  26  97  76
   91  67  23  72  32  14  78  78  20  64  43  59   9  73   4  82  45   6
   13   4  26  95  68  91  55  20  97  76  62  53  83  58  83  38  49  51
   98 100  63  59  14  45  91  52  93  34  54  57   6]]
 setup_times
 [[[  0 100  64  83 105 102  72  70  89]
  [  0   0 101  73  95  82 117 109  83]
  [  0  96   0  93 110  78  81  90  87]
  [  0 108  63   0 100  95  64  81 116]
  [  0  98 107  91   0  93  60 101  95]
  [  0  61 102  84  78   0 102  77  99]
  [  0  79 117 104  97  76   0  65  66]
  [  0 103  81  63  82  95  95   0  63]
  [  0 104 117  89  66  93  67 105   0]]

 [[  0  70  76  80  97  89  83 112 115]
  [  0   0 113 115  63 103  62  67  86]
  [  0  84   0  63 108 106  93  99  62]
  [  0  99  69   0 109  75  91  92  95]
  [  0  92  97  76   0 116  69  76  95]
  [  0  60  91  72  80   0 106  92  86]
  [  0 110 110  83  67  87   0  80  85]
  [  0 103 101  64 105 108  65   0  79]
  [  0  78 108 117  69  87 103  69   0]]

 [[  0  67 109  88 119  82  78  93  84]
  [  0   0  93  89  63  67  60 118 109]
  [  0  92   0  68 104  76  68  78  65]
  [  0 119  72   0  83 111 106  71  81]
  [  0  62 108  92   0 103 111  89  82]
  [  0  87  68  81 106   0  88  96  67]
  [  0 106  64 104  97  97   0  76  75]
  [  0  64  70  78 113  63  86   0  68]
  [  0  96  70  61  73  95  62  78   0]]

 [[  0 112  94 115 113  82 108  75  89]
  [  0   0 114 107  78  72 111  72  86]
  [  0  63   0  92  62 110  92 112  65]
  [  0  88  70   0  98  71  82  82  90]
  [  0  87  71  72   0  65 116  71  66]
  [  0  70  96  91 103   0  67 105 100]
  [  0  82  61 104 109  60   0  98 115]
  [  0 104 116  60 114  88  81   0 100]
  [  0 103  77 104 110 112  79  86   0]]

 [[  0 108 104  67  98 111 115  74  78]
  [  0   0 115  69  70  72  94  71  96]
  [  0  76   0 102  64  83 101 107  93]
  [  0 113 100   0  65 112  96 110  95]
  [  0 102 108  88   0  83 108  61  96]
  [  0 115  61 105 119   0  86  83 113]
  [  0  81  81  72 101  69   0  81 112]
  [  0 104  71 102  75  78  95   0  88]
  [  0  90  97  74  96 101  60 107   0]]

 [[  0  63  65 103  87  77  83 113  95]
  [  0   0  74  94 111 110  69  76 109]
  [  0 117   0  90 117 106  86 103 103]
  [  0  70  78   0 109  93 105 119  66]
  [  0  72 118 102   0 113  76 100  86]
  [  0  94 102  91  98   0  85 111 113]
  [  0  60 101  89  81 109   0  97  74]
  [  0  89 104  94  98 104 110   0  79]
  [  0  63 118  89  62  96  71 102   0]]

 [[  0  95  65  95 102  84 108  90 102]
  [  0   0  77  85  61 119 100  84  83]
  [  0  73   0  84 103  60 106  71  82]
  [  0 105  64   0  64  75  62  82  92]
  [  0  86 103  81   0 108 113  60  65]
  [  0  89  97  92 119   0  65  76 119]
  [  0  99 118  87 106  75   0 106 106]
  [  0  89  65  65  69 109  77   0 100]
  [  0  70  66 111  90  95  91 102   0]]

 [[  0 100 104  90  69 117  76  84  84]
  [  0   0  64  96 105  93 103  80  82]
  [  0 110   0  74  97  67  93 116  67]
  [  0 118 113   0  88 109  84  60  98]
  [  0  66  65  93   0  71 101  89  84]
  [  0  61 101  80  94   0 101  98  71]
  [  0 109 111  82 115  98   0  87  67]
  [  0 107 112 102 104  77  91   0  82]
  [  0  69 100 106 119 103  89 119   0]]

 [[  0  94  75  92 119  66  77  73  83]
  [  0   0 101 109  70  80  66 113 116]
  [  0  84   0  71 109  81  76  72  78]
  [  0 105 115   0 105  84 108 113 117]
  [  0 115  86  92   0  92 116  95  64]
  [  0  87 114 119  80   0  86  65  60]
  [  0  99 105  63  92  86   0  78  75]
  [  0  87 107  60  84  96  64   0  77]
  [  0  77  94  72  97  73  95  90   0]]

 [[  0 109  70 111 115 111 119 109 102]
  [  0   0 107  61 118  69  78  89 112]
  [  0 105   0  85 118 112  83  96 114]
  [  0 118  78   0  94  77  94  77 103]
  [  0  83  74 110   0 102  79  67  90]
  [  0  60  76 119  77   0  98  88  87]
  [  0  90  86  89  70 112   0  61 112]
  [  0  83  62  62 112  88  72   0  97]
  [  0 106  94 115  85  79  84  81   0]]]
 delivery_times
 [[ 0 22 29  4 21 26 17 17 17 26  9 15  2  7 28 15  3  6  3 13 28  6 17  2
  14 20  4 16  2 16 11 14 24  4 14  7 29 14 11  5 15 25 19  8 27 10 18 20
   4  4 12 12 28 14 17 13  4  1 16  9 19  1 24  2 19 20 16 28  2 21  3 25
  11 22 19 10 22 28 17 11 18 20 23 16 18  2  3 11  4  1 27 15 20 29 12  8
   1 20  1 14  3 12 22  6  4  6 21 29 23 17  5 18 24 17 10 12 26 24 16 11
   1]
 [ 0  9  6 28  7 17 26 16 28 27 17 11  7 20 15  9 25 13 22 15 19 27 16  1
  10 18 27 10  1 23  2  2 17 23 16 13 20  4 20 11  6 24  3 20 17 15 29 25
  24 28 28 18 17 27  6 17 16 17 19 22 10 18 15  1 27 10  8 13 27 14 14 10
   6 29 29 20 19 22  8 15 20 16  7 10 14 16  3 28 25 10  3  6 26  7 27 19
  12  3 12  5  9 13  8 21 26 27 15  6  5 27 18 27  3 24 15 13 26 27 22 19
   7]
 [ 0 11 26  1 20 27 11  9 13 22 21 28 23 11 14 22 25 18 13 20  7 16 16 15
  10 28 12 26 24  3  5  6 27 18  1 16  1  1 14  4 25 11 25 16 27  6 18 27
  10  7  6 22 14  9 13 13 14 14 15 24 28  6 27 15  1  8 27 22  4 29 10 18
   5 19  3 15 18 25 11 11 20 21 27 13  7 17 22 16 16 25 29  9 16  4  5 22
  22 26 25 15  4  5  7  9  6 14 26 14 16  1  7 27  6 22 27  3 11 19 25 15
  28]
 [ 0  7 27 17 20  9  5 12 13 29 17  3 24 10  2 18  3  7 10 21 26  1 27 16
  28 29 10  9 17 24 15  2 25 19 29 26 20 23  4 13 27 22  1 28 22 13 17 17
   6  2 21 22 14 25 25  2 10  5 12 23 13  3 25  3 18  8  4  1 17 23 18 29
  16 12 13 10  3  8 11 25 24 14  1 12 15 16 10  7 16  2  3  9 19 10 13 14
  13 15 20 25 24 22 18  2 20 25 21  8 20  4  7  4 29 29  7 10 18  6 23 22
  10]
 [ 0  3 17  5 18 12 16 20 26 17 17  5  7  5 16  5 23  8  6 12 25 28 25 13
  14  4  1  9 13 13 26 18 18 22  4 17 16 24 25 12  4  3  4 27  9  4 20  7
  26 16 10 12  3 19 27 11 17  7  6 23 20 26 29 23 21 27  4 25 16 21 23 14
  21  7 26  7  8  3 20 15 20 10 28  9  2 10  6 20 23  3 23 16  7 24 16 20
   6  2 24 23 24  8  7  4 21 19 10 26  3 12  7 19 22 29 21  8 10 26 20 10
  16]
 [ 0 18 14  7 26  5 19  5  5 15 29 12  4  7  6 11 10 27 28 16 23 27  7 25
  11  2 27 18  8 16 17  3  6 19  1 23  7 27  8  4 21 26 29  9 26 23  4  7
   2 23  5  8 16 24  2  2 27  1  6  4  5 12  8  8  1 16 15  3 15  5  3 22
  13 21  2 25 29  5 23 24 25 25  4 29 28  1 27 20  5  8  5 12 16 19  7  9
  12 26  1  2 24 15  2  8 21 27  7  5  2 15 15  5 16  8  9  9 15  9 24 19
  26]
 [ 0 12  1 13  8  2  8 10 29  2 29 18 27 27 13  6  8 17  1 17 16 24 27 16
  18  5 20 22  7  8 24 15  4 29 18 26 23 28  8  7 28  2 28 13 21 25 18 19
   6 21 17 28  1 10 28 28  4  7 27 29 11  8 10 28 15  9  2 10  6  5 23 28
   9 15  2 19 11  3 19 19 21  8 16  5 22  7 18  4  3 29 28 28  4 11 27 27
  22 19  8 28 15 20 18 17  1  7  9  2 23 27 11 18  5 23  2  3  1 16  8 24
  14]
 [ 0 27 15 12  1 11 23 27 15 10 27  4 29 11  2  4 17  8  2 27  4  6  5 29
  27 27 13  4 27 12 12 23 25 11 18 13  9 17  4  4 14 24 12 29  1 28 27 19
  19  1 15 16  6 14 29  3 25  2 18 12  3 16 21  3 19 20 23  2 23 22 14 28
  29 13 17  6 10  5 28 19 22  8 19 10 21 12  2 26  4 23 23 12  9 17 10  2
   8 25  6 22 11 15 19 16 14 27 27  8  1 27 13 20 15 19 29  9 22 18 27 21
   1]
 [ 0  2  6  6  3 19  2 11 26  3  2 10  8  7  8  1 12 14  4 11 20 22 25 24
  17 20  3 28 11 26  8  5 28 28 16  6 17 12 29 15 11  8 16 25  5  1 29 13
   6 18  7  7 13 27 29 17  4 18 26 25  8 13 11 18  6 27 18 27 17  8 29  7
  14 14 29 21 28 14  4 12 27 11 19 25 29 12 26  5  2 24  5 28  5 22 14 12
  15 27 14 10 16 27 23  6 10 17 13  4 17  4  9  4 22 26  4 11 18 23  9 29
   3]
 [ 0  1  7 26  8 17  5  1 23 22 28 14 22 24 10 19 19  7 15  6 22 13 18 21
  28  8  7 22  4 29 21  4 18 23  1 16 21  5 22  6  8 14  7 14 24 29  9 20
   6  5 24 10 21  9 29  8 16  6 13  6 22 19 19  2  2 10 23  5 23 29 12  1
  26 18  7 27 11 25 12  5 14 16 13 21 13 25 21 10 13 28 27 28 19 29 15 26
   4 20  7  1 28 26  6  7 11  7 17 29 12 21 26 24 10 14 19  4  9 24 14 16
  23]]
 job2fam
 [[1 0 0 0 0 0 0 0 0 0 0 0 0 0 0 0 0 0 0 0 0 0 0 0 0 0 0 0 0 0 0 0 0 0 0 0
  0 0 0 0 0 0 0 0 0 0 0 0 0 0 0 0 0 0 0 0 0 0 0 0 0 0 0 0 0 0 0 0 0 0 0 0
  0 0 0 0 0 0 0 0 0 0 0 0 0 0 0 0 0 0 0 0 0 0 0 0 0 0 0 0 0 0 0 0 0 0 0 0
  0 0 0 0 0 0 0 0 0 0 0 0 0]
 [0 0 0 0 0 0 0 0 0 0 0 0 0 0 0 0 0 0 0 0 1 0 0 1 0 0 0 0 0 0 0 0 0 0 0 1
  0 0 0 0 0 0 0 0 0 0 0 0 0 0 1 0 0 0 1 0 0 0 1 0 1 0 0 0 0 1 0 0 0 0 0 0
  0 1 0 1 0 0 0 0 0 0 0 0 1 0 0 0 0 0 0 0 0 0 0 0 0 0 0 0 0 0 0 0 0 0 1 0
  0 0 0 0 0 0 0 0 0 0 0 0 0]
 [0 0 0 0 0 0 0 0 0 0 0 0 0 0 0 1 0 0 0 1 0 0 0 0 0 0 0 0 0 0 0 0 0 0 0 0
  0 0 1 0 1 0 0 0 0 0 0 0 0 0 0 0 0 0 0 0 1 0 0 0 0 1 0 0 0 0 1 0 0 0 0 0
  0 0 0 0 0 0 0 0 1 0 0 0 0 0 0 1 0 0 0 0 0 0 0 0 0 1 0 1 0 0 0 0 0 1 0 0
  1 1 0 1 0 0 0 0 1 0 0 0 1]
 [0 0 0 0 0 0 0 1 0 0 0 0 0 0 0 0 1 0 0 0 0 0 0 0 1 0 0 0 0 0 1 0 0 0 0 0
  0 1 0 0 0 0 0 1 1 0 0 0 0 0 0 0 0 0 0 0 0 0 0 0 0 0 0 0 0 0 0 0 0 0 0 0
  0 0 0 0 0 0 0 0 0 0 0 0 0 0 1 0 0 0 1 1 0 0 0 0 0 0 0 0 1 0 0 0 1 0 0 0
  0 0 0 0 1 1 0 0 0 1 1 0 0]
 [0 0 0 0 1 0 1 0 0 0 1 1 0 0 0 0 0 0 0 0 0 0 0 0 0 0 1 0 0 0 0 0 0 0 0 0
  0 0 0 0 0 0 0 0 0 0 0 0 0 0 0 0 0 0 0 1 0 0 0 0 0 0 0 1 0 0 0 0 1 0 0 0
  0 0 1 0 0 0 0 0 0 0 0 0 0 0 0 0 0 1 0 0 0 0 0 0 0 0 0 0 0 1 1 0 0 0 0 0
  0 0 0 0 0 0 0 0 0 0 0 0 0]
 [0 0 1 0 0 0 0 0 0 1 0 0 0 0 0 0 0 0 1 0 0 1 0 0 0 0 0 1 0 0 0 1 1 0 0 0
  0 0 0 0 0 0 0 0 0 0 1 1 0 0 0 1 0 0 0 0 0 0 0 1 0 0 0 0 0 0 0 1 0 0 0 0
  0 0 0 0 0 1 1 0 0 0 0 0 0 0 0 0 1 0 0 0 0 0 0 1 0 0 0 0 0 0 0 0 0 0 0 1
  0 0 0 0 0 0 0 0 0 0 0 0 0]
 [0 1 0 0 0 1 0 0 0 0 0 0 0 0 0 0 0 0 0 0 0 0 0 0 0 0 0 0 0 1 0 0 0 0 0 0
  0 0 0 1 0 0 0 0 0 1 0 0 0 0 0 0 0 1 0 0 0 0 0 0 0 0 1 0 1 0 0 0 0 0 0 0
  0 0 0 0 0 0 0 0 0 1 0 0 0 1 0 0 0 0 0 0 1 0 1 0 0 0 1 0 0 0 0 1 0 0 0 0
  0 0 0 0 0 0 0 0 0 0 0 0 0]
 [0 0 0 1 0 0 0 0 0 0 0 0 0 0 1 0 0 1 0 0 0 0 0 0 0 0 0 0 0 0 0 0 0 1 1 0
  1 0 0 0 0 1 1 0 0 0 0 0 1 0 0 0 0 0 0 0 0 0 0 0 0 0 0 0 0 0 0 0 0 1 1 0
  0 0 0 0 1 0 0 1 0 0 1 1 0 0 0 0 0 0 0 0 0 0 0 0 1 0 0 0 0 0 0 0 0 0 0 0
  0 0 0 0 0 0 1 0 0 0 0 1 0]
 [0 0 0 0 0 0 0 0 1 0 0 0 1 1 0 0 0 0 0 0 0 0 1 0 0 1 0 0 1 0 0 0 0 0 0 0
  0 0 0 0 0 0 0 0 0 0 0 0 0 1 0 0 1 0 0 0 0 1 0 0 0 0 0 0 0 0 0 0 0 0 0 1
  1 0 0 0 0 0 0 0 0 0 0 0 0 0 0 0 0 0 0 0 0 1 0 0 0 0 0 0 0 0 0 0 0 0 0 0
  0 0 1 0 0 0 0 1 0 0 0 0 0]]
