params：
 weight-->(1, 10)
 proc_times-->(1, 100)
 setup_times-->(15, 30)
 delivery_times-->(1, 30)
 job_rate-->12

start:
alpha_1
12
 alpha_2
0.5
 mach
10
 job
120
 fam
12
 weigh
 [[0 8 9 6 2 2 4 6 2 3 3 4 6 5 2 9 8 2 3 9 8 9 8 3 9 8 2 8 6 9 2 9 7 7 9 8
  6 4 1 9 3 4 5 8 1 1 1 7 6 7 2 4 9 3 6 2 4 7 1 3 8 5 3 1 3 8 3 3 4 8 3 2
  4 3 8 3 2 8 6 2 7 8 4 9 3 6 6 3 8 5 8 7 4 2 2 4 6 5 1 6 2 3 6 5 3 9 7 6
  1 7 1 6 4 2 8 9 5 7 8 4 8]]
 proc_times
 [[  0  14  63  10  58  34  64 100  81  13  49  76  35  41  78  23  14  31
    8  66  62  73   2  78  23  85  47   6   7  45  37   9  96  65   3  84
   14  79   3   4  89  13  51  28  27  42  11   6  46  15  35  38  43  73
   52  89  64  99  97  39  10  29  17  72  21  27  79  66  10  49  72  92
   43  27  86  18  80 100  53  59  91  54  63  22  67  75  50  24  90  68
    7  42  92  18  81  30   1  11  55  59  84  26  71  30  44  69  95  85
   64  78  56  64  93  26  22   7  57  39  93  93  34]
 [  0  79  34  23  19  91  40  46  76  61   9  69  19  54  66  51  25  45
   64  74  41  98  99  23  21  41  67  87  25  50  39  69  66   9  30  52
   26  33  50  40  79  16  66  42   2  70  59  55  94  14   3  23   7  82
   65  17  30  56  17   8  44  51  85  17  14  25  71  38  55  56  87  94
   58   7  69  94   2  89  44  24  24   2  58  46  34  52  62  71  41  90
   66  61   2  19  31  10  52  49  30  49  89  16   1  85  84  58  29  29
   54  81  90  19  25  95  68  62  11  16  18  61  40]
 [  0  70  65  18  66  98  29  92  82  30  16  11   4  61  86   8  93  79
   74  81  96  34   1  47  74  15  92  28  88  91  48  84  54  37  25  65
   84   2  90  63  98  48  14  28  67  80   5  77  59  74  41  41  20  39
   33  78  74  91  53  44  45   5  35   2  94  70  61   3  88  17  91  62
   44  38  79  75  29  58  22  95  38  11  53  52  83  67  65  31  65  52
   46  67  58  73  12  30  29  54  75  16  25  83   3  17  29  75   6  32
   24  94   9  21   6  60  72  61  14  16  73  41  11]
 [  0  85  37  88  31  25  47   6   1  44  76  53  53   1  88 100  28  43
    1  67  27  43  71  51  74   4   5  60  58  55  69  81  53  51  15  89
   77  99  24  17  93  23  75  48  35  88  65  35  37  79   7   5  28   9
   85  21  37  17  52  13  27  24  22  23  83  66  54  98  52   9  59 100
   26  55   8  60  15  63  97  42  40  44  25  19  80  79  26   2  30  42
   69  24  32  67  11  37  81  43  24  11  25  77  14  68  51  70  55  32
   90  51  75  67  80  29  72   5  20  28  92  14  60]
 [  0  55  52  83  14  44  22  93  68  72  92  42   3  48  53  65  45  60
   77  98  60  36  93  35  10  10  88  85  84  50  15  90  77  21   3   3
   59  84   1  88  38  88   6  39   8  51  65  71  42  78  91  53  17  65
    2  12  59  90   6  82   3  64   2  78  23  34  57  71  32  79  45  17
   58  78  73  31  31   6  64  89  93  50  41  55  60  11  54  20  17  59
   78  62  49  27  87  28  90  18  84  36  38  55  71  81  44  75  79  33
   88  87  43   9  46  30  31  63  34  33  85  95  75]
 [  0  31  50  23  78  36  95  24  44  68  66  80  50   9  68  97  76  45
   13  41  35  85  16  44  34  58  97  59  23  11  74  23  23  60  43  83
   15  71  59  13  63  74  65  22  92  44  24  90  26  56  60  77  16  22
   29  58   8  62  18  81  39   1  54  41  58  91  93  68  15  84  16  88
   78  36  92  35  99  86  39  74   9 100  73  32  39  34  47  66  75  36
   57  16   8  60  63   8   3  83  52  23  16  85  58  10  67  41  92  54
   39  21  52  60  93  45  96  31  27  68  39  53  27]
 [  0  76  52  16  46  71  61  67  74  75  20  53  88   7  36  74  78  46
   96  30  35  96  89  91  76   6  42  48  26  83  77  77  27  95   3  32
   47  22  63  31  75  87   7  20   4  68  25  88  17  28  79  55  98  84
   20  96  42  35  17  83  35  91  54  91  24  15 100  86  71  47  66  21
   93  98  21  17  82  72  61  53  48  84  19  13  56  40  91  52  87  53
    4  69  41  29   2   9  20  81  89   8   2   4   7  11  80  99  16  98
   48  36  87  37  36  92  57  93  72  76  59  47  75]
 [  0  72   8  23  33  62  20  85  70  81  47  67   2  17   3  68  51  83
   64  78  75  95  18  39   4  12  18  64  19  35  20  73  83  74  86  38
   19  27  51  63  34  96  63  71  80  57  74  18   7  58  57  77  78  92
    2  11  90   4  21  66  14  43  90  66  76   1  52  48  79  61  30  32
   61  38  46  17  34  85  60  46  35  52  50  51  28  46  22  21  85  82
   80  80  78  56  94  79  85  39  19  21  23  15  34  67  63  77  78  88
   53  54  42  29   2  66  18  22   6  16  20 100  44]
 [  0  52   3  35  92  86   6  42   1  46  49  81  98  17  68  23   9  79
   40  77  49  13  30  69  16  68  96   3  47  93  61  85   6  35  78  64
   85   1  19  79  79  38  32  40  70  65  46  62  72  75  31  51  76  66
   87   7 100  96  78  94  91   8  56  76  19  95   6  73   7  87  88  34
   76  75  22  89  44   8  50  32  97  57  13  17  72  76  19  54   3  12
   66  49  79  25  35   1  13  44  78  19  73  15  96  14  55  85  34  71
   46  29  32  71  75  12  98  53   9  61  60  68  96]
 [  0  82  92   6  74  81   9   1  48  55  12  75  58   5  94  29  80  75
   73  58   2  84  37  57  77  48  52  21 100  47   6  67  32  36  65  19
    9  10  38  81  95  65  88  48  63  30  55  63  13  93  11   7  28  83
   76  30  65   8  44  87  47  45  13  18  85  91  77  94  80  96  70  63
   38  30  11  22  65  20  84  56  96  58  80  38  44  29  78  16  71  71
   40  32  27  40  37  96  49   7  53  20  83  42  11  21  22  13  33  13
   77  71  14  38  30  95  61  55  45  86  53  72  78]]
 setup_times
 [[[ 0 16 24 20 29 24 20 16 27 23 26 19 29]
  [ 0  0 18 20 20 21 22 23 17 23 27 26 21]
  [ 0 25  0 22 16 23 27 20 16 27 16 26 28]
  [ 0 27 16  0 21 27 23 29 15 19 25 18 22]
  [ 0 16 20 15  0 22 26 20 26 24 18 29 29]
  [ 0 29 23 23 16  0 29 25 22 20 25 18 22]
  [ 0 28 20 19 17 15  0 26 16 15 16 27 24]
  [ 0 27 16 17 17 16 22  0 28 18 19 26 29]
  [ 0 22 19 20 29 22 26 22  0 29 25 18 22]
  [ 0 17 28 21 29 16 16 21 29  0 19 24 24]
  [ 0 21 24 20 18 17 27 15 29 18  0 15 25]
  [ 0 27 23 19 21 21 18 22 20 24 20  0 19]
  [ 0 16 21 28 22 26 23 24 15 29 20 25  0]]

 [[ 0 24 15 20 25 20 29 19 19 16 19 20 20]
  [ 0  0 24 18 20 26 15 27 26 27 27 24 24]
  [ 0 26  0 25 25 15 16 15 16 22 25 19 22]
  [ 0 23 17  0 28 19 27 19 29 27 16 25 29]
  [ 0 28 26 23  0 23 23 23 17 19 25 22 21]
  [ 0 16 22 18 24  0 21 19 28 25 19 16 24]
  [ 0 23 16 18 20 18  0 18 18 15 24 28 21]
  [ 0 23 18 16 19 17 26  0 20 20 26 23 16]
  [ 0 22 15 28 28 19 28 18  0 18 29 18 25]
  [ 0 16 29 23 22 21 28 17 23  0 15 19 18]
  [ 0 16 18 17 18 20 27 28 23 28  0 21 27]
  [ 0 15 28 23 26 16 20 16 23 23 24  0 27]
  [ 0 18 25 19 21 20 24 20 28 18 25 25  0]]

 [[ 0 29 24 18 19 15 27 19 19 16 26 21 24]
  [ 0  0 19 22 22 23 17 18 16 24 17 19 29]
  [ 0 17  0 16 20 24 23 27 26 23 29 23 26]
  [ 0 27 15  0 25 22 25 15 25 21 20 17 25]
  [ 0 22 22 23  0 28 16 24 17 28 16 18 24]
  [ 0 25 15 21 18  0 20 21 25 19 16 27 29]
  [ 0 25 29 25 24 23  0 28 27 27 18 15 28]
  [ 0 18 28 20 16 16 29  0 17 29 19 28 19]
  [ 0 21 16 23 18 27 29 19  0 24 20 22 17]
  [ 0 17 19 28 29 25 20 18 29  0 24 26 15]
  [ 0 17 22 22 24 23 18 23 17 15  0 16 25]
  [ 0 24 25 19 15 19 25 16 28 23 15  0 28]
  [ 0 29 20 23 25 29 15 16 20 26 21 29  0]]

 [[ 0 26 19 23 18 29 25 16 21 24 18 20 28]
  [ 0  0 27 21 15 23 20 15 21 18 17 27 22]
  [ 0 23  0 28 29 20 26 20 15 24 17 20 27]
  [ 0 25 24  0 18 26 26 16 22 23 26 21 15]
  [ 0 17 28 16  0 25 29 26 27 27 16 18 28]
  [ 0 24 27 25 22  0 16 19 23 20 26 21 25]
  [ 0 27 15 15 17 15  0 23 16 18 20 23 25]
  [ 0 22 29 29 28 23 26  0 27 28 21 20 21]
  [ 0 24 20 20 29 21 15 27  0 21 21 21 29]
  [ 0 25 22 28 22 17 26 22 26  0 27 28 23]
  [ 0 26 16 27 29 27 21 24 24 27  0 25 21]
  [ 0 21 17 24 25 28 28 22 17 15 16  0 16]
  [ 0 21 24 28 25 27 25 17 22 19 23 23  0]]

 [[ 0 15 23 17 22 25 22 28 24 15 27 22 23]
  [ 0  0 23 24 24 16 26 29 18 23 18 23 16]
  [ 0 26  0 16 27 26 29 18 18 26 24 29 21]
  [ 0 15 25  0 22 29 18 23 26 15 26 17 27]
  [ 0 28 16 15  0 21 18 29 21 18 27 20 27]
  [ 0 21 19 29 24  0 28 24 26 26 25 21 21]
  [ 0 28 18 18 22 20  0 24 18 18 15 17 19]
  [ 0 15 23 25 26 26 15  0 19 23 27 18 26]
  [ 0 18 22 16 25 27 17 25  0 28 23 18 17]
  [ 0 28 25 23 23 27 26 24 27  0 22 16 22]
  [ 0 27 20 19 18 15 26 28 18 22  0 29 23]
  [ 0 22 15 16 19 22 19 21 25 28 21  0 19]
  [ 0 23 23 18 22 26 27 24 18 29 15 20  0]]

 [[ 0 16 19 20 26 19 26 29 24 20 18 16 27]
  [ 0  0 23 22 18 18 15 29 21 16 22 20 27]
  [ 0 22  0 23 20 19 19 24 22 18 16 22 29]
  [ 0 25 19  0 26 23 26 23 28 23 22 25 20]
  [ 0 17 21 25  0 19 15 25 15 22 20 28 15]
  [ 0 25 22 25 21  0 29 19 24 16 27 22 23]
  [ 0 15 29 15 26 29  0 27 27 20 16 27 24]
  [ 0 27 16 21 25 21 19  0 21 17 15 24 22]
  [ 0 22 20 29 21 24 25 27  0 27 20 16 28]
  [ 0 22 23 15 26 28 28 25 18  0 24 26 18]
  [ 0 22 25 26 17 15 22 23 23 29  0 16 28]
  [ 0 25 16 26 25 27 20 20 20 24 29  0 28]
  [ 0 26 24 21 24 18 23 26 28 26 22 18  0]]

 [[ 0 22 24 22 17 15 19 15 22 26 25 18 24]
  [ 0  0 20 23 26 20 15 18 15 27 29 18 23]
  [ 0 25  0 16 22 20 23 24 25 24 21 29 15]
  [ 0 15 15  0 18 22 27 25 29 27 24 17 19]
  [ 0 25 28 24  0 23 20 17 22 26 20 18 18]
  [ 0 23 18 15 26  0 27 19 16 21 15 22 15]
  [ 0 19 17 18 17 17  0 21 28 18 15 21 27]
  [ 0 15 17 24 17 17 18  0 27 21 17 27 17]
  [ 0 19 15 18 24 29 27 23  0 20 18 23 19]
  [ 0 29 25 21 16 21 20 27 20  0 21 23 21]
  [ 0 28 22 16 28 29 15 20 16 19  0 25 16]
  [ 0 28 29 19 21 18 15 16 25 18 21  0 18]
  [ 0 15 20 15 19 29 25 25 16 28 15 28  0]]

 [[ 0 26 29 26 18 26 22 29 24 17 15 25 26]
  [ 0  0 17 18 27 24 20 29 25 22 28 25 29]
  [ 0 26  0 16 27 23 28 22 28 28 25 16 20]
  [ 0 16 15  0 24 22 22 20 15 24 29 17 15]
  [ 0 17 15 15  0 23 27 29 26 15 15 20 21]
  [ 0 26 18 22 27  0 22 23 19 24 27 17 26]
  [ 0 26 18 28 24 25  0 19 29 28 23 21 23]
  [ 0 29 20 25 16 23 15  0 20 27 15 22 17]
  [ 0 19 29 22 29 22 15 26  0 22 21 20 23]
  [ 0 24 23 27 29 21 28 16 25  0 22 25 29]
  [ 0 29 29 27 26 28 19 17 18 24  0 25 21]
  [ 0 18 19 28 17 17 19 16 20 22 23  0 23]
  [ 0 26 19 25 27 17 23 26 15 27 23 22  0]]

 [[ 0 16 21 24 26 17 15 20 27 26 21 19 21]
  [ 0  0 17 29 15 17 25 18 25 28 21 20 21]
  [ 0 15  0 27 26 25 26 17 27 19 15 23 28]
  [ 0 29 23  0 26 28 23 17 23 21 24 15 15]
  [ 0 24 28 26  0 29 23 21 27 28 15 25 19]
  [ 0 15 28 22 25  0 25 17 16 25 29 24 21]
  [ 0 19 16 20 15 16  0 25 17 15 15 16 15]
  [ 0 17 20 19 27 23 20  0 24 20 25 24 17]
  [ 0 24 18 26 28 17 27 27  0 20 26 21 28]
  [ 0 18 20 24 23 20 20 28 23  0 25 17 27]
  [ 0 18 16 29 20 16 29 26 23 15  0 18 25]
  [ 0 23 15 20 24 18 20 24 17 17 21  0 26]
  [ 0 17 18 29 26 19 28 27 18 21 29 26  0]]

 [[ 0 20 25 25 25 27 15 24 28 26 21 20 18]
  [ 0  0 16 18 23 29 24 19 27 25 21 21 29]
  [ 0 26  0 26 17 15 22 18 24 15 19 24 27]
  [ 0 26 20  0 17 16 24 15 29 24 25 28 22]
  [ 0 18 23 27  0 20 23 27 22 21 22 26 26]
  [ 0 26 26 23 25  0 28 23 22 20 27 25 23]
  [ 0 24 23 24 28 16  0 17 16 29 22 18 26]
  [ 0 22 25 18 16 24 15  0 18 28 24 28 19]
  [ 0 18 26 18 17 15 27 15  0 24 20 23 17]
  [ 0 18 15 17 16 28 28 26 20  0 21 29 29]
  [ 0 26 25 28 22 29 24 19 17 20  0 20 25]
  [ 0 20 22 28 28 29 16 28 20 27 28  0 24]
  [ 0 28 16 20 22 27 23 16 24 16 26 20  0]]]
 delivery_times
 [[ 0 24  3  5  8 13  1  6  5  9 22  4 16 11 13 16 29 28 29 11 17 10 18 23
   4 23 20 22 13 20 19 17  3 27 19 10 22  5 11 12 24 14 17 24 21 13  3 27
  14 21  6 19 20  9 19  1 21 15  9 26 22 21 17 20 19  1 19 12 16 24 28 10
   6  9 24 26 12 24  6  8 19  6  3 12 21 20  5  1 23 13  7 11  7 16 20 18
  23  4  5  9 19 18 27 25 25 23  6 27 29 11 19  9  1 29  1 17 24 29 26 14
   7]
 [ 0 19 12 13 20 23 25  4  9 11 27 16 22  7 28 22  9 17 21 21 16 21 17  1
  11 25 26  5 19 15 23  7 22  1 21 10 18  4  7 17 12 20  7 23 29 15 20  2
  10  6 29 28  8 11 22 25 14 16 16 16 15 17  9  2 10 13 19  5 21 13  7 13
  27  3 16 29 28 13 20  4 14  7 16  8  4  9  5 26 10 13 19 25 29 28  4 26
  10 26 21 12 20 24 14 10  8  4 16  6 21 16 24 16 27 13  4 25 26 24 19 25
   3]
 [ 0  8 16 20 23  9 14 24 16 25 22 27 20 11 21 16 17 23  9 11  2 27 19 12
  29  6 13 21 15 14 23 10 12 27 29  6  9 17  1 29  4  1  8 15 17 11 27 24
  13 27 23 26 10 23  2 26 13 26  5  8 15  4  7 15  6 26 10 15 26 25  3 13
  12 10 28  1 11  1 14  3 20 24 27  9  9 22 24 18  3  6  1  5  2 22  2 11
   1 17 29 25 16 10  3 20 12 27  3 12 23 20  4 14 13  9  7 11  7 21 15 17
  18]
 [ 0  7 11  6 21 19 19 26  8 27 16  7 14 19 12 28 24  7 11 11 24 13 16 11
   1 24 12 17  8 21  8 10 17 14 16 17 16  2  7 11 14 23 11 28 23  6 13 28
  10 23  8 21  9 10 14 14  8 17 18 16 23  4 21 17  6  3  2 26 27 15 18 24
   5 21 23 26  6 13  3 15 28 19 16 22 19  7 14  7 24 11 26 22 21  5 11  5
  23 29  8 10 22  2 23 22 28 10  7 16  6 21 19 24 25  8 14 23 28 25 25  2
   6]
 [ 0 11 21 24 18  8 11  4 18 12 28  4  8 25 29 14  2  1  5 28  7 15  3 23
   8 23  3  8 13 10 22  1 11 21  7 22 13 21 15 24 25  8 14  5 10 24  7 18
  29 20 13 20 27 29 22 24 11 25 24 28 28  5 20 29  4 10 29 23 23  2  9  8
  13 17 22  4  7 28 18 17  1 17 15 20  5 14  8 22 28  2  2  9 13  3  6 25
  12 18 21 22  4 28  3 10  4  7 29 20 19 10 14 27 16  2 27 23 19 20  7 10
  28]
 [ 0 11 22 26  8  5 17 11 11 15 17 16 28  3  3 22 24  4  9  9 28  4  2  7
  11  2 24 12  1 15  7 19 16 13 23 24 29  2 14 29 28 29 17 19 18 25 18  7
  18  9 22  7  2 17 28  5  5  1 15 29  3  5 17 10  4  6  5  9 26 12 14  2
  23 10  1 29 24 27 16  8 27 10 16 14 20  2 13  8 16 20 25 12 21 15 28 18
   7  1 22  8 13 23 12 10 27 16 27  2 22  4  5 24 12 22  6 16  3  9 19 18
  25]
 [ 0 26  8 18 25  5 13 27 16 20 28  8 18 28 12 20 17  2 15 11 10 16  9 12
   7 11 13 19 13 24  2 21  2  6 21 24  7  6  2 13 29  1 27 26  4 21 17  8
  15  7  5 12 15 18 13 11 10 21  5 11  9 13  8 22 29 19 25 21 14 26 12 26
  16 28  9 27  4 18  6 23 15 15  8 12 22 15 17  6 29 24 19 17 26 27  9  4
  29 22 27 13 16  6 16 17  1 16  2  4 21 23 17  3  3  3 29 14  3 21 24 29
   9]
 [ 0 16  8 27 17  6 28 23 21 28 18 18 11  3 27 21 11  4 26  9  1 19 28  8
  25 23 13 19 19  1 22 11 29 26 14  8 29  9 20 28 13 26 12  2 15 17 20  1
  13 13  2  6 27 24 10 10  9 19 28  6 14 29 17 22 21 17  2 15 26 28 29  2
  13 12 27 12  8  7  2 18 22 29 12 24  9  8 15  9  9 10  5  1 22  2 19 12
  19  8 24  4  1 27 24 14 13 16 22 13 12 29  7  7 14 21 23 27  5  4 27 22
  23]
 [ 0 10  3 17  7 23 26 28 21  2 13 15 18 11 28 27  4 12 16 13 11  6 13  6
  15 20 16  6 27 27 20 13  7 17 29 24 20 20 24 29  5  3 12 24  4  8 26  4
  14  4  3 26 12 12 16 29 24 24  8 27 26 17 27  1 19 16 21 26 18 12 23  1
  21 28 21 18 25  3 21 12 19 22 18 26  1  2 21 13  6 21 15 16 23 24 16 11
  12  6 21  2 28 25  1 11 19 28 22 26 17 14 12  3 11 17 27 13 22 27 12 16
  15]
 [ 0 27 29 23  3  6  1  8 10 13 10  8  9 25  7  4 18 16 16 26 19  4 14  8
  14 21  7  9 14 17 15 23 27  8 17 24  2  9 15 23  2  7 19 29 29 22  7  9
  10 16 15  1  2  1 28  9  7  5 15  3 13 13 16 29 14 24  1 29 17 22 24 15
  18 10 11 23 11 15  5 19 10 18 26  9 23  9 18  1 16 15 10  1 10 11  3  7
   7 15 18 18 18 15 13  2 24 29 28 14 13 11 21 26 17 26 23  1 26 24 16 22
  24]]
 job2fam
 [[1 0 0 0 0 0 0 0 0 0 0 0 0 0 0 0 0 0 0 0 0 0 0 0 0 0 0 0 0 0 0 0 0 0 0 0
  0 0 0 0 0 0 0 0 0 0 0 0 0 0 0 0 0 0 0 0 0 0 0 0 0 0 0 0 0 0 0 0 0 0 0 0
  0 0 0 0 0 0 0 0 0 0 0 0 0 0 0 0 0 0 0 0 0 0 0 0 0 0 0 0 0 0 0 0 0 0 0 0
  0 0 0 0 0 0 0 0 0 0 0 0 0]
 [0 0 0 0 0 0 1 0 0 0 0 0 0 0 1 0 0 0 0 0 0 0 0 0 0 0 0 0 0 0 0 0 0 0 0 1
  0 0 0 0 0 0 0 0 0 0 0 0 0 0 0 0 1 0 0 0 0 0 0 0 0 0 0 0 0 1 0 0 0 0 0 0
  0 1 0 0 0 1 0 0 0 0 0 0 0 0 1 0 0 1 0 0 0 0 0 0 0 0 0 0 0 0 0 0 0 0 0 0
  0 0 0 0 0 0 0 0 0 0 0 0 0]
 [0 0 1 0 0 0 0 0 0 0 0 1 0 0 0 0 0 0 1 0 0 0 0 0 0 1 0 0 0 0 0 1 1 0 0 0
  0 0 0 0 0 0 0 0 0 0 0 0 0 0 0 0 0 0 0 0 0 0 0 0 0 0 0 0 0 0 0 0 0 0 0 0
  0 0 1 0 0 0 0 0 1 0 0 0 0 0 0 0 0 0 0 0 0 0 1 0 0 0 0 0 0 0 0 0 0 0 0 1
  0 1 0 1 0 0 0 0 1 0 0 0 0]
 [0 0 0 0 0 0 0 0 0 0 0 0 0 0 0 0 0 1 0 0 0 0 0 0 0 0 0 0 0 1 0 0 0 0 0 0
  0 0 0 0 0 0 0 0 0 0 0 0 0 0 0 0 0 0 0 0 0 0 0 0 0 0 0 1 0 0 0 0 0 0 0 0
  0 0 0 0 0 0 1 0 0 0 1 0 0 0 0 0 0 0 0 0 0 0 0 0 0 0 0 0 0 0 1 0 0 0 0 0
  0 0 1 0 0 0 0 0 0 0 1 0 0]
 [0 0 0 0 0 0 0 0 0 0 1 0 0 0 0 0 0 0 0 0 0 1 0 0 0 0 1 1 0 0 1 0 0 0 0 0
  0 0 0 0 0 0 0 0 0 0 0 0 0 0 1 0 0 1 0 0 0 0 0 0 1 0 1 0 0 0 0 0 0 0 0 0
  1 0 0 0 0 0 0 0 0 0 0 0 0 0 0 0 0 0 0 0 0 0 0 0 0 1 1 0 0 0 0 0 1 0 0 0
  0 0 0 0 0 0 0 0 0 0 0 0 0]
 [0 0 0 0 0 0 0 1 0 0 0 0 0 0 0 0 0 0 0 0 0 0 0 0 0 0 0 0 0 0 0 0 0 0 0 0
  0 0 0 0 0 0 0 0 0 0 1 0 1 0 0 0 0 0 0 0 0 0 0 0 0 0 0 0 0 0 0 0 0 0 0 1
  0 0 0 0 0 0 0 0 0 0 0 0 0 0 0 0 1 0 0 1 0 0 0 0 0 0 0 0 0 0 0 0 0 0 0 0
  0 0 0 0 0 0 0 0 0 0 0 0 0]
 [0 1 0 1 0 0 0 0 0 0 0 0 0 0 0 1 0 0 0 0 0 0 0 0 0 0 0 0 0 0 0 0 0 0 0 0
  0 0 0 0 0 0 0 0 0 0 0 0 0 0 0 0 0 0 0 0 0 0 0 0 0 0 0 0 0 0 0 0 0 0 0 0
  0 0 0 1 0 0 0 0 0 0 0 0 0 0 0 0 0 0 0 0 0 0 0 0 0 0 0 0 0 0 0 1 0 0 0 0
  0 0 0 0 0 1 0 0 0 0 0 1 1]
 [0 0 0 0 1 0 0 0 0 0 0 0 0 0 0 0 0 0 0 0 0 0 0 0 0 0 0 0 0 0 0 0 0 0 1 0
  0 0 1 0 1 1 0 0 0 0 0 0 0 0 0 0 0 0 0 0 0 1 0 1 0 0 0 0 1 0 0 0 0 0 0 0
  0 0 0 0 1 0 0 0 0 0 0 0 0 0 0 0 0 0 0 0 1 0 0 1 0 0 0 0 0 0 0 0 0 0 0 0
  0 0 0 0 0 0 0 0 0 0 0 0 0]
 [0 0 0 0 0 0 0 0 1 0 0 0 1 0 0 0 0 0 0 0 1 0 1 0 0 0 0 0 0 0 0 0 0 1 0 0
  0 0 0 0 0 0 0 0 0 0 0 1 0 0 0 0 0 0 0 0 0 0 0 0 0 0 0 0 0 0 0 1 0 0 0 0
  0 0 0 0 0 0 0 0 0 0 0 0 1 0 0 0 0 0 1 0 0 0 0 0 0 0 0 0 1 0 0 0 0 0 1 0
  0 0 0 0 1 0 0 0 0 0 0 0 0]
 [0 0 0 0 0 0 0 0 0 0 0 0 0 0 0 0 0 0 0 0 0 0 0 0 0 0 0 0 0 0 0 0 0 0 0 0
  0 0 0 1 0 0 0 1 1 0 0 0 0 0 0 0 0 0 1 0 0 0 0 0 0 0 0 0 0 0 0 0 0 0 0 0
  0 0 0 0 0 0 0 0 0 0 0 0 0 1 0 0 0 0 0 0 0 0 0 0 0 0 0 0 0 0 0 0 0 1 0 0
  0 0 0 0 0 0 0 0 0 1 0 0 0]
 [0 0 0 0 0 0 0 0 0 0 0 0 0 0 0 0 0 0 0 0 0 0 0 0 1 0 0 0 0 0 0 0 0 0 0 0
  0 0 0 0 0 0 0 0 0 0 0 0 0 1 0 1 0 0 0 0 0 0 0 0 0 1 0 0 0 0 0 0 1 1 1 0
  0 0 0 0 0 0 0 0 0 1 0 0 0 0 0 1 0 0 0 0 0 0 0 0 1 0 0 0 0 0 0 0 0 0 0 0
  1 0 0 0 0 0 0 1 0 0 0 0 0]
 [0 0 0 0 0 1 0 0 0 1 0 0 0 0 0 0 1 0 0 0 0 0 0 0 0 0 0 0 0 0 0 0 0 0 0 0
  1 1 0 0 0 0 1 0 0 0 0 0 0 0 0 0 0 0 0 0 0 0 0 0 0 0 0 0 0 0 0 0 0 0 0 0
  0 0 0 0 0 0 0 1 0 0 0 0 0 0 0 0 0 0 0 0 0 1 0 0 0 0 0 1 0 1 0 0 0 0 0 0
  0 0 0 0 0 0 1 0 0 0 0 0 0]
 [0 0 0 0 0 0 0 0 0 0 0 0 0 1 0 0 0 0 0 1 0 0 0 1 0 0 0 0 1 0 0 0 0 0 0 0
  0 0 0 0 0 0 0 0 0 1 0 0 0 0 0 0 0 0 0 1 1 0 1 0 0 0 0 0 0 0 1 0 0 0 0 0
  0 0 0 0 0 0 0 0 0 0 0 1 0 0 0 0 0 0 0 0 0 0 0 0 0 0 0 0 0 0 0 0 0 0 0 0
  0 0 0 0 0 0 0 0 0 0 0 0 0]]
