params：
 weight-->(1, 10)
 proc_times-->(1, 100)
 setup_times-->(60, 120)
 delivery_times-->(100, 200)
 job_rate-->12

start:
alpha_1
12
 alpha_2
2.0
 mach
10
 job
120
 fam
12
 weigh
 [[0 5 1 8 5 2 5 5 6 2 9 2 2 9 9 6 5 5 8 2 1 8 9 8 8 5 8 4 4 3 6 3 5 8 4 5
  1 6 4 8 9 4 3 3 6 6 1 1 1 6 7 5 4 2 2 9 9 2 5 8 8 5 3 5 2 7 7 9 2 5 2 2
  8 9 8 1 8 6 2 2 3 8 3 1 4 4 7 8 2 4 6 8 2 7 3 8 6 5 4 7 7 3 6 3 9 3 4 3
  9 9 2 8 1 6 7 5 8 7 8 9 5]]
 proc_times
 [[  0  38  23  30  11  85  27  82  74  43  27  74  87  39  68  62  28  60
   72   7  44  37  65  16  52  56  82   1  31  94  85  66  87  94   6   3
   24  63  49 100  42  43  12  13  56  18  10  21  93  43  39  92  28  34
   30  65   6 100  54  40  36  13  64  36  73  95  29  20  66  48  15  70
    4  54  19  40  61  50  77  68  89  86  82  41  32  37  56   3  64  77
   34  28   5  70  35  31 100  88  64  56  84  35  80  82  84  66  52  41
   89  98  26  64  72   7  89  32 100  22   2  26  74]
 [  0  86  82  53  60  97  69  27  75  24  12   3  31  62  87  45  29  90
   96   1  75  22  75  29  16  91  84  24  93  28  49  53  31  68  89  30
   49  80  19   7  50  66   1  88  43  49  52  57  42  79  93  84  99  84
    2  67  98  20  18  97  76  37  22  68  32  12  92   2  15  55  20  15
   22  46  48  77  42  94   4  95  39  65  38  50  42  98  30  20  96   8
   40  22  13  19  89  78  86  15  96  59  76  52  59   1  53  20   8  53
    7  54   3  17  76  65  23  47  43  23  56  75  63]
 [  0  10  46  89  67  97   7  57  45  33  77  80  81  32  43  17  10  15
   77  36  18  73  41  59   5  11  28  73 100  72  17  21  30  45  78  23
   62  50  30  40  64  61  81   3  71  64  50  32  33  80  44  88  68  42
   75  45  28  97  22  94  62   8  71  99  42  56  31  26  69  73  43  94
   99  30  21   6  30  15  54  69  58  40  17  58  22  15  41  24  61  99
   26  74  23  88  14  37  45  29  66  10  60   3   1  79   5  24   7  49
   24  85  48  87  46  75  85  64  33  85  13   2  71]
 [  0  40  95  71  99  62  22   7  21  66  95  41  67  43  97  15  44   4
   11  75  31  98  85  82  69  32  27  18  31  25  38  97  36  36  97  38
   38  67  90  81  97  22   5  69   9  64  88  71  31  74  56  23  93  87
    7  28  27  35  85  41  46  41  90  97  85  84  89  89  90   5  29  96
   95  21  27  95  42  45  80  93  82  99  67  76  13   7   1  92  56   6
   10  94  61  11  60  54  34  96  70  21  73  85  27   6  26  56  35  64
   80  73  87  38  59  68  96  61  40  40   8  93  40]
 [  0  97  68  99  45  19  90  68  28  98  61  15  49  64  10  63  41  13
   45  76   8  86  47  64   9  28  79   1  33  80  35  92  23  20  49  64
   75   9  26  87  80   4  71  38  86  44  89  62  72  80  61  81  44  50
   54  74  33  24  47  85   5  90  65  81  89  19   4  20  47  16  20  17
   41  81 100  80  20  68  34  49  17  49  52  17  82  79  50  83  76  79
   18  42  28   1  95  80   4  33  79  29  52  60  24  84  16  72  49  79
   46  42  81  57   9  43  39   9  80  50  77  40  63]
 [  0  90  69  47   5  50  65  58   5   9  12  72   8  93  21  91  50  63
   45  95  99  28   3  99  63   4  37  49  43  42  77  15   1  23  15  13
   62  60  79   7  39  28  17  83  53  40  59  58  80  52  50  68   6  16
   21  97  87  44  45  28  55  15  51  62  24  54  68  74  72  61  68   9
   61  36  52  13  85  59  74  65  91  56  70  13  57  65  59  21  97  64
   60  41  54  49  58  21  90  64  53  97  56  32  20   9  77  99  22  88
   92  69   8  63  10  97  69  58  90  99  53  46  12]
 [  0  25   5  52  17  58  20  60  32  23  82  95  72  80  34  96   6  87
   44  76  92  56  75  85  82   1  53  76   5  58  39  32   2  55  98  40
   96  73  78  52  79  87  29  84  64  68   2  97  76  86  99  45  40  55
   96  54  48  57  57  76  25  72  19  60  32  24   2  90  23  45  77  38
   27  66   6  74  28  10  24  42   5  89  65  45  97 100   1  53  96  62
   19  15  44  52   1  48  20  35  88  91  16  48  95  41   8   1  43  86
   64  82  86  35  15  47  35  24  79  47  66   8  31]
 [  0  97   8  66  88  64   8  39   2  96  39  61   9   7  37  90  78  68
   24  37  88  35  90  98  28  33  57  12  49  15  92  70   4  53  37  31
   34  61  28  73  33  14  77  54 100  68  59  75   6  65  35  73  17  25
   93  35  70  98  85  13   2  24  33  94  30  31  40  15  69  95  45  81
    3  49  34  51   3   8  57  27  74  29  77  50  95   1  27   5  29  24
   26  35  75  12  14  50  77  85  35  33  52  98  10   5  56  44  71 100
   59  25  93  77   3  42  67  90  11  90  37  70  36]
 [  0  23  40  13  51  67  14  52  55  26  91  47  41   9  85  37  68  78
   24   9  85   6  78  52  27  19  91  63  99 100  44  95  91  45  67  11
   59  96  46  80  33   5  45   7  49  98  11  99   8  26  99   6  45  21
   43  43  53  49  61  56  30  87  33  79   7  38   4   3  30  49  14  36
   50  43  52  52  44  40  43   2  69  22  20  35  84  44  24  72  43  23
   16  27  87  65  97  64  84  24  84  83   7  21  90  22  65  73  93  63
   44  85  96  41  79  29  27  72  33  63   5  66  12]
 [  0  27  26  24  58  70  35  26  73  64  60  65  70  34  70  63  65  79
   31  42  61  10  15  52  19  24  77  81  54  23  62  79  98  78  82   6
   72  24  45  89  49  95  56   1  10   6 100   3  13  65  59  20  80  26
    3  52  66  11  21  44   3  14  54  77   4  26  80  36   8  17  86  72
   90  72  18  69  89  41  61  80  31  96  42  91  61  83  40  64  86  51
    5  22  55  67  39   4  11  97  19  50  26  44  30  22  89  10   2  47
   71  57  98  27  42  56  69  18  92  39  65  88   6]]
 setup_times
 [[[  0  93 113  86  60  88  78  74  62  99  79  96  80]
  [  0   0 102  66  68  65  83  82  89 112  94 105 119]
  [  0  84   0 101  90  85  97  66  81  79  80 103 106]
  [  0  93 118   0  67  77  75 109  74  76  66  98  89]
  [  0  73 113  66   0 104  77  60  65  70 114 102  78]
  [  0 104  88  81  71   0  94  66  96 119  83  93  63]
  [  0 109  94  67 106  62   0 102  63  90  70  67  86]
  [  0  97  71  68 116  65  78   0  93 119 114  73  78]
  [  0 108  92  85 108 118  99  94   0  66 111  69 108]
  [  0  92  82 114  92  76  66 101  98   0  99  78 114]
  [  0  72 117 116  66  84  96  92 113 115   0 104  61]
  [  0 100  99  82  72  71 113  87  94 109  81   0  95]
  [  0 102  79 113  63  89  82 102  70 118 116  96   0]]

 [[  0  95 105  74  63  94  93  67  99  84  85  82  86]
  [  0   0  67  62  65  61  77 101 107 104 107 102 108]
  [  0  84   0 101  62  73  93  78  87  78  74 118 101]
  [  0  65  60   0  77 116  74  85  76 102  61  92  67]
  [  0  93 106  91   0  93  85  81 118 117 108  88  64]
  [  0  93  90  79  96   0  94  64  66  61  78  68  85]
  [  0  73  99 108  84  64   0 107 111  77 113  70 104]
  [  0  85 117 118 109  78  89   0  69  90  67  87  66]
  [  0 105  90  61  95  87 101 108   0  69  67 104 115]
  [  0  84 114  69  77  95  85  85 116   0  91  99 114]
  [  0 111  85  99 110 110  64  77  74 118   0  97 115]
  [  0  89  92  86  66 102  75 108  68  98  68   0  60]
  [  0  69 115  81 108 103  67  99 110  74  61  62   0]]

 [[  0  98  63  97  73  60  66  82  80  75  86  68  86]
  [  0   0  72  92 115  75  71  81  87 107  75 115  92]
  [  0 103   0 108  86 109  81 110  67 119  69 116  85]
  [  0  89  68   0 101  77 103  81  88  75  92  97  88]
  [  0  92 105  77   0  70  84  79  79  94  80  95  66]
  [  0  64 115  82 114   0  64  95  80 108  93  89 107]
  [  0  95  97  99  99 112   0 102 109 116  63  95 109]
  [  0  82  64  78 110  99  60   0 115 100  69  60  77]
  [  0 109  69  91  79  74  87  61   0  72 104  92  85]
  [  0  81  67  91  81  95  89 111  87   0  78  91 116]
  [  0  96  84  71  70 106  98  61  96  79   0  68  86]
  [  0  78 103  86 118 112  61  99 103  80  91   0  77]
  [  0  89  70 103 119  90  69  81  79  96  94  98   0]]

 [[  0  65 106  64  69  89  63  94  85 118  81  89  97]
  [  0   0  92  70  72 104 112  72  76 108 116 117  88]
  [  0  83   0  72  76  79  70  91  77 115 102  72  76]
  [  0  67  75   0  60  76  81 118  71  63  72  86  99]
  [  0  69  67  91   0  89 105  80  69  99  78  97  83]
  [  0  93 116  77  61   0 119 111  87 105  77 105  69]
  [  0 119 106  85 100  88   0 111 107 116  85 107  89]
  [  0  84  82  77  65 117 103   0  64 116  62  73  80]
  [  0  76  94 116  66  60 104  66   0 109 106  76  77]
  [  0  80 118  75  73 112 101  79 113   0 110  94  95]
  [  0  73  96  63  62  77  76  94  88  95   0 107  86]
  [  0 109 113  84  71  66  96 107  97  92 102   0  91]
  [  0  69 103  82  81  66  98  97 109 101  73  86   0]]

 [[  0  70 112  83  67  79 106  99  83  60  80  96  61]
  [  0   0 118  74  98 113  79  71 111  95  61  61 108]
  [  0 103   0  66  76 119 116 116  75  87 110  69  69]
  [  0  74  94   0  81  80 109  81 113 103 112 101 107]
  [  0 108 116  99   0  84  81  66 112 107  63  90 100]
  [  0 119  78  83 119   0  65  69 116 109  97  60  85]
  [  0  94  95 103 118 103   0  90  91 112  73 118  99]
  [  0  69  90 117  81  86  68   0 112  90  63  89  70]
  [  0  97  65  95  79 107  81 110   0  95 108  72  98]
  [  0 113  98  98 107  79 115  94  77   0  64  80  85]
  [  0  93 113  89  92 118  66 103  90  88   0 106  96]
  [  0  96  94 105  62 107  86  61  98 106  71   0  82]
  [  0 104  93  95  60  90  76  69  60 100  94  85   0]]

 [[  0  61  94  80  82  66  77  77  90  88 110  62  87]
  [  0   0  71  92 101 115 114  74 105 110  60 112  99]
  [  0 112   0  61  86 118  78  67  66  79 104  66  64]
  [  0 100  76   0 109 106  88  98  69 100 115  74  98]
  [  0  99  99 112   0  82 110  95 104 107  77 100  63]
  [  0 113 113  93 119   0  86  89  91  73 104  91  64]
  [  0  72  67  67 105  74   0 102 119  89  65  85 107]
  [  0  75  77 105  76  85  78   0 117 108 110 107  85]
  [  0  60 100 115  89 118 112  80   0  97  70 107  69]
  [  0  89 119  67 103  98  96  91  69   0  98  92  81]
  [  0 113  86 110 106  60 118 114  79 104   0  65  72]
  [  0  69  67  85 101  60  93  71  82  61  95   0 109]
  [  0  85 101  72  88  76  63  82  94  63  91 110   0]]

 [[  0 119  92  67  64  89  68  92  91  78  66 101  64]
  [  0   0 101  69 105 102 101  82  87  68  73  61  96]
  [  0 105   0  83  84 104  76  76  74 109  94 109  91]
  [  0  78  66   0  71 109 119  81  66  95  96  83  82]
  [  0  77 112  86   0  98 112  93  78  86 107  76 110]
  [  0  69  62  98 109   0  74  77 111  93 110 107  75]
  [  0  81  77  77  71 110   0 114  90  65  61 110  80]
  [  0  82  84 111  64 111 109   0  70  92 112  93  89]
  [  0 110  61 111  94 100 119  65   0  66  64  94  81]
  [  0  64  99  93  99  87 115 106  81   0  66  81 113]
  [  0  79 100 101  92  81  73 116  95  98   0 105 116]
  [  0  90 106  94  82 115 103  74  95 113  70   0  74]
  [  0 113  82  74  83 118  68  78  88 111  67  69   0]]

 [[  0  76 109 106  61  87 111  99 119  84  73  71 101]
  [  0   0 105  63  85  81 116 113  80 118 112  61 113]
  [  0 107   0  61 108  98 119 113 108 106  83  73 115]
  [  0 108 111   0 115 117  88  87  61 109  99  68 102]
  [  0  68  72 101   0 108 114 107  78 115  69  99  93]
  [  0 110 102  95  91   0 119  64  76 112  62 113  66]
  [  0 100  79 101  96  87   0  66 115  79  61  94  92]
  [  0  73  77  99  66  98  65   0  61 114  95 106 104]
  [  0  82  62  76  71 114  66  85   0  75  93  99  82]
  [  0 114 105  60 100 118  73  91  75   0  92  63  67]
  [  0 118 104 100  85  80 115  77  99  98   0 114  73]
  [  0  94  77 119  73 110  72  93  84  92 111   0  96]
  [  0  88 119  91  75  81 104  83  87 106  81  89   0]]

 [[  0 102  71  88  70  80  99  99  62 107  80 106  87]
  [  0   0  60 103 100  72  92 112 107  94 100  77  75]
  [  0 110   0 102  93  79  99 112  64  99  82  72  63]
  [  0  67 118   0  87  75  70 110 103 103  81 119 113]
  [  0  71  86 109   0  60 119  68  74  72 102 118  73]
  [  0  62  93 110  64   0 115 105  79 107  77  60  97]
  [  0  68 110  86  97 119   0  60 114  62  64  98  61]
  [  0 104  83 113 109  82 110   0  75  78  68  80  84]
  [  0  80  80  67  79 111  72  85   0 102  75  98  75]
  [  0  79 100  73  88  82  80  98  89   0 114 110  83]
  [  0  97 105  64 102  95  88 118  73  94   0 112  89]
  [  0  64  92  74  99 107 110  67 107  95  64   0  73]
  [  0  63  90  62  87  79 106  63 107  60  77  65   0]]

 [[  0  98  87  76  86  68  98 103 118  85  98  76  94]
  [  0   0  72  60 115  93  72 111 110  68 112  89  62]
  [  0  97   0  78 109 116  89  66 107  82  83 103 114]
  [  0  84 111   0  77  90  65  90  94  65  73 108  93]
  [  0  81  94  60   0  97  99 100  65  74  96 119  86]
  [  0 117 102 110  90   0  63  78  74  95  86  97 112]
  [  0  60  90  85  91  68   0  68  84  91  74 108  78]
  [  0 103  70  63 118  86  64   0  98  98 118  73  95]
  [  0  78  82  65 119 110 118  72   0  66  83  94  87]
  [  0 108 102  83 106 118  70 107  78   0  97  85 118]
  [  0  70  69  65  67 119 114 106  99  64   0  73  80]
  [  0 106  64  71  96 106  84  64  82 116 114   0  70]
  [  0  86 107  82 103 118  95 108  62  76 105  83   0]]]
 delivery_times
 [[  0 146 122 153 169 137 119 161 194 197 179 107 137 197 150 175 146 182
  115 153 101 135 160 176 132 123 177 143 112 106 103 117 119 107 148 148
  179 142 198 149 125 182 179 183 172 158 109 148 150 166 136 151 193 106
  164 105 190 198 112 194 153 128 163 196 111 102 184 114 176 159 187 139
  163 130 112 103 123 181 151 163 130 174 140 160 131 177 176 143 187 175
  132 169 193 188 179 168 173 164 192 152 146 139 103 157 185 197 100 104
  198 115 188 107 186 187 161 122 157 196 169 127 135]
 [  0 199 113 173 194 115 139 124 156 194 126 149 134 151 132 173 118 159
  132 183 192 156 132 133 184 100 107 173 170 102 189 145 121 161 196 164
  121 116 177 147 179 188 148 161 119 131 118 122 135 175 118 136 152 180
  153 167 158 146 149 104 125 145 183 151 133 141 160 151 100 149 169 135
  183 100 183 152 180 136 160 181 139 141 131 179 152 139 168 142 126 129
  111 167 168 179 197 172 108 135 176 190 163 118 186 118 172 190 173 149
  168 102 157 191 126 158 117 117 132 172 183 136 137]
 [  0 154 142 184 163 185 103 187 147 105 189 187 140 184 136 113 144 177
  183 164 152 114 161 105 167 175 199 129 137 177 190 190 181 120 101 199
  100 143 103 108 155 133 134 196 175 139 146 182 173 130 161 130 147 171
  119 180 113 194 117 157 137 123 190 164 123 116 186 144 115 190 136 122
  160 107 105 122 198 161 100 141 144 174 140 126 144 134 192 135 166 110
  106 176 151 168 194 189 175 125 117 179 122 115 180 170 142 120 162 180
  183 176 107 108 194 109 121 171 172 121 198 142 112]
 [  0 121 195 121 120 178 154 104 103 139 155 117 128 166 157 178 109 157
  126 120 178 162 108 118 180 159 178 178 138 167 105 158 141 147 139 132
  142 192 166 179 184 142 137 169 160 153 158 128 134 105 197 166 141 165
  147 148 150 127 179 133 166 187 151 157 194 169 149 146 194 146 117 111
  180 152 194 133 107 145 161 187 188 148 198 119 170 123 172 176 189 121
  184 189 134 171 168 113 180 185 141 132 127 182 122 176 108 189 129 169
  174 145 152 178 158 181 190 148 163 179 140 112 143]
 [  0 180 169 133 101 127 130 163 126 184 175 142 145 175 195 199 186 185
  168 173 167 139 149 117 110 175 103 121 102 166 111 120 195 124 110 198
  177 107 181 175 157 100 149 143 157 198 142 144 152 113 160 149 193 128
  111 165 134 149 170 174 160 134 198 148 138 141 147 172 104 119 120 163
  102 105 121 131 130 193 148 173 193 150 171 153 155 158 187 163 153 130
  123 130 128 139 111 184 138 147 101 106 185 117 127 103 192 100 138 160
  183 178 148 134 185 106 144 100 179 151 149 106 160]
 [  0 142 138 120 162 134 193 114 104 111 189 128 104 123 153 133 160 157
  109 150 189 100 117 145 100 164 112 147 122 119 117 148 103 115 121 173
  168 122 172 107 188 126 110 171 113 166 129 167 114 148 121 171 155 124
  124 191 130 138 106 147 144 123 129 161 188 120 125 192 113 102 167 196
  180 101 105 111 178 135 157 130 110 147 125 167 180 148 103 166 170 154
  173 106 189 198 193 100 168 152 108 129 138 153 170 158 136 174 182 123
  122 122 155 128 168 177 152 167 148 137 139 181 162]
 [  0 107 130 113 183 187 197 167 158 141 158 128 163 107 147 112 122 160
  127 141 176 105 151 106 186 150 151 170 114 129 162 179 131 120 147 145
  134 133 169 156 174 122 165 131 195 135 110 170 157 111 182 156 133 125
  157 185 107 144 139 110 116 170 190 176 115 146 174 120 116 150 136 168
  105 153 194 108 163 187 187 112 191 112 100 195 171 195 151 164 162 175
  119 121 178 191 135 188 113 175 103 177 196 165 115 111 192 157 175 140
  146 104 131 102 103 109 153 175 153 116 123 173 104]
 [  0 193 174 108 136 153 102 154 198 172 149 176 157 114 169 152 153 102
  181 140 112 198 106 149 137 151 105 171 185 194 189 198 155 193 139 198
  114 114 142 162 171 102 100 181 192 129 166 115 181 148 188 190 154 153
  138 162 131 149 101 142 102 156 100 108 122 132 111 164 163 176 159 128
  180 152 108 198 190 199 187 112 168 135 167 133 186 139 180 174 117 160
  113 151 199 103 123 109 193 100 113 181 108 190 169 181 124 115 139 123
  175 178 136 154 114 193 190 141 109 152 128 154 115]
 [  0 143 151 104 104 114 141 111 149 132 160 196 147 122 193 113 111 128
  175 106 125 138 108 135 143 125 175 188 123 147 117 107 164 153 144 122
  190 106 163 196 147 121 102 192 106 167 196 121 152 150 182 118 130 164
  123 190 163 127 173 136 143 159 156 163 145 166 119 146 116 146 106 163
  165 111 159 170 165 129 185 188 125 144 168 122 130 149 156 132 180 122
  113 150 117 114 143 167 186 188 194 159 114 172 171 140 132 187 160 113
  159 109 159 136 191 197 133 126 137 193 149 119 138]
 [  0 136 130 128 150 135 182 155 109 133 159 129 168 147 159 175 151 154
  169 118 139 131 129 163 145 165 117 193 181 186 152 106 104 134 122 137
  151 153 171 110 119 173 190 174 118 141 192 127 198 198 122 105 178 126
  161 102 114 152 111 176 112 176 179 141 158 150 172 135 176 177 124 103
  127 171 184 195 185 162 153 120 123 121 150 107 110 114 186 171 150 160
  120 167 102 122 194 141 167 131 142 101 107 133 171 119 103 110 135 183
  100 177 118 148 187 164 121 123 160 153 174 165 110]]
 job2fam
 [[1 0 0 0 0 0 0 0 0 0 0 0 0 0 0 0 0 0 0 0 0 0 0 0 0 0 0 0 0 0 0 0 0 0 0 0
  0 0 0 0 0 0 0 0 0 0 0 0 0 0 0 0 0 0 0 0 0 0 0 0 0 0 0 0 0 0 0 0 0 0 0 0
  0 0 0 0 0 0 0 0 0 0 0 0 0 0 0 0 0 0 0 0 0 0 0 0 0 0 0 0 0 0 0 0 0 0 0 0
  0 0 0 0 0 0 0 0 0 0 0 0 0]
 [0 0 0 0 0 0 1 0 0 0 0 0 0 0 1 0 0 0 0 0 0 0 0 0 0 0 0 0 0 0 0 0 0 0 0 1
  0 0 0 0 0 0 0 0 0 0 0 0 0 0 0 0 1 0 0 0 0 0 0 0 0 0 0 0 0 1 0 0 0 0 0 0
  0 1 0 0 0 1 0 0 0 0 0 0 0 0 1 0 0 1 0 0 0 0 0 0 0 0 0 0 0 0 0 0 0 0 0 0
  0 0 0 0 0 0 0 0 0 0 0 0 0]
 [0 0 1 0 0 0 0 0 0 0 0 1 0 0 0 0 0 0 1 0 0 0 0 0 0 1 0 0 0 0 0 1 1 0 0 0
  0 0 0 0 0 0 0 0 0 0 0 0 0 0 0 0 0 0 0 0 0 0 0 0 0 0 0 0 0 0 0 0 0 0 0 0
  0 0 1 0 0 0 0 0 1 0 0 0 0 0 0 0 0 0 0 0 0 0 1 0 0 0 0 0 0 0 0 0 0 0 0 1
  0 1 0 1 0 0 0 0 1 0 0 0 0]
 [0 0 0 0 0 0 0 0 0 0 0 0 0 0 0 0 0 1 0 0 0 0 0 0 0 0 0 0 0 1 0 0 0 0 0 0
  0 0 0 0 0 0 0 0 0 0 0 0 0 0 0 0 0 0 0 0 0 0 0 0 0 0 0 1 0 0 0 0 0 0 0 0
  0 0 0 0 0 0 1 0 0 0 1 0 0 0 0 0 0 0 0 0 0 0 0 0 0 0 0 0 0 0 1 0 0 0 0 0
  0 0 1 0 0 0 0 0 0 0 1 0 0]
 [0 0 0 0 0 0 0 0 0 0 1 0 0 0 0 0 0 0 0 0 0 1 0 0 0 0 1 1 0 0 1 0 0 0 0 0
  0 0 0 0 0 0 0 0 0 0 0 0 0 0 1 0 0 1 0 0 0 0 0 0 1 0 1 0 0 0 0 0 0 0 0 0
  1 0 0 0 0 0 0 0 0 0 0 0 0 0 0 0 0 0 0 0 0 0 0 0 0 1 1 0 0 0 0 0 1 0 0 0
  0 0 0 0 0 0 0 0 0 0 0 0 0]
 [0 0 0 0 0 0 0 1 0 0 0 0 0 0 0 0 0 0 0 0 0 0 0 0 0 0 0 0 0 0 0 0 0 0 0 0
  0 0 0 0 0 0 0 0 0 0 1 0 1 0 0 0 0 0 0 0 0 0 0 0 0 0 0 0 0 0 0 0 0 0 0 1
  0 0 0 0 0 0 0 0 0 0 0 0 0 0 0 0 1 0 0 1 0 0 0 0 0 0 0 0 0 0 0 0 0 0 0 0
  0 0 0 0 0 0 0 0 0 0 0 0 0]
 [0 1 0 1 0 0 0 0 0 0 0 0 0 0 0 1 0 0 0 0 0 0 0 0 0 0 0 0 0 0 0 0 0 0 0 0
  0 0 0 0 0 0 0 0 0 0 0 0 0 0 0 0 0 0 0 0 0 0 0 0 0 0 0 0 0 0 0 0 0 0 0 0
  0 0 0 1 0 0 0 0 0 0 0 0 0 0 0 0 0 0 0 0 0 0 0 0 0 0 0 0 0 0 0 1 0 0 0 0
  0 0 0 0 0 1 0 0 0 0 0 1 1]
 [0 0 0 0 1 0 0 0 0 0 0 0 0 0 0 0 0 0 0 0 0 0 0 0 0 0 0 0 0 0 0 0 0 0 1 0
  0 0 1 0 1 1 0 0 0 0 0 0 0 0 0 0 0 0 0 0 0 1 0 1 0 0 0 0 1 0 0 0 0 0 0 0
  0 0 0 0 1 0 0 0 0 0 0 0 0 0 0 0 0 0 0 0 1 0 0 1 0 0 0 0 0 0 0 0 0 0 0 0
  0 0 0 0 0 0 0 0 0 0 0 0 0]
 [0 0 0 0 0 0 0 0 1 0 0 0 1 0 0 0 0 0 0 0 1 0 1 0 0 0 0 0 0 0 0 0 0 1 0 0
  0 0 0 0 0 0 0 0 0 0 0 1 0 0 0 0 0 0 0 0 0 0 0 0 0 0 0 0 0 0 0 1 0 0 0 0
  0 0 0 0 0 0 0 0 0 0 0 0 1 0 0 0 0 0 1 0 0 0 0 0 0 0 0 0 1 0 0 0 0 0 1 0
  0 0 0 0 1 0 0 0 0 0 0 0 0]
 [0 0 0 0 0 0 0 0 0 0 0 0 0 0 0 0 0 0 0 0 0 0 0 0 0 0 0 0 0 0 0 0 0 0 0 0
  0 0 0 1 0 0 0 1 1 0 0 0 0 0 0 0 0 0 1 0 0 0 0 0 0 0 0 0 0 0 0 0 0 0 0 0
  0 0 0 0 0 0 0 0 0 0 0 0 0 1 0 0 0 0 0 0 0 0 0 0 0 0 0 0 0 0 0 0 0 1 0 0
  0 0 0 0 0 0 0 0 0 1 0 0 0]
 [0 0 0 0 0 0 0 0 0 0 0 0 0 0 0 0 0 0 0 0 0 0 0 0 1 0 0 0 0 0 0 0 0 0 0 0
  0 0 0 0 0 0 0 0 0 0 0 0 0 1 0 1 0 0 0 0 0 0 0 0 0 1 0 0 0 0 0 0 1 1 1 0
  0 0 0 0 0 0 0 0 0 1 0 0 0 0 0 1 0 0 0 0 0 0 0 0 1 0 0 0 0 0 0 0 0 0 0 0
  1 0 0 0 0 0 0 1 0 0 0 0 0]
 [0 0 0 0 0 1 0 0 0 1 0 0 0 0 0 0 1 0 0 0 0 0 0 0 0 0 0 0 0 0 0 0 0 0 0 0
  1 1 0 0 0 0 1 0 0 0 0 0 0 0 0 0 0 0 0 0 0 0 0 0 0 0 0 0 0 0 0 0 0 0 0 0
  0 0 0 0 0 0 0 1 0 0 0 0 0 0 0 0 0 0 0 0 0 1 0 0 0 0 0 1 0 1 0 0 0 0 0 0
  0 0 0 0 0 0 1 0 0 0 0 0 0]
 [0 0 0 0 0 0 0 0 0 0 0 0 0 1 0 0 0 0 0 1 0 0 0 1 0 0 0 0 1 0 0 0 0 0 0 0
  0 0 0 0 0 0 0 0 0 1 0 0 0 0 0 0 0 0 0 1 1 0 1 0 0 0 0 0 0 0 1 0 0 0 0 0
  0 0 0 0 0 0 0 0 0 0 0 1 0 0 0 0 0 0 0 0 0 0 0 0 0 0 0 0 0 0 0 0 0 0 0 0
  0 0 0 0 0 0 0 0 0 0 0 0 0]]
