params：
 weight-->(1, 10)
 proc_times-->(1, 100)
 setup_times-->(15, 30)
 delivery_times-->(170, 200)
 job_rate-->16

start:
alpha_1
16
 alpha_2
0.5
 mach
10
 job
160
 fam
5
 weigh
 [[0 5 9 7 9 6 8 3 1 7 5 9 5 5 3 4 7 2 6 8 6 4 8 7 9 2 3 7 7 3 4 7 8 8 1 9
  5 3 8 5 3 1 3 8 5 8 6 4 8 3 4 1 6 9 8 4 9 3 5 2 6 1 5 4 2 5 7 8 7 9 7 5
  8 5 4 1 7 8 2 3 4 6 5 3 7 4 4 2 4 4 1 8 6 6 2 3 8 8 4 6 9 9 9 1 7 4 5 8
  7 2 8 4 9 2 2 7 8 8 3 7 6 9 6 3 7 9 3 4 8 7 4 4 8 3 8 2 9 8 2 7 1 7 8 4
  5 7 8 4 1 8 3 9 6 8 5 2 4 7 2 5 4]]
 proc_times
 [[  0  24  94   9  96  43  14  19  28  58  75  57   1  19   9  52  88  61
   29  13  95  71  35  55   3   6  73  60  76  61  42  27  96   7  32  28
   48  71  88  14  60  40  52  60  59  59  31  75  52  80  43  56  35  43
   45  73   5  46  15  40  70  58 100  56  15  16  24  58  13  15  41  45
   12  50 100  15  89   2  68  95   1  60  26  48  57  45  21  75  16  82
   63  10  72  19  97  78  46  34  53  28  25  62  90  55  49  94  71  16
   36  50  40  26  27  48  75  68   5  85  26  74  19  58  34  83  86  37
   11  19  68  50  27  33  67  33  76  17  71  44  79  46  56  52  42  76
   64  12  74  57  67  43  65  78 100  27   2  95  25  64  24  47  57]
 [  0  58   5   7  82  96  96  20  59   7  20  71  65  88  17  69  14  65
   83   8  94 100  12  68  66  67  61  39  70  70  79  61  97  85  70  17
   93  50  71  57  52  11  64   7  93  12  54  60  46   5  97  54  32  66
   57  28  32  27  91  85  68  27  88  34  48  46   9  91  99  72  20   4
   71  55  47  69   9  38  30  62  49  86  63  81  96  89  61   3  52  65
   38   3  13  32  57  67   3  26  59   2   2  25  15  65  16  40   5  79
   93  58  25  63  79  18  88  52  18  94   3  34  56  37  36  19  37  83
   69   5  47  11  88  39  63  69  49  22  20  23  80  63  18  88  49  28
   64  88  52  33  23  62  87  81  41  88  79  45  79  40  96   5  49]
 [  0  33   5  31  63  90  16  59  27  99  44  72  16  97  55  99  35  31
   41  66  56  94  75  27  55  86  32  32  71  94  93  31  34  78  15  22
   89  12  67  81  50   5  94  70  15  19  28  18  75  62  17  61  77  89
   47  32  85  45   1  29  63   7  64  37  57  90  84  91  75  34  52  23
   99  51  97  11  64  75  30  11  48  43  31  79 100  63  24  72  99  39
   18  88  94  76  60  47  37  27  93  11  13  87   8  51   5  28   5  21
   81  39  76  71  70  53  66  32  41  87  74  83   2  79  85  75 100  45
   34   8  47   4  32  18  40  67  11  65  73  82  21  99  66  12  27  48
    2  30  58  27  22  71  26  31  77  93  83   4  66  53  77  20  47]
 [  0  58  25  75   3   3  86  81  95  10  18  72  26  50  81  90  99  18
   44   5  67  78  23  95  33  25  61  95  71  51  16  92  94  41  36  57
   30  54  84  75   1   5  68   6  76  72   8  62  77  46   2  90  34  72
   83  68  87  65  76  43  78  90  96  94 100  23  79  20  32  90  19  13
  100  17  42  80  39  57  45  50  52  49  30  49  62  66  25  11  83  80
    7  64  72  66  14  74  60  89  13  37  75  70  63  52  42  60  27  53
   56  89  91  67  74  93  79  53  19  96  16  55  55  93  63  78   5  14
   18  43   8  13  40  38  56  28  94  29  58   1  57   5  88  10  79  29
   44  53  26  30  77  12  96  68  21  12  27  13  74   9  13  79  63]
 [  0  34  65  16  86  87  43  61  19  87  21  33   3  80  69   8  23  32
    1  60  80  34  80  83  49  73  66  76   4  18  89  59  90  41  92  54
   56  17  93  76  99  19  45  77  51  59  50  66  79  53  53  35  27  98
   41  99  78  87   7  33  41  15  44  81  17  83  74  48  20  75  68  94
   86  45  42  97  15  50  43  44  64  96  25  40  84  46  60  65  10  18
   40  23  82   2  90 100  40  63  13  98  11  46  89  12  86  30  16  90
   55  52  29  54  71  94  19  91  68  86  58  99  81  84  63  16  41  13
    2  58   2  54  55  82  24  64  61  58  75  93  50  13  24  86  61  55
   62  86  69  61  62   8  55  24  18  93  14  15  23  25  41  30  95]
 [  0   2  34   3  23  62  53  16  96   6  24  56  79  79  20  54  88  13
   43  53  49  60  16  38  29  13  60   8  82  88  44  28  82  85   9  50
   94  86  51  14   8  75  58  52  19  86  89  17  69  56  26  80  45  95
   40  76  58  84   8  12  23  44   7  55  69  65  41  27  80  97  22  22
    2  80  63  36  60  13  65  92  93  34  35  90  95  66  85  43   9  61
   96  19  83  21  58  33   9  95  46  86  47  61  75  62  29  41  34  28
   21  51  25  38  55  80  72 100  74  21  99  18  83  45   1  10  28  51
   80  19  59  97   1  52  96  81  96   7   1  71  33  71   9  72  98  18
   18  35  67  54  69  25  45   6  88  56  24  10  65   4  18  60  86]
 [  0  38  75  37  92  29  18  92  10  93  55  79  60  40  34  46  40  37
   29  61  97  10  45   7  13  30  77  93  73  64   5  73  70  27  20  90
   68  63  30  27  23  42  47   5  79   2  51  84  48  88  51  81  44  31
   81   6   9  63  52  58  49  68  65  96  33  25   9   5   7  13  69   8
   98  89  88  97  63  18  42   9  59  40  90  60  99   9  68  91  84  14
   66  11   3  63  79  51  61  53  38  19  92  29  94  27  86  45   7  41
   87  10  70  21  53  26  50  70  31  68  49  79  81  21  11   4  14  12
   50  54  11  86  21  50  36  58  49  18  89  74  52  20  56  74  27  48
   85  24  33  21  57   5  84  81  33  11  53  83  87  19  55  13  63]
 [  0  44   2  47  97  24  59  16  41  35   2  80  25  71  83  25  48  74
   49  48  58   4  15  97  80  30  48  65  97  88  46  57  55  55  94  18
   94  75  94  99   2  18  88   2  66   7  16  49  85  76  94  99  30  69
   75  59  77  23  55  78  95  48  29  91  98  55  49  65  55  43  21   4
    4  28  67  40  55  91  55  98  65   9  80  57  38  28  45  50  74  21
   57  63  14  27  89  19  31  72  13  25  73  85  44  10  50  36   6  56
   98  15  94  54  25  66  83   9   5  88  53  77  54  47  51  11   5   2
   86  29  96  75  67  32  71  34  59  18  49   4  89  44  26  52  46  62
   62  42  89  32  24  20  99  28   1  14  26  60  28  66  55  93  30]
 [  0  57  58  98  90  45 100   7  11  76   7  57  43  31  40  34  38   4
    1  57  43  76   4   7  46  34  22  73   7  86  52  75  62  62  18  19
   90  84  10  30  66  11  87  60  11  42   4  36  77  10  82  71  64  32
  100  19  70  21  11  79  99   6  89  73  32  71  21  71  31  89  47  18
    7  72  40  94  34  33  30  28  81  10  26   1  74  25  95  80  95  15
   78  76  35  19   7  54  80  67  83  23  13  88  55  63  78  66   5  57
   92  19  93  61  81  70  34  37  81  27  45  17  43  88  35  48  28   5
   68  26  53  44  99  38  74  91  99  43  86  40  63  53   6  68  67  86
    1  45  36  16  76  55  42  26  23  14  45  12  83   4  47  83  77]
 [  0  61   4   2   5  44   4  53  58  74  79  56  62  42  13 100  25  45
   62  78   1  19   3  83   8  49  26  85  55  62  20  82  47  91  94  74
   98   3  36  60  66  75  89  97  13  42  59  23  47  37   2  27  93  15
   81  48   5  94  65  20  18  88  99  90  22   5  63   9  38  70  64  37
   16  83  13  17  98  76  74  24  98  23  11  80  43  93  42  53  41  65
   21  80  13  23  95  80  12  38  65  16  21  12  78  82  83  58  80  60
   12  98  82  31  95  31  78  81  58  31  44  58  77  88  90  77  35  62
   20  61  18   2   7  47  58  42  53  10  89  20  55  21  29  40  16  11
  100   4  64  77  69   6  63   8  77  87  34  86  62  24  51  68  74]]
 setup_times
 [[[ 0 17 24 28 25 24]
  [ 0  0 21 24 29 18]
  [ 0 28  0 16 19 20]
  [ 0 28 19  0 23 21]
  [ 0 21 15 16  0 20]
  [ 0 27 20 16 21  0]]

 [[ 0 29 29 18 26 17]
  [ 0  0 17 18 25 19]
  [ 0 23  0 16 25 18]
  [ 0 29 28  0 29 22]
  [ 0 17 20 23  0 20]
  [ 0 19 21 24 25  0]]

 [[ 0 18 24 28 22 23]
  [ 0  0 24 22 16 16]
  [ 0 25  0 21 29 23]
  [ 0 26 17  0 27 29]
  [ 0 23 28 15  0 21]
  [ 0 20 23 17 23  0]]

 [[ 0 27 29 20 27 24]
  [ 0  0 22 16 28 21]
  [ 0 20  0 28 27 29]
  [ 0 22 26  0 29 20]
  [ 0 19 15 21  0 17]
  [ 0 17 18 25 26  0]]

 [[ 0 27 29 16 22 18]
  [ 0  0 19 22 21 20]
  [ 0 27  0 25 15 23]
  [ 0 24 18  0 18 29]
  [ 0 18 26 19  0 15]
  [ 0 26 15 19 17  0]]

 [[ 0 22 19 24 27 17]
  [ 0  0 22 17 29 29]
  [ 0 17  0 25 26 25]
  [ 0 21 16  0 17 25]
  [ 0 29 22 28  0 28]
  [ 0 21 27 29 16  0]]

 [[ 0 21 25 16 18 18]
  [ 0  0 26 27 29 25]
  [ 0 16  0 23 18 29]
  [ 0 24 19  0 20 26]
  [ 0 23 27 23  0 26]
  [ 0 23 26 19 26  0]]

 [[ 0 29 20 17 29 22]
  [ 0  0 28 27 23 15]
  [ 0 18  0 24 29 26]
  [ 0 27 17  0 21 21]
  [ 0 23 24 24  0 25]
  [ 0 24 25 27 20  0]]

 [[ 0 29 27 16 23 23]
  [ 0  0 28 15 23 20]
  [ 0 23  0 22 22 25]
  [ 0 29 24  0 16 22]
  [ 0 16 23 29  0 15]
  [ 0 29 25 22 23  0]]

 [[ 0 21 24 16 28 21]
  [ 0  0 24 21 19 28]
  [ 0 15  0 26 20 27]
  [ 0 22 20  0 21 28]
  [ 0 25 29 17  0 21]
  [ 0 17 26 19 22  0]]]
 delivery_times
 [[  0 178 175 183 189 198 171 189 195 170 188 172 182 179 171 182 198 180
  195 194 180 183 196 186 175 192 191 199 192 178 174 188 186 192 175 194
  180 180 185 183 177 199 193 191 195 170 173 189 192 190 182 178 199 193
  180 177 181 197 178 192 187 184 187 170 189 175 180 178 179 189 170 181
  176 182 186 172 192 180 174 197 183 174 182 181 189 198 177 172 196 179
  173 176 179 174 195 196 177 190 175 184 196 177 192 183 181 188 185 171
  173 198 189 189 190 170 183 189 191 179 182 192 183 173 185 193 199 186
  198 190 170 172 193 171 180 187 194 172 184 193 197 198 197 174 177 173
  175 185 194 196 172 170 181 182 173 191 192 199 191 172 188 190 179]
 [  0 172 182 179 189 194 172 198 179 179 189 192 180 190 190 184 170 182
  199 178 181 196 186 196 197 183 186 184 170 191 185 199 172 197 183 172
  180 181 198 179 173 191 181 180 190 196 171 173 190 197 184 172 188 189
  191 172 195 175 180 171 181 194 187 172 171 192 196 196 171 183 197 199
  185 196 196 179 184 184 185 187 195 179 197 176 193 187 189 187 198 174
  187 174 182 176 192 175 182 181 192 187 170 187 193 191 182 173 196 178
  181 192 195 178 191 198 172 180 188 190 174 190 190 182 191 178 170 182
  179 196 189 183 191 197 190 174 188 188 194 193 189 172 174 170 186 184
  177 197 179 176 194 196 175 190 184 189 181 172 178 179 185 191 187]
 [  0 197 195 176 180 177 183 184 174 193 181 188 188 173 192 192 172 170
  187 195 171 190 175 176 193 187 183 180 187 187 187 170 181 199 174 182
  178 199 170 178 179 173 197 184 196 175 179 176 189 189 199 180 188 174
  172 190 192 185 199 183 188 193 197 191 177 193 193 175 185 173 192 198
  197 173 199 191 181 174 191 173 191 191 193 185 182 190 198 183 189 177
  188 177 190 197 199 174 181 173 186 183 187 193 173 188 195 186 174 178
  181 176 177 191 193 187 170 195 187 187 183 194 192 188 180 190 189 198
  174 183 186 178 194 185 190 176 172 178 184 182 198 178 187 186 182 185
  192 195 186 196 180 175 197 193 181 174 198 186 190 178 172 178 196]
 [  0 178 189 183 170 188 179 183 196 184 192 180 195 171 177 179 187 197
  181 184 171 184 172 175 193 183 194 174 183 178 190 186 191 190 176 178
  182 180 188 172 192 181 173 175 170 170 170 186 199 175 173 178 196 197
  176 170 187 198 195 171 197 196 188 190 175 177 181 178 193 173 176 183
  192 171 194 171 187 196 188 196 191 196 193 177 171 192 171 171 187 173
  175 179 199 180 184 189 175 191 195 187 188 174 182 170 174 199 184 178
  187 186 179 184 185 177 198 197 195 184 195 191 179 181 179 184 183 194
  191 187 188 178 183 171 178 186 177 187 199 176 185 196 190 191 190 175
  175 172 196 177 196 182 184 170 195 182 173 189 181 191 170 193 172]
 [  0 175 197 186 190 170 187 182 190 198 172 187 192 184 188 177 170 189
  172 178 178 194 190 182 190 187 170 197 182 184 184 181 197 184 190 177
  170 192 181 170 181 173 172 173 190 183 175 189 172 178 188 180 170 175
  187 172 173 186 190 193 180 170 185 172 199 199 199 172 180 171 185 181
  190 188 196 183 196 198 194 181 198 184 174 188 190 192 189 174 193 184
  178 176 194 176 187 198 176 195 183 178 197 174 189 186 186 192 198 177
  199 179 190 182 180 170 193 198 181 187 176 171 170 178 193 186 189 170
  175 182 170 170 172 182 199 174 187 190 198 191 187 181 174 178 178 171
  172 188 193 173 191 183 174 187 190 197 191 176 181 173 182 174 193]
 [  0 188 182 184 191 199 197 191 193 173 198 172 188 185 187 194 183 188
  199 191 171 195 194 185 170 188 194 174 190 198 196 197 183 189 177 172
  182 183 185 181 176 176 196 175 195 174 195 198 191 172 198 188 184 196
  172 181 192 190 196 172 177 196 180 189 176 175 188 195 180 191 192 173
  186 197 182 192 172 187 195 172 186 181 186 197 193 189 174 190 191 182
  195 188 196 173 176 182 198 180 180 185 185 195 189 179 199 181 174 179
  187 175 197 188 183 184 178 171 196 185 181 186 178 197 175 191 183 174
  183 182 176 173 175 179 175 171 193 191 185 197 180 195 195 176 174 182
  188 180 181 196 171 181 195 176 189 180 182 177 196 191 183 171 191]
 [  0 187 174 184 177 189 180 195 190 180 192 170 187 181 171 182 187 185
  176 182 194 194 197 190 187 194 195 185 183 181 174 184 170 178 196 175
  182 198 186 193 179 193 180 173 170 189 182 170 193 198 194 187 171 199
  187 197 183 177 190 179 183 177 193 193 181 187 187 189 181 179 176 187
  182 179 188 192 199 186 181 197 190 173 196 182 181 183 194 175 181 175
  173 194 196 179 187 188 199 175 172 196 195 179 182 183 182 178 191 173
  180 182 180 177 184 195 182 186 181 192 185 186 175 188 198 191 197 190
  199 179 194 192 177 184 175 186 190 172 176 199 186 183 176 183 188 197
  171 186 170 179 193 178 194 191 184 173 172 180 190 199 189 180 180]
 [  0 198 184 191 194 176 170 197 188 179 187 172 188 183 196 185 192 189
  189 199 180 174 189 175 181 184 196 187 189 184 182 178 191 197 187 185
  198 191 174 193 172 170 184 176 196 193 172 189 190 199 186 181 180 185
  170 191 183 170 180 174 194 193 186 173 183 173 187 192 197 175 193 197
  194 171 196 187 171 191 197 189 189 177 177 196 183 173 186 173 187 187
  188 179 170 177 181 171 177 171 199 183 176 188 188 170 190 175 179 181
  184 182 183 171 193 187 199 187 170 178 171 179 180 193 180 194 170 185
  179 184 191 195 179 192 173 189 176 184 183 189 172 181 190 197 170 192
  186 174 183 181 170 176 181 195 195 186 179 179 186 183 197 191 182]
 [  0 195 174 195 179 199 195 182 181 173 180 198 196 196 171 176 181 172
  173 195 194 175 173 170 192 194 193 178 194 194 182 194 199 185 193 172
  194 174 196 174 179 187 186 189 178 193 187 174 198 193 194 170 198 176
  182 182 177 185 182 192 176 191 189 180 177 191 196 190 192 198 197 196
  197 192 191 191 178 189 199 175 199 198 176 188 198 170 179 182 180 189
  175 191 178 172 176 191 180 183 182 198 197 176 191 184 197 170 175 193
  183 186 172 198 188 182 173 189 193 184 175 183 190 181 181 198 177 173
  191 173 177 190 179 194 198 176 195 176 192 183 197 192 187 199 179 190
  193 192 196 199 182 172 188 193 197 180 170 183 178 187 192 176 199]
 [  0 191 188 196 196 179 187 198 178 178 199 194 190 174 172 187 199 181
  172 198 181 179 172 191 193 182 171 195 173 172 172 185 190 184 173 182
  197 185 178 195 179 188 173 180 192 170 179 180 195 192 184 174 187 182
  197 195 182 173 187 197 170 172 189 176 197 188 174 187 188 193 184 191
  182 187 178 187 170 193 185 187 185 183 175 194 186 195 175 182 193 196
  175 180 188 179 172 199 190 180 179 192 173 179 175 184 172 198 192 185
  182 170 189 195 184 184 194 178 184 199 173 190 192 184 195 184 193 199
  198 193 190 179 186 174 176 177 192 182 170 181 172 197 175 179 197 191
  170 184 185 176 178 177 189 179 193 190 197 196 184 188 185 195 181]]
 job2fam
 [[1 0 0 0 0 0 0 0 0 0 0 0 0 0 0 0 0 0 0 0 0 0 0 0 0 0 0 0 0 0 0 0 0 0 0 0
  0 0 0 0 0 0 0 0 0 0 0 0 0 0 0 0 0 0 0 0 0 0 0 0 0 0 0 0 0 0 0 0 0 0 0 0
  0 0 0 0 0 0 0 0 0 0 0 0 0 0 0 0 0 0 0 0 0 0 0 0 0 0 0 0 0 0 0 0 0 0 0 0
  0 0 0 0 0 0 0 0 0 0 0 0 0 0 0 0 0 0 0 0 0 0 0 0 0 0 0 0 0 0 0 0 0 0 0 0
  0 0 0 0 0 0 0 0 0 0 0 0 0 0 0 0 0]
 [0 0 0 0 0 0 0 0 0 0 0 0 0 0 0 0 0 1 0 0 0 0 0 0 0 0 0 0 0 0 0 0 0 0 1 0
  0 1 0 0 0 0 0 1 0 0 0 0 0 0 0 0 1 1 1 1 1 1 0 1 0 0 0 0 0 0 0 0 0 0 0 0
  0 1 0 0 0 1 0 1 1 1 0 0 0 0 0 0 0 0 0 0 0 0 1 0 1 0 0 0 0 0 0 0 0 0 1 0
  0 0 1 0 0 0 1 0 0 0 0 0 1 1 0 0 0 0 0 0 0 1 0 0 0 0 0 0 0 0 0 0 0 0 0 0
  0 0 1 0 0 0 0 0 0 0 0 0 0 0 1 0 0]
 [0 0 0 0 0 1 1 0 0 0 1 0 0 0 0 0 0 0 0 0 0 1 1 0 0 0 0 0 0 0 0 0 0 1 0 1
  0 0 0 1 1 0 0 0 0 0 0 0 0 0 0 0 0 0 0 0 0 0 0 0 0 0 0 0 0 0 0 0 0 0 0 1
  0 0 0 1 1 0 0 0 0 0 1 0 1 1 1 1 1 0 1 0 0 1 0 0 0 0 0 1 1 0 0 0 0 0 0 0
  0 1 0 0 0 1 0 0 0 0 0 0 0 0 0 0 1 1 0 0 0 0 0 0 1 0 0 0 0 1 0 0 0 0 1 0
  0 0 0 0 1 1 0 0 0 1 1 0 0 0 0 1 0]
 [0 1 0 1 0 0 0 1 0 0 0 1 0 0 1 1 0 0 1 0 1 0 0 1 1 1 0 0 0 0 0 1 0 0 0 0
  1 0 0 0 0 0 1 0 0 1 1 1 1 1 1 0 0 0 0 0 0 0 1 0 1 0 0 1 0 1 0 0 1 0 0 0
  0 0 1 0 0 0 1 0 0 0 0 1 0 0 0 0 0 0 0 0 0 0 0 0 0 0 0 0 0 0 1 0 0 0 0 0
  0 0 0 1 0 0 0 0 0 0 1 0 0 0 1 0 0 0 0 0 0 0 1 1 0 0 0 1 0 0 0 0 0 0 0 0
  0 0 0 1 0 0 0 0 0 0 0 0 0 1 0 0 1]
 [0 0 1 0 0 0 0 0 0 1 0 0 1 0 0 0 0 0 0 1 0 0 0 0 0 0 0 0 0 0 0 0 0 0 0 0
  0 0 0 0 0 1 0 0 0 0 0 0 0 0 0 1 0 0 0 0 0 0 0 0 0 1 0 0 0 0 1 0 0 1 1 0
  1 0 0 0 0 0 0 0 0 0 0 0 0 0 0 0 0 1 0 0 0 0 0 1 0 0 1 0 0 0 0 0 1 0 0 0
  1 0 0 0 1 0 0 0 0 0 0 1 0 0 0 1 0 0 1 1 0 0 0 0 0 0 1 0 0 0 1 1 0 1 0 0
  0 0 0 0 0 0 1 0 0 0 0 1 1 0 0 0 0]
 [0 0 0 0 1 0 0 0 1 0 0 0 0 1 0 0 1 0 0 0 0 0 0 0 0 0 1 1 1 1 1 0 1 0 0 0
  0 0 1 0 0 0 0 0 1 0 0 0 0 0 0 0 0 0 0 0 0 0 0 0 0 0 1 0 1 0 0 1 0 0 0 0
  0 0 0 0 0 0 0 0 0 0 0 0 0 0 0 0 0 0 0 1 1 0 0 0 0 1 0 0 0 1 0 1 0 1 0 1
  0 0 0 0 0 0 0 1 1 1 0 0 0 0 0 0 0 0 0 0 1 0 0 0 0 1 0 0 1 0 0 0 1 0 0 1
  1 1 0 0 0 0 0 1 1 0 0 0 0 0 0 0 0]]
