params：
 weight-->(1, 10)
 proc_times-->(1, 100)
 setup_times-->(60, 120)
 delivery_times-->(1, 100)
 job_rate-->12

start:
alpha_1
12
 alpha_2
2.0
 mach
10
 job
120
 fam
12
 weigh
 [[0 4 4 7 1 4 1 7 6 1 6 6 6 3 6 9 9 2 7 8 5 1 4 7 5 4 2 9 2 5 5 1 3 6 2 7
  7 5 4 8 2 5 3 5 3 4 6 3 1 2 2 8 5 2 5 5 7 6 3 2 7 3 6 1 3 8 6 1 4 8 7 9
  5 9 9 4 1 7 7 2 7 9 2 9 8 6 1 9 5 5 7 9 5 5 2 3 1 6 1 6 3 7 2 6 8 9 8 8
  1 5 2 3 8 2 8 7 6 5 8 2 8]]
 proc_times
 [[  0   3  86  47  97  47   4  12  77  54  23 100   1  18  48  90  16  68
   50  40  51  96  90  69  36  22  42  97  84   4  98  30  78  33  45  84
   50  66  46  12  69  83  49   6  91 100  20  94  69  20  42   8  57  60
   14  22  46  72  33  76  89  98  48  53  59  88  97  63   3  46  58  24
   67  46  58  37   4  33  82  48  26  21  20  55  13  62  47  22  22  51
   18  46  92  92  57  35  32  97  29  14  22  92  48  52  69   2  57  89
   12  97  58  42  82  46  37  80  49  80  46  11   5]
 [  0  80  87  23  85  83  33  77  25  54  94  58  17  95  68  86  20  16
   81  34  75  67  55  54  48  10  28  15  47  90  87   9  81   4  75  50
   51  77  53   8  31  85  45  28  98  86  19  41  81  78  74  88  13  34
   30  74  75  22  71   1  10  15  57  15  75  73  61  34  20  93  83  63
   29  60  75  62  27  51   1  63  28  16   5  80  96  59  76  79  56   1
   53  42  20  37  48  97  39   3  98  81  27  47  79  79  89  28  64  70
   56  54  21  75  11   2  88  52  12  97  99  67  48]
 [  0  64  91  85  38  53  18  60  93  75  79  66   1  90  44  16  13  23
   95 100  25  60  10  42  67  80  72  57  40  49  31  13  39  54  12  36
   40  46  84  78  41  16  38  26  98  58  95  13  13  47   5  10  32  93
   43  34  31  96  91  19   4  11  74  73  88  63  39  50  36  89  60  12
   81  86   2  93  48  75  87  61  45  47  67   9  35  39  81  88  93  14
   55   3  92  99  30  73   1  44  29  70  10  47   8  74  53  51  61  32
    7  12  85  91  75  96  39 100   2  48  69  47  27]
 [  0  15  78  98  42  79   1  89  76  60  52  86  30  69  63  74  40   1
   60   4  86  92  28  13  10  95  62  97  88  60  25  33  14  68  30  47
   99   9  39  71  52  15  28  45   8  73  85   3  17  48  27  34  71  37
   64  77  85  96  62  57  77   8  24   6  49   6  72  14  70  88  94  53
   78   5  11  82  92   8  22  79  20  79  36  69  99  45  18  85  99  57
   92  94  77  78  15  35  61  54  16   5  68  44  49 100  44  46   4  36
   50  55  32  73  96  61  32  73  80  44  17  58  39]
 [  0  85  58  64  42  14   6  62  40  26  86  40  33  99  27   1  50  18
   93  46  77  56  70  76  80  86  52  40  81  33  75  95  42  32  72  24
   26  58  90  37   8  30  71  18  72  53  49   5  43  54  93  44  95  76
   70  75  30  99  50  98  30  19  56  92  10  11  19  17   4  43  62  32
   91  67  70  66  36  84  57  89  85  59  43  21  37  80  25  33  61  51
   31   3  87  46  53  44  30  54  68  39  45   6  27  72  61  92  30   3
   15  87  64  97  16  87  43  97  31  54  97  72  16]
 [  0  82  61  65  58  73  34  94  84  96   8   4  79 100  36  37  83  71
   84  17  50  56  86  12  77  96  35  31  94  46  54  79  52  94  15  33
   11  75  80  11  40  82   7  87  65  49  25  30  58  85  53  93  12  54
    3  15  51  87   8  15  51  63  94  64  66  20  78  54  56  68  36  44
   33  81  69  55  55  64   8  40  97  13  56   5  42  95  19  50  19  71
   18  37  10  21  54  34  29  98  59  79  40  77  39  42  42  69  86  58
   44  28  38  23  70  11  94  88   2  84  27  17  43]
 [  0  63  38  58  34  36  93  62  38  92  54  10  76  45  52  92  16  59
   12  76  20  41  41  33  82  85  61  85  37  79  96  42  46  16  22  44
   32  71  94  51  34  35  83  88  80  88  12   7  89 100   6  68   4  17
   22   1  86  83  56  14 100  23  50 100  89  70  41  84  27  82  13  90
   63  73  57   2  23  75  81  50  30  48  26  43  84   6  25  56  88  21
   32  48  67   1  34  52  57  41  65  56  62  64  34  88   8  26  61  12
   71  23  44  30   6  98  48  92  50  92  94   5   4]
 [  0  15  91   8  52  62  41  46 100  17  82  30 100  84  43  23  95  36
   83  71   2  66  75   1  74  10  79  83  92  94  89  87  51  10  31  25
   12  60  80  60  38  64  90  19  27  59  26  21  74  15  16  89   5  49
   93  12  40  19   8  82  83  21  22  92  10  25  38  88  24  54  69  35
   67  57  39  62  58  33  14  34  63  34  24   2  68  75  97  42  21   4
   91  86  34  60  31  21  53  26  50  86  91  38  24  71   9   6   1  86
   71  32  14  91  54  51  27   9  26  35  22  43  66]
 [  0  24  62  17  20  28  69  77  36  73  67  89  59  69  92  82  30  31
   90  75  13  70   6  53  44  34  41  48  28  42  30  83  84  18  35  37
   21  77  89  71  22  60  90  54   8  35  47  79   8  16  34  39  57  81
   10  51  60  23  74  57  44  52  21  44  47  18  18  77  66  75  26  71
    3  11   3  74  15  10  80  93  95  43  76  72  44  23  88  70  14  81
   67  22  87  74   3  50  72  89   8  34  94  55  27  99  52  72  97  64
   83  44  62  60  55  68  74  34  54  31  33  70  50]
 [  0  32  19  41  88  59  82  42  33  79  23  85  29  42  34  27  52  98
   89   8   3  72  94   2   2  81  41  81  49  37  79  51  35  65  52  18
   66  49  94  24  74  15  56  18  85  67  94  86  96  29  69   4  63   7
   64  81  71  19  73   6  27  74  77  86  70  98  38  21  26  12  71  38
   28  15  12  51  22   3  87  94  39  35  38  91  59  84  19  44  68  49
   13  56  20  18  16  50  38  54  96  89  66  93  99  63  82  84  86  46
   11   7  85  43  10  89  59  48  44  74  94  27  76]]
 setup_times
 [[[  0 106 107  67 118 116 117  84 119 106 109 107  82]
  [  0   0  77  97 108  84  83  71  86  90 113  67  83]
  [  0  77   0 104  72 116  92  90  83  64 100  96 111]
  [  0 106  60   0 100  65  85 116  65 105  94 101  92]
  [  0  74  93 119   0  73 117  89  92  64  96 112 106]
  [  0 101 117 106  65   0 101  80 107 105  61 117  81]
  [  0  98  92  76 115  94   0  67 100  82  90  64  89]
  [  0  72  74  99 116 111 107   0  76  81  77  85  70]
  [  0  84 103  76 108  78 109  97   0  89  95  67 112]
  [  0  82  81  69 111  66  94 118  64   0 110 105 119]
  [  0  62 111  73  79 105  84  65  65  68   0  93  61]
  [  0 106 113  72  89  82 111 116  88  89  83   0  81]
  [  0  81 113  64 113  88 115  60  71 103  80 111   0]]

 [[  0 114  66  85 110 112  81  86 115 105 117  69 118]
  [  0   0  61 102  63  83 108 104  83 115 111 107  98]
  [  0 104   0  78  73 108  82  60  98 103 105  69 118]
  [  0  82  69   0  78  86  86 102  92 103 108 108 100]
  [  0 113 101  88   0  74  79  99 117  84 107  91 110]
  [  0 101  70  94  88   0 104  62  82  81  78 107  85]
  [  0 101  65  72 106  75   0  99  94  69 107 112  73]
  [  0  93  80  63  73  66  89   0  81  81  75  82  73]
  [  0 103 101  70  68 108  83  82   0  99  97  94  99]
  [  0 117 117  97  78  61  78 114  71   0 101 107  90]
  [  0  96 107  65  77 116  97 119  63  61   0  99 107]
  [  0 105 116  60  83  78  71  71  75  90  86   0  70]
  [  0 110 110 100  69  67  61  97  72  84  89  94   0]]

 [[  0 116  77 103 111  85  71  60  65 112  72  79  87]
  [  0   0 104  93  77  75  66 102 104  72  86  81  70]
  [  0  98   0 117  60  71 108 118  80 107  77  71 119]
  [  0  75  95   0 103 114  68 116  88  78  85  91 116]
  [  0  85  91  61   0 117 116 118  98  78  84  81 116]
  [  0  96  96 105  74   0  76 108  97  76 107 110 114]
  [  0  65  84 102 107  68   0 110  78  73 100  77 108]
  [  0 114  93  60  97  74  94   0  87  81  77 112 114]
  [  0 104  63  85 100  93  60  81   0 113  96  98  90]
  [  0  95 106  63  91  71  68  61  72   0  95 100  84]
  [  0 103 119  91 119  60  79  97  83 107   0  69  80]
  [  0  62  93 103  78 108  71  94 105 108 101   0  63]
  [  0  76  70  71  95  74 112  75  63 118  97  69   0]]

 [[  0 108  82  99 104  74 112 100  83  69  91 102  61]
  [  0   0  93  78  84  88 104  86  73 115 119  88  60]
  [  0  93   0 101  68  62 103  93 104 119  92  75  65]
  [  0  74  73   0  85 106  61  83  86  92 110 100  73]
  [  0  79 112  84   0 116  87  89  72  94  79  90  91]
  [  0  95  99  81  77   0 115 108  69 103  74 116  70]
  [  0  84  96 114  88 101   0 108 111 105  83 108  64]
  [  0 112  92  68  91  89  62   0 105 103  61  86  93]
  [  0  60  72  92  97 115 100  64   0  72 108  80  76]
  [  0  60  99  90  66  92  73  89 104   0  87  63 117]
  [  0  96 118  71  61  62  77 106  68  82   0 102 105]
  [  0  95 102  92  74 103  88  81  96 112 100   0 110]
  [  0  84  80 103 106 107 101  98 106 102 109  97   0]]

 [[  0 108  86  96  60  62  60  80 113  76 110  77  70]
  [  0   0 105 104 113  83 102 102 111 103  92  79  97]
  [  0  91   0  69 102 105  69  97 100 117  73  60  67]
  [  0  74  94   0  83 101 116 101 103  66  97  68  83]
  [  0 119 116  62   0 101  68  87  73  96  91 112 118]
  [  0 118  77  84  69   0 114  60 112  97 112 112 110]
  [  0  64 111  91  64 116   0 117  88  67  82  68 111]
  [  0  84 117  99 113  96 117   0  69  62 112  76  72]
  [  0 114  65  64 113  94  83  94   0 114 118 104 103]
  [  0  69  78 118  95 118  60  71  65   0  94 106 104]
  [  0  64  96  76  91  75 100 103 114  76   0  62  93]
  [  0  70 118  95 117  75 114  99 119 113  79   0 116]
  [  0 118 105 110  76 117  67  84  70 115  70 114   0]]

 [[  0  87  61  64 113  61 113  70 106  84  66 118  85]
  [  0   0  80  97  61 115  95 106 114 116  98  79 105]
  [  0  84   0  98  82  62  99  75  86 118 102  76 103]
  [  0 110 115   0  77 100  65  99  72 112  69  89  74]
  [  0 119  93  66   0 103  61 101  81 116  92 102  97]
  [  0  87  82 101  92   0  97 117 112 101  64 117  62]
  [  0  62  93  95 110 102   0 105  75  72  63  64  93]
  [  0 108  70  65  83  80  75   0  91 100  76 100 102]
  [  0  72  65  91  92  88  76 111   0  72  97 110  98]
  [  0  73  97  70  84  83 109 119  63   0  90  64  90]
  [  0  88  66  65 101  93  66 110  79  63   0  92  69]
  [  0 118 112 114  61  68  61  63  79 113 106   0  87]
  [  0 105  77  67  97  72  77  60 119  72 112 115   0]]

 [[  0  98 105  80  71  79 107 117  81 100 104  79  60]
  [  0   0  74  91  89 119  73  89  71  80 114 114  60]
  [  0  82   0  96  67  66  73 119  72 113  99  90  87]
  [  0 112 111   0  64 110 117 111  68  82  64  76  97]
  [  0 117  71  86   0  76  66 104  84  97 105 116  62]
  [  0  97  92  85  66   0  81  77  90 108  83 111 116]
  [  0  83 107  85 100  75   0  86  94 113  77  72  65]
  [  0  93  86 115  82 109 107   0  99  75  77  79 108]
  [  0  62  97  96 104  66 118 110   0  99  97 119  97]
  [  0  88  97  78 104 112  64  89  66   0  89  99  88]
  [  0  86 102 103  96 107 117  99 107  96   0  90  75]
  [  0 107 105 109  80  95 104  68  79  86  86   0 117]
  [  0 107 116 100 115  99  93 104 105 107  80  81   0]]

 [[  0  64  98 114  70  95  73  96  96  91  73  77  85]
  [  0   0  82  62 106 116 102  95  93  67 101  88  61]
  [  0  69   0  93  92  97  60  86 113 110  79 102 102]
  [  0 110  96   0  97  86  67 108 101  95  60 115 104]
  [  0  69 109 116   0 110  90 109 115 103  63 108  87]
  [  0  80 118  99  94   0  81 107 115  84 112 106 104]
  [  0  69 116  77 107  97   0 118 114 101  76  72  65]
  [  0  63  73 102  78 104  89   0  95  79  85  87 112]
  [  0  71  74  95  67  92  78  88   0  81  83  62  90]
  [  0  87  69  76 115  97  72  79 100   0 103  68  94]
  [  0  82  94  89  89  98  67  98  96  90   0  79  78]
  [  0  84  84 116  67  83  93  89  91  69  93   0  86]
  [  0  79  60  75 105 100  96  64  63 110  99 112   0]]

 [[  0 101  79  97  68  96  64 119  73  84  69  80  77]
  [  0   0  73 110  70  87  60  84  70  77 116 110 104]
  [  0 113   0  61 118 104 101  93  82  84  97 106  88]
  [  0  80  66   0  93  94  69  73  64  75 107  75 100]
  [  0 108 118  72   0 100  98  94  71  80  93  87  68]
  [  0 107  79 101 111   0 118  73  95 105  87  92 109]
  [  0 110  79 101  70  94   0 115 118  67 118  71  70]
  [  0 111 108 110 109  95  70   0  97  87  76  78  97]
  [  0  84 116  62  82 113  96  65   0  97 114  63 104]
  [  0  66  81  71 100 105  78  71 104   0  83  74 113]
  [  0 114  68  93  77  89  62  79 116 112   0 103 106]
  [  0  68 105 112  61  74 119  94  77 114 111   0  87]
  [  0  74 100  90  84  84 109  78 115  74  83  66   0]]

 [[  0  78  84  85 103 118 104  95  98  65  63  70  85]
  [  0   0  95 116  78 108 102  67  76  91  80  72 112]
  [  0 101   0  86  89  71 106  93  71 110 108  78  75]
  [  0  94  60   0  69  76 102  66  81  98  77 119  94]
  [  0  74  88  74   0  92 100 107  90  89  78 114 103]
  [  0  96  89  60  98   0  65  71  96 112 100 106  95]
  [  0  79 108 103  71  94   0  67  66 112 108  86  60]
  [  0 105  97  69 113 113  90   0  67  66 107 109  79]
  [  0  66 117 103 102 104 103 118   0  77 103  98  79]
  [  0 113 108  62  88  80  80 104  82   0  95  73 109]
  [  0  91  69  89  63  73  78 105  71 117   0 115  76]
  [  0 112  61  65  60 101  64 108 107 112 100   0  73]
  [  0 108  98  64  61  93  78  77 104  96  87  63   0]]]
 delivery_times
 [[ 0 96 48 15 69 53 22 19 84 83 49 47 70  9 39 23 64 79  3 49 62 29 25 86
  40 15 55  2 82 88 60 77 33 53 47 75 66 34 28 18 26 58 29  8 20 30 68  4
  32 93 40 31 46 43 13 25 26  9 60 35 23 38 92 73 83 61 94  9  5 42 72 63
  25 62 20 74 87 26 41 39  1 64 45 74 69 81 40 26 36 95 49 63 80  7 12 73
  81 79 46 70 85 66 32 55 16 68 81  2 27 57 82 70  3 36  5 91  7 27  6 34
  95]
 [ 0 69 49 79 38 28 63 84 94 21 62 60 67  1 70 39  9 34 32  9 28  1 60 61
  60 85 80 72 48 10 29 36 21 99  1 75 83 50  2 82 89 25 12 88 16 67 34 42
  61 40 91 98 99 50 15 14 10 53 26 23 26 23 93 23 86 12 59 27 42 81 15 66
  39 66 87 46  5 92 53 98 12 44 43  1  6 62 62  5 63 47 36  4 22  8 66 14
  69 67 42 92 95 46 54 59 93 82 80 39 62  1  3 29 48 66 92 91 31 79 69 86
  23]
 [ 0 70 38 65 48 21 28 96 26 14 94 19 18 66 74 90 47 69 11 32 96 31 94 59
  90 69 34 63 68 59 44 85 14  6 47 30 31 62 51 52 45 68  5 62 78 97 59 75
  39 71 18 36 81 16 37 29 71 97 73 70 44 90  8  1 37 56 41 69 44 72 40 96
  38  3 79 89 76 78 21 96 59 76 98 32 99 60  3 46 56 25 58 53 21 80 10 73
  14 12 80 90 35 92 98  2  7  7 55 56 57 83 64 55 72 19 63 77 24 40 99 19
  41]
 [ 0 75 70 24 68 20 29 24 74 30 99 55 46 94 50 98 14 28 16 25 29 41 90 26
  83 11 78 45 77 43 79 90 17 42 19 60 99 78 25 51 48 61 83 57 16 61  7 48
  67 35 47 14 76 15 67 90  5 81 20  9 98 64 42  9 23 40 86 86 32 84 63 15
  78 50 72 84 86 96 32 74 44 69 14 46 58 70 13 98 36 12 26 11 59  7 44 73
  88 20 86 18 14 10 80 24 68 46 69 21 29 85 72 29  6 63 34 86  9  5  3 46
  87]
 [ 0 73 81 63 10 13 24 58 13 87  2 11 80 92 79 15  9 34 14 41 93 31 64 78
  30 69 93 59 36 58 75 75 54 92  5  6 57  6 45 47 39 19 20 23 64 63 84 33
  50 49 26 78 37 73  5 93 55 33 21 95 57 18 98  6 61 21 86 24 55 88 11  3
  47 85 26  6 50 19 85 76 39 16 74 10 46 31 80 88 84 12 93 90 22 64 97 11
  10 97 76 83 41 65 45 15 29 52 71 97 83 73 63 34 81 38 44 46 94 26 40 70
  96]
 [ 0 95 70 24 26 36 76  3 97 42 42 28 27 53 14 19 58 69 75 54 57 42 35 28
  22 86 45  1 97 68 33 93 81 95 14 24  1 35 33 88 48 18 18 92 51 73 77  1
  73  6 66 60 35 51  5 28 78 48 37 42 93 73 51  7 57 45 36 11 97 71 43 87
  70 28 82 41 30 38 29 91 79 32  7 38 38 62 76 34 48 49 64 61 25 61 11 53
  39 59 89 72 37 11 46 52 85 72 92  1  4 61 61 15 37 61 77 99 80 57  7 70
  97]
 [ 0  4 92 60 73 83 80 92 40 14 28 35 72 34 34  6 22 44  4 46 97 22 61 31
  80 39 37 79 98 65 61 21 52 15 36 57 42 71  8 54 68 65 47 54 79 13  8 21
  55 66 30 80 38 90 32 41 33 89 54 87 34 21  1 91  4  6  5 50 20 13 21 61
  29 59 96 26  6  7 58 44 68 24 39 25 22 84 17 84 41 11 96 70 24 49 96  1
  75 99 92 27 62 31 69 33 61 25 61 60 80 37 42 77 93 14 26 23 10 94 13 63
  46]
 [ 0  2 89  8 77 13 35 90 39 11 35 44 45 93 50  7 52 80 90 14 49 48 69 80
  94 30 56 78 69 44 19 24 33 21 94 87 75 72 67 52 31  7 28 80  4 19 80  8
  12  6 18 73 52 12 57 67 60 68 42 43 38 32 23 43 24 43 75 93 55 95 79 53
  66 20 19 74 55 50 93 34 24 47 86 77 73 63 37 85  9 41 43 78 18 58  4 77
  88 45 11 75 21 18 39 89 90 64 64 59 83 96 23 56 69 12 39 55 48 26  7 57
  69]
 [ 0 37 89 59 41 73 79 32 60 66 59  2  8 55 97 24 20 41  9 12 13 10 48 35
  10 43 82 10 93 97  4 90 23 21 31 70 97 91 45 95 98 57 92 56 28 42 58 10
   6 83 53 48 47 53 59 21 83 38 30 75 46 73 20 89 94 15 43 94  3 23 45 41
  30 79 35 29 63 72 53 19 78 46 65 77 82 15  6 56 48 11 49 84 48 72 83 63
  90 11 78 54 99 36 18 88 14 84 35 89 70 84 22  7 65 68 19 70 61 46 70 97
  59]
 [ 0 25 14 26 59 92 76  3 75 66 46 95 44 34 10 35 59 84 69 68 28 72  8 91
  95 52 60 13 29 34 99 20 83  7 76 55 92 41 12 47 36 28 29 71 30 49 45 46
  18 98 73 48 37 38 89 66  7 60 89 28  2 67 53 10 19 50 19 60 66  7 75 88
  73  3  5 17 75 43 73 99 87 91 77 55 21  2 99 23 69  9 95 51 59 18 69  6
  87 69 99  7 69 79  3 20 50 62 10  2 11 84 99 77 16 83 99 94 37 17  5 50
  92]]
 job2fam
 [[1 0 0 0 0 0 0 0 0 0 0 0 0 0 0 0 0 0 0 0 0 0 0 0 0 0 0 0 0 0 0 0 0 0 0 0
  0 0 0 0 0 0 0 0 0 0 0 0 0 0 0 0 0 0 0 0 0 0 0 0 0 0 0 0 0 0 0 0 0 0 0 0
  0 0 0 0 0 0 0 0 0 0 0 0 0 0 0 0 0 0 0 0 0 0 0 0 0 0 0 0 0 0 0 0 0 0 0 0
  0 0 0 0 0 0 0 0 0 0 0 0 0]
 [0 0 0 0 0 0 1 0 0 0 0 0 0 0 1 0 0 0 0 0 0 0 0 0 0 0 0 0 0 0 0 0 0 0 0 1
  0 0 0 0 0 0 0 0 0 0 0 0 0 0 0 0 1 0 0 0 0 0 0 0 0 0 0 0 0 1 0 0 0 0 0 0
  0 1 0 0 0 1 0 0 0 0 0 0 0 0 1 0 0 1 0 0 0 0 0 0 0 0 0 0 0 0 0 0 0 0 0 0
  0 0 0 0 0 0 0 0 0 0 0 0 0]
 [0 0 1 0 0 0 0 0 0 0 0 1 0 0 0 0 0 0 1 0 0 0 0 0 0 1 0 0 0 0 0 1 1 0 0 0
  0 0 0 0 0 0 0 0 0 0 0 0 0 0 0 0 0 0 0 0 0 0 0 0 0 0 0 0 0 0 0 0 0 0 0 0
  0 0 1 0 0 0 0 0 1 0 0 0 0 0 0 0 0 0 0 0 0 0 1 0 0 0 0 0 0 0 0 0 0 0 0 1
  0 1 0 1 0 0 0 0 1 0 0 0 0]
 [0 0 0 0 0 0 0 0 0 0 0 0 0 0 0 0 0 1 0 0 0 0 0 0 0 0 0 0 0 1 0 0 0 0 0 0
  0 0 0 0 0 0 0 0 0 0 0 0 0 0 0 0 0 0 0 0 0 0 0 0 0 0 0 1 0 0 0 0 0 0 0 0
  0 0 0 0 0 0 1 0 0 0 1 0 0 0 0 0 0 0 0 0 0 0 0 0 0 0 0 0 0 0 1 0 0 0 0 0
  0 0 1 0 0 0 0 0 0 0 1 0 0]
 [0 0 0 0 0 0 0 0 0 0 1 0 0 0 0 0 0 0 0 0 0 1 0 0 0 0 1 1 0 0 1 0 0 0 0 0
  0 0 0 0 0 0 0 0 0 0 0 0 0 0 1 0 0 1 0 0 0 0 0 0 1 0 1 0 0 0 0 0 0 0 0 0
  1 0 0 0 0 0 0 0 0 0 0 0 0 0 0 0 0 0 0 0 0 0 0 0 0 1 1 0 0 0 0 0 1 0 0 0
  0 0 0 0 0 0 0 0 0 0 0 0 0]
 [0 0 0 0 0 0 0 1 0 0 0 0 0 0 0 0 0 0 0 0 0 0 0 0 0 0 0 0 0 0 0 0 0 0 0 0
  0 0 0 0 0 0 0 0 0 0 1 0 1 0 0 0 0 0 0 0 0 0 0 0 0 0 0 0 0 0 0 0 0 0 0 1
  0 0 0 0 0 0 0 0 0 0 0 0 0 0 0 0 1 0 0 1 0 0 0 0 0 0 0 0 0 0 0 0 0 0 0 0
  0 0 0 0 0 0 0 0 0 0 0 0 0]
 [0 1 0 1 0 0 0 0 0 0 0 0 0 0 0 1 0 0 0 0 0 0 0 0 0 0 0 0 0 0 0 0 0 0 0 0
  0 0 0 0 0 0 0 0 0 0 0 0 0 0 0 0 0 0 0 0 0 0 0 0 0 0 0 0 0 0 0 0 0 0 0 0
  0 0 0 1 0 0 0 0 0 0 0 0 0 0 0 0 0 0 0 0 0 0 0 0 0 0 0 0 0 0 0 1 0 0 0 0
  0 0 0 0 0 1 0 0 0 0 0 1 1]
 [0 0 0 0 1 0 0 0 0 0 0 0 0 0 0 0 0 0 0 0 0 0 0 0 0 0 0 0 0 0 0 0 0 0 1 0
  0 0 1 0 1 1 0 0 0 0 0 0 0 0 0 0 0 0 0 0 0 1 0 1 0 0 0 0 1 0 0 0 0 0 0 0
  0 0 0 0 1 0 0 0 0 0 0 0 0 0 0 0 0 0 0 0 1 0 0 1 0 0 0 0 0 0 0 0 0 0 0 0
  0 0 0 0 0 0 0 0 0 0 0 0 0]
 [0 0 0 0 0 0 0 0 1 0 0 0 1 0 0 0 0 0 0 0 1 0 1 0 0 0 0 0 0 0 0 0 0 1 0 0
  0 0 0 0 0 0 0 0 0 0 0 1 0 0 0 0 0 0 0 0 0 0 0 0 0 0 0 0 0 0 0 1 0 0 0 0
  0 0 0 0 0 0 0 0 0 0 0 0 1 0 0 0 0 0 1 0 0 0 0 0 0 0 0 0 1 0 0 0 0 0 1 0
  0 0 0 0 1 0 0 0 0 0 0 0 0]
 [0 0 0 0 0 0 0 0 0 0 0 0 0 0 0 0 0 0 0 0 0 0 0 0 0 0 0 0 0 0 0 0 0 0 0 0
  0 0 0 1 0 0 0 1 1 0 0 0 0 0 0 0 0 0 1 0 0 0 0 0 0 0 0 0 0 0 0 0 0 0 0 0
  0 0 0 0 0 0 0 0 0 0 0 0 0 1 0 0 0 0 0 0 0 0 0 0 0 0 0 0 0 0 0 0 0 1 0 0
  0 0 0 0 0 0 0 0 0 1 0 0 0]
 [0 0 0 0 0 0 0 0 0 0 0 0 0 0 0 0 0 0 0 0 0 0 0 0 1 0 0 0 0 0 0 0 0 0 0 0
  0 0 0 0 0 0 0 0 0 0 0 0 0 1 0 1 0 0 0 0 0 0 0 0 0 1 0 0 0 0 0 0 1 1 1 0
  0 0 0 0 0 0 0 0 0 1 0 0 0 0 0 1 0 0 0 0 0 0 0 0 1 0 0 0 0 0 0 0 0 0 0 0
  1 0 0 0 0 0 0 1 0 0 0 0 0]
 [0 0 0 0 0 1 0 0 0 1 0 0 0 0 0 0 1 0 0 0 0 0 0 0 0 0 0 0 0 0 0 0 0 0 0 0
  1 1 0 0 0 0 1 0 0 0 0 0 0 0 0 0 0 0 0 0 0 0 0 0 0 0 0 0 0 0 0 0 0 0 0 0
  0 0 0 0 0 0 0 1 0 0 0 0 0 0 0 0 0 0 0 0 0 1 0 0 0 0 0 1 0 1 0 0 0 0 0 0
  0 0 0 0 0 0 1 0 0 0 0 0 0]
 [0 0 0 0 0 0 0 0 0 0 0 0 0 1 0 0 0 0 0 1 0 0 0 1 0 0 0 0 1 0 0 0 0 0 0 0
  0 0 0 0 0 0 0 0 0 1 0 0 0 0 0 0 0 0 0 1 1 0 1 0 0 0 0 0 0 0 1 0 0 0 0 0
  0 0 0 0 0 0 0 0 0 0 0 1 0 0 0 0 0 0 0 0 0 0 0 0 0 0 0 0 0 0 0 0 0 0 0 0
  0 0 0 0 0 0 0 0 0 0 0 0 0]]
