params：
 weight-->(1, 10)
 proc_times-->(1, 100)
 setup_times-->(30, 60)
 delivery_times-->(170, 200)
 job_rate-->12

start:
alpha_1
12
 alpha_2
1.0
 mach
10
 job
120
 fam
12
 weigh
 [[0 4 1 3 7 3 1 4 5 4 8 2 2 3 1 4 2 4 2 7 6 3 1 7 7 7 3 4 3 5 6 9 1 5 9 7
  1 1 4 2 6 1 7 2 1 2 1 3 2 5 3 1 6 8 1 4 1 5 3 5 8 5 8 1 1 3 8 3 8 7 1 8
  3 7 5 6 4 5 4 9 3 9 7 3 2 4 3 6 8 1 6 4 2 9 6 1 1 1 3 1 3 9 1 9 1 6 4 3
  8 4 4 4 8 8 3 8 6 1 2 2 2]]
 proc_times
 [[  0  40  36  78  53  34  83  78  21  55  26  55  54  80  56  51   5  25
    8  72   9  98  67  54  53  89  66  39  43  88  70  78  38  20  90  89
   86  60  13  99  87   1  12  31  95  79  19  38  96   6  13  42  98  63
   50  31  16  43   1  45  44  87  43  12  81  65  24  77   9  99  98  59
   47  75  40  81  16  88  40  31   1  83  77  46  76  19  74  33  43  79
   42  41   7  36  26  69  78  14  93  88  41   9  85  66  71   6   4  74
   15  16   4  38  88  90  79  34  64   4  20  26  88]
 [  0  84  22   6  11  62  26  59 100  77  80  98  87   2  23  97  36  13
   63  25  32  47  12  83  14  98  77  55  32  20   3   3   6  37  98  12
   35   7  50  39  73  63  15  39  57  68  67  24  10   3  55  30  95  70
   50  85  82  26  32  70  81  61  89  87  44   3  94  58  13   5  21  20
   46  13  47  76  72   1  55  44  83  92  66  24  55  10  49  19   8  12
   15  82  10   6  46  93   9  48  27  55  49  29  17  37  80  56  51  95
   68  17  72  81  19  28  91  21  89  43  64  73  63]
 [  0   8   2  66  14  81  32  10  58  81  51  80  34  64  12  10  33  59
   25  76  71  87  64  30  30  54  61  87  51  79  95  48  66  66  16  62
   49  17  67  53  46  46   3  78  20  85  38  42  71  74  78  14  36  35
    6  74  61  34   6   2  97  32  42  33  18  78  12  19  36  42  31  52
   81  24   3   4  34  57  99  84  63  97  91  75  89  21  27  57  70  96
    7  43  30  69   6  92  20  59  86  99   4  80  10  61  78  18  36  68
   23  46  52  94  43  78  78  94  56  38  93  25  41]
 [  0  89  19  91  98  69  59  22   1  32  56  16  66  47  59  74  58  13
   37  74  85  28  38   8  10  82  76  32  69  34  17  96  22  90  65  31
   25  96  42  81  55  75  77  13  82  91  32  65  41  72  70  72  38  59
   94  70  44  37  80  91  92  11  66  86  80  90  76  61  45  34   7  83
    5  92  46  11  23  91  11  96  37  84  99  26  24  20  51  35  17  89
   79  61  53  85  92  95  82  67  44  81  42  26  25  54  93  62  75   9
   21  14  95  58  51  72   2  92  58  81  42   4  78]
 [  0  14  72  82  94  17  60  23  49  97   3  67  65  35  81  30  60   3
   57  40  42  97  14  86 100  43  60  65  23  11  68  21  17  16  36  51
   15  95  55  21  78   2  71  39  30  56  54  14   6   5  53  14  73  61
   18  21  19  60  38  67  79   1  19  51  75  28  39  23  66  36  88  10
   91  89  54  90  57  45  27  62  66  28  91   8  41  31  39  60  30   7
   46  54  65  47   5  48  54  59  86  38  43  52  23  22  59   6  29  22
  100  94  13  87  44  64  81  62  85  55  95  90  69]
 [  0 100  49  88  56  45  27  64  30  75  60  85  23  71   6  13  59  23
   23  52   3  23  54   8  72  27  11  43  27  87  54  70  34  53  38  47
   74  12  86  75  52  14  43  62  46  35  58  68  49  86  84  70  68  33
   76  13  75  86  90  15  24  62   6   6  15  92  32  39  62  83  86  68
   82  43  72  71  56  89  60  77   1  30  40  17  64  46  61  80  81  23
   28   1  61  24  33  91  82  87   1  53  93   4  82  60 100  16  97  10
   95  31  93  17  40  28  79  40  84  59 100  70  54]
 [  0  18  29   3  15  93  30  35  41  22  84  53  66  97  18  37  52  74
   35  12  86  75  27  51  58  74  43  54  74  43  29   3  10  99   9  81
   60   2  28  31  85  35  49  63  50  77  72  48  14  91  70  75  54  92
   73  17 100  94  45  84  46  14   7  76  14  88  93  33  13  80  55  74
   21  11  27  85  74  45  88  88  24   8  33  81  60  76   4  27  17  69
   59  76  46  22  18  21   9  98  28  27  59  18  86  41  25  22  81  69
   19  19  79  90  94  35  97  32  87  85  87  42   6]
 [  0  98  75  28  98  94  57   8  37  48  52  37  94   2  99  86  60  11
   43  55  80   5   1   1   5  41  77  57  82  82  54  36  14  10  53  28
   87  98  22  51  26  28  56  13  91  15  84  11  51  33  97  31  19  44
   57   7  67  72  21  62  82  89  92  25  20  48  52  45   3  28  76  27
   18   2  98  26  78   3  46  86   4  23  50  17   5  34  21  80  16  44
   57  67  76  15  73  40  96   9  41  62  76  59  92  89  41  86  77  74
   24  44  32  65  22  46  73  65  40   5  98  40  55]
 [  0  68  87  24  49  90  71  79  43  70  16  99  89  83  81  20   8  40
   33  81  79  57  48  11  64  90  94  37  12  19   9  71  93  36  33  37
   97  74  32  67  64   3  18  68   3  94  79  62  55  22  94  79  51  84
   77  39  37  57  19  76  13  26  51  36  67  95  39  45  26  35  82  19
    1  51  34  70   8  97  87  99  67  80  73  61  15  84  74  66  58  54
   50  76  69  12  46  57  93  32   3  93  44  90  85  12  80  75  73  46
   18  45  19  24   5  98  44  87  71   9  68  39  10]
 [  0  76  61  15  49  31  94   7  81  84  80  86  44  60  80  12  77  45
   94  63  24  34  24   5  95  27  40  38  66  39  38  61  17  56  93  17
   83  35  10  93  47  64  61  87  89  41  58  79  37   6  21  33  44  99
   80  45  23  40  71  37  62  62  74  50  84   5  21  29  13  12  40  16
   52  87  54  54  72  32  74  80  19  70  12  99  10  92  89  21  18  77
   57  45  54  13  54  73  70  67  64  54  21  11  30  90  13  15  69  65
   90   9   9   8  96  24  29  83  11   3  29  79  44]]
 setup_times
 [[[ 0 49 39 35 33 49 51 43 46 47 53 40 41]
  [ 0  0 58 52 56 53 55 57 53 38 53 52 41]
  [ 0 54  0 30 37 43 55 36 34 57 43 51 45]
  [ 0 45 47  0 32 32 42 33 50 30 43 45 32]
  [ 0 37 42 37  0 30 38 59 41 38 57 36 33]
  [ 0 59 39 32 39  0 55 41 57 38 57 54 41]
  [ 0 39 54 30 53 33  0 42 58 46 34 35 42]
  [ 0 55 46 51 53 31 41  0 30 42 40 41 30]
  [ 0 35 58 43 48 30 51 47  0 51 45 37 34]
  [ 0 48 32 32 34 57 35 55 52  0 57 43 39]
  [ 0 48 43 37 31 32 40 46 40 35  0 35 43]
  [ 0 49 44 47 41 46 47 30 54 37 44  0 44]
  [ 0 43 32 46 33 31 41 50 54 49 43 50  0]]

 [[ 0 30 34 37 31 40 34 30 58 58 49 43 41]
  [ 0  0 35 36 52 41 47 50 40 55 31 43 33]
  [ 0 34  0 56 50 41 31 37 32 34 57 33 49]
  [ 0 54 58  0 49 35 44 43 31 53 34 31 45]
  [ 0 48 41 52  0 51 47 57 59 52 32 37 33]
  [ 0 39 51 58 59  0 55 52 37 38 37 57 48]
  [ 0 49 39 31 35 38  0 40 33 42 30 34 39]
  [ 0 57 53 55 53 48 34  0 54 33 56 52 48]
  [ 0 55 45 51 47 33 40 43  0 33 52 35 50]
  [ 0 41 39 39 53 58 45 36 49  0 30 34 53]
  [ 0 40 46 41 41 52 47 53 50 50  0 52 54]
  [ 0 45 44 30 58 41 39 59 50 50 56  0 41]
  [ 0 38 44 53 59 44 51 42 50 54 37 54  0]]

 [[ 0 33 55 33 37 44 44 52 32 42 45 31 31]
  [ 0  0 36 38 53 59 36 52 33 48 39 34 30]
  [ 0 34  0 36 58 31 37 51 51 33 58 47 45]
  [ 0 46 36  0 41 35 57 30 35 33 44 36 51]
  [ 0 46 32 48  0 55 51 43 52 52 42 34 34]
  [ 0 45 58 55 51  0 58 55 54 42 51 38 50]
  [ 0 43 42 37 59 54  0 34 41 36 54 54 50]
  [ 0 53 40 59 44 36 30  0 35 30 48 59 45]
  [ 0 35 30 55 36 30 31 56  0 39 38 32 49]
  [ 0 40 35 49 56 56 58 32 44  0 44 32 32]
  [ 0 59 39 58 38 50 51 55 47 43  0 51 44]
  [ 0 57 54 46 31 37 57 45 44 33 49  0 54]
  [ 0 51 53 33 47 43 36 57 50 37 48 31  0]]

 [[ 0 37 50 47 51 39 47 36 46 47 35 38 43]
  [ 0  0 32 53 59 56 58 44 40 33 32 46 31]
  [ 0 51  0 35 49 42 57 56 36 32 43 57 54]
  [ 0 52 44  0 53 58 30 43 58 33 54 38 56]
  [ 0 57 54 52  0 59 30 42 46 48 34 42 52]
  [ 0 32 34 49 56  0 35 50 46 58 44 39 41]
  [ 0 45 34 49 42 40  0 50 45 57 38 45 44]
  [ 0 48 46 52 52 43 58  0 35 38 58 44 45]
  [ 0 51 30 50 30 40 45 33  0 32 43 45 42]
  [ 0 42 40 39 43 53 30 42 52  0 36 35 53]
  [ 0 59 56 36 53 42 51 59 59 42  0 32 39]
  [ 0 55 34 41 49 55 54 36 43 30 56  0 59]
  [ 0 49 39 44 41 48 43 56 37 42 39 33  0]]

 [[ 0 47 31 55 58 58 40 43 31 36 39 32 47]
  [ 0  0 45 32 32 51 52 54 30 54 57 52 50]
  [ 0 34  0 47 46 41 50 53 40 51 47 39 59]
  [ 0 56 46  0 30 48 39 38 59 36 38 47 41]
  [ 0 54 49 49  0 52 42 59 51 59 56 31 32]
  [ 0 45 48 49 48  0 51 41 47 33 56 39 46]
  [ 0 52 57 31 43 53  0 40 44 51 45 58 51]
  [ 0 53 36 38 55 56 32  0 43 51 44 36 44]
  [ 0 47 47 36 32 40 44 56  0 46 55 51 56]
  [ 0 45 49 36 49 56 59 33 53  0 41 49 39]
  [ 0 53 42 59 46 56 39 48 51 57  0 39 46]
  [ 0 39 33 48 54 39 58 47 59 47 58  0 36]
  [ 0 54 48 48 56 51 57 44 51 40 56 53  0]]

 [[ 0 30 48 49 39 52 49 55 39 40 49 38 41]
  [ 0  0 46 54 49 40 38 46 31 35 44 59 46]
  [ 0 56  0 44 45 31 47 38 34 33 31 36 58]
  [ 0 47 41  0 42 30 38 37 43 52 34 43 39]
  [ 0 53 48 34  0 59 55 51 40 33 38 40 37]
  [ 0 34 30 50 46  0 38 37 54 55 55 46 49]
  [ 0 59 30 58 36 55  0 53 58 59 32 45 44]
  [ 0 55 48 51 59 39 45  0 51 50 49 45 53]
  [ 0 58 31 44 44 46 33 53  0 51 30 37 47]
  [ 0 45 50 48 49 36 55 36 31  0 36 44 50]
  [ 0 53 55 57 31 53 40 53 55 53  0 49 48]
  [ 0 50 41 37 41 33 32 58 40 41 47  0 38]
  [ 0 47 52 50 30 33 38 33 36 34 47 33  0]]

 [[ 0 54 50 52 46 36 55 37 52 35 52 42 53]
  [ 0  0 53 40 50 48 44 50 47 54 39 58 47]
  [ 0 42  0 56 37 38 39 42 39 50 36 31 32]
  [ 0 30 55  0 56 38 54 43 48 44 51 44 55]
  [ 0 44 53 42  0 31 48 48 54 59 52 35 56]
  [ 0 42 54 55 58  0 30 47 32 56 38 57 58]
  [ 0 43 56 40 53 30  0 54 48 33 53 38 50]
  [ 0 34 45 54 52 58 33  0 57 52 41 49 42]
  [ 0 40 45 58 45 56 41 51  0 37 59 44 52]
  [ 0 39 55 52 37 39 59 34 51  0 38 43 56]
  [ 0 51 59 46 37 51 33 34 36 43  0 49 30]
  [ 0 39 40 30 47 33 34 30 37 42 54  0 55]
  [ 0 33 55 43 50 53 36 31 35 41 38 39  0]]

 [[ 0 53 58 54 34 40 36 56 58 50 54 55 31]
  [ 0  0 43 45 51 49 43 53 41 58 34 32 55]
  [ 0 45  0 51 53 34 32 43 38 44 36 38 58]
  [ 0 54 52  0 49 57 50 37 30 48 41 45 35]
  [ 0 38 57 32  0 32 52 37 34 34 57 47 38]
  [ 0 52 55 48 36  0 34 48 46 57 49 33 34]
  [ 0 30 35 47 52 43  0 42 51 33 40 39 30]
  [ 0 39 40 30 46 59 51  0 53 59 42 44 50]
  [ 0 43 30 45 36 38 46 50  0 43 30 52 50]
  [ 0 33 36 51 36 48 58 39 54  0 35 40 43]
  [ 0 34 41 41 37 34 42 49 59 49  0 33 37]
  [ 0 31 49 30 54 30 34 39 35 30 59  0 57]
  [ 0 46 50 36 35 53 35 40 59 46 59 30  0]]

 [[ 0 34 46 42 32 48 34 58 31 35 41 52 51]
  [ 0  0 32 34 39 57 36 45 56 42 51 52 55]
  [ 0 43  0 48 34 45 35 57 41 57 32 33 45]
  [ 0 41 46  0 44 46 56 31 50 41 47 51 41]
  [ 0 56 39 40  0 58 35 31 40 58 52 49 48]
  [ 0 48 42 40 38  0 30 31 31 41 58 55 52]
  [ 0 55 59 31 35 43  0 56 49 47 37 36 51]
  [ 0 54 50 56 41 50 31  0 33 41 42 31 51]
  [ 0 50 50 33 47 51 31 52  0 59 30 43 33]
  [ 0 35 54 53 31 41 50 31 39  0 36 41 32]
  [ 0 47 45 57 39 35 42 59 52 40  0 42 51]
  [ 0 49 54 39 47 59 59 35 59 38 47  0 52]
  [ 0 30 40 38 38 57 38 35 34 49 55 49  0]]

 [[ 0 47 56 31 37 53 41 38 53 39 48 31 59]
  [ 0  0 57 59 55 43 34 54 41 47 31 30 33]
  [ 0 41  0 47 39 51 40 37 45 48 38 30 54]
  [ 0 32 39  0 36 58 51 38 56 44 32 53 44]
  [ 0 41 33 58  0 46 46 56 57 43 51 33 43]
  [ 0 44 32 34 58  0 37 47 35 31 32 41 58]
  [ 0 52 47 53 50 37  0 47 50 38 31 37 32]
  [ 0 31 32 38 34 31 30  0 30 54 36 35 56]
  [ 0 38 50 54 57 55 52 50  0 56 30 34 50]
  [ 0 51 37 41 32 50 35 45 53  0 54 31 44]
  [ 0 31 35 52 51 48 34 39 50 57  0 33 47]
  [ 0 58 53 46 40 45 36 58 49 48 33  0 36]
  [ 0 45 35 55 56 53 47 31 35 35 54 42  0]]]
 delivery_times
 [[  0 185 178 194 174 175 190 176 191 173 183 196 192 170 173 192 189 174
  174 171 188 176 196 186 178 172 193 183 194 198 178 197 191 175 180 184
  182 184 186 188 179 180 190 177 187 183 173 196 184 187 186 181 176 174
  188 171 176 178 172 173 181 193 174 177 178 195 180 185 187 196 175 194
  177 185 173 182 180 198 173 194 184 194 182 197 185 197 177 178 192 186
  180 173 191 176 170 198 193 183 197 182 194 181 171 184 194 195 172 174
  186 178 188 193 194 187 185 173 185 198 172 178 194]
 [  0 185 180 178 172 174 180 186 177 177 182 178 193 187 173 185 192 192
  171 186 172 199 193 175 190 188 178 170 198 181 193 194 181 194 184 176
  179 172 196 179 194 170 197 186 185 174 171 173 180 177 195 173 193 176
  186 182 188 196 177 172 196 194 180 185 180 199 198 183 196 172 190 176
  179 197 173 190 179 170 182 189 185 170 174 185 190 192 199 171 180 179
  193 193 172 183 183 194 174 170 180 199 186 194 198 193 171 195 185 181
  184 189 199 187 198 179 197 191 173 179 185 176 178]
 [  0 187 191 183 172 181 192 198 171 174 190 196 178 179 188 197 183 172
  199 190 176 188 193 183 175 174 194 174 182 194 193 195 185 171 185 171
  196 192 177 188 199 183 193 176 178 183 191 189 195 178 184 191 190 170
  196 184 174 196 178 183 188 174 183 189 190 179 194 175 172 182 176 191
  190 172 193 185 196 191 199 178 188 198 180 193 171 197 176 188 181 188
  185 183 176 171 189 197 190 173 196 187 187 175 183 173 173 173 199 176
  180 171 182 176 192 176 191 181 195 192 179 186 186]
 [  0 181 190 188 188 181 177 179 183 181 179 198 170 190 187 185 185 175
  173 178 187 181 170 180 174 182 170 183 180 192 184 182 198 174 181 197
  183 177 178 186 172 184 176 178 188 176 198 176 193 196 192 194 187 182
  198 172 177 199 196 191 178 180 180 179 172 185 193 188 184 186 179 190
  194 198 191 181 176 182 183 174 177 182 198 191 190 171 179 175 174 189
  191 188 181 195 171 188 178 186 197 173 190 172 194 179 181 196 181 178
  194 195 195 179 183 194 182 173 171 192 187 199 195]
 [  0 180 184 176 181 193 174 177 195 183 171 190 184 171 189 170 177 180
  185 170 186 185 191 185 191 172 189 199 172 172 194 193 184 196 195 180
  197 191 182 198 199 176 198 174 186 198 172 193 175 171 189 196 174 196
  174 177 171 187 174 194 183 182 196 195 176 177 171 170 177 187 185 191
  187 186 199 188 196 197 199 186 193 188 172 172 171 196 189 198 193 189
  195 195 178 192 177 197 198 171 174 178 170 175 189 197 182 181 181 170
  186 198 189 197 175 176 183 189 177 184 177 183 173]
 [  0 187 184 185 187 171 179 185 179 172 186 187 197 193 190 191 180 173
  183 196 174 171 181 199 196 180 199 180 179 176 193 190 189 193 190 183
  199 188 175 187 184 194 194 189 195 199 188 185 179 174 183 185 174 187
  186 186 198 172 181 193 182 198 191 193 174 186 177 184 177 196 185 186
  196 189 192 180 188 174 184 183 184 177 178 182 173 177 171 185 172 182
  176 174 192 183 194 171 192 171 193 197 199 175 171 197 181 199 170 188
  188 182 173 187 191 178 192 182 188 195 191 180 199]
 [  0 185 195 187 188 199 176 178 195 196 172 199 193 185 176 172 176 182
  188 172 182 172 188 193 177 179 180 180 179 170 177 176 199 177 184 185
  186 188 194 191 177 199 178 189 193 184 179 183 170 187 194 182 193 181
  190 184 188 189 187 186 175 173 192 199 187 195 182 174 175 191 171 181
  178 177 174 194 196 187 183 191 178 189 184 187 189 178 180 172 183 197
  173 197 172 170 197 188 190 183 188 194 198 194 194 198 174 193 186 194
  188 186 190 185 173 196 179 171 183 198 172 184 185]
 [  0 176 190 198 184 173 187 188 196 176 197 183 198 176 198 194 170 188
  197 170 176 197 179 189 192 176 170 199 186 194 181 185 193 180 190 172
  186 184 171 195 182 195 190 182 171 191 197 189 196 190 176 189 190 190
  191 172 191 185 180 188 174 175 199 176 183 192 187 187 198 173 182 192
  187 191 177 177 183 199 185 177 175 171 185 171 198 185 197 177 198 172
  183 184 177 173 195 196 189 174 188 197 175 171 179 185 182 176 186 187
  197 187 199 193 174 174 176 199 197 193 199 191 176]
 [  0 174 196 170 177 181 193 174 183 178 181 178 191 183 195 184 185 180
  187 187 188 183 195 199 194 193 197 184 195 187 188 184 175 178 191 176
  172 182 194 172 187 193 187 191 184 195 181 192 188 172 192 194 171 171
  189 180 185 194 178 196 198 175 186 176 188 175 178 186 186 182 187 182
  189 190 175 177 179 199 174 186 186 185 180 195 187 190 192 182 182 184
  192 195 179 195 199 172 193 181 182 181 179 176 187 171 186 197 193 181
  188 189 195 189 174 179 198 170 184 188 174 191 197]
 [  0 191 181 173 179 190 177 181 170 180 199 188 189 195 186 173 179 183
  192 174 198 193 187 192 188 176 187 192 173 180 173 195 170 184 173 175
  178 183 175 171 191 179 194 183 195 174 190 173 172 190 182 183 172 170
  177 181 174 196 179 189 173 196 181 186 198 198 180 190 198 176 183 198
  178 172 177 180 172 187 171 175 197 189 170 174 178 183 172 194 191 171
  181 181 175 193 183 196 198 194 190 195 195 197 197 183 178 186 192 172
  171 176 188 198 187 196 197 185 173 183 171 185 192]]
 job2fam
 [[1 0 0 0 0 0 0 0 0 0 0 0 0 0 0 0 0 0 0 0 0 0 0 0 0 0 0 0 0 0 0 0 0 0 0 0
  0 0 0 0 0 0 0 0 0 0 0 0 0 0 0 0 0 0 0 0 0 0 0 0 0 0 0 0 0 0 0 0 0 0 0 0
  0 0 0 0 0 0 0 0 0 0 0 0 0 0 0 0 0 0 0 0 0 0 0 0 0 0 0 0 0 0 0 0 0 0 0 0
  0 0 0 0 0 0 0 0 0 0 0 0 0]
 [0 0 0 0 0 0 1 0 0 0 0 0 0 0 1 0 0 0 0 0 0 0 0 0 0 0 0 0 0 0 0 0 0 0 0 1
  0 0 0 0 0 0 0 0 0 0 0 0 0 0 0 0 1 0 0 0 0 0 0 0 0 0 0 0 0 1 0 0 0 0 0 0
  0 1 0 0 0 1 0 0 0 0 0 0 0 0 1 0 0 1 0 0 0 0 0 0 0 0 0 0 0 0 0 0 0 0 0 0
  0 0 0 0 0 0 0 0 0 0 0 0 0]
 [0 0 1 0 0 0 0 0 0 0 0 1 0 0 0 0 0 0 1 0 0 0 0 0 0 1 0 0 0 0 0 1 1 0 0 0
  0 0 0 0 0 0 0 0 0 0 0 0 0 0 0 0 0 0 0 0 0 0 0 0 0 0 0 0 0 0 0 0 0 0 0 0
  0 0 1 0 0 0 0 0 1 0 0 0 0 0 0 0 0 0 0 0 0 0 1 0 0 0 0 0 0 0 0 0 0 0 0 1
  0 1 0 1 0 0 0 0 1 0 0 0 0]
 [0 0 0 0 0 0 0 0 0 0 0 0 0 0 0 0 0 1 0 0 0 0 0 0 0 0 0 0 0 1 0 0 0 0 0 0
  0 0 0 0 0 0 0 0 0 0 0 0 0 0 0 0 0 0 0 0 0 0 0 0 0 0 0 1 0 0 0 0 0 0 0 0
  0 0 0 0 0 0 1 0 0 0 1 0 0 0 0 0 0 0 0 0 0 0 0 0 0 0 0 0 0 0 1 0 0 0 0 0
  0 0 1 0 0 0 0 0 0 0 1 0 0]
 [0 0 0 0 0 0 0 0 0 0 1 0 0 0 0 0 0 0 0 0 0 1 0 0 0 0 1 1 0 0 1 0 0 0 0 0
  0 0 0 0 0 0 0 0 0 0 0 0 0 0 1 0 0 1 0 0 0 0 0 0 1 0 1 0 0 0 0 0 0 0 0 0
  1 0 0 0 0 0 0 0 0 0 0 0 0 0 0 0 0 0 0 0 0 0 0 0 0 1 1 0 0 0 0 0 1 0 0 0
  0 0 0 0 0 0 0 0 0 0 0 0 0]
 [0 0 0 0 0 0 0 1 0 0 0 0 0 0 0 0 0 0 0 0 0 0 0 0 0 0 0 0 0 0 0 0 0 0 0 0
  0 0 0 0 0 0 0 0 0 0 1 0 1 0 0 0 0 0 0 0 0 0 0 0 0 0 0 0 0 0 0 0 0 0 0 1
  0 0 0 0 0 0 0 0 0 0 0 0 0 0 0 0 1 0 0 1 0 0 0 0 0 0 0 0 0 0 0 0 0 0 0 0
  0 0 0 0 0 0 0 0 0 0 0 0 0]
 [0 1 0 1 0 0 0 0 0 0 0 0 0 0 0 1 0 0 0 0 0 0 0 0 0 0 0 0 0 0 0 0 0 0 0 0
  0 0 0 0 0 0 0 0 0 0 0 0 0 0 0 0 0 0 0 0 0 0 0 0 0 0 0 0 0 0 0 0 0 0 0 0
  0 0 0 1 0 0 0 0 0 0 0 0 0 0 0 0 0 0 0 0 0 0 0 0 0 0 0 0 0 0 0 1 0 0 0 0
  0 0 0 0 0 1 0 0 0 0 0 1 1]
 [0 0 0 0 1 0 0 0 0 0 0 0 0 0 0 0 0 0 0 0 0 0 0 0 0 0 0 0 0 0 0 0 0 0 1 0
  0 0 1 0 1 1 0 0 0 0 0 0 0 0 0 0 0 0 0 0 0 1 0 1 0 0 0 0 1 0 0 0 0 0 0 0
  0 0 0 0 1 0 0 0 0 0 0 0 0 0 0 0 0 0 0 0 1 0 0 1 0 0 0 0 0 0 0 0 0 0 0 0
  0 0 0 0 0 0 0 0 0 0 0 0 0]
 [0 0 0 0 0 0 0 0 1 0 0 0 1 0 0 0 0 0 0 0 1 0 1 0 0 0 0 0 0 0 0 0 0 1 0 0
  0 0 0 0 0 0 0 0 0 0 0 1 0 0 0 0 0 0 0 0 0 0 0 0 0 0 0 0 0 0 0 1 0 0 0 0
  0 0 0 0 0 0 0 0 0 0 0 0 1 0 0 0 0 0 1 0 0 0 0 0 0 0 0 0 1 0 0 0 0 0 1 0
  0 0 0 0 1 0 0 0 0 0 0 0 0]
 [0 0 0 0 0 0 0 0 0 0 0 0 0 0 0 0 0 0 0 0 0 0 0 0 0 0 0 0 0 0 0 0 0 0 0 0
  0 0 0 1 0 0 0 1 1 0 0 0 0 0 0 0 0 0 1 0 0 0 0 0 0 0 0 0 0 0 0 0 0 0 0 0
  0 0 0 0 0 0 0 0 0 0 0 0 0 1 0 0 0 0 0 0 0 0 0 0 0 0 0 0 0 0 0 0 0 1 0 0
  0 0 0 0 0 0 0 0 0 1 0 0 0]
 [0 0 0 0 0 0 0 0 0 0 0 0 0 0 0 0 0 0 0 0 0 0 0 0 1 0 0 0 0 0 0 0 0 0 0 0
  0 0 0 0 0 0 0 0 0 0 0 0 0 1 0 1 0 0 0 0 0 0 0 0 0 1 0 0 0 0 0 0 1 1 1 0
  0 0 0 0 0 0 0 0 0 1 0 0 0 0 0 1 0 0 0 0 0 0 0 0 1 0 0 0 0 0 0 0 0 0 0 0
  1 0 0 0 0 0 0 1 0 0 0 0 0]
 [0 0 0 0 0 1 0 0 0 1 0 0 0 0 0 0 1 0 0 0 0 0 0 0 0 0 0 0 0 0 0 0 0 0 0 0
  1 1 0 0 0 0 1 0 0 0 0 0 0 0 0 0 0 0 0 0 0 0 0 0 0 0 0 0 0 0 0 0 0 0 0 0
  0 0 0 0 0 0 0 1 0 0 0 0 0 0 0 0 0 0 0 0 0 1 0 0 0 0 0 1 0 1 0 0 0 0 0 0
  0 0 0 0 0 0 1 0 0 0 0 0 0]
 [0 0 0 0 0 0 0 0 0 0 0 0 0 1 0 0 0 0 0 1 0 0 0 1 0 0 0 0 1 0 0 0 0 0 0 0
  0 0 0 0 0 0 0 0 0 1 0 0 0 0 0 0 0 0 0 1 1 0 1 0 0 0 0 0 0 0 1 0 0 0 0 0
  0 0 0 0 0 0 0 0 0 0 0 1 0 0 0 0 0 0 0 0 0 0 0 0 0 0 0 0 0 0 0 0 0 0 0 0
  0 0 0 0 0 0 0 0 0 0 0 0 0]]
