params：
 weight-->(1, 10)
 proc_times-->(1, 100)
 setup_times-->(30, 60)
 delivery_times-->(1, 30)
 job_rate-->7.5

start:
alpha_1
7.5
 alpha_2
1.0
 mach
2
 job
15
 fam
3
 weigh
 [[0 3 3 1 2 4 6 5 8 3 3 8 5 9 2 4]]
 proc_times
 [[ 0 91 26 14 36  1 29 69 44 96 99 70  1 43  4 71]
 [ 0 96 99 61 80 39 33 55 73 58 23 65 86 80 14 77]]
 setup_times
 [[[ 0 48 35 56]
  [ 0  0 57 31]
  [ 0 39  0 35]
  [ 0 42 49  0]]

 [[ 0 32 43 55]
  [ 0  0 54 41]
  [ 0 43  0 34]
  [ 0 57 31  0]]]
 delivery_times
 [[ 0 11 18 18  3  5 20  6 15  1 12 29 12 12 25 16]
 [ 0 26 14 27 23 14 24 10 25  6 13 24 15 22 25 19]]
 job2fam
 [[1 0 0 0 0 0 0 0 0 0 0 0 0 0 0 0]
 [0 0 0 0 1 1 1 1 0 1 0 0 0 1 0 0]
 [0 0 1 0 0 0 0 0 0 0 0 1 0 0 1 1]
 [0 1 0 1 0 0 0 0 1 0 1 0 1 0 0 0]]
