params：
 weight-->(1, 10)
 proc_times-->(1, 100)
 setup_times-->(30, 60)
 delivery_times-->(170, 200)
 job_rate-->16

start:
alpha_1
16
 alpha_2
1.0
 mach
10
 job
160
 fam
5
 weigh
 [[0 1 4 4 3 9 7 9 1 1 8 7 5 7 3 6 8 5 4 5 8 2 6 7 8 2 6 9 7 9 4 2 5 8 1 4
  5 7 4 2 5 5 6 3 3 7 3 8 6 6 4 7 3 1 9 1 2 4 4 7 1 4 1 6 8 4 9 8 9 9 4 1
  4 2 9 2 9 1 4 6 4 3 7 5 9 8 9 5 8 7 2 7 3 1 6 4 2 4 2 2 7 7 5 4 9 2 9 1
  4 9 5 2 4 4 2 7 9 2 7 7 2 8 3 9 2 9 6 1 8 5 4 4 7 3 1 1 1 5 8 1 9 2 7 8
  3 4 2 2 9 8 3 1 8 8 8 7 7 4 8 4 6]]
 proc_times
 [[  0  19  25   4  20   6  24  13  81  65  76  52  29  59  85  10  90  18
   30  49 100  78  61  10  39  87  48  24  17  76  24  72  97  67  81  77
   89  27  71   1   8  38  55  75  57  44  61  20  81   7  54  41  25  89
   91  69  99  39  89  44  54  71  48  34  39  91  98  86  20  90  80  99
   79  53  44  15  79  31  16  78  89  60  39  35  51  31  53  67  56  28
   98  57  76  59  63  35  85  63  82  27  52  79  10  73  73  77  64  75
   60  71  28  37   4  90  15  74  85  52  79  86  54   6  30  37  46  87
   56  37  70   5  70  12  73  66  72  26  47  75  26  51  20   7  70  91
   38  16  53  77  95  30  75  50  86  35  38  86  25  41  77  45  93]
 [  0  77  19  45  15  97  67  35  11   4  40  68  51  49  96  79  12  45
   69  17  73  30  22  43  24  59  38  22  90  69  36  35   9  50  13  84
   12  61  62  79  28  70  79  95  62  23  91  26  47  20  78  85  56  99
   78  49  18  39  41  36  61  64  43  65  76  30  81   5  41  31  14  50
   14  31  81  41  75  76  41  12   8  94  49  34  59  10  25  44  39   5
   18  79  44  35  19   3  11  72  96  65  90   8  70  90  99  92  34  26
   77  62  31 100  57  70  97  65  80  62  18   8  23  63  45  36   2  63
   13  43  53   1  74  79  69 100  69  40  86  18  35   1  98  84  18  13
   28  85   5  50  95   4  40  74  36  93  45  42  98  32  92  82  36]
 [  0   9  93  52  46  27  62  57  57  65  15  52  76  46  11  59  31  58
   86   3  15  15  25  49  10  46  43  47  95  83  24   2  65  59  27  45
   31  70   8  39  81  70  11  70  73  48  95  23   9  24  37  94  88  86
   76  73  94  15   4   3  76  37  85  94  29  54  99  85  36  53  77  20
    6  19  34  54  36  20  26 100  42  52  43  14  35  29  87  27   9  68
   15  52  65  48  75  11  12  70  76  51  42  46  68  14  47  69 100  94
   91  96  32  64   9  47  38  81   5  14  40  66  18  60  58  82  54  64
   73  31  62  62  49  36  55  31  14  27  26  48  80  50  97  79  31  44
   84  90  29  12  74  36  75  70  57  97  84  55  53  91  39  79  26]
 [  0  93  77  31  22  44   5  94  20  63  21   7  67  79  65  68   8  65
   45  66  75  64  16  72  92   8  77  91  58  56  52  96  44  17  14   9
   63  74  62  96  56  44  53  24  10  50  38  68  20   5  49  94  97  60
   46  76  78  77  41  74  29  50  61  96  67  13  49   2  13  58  26  31
   34  80  93  84  63  55  94  67  68  93   9   2  15   1  87  10  55  88
   16  88  25  76  86   2  54   1  99  30  52  33  21  52   6  86  79  56
   15  72  50  67  47   1  61  29  63  82  93  11  46   8  66  57  82  30
   54  80  22  50  89  82  80  39  62  26  98  83  62   2  68  12  87  29
    2  30  26  35   2  32  38  84  74   7  69  97  89   3  59  61  89]
 [  0  90  25  36  83  48  56  44  13  70  91  24  94  56  56  40  52  66
   91  17  97  92  48  32  31  61  89  95  90  43  80  88  93  47  53  60
   49  26  17  40   3   3  87  98  70  47  73  88  59  88   7  35  44  39
   39  73  27  67  96  55  92  19  14  79  15  18  21  13  63  94   1  20
   30  29  45  11   3  97  45  99  20  92  17  10  44  34   3  84  86  57
    6  66  21  91  23  77  50  66  82  34  77  22  88  36  67   7  15  55
   46   2  55  88  44  85  27  14  87  30  80  70  14  83  53  20   1  28
   39  22  87  42  96  70  74  60  27  95  73   2  84  38  19  57  12  62
    5  31  90  88  31  91  66  92   7   3  77  26   9  24   8  82  66]
 [  0   3  62  91  22  30  70  27   6  64  85  44  12  11  13  48  69  80
   29  63  24  97  36  52   7  97  25  36  93  52  83  59  29  47  52   7
   60  70  30  35  45  87  28  25  43  55  13  63  78  81  42  35  34  31
  100  19  31  40  36  59  27  37  97  48  62  30  15  34  39  74  49  41
   64  44  32   4  71  74  51  69  56   4  95  99  53  97  78  11   4  79
   45  87  95  79  23  20  92  74  86   4  56  99  31  17  93  30  66  66
   54  56  36  16  52   3  39  82  70  49  33  47  42  40  28  96  79  69
   34  44   8  28  74  36  18  65  44  66  78  91  93  11  31  39  71  54
   37  95  79  96  55  28  77  68  25  57  62  22  56  24  71   7  93]
 [  0  55  30  66  46   8  97  78  43  20   7  22  11  92  16  10  18 100
   20  55   2  18  96  11  95  24  38  16  71  90  44  34  40  23  67  74
   51  14  88  21  24   4  98  44  81  53  35  82  34  11   3  34  41  18
   26  31  45  75  55  97  49  66  82  84  57  67  38   8   7  86  65  45
   42  60  52  43  36  72  76   1  23  67  29  95  88  62  75  54  16  33
   19  71  61  14  96  96  43  99  65  83  82  30   1  53  81  82  68   8
   46   3  57  37  17  20  29  78  45  42 100  77  72  33  31  53  32  88
   83  81  78  56  65  67   5  56  61  36  73  76  36  62   3  69  34  23
   25  78  40  56  91  94  30   6  20  13  90  51  49  64  61  14   8]
 [  0  29  79  55  49  29  85  75  78  18  90  25  19  28  44   8  63  81
   15  75   5  67  82  71  60  40  22  59  69  82  83  27  44  56  73  76
   97  96  44  29  10  26  75  84  76  49   5  73  60  62   9  49  57  63
   56  65  93  32  92  33  27  69  85  16  38  29 100   9  96  28  30  41
   20  42  54  96  87  84  49  78  45  68  17  92  49  98  81   5  51  50
    7  43  15  24  74  64  63  62  44  63  14  62  33  36  40  25  13  64
    6  41  83  83  86  71  26  79  17  73  37  32  92   9  44   3  50  71
    9  49  97  98  15  55  38  42   7  83  78  75  28  84  86  67  88  46
   71   5  72   2  27  97   4   2  48  17  13  39  36  74   8  68  21]
 [  0  22  43  71  81   7  87  66  71  62  96  76  49  80  83  82  12  41
    3  93  79  79   7 100  74  29  95   8   1   6  35  42  15  22   5  36
   69   1  25  64  32  34  79  77  77  53  48  27  59  46  70  46  22  96
    6   1  51  95  28  40  50   3  12  68  95  45  47  70  12  40  23   4
   87  75  73  89  52  49  89  55  61  67  64  15  84  54  55   4  71  20
   35  33  70  75  35  12   2  29  39  50  27  25  63  70  28  48  82   8
    2  22  95 100  68  81  22  69  31  55  37  89  49  21  79  87  93   1
   73  67  33   3  27  80  40  72  12  85  88  46  32  86  42  57  97  89
    3  69  32   4  96  10  22  82  96   6  29  52  98  46  18  28  57]
 [  0  44   8  68  95  28  38  45   8   5   3  69   5  86  58  59   4  24
   81  37  94  43  17   9  49  74  78  24  44  75  87  14  19  68  96   9
   65  34  31  10   8  91   1   7  60  53  88  58  96   3  25  61  80  94
   13  81  64  79  73  47  20  91  22  25  71  64  26  99  14  23  22   7
   53  80  62  56  94  34  28  32  69  91  76  43  59  28  21  70  93  41
   22  19  34  82  63  14  66  21  91  95  54  35  26  51  86  52  83  16
   76  47  48  40  25  11  74   5  98  86  65  95  95  95   2  27  95  62
   88  90  95  17  35  16  61  84  66  65  89  62  20  28  97  41  34   8
   27  51   9  80  93  75  79   2  62  66  31  40  47  67  38  19  60]]
 setup_times
 [[[ 0 43 58 34 59 37]
  [ 0  0 45 46 49 58]
  [ 0 45  0 46 45 30]
  [ 0 39 38  0 38 33]
  [ 0 43 57 51  0 31]
  [ 0 54 34 45 38  0]]

 [[ 0 39 55 46 58 44]
  [ 0  0 57 30 34 33]
  [ 0 39  0 40 53 34]
  [ 0 57 56  0 49 33]
  [ 0 41 34 55  0 36]
  [ 0 31 32 49 30  0]]

 [[ 0 35 48 43 53 39]
  [ 0  0 43 38 35 57]
  [ 0 59  0 43 31 59]
  [ 0 33 40  0 43 35]
  [ 0 53 42 31  0 35]
  [ 0 37 44 32 31  0]]

 [[ 0 40 40 32 39 45]
  [ 0  0 45 32 46 57]
  [ 0 53  0 52 30 59]
  [ 0 31 49  0 48 44]
  [ 0 58 42 34  0 31]
  [ 0 33 43 44 58  0]]

 [[ 0 32 56 31 41 43]
  [ 0  0 41 57 31 30]
  [ 0 51  0 59 32 57]
  [ 0 42 59  0 54 30]
  [ 0 33 59 41  0 42]
  [ 0 45 47 45 54  0]]

 [[ 0 30 40 37 41 53]
  [ 0  0 53 45 58 37]
  [ 0 47  0 38 55 34]
  [ 0 30 58  0 47 52]
  [ 0 56 56 48  0 37]
  [ 0 55 32 50 36  0]]

 [[ 0 59 31 38 33 46]
  [ 0  0 55 30 35 59]
  [ 0 50  0 50 34 44]
  [ 0 44 38  0 52 54]
  [ 0 38 56 45  0 42]
  [ 0 58 49 33 31  0]]

 [[ 0 39 45 55 30 54]
  [ 0  0 54 39 45 51]
  [ 0 34  0 39 35 37]
  [ 0 40 56  0 47 34]
  [ 0 44 55 52  0 31]
  [ 0 44 53 47 46  0]]

 [[ 0 37 49 49 51 41]
  [ 0  0 38 55 30 31]
  [ 0 56  0 36 32 40]
  [ 0 56 33  0 42 48]
  [ 0 53 49 38  0 40]
  [ 0 35 35 37 38  0]]

 [[ 0 43 47 53 31 52]
  [ 0  0 41 32 47 50]
  [ 0 44  0 32 54 46]
  [ 0 40 31  0 51 50]
  [ 0 34 45 38  0 45]
  [ 0 43 59 59 51  0]]]
 delivery_times
 [[  0 188 174 190 197 197 188 185 185 179 190 170 186 199 186 191 185 193
  191 185 174 188 173 173 184 179 179 187 177 191 180 178 177 191 173 173
  182 172 190 188 191 179 195 189 174 183 189 174 172 197 195 196 194 185
  180 170 197 186 178 179 178 173 198 181 189 196 194 197 192 180 170 183
  196 173 170 184 183 189 178 185 171 180 183 190 172 194 187 185 191 188
  193 183 172 180 175 190 174 182 175 195 190 183 185 172 186 177 178 172
  180 182 195 175 195 174 184 176 184 179 196 175 187 192 170 187 184 195
  171 173 178 188 181 187 184 173 184 170 177 176 182 189 179 182 192 197
  176 173 194 195 193 188 186 194 173 179 179 199 193 176 185 199 174]
 [  0 186 195 177 181 184 199 185 184 170 173 175 170 174 175 192 173 183
  185 195 185 190 181 173 189 184 185 181 177 193 195 171 186 189 174 189
  187 197 172 181 179 189 191 182 197 190 177 191 191 179 198 177 195 172
  182 190 180 170 174 182 198 173 176 183 184 189 183 189 175 190 172 199
  180 193 182 198 192 192 186 189 183 196 190 191 184 185 181 183 188 193
  189 186 195 188 190 196 194 172 189 170 183 177 193 179 179 188 195 196
  181 190 182 182 185 197 197 198 178 184 181 199 184 190 198 197 184 195
  187 185 184 186 186 196 178 193 198 191 181 188 195 196 184 173 191 170
  171 170 177 170 199 188 191 196 170 197 194 188 176 188 176 196 199]
 [  0 190 185 171 187 199 198 192 188 195 174 189 184 196 185 197 175 190
  185 175 183 170 173 175 171 194 190 185 172 198 197 185 199 180 194 193
  194 189 175 188 176 178 197 195 185 172 185 174 195 180 183 196 199 179
  191 177 178 197 180 171 179 197 198 190 177 170 186 182 180 170 182 199
  178 194 186 179 189 186 185 187 196 188 189 188 185 173 175 193 195 178
  185 177 179 187 193 189 189 194 176 182 176 195 187 171 174 182 181 180
  199 186 175 181 176 193 190 198 182 183 196 197 184 197 181 179 182 195
  180 198 175 182 192 190 198 186 198 171 185 172 176 173 198 187 171 176
  183 192 194 192 198 193 188 193 199 173 181 182 181 196 179 194 177]
 [  0 189 171 170 197 187 176 182 181 180 171 184 190 198 182 186 185 184
  187 188 174 193 174 199 198 172 177 187 180 181 198 183 192 173 185 197
  199 189 183 176 189 190 198 191 199 183 176 195 192 194 195 189 184 183
  198 181 195 193 181 188 180 188 174 192 182 174 199 197 178 171 184 194
  180 193 182 173 199 180 194 193 185 183 187 196 187 171 198 193 180 193
  188 196 170 173 176 181 189 171 176 171 188 173 174 170 185 190 187 177
  188 182 199 178 180 176 176 186 182 189 198 190 172 184 175 176 191 189
  199 182 188 183 187 198 189 174 179 189 188 194 187 175 197 199 172 189
  194 176 193 190 199 195 193 171 172 170 187 197 186 172 178 184 178]
 [  0 185 182 170 172 197 174 186 197 174 184 173 198 175 199 177 194 185
  197 181 177 174 198 175 179 191 192 173 187 184 196 172 199 177 188 185
  178 174 180 176 195 195 177 173 180 195 195 178 172 179 180 189 188 176
  192 195 192 198 187 199 171 183 198 199 193 195 188 189 179 199 176 198
  172 181 176 193 184 175 187 171 180 185 191 173 193 185 183 178 199 193
  171 186 181 177 173 195 176 196 189 197 178 182 199 184 175 186 181 195
  182 179 179 187 185 172 188 182 174 171 179 188 199 181 176 178 182 174
  170 185 195 191 179 170 185 175 194 181 170 176 190 195 175 178 194 187
  175 195 188 181 172 179 181 192 197 194 191 177 184 172 199 181 187]
 [  0 186 183 177 180 180 175 181 193 179 172 176 170 178 189 174 176 174
  170 172 174 186 185 185 192 188 184 187 171 171 185 183 193 172 188 189
  171 199 191 180 177 196 199 184 178 177 194 177 170 199 171 180 177 174
  195 196 172 172 177 193 187 194 189 198 195 187 190 191 182 173 181 192
  191 185 182 185 189 192 197 199 189 183 194 171 190 197 189 196 181 194
  182 191 191 173 195 188 190 197 185 194 193 180 194 172 183 181 198 186
  197 193 191 181 173 173 178 181 170 198 172 183 171 193 179 199 199 171
  192 189 194 194 183 181 173 198 179 184 197 174 182 173 176 181 183 174
  179 198 173 196 199 195 174 189 180 188 182 182 171 193 174 172 190]
 [  0 188 195 192 189 170 179 193 194 181 170 173 176 178 193 173 170 193
  193 183 170 199 196 189 186 179 174 187 176 199 195 178 175 175 173 187
  184 194 180 188 189 189 171 199 191 183 195 192 183 170 181 180 175 172
  195 191 172 182 195 177 175 196 176 179 186 191 193 186 199 199 186 183
  175 186 173 176 198 172 197 174 183 177 183 171 176 198 186 170 197 183
  185 199 199 185 190 191 190 183 175 180 176 189 187 193 186 199 174 183
  175 192 182 194 198 199 198 179 179 199 184 181 174 175 177 190 193 182
  195 191 176 172 177 177 177 173 191 171 187 189 174 171 177 172 175 192
  189 175 194 174 190 183 182 179 197 188 190 174 174 187 178 189 186]
 [  0 186 180 183 173 194 177 185 186 175 192 175 184 170 186 180 186 197
  179 179 199 181 187 189 199 189 175 174 185 192 198 178 194 192 188 172
  178 197 183 175 183 189 187 180 192 171 195 199 198 186 188 199 179 183
  171 177 196 190 194 184 174 194 186 171 183 183 175 185 175 173 192 184
  178 198 195 183 194 181 190 176 194 172 174 188 177 179 185 190 181 171
  188 177 191 195 170 180 188 189 176 189 199 172 199 194 178 184 183 177
  183 170 186 172 191 192 181 172 176 171 177 173 179 170 183 182 194 176
  179 187 180 197 199 194 199 171 176 196 196 194 187 175 194 178 171 195
  170 177 188 179 186 184 186 176 180 183 198 184 189 190 196 177 184]
 [  0 185 179 175 174 188 187 193 194 173 184 177 184 181 199 195 199 195
  174 190 187 198 175 179 198 187 171 187 182 188 179 183 191 183 179 194
  196 195 199 199 194 180 182 194 193 175 186 171 185 193 181 180 198 178
  173 184 190 193 171 186 198 187 184 179 180 171 190 172 190 187 196 196
  189 172 189 196 192 174 179 189 174 181 176 197 173 182 196 193 176 184
  177 171 193 172 178 188 170 178 194 190 195 178 170 197 198 175 198 185
  186 197 192 196 187 176 194 175 176 190 187 172 177 196 194 193 194 188
  171 188 179 190 179 170 172 192 172 194 175 185 194 193 173 196 171 170
  197 192 174 181 195 197 198 178 196 180 173 192 170 179 194 172 190]
 [  0 197 198 178 180 192 178 192 176 196 170 194 181 198 171 185 184 187
  189 172 199 186 175 177 190 198 195 182 193 187 179 198 175 193 192 191
  192 190 179 191 170 194 186 192 177 192 197 187 173 170 185 184 180 173
  196 187 182 198 189 172 183 180 184 175 194 186 171 176 174 172 193 180
  176 196 178 178 186 197 191 173 174 177 198 188 178 185 192 198 174 192
  173 185 193 198 173 184 195 184 188 183 185 171 174 193 190 197 178 191
  176 188 188 186 175 176 172 179 191 183 181 185 177 181 188 173 195 184
  199 188 199 170 197 182 189 182 190 186 181 174 199 190 191 175 183 181
  196 196 178 188 195 177 174 192 173 172 193 179 176 175 195 181 176]]
 job2fam
 [[1 0 0 0 0 0 0 0 0 0 0 0 0 0 0 0 0 0 0 0 0 0 0 0 0 0 0 0 0 0 0 0 0 0 0 0
  0 0 0 0 0 0 0 0 0 0 0 0 0 0 0 0 0 0 0 0 0 0 0 0 0 0 0 0 0 0 0 0 0 0 0 0
  0 0 0 0 0 0 0 0 0 0 0 0 0 0 0 0 0 0 0 0 0 0 0 0 0 0 0 0 0 0 0 0 0 0 0 0
  0 0 0 0 0 0 0 0 0 0 0 0 0 0 0 0 0 0 0 0 0 0 0 0 0 0 0 0 0 0 0 0 0 0 0 0
  0 0 0 0 0 0 0 0 0 0 0 0 0 0 0 0 0]
 [0 0 0 0 0 0 0 0 0 0 0 0 0 0 0 0 0 1 0 0 0 0 0 0 0 0 0 0 0 0 0 0 0 0 1 0
  0 1 0 0 0 0 0 1 0 0 0 0 0 0 0 0 1 1 1 1 1 1 0 1 0 0 0 0 0 0 0 0 0 0 0 0
  0 1 0 0 0 1 0 1 1 1 0 0 0 0 0 0 0 0 0 0 0 0 1 0 1 0 0 0 0 0 0 0 0 0 1 0
  0 0 1 0 0 0 1 0 0 0 0 0 1 1 0 0 0 0 0 0 0 1 0 0 0 0 0 0 0 0 0 0 0 0 0 0
  0 0 1 0 0 0 0 0 0 0 0 0 0 0 1 0 0]
 [0 0 0 0 0 1 1 0 0 0 1 0 0 0 0 0 0 0 0 0 0 1 1 0 0 0 0 0 0 0 0 0 0 1 0 1
  0 0 0 1 1 0 0 0 0 0 0 0 0 0 0 0 0 0 0 0 0 0 0 0 0 0 0 0 0 0 0 0 0 0 0 1
  0 0 0 1 1 0 0 0 0 0 1 0 1 1 1 1 1 0 1 0 0 1 0 0 0 0 0 1 1 0 0 0 0 0 0 0
  0 1 0 0 0 1 0 0 0 0 0 0 0 0 0 0 1 1 0 0 0 0 0 0 1 0 0 0 0 1 0 0 0 0 1 0
  0 0 0 0 1 1 0 0 0 1 1 0 0 0 0 1 0]
 [0 1 0 1 0 0 0 1 0 0 0 1 0 0 1 1 0 0 1 0 1 0 0 1 1 1 0 0 0 0 0 1 0 0 0 0
  1 0 0 0 0 0 1 0 0 1 1 1 1 1 1 0 0 0 0 0 0 0 1 0 1 0 0 1 0 1 0 0 1 0 0 0
  0 0 1 0 0 0 1 0 0 0 0 1 0 0 0 0 0 0 0 0 0 0 0 0 0 0 0 0 0 0 1 0 0 0 0 0
  0 0 0 1 0 0 0 0 0 0 1 0 0 0 1 0 0 0 0 0 0 0 1 1 0 0 0 1 0 0 0 0 0 0 0 0
  0 0 0 1 0 0 0 0 0 0 0 0 0 1 0 0 1]
 [0 0 1 0 0 0 0 0 0 1 0 0 1 0 0 0 0 0 0 1 0 0 0 0 0 0 0 0 0 0 0 0 0 0 0 0
  0 0 0 0 0 1 0 0 0 0 0 0 0 0 0 1 0 0 0 0 0 0 0 0 0 1 0 0 0 0 1 0 0 1 1 0
  1 0 0 0 0 0 0 0 0 0 0 0 0 0 0 0 0 1 0 0 0 0 0 1 0 0 1 0 0 0 0 0 1 0 0 0
  1 0 0 0 1 0 0 0 0 0 0 1 0 0 0 1 0 0 1 1 0 0 0 0 0 0 1 0 0 0 1 1 0 1 0 0
  0 0 0 0 0 0 1 0 0 0 0 1 1 0 0 0 0]
 [0 0 0 0 1 0 0 0 1 0 0 0 0 1 0 0 1 0 0 0 0 0 0 0 0 0 1 1 1 1 1 0 1 0 0 0
  0 0 1 0 0 0 0 0 1 0 0 0 0 0 0 0 0 0 0 0 0 0 0 0 0 0 1 0 1 0 0 1 0 0 0 0
  0 0 0 0 0 0 0 0 0 0 0 0 0 0 0 0 0 0 0 1 1 0 0 0 0 1 0 0 0 1 0 1 0 1 0 1
  0 0 0 0 0 0 0 1 1 1 0 0 0 0 0 0 0 0 0 0 1 0 0 0 0 1 0 0 1 0 0 0 1 0 0 1
  1 1 0 0 0 0 0 1 1 0 0 0 0 0 0 0 0]]
