params：
 weight-->(1, 10)
 proc_times-->(1, 100)
 setup_times-->(15, 30)
 delivery_times-->(1, 100)
 job_rate-->16

start:
alpha_1
16
 alpha_2
0.5
 mach
10
 job
160
 fam
8
 weigh
 [[0 3 8 8 8 4 7 2 1 7 6 1 6 2 2 2 7 1 6 4 8 3 7 3 2 9 5 8 4 7 7 7 9 9 8 2
  4 8 7 6 8 6 1 2 9 9 6 2 3 6 3 7 2 8 6 5 3 3 7 4 5 4 7 1 7 2 1 7 7 5 9 1
  1 4 2 6 7 8 8 3 4 8 3 8 6 5 8 5 7 6 5 9 5 3 1 8 9 9 8 8 7 7 8 7 7 4 7 5
  8 4 3 7 1 7 5 7 7 8 8 2 3 2 6 4 9 7 4 2 4 6 5 6 3 1 2 8 8 5 7 6 7 2 9 8
  6 1 7 3 2 7 1 7 6 6 7 7 4 9 7 3 3]]
 proc_times
 [[  0  19  62  20  84  13  19  15  62   4  61  14  25  30  15  10  81   2
   35  33  57  81  38  88  31  44  94  11  46  69  73  32  29  81  15  32
   73  36  73  75  88  90  89  92  59   1  96  20   7  51   2  47  24  22
   73  53   8   2  47  21  33  21  12  28   2  49  69  15  70  17  51  95
   57  32  63  25  97  15  57  68   6  20  89  79  99  47  25  76  28  18
   66  24  87  34  70  59  92  11  97  59  39  24  93  93  22  12  21  42
   34  98  63  59  32  92  26  74   1  46   6  98  73  23   8  55   8  62
    6  59  76  70  63   6  42   9  64  12  78  85  45  32  49   1  63   1
   89  98  57  32  55  93  80  49   1  37  51  26  12  83  75  76  96]
 [  0  55  25  23  16  20   8  27  89  92  40  52  10  44  49  69  40  19
    1  19  31  27  19  44  27  37  27  13  13 100  76  78  49  36  82  37
   38  47  16  79  83   3  86  47  76  87  34  15  81  89  20  25  76  42
   39  56  43  34   7  95  39  45   3  66  43  23  69  28  71  11  97  19
    7  58  55  96  75  41  89  77  59  16  66  79  49  20  91  55  96  60
   48  61  57  24  82  54  30  22  31  40  24  55   4  30   7  93  50  90
   92  46   6  23  59  17  85  99  48  82  20   9   8  73  61  32  68  72
   11  87  15  69  72  31  70  12   4  40  10  23  65  92  43  53  89  54
   34  94  17  53  15 100  42  40  19   2  25  32  30  90  19  51  51]
 [  0  90  84  74  26  38   7  12  41  12  25  16  28  24  50  17  31  94
    8  42  27  87  28  12  81  17  28  78  29  51  49   7  21   8  74  31
   92  62  24  95  76  89  88  52   8  54   8  35  73   7  26   6  58  65
   78  86  16  11  27  48  45  24  40  67  55  95  97  46  37  28  61  13
   25  27  58  90  28  83  68  48  93  95  84  85  92  13   3  40  30  43
   56  85  22  73  68  73  63  30  62   1   2  74  57  32  65  88  17  68
   89   2   7  82  73  45  61  69  56  57  83  74  39  17  17  59  91  33
   48  64  36  89  69  98  68   6  22  22  23  30 100  21  25  46  74  62
   56  67  20   8  44  25  53  36  84  57  57   4   4  70  32  81  47]
 [  0  44  20  28  79  18 100  69   2  78  81  63  29   1  50  44  39   9
   54  93  50  54  83  32  83  28  84  85  46  99  67  27  91   7  47  34
   29  46  28  25  57  43  35  79  34  22  42  56  10   6  69  70  97  69
   45  11  94  17  88  48  63  10  44  92  40   9  26  25  25  76   7  70
   58  67  29  89  58  93  54  38   2  77  15  44  66  73  36  72  97  49
   96   8  78   5  97  83  36  17  61  29  51   3  19  27  43  47  17  50
   30  29  90  83   6  40  58  49  36  43  76  89  50  50  62   9  42  81
   31  93  60  46   1  76  26  72  11  25   6  89  14  88  10  78  45  61
   29  17  36  13   9  61  34   7  93  19  82  79  16  16  42  74  11]
 [  0  80  99  81  78 100  48  73  90  96  49  61  68  75  41  96  59  57
   16  74  43  97  23  56  87  77  31   6  79  43  28  75  27  96  53  17
  100  96  19   5  34  42   8  32   3  24   3  65  63  85  73  38  75  82
   22  98 100  41  17  97  25  61   4  65  74  16  25  88   3  86  14  19
   85  46   5  26  43  55  43  89  34  16  64  14  61  31  47  51  60  59
   79  93   8   4  55  78  86  21  37  23  80   6  12  40  29   3  41  28
   30  72  73  13  33  99  73  87  99  61  59  25  86  73  45  38  67  19
   90  60  64  17  35  48  12  68  83  20  80  92  63  66  87  72  85  86
   58  61  45  45  87  19  83  68  46  88  71  51  31  60  32  17  41]
 [  0  19  83  73  77  10  38  35  50  93  44  12  26  10  59  44  96  55
   13  77  43  77  17  75  84  95  90  95  53  41   4  62  50  41  13  55
   64  26  74   7  19  85  99  50  81  79  20  36  18  96  91  96  53  83
   62  15  50  40  21  43  59  18  46  88   7  90  66  42  15  83  64  43
   57  98  86  62  60   5   6  88  92  41  58  86  82   1  50  50  35  56
   23  94  45  15  91  79  26   2   5  24   7  16  38  63  45  22  63  47
   70  62  20  20  26  69  53  67   3  80  76   5  11  55  10   7  81  24
   22  47   2  61  24  38  62  86  56  37  19  94  26   7  20  44  75  32
   14  87  78  86  42  65  61  71  35  81  82  43  26   8  97  21  81]
 [  0  98  59  13  88  49  90  27  77  52  37  59   5  69  17  78  34  81
   15  39   8  92 100  15  65   8  41   3  44  96  66  78  56  85  10   6
   51  52  90  97  13  97  78  40  23  37  16  96  50  20  90  86 100  97
   77  83  71  68 100  11  55  47  89  68  82  56  63  13   8  35  26  28
    1  24  88  10  91  54  33  39  14  50   6   5  26  75  67  62  75  45
   93  73  65  12  77  48  18  88  26  93  92 100  95  94  14  93   1  54
   80  48  95  46  34  30   8  93  49  52  56  96  31  15  58  72  46  98
   81  42  69  60  65  18  54  13  27   9  61  99  82  89  82  37  45  90
   56  81  81  69  87  46  38  72  21  22  30  37  90  97  37  21  29]
 [  0  73  43  23  46  36  46  45  23  17  43  69  57  53  45  68  48  52
   53  38  18  74  16  92  77  40  72  70  86  71   1  72  31  41  44  67
   34  60  26  20  30  97  86  93  18  29  98  84  57  44  28  85  93  21
   65   9  29  37  89  34  25  91  58   1  24  90  85  65  36   1  36  63
   49  18  55  41  64  25  99  57  35   8  45   5  16  48  51  72  77  14
   83  23  15  96  85  87  73 100  79  85  79  76  76  80  43  89  36   7
    5  91  78  29  70  24  58  77  48  18  20  83  51  28  79  48  75  60
   48  84  19  10   2  65  88  87  41  53  46  69  12  96  16 100  64  36
   27  59  61   2  73  11  23  97  90  14  34  38  87  12  90   4  55]
 [  0  87   9  99  39  27  62  89   5  24   1  31  60  17  28  63 100  52
   12  34  89  30  71  79  15  80  26  75  69  32  29  54  38  70  94  61
   74  99  30  59  23   6  53   9  52  80  63  37  43  82  18   3  30  49
   51  15  63  58  71  72  22  15  67  19  30  18  68  59  20  32  60  42
   21   5  23  17  22  36  12  14  62  38  78  91  94  86  81  30  97  85
   20  66  28   2  68  47  90  78  32  10  45 100  60  69  91   8  16  60
   30  88  32  43  71  55  71  91  91  59  31  22  53  74  61  54  52  33
    2  56  24  61  42  29  50  80  56  83  12  10  45  85  43  18  88  55
   84   9  68  76  48  32  91  16  38  55  11  84  71  98  61  41  30]
 [  0  51  49  99  23  80  82  99  86  20  81  29   2  19  40  96  11  85
   18  72  68  18   8  32  45  22  60  14  31  35  39  78  33  15  97  30
   54  51  69  41  18  82   4  81  33  19  70  50  45   8  78   7  35  62
   20  25  67   1  45  23  53  70  95  75   5  97  98  79  56  52  26  40
   33  18  13  13  51  23  60   1  13  27  13  52  20  14  34  58  20  41
   32  99   6  23  91  77  50  72  30  96  24  49  24  68  31  49  28  88
   42  96  57  37  68  47  77  91  68  34  64  12  98  50  56  58   4   4
    6  35  54  47   9  70  29  82  74  57  49  61  97  34  52  20  41  22
   72  44  51   1  27  16  63  40  30  49  33  51  93  90  24  82  14]]
 setup_times
 [[[ 0 18 28 23 16 25 28 15 26]
  [ 0  0 24 22 22 23 29 24 27]
  [ 0 27  0 15 20 20 24 16 27]
  [ 0 28 28  0 23 25 29 16 28]
  [ 0 26 23 23  0 28 15 28 15]
  [ 0 28 21 18 27  0 23 18 25]
  [ 0 15 24 27 17 18  0 15 29]
  [ 0 20 18 19 21 20 26  0 26]
  [ 0 22 17 21 26 16 17 17  0]]

 [[ 0 22 27 16 22 25 23 27 17]
  [ 0  0 24 23 26 18 15 23 21]
  [ 0 18  0 29 17 28 17 28 28]
  [ 0 17 27  0 27 15 28 15 22]
  [ 0 28 19 17  0 19 20 21 29]
  [ 0 29 22 29 24  0 22 24 19]
  [ 0 18 24 28 26 28  0 26 15]
  [ 0 16 20 16 23 22 27  0 22]
  [ 0 26 24 15 28 26 17 21  0]]

 [[ 0 29 20 19 17 29 20 25 17]
  [ 0  0 23 24 20 21 15 19 26]
  [ 0 24  0 16 25 24 20 15 17]
  [ 0 17 26  0 29 15 17 19 20]
  [ 0 26 19 25  0 17 23 27 25]
  [ 0 18 29 27 20  0 25 18 26]
  [ 0 15 17 26 15 17  0 23 21]
  [ 0 15 29 17 24 21 21  0 16]
  [ 0 24 16 19 27 18 25 24  0]]

 [[ 0 19 29 29 17 24 27 28 26]
  [ 0  0 21 22 20 20 20 16 29]
  [ 0 15  0 29 20 25 19 22 18]
  [ 0 24 27  0 16 20 23 29 21]
  [ 0 27 17 21  0 25 28 15 27]
  [ 0 27 15 15 18  0 21 22 22]
  [ 0 25 22 15 28 26  0 20 19]
  [ 0 20 20 22 26 16 15  0 17]
  [ 0 18 25 16 27 27 17 23  0]]

 [[ 0 29 27 16 22 23 18 20 29]
  [ 0  0 20 15 23 29 25 27 16]
  [ 0 23  0 20 24 15 28 28 26]
  [ 0 28 24  0 29 23 23 23 24]
  [ 0 16 20 26  0 26 21 20 25]
  [ 0 17 17 23 29  0 25 16 20]
  [ 0 25 15 18 21 20  0 28 21]
  [ 0 23 25 19 29 23 28  0 17]
  [ 0 15 24 16 22 26 26 25  0]]

 [[ 0 27 16 18 16 28 16 29 25]
  [ 0  0 29 15 26 26 15 28 16]
  [ 0 20  0 26 24 21 17 20 26]
  [ 0 26 27  0 18 26 18 21 28]
  [ 0 28 24 17  0 26 21 27 15]
  [ 0 18 16 29 29  0 24 28 18]
  [ 0 21 26 21 29 25  0 27 23]
  [ 0 15 15 29 19 17 22  0 22]
  [ 0 24 17 27 21 18 25 24  0]]

 [[ 0 25 26 24 20 22 16 20 24]
  [ 0  0 18 18 19 25 24 29 21]
  [ 0 26  0 21 23 25 17 25 23]
  [ 0 25 28  0 18 22 27 29 20]
  [ 0 26 21 16  0 17 27 27 20]
  [ 0 23 22 27 25  0 24 29 15]
  [ 0 27 28 17 19 15  0 25 27]
  [ 0 15 24 22 21 19 18  0 29]
  [ 0 17 19 19 16 19 15 17  0]]

 [[ 0 28 20 23 19 25 29 17 21]
  [ 0  0 22 29 28 22 25 27 20]
  [ 0 25  0 25 19 18 16 24 23]
  [ 0 19 17  0 23 15 26 15 29]
  [ 0 16 18 23  0 23 23 20 27]
  [ 0 15 18 26 27  0 18 19 18]
  [ 0 19 21 15 15 19  0 21 22]
  [ 0 25 21 15 29 21 18  0 19]
  [ 0 24 22 27 29 15 15 25  0]]

 [[ 0 20 20 15 27 21 20 27 16]
  [ 0  0 23 25 21 27 19 19 20]
  [ 0 26  0 20 21 28 16 25 17]
  [ 0 17 17  0 27 21 21 29 28]
  [ 0 21 27 26  0 24 17 27 16]
  [ 0 21 19 29 24  0 24 17 25]
  [ 0 26 17 24 24 20  0 25 28]
  [ 0 21 17 15 17 18 26  0 24]
  [ 0 23 18 24 19 16 19 28  0]]

 [[ 0 20 17 26 18 16 23 18 29]
  [ 0  0 23 28 15 25 20 27 24]
  [ 0 26  0 25 27 24 28 23 20]
  [ 0 22 21  0 18 19 22 21 16]
  [ 0 19 15 20  0 28 17 27 17]
  [ 0 23 17 17 27  0 15 27 29]
  [ 0 28 24 27 18 15  0 20 16]
  [ 0 15 29 17 18 18 16  0 21]
  [ 0 19 25 16 19 21 22 15  0]]]
 delivery_times
 [[ 0 77 92 78 59 71  8 40 76 34 60 55 46 31 91 73 65 28 93 52 40 68 72 44
  99 89 55  7 35 40 50 69 80 19  8 24 94 38 32 79 98 25 94 84 41 85 62 22
  65 36  7 49 67  8 57 99 36 24 94 84  8  1 90 42 84 65 39 44 71 56  3 20
  78 14 18 53 46 88 58 17 51 56 54  8  2 89 86 36  3 14 61 87 75 29 60 24
  21 99 43 30 60 70 12 33 12 61 65 67 10 23 45  6 87 24 24 80 15 61  1 75
  45 70 50 20 16 86 80 23 86 32 98  4  2 32 66 67 67 54 56 62 22 32 31 51
   4 80 43 63 34 18 56  8 76 29 99 70 66 80 38 60 12]
 [ 0 34 55 23 46  5 78  4 45 24 33 46 80 50 75 47 68 73  8 49  6 79 11 85
  81  6 13 68 81 31 64 49 82 97  7 97 48  9 29 92  8 36 89 91 43 84 76 90
  97 94 78 28 88  3  1 66 43 95 40 52 80 23 33 61 23 56 65  7 65 20 87 91
  72 67 91 98 92 41 42 62 19 80 88 91 99 73  7 92 81 21 88 26 75 73 26 31
  88 57 24 89 71 19 28 89 62 65 42 44 23  8 97 90 25 95 16 95 28 40 14 67
  44 97 38 93 15 25 24 65 70 11 77 95 81 47 35  8 78 70 93 40 48 61 87 33
  97 60 40 87 63 57 66 60 56 48 12 49 42 49 41 54 23]
 [ 0 15 83 30 57 77 91 35 50 48 81 81 68 19 15 83 13  6 57 89 59 75 31 39
  15 51 90 29 13  4 22 26 53 66 88 88  7 98  2 55 68  6 56  9 28 10 84 80
  11 67 84 74 92 34 99 35 83 34 45 77  5 93 42 37 33 75 44  1 38 84 95 10
  91 39 82 82 59 62 97 59 93 14 71 66 47 83 64 77 81 94 89 93 10 39 73 71
  12 28 58 20 68 32 31 39 17  1 92 72  7 12 42 44 72 10 54 15 46 58 22 45
  20 19 34 46 57 48 62 58 89 80  6 97 96 44 49 86 36 49 96 74 20 21 97 55
  87 90 64 89 22 17 67 72 50 40 19 66 35 72 11 58 94]
 [ 0 94 44 75  9 58 29 47 23 49 60  6 56 18 92 65 95 53 22 22 58 68 99 83
  79 42 32 24 90 30 29 44 83 17 85 60 28 89 80 23 64 84 30 67 70 14 82 16
  67 24 39 15 11 69 79 59 23 73 38 38 80 99 99 73 87 36 49 66 77  6 70 39
  60 39 55 71 38 38 14 13 53 52 70 17 46 22 48 97 99 28 26 12 17 27  7 57
  63 31 65 42 35 81 41 23 68 32 41 31 21 64 66 43 29 21 63 28 45 49  8 99
  39 54 66 36 75 42 95 49 55 45 66 93 16 39 55 13 35 90 43 93  6 61 23 48
  53 38 53 26 42 25 14 28 58 39 23 81 74 68 86 19 64]
 [ 0 51 78 72 65  4 17 59 36 11 11 99 76 59 38 24 46 69 43 31 46 46 94 72
  90 38 95 14 52 94 89  7  4 94 37 95 20 13 41 43 12  4 51 72 17 14 65 61
  79  3 97 23 86 29 38 30 14 77 86 22 52 90 89 73 62 66 35 19 53 80  5 27
  34 48 13 27 67 78  6 60 93 47 75  5 65  2  9 96 95 32 23 49 40 88 63  1
  71 39 23 92 62 21 50 98 13 54  5 25 96 58 65 94  8 48 44 58 36 95 32 10
  56 60  8 10 62 10  5 58  9 88  1 47 20 82 75 90 40 84 25  9 15 42 94 79
  28 29 32 59 11 11 87 68 21 60 77 43 31 79 54 99  8]
 [ 0 26 80 93 14  4 98  5 78 19  6 52 80 47 51 58 67 84 80 70 94 80 20 95
  49 73 71 37 68  9 28  1 54  2 40 68 22 70 47 45 21 96 30 52 16 60 48 29
  62 23 72 87 25 26 96 63 96 13 97 11 25 29  5 11 84 78  9 58 50 21 16 98
  19 59 32 80 12 48  8 25 34 28 35 54 61  3 78 58 28 75 57 27 71  6  4 87
  55 83 21 52 95 86 83 19 33 72 56 95 23 46 37 96 99 67 72 60 12 51 88 82
  11 80 60 28 51 92 67 60 16 57 50 70 39 55 31 24 42 41 29 67 31  9 47 25
  11 24 41 31 61 23 71 10 42 83 85 57 15 29 98 86 23]
 [ 0 35 30 87 82 98 93 79 88 60 83 55 71 37 94 39 97 36 45 31 84 31 35  6
  85 27 47 40  4 58 60 42 88  7 10 98 99 79 34  7 37 99 30 69 85 35 43 86
  78 94 51 20 51 54  3  4 20  7 74  1 43  5 28  9  3 23 43 98 81 65 32 34
  99 86 47 85 30 41 37 13 52 83 54 35 39 61 37 95 63 38 21 72  9 11 73 17
   3 13 27 94 39  5 64 18 18 95 20 45 36 52 23 30 32  8 27 82 66  5 98 99
  26 84 33 85 56 64 50 52 91 58 36 94 47 27 33 22 52 56 22 25 78 12 89 75
  16 96  2 27 46 36 79 51 32 26 52 12 85 99 65 81 13]
 [ 0 94 22 83 90 97 75 78 37 42 64 44 49 18 70 65 86 65 78 20 60 60 77 14
  83 18 49 91 77 76 52 35 67 35 74 64 42 12 33  7 68 38 41 19 85 16 67 48
  64 79 52 25 60 93 33 47 30 87 45 22 33 47  6  8  5  7 26 34 19 10 38 74
  12 34 10 63 74 77 60 45 38 60 45 24 62 19  1 69 57 38 32  4 40 83 28 58
  78 69 65 58 59 60  7 96 29 52 17 63 75 76 95 27 65 12 85 79 41 88  9 38
  77 75 57 98  4 68 17 67 74  9 99 75 45 90 36 98 51 28 86 79 57 61 86 78
  10 24 96 18 67  6 37 64 86 69 63  7 74 95 90 46 37]
 [ 0 96 65 93 66 25 41 44 90 29 56 15 47 58 38 34 54 80 25 98 36 20 87  8
  63 29 13 45 87 17  9 58 74 41 58 80 87 34 61 55 57 51 27 90 98 31 54  2
  63 40 55 36 58 50 37 35 50 22 77 60 70  3 14 36  8 91 51 94 17 66 70 47
  23 39 56 60 73 36 19 70 15 32 77 92 70 17 67 28 29 80 22  4 90 25 11 18
  43 12  7 93 88 75 75 61 78 57 80 45 30 72 65 75 46 90 59 39 58 92 16 92
  42 77 14  1  6 33 15 78 77 53  1 77 40 34 81 95 48 77 80 41  5 24 25 63
  70 29 82 40 89 53 44 11 97  7 88 30 51 31 86 71 22]
 [ 0  4 23 85  3 52 67 15 23 15  3 81 83 68 11 18 30 72 12 33 56 84 82 22
  59 21 43 86 56 96 78 86 36 56 77 78 83 71 78 23 52 91 49 32 96 66 73 68
  78 44 29 70 41 81 61 68 12 23  6 85  4 21 96 49  4 84 13 78  8 74  1 99
  75 40 84 53 80  8 77 78  3 62 11 23 49 24 37 74 76  6 43 92 35 10 99 14
  72 13 89 22 54 79 49 88 81 84 31 49 17 73 15 15 34 53  7 14 81 61 80 25
  17 59  7 11  6  3 87 69 10 62 14 38  6 35 82 53  6 94 80 81 97 35 52  7
   1 52 22 18 76 76 92  5 44 16 20 31 85  4 92 59 70]]
 job2fam
 [[1 0 0 0 0 0 0 0 0 0 0 0 0 0 0 0 0 0 0 0 0 0 0 0 0 0 0 0 0 0 0 0 0 0 0 0
  0 0 0 0 0 0 0 0 0 0 0 0 0 0 0 0 0 0 0 0 0 0 0 0 0 0 0 0 0 0 0 0 0 0 0 0
  0 0 0 0 0 0 0 0 0 0 0 0 0 0 0 0 0 0 0 0 0 0 0 0 0 0 0 0 0 0 0 0 0 0 0 0
  0 0 0 0 0 0 0 0 0 0 0 0 0 0 0 0 0 0 0 0 0 0 0 0 0 0 0 0 0 0 0 0 0 0 0 0
  0 0 0 0 0 0 0 0 0 0 0 0 0 0 0 0 0]
 [0 0 0 0 0 0 0 0 0 0 0 0 0 1 0 0 0 0 0 0 0 1 0 1 0 0 0 0 0 1 0 0 0 0 0 0
  0 1 0 1 0 0 0 0 0 0 0 0 0 0 0 0 0 0 0 0 0 0 0 0 0 0 0 0 0 0 0 0 0 0 0 0
  0 0 0 1 0 1 0 0 0 0 0 1 0 0 0 0 0 0 0 0 0 0 0 0 0 0 0 1 1 0 0 0 0 0 1 0
  0 0 0 0 0 0 0 0 0 0 0 0 0 0 0 0 0 0 0 0 0 0 0 1 0 0 0 0 0 0 0 0 0 0 0 0
  0 0 0 0 0 0 1 0 0 0 0 1 0 1 0 0 0]
 [0 0 0 0 0 0 0 0 0 0 1 0 1 0 0 0 0 0 0 0 0 0 1 0 0 0 0 0 1 0 0 0 0 0 0 0
  0 0 0 0 0 0 0 0 0 0 0 0 0 0 0 0 1 0 0 0 1 0 0 0 0 0 0 0 1 1 0 0 0 0 0 1
  0 1 0 0 0 0 0 0 0 0 0 0 0 0 0 0 0 0 0 0 0 0 0 0 0 1 0 0 0 0 0 0 1 0 0 0
  0 0 0 0 0 0 0 0 0 0 1 0 0 0 0 0 0 1 0 0 0 0 0 0 0 0 1 0 0 0 0 1 0 1 0 1
  0 0 0 1 0 0 0 0 0 0 1 0 0 0 0 0 0]
 [0 0 0 0 0 0 1 1 0 0 0 0 0 0 0 0 0 0 1 0 0 0 0 0 1 0 0 0 0 0 0 0 0 0 0 0
  0 0 0 0 0 0 1 0 0 0 1 0 0 0 0 0 0 0 0 1 0 0 0 0 0 0 0 0 0 0 0 1 0 0 0 0
  0 0 0 0 1 0 0 0 0 0 1 0 0 0 0 0 0 0 1 0 0 0 0 0 0 0 0 0 0 0 0 0 0 1 0 0
  0 1 0 0 0 0 0 0 0 0 0 0 0 0 0 1 1 0 0 0 0 0 0 0 1 0 0 0 0 1 0 0 1 0 0 0
  0 1 0 0 0 0 0 0 0 0 0 0 0 0 0 0 0]
 [0 0 0 0 1 0 0 0 0 0 0 0 0 0 0 0 1 1 0 1 0 0 0 0 0 0 0 0 0 0 0 0 0 0 0 0
  1 0 1 0 0 1 0 0 0 0 0 0 0 1 0 1 0 0 0 0 0 0 0 1 0 1 0 0 0 0 0 0 0 0 0 0
  0 0 0 0 0 0 0 0 1 0 0 0 0 0 0 1 0 0 0 0 0 0 0 0 0 0 1 0 0 0 0 0 0 0 0 0
  0 0 1 0 0 0 0 0 0 0 0 0 1 0 0 0 0 0 0 0 1 0 1 0 0 0 0 1 0 0 0 0 0 0 1 0
  0 0 1 0 0 0 0 0 0 0 0 0 0 0 0 0 0]
 [0 0 1 1 0 1 0 0 0 0 0 1 0 0 0 0 0 0 0 0 0 0 0 0 0 1 0 0 0 0 0 0 1 1 0 0
  0 0 0 0 0 0 0 0 1 0 0 1 1 0 1 0 0 0 1 0 0 0 0 0 0 0 0 0 0 0 1 0 1 1 0 0
  0 0 0 0 0 0 0 0 0 0 0 0 1 1 0 0 1 0 0 1 0 0 1 0 0 0 0 0 0 0 0 0 0 0 0 1
  0 0 0 0 0 0 0 1 1 0 0 0 0 1 0 0 0 0 0 0 0 0 0 0 0 1 0 0 1 0 0 0 0 0 0 0
  0 0 0 0 0 0 0 0 0 0 0 0 0 0 0 0 1]
 [0 0 0 0 0 0 0 0 1 1 0 0 0 0 0 0 0 0 0 0 1 0 0 0 0 0 0 0 0 0 0 0 0 0 0 0
  0 0 0 0 0 0 0 0 0 1 0 0 0 0 0 0 0 0 0 0 0 0 0 0 0 0 0 1 0 0 0 0 0 0 0 0
  0 0 0 0 0 0 0 0 0 0 0 0 0 0 1 0 0 0 0 0 1 1 0 1 0 0 0 0 0 0 0 0 0 0 0 0
  0 0 0 0 0 0 0 0 0 0 0 1 0 0 1 0 0 0 0 0 0 1 0 0 0 0 0 0 0 0 1 0 0 0 0 0
  0 0 0 0 1 1 0 1 0 0 0 0 0 0 0 0 0]
 [0 1 0 0 0 0 0 0 0 0 0 0 0 0 0 1 0 0 0 0 0 0 0 0 0 0 1 1 0 0 1 1 0 0 1 1
  0 0 0 0 0 0 0 1 0 0 0 0 0 0 0 0 0 0 0 0 0 0 0 0 1 0 0 0 0 0 0 0 0 0 1 0
  0 0 0 0 0 0 0 1 0 0 0 0 0 0 0 0 0 0 0 0 0 0 0 0 1 0 0 0 0 1 1 1 0 0 0 0
  1 0 0 1 0 1 0 0 0 0 0 0 0 0 0 0 0 0 1 0 0 0 0 0 0 0 0 0 0 0 0 0 0 0 0 0
  1 0 0 0 0 0 0 0 1 1 0 0 1 0 1 1 0]
 [0 0 0 0 0 0 0 0 0 0 0 0 0 0 1 0 0 0 0 0 0 0 0 0 0 0 0 0 0 0 0 0 0 0 0 0
  0 0 0 0 1 0 0 0 0 0 0 0 0 0 0 0 0 1 0 0 0 1 1 0 0 0 1 0 0 0 0 0 0 0 0 0
  1 0 1 0 0 0 1 0 0 1 0 0 0 0 0 0 0 1 0 0 0 0 0 0 0 0 0 0 0 0 0 0 0 0 0 0
  0 0 0 0 1 0 1 0 0 1 0 0 0 0 0 0 0 0 0 1 0 0 0 0 0 0 0 0 0 0 0 0 0 0 0 0
  0 0 0 0 0 0 0 0 0 0 0 0 0 0 0 0 0]]
