params：
 weight-->(1, 10)
 proc_times-->(1, 100)
 setup_times-->(30, 60)
 delivery_times-->(170, 200)
 job_rate-->16

start:
alpha_1
16
 alpha_2
1.0
 mach
10
 job
160
 fam
5
 weigh
 [[0 1 2 7 6 6 5 8 9 3 5 9 4 5 1 1 9 6 3 9 4 9 2 7 9 7 9 1 2 5 9 2 3 2 7 6
  6 4 6 7 9 4 6 9 9 2 7 2 8 4 9 5 6 5 3 7 1 8 4 6 7 1 5 6 5 6 6 3 7 6 5 1
  1 3 8 4 8 6 7 6 8 2 4 6 2 6 6 4 4 2 4 5 7 2 2 1 7 3 6 8 6 8 3 2 5 9 2 9
  8 1 7 8 2 2 1 8 7 1 7 9 6 9 2 8 8 2 4 6 6 4 3 6 6 6 3 5 3 4 1 9 3 2 4 9
  6 8 6 2 9 7 5 4 4 5 8 3 9 6 6 4 7]]
 proc_times
 [[  0   8 100  21  10  56  39  53  63  27  67  29  36  35  35  67  82  98
   52  64  70  32  27  62  29  92  16  69  44  14  19  64  31  75  89  84
   34   7  69  45   4  34  21  99  92  49  74  35  31  27  81  91  36  49
   89  73  30  85  94  93  51  26  63  75  43  92  69  29  38  15  21  43
   87   4  47  48  97  51  80  23  88  42  33  25  33  71  45  57  29  54
   54  11  26  59  30  12  97  36  23  74  75  30   7  29  69  23  38  19
   17  90   9  51 100  29  32  52  98  98  23  44  69  18  63  31  93  14
   20  26  24   9  77  11  90  53  27  80  65  18  10  34  98  75  15  87
   13  31  91  60  43  90  52  96  64  17  81  17  29   4  45  14  43]
 [  0  33  65  48  99  13  93  61  57  96  62  53  35  66  93  27  67  23
    8  93  64 100  40  97  85   2  12  82  53  24  86  96  99 100  49  81
   49  27  67   2  20  58  50  69  84  71  94  72  70  88  65  76  78  85
   48  10  17  12  73  68  56  46  83  26  50  30  10  66  86  60  82  58
   19  55  10  43  21  79  24  47  95  93  38  21  79  68  21   3  57  68
   87  72  10  92  10   3  22  65  92  10  61  35  14  15   7   8   4  59
   87  39  56  31  16  89  78  61  91  57  23  68  99   8  27  50  93  14
   37  41  40  39  16  34  24  35   3  35  10  14  37   4  44  52  49  48
   36  77  56  80  53  33  70  55  59  54  47  45  16  38  23  44  70]
 [  0   3  14  41  80  31  92  63  78  44  30  43  30  66  80  22  58   5
    9   1  46  52  84  80  53  99  15  19  14  45  15  56  40  94  16  79
    9   4  83  75  48  89  64  60  97  23  70  59  46  12   6  79  55  21
   47  42  79  80  38  30  66  71  32   5  70  73  62   7  29  81  64  46
   16  74  23  26  38  69   8  28  42   2  78  68  34  61   6  69  54  45
   38  36  66  40  56  42  85  29  23  40 100  39  10  16   3  99 100  82
   27  38   5  90   5   9  94  42  16  42  38  68  44  18  64  69  77  10
   69  81  44  91  54  44  18  80  59  33  72  22  71  81  79  18  39   7
   33  55  66  97  41  13  90  63  36  26  87  37  53  12  52  56  74]
 [  0  51  93  88  22  53  40  10  55  62  21  37  38   7  53  96  55  93
   65  14  21  25  37  18  43  35  30  94  37  84   1  23  71  89  36  50
   88  66  94  96  91  55  44  82  35  64  19  38  22  76  53  22  52  98
   41  59  17  30  98  16  42  73  87  52  71  91  29  88  63   5  89  42
   10  25  84  32  47  98  68  52  73  27  35  42  89  20  13  44 100  98
   68  28  67  92   2  13  34  76  71  16  95  22  39  34  28  51  89  80
   44  39  25  31   5  54   8  84 100   9  63  50  66  52  46  85  49  77
   13  85  26  78  99  77  46   1  49  31  26  44  30  71  35  76  39  28
   47  29  75  32  96  79  14  24  26  33  33  90  16  22  30  12   3]
 [  0  32  69  89   2  30  14  13  75  32  69  53  76  82 100  24   4  38
   60  79  18  80  79   7  51  59  71   8  13  66  76  19  51  92  47   3
   53  47  80  65  73  83 100  21   4  40  32  58  35  87   1  86  17  72
   79 100  95  50  25  60  96  91  89  75  18  74   1  53  32   6  38  54
   47  44   4  85  59   9  61  90  66  42  95  52  49  53  45  16  14  99
   62  22  59  68  27   7  52  37  90  93  83  32  45  49  51  19  67  11
   42  36  11  10   1  26  79  26   6  34  71  84  68  79  50  13  33  13
   80  22  16  23  11  66  49  40  24  51  53  75  82  54  65  44  50  40
   72  28  48  71  10  99  93  13  74  26  30  52  25  89  68  56  60]
 [  0  21  48  50  45  18  56   6   9  48  90  12  24  18   6  44  77  84
   15   9  91  83  94   6  37  41  83  20  46   8  93  15  68  28  70   2
   22  55  55  95 100  75  35  43  65  34   2  78  73  83   6  85  56  89
   50  53  95   4  55  60   5  86  89  79  75  10   1  14  29  54  10   7
   89  68  45  18  71  96  71  45  73   2  48  36  76  95  40  36  95  95
   65   8  63  79  74  57  61   1  94  28  59  89  36  74  57  18  65   8
   37  41  91  57  22  65  71  59  63  85  64  68  38  24   6  82  48  95
   54  64  48  35  74  75  69   6  90  32  44   2  34  35  69  67  38  89
   84  77  79  10  72  93  73  48  60  63  49  91  83  28  35  49  92]
 [  0  98  26  98  66  65  17  10  49  27   7  70  95  68   6  29  78  78
  100  84  58  40  58  53  97  51  48  26  37  22  28  79  61  24  56  25
   58  25   9  43  38  91  24  58  36  70  11   4  87  32  45  29 100  52
   80  49  51   2  82  52 100  61  57  73  15  89  25  28  30  69  44  51
   29  91  66  94  27   7  56  29  11  90  88  85  77  91  45  99  70  41
    5  18  73  15  96  98  82  40  15  78  33  16  40  62  47 100  82  78
   40  49  96  41  88  90   4  61  57   5  56   4  61  17  42  38  50  86
   71  61  93  43  47  50   6  87  38  39  10  79  66  82  88  57  67  39
   67  16  59  89  67  68  72  32   1  39  95  15  28  73  42  47  28]
 [  0  11  16  96  75  55  95  98  77  15  21  93   7  75  28  65  91  68
   45  71  54  43  16  81  78  46  83  27  59  55  28  76  96  88  30  48
   27  73  39  31  67  18  98  93  98  73  86  36  89  35  38   1 100  43
   69  95  47  36  43  85  47  42  54  15  13  44  48  31  24  53  24  81
   17  89  69  14  90  34  76  83  64  22  45  35  91  14  22  30  15  12
   20  52  76  17  58  79  46  76  42  55  19  34  77  92  20  26  88  95
   83  54   1  70  43  58  31  21  48   4   8  40  51  45  24  97  39  96
   85  48  35  86  14  19  55   8   6  40  47  58  46  72  55  42  85  49
   47  62  80  13  44  48  78  56  98  63  63  34  56  52  82  38  13]
 [  0  34  16  88  86  88  57  19  74  72  73  68  43  58   6  59  71  66
   85  21  18  54  98  73  68  46  39  74  10  17  71   1  91  96  85   8
   16  43  86  71  40  53  45  35   2   7  32  80  89  67  47  46   1  16
   56  53  12  85   1  67   2  97  58  52   3  99  28  49   5  74  27  94
   24   1  50  75  11  95  18   5  49  39  19  92  11  15  16  50  15  31
   99  72  64  52  47  32  90  16   2  56  52  70  34  74   5  34  93   6
   99  31  70  10  36  82  57  68  65  40  58  21  34  73  57  16  13  57
   30  57  75  92  86  74  86  74  72  71  74  42  51  87  18  22  73  58
    3  21  92  23  99  15  53  96  43  15  49  87  70  10  64  64  79]
 [  0  56  86  69  30  21  98  30  82  83  93  89   5  46  59  66  59  86
   37  51  68 100  27  31  83  58  69  53  20  82  79  20  20  45  65  10
   71  25  65  86  31  90  88  11  43   6  62  53  36  31  89  59   5   6
   98  45  65  77  13   4  54  31  37  66  21  19  93  89  94  17   7  10
   40  61  16  69  68  77  57  23  86  83  14  54  62  77   1  69  92  25
   21  87  98  42  86  23  14  53  32  15  59  49  90  45  40  92  91  45
   18  91  69  97  38  29 100  93  19  44  43  53  52  61  75  71  88  59
    9  70  99  10  67   7  25  79  18  68  16  36  50   3 100   8  90  66
   78  96  46  44  82  57   8  30  20  44 100  75   8   3  59  80   1]]
 setup_times
 [[[ 0 51 47 55 57 39]
  [ 0  0 41 42 30 53]
  [ 0 43  0 43 35 39]
  [ 0 39 35  0 54 53]
  [ 0 35 31 51  0 33]
  [ 0 43 59 41 58  0]]

 [[ 0 45 35 37 45 58]
  [ 0  0 50 36 55 48]
  [ 0 58  0 52 47 50]
  [ 0 35 36  0 31 54]
  [ 0 51 34 51  0 41]
  [ 0 50 41 41 35  0]]

 [[ 0 39 32 38 57 41]
  [ 0  0 31 57 59 54]
  [ 0 53  0 50 54 59]
  [ 0 52 35  0 50 37]
  [ 0 36 55 47  0 59]
  [ 0 55 44 35 49  0]]

 [[ 0 41 41 43 31 56]
  [ 0  0 48 36 45 58]
  [ 0 48  0 36 57 32]
  [ 0 34 41  0 58 49]
  [ 0 35 49 55  0 53]
  [ 0 47 58 36 55  0]]

 [[ 0 51 52 34 32 51]
  [ 0  0 32 58 54 31]
  [ 0 49  0 33 53 49]
  [ 0 52 41  0 58 56]
  [ 0 39 33 54  0 49]
  [ 0 48 56 47 59  0]]

 [[ 0 35 48 31 36 49]
  [ 0  0 56 52 50 36]
  [ 0 59  0 57 35 42]
  [ 0 32 48  0 57 42]
  [ 0 51 35 44  0 50]
  [ 0 37 36 55 40  0]]

 [[ 0 34 51 46 34 54]
  [ 0  0 44 43 51 48]
  [ 0 43  0 34 54 50]
  [ 0 41 47  0 57 50]
  [ 0 44 55 33  0 49]
  [ 0 54 53 36 31  0]]

 [[ 0 49 49 40 59 38]
  [ 0  0 33 41 34 30]
  [ 0 38  0 47 35 54]
  [ 0 44 36  0 32 38]
  [ 0 54 43 49  0 54]
  [ 0 51 47 47 34  0]]

 [[ 0 35 30 42 55 35]
  [ 0  0 56 39 48 40]
  [ 0 40  0 31 49 32]
  [ 0 53 42  0 50 58]
  [ 0 55 33 46  0 31]
  [ 0 39 33 42 59  0]]

 [[ 0 51 32 31 34 44]
  [ 0  0 34 49 59 34]
  [ 0 30  0 37 53 52]
  [ 0 59 39  0 56 54]
  [ 0 56 31 52  0 58]
  [ 0 42 34 33 46  0]]]
 delivery_times
 [[  0 192 170 170 198 199 197 181 190 181 184 173 179 185 180 176 197 196
  194 198 176 186 186 177 183 193 184 181 170 176 186 189 191 194 199 193
  199 190 181 174 170 189 191 183 172 193 171 196 191 180 185 189 175 198
  172 189 176 199 197 196 178 185 179 192 173 196 181 177 184 185 190 173
  198 182 193 191 197 189 199 193 198 187 185 179 194 180 192 184 175 188
  188 198 191 172 188 199 194 191 189 171 170 180 190 179 189 198 191 173
  190 189 187 176 177 188 199 186 192 182 188 182 192 198 199 190 197 176
  179 180 193 192 186 188 174 189 182 187 194 197 187 192 184 194 185 189
  179 195 194 181 193 175 196 186 183 173 170 198 184 188 170 176 196]
 [  0 172 189 187 179 194 174 188 195 174 187 182 195 178 185 193 181 192
  177 184 173 199 197 182 172 197 172 182 177 170 197 188 190 171 183 174
  199 183 181 185 184 175 181 191 198 188 170 172 198 172 172 182 185 175
  195 184 176 176 192 189 199 180 187 195 197 174 173 192 171 196 178 190
  185 194 196 180 194 178 186 194 192 187 190 193 176 195 188 175 175 188
  178 183 188 187 197 187 177 181 177 195 189 171 171 189 186 196 179 192
  177 170 186 195 189 186 191 177 196 196 193 188 180 178 182 196 197 178
  175 190 192 195 192 170 185 193 198 186 186 176 176 171 183 188 196 185
  174 186 178 199 189 178 181 196 172 181 175 172 174 183 198 193 197]
 [  0 183 184 199 195 172 190 187 185 190 187 191 173 189 178 184 184 188
  194 171 192 185 193 185 192 191 181 182 185 197 178 186 189 196 184 192
  171 174 196 196 174 198 189 179 198 194 179 185 197 182 197 176 173 182
  187 170 195 180 178 197 189 179 183 175 198 186 194 172 174 173 176 177
  195 171 180 176 199 197 192 192 182 177 197 186 174 176 177 185 188 194
  173 185 192 185 177 180 192 192 172 197 197 182 178 182 187 190 196 177
  178 187 193 175 171 177 197 196 176 187 175 189 172 176 183 181 176 182
  191 195 193 176 180 188 184 171 185 183 173 174 187 197 183 175 188 171
  177 186 176 190 178 177 186 186 196 188 178 172 177 199 178 195 184]
 [  0 191 181 171 198 189 195 175 186 177 180 192 179 174 195 193 190 180
  178 176 171 194 191 186 170 175 196 199 178 185 191 183 190 174 173 197
  192 176 174 175 175 171 193 182 193 197 191 199 191 181 185 178 195 182
  195 195 172 175 173 183 196 193 178 172 172 193 189 182 172 198 183 172
  171 180 195 197 181 180 172 196 191 193 186 192 179 189 190 182 198 196
  180 177 189 190 194 192 184 170 195 195 170 198 171 174 183 198 173 180
  174 176 181 184 196 196 181 197 183 189 186 195 188 192 184 177 181 175
  180 179 180 183 183 176 173 178 181 177 192 192 174 173 191 194 189 192
  190 179 180 185 173 188 176 174 188 180 184 182 196 197 174 198 196]
 [  0 189 196 174 174 197 194 172 174 179 171 179 189 171 174 190 177 173
  189 197 184 199 178 172 190 186 170 198 196 197 190 171 192 177 192 185
  173 180 197 192 196 181 179 188 172 196 182 172 198 174 184 193 175 193
  175 172 180 184 197 199 176 185 191 173 180 171 184 192 186 189 194 186
  197 170 175 197 172 191 179 193 170 188 179 190 180 195 197 185 173 178
  195 172 174 191 194 183 198 187 184 184 199 197 187 175 177 189 192 198
  187 172 193 176 188 187 199 175 187 193 171 171 177 182 194 197 190 191
  189 185 188 189 176 191 190 180 197 182 181 183 181 188 171 172 171 176
  172 192 171 179 189 172 194 175 186 196 194 187 177 172 193 187 184]
 [  0 182 198 172 192 176 178 177 184 188 199 173 175 181 186 176 176 185
  176 197 174 190 180 183 181 187 176 194 194 182 190 199 184 197 176 188
  195 186 196 177 173 170 184 185 190 180 175 188 178 194 189 177 195 180
  181 192 191 189 197 190 179 187 187 195 170 181 184 189 196 184 192 189
  183 183 199 198 179 196 195 180 192 192 172 174 185 195 188 190 182 180
  179 198 192 181 171 174 191 197 170 186 196 190 182 184 176 175 190 191
  175 185 187 181 171 183 195 184 187 186 198 190 180 198 180 173 190 178
  189 183 184 197 192 173 171 198 180 173 195 188 194 189 190 183 184 173
  186 172 177 193 189 178 183 175 185 182 176 191 186 189 187 193 175]
 [  0 170 171 179 172 195 175 182 182 194 193 191 183 186 175 192 188 181
  179 190 179 179 170 181 184 196 174 181 198 182 197 173 198 189 180 193
  182 198 192 180 182 178 183 198 178 186 199 188 177 182 179 174 182 197
  194 180 180 190 191 170 176 193 180 170 178 192 183 190 185 178 173 171
  183 171 183 179 195 177 184 182 173 178 187 180 183 186 171 182 176 173
  181 175 180 194 171 196 195 175 194 195 175 198 186 196 176 196 199 170
  185 184 191 179 171 181 186 173 170 189 195 177 172 198 192 191 182 177
  176 194 179 191 175 199 172 198 178 175 195 177 171 174 176 173 187 185
  171 196 182 184 184 174 194 187 172 190 177 174 189 194 192 190 189]
 [  0 190 172 191 179 180 184 192 187 193 180 178 192 195 193 193 172 187
  188 198 199 179 192 183 170 196 198 195 170 179 197 175 181 191 176 172
  192 173 186 183 192 173 191 187 175 171 179 174 176 198 187 180 185 194
  170 189 189 170 195 185 194 174 197 191 188 177 172 187 177 187 180 196
  179 194 174 190 171 174 184 179 176 188 191 177 171 188 175 175 172 191
  180 188 171 184 176 194 174 180 181 193 197 186 185 176 199 179 171 180
  198 187 198 199 183 170 194 182 193 174 199 188 185 195 193 175 191 191
  182 175 179 193 172 173 193 181 196 194 192 183 197 188 171 190 181 176
  192 175 185 187 192 194 178 170 197 172 199 188 188 195 171 170 173]
 [  0 198 182 180 182 198 198 189 178 184 186 192 191 186 189 187 194 190
  199 199 184 170 187 191 186 199 179 195 174 189 189 188 199 176 196 195
  191 173 191 197 175 174 192 172 182 175 187 192 191 199 184 197 170 183
  184 197 199 195 187 176 175 180 180 192 175 189 177 173 191 184 176 194
  195 179 172 174 189 182 183 176 188 173 189 174 185 171 184 180 184 196
  180 172 190 177 199 188 190 176 190 181 198 178 189 193 184 196 191 176
  196 190 178 182 193 175 185 174 198 185 194 177 197 175 199 183 196 195
  195 199 179 193 182 179 194 182 175 186 184 179 187 181 190 190 193 196
  194 190 191 175 171 182 182 188 175 196 170 186 197 186 176 188 173]
 [  0 196 182 184 187 172 187 188 188 170 184 197 182 189 191 188 190 188
  178 172 176 176 181 186 194 196 187 179 184 174 179 178 171 188 182 171
  199 173 192 171 187 176 182 183 170 177 198 171 197 171 190 186 182 198
  178 191 188 172 171 186 185 182 187 198 184 182 194 172 176 179 196 177
  189 191 183 180 178 171 191 174 187 192 173 180 176 185 195 196 170 193
  183 170 188 193 194 183 196 172 195 183 186 188 190 184 173 193 189 177
  193 185 177 199 198 172 191 186 196 195 198 176 197 188 175 177 191 175
  177 182 188 190 179 188 177 173 183 181 174 199 170 191 197 185 178 188
  178 181 175 187 173 185 192 188 188 173 189 186 175 188 185 192 171]]
 job2fam
 [[1 0 0 0 0 0 0 0 0 0 0 0 0 0 0 0 0 0 0 0 0 0 0 0 0 0 0 0 0 0 0 0 0 0 0 0
  0 0 0 0 0 0 0 0 0 0 0 0 0 0 0 0 0 0 0 0 0 0 0 0 0 0 0 0 0 0 0 0 0 0 0 0
  0 0 0 0 0 0 0 0 0 0 0 0 0 0 0 0 0 0 0 0 0 0 0 0 0 0 0 0 0 0 0 0 0 0 0 0
  0 0 0 0 0 0 0 0 0 0 0 0 0 0 0 0 0 0 0 0 0 0 0 0 0 0 0 0 0 0 0 0 0 0 0 0
  0 0 0 0 0 0 0 0 0 0 0 0 0 0 0 0 0]
 [0 0 0 0 0 0 0 0 0 0 0 0 0 0 0 0 0 1 0 0 0 0 0 0 0 0 0 0 0 0 0 0 0 0 1 0
  0 1 0 0 0 0 0 1 0 0 0 0 0 0 0 0 1 1 1 1 1 1 0 1 0 0 0 0 0 0 0 0 0 0 0 0
  0 1 0 0 0 1 0 1 1 1 0 0 0 0 0 0 0 0 0 0 0 0 1 0 1 0 0 0 0 0 0 0 0 0 1 0
  0 0 1 0 0 0 1 0 0 0 0 0 1 1 0 0 0 0 0 0 0 1 0 0 0 0 0 0 0 0 0 0 0 0 0 0
  0 0 1 0 0 0 0 0 0 0 0 0 0 0 1 0 0]
 [0 0 0 0 0 1 1 0 0 0 1 0 0 0 0 0 0 0 0 0 0 1 1 0 0 0 0 0 0 0 0 0 0 1 0 1
  0 0 0 1 1 0 0 0 0 0 0 0 0 0 0 0 0 0 0 0 0 0 0 0 0 0 0 0 0 0 0 0 0 0 0 1
  0 0 0 1 1 0 0 0 0 0 1 0 1 1 1 1 1 0 1 0 0 1 0 0 0 0 0 1 1 0 0 0 0 0 0 0
  0 1 0 0 0 1 0 0 0 0 0 0 0 0 0 0 1 1 0 0 0 0 0 0 1 0 0 0 0 1 0 0 0 0 1 0
  0 0 0 0 1 1 0 0 0 1 1 0 0 0 0 1 0]
 [0 1 0 1 0 0 0 1 0 0 0 1 0 0 1 1 0 0 1 0 1 0 0 1 1 1 0 0 0 0 0 1 0 0 0 0
  1 0 0 0 0 0 1 0 0 1 1 1 1 1 1 0 0 0 0 0 0 0 1 0 1 0 0 1 0 1 0 0 1 0 0 0
  0 0 1 0 0 0 1 0 0 0 0 1 0 0 0 0 0 0 0 0 0 0 0 0 0 0 0 0 0 0 1 0 0 0 0 0
  0 0 0 1 0 0 0 0 0 0 1 0 0 0 1 0 0 0 0 0 0 0 1 1 0 0 0 1 0 0 0 0 0 0 0 0
  0 0 0 1 0 0 0 0 0 0 0 0 0 1 0 0 1]
 [0 0 1 0 0 0 0 0 0 1 0 0 1 0 0 0 0 0 0 1 0 0 0 0 0 0 0 0 0 0 0 0 0 0 0 0
  0 0 0 0 0 1 0 0 0 0 0 0 0 0 0 1 0 0 0 0 0 0 0 0 0 1 0 0 0 0 1 0 0 1 1 0
  1 0 0 0 0 0 0 0 0 0 0 0 0 0 0 0 0 1 0 0 0 0 0 1 0 0 1 0 0 0 0 0 1 0 0 0
  1 0 0 0 1 0 0 0 0 0 0 1 0 0 0 1 0 0 1 1 0 0 0 0 0 0 1 0 0 0 1 1 0 1 0 0
  0 0 0 0 0 0 1 0 0 0 0 1 1 0 0 0 0]
 [0 0 0 0 1 0 0 0 1 0 0 0 0 1 0 0 1 0 0 0 0 0 0 0 0 0 1 1 1 1 1 0 1 0 0 0
  0 0 1 0 0 0 0 0 1 0 0 0 0 0 0 0 0 0 0 0 0 0 0 0 0 0 1 0 1 0 0 1 0 0 0 0
  0 0 0 0 0 0 0 0 0 0 0 0 0 0 0 0 0 0 0 1 1 0 0 0 0 1 0 0 0 1 0 1 0 1 0 1
  0 0 0 0 0 0 0 1 1 1 0 0 0 0 0 0 0 0 0 0 1 0 0 0 0 1 0 0 1 0 0 0 1 0 0 1
  1 1 0 0 0 0 0 1 1 0 0 0 0 0 0 0 0]]
