params：
 weight-->(1, 10)
 proc_times-->(1, 100)
 setup_times-->(30, 60)
 delivery_times-->(1, 30)
 job_rate-->7.5

start:
alpha_1
7.5
 alpha_2
1.0
 mach
2
 job
15
 fam
3
 weigh
 [[0 7 1 7 8 8 2 8 6 7 5 5 2 6 7 5]]
 proc_times
 [[ 0 45 38 58 51 46 72 59  3 28 65 64  4 71 84 86]
 [ 0 78 72 63 35 50 27 10 36 37 23 79 47 66 22 55]]
 setup_times
 [[[ 0 32 46 52]
  [ 0  0 55 57]
  [ 0 53  0 37]
  [ 0 55 49  0]]

 [[ 0 37 43 43]
  [ 0  0 38 52]
  [ 0 34  0 31]
  [ 0 35 56  0]]]
 delivery_times
 [[ 0 12  5  6  7 20 26 18  5  2  8 16 12 29  8  5]
 [ 0  4  5  3  4 22 24  8 16  6  5  2 19  9  8 27]]
 job2fam
 [[1 0 0 0 0 0 0 0 0 0 0 0 0 0 0 0]
 [0 0 0 0 1 1 1 1 0 1 0 0 0 1 0 0]
 [0 0 1 0 0 0 0 0 0 0 0 1 0 0 1 1]
 [0 1 0 1 0 0 0 0 1 0 1 0 1 0 0 0]]
