params：
 weight-->(1, 10)
 proc_times-->(1, 100)
 setup_times-->(30, 60)
 delivery_times-->(100, 200)
 job_rate-->16

start:
alpha_1
16
 alpha_2
1.0
 mach
10
 job
160
 fam
5
 weigh
 [[0 5 3 6 1 7 5 1 9 3 2 8 8 2 4 1 5 4 8 4 2 3 2 7 9 3 6 3 5 7 1 9 2 5 7 4
  6 5 1 2 8 9 9 4 3 2 2 2 6 4 2 3 7 3 9 9 4 4 5 3 2 5 2 2 7 6 3 6 8 2 3 1
  4 6 5 9 1 7 3 8 7 1 8 5 3 1 7 4 3 7 7 8 6 3 8 7 6 8 5 4 2 2 3 5 2 7 6 4
  1 9 3 8 6 9 5 2 2 1 5 9 4 8 1 9 9 6 1 6 8 6 3 4 7 5 4 9 9 5 1 4 7 9 7 9
  6 7 7 6 4 6 5 4 2 9 2 6 2 5 1 1 8]]
 proc_times
 [[  0  65  52  19  36  41  11  46  65  46  15  88  90  18  14  62   8  98
   29  20  70  67  69  41  69  62  16  31  33  28  74  81  40  56   7  33
   84  83  51  85  93  51  66  44  98  84  77  99  97  23  25  28  35  47
   16  98   8  73  94  64   6  95  97  75   9  21   8  61  83  25  88  18
   48  84  20  59   6  22  12  39  48  82  74  35  27  13  62  42  21  94
   44   1  22  19  20  53  53  31  88  56  99  24  25  48  35  89  12  37
   11  59  49  41  69  40  60   3  11  22  91  17   9  51  28  34  55   5
   35  46  44  28  90  96  93  91  76  27  78  14  39  34  95  89  44  27
   41  81   4  36  13  35  32  63  71   7   9  21  48  73   6  86  90]
 [  0  85  27  21  34  57  26  15  35  82  90  53  14  88  66  43  85   3
   21  47  48  80  21  82  35  12  27  35  84  75  18  67  34  86  43  87
   86  15   5  95  40  56  63  27  82  98  48  44   8  49  98  11  77  51
   18  24  78  24  80  78  40  24  68  68 100  89  15  92  69  60  66  71
   24   9  28   7  63  18  12  14  80  72  72  69  42  93  76  11  98  34
   26  52  39  33  53  90  41  10  90  39  41  83 100  29  55  41  42  62
   68  95  85  33  70  49  41  68  47  58   3  88  84  83  96   3  33   7
    5   1  99   6  43  63  78  94  29  46  94  39  32  10   8  29  54  98
   53  92  34  76  44  61  13   3  47  86  62  15  99  42  22  85  80]
 [  0   1  77  14  70  87  24   6  42  20   9  69  25  56  15  82  73  11
   67  45  47  11  96  54  66  24  63  39  81   8  78   4   9  24  80  15
   12  43  65  85  65  83  17  62  19  22  75  47  54  65  81  86  58  93
   37  63  18  82  94   6   8  68  34  71   3  15  80  45  87  11 100  54
   35  56  57   5  69  49  11  43  49  27  37  89  28  70  19  61  30  60
   64  30  78  53  47  50  90   6  79  43  87  62  35  56  97  48  43  36
  100  43  21  67  24  31  33  44  95  56  86  35  40  81  64  23  65   6
   34   2  62  18  82  40  32  46  99  10  84  61  80  93  10  15   8  21
   13  77  97  13  71  19  40   7  84  27  45  32  20  73  63  11  64]
 [  0  21  94  81  91  71  96  51  99   1  41   1  91  54   6  82  49  44
   34  80  43  51  48  75  82  20  43  16  61  69  31  83  32  79  92  30
   99  48  15  23  10  45  39  49  51  10  29  26  71  72  52  44  60  70
   49  66   6  56  55  34  71  41  37  61  90  77  58 100  30   4  65  74
   64  35  59  75  46  76  63  76  60  46  79   5  83  66  21  80  81  35
   21  93 100  30  53  62  62  97  99  84  97  38  35  68  45  85  66  45
   78  50  30  44  73  42 100  20  78  60  91  44  33  58   6  73  78  66
   55  77  46  31  94  26   9  91  47  74   4  15  37  52  42  60  71  38
   41  86  15  11  76  48   3  62  30  58  41  51  82  66  18  18  39]
 [  0  57  99  27  55 100  37  90  90  78  36  14  46  58  61  32  25  39
   97  99  10  31  46  51  34  32  61   9  29  64  10  26  25   6  16  71
   42  65  63  15  87  18  98  39  50  50  51  53  18  37   7  13  41  30
   16  23  53  91  77  39  77  41  29  99  52   1 100  67   3  85   9  90
   25  62  40  83  85  39  50  86  89  80  56  15  57  90  99  33   1  50
   15  44  43  29  60  85  59  89  82  53  44  63  98   5  39  84  98  10
   24  11   4  12  36  63  15  37  83  16  45  46  20  19  58  61   2  51
   10  23  51  57  89 100  79  75  46  19  99  51  50  28  91  86  76   2
   53  62  39  10  65  88  99  66  44  18  79  23  68  84  58   8  35]
 [  0  83  46   3  86  38  18  75  11  11  32  93  89  63  79  92  70  28
   66  26  62  46  52  31  82  16  80  82  81  84  29  28  84   4  81  25
   49  69  17  94  23  12  47  15  97  78  59  66  62  10  28  48   5  13
   31  11  18  41  18  98  12  34  93  77  81  68  26  93  52  60  12  55
   20  55  30  64  51  53  62  62  92   9   6  55  76  43  54  66  87  52
    8  48  78  88  73  10  20  16  17  89  34  32  13  54  13  35  10  25
   82  76  99  60  93  99  84  84  93  96  85  48  57  78  24  48  57  68
   74  98  32  10  49   8  19  48   4  82  74  10  80  43  31  15  66  32
    3  95   1  58  82  30   1  11  95  74  92  94  44  97  81   2  78]
 [  0   6  98   2  18  11  15  34  89  39  67  89   9  34  93  31  88  92
   29  15  12  22  52  55  48  37   3  83  62  29  51  94  36  54  57  72
   22  19  83  95  97  92  30  24  23  29  17  49   7  54  81  57  74  70
   19  11  76  65   9  17  91   3  35  38  34  60  75  46  81  96  55  97
   30  11  11  30  19  21  15  57  31  54  90  85  40  32  73  80  90  24
   80  22  97  63   4  72  21  37   6  17  28  46  38  66  14  51  64  22
   53  77 100  29  31  38  82   8  51  16  33  84  94  14  88  34   2  15
   20  46  22  20  62   1  56  52  93  43  48  43  27  23  30  42   4  40
   31  39  54  91   5  78   9  26 100  33  64  34  19  31  11  15  24]
 [  0   3  85  45   3  21  84  38  46   4  26  42  46  70  21  56   4  68
   61  71  62  94  11  16   3  83  70  43  33  55  27  33  86  15  38  79
   34  24  13  29  10  24  89  83  23  26  56  73  68  63  11  18  45  11
   27  61  44  98  33  11  39  83  57   9  28  21   2  69  84  87   4  59
   55  97  76 100  66  97  10  42   4  77  21  11  61  52  78  96  50  84
    9  28  32  69  73  73  50  84  19  60  87  29  83  14  44  10   8  83
   56  90  73  71  25  96  82  34  59  68  99  56  62  43  94  10  86  61
   67  56  85  96  69  54  43  26  57  11  90  80   6  79  36  94  91  44
   19  17  44  38  68  55  96   1  13  69  78  46  47  48  99   9  37]
 [  0  52 100  84  77  84  30  11  20  81  31  75  22  74  85  98  27  62
   79  70  66  99  20  88  82  21  58  58  21  51   4  23  92  95  82  79
   71  72  75  41  53  41  33  88  19  83  53  63  28  36  10  91  35  79
   31  86  99  21   2  57  61  69  12  36  73  74  63  45  55  27  89  52
   98  71  24  52  24   7  53  49  44  63  54  12   7  54  46  57  30  73
   68   4  43  86  92  85  64  92  56  62   6  69   5  24  41  15  43  79
   10  40  51  41  72  78  37  45  66  81  95  89  25  25  73  69  83  80
   37  72  52  66  31   2  14  84   2  49  90  50  28  68  28  98  77  52
   11  95  68  21  50  17  17  86  83  80  45  62  76  59  62  16  76]
 [  0  51  90  17  71  27  17  95  99  44  15  85  65  31  87  46  47  82
   96  92   5  69  18  24  82  40  71  64  49  69  37  30  54  90  36  59
   16  70  23  58  26  67  16  98  68  75  54  61  72  26  33  65  28  80
   13  19  33  13  69  22  10  89  76  74  85  98  74  56  96  57  35   3
   86  35   9  27   6   6  79   7  66  44  46  91  86  60  40  77  51  45
   63  50   2  13  55  69   9  58  74  23  50  70  92  52  17  37  73  98
   44   8   3  75  26  80   1  68  26  55  49  48  74  22  90  83  22  80
   76  67  77   6  61  78  62  28  34  96   2  77  60   5  50  81  66  53
   92  75   4  78   5  20  81  45  19  24  60  61  45  81   5  46  50]]
 setup_times
 [[[ 0 41 47 50 31 48]
  [ 0  0 37 47 59 53]
  [ 0 33  0 41 54 59]
  [ 0 42 41  0 39 30]
  [ 0 58 32 36  0 54]
  [ 0 44 49 59 34  0]]

 [[ 0 41 43 57 45 33]
  [ 0  0 55 49 38 49]
  [ 0 34  0 55 45 50]
  [ 0 42 54  0 30 43]
  [ 0 54 51 32  0 50]
  [ 0 50 37 48 47  0]]

 [[ 0 48 58 37 51 39]
  [ 0  0 44 50 48 33]
  [ 0 57  0 38 35 58]
  [ 0 46 34  0 54 33]
  [ 0 55 47 57  0 58]
  [ 0 40 32 37 50  0]]

 [[ 0 48 32 58 49 44]
  [ 0  0 34 44 48 44]
  [ 0 42  0 58 47 36]
  [ 0 59 34  0 32 36]
  [ 0 34 40 44  0 59]
  [ 0 54 34 55 45  0]]

 [[ 0 52 33 44 59 45]
  [ 0  0 59 45 53 38]
  [ 0 38  0 43 40 51]
  [ 0 41 35  0 53 55]
  [ 0 48 33 41  0 41]
  [ 0 59 47 35 45  0]]

 [[ 0 46 40 54 33 37]
  [ 0  0 48 36 33 54]
  [ 0 51  0 56 42 45]
  [ 0 48 49  0 55 44]
  [ 0 51 56 54  0 54]
  [ 0 52 55 57 51  0]]

 [[ 0 30 43 34 45 30]
  [ 0  0 46 30 54 56]
  [ 0 43  0 36 32 57]
  [ 0 57 38  0 49 38]
  [ 0 33 33 47  0 43]
  [ 0 40 31 32 40  0]]

 [[ 0 52 49 53 46 51]
  [ 0  0 56 31 40 50]
  [ 0 38  0 41 35 42]
  [ 0 33 39  0 49 47]
  [ 0 39 41 42  0 36]
  [ 0 31 34 41 35  0]]

 [[ 0 52 39 53 56 46]
  [ 0  0 31 45 40 43]
  [ 0 33  0 55 54 37]
  [ 0 54 45  0 42 36]
  [ 0 50 43 51  0 37]
  [ 0 30 54 52 48  0]]

 [[ 0 54 43 37 34 48]
  [ 0  0 49 34 34 44]
  [ 0 48  0 37 43 58]
  [ 0 37 51  0 37 46]
  [ 0 58 42 51  0 55]
  [ 0 59 50 50 59  0]]]
 delivery_times
 [[  0 189 142 163 197 154 104 174 112 104 146 142 172 190 109 149 182 175
  194 127 157 172 177 106 156 138 154 194 158 185 162 142 119 169 154 161
  166 146 112 192 102 172 193 122 171 170 195 117 136 195 185 146 149 153
  165 107 171 187 123 197 143 184 180 138 124 112 179 145 178 139 193 109
  156 153 167 131 159 129 138 128 183 132 184 140 130 128 182 169 135 103
  171 139 152 177 167 157 112 110 149 155 154 114 100 125 138 114 110 156
  176 152 117 106 145 101 181 145 181 142 144 147 184 120 122 191 133 121
  168 117 112 181 166 146 110 108 131 104 169 179 198 114 121 134 106 145
  167 147 117 119 196 115 198 150 194 158 122 138 142 144 151 197 177]
 [  0 168 140 121 195 133 118 138 199 173 117 131 192 163 134 196 141 132
  185 165 147 108 147 129 145 143 103 135 184 182 133 196 141 153 181 117
  103 154 133 153 193 182 178 131 177 142 111 111 128 156 172 121 128 102
  129 198 162 149 186 121 104 172 163 114 113 164 147 147 148 190 106 133
  187 197 111 121 161 137 140 123 192 124 139 149 191 111 126 138 144 105
  180 172 156 193 135 178 171 158 117 177 118 154 154 153 159 122 198 100
  193 187 110 158 113 163 154 150 116 167 107 173 156 143 108 119 153 142
  147 192 131 130 129 149 172 175 116 143 132 129 100 188 101 148 155 123
  192 149 136 171 184 166 179 116 106 152 136 104 139 137 176 175 114]
 [  0 134 194 173 195 173 128 162 152 100 184 118 193 187 175 131 146 176
  139 144 198 102 132 170 194 159 112 158 167 199 105 121 181 106 112 193
  130 155 110 177 128 100 156 116 195 196 139 119 127 151 112 181 125 117
  131 124 133 136 136 189 189 139 151 148 112 143 144 119 179 150 167 174
  165 106 156 143 112 149 116 108 131 145 130 107 102 181 106 140 134 129
  148 116 130 183 181 166 131 106 108 183 152 152 181 186 186 102 184 162
  121 196 131 130 173 158 155 165 176 190 102 161 190 112 111 123 148 194
  146 108 136 108 150 182 199 153 100 162 121 113 188 162 144 117 142 161
  157 143 136 161 189 103 125 137 192 169 162 125 145 194 132 191 153]
 [  0 127 135 116 113 100 107 133 115 141 173 176 140 178 112 140 158 196
  114 170 185 133 131 176 103 184 174 133 170 100 194 132 178 105 157 138
  105 101 180 127 132 197 137 191 157 173 161 154 129 151 190 128 145 138
  128 196 143 177 140 128 167 199 151 145 178 137 105 193 121 124 146 145
  109 181 178 144 107 117 134 187 149 165 106 124 109 163 158 130 124 150
  147 113 119 156 148 146 176 178 113 162 192 180 171 149 124 145 197 130
  132 178 123 166 130 134 137 163 114 151 175 144 193 106 156 138 186 148
  184 186 116 104 190 147 151 111 154 176 179 125 132 149 111 145 117 103
  150 177 168 102 165 115 138 132 151 171 119 174 113 132 167 150 161]
 [  0 192 178 169 156 175 146 132 160 123 107 150 101 190 110 100 167 172
  124 194 107 144 187 122 193 116 158 102 126 175 179 114 176 129 127 150
  119 168 113 115 195 164 111 107 102 163 154 163 193 153 157 101 167 179
  196 139 149 124 199 141 103 107 109 147 178 183 195 158 107 134 157 145
  134 103 185 152 133 123 126 126 121 110 119 164 173 118 136 142 166 112
  137 135 187 149 197 189 149 180 146 154 159 194 143 122 149 134 191 198
  163 178 142 143 134 167 158 121 194 129 151 134 157 199 102 161 154 121
  137 172 149 174 173 129 137 118 197 150 193 103 153 117 177 197 163 139
  162 146 175 196 104 149 199 191 128 144 132 137 169 182 133 122 185]
 [  0 138 137 117 173 137 144 165 105 101 117 120 115 173 146 126 164 187
  195 163 193 148 180 125 144 150 182 126 173 184 122 139 159 186 196 161
  106 123 169 192 124 157 124 134 174 100 170 184 196 112 107 117 195 107
  184 160 178 191 119 115 138 127 145 170 195 135 140 122 153 140 163 128
  114 172 186 175 131 194 169 117 169 161 195 102 179 182 155 138 165 130
  141 190 106 189 102 140 193 146 121 149 183 193 181 162 169 127 134 125
  185 132 184 182 174 131 183 176 162 184 197 144 108 124 148 147 181 122
  108 173 150 189 199 191 143 146 198 199 106 157 171 101 112 112 122 153
  118 100 164 157 169 190 128 143 114 141 133 133 132 149 136 110 119]
 [  0 122 145 143 194 145 100 120 133 124 179 199 151 122 177 107 159 194
  140 140 156 195 193 134 116 150 162 159 134 143 100 102 151 136 188 110
  157 142 161 157 167 172 124 135 142 128 105 173 112 170 108 127 177 176
  123 191 129 156 159 122 108 135 149 192 137 193 187 182 106 155 130 129
  126 111 194 188 110 195 134 133 189 152 122 189 102 179 162 165 147 107
  191 113 128 133 183 106 128 101 126 199 134 124 142 163 148 119 162 156
  182 124 144 191 173 126 100 108 150 187 103 130 182 196 111 155 120 106
  143 181 165 110 190 193 158 145 147 102 131 125 118 113 192 152 184 151
  138 103 174 157 147 135 113 129 178 189 110 105 135 129 104 110 125]
 [  0 190 149 150 194 195 151 100 134 138 155 175 100 183 166 162 123 149
  141 146 161 183 137 165 148 186 131 112 110 199 114 127 146 156 196 112
  194 159 142 121 146 125 131 117 172 158 193 192 100 109 101 100 129 188
  133 109 189 194 107 116 145 116 114 166 149 125 131 140 138 171 159 190
  190 184 156 156 166 119 178 122 162 158 192 170 100 148 169 142 147 154
  136 141 178 143 191 143 135 112 132 122 163 108 188 121 151 126 171 185
  196 167 127 176 110 184 179 181 103 188 139 138 120 187 112 154 106 118
  151 178 166 198 141 125 107 113 149 118 121 155 130 114 138 149 117 145
  156 144 152 148 101 199 159 139 195 146 158 138 110 114 140 173 132]
 [  0 151 130 148 130 103 147 118 135 197 140 123 128 196 143 126 105 181
  141 179 106 154 162 103 169 173 146 179 172 129 115 173 160 118 180 131
  129 167 162 103 164 167 125 103 155 161 179 180 164 163 150 132 123 100
  163 119 147 158 147 199 193 115 114 197 170 126 171 160 102 178 113 156
  111 138 102 110 196 159 138 130 162 187 165 195 153 172 174 159 153 105
  100 148 117 132 121 182 117 115 116 109 147 193 149 118 118 127 157 158
  135 162 116 137 105 149 149 113 170 113 180 124 141 168 127 182 115 130
  145 159 108 166 176 149 133 124 100 136 184 128 102 169 132 187 163 123
  123 140 141 115 131 107 160 139 124 140 124 123 104 142 170 187 133]
 [  0 115 110 194 175 114 173 198 162 131 190 137 133 154 113 137 140 158
  154 155 102 101 121 177 131 181 123 164 118 108 136 197 150 104 106 153
  157 183 132 128 135 189 168 113 145 100 171 181 116 106 180 166 195 142
  176 137 129 169 108 172 106 107 112 189 168 102 137 120 188 158 139 135
  111 112 166 166 128 131 172 182 171 152 149 178 101 150 165 103 101 135
  190 152 169 120 145 112 153 169 133 155 194 138 125 140 166 105 159 112
  172 199 156 142 117 183 158 169 108 171 140 173 116 184 110 149 111 154
  168 137 156 131 151 128 179 138 132 171 147 187 182 185 195 175 115 179
  100 149 194 104 163 111 180 145 119 165 173 182 113 181 152 143 183]]
 job2fam
 [[1 0 0 0 0 0 0 0 0 0 0 0 0 0 0 0 0 0 0 0 0 0 0 0 0 0 0 0 0 0 0 0 0 0 0 0
  0 0 0 0 0 0 0 0 0 0 0 0 0 0 0 0 0 0 0 0 0 0 0 0 0 0 0 0 0 0 0 0 0 0 0 0
  0 0 0 0 0 0 0 0 0 0 0 0 0 0 0 0 0 0 0 0 0 0 0 0 0 0 0 0 0 0 0 0 0 0 0 0
  0 0 0 0 0 0 0 0 0 0 0 0 0 0 0 0 0 0 0 0 0 0 0 0 0 0 0 0 0 0 0 0 0 0 0 0
  0 0 0 0 0 0 0 0 0 0 0 0 0 0 0 0 0]
 [0 0 0 0 0 0 0 0 0 0 0 0 0 0 0 0 0 1 0 0 0 0 0 0 0 0 0 0 0 0 0 0 0 0 1 0
  0 1 0 0 0 0 0 1 0 0 0 0 0 0 0 0 1 1 1 1 1 1 0 1 0 0 0 0 0 0 0 0 0 0 0 0
  0 1 0 0 0 1 0 1 1 1 0 0 0 0 0 0 0 0 0 0 0 0 1 0 1 0 0 0 0 0 0 0 0 0 1 0
  0 0 1 0 0 0 1 0 0 0 0 0 1 1 0 0 0 0 0 0 0 1 0 0 0 0 0 0 0 0 0 0 0 0 0 0
  0 0 1 0 0 0 0 0 0 0 0 0 0 0 1 0 0]
 [0 0 0 0 0 1 1 0 0 0 1 0 0 0 0 0 0 0 0 0 0 1 1 0 0 0 0 0 0 0 0 0 0 1 0 1
  0 0 0 1 1 0 0 0 0 0 0 0 0 0 0 0 0 0 0 0 0 0 0 0 0 0 0 0 0 0 0 0 0 0 0 1
  0 0 0 1 1 0 0 0 0 0 1 0 1 1 1 1 1 0 1 0 0 1 0 0 0 0 0 1 1 0 0 0 0 0 0 0
  0 1 0 0 0 1 0 0 0 0 0 0 0 0 0 0 1 1 0 0 0 0 0 0 1 0 0 0 0 1 0 0 0 0 1 0
  0 0 0 0 1 1 0 0 0 1 1 0 0 0 0 1 0]
 [0 1 0 1 0 0 0 1 0 0 0 1 0 0 1 1 0 0 1 0 1 0 0 1 1 1 0 0 0 0 0 1 0 0 0 0
  1 0 0 0 0 0 1 0 0 1 1 1 1 1 1 0 0 0 0 0 0 0 1 0 1 0 0 1 0 1 0 0 1 0 0 0
  0 0 1 0 0 0 1 0 0 0 0 1 0 0 0 0 0 0 0 0 0 0 0 0 0 0 0 0 0 0 1 0 0 0 0 0
  0 0 0 1 0 0 0 0 0 0 1 0 0 0 1 0 0 0 0 0 0 0 1 1 0 0 0 1 0 0 0 0 0 0 0 0
  0 0 0 1 0 0 0 0 0 0 0 0 0 1 0 0 1]
 [0 0 1 0 0 0 0 0 0 1 0 0 1 0 0 0 0 0 0 1 0 0 0 0 0 0 0 0 0 0 0 0 0 0 0 0
  0 0 0 0 0 1 0 0 0 0 0 0 0 0 0 1 0 0 0 0 0 0 0 0 0 1 0 0 0 0 1 0 0 1 1 0
  1 0 0 0 0 0 0 0 0 0 0 0 0 0 0 0 0 1 0 0 0 0 0 1 0 0 1 0 0 0 0 0 1 0 0 0
  1 0 0 0 1 0 0 0 0 0 0 1 0 0 0 1 0 0 1 1 0 0 0 0 0 0 1 0 0 0 1 1 0 1 0 0
  0 0 0 0 0 0 1 0 0 0 0 1 1 0 0 0 0]
 [0 0 0 0 1 0 0 0 1 0 0 0 0 1 0 0 1 0 0 0 0 0 0 0 0 0 1 1 1 1 1 0 1 0 0 0
  0 0 1 0 0 0 0 0 1 0 0 0 0 0 0 0 0 0 0 0 0 0 0 0 0 0 1 0 1 0 0 1 0 0 0 0
  0 0 0 0 0 0 0 0 0 0 0 0 0 0 0 0 0 0 0 1 1 0 0 0 0 1 0 0 0 1 0 1 0 1 0 1
  0 0 0 0 0 0 0 1 1 1 0 0 0 0 0 0 0 0 0 0 1 0 0 0 0 1 0 0 1 0 0 0 1 0 0 1
  1 1 0 0 0 0 0 1 1 0 0 0 0 0 0 0 0]]
