params：
 weight-->(1, 10)
 proc_times-->(1, 100)
 setup_times-->(60, 120)
 delivery_times-->(1, 30)
 job_rate-->16

start:
alpha_1
16
 alpha_2
2.0
 mach
10
 job
160
 fam
5
 weigh
 [[0 4 8 5 9 3 4 9 8 9 5 6 2 2 5 7 5 7 2 7 8 4 8 6 2 8 2 6 2 9 1 3 5 6 6 5
  3 1 7 2 3 9 9 1 8 7 5 3 2 6 8 3 6 7 9 2 3 8 5 9 8 9 5 9 1 7 4 9 7 4 2 7
  4 7 7 4 4 9 1 3 3 8 6 3 6 3 4 2 6 1 4 5 8 5 5 9 7 8 7 8 8 4 1 7 5 9 4 5
  1 5 9 4 5 6 8 7 1 8 6 2 7 1 8 1 6 7 2 7 1 2 3 9 6 6 8 2 9 8 1 3 8 5 1 4
  8 3 4 1 7 8 4 2 3 6 5 4 4 2 7 3 6]]
 proc_times
 [[  0  61  81  59  18  31  46  48  23  72  20  53  78  16  51   1  77  64
   30  10  41  24  88  60  94  62  99  28  85  24  62  29  63  18  89  82
   33  66  43  88  57  31  40  93  31   2  26  28  60  24  77  21   6  44
   55  49  22  87  19  23  59  65  65  13  61   6  26  31  81  34  27  50
   82  22  52  45  17  74  56  36  47  39  65  59  57  71  47  81  95  12
   83  46  29  24  65  53  32  19  53  70  73  55  57  29  47  14  33  22
   86  10  90  95  21  71  19   5  14  64  40  97   8  22  83  59  66  66
    9  77  74  23  46  70  35  71  44  43  28  24  99  77  34  67  52  96
   46   2  35  28  55  93  60   9  14  20  58  70  49   2  20  47  35]
 [  0  30  90  57  84  63  22  88  48  52  30  11  62  56  91  95  92  89
   54  44  48  59  59  83   7  85  24  50  79 100  76  37  63  31   2  88
   67  84   7  52  80  75  81  58  66   9   4  51  89  22  78  34  91  84
   63  14   4  15  78  84  60  67  92  85  68   9  87  98  83  96  29  25
   62  10  95  91  85 100   9  51  39   9  71  46  37  83  57  92  63 100
   40   2  67   9  49   3  42   8  46   4  73  33  66 100  11  62   1   7
   57   3  52  71  84  58  51  65  19  29  79  63  53  78  64   1  45  53
   99   6  21  90  44  67  36  75  29   6  25  45  62  67  51  28  28   6
   99  95  38  96  65  28  61  62   9  75  70  44   1  18  36   9  35]
 [  0  59  30  73  96  22  83  60  33  20 100  60  92   4  87  62  80  94
   62  69  26  24  38  19  39  70   4  97   8  39  51  22  73  42   5  64
   18  45   8  58  24  78  51  55  77  26  28  33  37  20  26  35   7  52
   40  51  21  51  96  98   5  26  15  43  92  98  30  62   4  46  10  42
   83  40  45  84  14  11  53  12  91  76  83  87  93  70  72  78  64  15
   43   7  70   8  80   5  81  45   2  23  83  81  34  20  29  86  29  80
    1  78   9  85  44  89  19  20   8  29  90  14  47  87  33  87  28  12
   27  49  10  67  49  27  48  38  74  84  73  41  99  87  45  50  11  68
   82  21  21  49  16  11  91  86  90  41  57   8  47  77  99   2  74]
 [  0  29  59  91  32  68   6   5  35  68  58  61  57  64  91  97  85  98
   99  59  85  59  88  88  52  37  55  49  60  88   9  12  38  51  78  69
   76  91  62  51  46  36  67  43  89  13  74  56  55  54  13  20  96  21
   95  38  95  58  51  37   8  76  82  48  71  45  23  64  17  10  86  19
   62  81  83  75  24  53  47  56  51  52  70  87   6  42  37   3  54  22
   42  84  23  24  52  46  68  81  54  47  32   1  97  65  22  58  22   7
   59  81  41   4  60  76  69  42  24  99  90  65  78  87  97  51  32  28
   83  47  12  44  87  15   1  59  26  29   7   3  20  95  12  71  81  99
   71  53  20  70  41  56  78   6  82  66  45  76  70  67  10  86   3]
 [  0  35  89  78  18  16   7   5  82  55  16  33  36  88  79  73  58  83
   94  25  70  96  31  42  63  22  64  47  53   4  99  24   9  43  20  18
   99  62  45   2  36  54  38  25  15  12  51  43  19  80  68  57  23  82
   45  62 100   7  26  91  50 100  40  22  50  11  72   5  83  82  61  12
    4  81  93  46  75  15  69   8  85  66  68  59  60  27  49  61  28  72
    9  87  42  86  44  73  83  46  57  36  41  35  90  70  12  76  63   7
   64  46  82   1  60  18  81  76   6  52  23  35  65  24  92  32   5 100
   42  62  61  65   1  99  11  85  27  15  50   1  10  40  86 100  60  94
   37  36  53  98  35  52   5  40  33  35  72  12   8  57  53  88  36]
 [  0   1  11  56   1  25  46  37  89  70  29  30  27  55  94   3  17  11
   30   2  39  35  27  79  56  60  33  82  75  68  24  81  22  83  87  20
   17   1  53  60  70  62  82  20   3  84   9  97   1  43  91   8  86  20
   48  38  89  79 100  88  49  64  10   5  88   5  21  48  93  63  49  36
   74  78  38  27  28  62  36  13  28   4  91  82   6  73  32  92  68  49
   95  50  71  93  30   2  37  19  69  67  43  80   3  84  58  91  64  55
    9  35  36  48  29  50  69  16  51  31  16  37   5  63   6   8  80  48
   48  83  69  23  39  62   7  40  72  97  24  72  94  26  42  55  66  42
   70  37  75  18  75  60  45 100  47  90   3  25  41  39  27  34  38]
 [  0  38  54  53  49  83  21  47  80  69  55   9  93   9  24  45  12  36
   80   8  98  91  43  40  30  35 100  26  38  73   1  94  83  35  55  69
   69  10  49 100  36  66  73  66  95  35  50  38  63  68  62   5  47   7
   36  51  58  31  41  99  84  68  90   6  44  81  18   7  25  58  71  47
    4  53 100  57  85   2  47  34  28  99  15   9  56  83  40  85  74  34
   79  75  39  10  13  62  79  41  48  33   8  97  39  53  39   8  30  53
    1  42  42  43  31   8  69  20  78  74  99  35  89  77   8   2  73  54
   29  32  40  95   7  33  59  12  95  87   9  17  42  67  48   5  34  99
   19  34  87  53  75  61  98  96  22  28  43  27  53  18  92  74  96]
 [  0  16  59  98  52  12  95  95  80  79  43  16  25  35  24  17  75  75
   61  53  51  16  55   9  35  54  76  77  24  24  11  70  28  66  79  54
   48  19  30  50  68  21  55  56  50  45  18   3  87  78  48  37  36  12
   55  82  31  55  20  28  97  16  90  32  62  31  44  10  71  86  59   9
   79  60  91  86  97  60  51  90  81  36  27  27  90  55  56  82  50  26
   72  80  97  40  22  89  84  38  48  67  48  33  46  57   9  90  67   8
   85  82  27  18   8  73  74  35  50  77  61  51  45  29  13  65   9  92
   24  15  64  41  99  26  28  62  19  75  14  57  23  36  31   9  32  54
   83  72  17  11  57  89  41  44  90  24  94  86   1  32  52  48  36]
 [  0  86  46   1  90   4  16  91  68  98  20  14  94  51  71  10  36  81
   67  32   4  19  25  89  29  90  32  36  83  47  38  37  90   6  61  25
   61  88  79  54  15 100  99  20  62  18  30  65  24  98  44  59  63  86
   20  84  51   6  16  58  81  11  78  35  73  20  51  59  63  20   2  60
   35  88  43  81  62  69   9  99  62   7  12  26  43  38  54  75  51  63
   64  55  61  19  35  83  43  90  24  29  45  23  43  98  62  25  92  46
   67  75  21   3  86  95  62  72  92  13  60  40   6  64  50  44  61  30
   43  13  75  14  24  16  66  96  28  16  33  81   7  47  11  27  12  79
   27  61  54  60  48  44  40  63  68  56  96   5  85  93  80  80  81]
 [  0  33  71  92  19  23   9   8  68  64  18  81   7  91  36  64  36  48
   96  34  29  37  58  51  97  66   8  97  52  85  45  50  64  64  44  99
   76  43  37  54  17   9  57  64  81   7  93  45  31  85  94   7  94   5
   69  65 100  50  61  86  77  72  43  23  55  22  54  71  36  92  87  57
   49  93  50  46  88   5  48  22  21   1  76  78  62 100  47  12   5  42
   34  74  88  16  42  12  84  95   1  31  56  12  75  70  57  95  89  55
   87  32  44  94  27  59  45  17   4  77  34  16  61  97  77  10  33  85
   48  23  71  67   7   4  67  62  71  15  49  49  88  71  94  75  53  78
   75  43  76  91  73  74  30  70  14  75  72  63  62  79  95  55  74]]
 setup_times
 [[[  0  81 100  80 104  67]
  [  0   0  94  67  92  78]
  [  0  80   0  60  81 103]
  [  0  63  93   0  80  76]
  [  0  74  69 108   0  81]
  [  0  80 118 105 100   0]]

 [[  0 116 109  63  75 105]
  [  0   0  63  61  86 117]
  [  0  86   0  60  70  60]
  [  0 114 117   0 114 105]
  [  0 109  94  88   0 119]
  [  0  98 101  77  71   0]]

 [[  0  65 111  68  65 101]
  [  0   0  75 111 104  75]
  [  0 113   0 100 107 102]
  [  0  66  86   0  71  78]
  [  0  76 113 103   0 110]
  [  0  76  87 117 106   0]]

 [[  0  67  79  83  61  97]
  [  0   0  75 101 101 111]
  [  0 100   0  90 115  87]
  [  0 102  96   0  75  79]
  [  0  65  76 101   0 119]
  [  0  68  71  95  88   0]]

 [[  0  86  75 119  60 116]
  [  0   0  84  94  94  83]
  [  0  88   0 100 104  82]
  [  0 117 113   0 115 104]
  [  0  61 107  74   0  89]
  [  0  60  99 118 110   0]]

 [[  0 109  78 105  66  89]
  [  0   0  91  68  66  61]
  [  0  90   0 119  88  73]
  [  0 107  93   0 100  79]
  [  0  72  76  72   0  88]
  [  0  99  95 116 109   0]]

 [[  0  82 109  87  79  77]
  [  0   0 109  72 112  99]
  [  0  75   0  63  76 103]
  [  0  74  76   0 118 106]
  [  0 114 110  77   0 106]
  [  0 110  99  91  89   0]]

 [[  0 101  61  96 115  88]
  [  0   0 117  97  60  69]
  [  0  73   0  73 112  98]
  [  0 114  83   0  60  65]
  [  0  91  61 114   0 114]
  [  0  64 117  95 112   0]]

 [[  0  74 114  95  71  86]
  [  0   0  79  70  61  72]
  [  0 110   0 101 119 116]
  [  0 119 108   0  74 103]
  [  0  92  80  73   0 104]
  [  0 111  74  83 107   0]]

 [[  0 100  95 104  89  69]
  [  0   0  71  63  91 115]
  [  0  98   0 106 117  95]
  [  0 100  82   0 106  66]
  [  0  67  65  81   0 106]
  [  0 112 107  74  85   0]]]
 delivery_times
 [[ 0 25 11 29 19 21  5  7 29 28 19  8  6 22 29 18 12 12 13  4 16 23  1 29
  10 23  1  6 21 20  1 29  1  1  4 13 14 14 26 27  3 12  4 23 12 27 14 16
   6 25 23  4 19 29 23 19 13 22 24 10  5 19 28  7  4 19 26  1 14 11 10 14
  10 22  4 28 19 28 19 19 19 10  7 22  8  6  8  2 15 15 23 27 26 16  5  7
  23  2 19 18  9 18 29 27 16 18 13  3  2 17 11 11  5 19  6 16  2 20  5 22
  28 19 26 18 20 20 27 22  2  4  5 18 18 28 17 25 16 25 10 13 20  1 16 17
   4 20 23 13  9  9 28 22  1 19 20 17 29  4 23 12  8]
 [ 0  3 19  8 14  5 14 19 27 18  3 22  7  3  2  3 20  5  8 20 26 11 21 28
  27 14 17 23 13 20  1 25 26 10 15 16 25 12 28  7  9 10 22  7 23  9 11 24
   3 23 11 16  8 12 19 22  6 23  5 16 11 14 23 27 28 22 22 12 24  4 14 11
  18 27 11  9  6  3 21 25 27  1 22 26  9 28  4 11 15 26 14 24 24  4 11 20
  20 14 12  1 19 10  8  3 19 16 14  7 23 10  3  6 15 14 12 23  6 13 12 29
  20 29 26 26 12  9  6 13 19 27 25  7 26 17  8 26 26 16 24 12 19  8  6  3
  29 25 29  4  1 13  9  6  2 11 17 25  8  1 17  7 29]
 [ 0 14 29 21 22 23 27  3 27 22 13 28 22 28 26 25 21  1  5 24 11 20 18 11
   9 12 27  9  3 19 14  5 18  4 22 23  6  9  7 26 16 18 24 14  8 27  7 24
  25 17 15 19  8 29 17 10 28  1 25  1 28 13 15 17  6  2 21 26  6 11 24 24
  11 21 17  5  2 20 20 21  6 24 25 22 16 10 18 25 29 21 26 29  2 15 18 25
  11  7 13 25 23 18 11 16 20 27 19  7 29  4  2  4 12 12 27 25  6  8  6 28
  22 22 28 10  2  1 18 16 29 23 26 18 13  5 17  3 15 18 17  7  2 12  9  1
  24  4  1  9 25 15 21 25 21 27 22 18  5  4 12 24 25]
 [ 0  5 19  1 24 22 13 20 25 10 11 10 27 20 15 16  4 25 22 13 16 16  6  8
   8 26 17 18 25 21  2  6 25 11 16 14 19 19 18 23 10 23 22  1 17  9  1 23
  17  7 23 27 22 24 20 22  8 18 22 27 24 27 24  7 29  8 20 14  6 11 10 16
  13  4 15 26 23 12 10 22 21 10 14 21  8 14  6  8 16  7  5 10 16 12 27 27
   6 10 12 12 27 22 29 11 28 16  2 18 26 20  8 14  3 10 15 29 20 16  8  4
  22 22 21 10 23 22 13 10 22 21  5  8 14  3 10  7  1 23 17 23 25 11 21 18
   3 17  1 26 15 10  6 17  8  3 19  8 29 14  2 23 13]
 [ 0 15 22 23  9 14  1 13 13 23 18 18  5 18 28 28  7  8  6 20  2  1 21  4
   8  5 13 29 12  8 22 17  7  1 27  4  1 11  8  1 21 13 20 16 25  4 22 29
  22 18  1  6 12  5 25 23 25 17 19  3 22  9  3 28  3  5 23 23  5 17 12  3
  27 15 18 23 27 16 19 27 12  4 24 27 10 26 16 11 18 24 28 25 12  8 12 13
  18  1 27 16 22 13  3 12 14 22 18 13 12  1 14 22 11  7 24 13 21 13 20  6
  14  8 16  2 16 29 18 14 27 12 19 11  8 23  5  4 22 27  2  7  8  3 25  1
  26 13 10 29 24 11  8 14 21  4 29  7  3 29 13 12  6]
 [ 0 26  8  8 21 29 10 26 24  2 18 25 12  4 11  7 10 26 21 18 12 13 13 16
  29 29 28 23 23 17 20 19  8 11 13 19 22  5  2 17 22  6 15 17 22 22 16  5
  28 24 16 23  4  6 22 27  2 20 25 28 12 18  6 24  6  1 26 27  2  8  4  8
   3  2 23 26 23 15 16 22 10  6 19 26 24 22 11 23 29 26 16 10 15  3  1 12
  29 16 14  9 22  1 15  5 29 23  8 17 20 27 16  3 25 10 25  5 29  7  7 19
  10 12 22  6 14 28  7 29 27  7  5  6  3 27  4 20 11 18  3 19 18 29  6 29
  27 15  2 15 22 15  2 10 25 14  5 17 28  2  5  3  6]
 [ 0  8  9 10  6  9 24 25  8 29 16 23 12 14 29  6 13 23 28 10 18  2 10 20
   9  3 26 17 21  4 26 28  7 15 27 25  6 21 27  4 29  8  1 29 14 25  5 26
   5 21  2 16 22  3 20 21  8 25  7  2  8 20  5  3  6 17 11 22  6 28 21  9
   2  9 14  6  5 23 15 15  2 23 24  8 10  2  6 28 12 18 20  7  9  7  7  6
   4  9 17  2 19 23 23 20 18 21 17 21 26  7 11 17 11 24  4 10 10 21  2 24
   5 23 24 16  6 25  1 11  4 14 17  8 26  8  4 24 12 15 26 20 10  6  1  6
  28 27 24 25 20 13 17 18 28 14  4  4 18  7 27  5 19]
 [ 0 21 18 24 29  7 20  5 20  6  5  2 11  5 24 27 29 29 27 19 21  6 28  3
   6 23 11  9 25 11 22 14  7  8  9 11 26 25 10 25 14  1 17 15 13 14 20 14
   2 10  6 17 26  6 17  1 27 19  8 26 19 28 12 20 24 23 17  2  7  7 12 24
  24 29  9 28  2  3 15  1 29 19 29 26  2  7  6 23 27 15  7 26 20 17 18 23
  26  2 22 15  9 19 26 13 25 26  8 15  8 20  4 22 19  6 13 28 27 10 17 22
   6 13  5 12  3  3 23 27  2  1  9 28  3 23  2 18 24 26  3 18 26 21  4 25
  28 25  9 24 22  1 11 15  8 13  4 24  7 17  7 10 11]
 [ 0 23  4  7  2 17 14 29 20 23  1  7 15 16  2  1 21  3 27 25 25 28 21 13
  15 24  1 29 21 29  5  5 13 22 23 22 29  5  9  3 20 16 15 19  3 11 14 10
  18 14  5 21 12 25 26  8  6  9 25 24  3  3  3 13 25 15 15  3 20  9  2 29
  25  6 15 25  2  3 18 16 17 11  3  1 19  3  8  3 13 21  4  5  8  4  3 27
  19 29  6 24 26 17 12 11 25 15 10 14 29 21 21 21 13 18 29  1  5 28  5 12
  19  3 29 28 23  9 27 12 20  5 20 22 20 20 11  3 25 26 16 28 28 18 28 29
   7 19 27 13 26 26  6 25  5  5 12  9 25 16 10 20 23]
 [ 0 28 20 13 10 24  1 26 10 10 26  9 22 27  7  6 20 15  2 22 17 12 22 15
  12 27 21  4 15 29 10 16  2 15  3 12 25  6 11 20  1  5 19 17 21  9  9  4
  15 29  2 13 16 12  2 22 14 10  5 27  6 21  7  6 15 18  1  2 16 10 13  9
  11 18 25 16 13  2  1  6 19 15  6  7 20 13  2 21  1  8 24  5 28  7 13  7
  26 21 26 19 16 23  3 11 14 22 24  9  6 24 16  4 20 21 18 26  6  9 20 21
  22  9 16 21 14 18 27 12 10 14 20 29 15 23 26  5 21 22 14 14  8 16 23 27
  20  9  4 25 14 11 18 21 27  1 16 19 26 20  6 28 11]]
 job2fam
 [[1 0 0 0 0 0 0 0 0 0 0 0 0 0 0 0 0 0 0 0 0 0 0 0 0 0 0 0 0 0 0 0 0 0 0 0
  0 0 0 0 0 0 0 0 0 0 0 0 0 0 0 0 0 0 0 0 0 0 0 0 0 0 0 0 0 0 0 0 0 0 0 0
  0 0 0 0 0 0 0 0 0 0 0 0 0 0 0 0 0 0 0 0 0 0 0 0 0 0 0 0 0 0 0 0 0 0 0 0
  0 0 0 0 0 0 0 0 0 0 0 0 0 0 0 0 0 0 0 0 0 0 0 0 0 0 0 0 0 0 0 0 0 0 0 0
  0 0 0 0 0 0 0 0 0 0 0 0 0 0 0 0 0]
 [0 0 0 0 0 0 0 0 0 0 0 0 0 0 0 0 0 1 0 0 0 0 0 0 0 0 0 0 0 0 0 0 0 0 1 0
  0 1 0 0 0 0 0 1 0 0 0 0 0 0 0 0 1 1 1 1 1 1 0 1 0 0 0 0 0 0 0 0 0 0 0 0
  0 1 0 0 0 1 0 1 1 1 0 0 0 0 0 0 0 0 0 0 0 0 1 0 1 0 0 0 0 0 0 0 0 0 1 0
  0 0 1 0 0 0 1 0 0 0 0 0 1 1 0 0 0 0 0 0 0 1 0 0 0 0 0 0 0 0 0 0 0 0 0 0
  0 0 1 0 0 0 0 0 0 0 0 0 0 0 1 0 0]
 [0 0 0 0 0 1 1 0 0 0 1 0 0 0 0 0 0 0 0 0 0 1 1 0 0 0 0 0 0 0 0 0 0 1 0 1
  0 0 0 1 1 0 0 0 0 0 0 0 0 0 0 0 0 0 0 0 0 0 0 0 0 0 0 0 0 0 0 0 0 0 0 1
  0 0 0 1 1 0 0 0 0 0 1 0 1 1 1 1 1 0 1 0 0 1 0 0 0 0 0 1 1 0 0 0 0 0 0 0
  0 1 0 0 0 1 0 0 0 0 0 0 0 0 0 0 1 1 0 0 0 0 0 0 1 0 0 0 0 1 0 0 0 0 1 0
  0 0 0 0 1 1 0 0 0 1 1 0 0 0 0 1 0]
 [0 1 0 1 0 0 0 1 0 0 0 1 0 0 1 1 0 0 1 0 1 0 0 1 1 1 0 0 0 0 0 1 0 0 0 0
  1 0 0 0 0 0 1 0 0 1 1 1 1 1 1 0 0 0 0 0 0 0 1 0 1 0 0 1 0 1 0 0 1 0 0 0
  0 0 1 0 0 0 1 0 0 0 0 1 0 0 0 0 0 0 0 0 0 0 0 0 0 0 0 0 0 0 1 0 0 0 0 0
  0 0 0 1 0 0 0 0 0 0 1 0 0 0 1 0 0 0 0 0 0 0 1 1 0 0 0 1 0 0 0 0 0 0 0 0
  0 0 0 1 0 0 0 0 0 0 0 0 0 1 0 0 1]
 [0 0 1 0 0 0 0 0 0 1 0 0 1 0 0 0 0 0 0 1 0 0 0 0 0 0 0 0 0 0 0 0 0 0 0 0
  0 0 0 0 0 1 0 0 0 0 0 0 0 0 0 1 0 0 0 0 0 0 0 0 0 1 0 0 0 0 1 0 0 1 1 0
  1 0 0 0 0 0 0 0 0 0 0 0 0 0 0 0 0 1 0 0 0 0 0 1 0 0 1 0 0 0 0 0 1 0 0 0
  1 0 0 0 1 0 0 0 0 0 0 1 0 0 0 1 0 0 1 1 0 0 0 0 0 0 1 0 0 0 1 1 0 1 0 0
  0 0 0 0 0 0 1 0 0 0 0 1 1 0 0 0 0]
 [0 0 0 0 1 0 0 0 1 0 0 0 0 1 0 0 1 0 0 0 0 0 0 0 0 0 1 1 1 1 1 0 1 0 0 0
  0 0 1 0 0 0 0 0 1 0 0 0 0 0 0 0 0 0 0 0 0 0 0 0 0 0 1 0 1 0 0 1 0 0 0 0
  0 0 0 0 0 0 0 0 0 0 0 0 0 0 0 0 0 0 0 1 1 0 0 0 0 1 0 0 0 1 0 1 0 1 0 1
  0 0 0 0 0 0 0 1 1 1 0 0 0 0 0 0 0 0 0 0 1 0 0 0 0 1 0 0 1 0 0 0 1 0 0 1
  1 1 0 0 0 0 0 1 1 0 0 0 0 0 0 0 0]]
