params：
 weight-->(1, 10)
 proc_times-->(1, 100)
 setup_times-->(30, 60)
 delivery_times-->(1, 30)
 job_rate-->7.5

start:
alpha_1
7.5
 alpha_2
1.0
 mach
2
 job
15
 fam
3
 weigh
 [[0 1 4 1 1 7 3 3 5 2 6 9 6 1 3 2]]
 proc_times
 [[ 0 79 48 43  7 73 57 71 15 16 74 36 58  4 84 60]
 [ 0  1 41 28 60 79 28 69 27 74 33 34 17 95 35 11]]
 setup_times
 [[[ 0 44 38 30]
  [ 0  0 57 58]
  [ 0 59  0 43]
  [ 0 57 47  0]]

 [[ 0 52 44 40]
  [ 0  0 36 54]
  [ 0 35  0 57]
  [ 0 32 45  0]]]
 delivery_times
 [[ 0  9 13  1 26 17 15 23 21 10 16 19  2 26 25 27]
 [ 0  8  9 16 12 26 15 29 18 16 24  2 11 20  3 12]]
 job2fam
 [[1 0 0 0 0 0 0 0 0 0 0 0 0 0 0 0]
 [0 0 0 0 1 1 1 1 0 1 0 0 0 1 0 0]
 [0 0 1 0 0 0 0 0 0 0 0 1 0 0 1 1]
 [0 1 0 1 0 0 0 0 1 0 1 0 1 0 0 0]]
