params：
 weight-->(1, 10)
 proc_times-->(1, 100)
 setup_times-->(60, 120)
 delivery_times-->(100, 200)
 job_rate-->16

start:
alpha_1
16
 alpha_2
2.0
 mach
10
 job
160
 fam
8
 weigh
 [[0 8 2 1 1 8 5 2 9 8 2 9 3 6 4 3 6 4 9 2 4 7 3 7 3 7 6 1 3 1 5 9 9 1 3 3
  2 7 6 3 3 5 7 1 3 5 4 3 1 9 6 1 3 8 4 9 7 6 4 9 1 4 8 6 1 3 2 5 4 7 6 2
  8 2 9 1 3 3 9 5 1 9 5 8 5 4 4 9 6 8 8 8 2 7 5 4 9 9 9 3 1 8 6 9 5 2 5 6
  2 4 5 3 4 3 2 4 3 3 1 6 3 5 1 7 9 8 4 8 2 3 5 9 8 1 1 6 6 9 3 6 9 4 9 1
  5 5 5 8 9 5 2 8 2 9 4 3 1 7 2 6 7]]
 proc_times
 [[  0  55  66  58  46  93  63  11  42  51  76  83  15  72  23  94  67  30
   30  31  62   7  44  13  35  90  58  23  94  25  72  72  54  67  84  84
    1  79  62  97  20  79  88  37  11  77  16  32  98  10  38  14  17  99
   31  62  32  31  13  71  59  52  81  35  62  56  22  77  83  70  52  87
   95  26  28  48  50  92  98  60  39  35  16  70  30  62  98  51  27  24
   42  59  45  35  29  78  16  42  20   5  20  13  82  28  39  22  44  71
   42  36  29  51  62  35  76  68  96   2  56  45   1   6  60   8  92  41
   39  56 100  74  57  90  73  99  56  16  89  60  68  71  92  61  86  82
    4  56  84  21  36  48  34  40  93  90  51  13  46  36  84  40  80]
 [  0  87  96  64  18  55  45  86  67   2  57  94  21  80   4  46  71  25
    5  94  53  80   8  64  60  40  91  11  74  32  16  67  74  71  11  60
   63  13  65  91   3  70  23  76  95  97  71  81  20  96  54  75  14  46
   43  78  67  49  12   8  50  40  98  46  77  18  19  39  28  51  19  32
    7  72   7  47   8  92  37  60  28  69  64  11  32  78  28  17  52  99
   38  59  41  82  84  90  83  38  84  81  51  52  69  92  44   8  49  45
   75   3  68  25  53  32  13  33  28  68   1   6  31  80   6  57  42  70
   74  93   4  42  41  36  93  29   1  96  31  25   3  86  60 100 100  99
   74  93  48  75  11  47  79  29  17  15  55  58 100  22   4  43  72]
 [  0  38  68  65  81  31  77  13  23  22  19   8  46  75  82  14  83  74
   25  58  83  33  37  71  18   4  56  80  38  10  75  24  88   7   2  75
   97  48  67  95  31  78  61  33  22  74  66  69  34  23  75  19  93  41
   89  19  68  55  98  31  61  70  42  94  58  85  40  35  51  10  57  91
   82  57  98  92  32  19  13  13  48  93   6  87  70  18  30   5  64  20
   17  16  33  48  59   7  75  49  92   3  58  72  66  44  93  47  54  72
   21  48  64  83  37   5  81  24  75  73  14  30  29  23  91  75  22  96
   30  17  38  65   7  70  80  29  82  70  57   8  97  87  40  59  49  12
   49  75  35  81  11  24 100  40  31   2  36  90  89  79  20  99 100]
 [  0  90  27  13  56  45  28  45  81  33  29  70  18  31  47  58   3  48
   59  68  12  22  34  69  65  15  82 100   1  88  17  21  98  82  92  39
   47  74 100  15  24  34  21  82  42   1  65  19  63  71  93  48  13  55
   67  39   6  70   4  75  93  97  64  65  40  52   4  98  65  86  63  43
  100  14  21  24  24  88  38   8  59  90  45  90  22  56   9  82  68   8
   83  68  41  64  57  99  26  50  18  12  69  52  44  34  68   6  15  62
   28   9  55  56  13  10  85  71  52  41  76  22   9  88  56  96  85  46
   93  14  72  23  77  27  32  69  40   6   3  61  46  57  57  39  21  12
    2  22  91   1  77  18  54  47  20  29  83  72  83  12  64  75  27]
 [  0  11   7  60  31  49  57   7  14  15  59  65  16  89  78  61  70  82
    3  16  37  44  78  45  60  14  29  73  60  67   9  11  56  74  19  49
   31  36  11  41  93  42  34  20  34  27  43  70  39  74  56  18  60  92
   15  64  94  90  67  10  68  82  82  14  48  77  72  23  10  81  49  35
   92  14  13  21  75  74  14  80   6   6  75  95  20  74  33  69  69  32
   19  59  50  51  68  67  16  77  88   2  40  72  52  36  98  63  76  33
   19  45  82  54  85  29  17  15  87  45  38   8  19  37   9  41  38  58
   17  12  28   1  11  47  69  91  60  17  10  26  16  93  32  94  55  68
   81   7  92  74  29  58 100   7  55  22  22  82  87  38  82  57  78]
 [  0  25  12  44  57  43  98  22   4  54  90  17  44  73  27  41  91  59
   16  92  58  80  89  95  50  47  81  84   4  69  23  45  16  50  72  29
   32  44  17  65  70  14   5  39  34  71  50  93  30   3   3  76  40   2
   44  38  87  93  54  15  25  14  20  65  40  83  54  51  11   5  10  60
   60  93  89  46  41  17  48  50  30  60  97  51  71  84  26  90  14  59
   28  14  36  16  60  11  27  14  57  17  94  98  83  45  98  87  76  52
   58  17  34  90  98  46  45  38  50  71  88  17  95   5  43  11  10  82
   24  80  57  91  73  75  36   9  19  25  73  78  89  49  21  65   7  61
   19   1  13  51  35   4  15   8  20 100  60  51  21  74   7  80  21]
 [  0  98  27  12  70  24  36  96  88   8  88  28  66  96  31  85  25  71
   69  37  12  69  28  23  38  34  34  22  68  15  72  90  52  88  89  81
   65  91  78  95  54  12  96  37  38  36  41  19  73  24  97  87  37  92
   24  92  33  77  98  75  35  52  74  93  70  51  83  56  15  80  87   2
   86  63  71  16   4  51  15  50  74  77  32  16  16  51  14  61  73  14
   38  65  67  24  53  53  65  87  35  67 100  25  45  46  98  91  98  16
   63  35  36  11  86  95  44  68  37  59  82  75   3  43  41  29  96  69
   86  17   6   2  10  91  60   7  21  46  11  90  61  90  13  29  66  55
   55   4  39  52   4  65  20  79  95  83   2   6  20  63  86  21  25]
 [  0  64  58  67  34  15  18  30  87  45  87  48  67  21  50  24   8  79
   76  17  69  54  53  29  36  68  27 100  40  79  78  12  17  51  78  47
   83  29  10  56  58  42  91  42  98  13   8   3  20  19  74  97  50  98
   43  80  54  24  63  13  65  70  29  72  18  93  42   9  19   5   7  55
   35  22  12  70  59  70  18  28  53  35  50  49  82  82   9  21  16  40
   34  38  73  54  61  20  87  23  20  50  25  75  88   4  14  75  84  26
   12  40  50  64  39  20   6  62  85  80  16  53  33  27  39  72  87  16
   11  25  63  48  70  73  17   5  78  53  66  57  85  76  17  69  66  28
    8   3  34  23  88  21  68  45  21  24  76  29  21  27  23  58  95]
 [  0  76   1   9   2  57  43   9  31  23  45  34  92  42  36  82  94  55
   51  48  49  28  18  99   3  58  45  52  99  29  54  95   9  63  71  33
   31  75  34  26  87  56  35  97  81  64  30  93  41  17  73  22  18  71
   50   7  40  67  97  73  78  37  50   2  17  92  77  43  12   7  98  71
   33  34  83  91  80  76  32   7  28  58  85  84  91  91   2  97  96  59
   84  51  72  79  86  23  85  61  30   4  24  24  76  52  64  94  36  40
    6  15  28  55  52  26  63  71   9  58  18  25  72   3  90  71  99  94
   72  69  98  91  33  72  31  32  94  36  59  32  56  76  98  87  38  85
   31 100  65  36  97  40  69  21  70  26  41  89  48  16  98  99  36]
 [  0  97  68  96  88   2  54  51  43  87  61  83  21  36  41  24   1   2
   29   9   7  53  28  84  36  97  73  34  37   9  30   2  84  38  60  13
    5  95  18  18   1  33  98  87  78  39  60  90  25  17  46  16  55  38
   76  60  46  85  93  46  79  16 100   9  52   8  90  25  46  47  63  41
   49  44  21  49  18  59  54  39  89  46  52   4  47  46  23  54  83  80
   62  40  83  78  74  88  18  57  13   8  63  90   9  26  23  50  20  22
   91  47  31  75  60  27  93  24  46  20   4  53  45   1  38  76  56  41
   21  23  88  60   6  40  97  95  10  47  66  19  48  55  87  22  73  90
   90  72  83  28  14  64   6  51  43  24  27  61  12  44  81  44  18]]
 setup_times
 [[[  0  70  98 118  82 113  98  66 115]
  [  0   0 108  72  60  80  67  79  79]
  [  0  71   0 104  74 106 108 111 111]
  [  0  61  74   0 105 112  88  66  84]
  [  0  93  99  76   0  73  98  94  87]
  [  0  78 116 113 106   0  83  64  70]
  [  0  76 116 118  71  69   0 111  87]
  [  0  97 112  64 107  63  75   0 110]
  [  0  89  83  91 119 119  91  87   0]]

 [[  0  89  81  63 112  87  68 112  70]
  [  0   0  96 103  94  86  71  79  75]
  [  0 116   0  97 116 105  66  65  77]
  [  0  63 119   0 112  68  96  68  84]
  [  0  85 116 111   0  94 107 119  88]
  [  0  80 111  62  61   0 118  73  97]
  [  0  66  68  83  66  83   0  81 108]
  [  0 108 119 113  96  83 112   0 103]
  [  0  96 114  66  93  61 105  63   0]]

 [[  0  71  64  81  99  78  78  91  88]
  [  0   0  84  66 112 103  66 111  67]
  [  0 111   0 114 104 115  60  68  68]
  [  0  95  60   0  77  64 114 108 111]
  [  0 100 111  90   0  67 102 100  87]
  [  0 102 105  65  98   0  84 113  85]
  [  0  75  73  78 104 117   0 111  80]
  [  0 100  89  92  86  88  87   0 105]
  [  0  69  62 102  68  83  99 112   0]]

 [[  0  85 100 106  73 115 106  99  94]
  [  0   0  65  72  86  72 119 102  76]
  [  0 117   0 103 100  96  83  87  76]
  [  0 110  85   0  61  85 104  91 115]
  [  0  78  84 100   0  80  62 109 111]
  [  0 108 115  80  81   0  97  76  89]
  [  0  73 115  91 104  89   0 111  64]
  [  0  84  92  61 104  85 105   0 100]
  [  0 118  78  79  96  84 105 108   0]]

 [[  0  72  60 117  66  72  91  96  83]
  [  0   0 119  63 106  88  84  75  78]
  [  0 114   0 104 113  75  62  79  63]
  [  0  79 100   0 117 102  97  98  86]
  [  0  90  64  90   0 117  76 106  92]
  [  0  95  62  86  89   0 112  66 104]
  [  0  64  90  79 115  73   0 100  71]
  [  0 110  73  87 108  86  98   0  79]
  [  0  81  71  94 117  93  72 101   0]]

 [[  0  90 111  68 106 115  95  61  75]
  [  0   0 100 104 100  70  67  76  97]
  [  0 105   0  71  67  70  96  82  67]
  [  0  60  71   0 104  68 114 114  77]
  [  0  96  61 109   0  98  94  81  60]
  [  0 106  85 107 110   0 112  70  84]
  [  0  89  70  81  75  96   0 119  61]
  [  0  93  79 100  86  79 103   0  82]
  [  0  98 112  66  97 112  94 107   0]]

 [[  0  62  81  88 102  63  80  82  78]
  [  0   0 101  98  82  62 117  73 115]
  [  0  98   0 102  63 103  70  93  79]
  [  0  86 115   0 119  71 119 118  73]
  [  0  66  88  62   0 113  65  88  71]
  [  0  62  74  77  96   0 101  65  66]
  [  0  88 113 114 103 106   0 103 108]
  [  0  89  87  67  76 115  78   0 112]
  [  0 106  86 118  70  79  78 112   0]]

 [[  0 105  74 104 111  65  66 107  80]
  [  0   0  68  64 112  77  79  86  60]
  [  0 115   0  97  69 117  74 113  92]
  [  0  75  60   0  74 105  94 107  75]
  [  0  64  86  89   0 118 114 103 111]
  [  0  60 117  76  77   0  77  79  80]
  [  0  80  73  65 105  67   0  73  93]
  [  0  88 113  69  73 117  88   0  61]
  [  0 102 109  88  97 103 100  76   0]]

 [[  0  69  92  73 113  95  78  78 101]
  [  0   0 113  97  90 118  64  77  70]
  [  0  67   0 106  93 102  62 103  60]
  [  0  72  87   0  73  88  90  62  61]
  [  0  92  83  81   0  64  84 100  68]
  [  0 112  87 103  64   0  64  61 114]
  [  0  80  64  97  66  61   0 110  62]
  [  0 115  73 119 112 117  95   0  78]
  [  0  80  78 116  66 117  67 109   0]]

 [[  0  86  94 107  77 118  94 102  74]
  [  0   0 118 110  78  66 117  89 111]
  [  0  81   0  61 117  93 119 113  95]
  [  0 112  75   0 103  88  69  82  94]
  [  0  77  92  99   0  93  62 116 116]
  [  0  67  74  75  71   0  97 105  62]
  [  0  70  67  62  82 103   0 101  74]
  [  0  72  83  67  66 107  89   0 116]
  [  0  97  99  60  83  87 103  91   0]]]
 delivery_times
 [[  0 148 125 191 189 160 181 149 192 160 194 194 191 127 152 119 161 152
  149 162 195 157 194 146 162 145 151 144 122 173 103 195 174 173 171 127
  176 193 189 143 170 195 142 131 136 168 164 163 187 160 145 115 115 134
  170 117 132 158 135 183 145 179 173 148 137 156 135 112 135 130 167 133
  139 198 199 146 191 113 193 193 151 117 111 167 171 154 104 148 107 177
  180 178 182 103 108 113 134 193 140 121 109 104 161 124 115 188 161 164
  102 197 144 167 125 168 113 183 188 118 160 172 151 103 127 128 177 148
  189 171 159 173 128 158 118 184 173 171 119 111 189 141 123 181 146 144
  155 191 120 121 154 100 199 114 147 120 153 166 109 153 182 105 102]
 [  0 113 129 173 193 134 109 160 138 114 167 176 144 102 197 173 189 159
  180 133 112 143 117 148 165 101 161 182 149 170 175 185 142 113 153 155
  166 136 118 114 161 157 198 180 181 148 183 196 195 158 177 178 192 163
  144 198 189 199 170 127 137 101 106 150 124 151 195 186 175 190 156 192
  127 161 115 186 195 151 145 121 138 126 124 180 145 199 135 141 167 118
  105 117 131 190 101 108 144 180 197 130 155 131 180 198 110 124 188 171
  157 129 138 103 180 144 111 107 191 106 161 161 159 144 194 152 142 164
  132 143 102 118 117 148 144 155 188 183 172 138 168 100 171 180 116 112
  120 197 106 157 112 161 169 198 135 118 172 186 127 118 112 180 135]
 [  0 153 106 181 122 149 178 163 158 121 122 103 187 187 159 199 178 107
  191 197 109 134 137 160 106 168 124 183 139 134 116 130 180 184 104 157
  199 112 194 121 132 133 185 160 130 138 199 108 162 187 146 146 155 198
  164 106 105 177 126 188 121 159 143 123 187 168 168 157 140 105 128 197
  147 164 171 102 137 185 133 122 158 173 178 197 189 150 181 190 110 113
  129 111 121 110 192 137 118 193 181 132 193 178 166 105 166 168 189 198
  103 154 134 192 191 165 178 130 167 141 195 151 152 148 180 105 169 157
  169 135 199 143 159 115 172 162 112 196 107 160 115 146 163 178 172 108
  197 163 184 112 135 133 123 107 105 116 153 190 192 191 176 191 128]
 [  0 104 145 180 184 183 179 177 126 140 157 183 103 107 191 128 192 142
  164 171 102 122 122 188 149 170 155 190 193 181 107 115 155 175 126 145
  109 104 199 122 138 178 186 145 159 102 179 175 172 178 133 170 196 111
  198 185 179 158 116 141 183 178 162 195 178 102 169 168 199 117 122 160
  184 123 158 189 125 186 157 136 187 160 198 106 146 113 152 107 126 101
  121 181 165 146 189 107 170 166 124 155 148 153 163 105 139 195 153 145
  111 173 120 171 161 112 183 177 111 128 142 178 144 131 179 175 132 179
  101 132 170 191 165 141 139 149 139 118 157 166 112 134 154 141 145 173
  162 151 154 115 109 143 187 198 131 170 152 149 136 172 152 197 140]
 [  0 119 143 113 147 135 194 148 155 135 197 127 140 147 179 191 134 108
  163 142 182 151 164 180 140 104 139 158 186 198 165 159 131 136 161 161
  117 120 142 100 153 112 110 131 190 192 160 185 138 166 153 195 170 152
  162 191 100 178 192 158 123 154 104 173 134 121 134 129 143 197 185 157
  160 171 111 192 163 123 114 156 157 193 150 154 136 113 148 167 188 148
  138 106 198 123 175 190 171 123 190 141 178 166 101 148 196 165 117 183
  141 190 153 102 175 183 138 124 192 148 103 195 136 175 105 115 130 140
  135 110 169 108 177 156 108 161 164 114 123 126 187 132 135 141 184 148
  157 183 169 124 153 187 101 180 172 194 160 183 167 138 143 142 180]
 [  0 104 121 187 134 131 102 195 128 145 124 141 196 124 167 177 135 105
  105 158 125 140 198 127 163 195 198 150 193 182 164 157 183 146 130 173
  174 164 122 188 192 147 180 124 112 194 123 198 115 155 174 199 145 124
  113 126 136 109 190 193 157 194 125 106 171 164 180 130 161 132 111 124
  153 134 142 133 152 140 194 149 191 185 191 117 180 174 132 197 108 188
  141 185 190 162 191 184 127 166 131 150 183 191 168 108 122 110 148 148
  122 180 111 115 157 137 168 117 160 101 120 131 153 139 188 146 108 144
  136 114 101 183 123 189 137 124 187 132 106 115 119 169 115 113 163 139
  162 196 148 106 193 191 191 150 173 100 164 161 193 128 113 132 125]
 [  0 167 139 170 134 180 175 171 188 157 191 170 133 126 102 161 147 175
  181 183 129 129 197 123 123 136 172 187 175 159 143 171 135 194 189 100
  161 158 124 136 128 102 157 122 174 111 115 169 184 166 174 175 170 199
  124 136 162 161 164 112 101 182 168 125 149 142 182 125 128 117 197 119
  149 150 198 148 145 104 138 121 160 107 173 154 171 136 138 138 105 157
  138 185 121 195 167 144 155 110 136 177 194 184 178 185 183 136 183 130
  170 184 136 132 141 196 178 133 175 123 162 112 160 146 116 117 151 123
  199 131 136 182 102 108 161 151 134 106 142 122 156 120 100 195 177 164
  119 193 164 173 192 151 192 162 156 135 199 183 179 192 143 173 109]
 [  0 120 185 137 143 171 137 168 109 166 121 143 189 119 163 150 156 144
  132 163 173 113 144 133 163 111 161 167 151 110 196 160 167 131 164 150
  115 190 138 122 135 177 197 109 138 112 173 152 105 133 188 105 107 182
  158 163 185 113 140 158 159 149 144 181 106 191 119 196 128 173 162 155
  130 197 150 115 184 126 123 146 184 122 155 113 117 105 198 118 121 137
  154 186 138 131 134 197 128 152 179 193 178 193 166 129 197 176 134 182
  101 155 122 112 126 135 135 103 104 162 148 109 182 149 107 156 184 158
  160 177 135 191 194 136 193 179 114 123 105 110 114 156 113 116 132 199
  119 169 143 134 150 178 121 141 137 135 167 187 166 146 155 192 173]
 [  0 120 192 196 165 141 184 123 132 155 185 133 193 169 108 135 114 148
  138 143 180 192 158 180 142 190 100 158 195 119 144 103 197 184 183 170
  114 192 188 189 106 138 159 176 179 174 169 168 190 178 191 155 143 165
  155 149 164 186 179 190 153 184 153 129 128 186 184 192 100 122 185 173
  108 165 137 181 141 125 164 177 142 133 124 136 160 101 184 142 141 120
  128 131 180 116 144 124 195 133 128 172 179 178 128 112 124 149 189 109
  182 168 138 123 108 137 188 191 182 166 149 164 164 160 150 164 116 123
  135 168 164 141 187 149 130 129 133 115 165 121 144 187 134 114 166 193
  107 173 118 161 181 163 131 168 123 182 131 160 144 122 191 108 143]
 [  0 135 199 160 178 120 165 188 153 196 180 104 118 133 178 141 122 140
  126 131 139 189 170 190 106 185 134 137 106 110 178 134 137 183 164 122
  118 122 131 119 110 181 103 165 159 154 171 169 151 141 177 198 118 179
  155 113 139 119 195 162 144 199 120 139 109 199 112 104 103 121 110 186
  175 180 124 164 118 199 112 170 126 178 149 178 133 171 138 121 133 116
  183 184 185 115 176 107 186 139 126 129 149 126 190 176 103 133 132 115
  168 140 145 187 171 176 114 198 123 185 191 126 187 117 149 183 164 196
  124 155 177 166 128 169 185 119 168 144 169 127 116 183 104 176 140 190
  138 133 180 193 193 199 113 126 115 116 173 136 114 108 186 164 152]]
 job2fam
 [[1 0 0 0 0 0 0 0 0 0 0 0 0 0 0 0 0 0 0 0 0 0 0 0 0 0 0 0 0 0 0 0 0 0 0 0
  0 0 0 0 0 0 0 0 0 0 0 0 0 0 0 0 0 0 0 0 0 0 0 0 0 0 0 0 0 0 0 0 0 0 0 0
  0 0 0 0 0 0 0 0 0 0 0 0 0 0 0 0 0 0 0 0 0 0 0 0 0 0 0 0 0 0 0 0 0 0 0 0
  0 0 0 0 0 0 0 0 0 0 0 0 0 0 0 0 0 0 0 0 0 0 0 0 0 0 0 0 0 0 0 0 0 0 0 0
  0 0 0 0 0 0 0 0 0 0 0 0 0 0 0 0 0]
 [0 0 0 0 0 0 0 0 0 0 0 0 0 1 0 0 0 0 0 0 0 1 0 1 0 0 0 0 0 1 0 0 0 0 0 0
  0 1 0 1 0 0 0 0 0 0 0 0 0 0 0 0 0 0 0 0 0 0 0 0 0 0 0 0 0 0 0 0 0 0 0 0
  0 0 0 1 0 1 0 0 0 0 0 1 0 0 0 0 0 0 0 0 0 0 0 0 0 0 0 1 1 0 0 0 0 0 1 0
  0 0 0 0 0 0 0 0 0 0 0 0 0 0 0 0 0 0 0 0 0 0 0 1 0 0 0 0 0 0 0 0 0 0 0 0
  0 0 0 0 0 0 1 0 0 0 0 1 0 1 0 0 0]
 [0 0 0 0 0 0 0 0 0 0 1 0 1 0 0 0 0 0 0 0 0 0 1 0 0 0 0 0 1 0 0 0 0 0 0 0
  0 0 0 0 0 0 0 0 0 0 0 0 0 0 0 0 1 0 0 0 1 0 0 0 0 0 0 0 1 1 0 0 0 0 0 1
  0 1 0 0 0 0 0 0 0 0 0 0 0 0 0 0 0 0 0 0 0 0 0 0 0 1 0 0 0 0 0 0 1 0 0 0
  0 0 0 0 0 0 0 0 0 0 1 0 0 0 0 0 0 1 0 0 0 0 0 0 0 0 1 0 0 0 0 1 0 1 0 1
  0 0 0 1 0 0 0 0 0 0 1 0 0 0 0 0 0]
 [0 0 0 0 0 0 1 1 0 0 0 0 0 0 0 0 0 0 1 0 0 0 0 0 1 0 0 0 0 0 0 0 0 0 0 0
  0 0 0 0 0 0 1 0 0 0 1 0 0 0 0 0 0 0 0 1 0 0 0 0 0 0 0 0 0 0 0 1 0 0 0 0
  0 0 0 0 1 0 0 0 0 0 1 0 0 0 0 0 0 0 1 0 0 0 0 0 0 0 0 0 0 0 0 0 0 1 0 0
  0 1 0 0 0 0 0 0 0 0 0 0 0 0 0 1 1 0 0 0 0 0 0 0 1 0 0 0 0 1 0 0 1 0 0 0
  0 1 0 0 0 0 0 0 0 0 0 0 0 0 0 0 0]
 [0 0 0 0 1 0 0 0 0 0 0 0 0 0 0 0 1 1 0 1 0 0 0 0 0 0 0 0 0 0 0 0 0 0 0 0
  1 0 1 0 0 1 0 0 0 0 0 0 0 1 0 1 0 0 0 0 0 0 0 1 0 1 0 0 0 0 0 0 0 0 0 0
  0 0 0 0 0 0 0 0 1 0 0 0 0 0 0 1 0 0 0 0 0 0 0 0 0 0 1 0 0 0 0 0 0 0 0 0
  0 0 1 0 0 0 0 0 0 0 0 0 1 0 0 0 0 0 0 0 1 0 1 0 0 0 0 1 0 0 0 0 0 0 1 0
  0 0 1 0 0 0 0 0 0 0 0 0 0 0 0 0 0]
 [0 0 1 1 0 1 0 0 0 0 0 1 0 0 0 0 0 0 0 0 0 0 0 0 0 1 0 0 0 0 0 0 1 1 0 0
  0 0 0 0 0 0 0 0 1 0 0 1 1 0 1 0 0 0 1 0 0 0 0 0 0 0 0 0 0 0 1 0 1 1 0 0
  0 0 0 0 0 0 0 0 0 0 0 0 1 1 0 0 1 0 0 1 0 0 1 0 0 0 0 0 0 0 0 0 0 0 0 1
  0 0 0 0 0 0 0 1 1 0 0 0 0 1 0 0 0 0 0 0 0 0 0 0 0 1 0 0 1 0 0 0 0 0 0 0
  0 0 0 0 0 0 0 0 0 0 0 0 0 0 0 0 1]
 [0 0 0 0 0 0 0 0 1 1 0 0 0 0 0 0 0 0 0 0 1 0 0 0 0 0 0 0 0 0 0 0 0 0 0 0
  0 0 0 0 0 0 0 0 0 1 0 0 0 0 0 0 0 0 0 0 0 0 0 0 0 0 0 1 0 0 0 0 0 0 0 0
  0 0 0 0 0 0 0 0 0 0 0 0 0 0 1 0 0 0 0 0 1 1 0 1 0 0 0 0 0 0 0 0 0 0 0 0
  0 0 0 0 0 0 0 0 0 0 0 1 0 0 1 0 0 0 0 0 0 1 0 0 0 0 0 0 0 0 1 0 0 0 0 0
  0 0 0 0 1 1 0 1 0 0 0 0 0 0 0 0 0]
 [0 1 0 0 0 0 0 0 0 0 0 0 0 0 0 1 0 0 0 0 0 0 0 0 0 0 1 1 0 0 1 1 0 0 1 1
  0 0 0 0 0 0 0 1 0 0 0 0 0 0 0 0 0 0 0 0 0 0 0 0 1 0 0 0 0 0 0 0 0 0 1 0
  0 0 0 0 0 0 0 1 0 0 0 0 0 0 0 0 0 0 0 0 0 0 0 0 1 0 0 0 0 1 1 1 0 0 0 0
  1 0 0 1 0 1 0 0 0 0 0 0 0 0 0 0 0 0 1 0 0 0 0 0 0 0 0 0 0 0 0 0 0 0 0 0
  1 0 0 0 0 0 0 0 1 1 0 0 1 0 1 1 0]
 [0 0 0 0 0 0 0 0 0 0 0 0 0 0 1 0 0 0 0 0 0 0 0 0 0 0 0 0 0 0 0 0 0 0 0 0
  0 0 0 0 1 0 0 0 0 0 0 0 0 0 0 0 0 1 0 0 0 1 1 0 0 0 1 0 0 0 0 0 0 0 0 0
  1 0 1 0 0 0 1 0 0 1 0 0 0 0 0 0 0 1 0 0 0 0 0 0 0 0 0 0 0 0 0 0 0 0 0 0
  0 0 0 0 1 0 1 0 0 1 0 0 0 0 0 0 0 0 0 1 0 0 0 0 0 0 0 0 0 0 0 0 0 0 0 0
  0 0 0 0 0 0 0 0 0 0 0 0 0 0 0 0 0]]
