params：
 weight-->(1, 10)
 proc_times-->(1, 100)
 setup_times-->(60, 120)
 delivery_times-->(1, 30)
 job_rate-->16

start:
alpha_1
16
 alpha_2
2.0
 mach
10
 job
160
 fam
8
 weigh
 [[0 9 4 6 2 2 1 6 5 3 4 9 9 4 5 9 8 7 5 5 7 2 8 3 6 3 3 8 4 1 9 9 6 5 3 8
  9 7 1 5 1 2 1 5 5 6 8 3 6 3 8 9 7 2 3 5 3 9 1 8 5 6 4 7 8 4 1 6 3 2 7 4
  2 1 3 3 5 6 3 1 7 1 8 3 1 3 6 3 1 6 4 9 5 9 4 8 6 6 9 7 4 1 7 4 1 4 5 3
  8 3 8 6 6 6 4 5 2 4 6 3 8 8 5 2 8 1 9 7 7 9 6 9 9 6 9 1 1 5 8 5 3 8 2 2
  4 2 3 1 2 1 2 8 7 2 9 1 8 6 6 6 3]]
 proc_times
 [[  0  91  12  72  93  72  69  92  75  51  77  69  98  21   2  48  33   3
   44  71   4  66  39  60  81  35  42  76   9  38  74  13  36  78   4  51
   41  81  41  39   7 100  56   2  19  48  62  88  47  40  67  86  77  35
   44  65  28  38  34  91  96  46  70  69  66  90  79  61  53  31  71  17
    2  98   2  47  77  35  52   8   5  94  64  43  59   8  52  41  36   7
   82  93  17  28  44  67  91  11   2   4  61  15  81  45  45  32  54  99
   63  81  85  14   7  28  39  35  86   5  38  23  38   7   1  63  67  28
   30  27  11  61  72  75  80  22  55  11  48  84  67  87  60  87  46  26
   38  65  22   1  86  41  92  93  84  85  38  11  49  37  53  31  43]
 [  0  32   7  38  37  71  62  80   8  72  49  95  37   8  45  75  22  47
   26  56  15  67  65  56  29  85  25  23   9  26  12   7  20  35  49  77
   94  97   9  60  60  83  97  96  47  84  81  90  62  84   9  65  33   8
    3  71  35   7   5  48  91   7  63  44  76  95  91  42  65  42  97  49
   82  35  76  34  91  92 100  89  41  52  68  52  60  95  26  21  32   8
   69  70  76  93  70  62  26  60  69  35   7  42  17  83  78  48  52  74
   81   6  44  24  56  18  15  75  46  51  13  37   1  39  60  27  99  38
  100  81  81  97   4  65  51  91  67  72  44  77  10  11  63  24  34  38
    1   1  84  47  69  40  78  35  23  23  81  65  29   5  13  61  92]
 [  0  57  83  10  53  64  35  72  10  60  11  59  10  92  93  85  91  91
   36  19  63  91  38  65  28  39  38  81  90  57  97  72  98  97  68  15
   33  39  49  17   9  59  31  94  79  62  41   3  14 100  68  78  32  50
   96  19  58  34  30  60  28  80  83  27  25  21  65  97  31  28  14  54
   25  91  68  27  27  70  56  95  35  31  64  54  52  86  88  27  72  21
   66  59  61  33  65  94  32  13  15  42  79  21  17  59   9  81  21  44
   41  62  45  12  50  30  61  46  10   9  40  48  75  76  22  59  31  71
    7  89  38  64  53   2  58  65  12  28  68  72  26  52  46  77  62  84
   19  76  30  25  65  83  60  81   2  98  60  35  31   1  24  20  93]
 [  0  85  30   3  52  31  77  83   3  45  98  88  53  79  11  84  11  95
   43  46  59  54  61  88  81  84  69  15  31  49  32  12  60  28  18  41
   45  80   6   6  74  30   2  58   6  76  65  83  83  62  88   9  70  10
   18  61  93  75  35  92  39  90  16  93  99   3   6  47  58  60  98  46
   17  60  25  57  63  54  64  96  71  89  51  86  93  60  13  27  73  80
   77  37  45  36  99  69  72  48  41  72   4  44 100  81  14  12  55  78
   99  52  73  82  91  68  88   7  92  56  91  22  72  18  97  25  81  63
   25   4  13  82   9  66 100  78  32  52  36  59  90  25  59  11  29  76
   28  73  48  26  78  42  13  64  87  70  57   3  18  73  70  60  91]
 [  0  29   6  16  23  18  50  18  87  71  78  76   6  93  49  14  28  85
   59  27  19  27  29  11  72  62  58  82  59  17  40   3   3  69  10  53
   60  49  26  98  61  15  81  90  87  71  49  65  41  27  79  27  55  47
   61  20  76  52   9  74  69  29  93  49  17  17  55  80   6  48  75  36
   17  18  81  43  68  16  55  22  25   9  54   7  78  32  17  86  85  33
   17  57  20  60  49   8  64   8  92  53  32  93  87  88  72  25   6  99
   38  93  62  57   6  98   5  59  90  12  99  68  36  82   5  32  76  42
    9   9  88  67  78  67  84  67  76  17  78  97  36  19  85  11  97   9
   63  99  70  88  17  21  85  72  67   6  25  83  87  11  83  65   2]
 [  0  87   8  19  76  24  73  13  47  28  16  38  37  58  19  24  61  24
   62  88  28  69 100  22   5  92  78   6  64  99  95  40  31  15  56  67
   18  95  41  39  82  35  43  72  10  65  65  39  23  84  61  50  79  83
   65  92  13  72  74  25  31  23  47   8  22  96  92  55  48  49  59  26
   19  48  15  93  15  84  87  79   1  71  58  12   8  88  74   6  51  98
   48  37  78  13  74  28   4  49  64  76  26  61  32  38  93  78  13  87
   37  44  55  86  23  81  43  98  90  49   3  79  41  30  51  77  53  97
   42  75  10  21  76  26  30  16  98  35  35  52  95  44   7 100  71   6
   63  95  55   2  85  89  66  23   7  49  56 100  77  63  22  96  56]
 [  0  75  89  20  33  62  42   8  51  76  37  16  86  55  78  87  35  11
    3  79  16  17  86  24  78  68  45  76  36  16  99  74  12  88  18  69
   13  29   3  93  22  67  70  15  73  13  29  14   7  93  96  40  19  45
    7  77  18  95  25  28  60  79   4  30  97   6  80  84  96  46  11  41
   40  35   2  84  84  32  70  10  71  39  90  15  77   8  96  17  23  37
   21  32  26  87  34  22  77   1  67  57  62  61  51  67  76  24  60  78
   25  52   3  43  29  61  98  86  72  27  99   1   8  32  81  88  52  94
   54  40  47  25  11  61  88  44  42  26  54  20  44   7  82  97  71  97
   53  14  84  48  72  44   1  14  70  84  78  62  69  52  12  18  98]
 [  0  51  51  65  49  52  39  15  88  96  25  77  56   5  22  41  54  83
   67  56  27  97  20  17  71  83  63  39  90  41  23  11  99  49  37  74
   92  45  47   4  91  84  78  82  27  92  85  65  52  59  95  68   5  85
   61  91  82  33  43   7  58  18  14  97  24  70  82  93  72  24  42  43
   97  13  15  74 100  30  13  77  26  53  13  32  68  17  79  31  93  53
   91   1  64  48   8   1  39  29  53  35  89  75  25  25  86  73  32  30
   64   3  65  76  33   5   4  63   2 100  37  55  15  37  77  17  89  46
   28  80  65  72  24  67  92  33  64  55  77  97  94  83  84   4  16  29
   70  43  60  96  52  55  54  70   5  25  26   8  94  22  31  67  63]
 [  0  14  60  64  63  64  48  55  61  31  77  76  27  37  54  98  81  59
   44 100  25  84  76  24  23  16  97  10  86  21  34  27  19  63  30  48
   35  25  56  60  98  68  57  54  47  79  42   7  50 100  72  74  32  24
   80  41  71  52  41  52  95  96  78  99  19  80   1  67  60  60  94  47
   62   6  53   1  66  93  68  69  84  89  75   4  55  20   9  22  73  10
   73 100  40  34  15  97  77  86  23  52  62  62   7  78  67  98  77  98
   20  52  42  17  96  45  83  93  57  33 100  40  17  55  60  49  17  78
   36  97  23  22  17  39  81  66  81  44   3  62  79  49  94  81   8  75
   99  74   9  41  40  15  92  78  26  45  73  57  63  71  40  54   6]
 [  0  61  85  87   3  38  21  98  44  11  67  44  22  84  91   1  45  41
   93  84  46  76  94  31  21  16  53  92  65  59   7  90  12  95   8  77
   15  36  55  59  43  73   5  38  93  95  15  19  36  76  36  59  29  92
   12  56  65  42  33  39  86  14  73  12  55  36  82  21  99  79  44  19
   97  44  11 100  66  90  49  62  39  60  52  99  17  84  91   9  19  14
   72  90  85  84  51  38  31   5  56  37  98  56  42  52  90  57  64  87
   54  30  36  14  49  90  21  14  37  58  25  13  40  56  82  34  97  56
   43  70  34  66  95  62  85  85  85  42  78  70  83  34  28  13  29  20
   64  37  80  50  69  39  76  45  97  86 100  25  34  78  99  22   1]]
 setup_times
 [[[  0  96 103 102  69  79  74 110 110]
  [  0   0 105  83  71  67  83 101 105]
  [  0  86   0  68 113  84  72 114  83]
  [  0  92  68   0  89  73  98 103  72]
  [  0  91 113  62   0  83  70  78  83]
  [  0  82  75 111 109   0  68  98  63]
  [  0  73 101 109  99 100   0  97 119]
  [  0  93  76  88  67  94  68   0  96]
  [  0 117 106  63  97  96  82 118   0]]

 [[  0  70  82  64  75  72  79 102  73]
  [  0   0 114 105  69 103  88  96  69]
  [  0  60   0  90  75  93  68  65 102]
  [  0  65  64   0 106  76 106 103 115]
  [  0  81 104  83   0  80  66  84  80]
  [  0  72  80  69  66   0  96  73  97]
  [  0  84  77 108  71  78   0  94 102]
  [  0  85  99  98 117  66 113   0  85]
  [  0 111  67  63 108  80  86  64   0]]

 [[  0  75 115  60  93  70  98  83  77]
  [  0   0  99  94  86  70  63 119 102]
  [  0 105   0  60  85  83  84  76  84]
  [  0  96  78   0 107 111  72  75  95]
  [  0  84  92 113   0  90  66  71  83]
  [  0 119  79  91  80   0 116 118  77]
  [  0  90  91  61 100  88   0  66  97]
  [  0 109  62  84  83  94 100   0 105]
  [  0 115  69  90  82  76 102  95   0]]

 [[  0  96  69  66  97  79  80  66  95]
  [  0   0  62  72 105  67 118 104 117]
  [  0  61   0  64  88  93 113  68  88]
  [  0  74 102   0  64 108  90 117  80]
  [  0  75  66 106   0 112 114  67  65]
  [  0 114  68  90  92   0  75  84 104]
  [  0 110  86 112  62 110   0  70  79]
  [  0  88  83  63  82 108 108   0 108]
  [  0 107 118 109 104  72  97  64   0]]

 [[  0  97  66  81 102  71  72 116  91]
  [  0   0  60  93  73  66  64 117  80]
  [  0  78   0 102  98  72 116 105 100]
  [  0  77  84   0  80  66 105  68  75]
  [  0  67  86  84   0 110 111  90  83]
  [  0  82  75 114  62   0  63  63  63]
  [  0  98  76  88 102  75   0  83 111]
  [  0  80  89  93  99  83  97   0  83]
  [  0 117  74 100  79  69  64  91   0]]

 [[  0  61  97 117  95  69  95 109  84]
  [  0   0  68 117  95 110 104 111  98]
  [  0  62   0 106 108  64 112 103  61]
  [  0  73  76   0  82  81 102 115 115]
  [  0  96  69 107   0 111  80 104  72]
  [  0  66  98  63 109   0  94 114  81]
  [  0  94  91  94  91 119   0  72  64]
  [  0 103 114  98 103  94 117   0  64]
  [  0  76 119  67  96 105  61  62   0]]

 [[  0  76  83  66  76  70 108  66 104]
  [  0   0  83  69  68  90  64  96 118]
  [  0  90   0 113  92  76  89  96  81]
  [  0  83  61   0  96 100  68  90 117]
  [  0 105 116  77   0  80  99  96  83]
  [  0  63  81  84  72   0 109  85 108]
  [  0  87  62  62 118  85   0  63  76]
  [  0  89 117  75 112  63  87   0  93]
  [  0  92 101  86  88 115 112 118   0]]

 [[  0 118 108  66  87  66  70  73  79]
  [  0   0  76 101  69 113  62 112  92]
  [  0  60   0  74  61 109  67 117 106]
  [  0  94  92   0 109  96 109  74 113]
  [  0  72 108  86   0 116  78  88  87]
  [  0 113  85  77  77   0  63 119  99]
  [  0  83 104 101 110 113   0  79  78]
  [  0  95 117 111  62 109  72   0  68]
  [  0  68  74 119  90  70  84  92   0]]

 [[  0  68  92  81 103 100  70  98  69]
  [  0   0  74  96  83  62 106  90  70]
  [  0  97   0  78 113  79 117  87  68]
  [  0  65  66   0  67  71  80  84  91]
  [  0  94 106  60   0  91  72 101 113]
  [  0 118  87 102  61   0  94  86  60]
  [  0  85  61  83 101 103   0  65  70]
  [  0 118  75 102  78 110  87   0 117]
  [  0  90 117  96  80  78  71  97   0]]

 [[  0 118  93  73  89 106 119 107  63]
  [  0   0  71 100  94  62  85 118  87]
  [  0  84   0  93  71  91 118  72 112]
  [  0 119  86   0 115  93  87  74  94]
  [  0  67  72  76   0  61  64  74  82]
  [  0 115 108  99  84   0  84  94 102]
  [  0 111  74 104  74  93   0 108  68]
  [  0 101  64 116 109  77 101   0  96]
  [  0  74  87  93 105 100  62  97   0]]]
 delivery_times
 [[ 0  9  7  5  8 26 13 25  4 28 23 19 16 13 24  1  3 29 13 26 27 23 24  5
   5  7 26 15  8  1 27  7  3  4 10  5 22  9  1 14 28 26  4 25 18 13  1 13
  25 27 13 16  8  7 11 16  9 13 22 24  8  5 17  2  4  7 24 19 19 22 16 29
  19 24 13 22 15  6 11 21 23  2 12 20 28 12  3 27 10  9  3 16 26 23 18  3
  23 10 14 17  1  3 25 27 27  5 10 20 28  8 10 18  6 12  8 16  7 25 29  4
  26 26 25  5  8  2 15 29 23 26  5 10 24  4  4 24  7 15 12  4 24 29 26 23
  27  8 19 18 14 28  3 18 26 28 19  4  6 27  7  7 26]
 [ 0 14 29 21  5 19 20  6  7 27  4 24 19 24  3 14 25  9 28 23 14 10 26 21
   6 26 16 28 24 27 17  7  3 19 24  7  9 21 14 27  4 13  4  4 26 22 28 22
  13  7 27 14 27 24 14 22 24  4 18  3 25  2  4 11 29 28 16 10 23 11  2 25
  23 10 22 10 12 22 22 17 28  9 16 23 28  9 17 10 14 21 14  7 21  6  5 23
   4 23 27 20 19 21 21  4  6  9  5 17 29  3  5 29 27 25  7 17  5 18 27 12
   9 24 23 12  9 27  4 29 26 20  7  9 24  4 13 11 12 24 29  1 13 18  9 17
  21 10 21 16 26 20  3 29 22 11 23  3 28  1 25 17 27]
 [ 0 23 16 13 19 23  1 13  9  1  8 10 14  7 28  2  7 29 26  3 18 22  4 17
   2  7 26 16  5  3  8 16  1 13  1 15 27 16  3 26  9  1  2  2 14  4  7 28
   8 19  5 23  7 17 24 25  8 12 27  7  4  6 10 21 24 21  4 29 19 16 12  2
  10 24 24 13  8 16  9 18  2  1 16  5 15  5 20  2 26 12 20  2 15 22 27  4
   5 28 11  1 18 21 20  8  7  7  2 22 13  8 25 23  5  1  4 23  9  8 25 24
  19  9  9 24 28 28  3  8 21 19  1  9 23 26 13 16  1 20  2 28 27 24  6 13
  10  3 14  8 14 29 17 22 16 15 20 27  1 21 14  8  5]
 [ 0 18 16 22 11  1  2 24  1 25 20 22  5 28 16  4 27 22 16  3 29 17  7 17
  21 11 12 19  3 19 29 23  9 19 17  2 20 23 19 11  9  5 19 17 10  6 25 16
  11 21 12 23  4 26  7  1 18 19  4 24 19  2  1 29 12 11 25 23 21 16 18 20
  27 18  6 14  8 29 21 13 18 13 10 10  3 21  7 26 18  7 28  6 26  9 23 21
  22 19 24 10  6 19  5  7 16 12  1 10 13 22  3 16 17  4 16 15  5  1 26 18
   5 29 11 22 20 17  4 11 10 12  9 15 21  6  3  8 25 17  1  4 17 21 19 12
  21  7 27 23  6 11  7  6 11  3  1 21  2 26 22  8  7]
 [ 0  1 17 26  6  3 18 21 10 21 19 22 13 15 15 24 17 24 27 13 18  2  9 22
   3  3 26  1 18 19  8  9  1  4  6 12 24 29  7 23 11  6  7 22  4 29 14 29
  17 15 22 25 12 22 12  4 21 26 18 11 16 11 13 29  8 28  9  8 20 20 12  4
   4 24 20 26 19  5 14 25 25  6 14 22 12 17  2 13 21  3 20  9  8 28 24  1
   8  2 22  5 29 13 10  8 15  6  2  3 26  3 23 11  6  4  4 16 16  7 27  2
   9  6  1 10  3  9  3 14 29  4 14 19 15 28 15 23  4  2  6  2 15 28 19 25
  18 26 23  2  7  9 29 22 28  4 22 17  1  5 24 19  6]
 [ 0 22 23  8  2 23 11  1  1 29  2 12 18 16 15  2 15 22 29 23 11  2 23 23
  14  7 28  4 14 23 10 28 23 15 12  8 17  5 27  3 17  9  4 23 20  8 19 29
  10 17 27  5 17 22 14 15 16 13  3 26 18 22 28  4  3  6  3  6 13 23 14 24
  15  4 27  7 16 17 29 12  5 21 29  5  9 11 26  3 21 19 15  2 16 29 18 13
  19 10 20 10 27 26 23  4  7  3 18 19 16 13 28 20 16 25 15 10 20 25  9  6
  23  1 18 12 18 14 24 25 15 24 26 24 18  2 22 28 11 24 26  5  9  3 29 10
  28  8 23 15 20 15 26 18 26 20 21 10 24  9 16 22 12]
 [ 0 12 29 17 29  1 25 17 10  5 25 26 26 27 19 11 10  9 25 14 29 20 15  9
   9 17 29 22 28 25 29 14 20 10 13 23 14  6  4 18 25 25  5 21  1  5  2  4
  15 14 22 23 27 23 20 11 23 21 17 17 19 13 18 19 10 24 10 23 22 10  1 16
  11 21  6 15  3 27 29 16 21 29 28 26 16 15 14 20 28 26 26 16 16  4 17 26
  15 10 15 22 24 26 25 11 11  2 29  7  2 16  1 16 15  7 23 19 20 28 23  1
  24 20 27 25 21 27 14  9  5 25  7 15  8 22 18 11 17 10 25  1 18 20 28  6
  12 13  1 16 25 29  5 20 29 12 27 26 25  1 10  6  7]
 [ 0 27 27 22 20 14 13 24  4  9  3 18 22 25 18  6 29 27 11  8 13 15 26  5
   5 22 17  5 27 21 14 21 24  8 16  8 28 29  8  5  5 16  1 17 18 19  7  8
  21 17 12 26 24  4 11  6 23  3 12  6 29 11  4 26 20  8 13  6 20 20  4 12
  18 28 19 28 14  9  6 23 14  6  5 22 15  8 20 22 11 12 29  6 11 11 15  7
  11 29 26 13 26 23 21  7 24  2 24  3 19 26 21 28  7 15 14 20  2  7 17  8
  13 16 17 26  9 26 11 19 28 21 18 24  2  6 18  8  2 12 18 13  3 15 17 29
  24 11 13 17 15 12 13 10  5 28 10 18 15  2  8 14  9]
 [ 0 17 19 13 26  9 16 13  6 11  3 23  1 29  8 12 16  7 20  9 15  1 15  2
  25 22 27 27  4  3  1 13 22 19 27  3 12 21 10  4 27 24  9  3 14 15  1  4
  16 18  5 28  2 13  1  3  6 17 24  8  2 20 24 23 13 17 12  9 19 12 18 22
  12  7  5 24 26 19 20  9 24 20 13 22 10 23  4 16 26  5 16 20  2  1 29  7
  16 27 21 21 15 25 25  9 16 14 10  2 24  7  8  8 28 13 23 23 13 14 28  5
  23 15  4 10  8 16 26 15 19 10 17 14 16  5 17 15 25 26 23  8  5 26 18 10
  28  4 13  8 10 20 14 14 25 29  1 16 25 21  7 28  3]
 [ 0 25  5  8 26 17 25  1  7 17 11  9 12  4 25  4 19 26 27 11 26 28 10 24
  24 27 16 28 13 23  3 18 24  8  6 28 22  1  7 29 19 16 19 27 16  3 28 10
   7 11  4 14 25  7  3  7 13 21 27 12 27  2 10 21 10 13 19 21  1 10 29 14
  28 23 24 17 13 26 10 18  6  6  9 15 14 15  1  7 21 18 14 27  1 25 22  3
  20  3 15 24 28  1  6 18  2 29 10 14 16  4 21  7  5 10  9 23  4 11 19 26
  11 26 29 28 26  1  9  2 28 22 15  8 16 23 10  5 29 24 13 11 16 27 18 13
  11 28  8 29 23 16 27 26  4  4  9  1  3 23 14  2 27]]
 job2fam
 [[1 0 0 0 0 0 0 0 0 0 0 0 0 0 0 0 0 0 0 0 0 0 0 0 0 0 0 0 0 0 0 0 0 0 0 0
  0 0 0 0 0 0 0 0 0 0 0 0 0 0 0 0 0 0 0 0 0 0 0 0 0 0 0 0 0 0 0 0 0 0 0 0
  0 0 0 0 0 0 0 0 0 0 0 0 0 0 0 0 0 0 0 0 0 0 0 0 0 0 0 0 0 0 0 0 0 0 0 0
  0 0 0 0 0 0 0 0 0 0 0 0 0 0 0 0 0 0 0 0 0 0 0 0 0 0 0 0 0 0 0 0 0 0 0 0
  0 0 0 0 0 0 0 0 0 0 0 0 0 0 0 0 0]
 [0 0 0 0 0 0 0 0 0 0 0 0 0 1 0 0 0 0 0 0 0 1 0 1 0 0 0 0 0 1 0 0 0 0 0 0
  0 1 0 1 0 0 0 0 0 0 0 0 0 0 0 0 0 0 0 0 0 0 0 0 0 0 0 0 0 0 0 0 0 0 0 0
  0 0 0 1 0 1 0 0 0 0 0 1 0 0 0 0 0 0 0 0 0 0 0 0 0 0 0 1 1 0 0 0 0 0 1 0
  0 0 0 0 0 0 0 0 0 0 0 0 0 0 0 0 0 0 0 0 0 0 0 1 0 0 0 0 0 0 0 0 0 0 0 0
  0 0 0 0 0 0 1 0 0 0 0 1 0 1 0 0 0]
 [0 0 0 0 0 0 0 0 0 0 1 0 1 0 0 0 0 0 0 0 0 0 1 0 0 0 0 0 1 0 0 0 0 0 0 0
  0 0 0 0 0 0 0 0 0 0 0 0 0 0 0 0 1 0 0 0 1 0 0 0 0 0 0 0 1 1 0 0 0 0 0 1
  0 1 0 0 0 0 0 0 0 0 0 0 0 0 0 0 0 0 0 0 0 0 0 0 0 1 0 0 0 0 0 0 1 0 0 0
  0 0 0 0 0 0 0 0 0 0 1 0 0 0 0 0 0 1 0 0 0 0 0 0 0 0 1 0 0 0 0 1 0 1 0 1
  0 0 0 1 0 0 0 0 0 0 1 0 0 0 0 0 0]
 [0 0 0 0 0 0 1 1 0 0 0 0 0 0 0 0 0 0 1 0 0 0 0 0 1 0 0 0 0 0 0 0 0 0 0 0
  0 0 0 0 0 0 1 0 0 0 1 0 0 0 0 0 0 0 0 1 0 0 0 0 0 0 0 0 0 0 0 1 0 0 0 0
  0 0 0 0 1 0 0 0 0 0 1 0 0 0 0 0 0 0 1 0 0 0 0 0 0 0 0 0 0 0 0 0 0 1 0 0
  0 1 0 0 0 0 0 0 0 0 0 0 0 0 0 1 1 0 0 0 0 0 0 0 1 0 0 0 0 1 0 0 1 0 0 0
  0 1 0 0 0 0 0 0 0 0 0 0 0 0 0 0 0]
 [0 0 0 0 1 0 0 0 0 0 0 0 0 0 0 0 1 1 0 1 0 0 0 0 0 0 0 0 0 0 0 0 0 0 0 0
  1 0 1 0 0 1 0 0 0 0 0 0 0 1 0 1 0 0 0 0 0 0 0 1 0 1 0 0 0 0 0 0 0 0 0 0
  0 0 0 0 0 0 0 0 1 0 0 0 0 0 0 1 0 0 0 0 0 0 0 0 0 0 1 0 0 0 0 0 0 0 0 0
  0 0 1 0 0 0 0 0 0 0 0 0 1 0 0 0 0 0 0 0 1 0 1 0 0 0 0 1 0 0 0 0 0 0 1 0
  0 0 1 0 0 0 0 0 0 0 0 0 0 0 0 0 0]
 [0 0 1 1 0 1 0 0 0 0 0 1 0 0 0 0 0 0 0 0 0 0 0 0 0 1 0 0 0 0 0 0 1 1 0 0
  0 0 0 0 0 0 0 0 1 0 0 1 1 0 1 0 0 0 1 0 0 0 0 0 0 0 0 0 0 0 1 0 1 1 0 0
  0 0 0 0 0 0 0 0 0 0 0 0 1 1 0 0 1 0 0 1 0 0 1 0 0 0 0 0 0 0 0 0 0 0 0 1
  0 0 0 0 0 0 0 1 1 0 0 0 0 1 0 0 0 0 0 0 0 0 0 0 0 1 0 0 1 0 0 0 0 0 0 0
  0 0 0 0 0 0 0 0 0 0 0 0 0 0 0 0 1]
 [0 0 0 0 0 0 0 0 1 1 0 0 0 0 0 0 0 0 0 0 1 0 0 0 0 0 0 0 0 0 0 0 0 0 0 0
  0 0 0 0 0 0 0 0 0 1 0 0 0 0 0 0 0 0 0 0 0 0 0 0 0 0 0 1 0 0 0 0 0 0 0 0
  0 0 0 0 0 0 0 0 0 0 0 0 0 0 1 0 0 0 0 0 1 1 0 1 0 0 0 0 0 0 0 0 0 0 0 0
  0 0 0 0 0 0 0 0 0 0 0 1 0 0 1 0 0 0 0 0 0 1 0 0 0 0 0 0 0 0 1 0 0 0 0 0
  0 0 0 0 1 1 0 1 0 0 0 0 0 0 0 0 0]
 [0 1 0 0 0 0 0 0 0 0 0 0 0 0 0 1 0 0 0 0 0 0 0 0 0 0 1 1 0 0 1 1 0 0 1 1
  0 0 0 0 0 0 0 1 0 0 0 0 0 0 0 0 0 0 0 0 0 0 0 0 1 0 0 0 0 0 0 0 0 0 1 0
  0 0 0 0 0 0 0 1 0 0 0 0 0 0 0 0 0 0 0 0 0 0 0 0 1 0 0 0 0 1 1 1 0 0 0 0
  1 0 0 1 0 1 0 0 0 0 0 0 0 0 0 0 0 0 1 0 0 0 0 0 0 0 0 0 0 0 0 0 0 0 0 0
  1 0 0 0 0 0 0 0 1 1 0 0 1 0 1 1 0]
 [0 0 0 0 0 0 0 0 0 0 0 0 0 0 1 0 0 0 0 0 0 0 0 0 0 0 0 0 0 0 0 0 0 0 0 0
  0 0 0 0 1 0 0 0 0 0 0 0 0 0 0 0 0 1 0 0 0 1 1 0 0 0 1 0 0 0 0 0 0 0 0 0
  1 0 1 0 0 0 1 0 0 1 0 0 0 0 0 0 0 1 0 0 0 0 0 0 0 0 0 0 0 0 0 0 0 0 0 0
  0 0 0 0 1 0 1 0 0 1 0 0 0 0 0 0 0 0 0 1 0 0 0 0 0 0 0 0 0 0 0 0 0 0 0 0
  0 0 0 0 0 0 0 0 0 0 0 0 0 0 0 0 0]]
