params：
 weight-->(1, 10)
 proc_times-->(1, 100)
 setup_times-->(60, 120)
 delivery_times-->(1, 100)
 job_rate-->16

start:
alpha_1
16
 alpha_2
2.0
 mach
10
 job
160
 fam
8
 weigh
 [[0 2 2 7 8 8 2 8 5 1 3 1 3 7 5 6 1 1 7 4 7 9 8 9 1 7 6 5 6 1 5 2 7 9 7 7
  2 8 5 7 1 3 4 7 7 7 9 7 5 3 7 8 8 3 3 7 2 1 2 4 9 2 4 5 2 5 3 1 4 7 6 4
  8 7 7 3 5 8 6 2 4 9 4 3 9 4 2 9 7 9 8 2 4 3 6 3 8 5 4 2 9 4 5 9 2 6 6 2
  5 9 6 2 9 5 3 3 8 7 6 4 8 6 8 8 5 2 3 5 5 6 2 4 6 4 5 2 2 6 5 1 9 5 3 7
  2 1 6 8 7 4 6 5 9 1 3 9 9 6 3 5 1]]
 proc_times
 [[  0  24  19  63  60   7  20  18  99  51  94  84  48  22   3  97  55  62
   58  37  37  21  58  42  75  85   7  67  17  11  97  57  55  69  24  20
   61  16  46  82  50  22  55  17  60  37  27  94  80  73  57  83  24  91
   14  81  56  99  55  49  97  29  31  66  72  42  54  85  70  87  85  89
   60  60  77  97  85  94  94  89  61  38  25  86  41   5  96   8   7  68
   67  97  36  22  47  80  74  18  46  46  34  58  91  11  88  33  73  65
   45  66  90  93  79  53  19  24  55  93  98  76  97  83  12  26  72  96
   21  70  16  97  71   5  76  81  21  77  22   2  83  41  55  29  65  32
   60  95  70  82  41  81  50  42  88  88  85  41  16  27  65  92  69]
 [  0  40   2  48  33  49  73  51  49  97  23  86  20  56  34  73  17  27
   50  98  97   6  24  24  76  90  28  42  69  82 100  38  95  67  84  16
   74  64  90  25   3  77  10  76  33  80  49   9  59  98   6  10  49  71
   34 100  42  83  42  97  93  71  16  44  53  62   8  52  14  60  88  78
   19  14   9  79   3  75  68  32  33  84 100   3  73  93  20  78  44  81
   22  89  79  51  42  10   2  34  36  52  77  70  25  96  60  79  92   9
   73  70  28  63  57  82  73  78  28  91  96  55  49  68  53  15 100  99
   66  89  31   6  97  39  88  97  37  69  20 100  84  41  41  71  25  92
   57  62  75  75  77  93  60  61  90  59  23  19  99  76  99  75  60]
 [  0  12  26  54  16   7  45  74  54  39  17  28  19  56  51  14  75  17
   19  69  36  90  13  34  79   6  19  19  70  82  80  70  23  66  57  36
   58  90   2  45  60   1  70  49  40  44  98  78  37  12   2  11  80  31
   59  40  75  87  18  58  42  56  32  65  12   1   9  25   2  12   8  56
   47  67  35  96  13  11  15  81   1   1  48  44  94  10  33  14  31  29
   23   7  13  88  75  97  36  56  31  43  36  40  90  39  59  16  36   7
   40  88  97  15  56  33  73  48  10  28  38  59  85  96  59  21  27  90
   46  61  85  47  93  86  42  49  38  25  28  27  17  66  15  41  85  49
   77  72  61  69  95   9  66   4  68  52  70  66  74  51  29  29  88]
 [  0   4   1  20  11  20  42  29  75  52   8  27  26  54  63  67  62  20
   38  35  96  51  75  71  45  40  23  59  93  73  14  29  66  18  73  33
   88  94  77  28  52  58  67  93  23  50  76  87  40  19  40  99  76  20
   76  85  25  72  88  69  69   1  88  40  36  75  84  55  17  26  25  66
   57  30   5  54   2  53  16  84  31  50  76  20  98  35  91  36  89  54
   65  27  68  30  89  80  99  42  44  69  98  25  47  81  25  75  43  38
   79  58  27  36  70  90   1  68  33  39  51  32  29  92  32  79  99  74
   63  18  99   5  81  84  85  25  75  77  42  48   4  99  58  50  67  68
   62  88  78  43  24  53  76  41  93  82  64  82  18  10  78  39  76]
 [  0  20  54  68   8  55  51  14  63  37  45  98  60  47  94  36  73  42
   62  50  78  16  71  38  72  19  82  91  37  23  30  12  95  17  94  71
   59  38  52  82  55   7  56  54  43   7  10  28   7   4  82   2  30  74
   57  36  69  21  47  34   2  81  19  29  87  91  46  98  78  54  26  24
   68  67  69  97  96   4  51  32  47  72 100  36  48  22  89  41  43  65
    9  92  63  73  24  73  29   2  31  22  14  20  41  85  74  43  63  78
   91  60  68  79  33  55  13  24  60  32  40  59   2  40  21   8  85   8
   47  94  99  12  18  24  44  64  93   1  57   7  12  57  20  44  69  22
   81  68  24  72  70  32  73  48  98  70   1  17  93  52  87  22  36]
 [  0  61  73  39  26  49  23  70  28  12  58  36  89  46  60  43  25  81
   70  95  35  94  10  92  16  74  40  87  25  91  71  96  54  52  75  14
   13 100  70  25  97  85   9  87  85 100   6  25  73  84  90  54  73  11
   97  37  86  61  35  87  45   8  46  11  17  47  71   7  66  85  18  62
   73  63   8  28  64  35  26  97  68  11   8  12   6  20  42  56  17  25
   93   2  15  44  50  56  41  58  24  43   1  26  33  58  37  90  57   4
   33  16  21  45  82  66  21  87  85  79  18  66  35  88  36  56  50  68
   22  60  71  61   2   4  52  15  79  34  70  10  79  92  79  22  46  85
   52  39  32  57  41  60   9  34  91  36  94  19  46  26  53  97  76]
 [  0  29   4   1  33  58  14  22  35   8  88  28   5  56  60  87  29  34
   75  53  99  32  53  62  16  50   6  83  43  29  89  96   6  28  49  82
   99  52  71  35  12  39   7   1  68  22   1  90  12  86  46  76  98  84
    1  82  15  50  17  94  86  38  68   3  52  80  22  19   2  12  84  66
   95  98  68  45  30  50  28  75  48  12  83  37  80  91  96  78 100  11
   83  43  84  11  17  21  96  63  22  82  20  46  83  31  78  98  91  66
   28  16  69  71  70  36  71  66  28  83  72  20  68  42  10   6  31  93
   43  21  68  98  84  93  42  64  36  39  77  14  33  49   5  31  47  53
   92  64   2  37  55   8  90  34  56   5   4  81  83   9  74  68   7]
 [  0   4  53  72  30  75  26  50  33  79  84  24  81  27  63  73  82  71
   12  43   2  12 100  11  59  79  69  50  45  78  89  41  92  89  43   8
   74  60  34  17  91  41  16  57  10  16  31  74  63  66  42  71  45   4
   17  57  90  62   6  13   4  77  58  91  99  16   6  14  68  62  32  57
   87  27  10  67  98  27  24  24  55  82  60   8 100  16  16  72  83  39
   95  88  40  99  53  83  19  98  94  69  13  16   7   7  88  73  43  11
   16  80  12  33  69  42  96  94  48  20  42  41  20  18  62  40  14  54
   38  92  56  19  49  19  99  64  32   3  92   2  77  11  25  21  63  83
   54  92  58  42  54  53  34  67  76  39  56   6   7  23  65  81  62]
 [  0  26  16  27  80  10  10  35  14  58  36  71  73  80  37  94  34  54
   24  54  60  25  30  46  57  74  79  12  61  26  57  60  56  39  69  78
   14  83  36  80  22  45  86  32  96  55  30   3  95  85  50  88  65  35
   98  82   2  40  10  97  12  13  65  36  59   6  74  21  96  36  35   6
   44   6  55  11  23  60  84  71  26  55  78  65  27  64  13  52  34  37
   86  54  10  11  61  92  17  34  21  87  42  23  40  71   5  26  14  24
   93  45   1  94  90  68  69  51  86  71   2  98  45   3  97   4  27  55
   29  34  55  35  71  37  97  75  41  62  97  52  30  28   6  55  53  63
   67  86  50  36  11  22   7  29  65  79  21  46  75  18  75   7  17]
 [  0  39 100  88  14  34  78   3  96  20  21  61  36  30  77  65  65  90
   92  27  44  29  77  48  80  59   8  55  86  61  63  44  57  65  31  88
   89  33  40   2  76  46  38  85   1   4  99  72  74  99  17   1  89  82
    8 100  78  62  28  89   4  29  71  61  65  61  42   5   7  68  82  73
   61  71  63  50  84  74  28  14   5  92  84   3  92  43  22  35  83  44
   89   9  48  86  39  31  35  42  16  62  63  23  97  46  13  56  77  96
   33  48  13   5  12  92  94  51  23  14  28  83  63   2  18  70  41  98
   89  75  17  51  11  48  68   1  75  71  64  84  37  76  72  26  30  75
   93  44  72  69  54  92  89  33  30  40  49  34  57  86  57  17  55]]
 setup_times
 [[[  0 105  95  72 101  62  65 119  81]
  [  0   0  71 110 119  93  62 106  97]
  [  0  64   0  63  66  83 110 102 116]
  [  0  98 105   0  68  66 106  74  62]
  [  0  89  82 104   0  86  77 101 101]
  [  0  86 109  68  60   0  89 111  73]
  [  0  66  81 112  63  66   0 103 103]
  [  0 108 101  90 119  69  66   0  69]
  [  0  65  85  86  92  73 104  60   0]]

 [[  0 109 113 109  79  81 108 107 103]
  [  0   0  93  72  79  98  99  76  78]
  [  0  68   0  70 109  90  61  96  72]
  [  0  84  86   0 112  98  74  87 115]
  [  0 116 112  77   0  86  68 114 110]
  [  0 103  76 119 106   0 118  62  72]
  [  0  99  74  76 106  87   0  73 109]
  [  0 104  72 116  62 115  82   0  81]
  [  0  68  65  62  98 116  78  95   0]]

 [[  0  78 113 107  79  93  98  94  98]
  [  0   0  67  68  73 107 106 109 104]
  [  0  64   0  87 112  97  94  96 116]
  [  0  60 114   0 104  76  84  94  87]
  [  0  67  64  71   0  62  88  93 101]
  [  0  62  62 111 118   0  83  82 118]
  [  0  95  84  64  90 108   0  62  60]
  [  0 104  62  73 115 113  84   0 106]
  [  0  95  98  70 101  76  72  80   0]]

 [[  0 111  96  65  80  93  92 116 107]
  [  0   0  68  61 111  89 112  96  98]
  [  0  65   0  71  60 101 115  99 103]
  [  0 104  75   0  71  84  69  73  92]
  [  0 109  62  74   0  75  60  89 103]
  [  0 111 104  97  84   0  77 105  85]
  [  0 108 106  83 116  64   0  88  98]
  [  0 119  61 119  78 106  97   0  60]
  [  0  99  68  78  84  71  99  97   0]]

 [[  0  97  89  82  85  91  93  82 119]
  [  0   0 114 100 117 115  90  62 115]
  [  0  73   0 104 104 117  91  98 119]
  [  0  77  84   0 103 114  91 103  81]
  [  0  92  82  99   0  91  90 113 115]
  [  0  96  88 108  97   0  95  65  84]
  [  0  86 100  98  84 101   0 117 113]
  [  0  66  96 108  99  86  72   0  84]
  [  0 111 108  73 110  99  91  95   0]]

 [[  0  72  95 105  96  98  85 103 108]
  [  0   0 115  84  82 108  65  76  89]
  [  0  70   0 119 104  71 105 105  76]
  [  0 113  84   0  80  62  91 105 106]
  [  0  83 103 102   0  64 114 108  86]
  [  0  84  75  69  94   0  68 112  85]
  [  0  77 115  74  85  69   0 102 104]
  [  0  74 116  69  95 100  60   0  81]
  [  0  63  79 104  90  89  93  98   0]]

 [[  0 114  62  67  93 103  60  83  66]
  [  0   0  81 113  70 106  67 110  78]
  [  0  67   0 109 108 109  73 117  71]
  [  0 111 118   0 112 102  67  76 113]
  [  0 111 106 118   0  69  64  92 108]
  [  0  79 105  70  74   0  72 106  98]
  [  0 112  85  94  67 109   0  93  79]
  [  0 114  63 102  85  79  72   0  66]
  [  0  70  72  96 117  70 105 112   0]]

 [[  0  97 118 106  85 115  77  62 111]
  [  0   0 115  61  76 119 118  66 115]
  [  0 111   0  66 113 104  85 118  88]
  [  0  61  67   0  99  92  97  93  78]
  [  0  71  72 112   0 101  70 104  86]
  [  0  60  71  87 109   0  95  62 109]
  [  0  99 115 117  70 118   0  76  63]
  [  0 102  61  98  65  88  85   0 119]
  [  0  76  60 118 119  90  93  76   0]]

 [[  0  71  81 119  75  93 105  60  69]
  [  0   0  70  98  62  88  60  63  87]
  [  0  69   0  67  88  96  67  92  84]
  [  0  62  78   0 112  62  93 102 101]
  [  0  81  80 117   0 104 112 104  85]
  [  0  70 107 100  69   0  85 116 115]
  [  0  90  68  61  89 103   0  80 101]
  [  0 113  88  82  88  86  95   0 107]
  [  0  83 118  65  93 112 101 117   0]]

 [[  0  93  92 111  92  60 114  96  64]
  [  0   0  80 106  66  90  81  87  85]
  [  0  74   0 113  99  60  89  75  99]
  [  0 103 107   0 108  87  61  87  80]
  [  0 104  89  93   0  88 115  60  91]
  [  0  87  96  96  65   0  68  74  61]
  [  0 107 116 117  67  73   0  65  81]
  [  0 115  66  77 118  71 117   0  86]
  [  0 110  71 113  73 117  67  72   0]]]
 delivery_times
 [[ 0 41 60 32 58 57 76 43 18 70 93 67 16 86 42 58 31 86 37 49 57 81 71 36
  18  9 33  1  6 51 62 25 58 17 90 71 72 96 99 39 58 97 53 98  3 50 38 59
  84 38 80 97  9 10 43 20 57 77 84 69 24 84 21 61 49  7 53  9  5 48 78 79
  27 36 25 85 27 19 61 42 25 93 17 67  9 20  8 41 79 63 15  1  6 73 27 22
  86 56 56 54  6 62 17 63 79 31 32 95 75 19 65 15 84 80 53 76 87 77  7 77
  22 33 91 62 65 43 56 76 27 35 64 70 83 78 90 73  9 76 31 15 88 68 33 74
  21 84 91 22 65 40 39 16 10 44 43 84 12 90 39 57 34]
 [ 0 25 99 75 83 24 45 55 80 73 75 16 77 76 67 47 40 64 15 44 95 21 61 17
  49 20 85 36 51 70 97 37 32 33 57 17 92 58 18  4 55 77 60 99 68 52 23 54
  73 29 93 50 83 73 35 67 49 56 71 71 37 99 83 69 32 21 94 32 14 20 49 96
  78 19  7 97 34 45 25 66 93 50 75 10 75 14 26 92 16 13 67 19 30 41 43  8
  45 39 28 71 53 19 59 27 78 69 35 35 42 91 39  6 69 24 68 93 39 17 23 90
  62 22 11 99 28 24 93 82 72 62  1 61 61 88  6 71 73 31 86 48 47 89 74 39
   9 51 40 52 16 47 67 23 69 60 16  7 82 52 84 95 33]
 [ 0 95 60 23 21 39  3 26 81 92 26 38 11 30 23 62 98 19 16 11 15 67 82 54
   9 12 80 74 46  7 19 74 84 23 87 21 70 94 89 58 66  7 20 83 52 48 86 75
   9 59 38 79 31 57 35 99 21 83 64 57 48 87 71 50 58 31 40 53 24  4 85 67
  33 15 52 99  4 64 67 97  1 18 49 14 64 66 94 69  9 33 37 27 84 25 68 94
  21 19  5  2 48 69 10 94 55 95 55 79 61 24 70  1 78 46 73 10 63 46 61 71
  80 68 24 44 55 26 98 64 99 64 25 76 97 54 10 73 60 85 75 38  8 63 69 59
  71 80  2 43 43 94 50  8 90 53 64 52  1 43  9 23 50]
 [ 0 28  5 64 60 50 78 72 11 38 38  8 10 89  5 24 30 87 80 18 48 83 40 96
   5 72 23 28 26 49 75 63 96 93 27 41 20 73 23 61 23 38  4 46 12 95 53 66
  99 48  8 15 70 62 13 65 79 42  4 34  8 38 67 63 43 88 91 12 13 54 92 33
  22 77 96 65 20  7 48 36 24 35  2 10  7 78 98 27 94 33 31 97 68 99 69 26
   1 54 97 84 91 88 87 98 28 73 73 73 96 90 35 39 49 57 94 18 16 28 36 64
  61 44 59 50  9 51  2 80 59 69 47 14 38 33 36  8 19 95 88 77 94 15 43 65
   5 61 72 27 73 83 24 65 51 23 19 55 62 24 80 71 91]
 [ 0 32 35 52 18 44 14  2 13 65 24 37 49 87  9 21 14 87 62 21 35 62 57 19
  90 66 29 36 17 77 73  1 13 76 60 57  4  3 18 37 41 37 84 72 86 49 12 94
  39  8 74  5 60 77  9 68 64 87 35 64 52 59 68 80 73  2  6  7 21 62 17 67
  36 43 30 84 72 70 70 59 50 78 51 85 84 83 54 41 36 83 40 91 52 67 95 26
   3 49 73 89 36  3 29 92 35 18 16 18 28  7 85 12 11 45 90 93 99  9 64 13
  37 70 64 55 80 31 26  9 63 69 31 54 76 79 40 12 98 58 56 72 63 99 50 29
  38 81 12 77 89 21 53 88 18 91 64 62 30 98 83 88 90]
 [ 0 51  6 99 83 26 91 88 24 54 74 77 51 98  1  2  1 80 99 59 50 87 26 33
  19 25 95 95 98 53 51 74 27 57 47 62 47 72 42  8 54  9 16 21 90 24 71 16
  22  1  9 74 58 46  2 46 28 50 79 58 13 68 61 91 88 69 35 99 36 61 83  6
  32 95 28 87 20 84 76 34 96 51 40 67 24 94  9 10 65 44 35 25 43 25 42 90
  49 76 59  3 89 83 22 78 88 41  5 98 60 53 43 29 93  9 21 64  9 82 45 57
  22 30 89 24 40 55 70 70 12 74 99 15 42  9 70 13 75 29 55 67  4 74 17 10
  69 82 88 91 38 14 31 49 53 45 29 83  1 83 56 65  2]
 [ 0 36 37 24 70 71 45 47 70 32 70  6 89 15 67 93 41 39 54 99 22 18 17 47
  45 38 87 39 30 34 44 99 67 54 59 27 47 48 79 94  2 59 74 54 80 74 12 47
  68 51 73 37 36 51  1 50 64 65 89 27 49 64  3 34 12 63 24 56 67 24 66 82
  98 66 90 27 62 94 57 74 30 32 95 42 21 95 81 15 48 79 91 70 14 64  7 34
  48 24 25 45  4 12 31 44 81 11 97 73 65 93 90 72 19 21 61 27 87 47  9 64
  56  9 82 57 95 25 91 94 32 16 14  7 94 65 83 77 64 44 10 77 20 19 66 21
  78 87 51 12 87  2 99 93 99 22 26 44 19 43 19 48 53]
 [ 0 72 86 52 17 44 57 18 65 23 49 18 87 99 96 31 57 20 77 87 77 72 92 18
  16 76 58  4 14 71 56  7 41 61 18 47 73 40 52 24 64 83 60 85 67 16  5 11
  46 92 59 75 76 65 20  1 49 26 15 99  7 45 80 10  6 95 23 12 47 22 42 92
  97 41 76 71 92 51 90 89 37 88 29 82 90 85 84 49 46 73 93 72 57 58 86  9
  51 60 82  5 74 43  5 64  4 79 51 34 43 21 24 70 15 43 81 13 63 54 83 41
  20  3 36 35 44 82  2 96 69 74 99  3 76 74 25 64  5 96 78 35  2 68 78 67
  79 55 88 26 68 34 61 59 44  2 97 24 77 27 52 57 87]
 [ 0 11 66 39 44 98 90 73 43 93 67 25  2  5 37 54 49 90 46  2 49 50 58 72
  89  3 59  9 98 78  8 81  4 82 15 46 69 45 64 94 25 81 87 44  6 25 45  8
  61 40 42 52 19 52 79 78 59 33 88 68 12 19 29 30 63 27 24 70 57 34 66  1
  16 81 31 11 93 44 75 67 27 33  6 25 55 23 31 24 11 68 42 77 78 92 72 55
   5 66 90 37 44 59 45 99 41 95 25  5 84 26  6 19 49 11 74 95 35 28 97  8
  97 74 85 84 31 58 99  4 57 24 67 57 80 60 60 56 78 25  7 76 39  5 39 24
  85 98 14 75  6 10 83 20 51 85 36 42  3 21 40 41 74]
 [ 0 10 56 67 84 17 51 95 82  5 30 73 32 59 57 46 99 11 40 87 48  1 27  7
  36 75 56 66 44 18 83  7 78 85 86 63 33 17 19 33 79 13 88 48 21 79 10 38
  35 53 98 88 60 96 56 85 47 47 18 54 22 71 48 49 64 79 54 82 20 32 47 41
   1 13 46 27 66 59 85 90 64 71  6 16 55 58 68  2 55 94 46 32 11 57 35  6
  31 41  5 10 27 34 28 25 67 49 60 62  1 15 14 89 63 26 65 39 77 30  8  3
  72 72 10 71 19 77 24  1  8 12 35 75 95 61 49 70 74  9 62 86 90 14  1 61
  92 41 21 25 83  7 25 81 78 33 99 17 79 14 88 52 81]]
 job2fam
 [[1 0 0 0 0 0 0 0 0 0 0 0 0 0 0 0 0 0 0 0 0 0 0 0 0 0 0 0 0 0 0 0 0 0 0 0
  0 0 0 0 0 0 0 0 0 0 0 0 0 0 0 0 0 0 0 0 0 0 0 0 0 0 0 0 0 0 0 0 0 0 0 0
  0 0 0 0 0 0 0 0 0 0 0 0 0 0 0 0 0 0 0 0 0 0 0 0 0 0 0 0 0 0 0 0 0 0 0 0
  0 0 0 0 0 0 0 0 0 0 0 0 0 0 0 0 0 0 0 0 0 0 0 0 0 0 0 0 0 0 0 0 0 0 0 0
  0 0 0 0 0 0 0 0 0 0 0 0 0 0 0 0 0]
 [0 0 0 0 0 0 0 0 0 0 0 0 0 1 0 0 0 0 0 0 0 1 0 1 0 0 0 0 0 1 0 0 0 0 0 0
  0 1 0 1 0 0 0 0 0 0 0 0 0 0 0 0 0 0 0 0 0 0 0 0 0 0 0 0 0 0 0 0 0 0 0 0
  0 0 0 1 0 1 0 0 0 0 0 1 0 0 0 0 0 0 0 0 0 0 0 0 0 0 0 1 1 0 0 0 0 0 1 0
  0 0 0 0 0 0 0 0 0 0 0 0 0 0 0 0 0 0 0 0 0 0 0 1 0 0 0 0 0 0 0 0 0 0 0 0
  0 0 0 0 0 0 1 0 0 0 0 1 0 1 0 0 0]
 [0 0 0 0 0 0 0 0 0 0 1 0 1 0 0 0 0 0 0 0 0 0 1 0 0 0 0 0 1 0 0 0 0 0 0 0
  0 0 0 0 0 0 0 0 0 0 0 0 0 0 0 0 1 0 0 0 1 0 0 0 0 0 0 0 1 1 0 0 0 0 0 1
  0 1 0 0 0 0 0 0 0 0 0 0 0 0 0 0 0 0 0 0 0 0 0 0 0 1 0 0 0 0 0 0 1 0 0 0
  0 0 0 0 0 0 0 0 0 0 1 0 0 0 0 0 0 1 0 0 0 0 0 0 0 0 1 0 0 0 0 1 0 1 0 1
  0 0 0 1 0 0 0 0 0 0 1 0 0 0 0 0 0]
 [0 0 0 0 0 0 1 1 0 0 0 0 0 0 0 0 0 0 1 0 0 0 0 0 1 0 0 0 0 0 0 0 0 0 0 0
  0 0 0 0 0 0 1 0 0 0 1 0 0 0 0 0 0 0 0 1 0 0 0 0 0 0 0 0 0 0 0 1 0 0 0 0
  0 0 0 0 1 0 0 0 0 0 1 0 0 0 0 0 0 0 1 0 0 0 0 0 0 0 0 0 0 0 0 0 0 1 0 0
  0 1 0 0 0 0 0 0 0 0 0 0 0 0 0 1 1 0 0 0 0 0 0 0 1 0 0 0 0 1 0 0 1 0 0 0
  0 1 0 0 0 0 0 0 0 0 0 0 0 0 0 0 0]
 [0 0 0 0 1 0 0 0 0 0 0 0 0 0 0 0 1 1 0 1 0 0 0 0 0 0 0 0 0 0 0 0 0 0 0 0
  1 0 1 0 0 1 0 0 0 0 0 0 0 1 0 1 0 0 0 0 0 0 0 1 0 1 0 0 0 0 0 0 0 0 0 0
  0 0 0 0 0 0 0 0 1 0 0 0 0 0 0 1 0 0 0 0 0 0 0 0 0 0 1 0 0 0 0 0 0 0 0 0
  0 0 1 0 0 0 0 0 0 0 0 0 1 0 0 0 0 0 0 0 1 0 1 0 0 0 0 1 0 0 0 0 0 0 1 0
  0 0 1 0 0 0 0 0 0 0 0 0 0 0 0 0 0]
 [0 0 1 1 0 1 0 0 0 0 0 1 0 0 0 0 0 0 0 0 0 0 0 0 0 1 0 0 0 0 0 0 1 1 0 0
  0 0 0 0 0 0 0 0 1 0 0 1 1 0 1 0 0 0 1 0 0 0 0 0 0 0 0 0 0 0 1 0 1 1 0 0
  0 0 0 0 0 0 0 0 0 0 0 0 1 1 0 0 1 0 0 1 0 0 1 0 0 0 0 0 0 0 0 0 0 0 0 1
  0 0 0 0 0 0 0 1 1 0 0 0 0 1 0 0 0 0 0 0 0 0 0 0 0 1 0 0 1 0 0 0 0 0 0 0
  0 0 0 0 0 0 0 0 0 0 0 0 0 0 0 0 1]
 [0 0 0 0 0 0 0 0 1 1 0 0 0 0 0 0 0 0 0 0 1 0 0 0 0 0 0 0 0 0 0 0 0 0 0 0
  0 0 0 0 0 0 0 0 0 1 0 0 0 0 0 0 0 0 0 0 0 0 0 0 0 0 0 1 0 0 0 0 0 0 0 0
  0 0 0 0 0 0 0 0 0 0 0 0 0 0 1 0 0 0 0 0 1 1 0 1 0 0 0 0 0 0 0 0 0 0 0 0
  0 0 0 0 0 0 0 0 0 0 0 1 0 0 1 0 0 0 0 0 0 1 0 0 0 0 0 0 0 0 1 0 0 0 0 0
  0 0 0 0 1 1 0 1 0 0 0 0 0 0 0 0 0]
 [0 1 0 0 0 0 0 0 0 0 0 0 0 0 0 1 0 0 0 0 0 0 0 0 0 0 1 1 0 0 1 1 0 0 1 1
  0 0 0 0 0 0 0 1 0 0 0 0 0 0 0 0 0 0 0 0 0 0 0 0 1 0 0 0 0 0 0 0 0 0 1 0
  0 0 0 0 0 0 0 1 0 0 0 0 0 0 0 0 0 0 0 0 0 0 0 0 1 0 0 0 0 1 1 1 0 0 0 0
  1 0 0 1 0 1 0 0 0 0 0 0 0 0 0 0 0 0 1 0 0 0 0 0 0 0 0 0 0 0 0 0 0 0 0 0
  1 0 0 0 0 0 0 0 1 1 0 0 1 0 1 1 0]
 [0 0 0 0 0 0 0 0 0 0 0 0 0 0 1 0 0 0 0 0 0 0 0 0 0 0 0 0 0 0 0 0 0 0 0 0
  0 0 0 0 1 0 0 0 0 0 0 0 0 0 0 0 0 1 0 0 0 1 1 0 0 0 1 0 0 0 0 0 0 0 0 0
  1 0 1 0 0 0 1 0 0 1 0 0 0 0 0 0 0 1 0 0 0 0 0 0 0 0 0 0 0 0 0 0 0 0 0 0
  0 0 0 0 1 0 1 0 0 1 0 0 0 0 0 0 0 0 0 1 0 0 0 0 0 0 0 0 0 0 0 0 0 0 0 0
  0 0 0 0 0 0 0 0 0 0 0 0 0 0 0 0 0]]
