params：
 weight-->(1, 10)
 proc_times-->(1, 100)
 setup_times-->(30, 60)
 delivery_times-->(1, 100)
 job_rate-->16

start:
alpha_1
16
 alpha_2
1.0
 mach
10
 job
160
 fam
8
 weigh
 [[0 9 8 8 4 5 5 2 2 9 6 4 7 8 2 8 8 8 3 5 6 4 3 7 6 5 4 7 6 2 7 4 4 8 6 8
  2 6 8 4 8 6 1 4 6 2 4 2 6 1 4 4 4 8 5 4 3 6 9 5 6 4 5 8 6 4 7 4 4 8 5 9
  9 6 2 2 9 7 9 5 2 1 2 9 8 6 9 6 1 2 8 6 4 7 1 5 9 4 7 2 9 4 4 4 6 2 8 7
  2 6 5 2 9 7 1 5 8 9 8 7 1 1 5 5 1 9 8 8 6 8 9 8 4 9 1 9 1 2 3 5 8 8 4 8
  6 9 1 7 2 2 8 1 9 1 8 9 9 2 8 7 2]]
 proc_times
 [[  0  15  30   2  23  47  47  46  17  85  71  97  57  63  85  62  30  30
   25  79  53   7  34  49  25  71  98  11  55   7  61  26  17  33   8  63
   53   9   5  31  84  11  52  72  84  79  24  77  29  18   2  49  31  18
   96   3  80  27  97  28  96  64  83  19  18  86  34  72  96  11  69  41
   64  26  64  19  89  54  18  89  66  53  25  59  28  39  22  93  52  97
   44  98  21   3  58  16   9  30  85  79  71  87  28  69  81  31  86   6
   88  83  50  41   1  76   7  74  87  24 100  19   3  46  13  27  36   2
   32  72  90  84   3  61  88  88   5  27  48  70  27  38  42  84  21  38
   49  32  44  96  78  40   8  32  50  52  14  98  68  80  98  40  25]
 [  0  74  51  16  48  48  79  57  34  87  67  71  99  69  93  41  78  74
   27  96  69  44  80   9  12  32  58  26  65  29   7   9  95  44  67  40
    4  70  50  31  94  71  63  31  77  52  55  14  31  25  48  67  47  82
   62  93  90  90  68  12  45  73  16  61  58  30  62   1  83  14  46  71
   51  94  34  16  93  49   1  71  48  19  92  31  76  52   3  62  46  25
   79  53  74  97  46   9  96   4  76  97   8 100  96   8  43  42  20  46
   36  76  17  46  24  66  68  73  58  44  45  46  29  39  58  39  77  74
   78   4  23  97  27  84  56  35  70  31  37  61  86  64  24  81  72  47
   60   7  58  93   3   3  13   2  10  20  47  25  12  52  92  72  57]
 [  0  94  21  89  44  57  75  16  34  17  99  31  69  49  16  86  64  15
   80  23   2  18  90  32  40  42  76  25  66  41  16  29  23  52  90  60
   90   4  58  81  95   6  40  17  74  58  85  59  64  11  38  32  77  55
   45  51  26  28   7   2  40  82  89  71  75  20  52  81  72  70  26  36
   41  92  72   7  64  60  58  72  63  94  85  76  71  60  77  72  75  99
   85  55  15  92  98  28  18   1  21  47  12  86  61  10  43 100  50  53
   22  45  32  58  96  95  88   6  16  78  48  23  92  36  44  26  86  18
   36  58  57  56  60  16  95  34  18  92  22  93  25  88   9  63  87  74
   98  18  92  21  51  79  58  51  92  33  30  16  10  47  13  17  69]
 [  0  14  60  37  18  24  75  73  68  37  33  78  80   9  64  22  67   3
  100  37  96  53  86  67  68  16   3   9  24  31  52  96  36  78  94  49
   28  41  66  35  34  69   5   5  21  57  92  52  84  38   5  33  17   2
    3  51  49  73  47   9   8  50  41  55  55  25  87  63  30  34  97  38
   75  70  41  96   9  14  10  90  67  87   3  37  98  84  15   5   5   2
   84   3  26  43  15  78  26  37  62  58  71   2  57  49  39  14  97  23
   11  29   3  65  19  26  61  78  20  82  99  27  69  64  73  23   1  37
   73   2  48  98  79  10  26  55  65   3  17  76  44  61  98  49  17 100
   22  40   2  88  70  92  51  17  96  92  50  25  44  48  86  34  38]
 [  0   3  47  83  13  39  60   4  22   9   5  98  83  19  99  52  74  18
   58  20  97  68  27  80  53  60  81  87  19  65  60  23  61  44  98  32
   85  58  83  13  32  44  68  37  77  69  30  35  72  21  88  84  87  80
   64  18  35  42  39  55   6  48  94  29  34  57  33   5   5  71  80  39
   41  86  45  80  34  12  39  98  84  12  90  38  22  82  46  51  83  61
   48  65  26  58  18  20  74  78  22  40  75  71  31  61  48  55  10  43
   56  83  14  15  59  63  46  13 100  79  92  77  84  48  94  52  75  94
   68  61  62  36  25  95  57  22  31   3  29  59  79  87  86  92  81  95
   82  21  29  16  27  32  13  42  87  52  96  99  74  98  92  79  82]
 [  0  89  40  80  33  88  46  62  56   6  22   4  59  27  41  81  25   5
   49  66  67   5  37  25  70  96  81  22  52  62  17  12  41  59 100  32
   67  44  57  18  28  46  17  30  28  45  62  62  36  36  65  42  12  94
   65  85  13  77  29  21  93  73  45  86   3   8  28  67  47  43  92  86
   24  26  20   7  24  78  19  44  37  23  39  76  76  33  69  95  41  30
   97  87  80  22  53  43  33  48  43  90  44  14  91  19  69  12   4  53
   94  36  46  36  73  51  92  50   4  20  53  49  88  12  33  77  78  66
   27  44   5  55  16  39  53  73  70  15  50  88  31  63  38  58  87  18
   20  14  11  96  27  77  52  17  66  29  78  98  55  66  96  82  78]
 [  0  53  59  41  54  92  37  84  21  53  86  71  59  32  62  61  61  35
   11  86  88   3  14  29  36  51  99  64  16  51  20  82  91  66  20  62
   93  17  70  29  32  68  79  98  73  89  53  60  99  16  66   2  71  71
   72  18  55  46  87  52  39  79  54  22  42  95  78  97  68  12  15  40
   79  30  19  24  10  58  99  47  79  20  34  84   9  81  75  16  62  46
   43  77  29  80  93  88  62  37  76  15  58  80  35  57  16  16   4  53
   54  42   6  45  22  58  64  14   1  32   3   6  33  84   6  47  44  76
   65  64  44  48  65  49  32  42  86   5 100   7  27   9  70  81  88  41
   84  22  38  18  37  21  17  84  39  62  80  88  64  97  67  43  64]
 [  0   3  72  16  91  11  43  27  13  72  31  82  25  13  39  54  78  99
   82  48  44  49  49  15  99  78  13  33  55  78  14  88  70  32  86  13
   61   2  25  34  23  65   3  71  97  46  48  27  26  19  10   1  79  15
   54  29  57  36  13  48  67  36  14  22  39  66  53  38  30  73  93  68
   54  62  54  66  37  53  75  45  95  85  94  66  11  24  31   5  96  80
   70  82  16   7  52  97  44  54  60  44   2   9  44  73  51  94  91  38
   23   9  39  79  31  10  16  11  33  65  80  84  53   4  23  94  11  19
   84  65  91  51  89  96  83  23  78  59  17  27  50  87  15   8  59  18
   88  19  90  46  74  68  80  85  51  58  27  72  85  36  17  59  16]
 [  0  22  54  20  92  69  33  43  75  48  38  21  41  40  56  35  67  24
   49  54  99  99  53  66  52  61  47  54  39  20  15  51  58  47  29  33
   26  87   3  49  11  37  14   6  11  31  65  32  30  82  44  87   4  13
   22  96  91  29  15  97  50  25  29  28  11  72  74  16  14  44  19  11
   73  47  52  93  87  43  62  39  18  44  25   8  57  60   8  18  48  22
   36  14  76  84   9  94  58  79  31  92  17  46  54  49  67  16  97  34
   51   6  57  33  78  92  40  51  55  24  80  72  91  96  10  12  29  23
   45  12  56  17  80  86  18  63   7  31  34  93  94  35  53   6  26  91
   44  49  53  13  64  55  15  72  66  48  35  23   3  68  28  46  12]
 [  0  60  14  82  49  53  62  60  83  92  62  68  92  40  75  49  80  37
   41  21   8  14  45  55  18  62  31  72  86  58   8  60  59   4  82  94
   52  77  18  24  65  31  13  96  73  10  85  78  71  65  35 100  19   4
   25  70  54  14  82  77  19  57   9  13  14  87 100  16  37  68  78  50
   44  75  86  30  85   8  50  84  10  79  49  87  73  31   9  94  89  88
   56  74  11  23   4   3  35  50  87  76  74  31  19  82  27  10  85  25
   89  32  61   8  81  51  56   9  85  46  34  26  68  51  41  50  23  17
   89  88  68  11  11  12   1   7  83  63  56  85  38  24  40  43  60  69
   92  48  77  29  97  44  57  86  10   1  72  48 100  45  44  95  46]]
 setup_times
 [[[ 0 37 58 31 57 44 51 38 51]
  [ 0  0 43 56 59 41 53 52 37]
  [ 0 38  0 38 59 52 38 49 55]
  [ 0 40 43  0 40 52 38 49 31]
  [ 0 33 37 37  0 46 51 47 57]
  [ 0 31 55 45 46  0 50 46 51]
  [ 0 47 55 52 38 40  0 59 30]
  [ 0 47 32 42 31 54 49  0 32]
  [ 0 30 59 47 47 57 56 46  0]]

 [[ 0 58 57 53 58 42 52 50 51]
  [ 0  0 58 38 31 40 44 54 31]
  [ 0 57  0 52 48 48 32 57 44]
  [ 0 39 39  0 48 59 39 33 53]
  [ 0 46 52 42  0 50 52 45 35]
  [ 0 56 50 41 52  0 53 33 38]
  [ 0 59 33 40 47 52  0 30 47]
  [ 0 48 41 58 33 53 48  0 52]
  [ 0 31 53 39 57 52 56 31  0]]

 [[ 0 57 52 52 52 45 56 30 31]
  [ 0  0 48 40 37 58 38 32 47]
  [ 0 42  0 44 44 42 35 46 37]
  [ 0 51 46  0 39 59 48 42 42]
  [ 0 31 55 59  0 59 35 52 50]
  [ 0 36 57 49 41  0 58 36 54]
  [ 0 44 50 57 45 41  0 53 46]
  [ 0 59 37 33 54 48 36  0 40]
  [ 0 33 59 52 38 42 57 51  0]]

 [[ 0 31 36 34 47 49 50 59 41]
  [ 0  0 38 42 57 51 33 35 30]
  [ 0 48  0 40 32 57 34 58 44]
  [ 0 54 35  0 30 53 56 47 42]
  [ 0 45 59 31  0 47 37 57 56]
  [ 0 57 33 43 33  0 55 38 46]
  [ 0 31 42 46 42 52  0 44 38]
  [ 0 37 58 41 38 39 30  0 47]
  [ 0 39 39 30 47 31 55 51  0]]

 [[ 0 42 59 57 52 51 33 33 50]
  [ 0  0 59 57 57 40 42 49 56]
  [ 0 30  0 43 56 30 49 37 53]
  [ 0 37 37  0 34 55 55 43 57]
  [ 0 46 46 51  0 57 31 57 45]
  [ 0 52 56 56 51  0 57 47 57]
  [ 0 54 35 30 57 52  0 56 47]
  [ 0 40 57 37 49 55 44  0 44]
  [ 0 49 55 49 51 40 53 38  0]]

 [[ 0 38 51 40 45 43 58 54 41]
  [ 0  0 50 32 39 43 38 48 34]
  [ 0 58  0 56 43 35 45 44 47]
  [ 0 35 49  0 46 45 40 35 36]
  [ 0 47 32 55  0 45 34 33 47]
  [ 0 31 47 30 58  0 41 58 44]
  [ 0 40 56 45 45 54  0 48 45]
  [ 0 48 52 37 45 40 54  0 41]
  [ 0 50 30 38 51 58 37 56  0]]

 [[ 0 36 54 43 59 39 48 36 34]
  [ 0  0 32 58 45 43 32 51 49]
  [ 0 48  0 32 34 37 59 50 37]
  [ 0 45 52  0 57 56 30 48 30]
  [ 0 46 57 47  0 45 56 49 51]
  [ 0 38 51 59 39  0 32 55 39]
  [ 0 53 58 49 51 54  0 54 32]
  [ 0 45 57 49 43 43 50  0 35]
  [ 0 33 40 46 56 58 58 53  0]]

 [[ 0 51 54 31 51 31 45 40 57]
  [ 0  0 37 39 46 47 50 38 56]
  [ 0 43  0 40 33 32 41 58 59]
  [ 0 45 44  0 30 50 50 49 44]
  [ 0 37 47 57  0 49 50 32 58]
  [ 0 48 30 40 36  0 57 57 34]
  [ 0 49 35 43 48 48  0 36 50]
  [ 0 42 54 58 41 59 46  0 57]
  [ 0 37 36 41 50 58 30 57  0]]

 [[ 0 59 30 49 54 53 40 31 58]
  [ 0  0 38 30 44 39 49 31 33]
  [ 0 55  0 45 36 48 30 48 40]
  [ 0 58 41  0 31 30 54 44 50]
  [ 0 30 53 32  0 59 54 53 47]
  [ 0 56 57 42 52  0 38 34 35]
  [ 0 53 54 54 33 34  0 58 48]
  [ 0 43 44 33 56 47 38  0 42]
  [ 0 31 41 58 56 58 58 34  0]]

 [[ 0 49 44 32 58 34 52 38 58]
  [ 0  0 33 54 55 37 50 55 30]
  [ 0 39  0 58 56 50 33 57 49]
  [ 0 35 41  0 36 45 35 56 52]
  [ 0 51 32 49  0 32 59 57 42]
  [ 0 51 42 42 52  0 53 51 45]
  [ 0 38 39 44 38 51  0 53 59]
  [ 0 55 32 53 49 34 53  0 42]
  [ 0 53 31 33 56 37 38 59  0]]]
 delivery_times
 [[ 0 70 99 81 26 81 53 48 62 39 11 69 74 15 22 86 21 20 34 17 80 40 98 46
  83 14 55 42 65 44 18 30 65  9 81 54 84 86 82 50 34 76 93 90 10 48 39 68
   4 57 28 28 87 14 21 44 84 86 82  7 61 96 98 26 35 63 97 11 14 83 52 38
  31 97 31 66 29  7 69 16 89 49 45 84 84 89 62 19 30 10 17 82 38 48 52 54
  10 17  1 53 14  4 99 44 34 93 63  5 84 91 86 28 47 78 82 19 53  7 30 51
  42 45 44 19 21 37 89 98 89 88 71 17 95 45 84 92 92 35 66 24 76 85 13 13
  58 45 63  9 75 45 76 37 52 25 50 28 53 28 90 96 86]
 [ 0 80 85 92 13 37 62 24 99 46 98 41  9 10 13 50 87 61 63 16  6 36 51 30
  46  2 26 56 24 74 94 91 42 39 36 70  3 37 74 56 77 17 88 59  1 30 37 34
  69  5 83 19 69 88 64 39 77 22 85 76 36 43 72 13 25 81 50 44 21 29 30 54
  43 80 56 23 19 90 18 96 28 56 97  5 15 24 62 54 71 36 37 82 67 80 79 94
  60 51 41  1 87 66 54 83 95 33 63 83 98 91 35 42 44 30 26 20 88 99 78 26
  87 23 84 93 59 44 23  4 96 22 24 59 33 49 52 67 71  2 14 79 21 29  1 37
  64 44 74 89 29 74 94 97 78 50  2 61  1 44 69  3  1]
 [ 0  7 40 90  8 28 22 99 83 65 80 27 33 10 45 10 96 97 35 85 98  8 97 54
  25 29 66 52 35 75 18 38 32 93 32 89  8 71 25 27 59 85 27 89 50 88 23 32
  62 30 26 96 96 99 88 73 55  5 10 73 62 93 43 55  1 78 86 64 84 34 35 23
  69 27 81 17 42 69 38 65 29 45 54 99 40 24 80 75  1 44  2 15 11 83 85 52
  71 54 27 36 92 44 54 24 33 20 64 55  5 35 10 11 55 51 80 51 17 29 31 64
  81 77 94 37 28 44 73 70 90 97 85 49 73 61 36 65 16 97 31  4 93 35 78 57
   5 63 96 97 69 67 65 64 81 95 49 20 90  3 51 92 78]
 [ 0 23 95 40 38  3 82 33 37 36  2 60 28 86 92 53 62 85  4 51 70 25 40 86
  27 69 23 11 31 17  3 48 55 39 11 24 96 55 69 14 21  9 98 16 16 81 93 37
  27 61 42 30 31 25 28 96 92 55 88 44 77 17 53 46 51 20  8 13 14 57 90 54
  81  1 39  4  1  4  9  1 39 71 77 79 27  9  8 33 39 89 95 20 53 42 19 82
  12 61  1 91 21 91 41 35 14 52 31 40 98 89 39 19 48 91  6 69 87 57 87 72
  33  8 42  5  3 51 33  5 43 26 84 19 35 72 31 28 61 60 46 45 71  7 51 24
  37 37 57 24 32 53 92 44  7 92 48 12 32 85 36 17 54]
 [ 0 19 76 10 52 19 63 14 16  4 13 16 43 28 83 77  2 56 59 66 13 42 33 69
  97 14  5 92 27 98  1 21 59 84 70  4 29 20 20 19 89 29 54 51 39 84 52 39
  70 43 21  8 60 74 98  3 77 56 54 78 29 10 41 21  1 56 11 98 38 85  3 75
  99 20 44 63 24 57 19 97 53 22  7 23 36  9 11 11 51 31 84 75 43 86 37 62
  46 77 78 46 46 19 98  4 35 77  3 26 61 96 35 54 25 63  8 56  2  6 15 33
  65 12 87 46 22  4 12 52 48 64 18 89 48  9 42 21 87 86 35 70 79 83 12 78
  71 97 41 37 95 27 97 88 83 64  3 62 14 21  9 67 48]
 [ 0 22 41 94 44 88 81 83 61 63  2 14 44 10 35 59 57 50 64 79 28 37 51 95
  47 66 16  1 46 25 27  2 46 68 55  5 88 70 10 63 81 19 13 90  9 24  6 88
  46 94 19 17 53 75 71 16 74 76 90 29 63 63 33 19 78 56 98  6 40  8 78 21
  29 67  3 19 79 22 30 72 98 46 89 91  2 81  2 12 97 74 16 30 49 66  4 42
   7 87 67 93 47 11 42 49 80 43 17 49  8  9 29 17 88 98 70 42 65 37  3 12
  73 67 58 89 76 74  1 42 64 67 21 11 92 84 24 37 77 31 28 43 61 53 56 98
  15 98 67 66 62 48 49 12 90 61 62 42 66 87 39  2 20]
 [ 0 59 54  4 80 37 73 34 92 38 49 91 37 51 98 18 99  4 74 10 65 19 47 21
  95 98 45 68 12 22 86  7 83 57 83  7 71 31 63 94 75 15 47 50 83 33 44 51
   4 64  5 30 45 75 98 88 25 87 70 87 36 91  2 42 72 79 20 40 72  7 48  5
  53  9 35 84 41 34  3 79 61 77 80 36 85  6 53 37 61  7  2 89 77 80 56 81
  52 99 86 73 41 33 28 87 26 62 98 14  2 16 39 44 33 67 88 98 70 27 50 24
  97 16 66 91 89 85  3 22 85  8 96 36 90 64 70 41 31 45 96 81 56  8  5 76
  80 36 12 46 47 29 30 30 81 40 44 62 21 24 66 22 50]
 [ 0 81 59 47 22  2 60 65 66 94 78 74 65 50 90 51 49 13 18 63 19 41 58 26
  16 15  4 48 41 66 84 90 88 52 60  7 60 42 76 57 78  4 63 38 62 71 27 21
  98 85 58 17 71 25 41 89 96  8 68 16 55 23 83 15 47 33 96 46 95 53 96 57
  35  8 97 53  6 93 68 74 52 77 87 99 57 78 30 16 75 20 93 27 17  5  7 77
  12 84  4 19 56 97  9 87 87 91 78 14 55 12 30 18 29 84 55 31 51 74 77 98
   7 45 23 63  8 90 70  2 30 80 54 90 94 11 66 12 70 39 53 49 46 51 80  6
  79 47 75 97 45  4 72 75 45 60 49 38 43 24 47 51 39]
 [ 0 93 49 38 89 95 42 85 14 27 82 32 75 24 21 13 62 28 29 33 61 34 45 27
  44 38 99 93  4 36 22 39 90 52 38 21 81 83 65 77  3 66 81 91 36 65 97 17
  17 16 46 78  5  3 87 12 46 66 29 17 71  9 11 32 93 35 84 87 92  2 99 69
  66 47 37 61 42 44 74 53 93 59 80 56  7 28 13 59 23 82 71 55 67 68 31 86
  13 27  1 34 68 96 81 33 71 34 80 87 67 18 52 74 14 82 34  1 43 56 84 38
  76 71 28 33 57 84 65 20 71 86 27 57 42 48  7 48  9 66 64 20 68  1 83 34
  77 98 50 85 31 40 49 22 79 21  9 19 57 53 15 21 17]
 [ 0 34 88 16 53 64 37 63 50 13 79 61  6 34 64 88 37 33 26 41 49 35 91 25
  93 74 67 48 27 80 79 43 71 87 60 70 63  7 66 47 98 73 52 42 64 35  2 74
  16 88 15 41 74 34 28 42 16 14 70 27 32 20  2 35 50 18 71 53 27 34 70 66
  52  1 60 78 39 24 50 21 99 57 29 34 69 24 63 75 81 42 55 76 83 67 75 77
  13 32 76 22 84 87 90 22 10 74 95 36 86 71 99 12 16 67 72 58 45 90 19 73
  11 81 13 32 78 88 96 74  2 44 80 88 17 91 51 59 33 51 41  1 49 73 95 95
  14 57  7 23 95 26  5 84 29 25 71 85 29  9 93 64 13]]
 job2fam
 [[1 0 0 0 0 0 0 0 0 0 0 0 0 0 0 0 0 0 0 0 0 0 0 0 0 0 0 0 0 0 0 0 0 0 0 0
  0 0 0 0 0 0 0 0 0 0 0 0 0 0 0 0 0 0 0 0 0 0 0 0 0 0 0 0 0 0 0 0 0 0 0 0
  0 0 0 0 0 0 0 0 0 0 0 0 0 0 0 0 0 0 0 0 0 0 0 0 0 0 0 0 0 0 0 0 0 0 0 0
  0 0 0 0 0 0 0 0 0 0 0 0 0 0 0 0 0 0 0 0 0 0 0 0 0 0 0 0 0 0 0 0 0 0 0 0
  0 0 0 0 0 0 0 0 0 0 0 0 0 0 0 0 0]
 [0 0 0 0 0 0 0 0 0 0 0 0 0 1 0 0 0 0 0 0 0 1 0 1 0 0 0 0 0 1 0 0 0 0 0 0
  0 1 0 1 0 0 0 0 0 0 0 0 0 0 0 0 0 0 0 0 0 0 0 0 0 0 0 0 0 0 0 0 0 0 0 0
  0 0 0 1 0 1 0 0 0 0 0 1 0 0 0 0 0 0 0 0 0 0 0 0 0 0 0 1 1 0 0 0 0 0 1 0
  0 0 0 0 0 0 0 0 0 0 0 0 0 0 0 0 0 0 0 0 0 0 0 1 0 0 0 0 0 0 0 0 0 0 0 0
  0 0 0 0 0 0 1 0 0 0 0 1 0 1 0 0 0]
 [0 0 0 0 0 0 0 0 0 0 1 0 1 0 0 0 0 0 0 0 0 0 1 0 0 0 0 0 1 0 0 0 0 0 0 0
  0 0 0 0 0 0 0 0 0 0 0 0 0 0 0 0 1 0 0 0 1 0 0 0 0 0 0 0 1 1 0 0 0 0 0 1
  0 1 0 0 0 0 0 0 0 0 0 0 0 0 0 0 0 0 0 0 0 0 0 0 0 1 0 0 0 0 0 0 1 0 0 0
  0 0 0 0 0 0 0 0 0 0 1 0 0 0 0 0 0 1 0 0 0 0 0 0 0 0 1 0 0 0 0 1 0 1 0 1
  0 0 0 1 0 0 0 0 0 0 1 0 0 0 0 0 0]
 [0 0 0 0 0 0 1 1 0 0 0 0 0 0 0 0 0 0 1 0 0 0 0 0 1 0 0 0 0 0 0 0 0 0 0 0
  0 0 0 0 0 0 1 0 0 0 1 0 0 0 0 0 0 0 0 1 0 0 0 0 0 0 0 0 0 0 0 1 0 0 0 0
  0 0 0 0 1 0 0 0 0 0 1 0 0 0 0 0 0 0 1 0 0 0 0 0 0 0 0 0 0 0 0 0 0 1 0 0
  0 1 0 0 0 0 0 0 0 0 0 0 0 0 0 1 1 0 0 0 0 0 0 0 1 0 0 0 0 1 0 0 1 0 0 0
  0 1 0 0 0 0 0 0 0 0 0 0 0 0 0 0 0]
 [0 0 0 0 1 0 0 0 0 0 0 0 0 0 0 0 1 1 0 1 0 0 0 0 0 0 0 0 0 0 0 0 0 0 0 0
  1 0 1 0 0 1 0 0 0 0 0 0 0 1 0 1 0 0 0 0 0 0 0 1 0 1 0 0 0 0 0 0 0 0 0 0
  0 0 0 0 0 0 0 0 1 0 0 0 0 0 0 1 0 0 0 0 0 0 0 0 0 0 1 0 0 0 0 0 0 0 0 0
  0 0 1 0 0 0 0 0 0 0 0 0 1 0 0 0 0 0 0 0 1 0 1 0 0 0 0 1 0 0 0 0 0 0 1 0
  0 0 1 0 0 0 0 0 0 0 0 0 0 0 0 0 0]
 [0 0 1 1 0 1 0 0 0 0 0 1 0 0 0 0 0 0 0 0 0 0 0 0 0 1 0 0 0 0 0 0 1 1 0 0
  0 0 0 0 0 0 0 0 1 0 0 1 1 0 1 0 0 0 1 0 0 0 0 0 0 0 0 0 0 0 1 0 1 1 0 0
  0 0 0 0 0 0 0 0 0 0 0 0 1 1 0 0 1 0 0 1 0 0 1 0 0 0 0 0 0 0 0 0 0 0 0 1
  0 0 0 0 0 0 0 1 1 0 0 0 0 1 0 0 0 0 0 0 0 0 0 0 0 1 0 0 1 0 0 0 0 0 0 0
  0 0 0 0 0 0 0 0 0 0 0 0 0 0 0 0 1]
 [0 0 0 0 0 0 0 0 1 1 0 0 0 0 0 0 0 0 0 0 1 0 0 0 0 0 0 0 0 0 0 0 0 0 0 0
  0 0 0 0 0 0 0 0 0 1 0 0 0 0 0 0 0 0 0 0 0 0 0 0 0 0 0 1 0 0 0 0 0 0 0 0
  0 0 0 0 0 0 0 0 0 0 0 0 0 0 1 0 0 0 0 0 1 1 0 1 0 0 0 0 0 0 0 0 0 0 0 0
  0 0 0 0 0 0 0 0 0 0 0 1 0 0 1 0 0 0 0 0 0 1 0 0 0 0 0 0 0 0 1 0 0 0 0 0
  0 0 0 0 1 1 0 1 0 0 0 0 0 0 0 0 0]
 [0 1 0 0 0 0 0 0 0 0 0 0 0 0 0 1 0 0 0 0 0 0 0 0 0 0 1 1 0 0 1 1 0 0 1 1
  0 0 0 0 0 0 0 1 0 0 0 0 0 0 0 0 0 0 0 0 0 0 0 0 1 0 0 0 0 0 0 0 0 0 1 0
  0 0 0 0 0 0 0 1 0 0 0 0 0 0 0 0 0 0 0 0 0 0 0 0 1 0 0 0 0 1 1 1 0 0 0 0
  1 0 0 1 0 1 0 0 0 0 0 0 0 0 0 0 0 0 1 0 0 0 0 0 0 0 0 0 0 0 0 0 0 0 0 0
  1 0 0 0 0 0 0 0 1 1 0 0 1 0 1 1 0]
 [0 0 0 0 0 0 0 0 0 0 0 0 0 0 1 0 0 0 0 0 0 0 0 0 0 0 0 0 0 0 0 0 0 0 0 0
  0 0 0 0 1 0 0 0 0 0 0 0 0 0 0 0 0 1 0 0 0 1 1 0 0 0 1 0 0 0 0 0 0 0 0 0
  1 0 1 0 0 0 1 0 0 1 0 0 0 0 0 0 0 1 0 0 0 0 0 0 0 0 0 0 0 0 0 0 0 0 0 0
  0 0 0 0 1 0 1 0 0 1 0 0 0 0 0 0 0 0 0 1 0 0 0 0 0 0 0 0 0 0 0 0 0 0 0 0
  0 0 0 0 0 0 0 0 0 0 0 0 0 0 0 0 0]]
