params：
 weight-->(1, 10)
 proc_times-->(1, 100)
 setup_times-->(30, 60)
 delivery_times-->(1, 100)
 job_rate-->16

start:
alpha_1
16
 alpha_2
1.0
 mach
10
 job
160
 fam
8
 weigh
 [[0 6 4 6 5 4 9 6 5 6 1 2 5 7 6 5 5 1 9 3 2 6 1 6 7 2 4 8 3 8 9 7 6 9 1 3
  9 5 2 8 7 8 4 7 5 1 3 9 8 9 5 8 4 6 8 5 1 6 7 4 9 1 4 3 3 6 7 1 5 3 1 1
  9 3 9 9 2 3 1 6 7 2 3 2 8 7 8 7 1 8 5 4 7 4 8 3 9 9 9 8 2 3 7 5 2 1 1 6
  9 3 9 7 5 9 2 5 8 6 1 3 4 4 8 2 3 4 5 3 1 8 4 2 7 4 1 2 5 3 1 1 8 9 1 6
  4 6 8 2 8 5 2 2 8 4 4 9 7 8 1 3 9]]
 proc_times
 [[  0   7  17   7  19  11  90  25  94  54  63  90  21  97  20  12  30  49
   80  11  12  73  42  93  58   6  19  79  82  53  53  30  66  87  26  29
   76  99  72  99  68  34  84  71   3 100  58  29  95   9  96  11  74  78
   82  50  53 100  93   2  33  86  22  47  53  38  29   6  96  56  52  70
   29  60  31   2  41  46  39  41  38  74  95  89  77   8  75  53  95   2
   17  85  42  87  61  20  61  94  62  49  44  75  72  80  11  77   2  21
    5  65  52  18  64  68  69  21  85  88  37  53  18  20  39  45  38  30
   32  81   3  13  86  86  80  41  24  21  93  64  27  62  79   4   1  23
    1  51  71  93  77  60  52  57  28  99  40   7   5  75  79  65  43]
 [  0  91  36  80  68  92  69  76  16  55  51  35  70  93  17  60  25  65
   84  36  71  93  36  24  68  84  75  10  34  72  10  43 100  50  60  85
   34   6  25  90  31  57  25  95  68  17  31   2  27  43  92  98  59  37
   81  17  54  58  47  78  73  15  74  81  10  25  43  47  96  90   9  82
    7  41  15  85  69  86  32  30  54  90  87  29  93  44   9  43  30  21
   13  65   9  50  79  70  59  86  78  96  95  99  30  16  43   1  96  28
   14  52  24  74  77   9  14  75  50  13  92  66  14  84  57  86  69  41
   69  19  95   6  65   4  82  61  88  61  93  15  78  30  51  64  68  56
    5  97  64  52  35  19  43  73  35  50  36  19  61  50  79  33   6]
 [  0  65  74  21  87  90  41  85   3  42  36  48  65  59   2  69  31   6
   56   1  99  45  34  32  67  38  98  65  11  88  53   3  50  46  63  34
   60  90  86  94  54  23  21  61  66  95  87  45  67  91  77  14  12  86
    9  32  56  22  42  13  17  34  95  94  28  65  77  63  44  66  44  48
    5  41  81  17  55  84  16  28  35  39  79  87  51  42  22  16  77  52
    9  60  17  25  16   6  74  70  51  87  95  35  59  20  49  34  60  47
   54  79  51   6  24  64  46  60  23  49  77  11  83  22  85  55  63  49
   43  62  34  76  20  14  46  37  39  83  46  97  65  45  51   9  80  51
   54  53  28  91  49  65   9  92  20  38  43  87   2  55  87  13  34]
 [  0  57  75  35  22  76  27  54  25  56   3  61  81  90   6  55  78  45
    9   9  37  23  89  11  24  61  89  68  29  16   4  81  82  69  75  55
   98  62   7  57  32  96   9  59  56  14  15  23  17  47  74  58  87  47
   43  67  40  15  57  72  22  76   1  28  25  52  17  12  36  21  61  15
   53  41   3  52   3  18  85  28  34  93  74  66  33  43  75  54   7  60
   75  86  42  79  89  52  86  80  10  21  46  96  85  54  56  96   6  37
   69  22  57   5  59  90  85  23  32  62  30  90 100  27  67  23  84  87
   90  35  54  79  50  49  58  44  45  24  35  48  91  50   8  73  13  50
   97   3  45  45  95   9  81  74  14  21  36  44  35  73  65  49  21]
 [  0  88  82  31  83  75   5  32  94  39  21  15  39  35  39  26  89  73
   83   2  93  34   7  86  49  87  19  53  91  36  89  88  63  47  10  88
   11  94  87  33  31  29  72  55  51  32  84   1  86  37  34  13  88  87
   26  24  35  40  69  11  50  60  44  23  18  37  62  33  99  20  49  96
   69  96   2  99  95   9  99  50  25  49  21  61  70  82  89  63  30  75
   90  62  86  55  82  24  41  75   8  41  30   5  60  40  44  53  45  65
    8  74  74  68  78  97  13  24  10  75  52  10  66  49   4  60  98  29
   54  54  35  95  46  29  79  76  52  22  57  61  43  49  15  91  48  73
   60  61  28  64  15  18  18  64  16  84  87  84  88  81  57  35  19]
 [  0  42  70  49  65  25  94  14  28  43  51  76  70  71  32  31  13  75
   83  54  42   8  20  13  36  99  62  22  41  19  88   7   4  17  25  15
   87  19  13  56  99  42  49  13  88  65  22  26  93  51  19  77  48  69
   31   3  27  48  19  79   4  20  61  47  27  10  52  83  69  54  15  36
    2   6   4  16  71  61  52  92  74  90  62  11  51  78  48   4  69  14
   21  15  62  60  34  52  95  72  24  10  72  51  72  29   8  19  98  65
   24  13  26  14  32  67  17  34  91  65  75  20  77   7  54  14  31  78
   53  79  72  99  77  67  70  84  36  74  57  97  55  48  37  24  91  61
   27  12  94  17  32  39  18  65  52  70  10   2   5  79  23  54 100]
 [  0  37  95 100 100  15  14  23  87  12  72  63  94  20  57  14   9  79
   73   3  95  52  33  60  19  97  60  24   1   9  61  90  23  14  11  53
   73  92  60  29  10  29  92  21  48  86   4  14  79  13  59   7  34  24
   50  52  30  69   2  70  82  82   7  76  36  75  37  86  89   3  54  14
   74  36  82  97  68  75   5  13  66  91  75  96   9  52  24  45  91  29
   49  28  88  57  46  55  98   9  28  84  82  36  68  57  43  24  77  17
   87  86  12  12   6  69  84  50  39  11  86  93  50  29  19  80   2  45
   21  16  31  40  84   5  18  51  29  41  78  64  49  80  37  92  85  57
   84  44  13  73  25  17  62  90  67  78  27  91  35  15  75  12   7]
 [  0  93  98  62  19  22  11  50  72  91  75  83  46  18  98   6  68  18
   10  14  26  85  18  69  66  85   3  36   5  63  26   4  46  66  15  29
   99  92  36  79  54  84  81   5  92  18  80  79  52  80  24  36  15   2
   90  40  86  55  47  27  49  61  37   6  79  71  59   7  78  49  18  98
   69  76  58  38  73  17  43  56  32   1 100  69  38  88  75  59  11  35
   22  94  66  88  90  15  12  51  98  71  88  53  28  66  59   3  92  91
   77  65  48  93   9   5  53   2  60  80   7  20  76  35 100  71  66  98
   35  23  66  60  65  94  87  41  36  43  62  76  95  38  21  84  37  93
   95  98   1  25  27  20  69  54  61  62  57  17  79  86  70  24  74]
 [  0  91  14  73  15  70  56  61  95  69   5  85  40  95  76   3  35  17
   41  59  30  67  72  43  95  80  40  36   2  57  41  85  47  87  65  70
   23  19  44   3  89   4   3  36  18  11  93  25   6  82  57  31  49  71
   68  27  32  73  95  65  37  91  88  77  44   1  65  49  55  53  50  93
   51   1  55   4  82  20  72  75  86  78  46   5  40  26  96  95  94  51
   16  55  52  80  38  22  18  68  93  71  49  44  10  56  24  89  91   2
   74  12  74  86  15  19  46  78  65  87  95   6  87  34  84  42  41  17
   81  71  79  90  38  85  93  88   5  80  51  14   1  85  85  94  22  31
   93  35  63  54 100   1  86  65  50   8  45  99  21  75  70  29  40]
 [  0  74  80  82  76  81  98  59  43  93   9  15  23  45  64  52  76  16
   58  87  94   2  37  63  76  98  67  95  89  10  56  41  18  79  89   5
   40  94  45  20   5  66  73  27  62  35  72  44  13  47  81  23  55  15
   57  69  45  55  89  99  65  72  66  33  27  70  36  45  63  25  87  77
   28  64  94  59  55  87  86  97  53  64  99  72  73  62  20  95  42  88
   34  49  94  93   3  75  99  87  40  13  90  92  55  31  12  19  84  73
   73  34  23  47 100  51   3  79  18  97  16  40  75  74  58  70  95  59
   62  71   7  95  69  49  78  30  89  96  73   4  75  89   5  76  79  74
   39  49  65  32  22  54  11  41  77  42  28  20  52  24  48  39  90]]
 setup_times
 [[[ 0 43 30 41 43 36 42 49 39]
  [ 0  0 58 38 49 53 58 31 42]
  [ 0 48  0 42 48 54 33 48 47]
  [ 0 43 47  0 59 52 45 56 34]
  [ 0 40 47 45  0 56 37 39 57]
  [ 0 34 56 34 55  0 52 47 35]
  [ 0 38 31 37 59 39  0 54 45]
  [ 0 38 36 34 38 46 53  0 49]
  [ 0 51 37 32 48 56 38 33  0]]

 [[ 0 45 54 35 34 57 41 36 54]
  [ 0  0 37 41 49 46 49 41 56]
  [ 0 49  0 53 56 31 56 32 36]
  [ 0 44 39  0 45 36 41 57 59]
  [ 0 47 42 50  0 52 30 44 42]
  [ 0 53 55 34 34  0 32 48 49]
  [ 0 55 48 43 47 58  0 44 39]
  [ 0 52 39 30 49 48 59  0 41]
  [ 0 54 40 45 52 49 41 33  0]]

 [[ 0 52 35 56 41 36 57 47 43]
  [ 0  0 32 49 56 46 39 43 55]
  [ 0 56  0 41 30 49 57 41 46]
  [ 0 46 49  0 50 42 34 53 51]
  [ 0 59 48 48  0 33 38 37 35]
  [ 0 33 48 47 38  0 42 31 40]
  [ 0 52 48 41 40 31  0 54 34]
  [ 0 41 50 45 38 46 49  0 41]
  [ 0 59 41 48 39 49 33 51  0]]

 [[ 0 51 37 44 35 53 51 34 48]
  [ 0  0 37 39 56 40 51 45 49]
  [ 0 53  0 49 47 58 51 36 50]
  [ 0 49 57  0 33 45 46 51 58]
  [ 0 53 30 34  0 38 33 31 41]
  [ 0 59 58 36 36  0 34 32 31]
  [ 0 58 53 44 44 58  0 34 49]
  [ 0 44 44 57 59 58 36  0 51]
  [ 0 58 33 54 39 45 34 45  0]]

 [[ 0 54 37 30 50 35 40 58 37]
  [ 0  0 35 53 36 31 55 38 33]
  [ 0 38  0 46 35 57 59 56 31]
  [ 0 32 58  0 49 51 55 36 53]
  [ 0 42 47 30  0 38 39 37 32]
  [ 0 33 48 48 39  0 51 43 51]
  [ 0 46 42 51 34 34  0 49 53]
  [ 0 57 41 42 33 50 54  0 30]
  [ 0 31 58 30 42 35 52 37  0]]

 [[ 0 39 37 56 57 58 48 45 32]
  [ 0  0 44 32 58 47 57 49 48]
  [ 0 56  0 49 52 31 50 59 33]
  [ 0 56 52  0 33 53 47 50 48]
  [ 0 43 52 51  0 44 43 59 53]
  [ 0 34 58 59 45  0 46 39 56]
  [ 0 56 41 57 45 40  0 54 46]
  [ 0 33 59 36 43 48 32  0 30]
  [ 0 32 36 53 51 51 37 37  0]]

 [[ 0 43 59 30 52 48 40 40 34]
  [ 0  0 31 34 30 34 52 35 38]
  [ 0 41  0 40 35 33 40 58 34]
  [ 0 46 41  0 30 44 44 35 54]
  [ 0 48 50 52  0 52 46 59 42]
  [ 0 44 52 59 32  0 52 33 52]
  [ 0 48 49 47 51 54  0 50 35]
  [ 0 44 47 59 57 35 30  0 56]
  [ 0 49 52 41 54 41 30 52  0]]

 [[ 0 49 30 57 36 50 40 42 34]
  [ 0  0 46 49 47 34 49 31 31]
  [ 0 33  0 51 31 42 48 59 55]
  [ 0 54 55  0 36 56 47 53 43]
  [ 0 35 32 38  0 35 49 33 52]
  [ 0 52 40 45 43  0 36 36 38]
  [ 0 30 41 40 34 58  0 57 49]
  [ 0 59 32 52 42 56 54  0 52]
  [ 0 31 41 55 38 57 42 53  0]]

 [[ 0 35 33 41 32 59 30 48 33]
  [ 0  0 49 32 53 57 36 55 31]
  [ 0 45  0 56 53 57 40 50 56]
  [ 0 45 53  0 50 59 58 49 32]
  [ 0 36 57 47  0 34 39 44 59]
  [ 0 39 41 45 59  0 55 32 53]
  [ 0 38 53 58 50 46  0 31 48]
  [ 0 38 59 48 54 35 42  0 38]
  [ 0 51 38 58 45 45 55 46  0]]

 [[ 0 40 35 30 53 55 53 56 51]
  [ 0  0 34 43 57 56 46 59 59]
  [ 0 58  0 55 33 30 40 48 59]
  [ 0 30 49  0 40 47 54 39 52]
  [ 0 34 38 51  0 30 42 54 54]
  [ 0 54 30 50 36  0 44 36 35]
  [ 0 42 52 54 56 39  0 49 50]
  [ 0 43 59 49 58 35 59  0 30]
  [ 0 35 40 38 46 40 56 53  0]]]
 delivery_times
 [[ 0 78 84 99  8 35 18 17 43 24 28 83 43 44 31 87 84 41 23 36 17 23  9 89
   5 12 76 94  4 53 69 77 75 17  1 58 93 52 39 83 95 70 24 97 76  2  9 91
  98 59 10 10 64 69 31 73 36 37 78 77 35  4 38 50 15  1 81 37 44 81 46 58
  96 93 36 38  7 36 69  3 15 13 49 47 63  2 80 82 59 53 76 31 41 66 38 56
   8 35  6 20 37 86 29 91 95 71 56 97 63 44 66  9 35 38 33 93 11  2 65 51
   1 11 85 39 70 54 76 25 94 41 15 53 63 88 25 51 88 69 25 44 99 61  9 83
   9 26 97 56 24 71 28 26 57 77 26  9 39 60 22 45  1]
 [ 0 30 53 29 46 79 59 61 57  3 87 53 39 26 43 91 84 65 38 87 29 22 51  5
  22 61 57 27 68 97 82 71 92 86 98 75 71 63 22 48 58 74 43  3 68 42 54 54
  81 18 46 81 89 56 80 23 99 84 71 56 13 77 65 99 75 96 93 72 13 29 49 58
  28 99 44 36 20 35 22 94 98 26 91 55 95 86  5 57 68 90 45 30 32 60 35 47
  26 48 67 70 43 14 90 15 53 87 17 90 93 37 60 93 14  8 26  1 73 76 21 15
  42 41 31 31 27 56 21 68 93 33 49 80 36 69 10 16 19 84 15 81 46 22 57 51
  95 16 63 37 33 12  7 37 26 35 62 22 39 99 25 43 60]
 [ 0 61 87 28 71 52 50  5 13  6 13 75 29  5 22 20 97 67 88  8 32 78 62 87
  58 94 62 11 85 53 51 18 29 16 15 31 30 87 15 78 53 49 87  3 45 57 60 99
  69 48 88 71  2 89 48 86 77 18 83  7 46 50 36 16 96 30 53 59 71 60 39 40
  24 50 87 55 39 98 81 21 65 92 96 85 52 95 83 74 56 67 49 84 26 61 70 35
  83 65 48 59  6 10 41 21 12  5  4 90 53 94 66 64 51 18 26 87 21 85 24 23
  24 24 77 38 55 78 55 57 77  6 64 98 87 20 37 58 39 51 20 41 96 23 83 74
   1 32 24 95 15 65  8 91 38 16 36 98 59 50 93 37 51]
 [ 0 50 67 96 41 58  1 71 91 41 14 65 22 71 10 71 62 74 75 97 75 88 31  3
  33 57 62 10 29  6 37 11 63 17 33 94 15 29 64 31 19 10 74 12 29  4 83 11
  14 79 77 98 14 35 28 96 64 94 97 66 75 18 67 95 54 22 40 25 65 80 97 70
   2 29 79 15 93 43  7 69 31 15 11 74 68 22 69 17 55 97 34  2 42 76 43 79
  14 32  7 23 78 52 50 61 19  9 67  2 35 68 37 46 49 17 87 53 82  8 37 10
  95 90 73 22 34 99 62 70 34 33 14  3 80 59 24 86 88 93 93 29 16 46 10 40
  20 14 20 11 70 72 94 79 12 28 64 45 29 16 47 48 35]
 [ 0 74 56 53 35 81 53  2 98 55 64 94 89 55 43 36 45  8 37 10 39 54 39 65
  85 47 29 15 15 38 53 33 33  6 24 44 65 80 96 90 66 54 22 92 89 88 19  7
   9 54 60 75 64 46 81 15 76 65 11 62 17 58 22 49 69 15 57 13 32 51 53  4
  26 59 86 92 42 19 16 30 64 19  6 43 12 12 70 26 74 23 40 75 86 44 79 80
  33 22 38 34 23 89 43 20 92 42 63 93 11 53 93 96 52 52 44 21 88 91 98 24
  15  3 33 55 93 99 33 80 75 89 73 89 97 57 45 29  5 10 76 12 90 68 51 26
  19 33  7 14 82 57 33 73 25 98 46 29 67  6 27 37 12]
 [ 0 61 97 96 24 59 44  7 79 91 25 45 54  2 47 89  8 69 11 38 29 92 98 74
  57 74 99 90 16 92 47 41 97 93 27 46  5 14 42 43 25  5 18 31 98 27 46 18
  28 28 88  5 77 10 64 44 25 55 96  8 46 17 78 59 52 75 14 57 69 53 88 48
  89 65 78 73 83 43 30 75 18 41 51  2  4 69  7 16 20 14 22 38 56 22 69 15
  94  8 16 29 47 40 84 67 33 74 19 42 24 58 63 11  2 16 44 68 50 73 80 38
  19 65 16 98 26  4 97 45 28 63  9 89 60 76 96 63 38 34 94 78  7 22 34 63
  69 28 78 23 53  9 44  7 91 37 72 89 49 98 48 31 32]
 [ 0 57 64 35 14 76 22 97 94 28  9 59 29 54 24 78 32 72 21 18 61 29  2 96
  74 99 77 79 89  9 81 92 92  8 36 44 92  3  6 24  8 20 18 65 33 66 77 18
   9 33 93 66 47  2 28 75 13  9 67 80  3 57 47 59 63 49 13 79 21 62 55 28
  63 76 50 98 37 39 13 60 64 28 58 14  7 45  4 43 25 57 16 71 30 76 50  2
  85 81 34 86 83 49  8 24 10 15 73 57 83 92  6 47 76 49 10 36 56 11 61 33
  38 85 88 53 20 98 27 22  4 90 95  7 71 45 81  8 22  7 47 89 64 57 65 59
  92 79 13 69  3 46 95 16 65 42 91  2 57 73 54 30 96]
 [ 0 87 37 31 20  6  3 81 85 91 69 24 68  7 48 88 74 89 43 56 76 53  8 88
  85 14 84 80 44 74 52 10 29 11 64  5 32 90  4 43 79 42 65  3 43 12 48 10
  61 66 72 18 61  6 24 91 74 28 80 12 81 47 43 20 79 70 16 45 99 14  8 98
  60 45 81 94  4 11 64 33 10 29 77 28 20  4 16 86 67 55 97 89 96 76 77 84
  75 89 56 46 12 21  3 72 22  5  2 39 53 26 65 35 21  7 24 68 75 60 89  2
  49 99 23 50 74 34 65 25 39 85 44 71 53 82  3 38 44 43 48 39 99 77 73 36
  57 79 87 46 14 73 37 42  9  2  6 85  9 25 79 18 44]
 [ 0 52 33 41 50 89  7 76 51 55  6  7 44 46 97 52 22 21 13 36 77 21 45 56
  98  5 55 26 54 99 98 86 42 96 98 87 51 63 55 27 32 67 84 41 31 51 74 32
  25 31 72 48 70 24 25 27 16 50 84 54 13 86  2 31 75 60 49 43 19 90 22 25
  69 10 55 78 11 26 32 79 38 29 24  2  3 70 75 22 31 65 43 93 30 39 97  1
   3 75  7 81  3 18 39 86 39 93 70 90 53 66 26  6 94 31 37  6 43 29 93 40
  69  7 63  6  4 27 34  6 56 90 20 27 18 41 13 42 39 53 22 98 27 47 70 19
  76 48 54 96 53 12 96 52 26 61 78 26 25 77 73 85 10]
 [ 0  6 15 11 50  3 51 86 63 21 99 39 87 21 35 70 85 51 59 29 46 84 95 83
  72 44 88 44 82 28 97 14 52 96 46 71  4 74 33 37 99 92 84 88 48 34 33 76
  66 68 66 50 18 79 19 11  5  8 83 81 91 40  6 23 43 63 85 53 45 18 29 58
  35 75 57 56 96 44 45  5 33  5 16 70 74 20 98 74 95 49 67 38 23 13 15 96
   5 59  7 80 21 83 59 55 52 53 67 32 56 29 32 43 45 77 50 91 84 16 56 17
  48 15 60 27 18 29 14 98 35 97 45 64 88 16 23 84 49 87 55 22 96 44 83  9
  17 47 56 54 21 18 14 28 48  3 41 25 81 34 44 79  6]]
 job2fam
 [[1 0 0 0 0 0 0 0 0 0 0 0 0 0 0 0 0 0 0 0 0 0 0 0 0 0 0 0 0 0 0 0 0 0 0 0
  0 0 0 0 0 0 0 0 0 0 0 0 0 0 0 0 0 0 0 0 0 0 0 0 0 0 0 0 0 0 0 0 0 0 0 0
  0 0 0 0 0 0 0 0 0 0 0 0 0 0 0 0 0 0 0 0 0 0 0 0 0 0 0 0 0 0 0 0 0 0 0 0
  0 0 0 0 0 0 0 0 0 0 0 0 0 0 0 0 0 0 0 0 0 0 0 0 0 0 0 0 0 0 0 0 0 0 0 0
  0 0 0 0 0 0 0 0 0 0 0 0 0 0 0 0 0]
 [0 0 0 0 0 0 0 0 0 0 0 0 0 1 0 0 0 0 0 0 0 1 0 1 0 0 0 0 0 1 0 0 0 0 0 0
  0 1 0 1 0 0 0 0 0 0 0 0 0 0 0 0 0 0 0 0 0 0 0 0 0 0 0 0 0 0 0 0 0 0 0 0
  0 0 0 1 0 1 0 0 0 0 0 1 0 0 0 0 0 0 0 0 0 0 0 0 0 0 0 1 1 0 0 0 0 0 1 0
  0 0 0 0 0 0 0 0 0 0 0 0 0 0 0 0 0 0 0 0 0 0 0 1 0 0 0 0 0 0 0 0 0 0 0 0
  0 0 0 0 0 0 1 0 0 0 0 1 0 1 0 0 0]
 [0 0 0 0 0 0 0 0 0 0 1 0 1 0 0 0 0 0 0 0 0 0 1 0 0 0 0 0 1 0 0 0 0 0 0 0
  0 0 0 0 0 0 0 0 0 0 0 0 0 0 0 0 1 0 0 0 1 0 0 0 0 0 0 0 1 1 0 0 0 0 0 1
  0 1 0 0 0 0 0 0 0 0 0 0 0 0 0 0 0 0 0 0 0 0 0 0 0 1 0 0 0 0 0 0 1 0 0 0
  0 0 0 0 0 0 0 0 0 0 1 0 0 0 0 0 0 1 0 0 0 0 0 0 0 0 1 0 0 0 0 1 0 1 0 1
  0 0 0 1 0 0 0 0 0 0 1 0 0 0 0 0 0]
 [0 0 0 0 0 0 1 1 0 0 0 0 0 0 0 0 0 0 1 0 0 0 0 0 1 0 0 0 0 0 0 0 0 0 0 0
  0 0 0 0 0 0 1 0 0 0 1 0 0 0 0 0 0 0 0 1 0 0 0 0 0 0 0 0 0 0 0 1 0 0 0 0
  0 0 0 0 1 0 0 0 0 0 1 0 0 0 0 0 0 0 1 0 0 0 0 0 0 0 0 0 0 0 0 0 0 1 0 0
  0 1 0 0 0 0 0 0 0 0 0 0 0 0 0 1 1 0 0 0 0 0 0 0 1 0 0 0 0 1 0 0 1 0 0 0
  0 1 0 0 0 0 0 0 0 0 0 0 0 0 0 0 0]
 [0 0 0 0 1 0 0 0 0 0 0 0 0 0 0 0 1 1 0 1 0 0 0 0 0 0 0 0 0 0 0 0 0 0 0 0
  1 0 1 0 0 1 0 0 0 0 0 0 0 1 0 1 0 0 0 0 0 0 0 1 0 1 0 0 0 0 0 0 0 0 0 0
  0 0 0 0 0 0 0 0 1 0 0 0 0 0 0 1 0 0 0 0 0 0 0 0 0 0 1 0 0 0 0 0 0 0 0 0
  0 0 1 0 0 0 0 0 0 0 0 0 1 0 0 0 0 0 0 0 1 0 1 0 0 0 0 1 0 0 0 0 0 0 1 0
  0 0 1 0 0 0 0 0 0 0 0 0 0 0 0 0 0]
 [0 0 1 1 0 1 0 0 0 0 0 1 0 0 0 0 0 0 0 0 0 0 0 0 0 1 0 0 0 0 0 0 1 1 0 0
  0 0 0 0 0 0 0 0 1 0 0 1 1 0 1 0 0 0 1 0 0 0 0 0 0 0 0 0 0 0 1 0 1 1 0 0
  0 0 0 0 0 0 0 0 0 0 0 0 1 1 0 0 1 0 0 1 0 0 1 0 0 0 0 0 0 0 0 0 0 0 0 1
  0 0 0 0 0 0 0 1 1 0 0 0 0 1 0 0 0 0 0 0 0 0 0 0 0 1 0 0 1 0 0 0 0 0 0 0
  0 0 0 0 0 0 0 0 0 0 0 0 0 0 0 0 1]
 [0 0 0 0 0 0 0 0 1 1 0 0 0 0 0 0 0 0 0 0 1 0 0 0 0 0 0 0 0 0 0 0 0 0 0 0
  0 0 0 0 0 0 0 0 0 1 0 0 0 0 0 0 0 0 0 0 0 0 0 0 0 0 0 1 0 0 0 0 0 0 0 0
  0 0 0 0 0 0 0 0 0 0 0 0 0 0 1 0 0 0 0 0 1 1 0 1 0 0 0 0 0 0 0 0 0 0 0 0
  0 0 0 0 0 0 0 0 0 0 0 1 0 0 1 0 0 0 0 0 0 1 0 0 0 0 0 0 0 0 1 0 0 0 0 0
  0 0 0 0 1 1 0 1 0 0 0 0 0 0 0 0 0]
 [0 1 0 0 0 0 0 0 0 0 0 0 0 0 0 1 0 0 0 0 0 0 0 0 0 0 1 1 0 0 1 1 0 0 1 1
  0 0 0 0 0 0 0 1 0 0 0 0 0 0 0 0 0 0 0 0 0 0 0 0 1 0 0 0 0 0 0 0 0 0 1 0
  0 0 0 0 0 0 0 1 0 0 0 0 0 0 0 0 0 0 0 0 0 0 0 0 1 0 0 0 0 1 1 1 0 0 0 0
  1 0 0 1 0 1 0 0 0 0 0 0 0 0 0 0 0 0 1 0 0 0 0 0 0 0 0 0 0 0 0 0 0 0 0 0
  1 0 0 0 0 0 0 0 1 1 0 0 1 0 1 1 0]
 [0 0 0 0 0 0 0 0 0 0 0 0 0 0 1 0 0 0 0 0 0 0 0 0 0 0 0 0 0 0 0 0 0 0 0 0
  0 0 0 0 1 0 0 0 0 0 0 0 0 0 0 0 0 1 0 0 0 1 1 0 0 0 1 0 0 0 0 0 0 0 0 0
  1 0 1 0 0 0 1 0 0 1 0 0 0 0 0 0 0 1 0 0 0 0 0 0 0 0 0 0 0 0 0 0 0 0 0 0
  0 0 0 0 1 0 1 0 0 1 0 0 0 0 0 0 0 0 0 1 0 0 0 0 0 0 0 0 0 0 0 0 0 0 0 0
  0 0 0 0 0 0 0 0 0 0 0 0 0 0 0 0 0]]
