params：
 weight-->(1, 10)
 proc_times-->(1, 100)
 setup_times-->(30, 60)
 delivery_times-->(170, 200)
 job_rate-->16

start:
alpha_1
16
 alpha_2
1.0
 mach
10
 job
160
 fam
12
 weigh
 [[0 8 8 2 9 8 7 7 7 3 3 3 3 7 5 4 1 7 2 6 8 1 7 8 6 8 6 1 3 1 8 4 5 6 3 6
  5 9 1 3 4 1 5 8 9 2 9 4 4 4 9 3 5 7 5 9 7 1 1 2 4 8 9 8 1 4 5 8 3 4 3 9
  2 2 4 6 7 3 4 9 7 2 7 8 1 6 3 3 1 6 5 7 6 6 7 6 4 5 8 5 6 3 8 6 6 7 2 9
  6 1 8 5 9 5 8 7 1 9 3 8 4 7 9 2 8 8 1 4 8 7 2 1 9 4 9 7 9 5 4 3 6 1 9 8
  2 3 8 3 6 8 8 6 7 2 1 4 9 6 7 3 6]]
 proc_times
 [[  0  80  44  56  92  30   4  11  74  96  30  98  54  70  94  90  91  57
   44  11   4  45  25  24   8  59  63  93  89  13  31  59 100  39  58  80
   48  20  40  73  60  51  99  72  39  54  28  91  98  54  79  26  52  64
   53  42   3  70  82  13  96  29  56  28  20  27  22  99  88   8  46   4
  100  58  24  47  49  46  79  27  65  92  10  25  38  28  72 100  91  10
   16  52  95  51  20  10  22  57  13  94   9  14  99  98  75  62  24   6
   77   5  30  99  71   7  65  11  62  98  21  58  47 100  60  76  24  53
   33  54  26  28  95  57  86  22  48  65  77  44  19  52  93  78  22  24
   82  41  29  22  72  20  59  49  46  26  15  49  64   1  77  44  19]
 [  0  93  12  19  34   4  19  84  28  71   8  68   7  95  24   7  82  99
    4   5  87  97  42  70  35  96  79  12  79   6  74  18  92  85  18  81
   63  17  41  28  19  65  61  79  69  58  15  46  86  10  95  37  41  63
   30  38  45  88   2  24  66  64  67  97  20  53  49  97  46  19  50  81
   42  64  76  23  31  32  55  65  61   5  82  83   5  56  47   3  67  68
   13  73  96  38  45   8  42   3  22  29   5  77  88   1  99  73  37  51
   65  50  83  20  79  79  33  77  14  37  73  42  22  83  23  37  43  99
   26  11  23  80  69   6  12  97  71  51  41  55  13  10  36  71  82  64
   60  98  79  58  59  54  39  69  80  33  89  45  22  52  28  32  85]
 [  0  45  47  43  67  24  55  93  99  93  41  52  73  69  58  67  17  50
   48  17   2  72  99  70  40   7  87  87   8  10   6  50  81  18  53  53
   97  70  23  14  90  65  47  16  15   6  70  74  87  27  53  62  20  65
   87  30  15  71  70  60  16   6  27  88  33  40  34  48  55  78  43  75
   29  24  24  58  36  30  85  80   5  24  13  59  40  97  36  93  91  28
   18  34  70  26  89  43  97  46  70  69  19  33  39  75  59   5  68  79
   86  88  51  16  87  44  14  72  57  71  15  45  89  11  31  97  45  10
   82  10  16  16  13   5   5  11  86   9  30  74   5  11  53  47  56  98
   87  56  10  42  96   9  60  97  33  52  11  70  65  30  97  91  29]
 [  0  52  39  49  81  88  60  92  27  95  68  68  88  59  80  99  74  72
   62  80  69  49  39  84  40  53   7  64  73  57  98  40 100  14   1  26
   49  52  37  22  31  40  21  52  48  36  56  52  24  65  62  70  28  21
   13  69  81  39  67  66 100  57  55  80 100  90  76  51  10  51  82  47
   14  25  53  88  60  78  40  17  40  25  87  25  64  18  11   9  12  99
   28  69  76  90  81  49  45  14  50  50  17  66  17  28  15  77  41  85
   32  88  29  70  14   3  66  94  83  16  60  15   8  32  15  99  62  84
    9  91  18  50  50  50  51  20  68  82  68  17  99  51   6   2  98  84
   88  52  54   3  16  10  36  80  30  35  42  16  28  31  84  30  33]
 [  0   8  80  40  25  68  23   3  29  24  81  68  33  59  88  17  96  15
   98  49  54  62  94  77   4  98  65  86  71  17  55  79  63  96  12  35
   96  11   2  10  28  39  80  86  12   2  58  51  13  55  19  69  35  55
   84  53  27  67  89  45  78  19  36  40  73  86  33  70  12  84  93  11
   84   2  20  95  21  10  83  43  16  59  60  93  86  84  94  55  75  21
    8  47  16  73  75  52  21  89  82   4  58  19  54  15  98  56  18  49
   76  67  65  29  28  19  83  16   5  60  67  39  27  99  87  70  91  20
   14 100  76  60  32  93  57  20  51   6  84  78  64  56  52  33  11  36
   67  17  87  99  29  26  42  40  16  52  96  64  50  97  10  14  55]
 [  0  95  50  95  91  21  32  39  24  12  42  10  36  68  93  95  89  81
   64  38  49  92  45  50  42  76  12   6  36  13 100  77  24   6   7  89
   99  27   4  80  21  29  29   2  67   3  12  18  88  37  27  93  96  81
   74  57  32  59  78  69  22  17  26  51  37  34  22  31  12 100  89  54
   56   3  87  18  24  33   2  87  14  79  78  96  81  71  32  66  39  17
   73   9  78  42   8  98  37  25  37  32  14  86   9   5  58  34  24   4
   58  60  78  26   7 100  12  86  17  42  23  87  50  85  58  58  58  41
   66   5   5  16 100  97  25  38  91  29  19  57  85  22  65  31   9   2
    6  68  61  95  48  75   5  56  67  72   9  78  94  27  23  33  99]
 [  0  95  85  17 100  98  16  13  48  95  44  11  97  65  20  47  93  40
   83   6  14  64  46  68  21  13   9  89  24  89   1  89  72  33  20  86
   12  42  26   3  64  80  66  91  39  87  83  10   7  19  19  99  58  82
   37  19  82  37  98  51   5  25  74  30  88  64  34  44  54  57  47  33
   71  35  29 100  32  34  72   9   6  32  70  28  90  85   1  30   7  65
    4  47  20  57  99  72  35   4  66  95  18   6  15  81  67  77  41  18
   80  57  93  11   3  13  18  50  35   8  23  68   9  90  22  59  87  32
    8  17  35   2  88  88  68  99  32  47  91  83   4  76  57   7  42  85
   96  63  60  20  58  16  59  17  53  91  20  35  63  54  74  29  22]
 [  0  63  31  11  29  58  11  48  81  89  58  60  37   9  30  28  73  78
   89   7  13  60  35  74  81  83   4  28  49  93  14  11  44  24  97  69
   87  90  97  40   9   5  32  59   4   3  64  21  11  71  58  16  40  35
   86  63  58  41  50  92  17  80  34  56  50  19  46  19  70  29  89  34
    6  91  34  60   1  57  62  65  52  60  23  55  83  16  79  61  32  12
   44  73  27  41  66  32  69  32  94 100  11  80  10  48  19  74  99  84
   25  49  90  54  76  73  62  95  70  21  79  72  27   8  85  51   6  78
   48   9  75  38  35  56  51  67  69  91  21  68   4  82  65  66  83  21
   17  22  57  44   4  89  88  43  22  81  11  10  23  31  74  27  89]
 [  0  92  94  17 100  56  15  98  64  57  98  35  50   2  46  15   9  96
   86  80  54  28  66  22  44   9  60  28  92  56  57  16   3  64  76  66
   29  90  43  39  35  93   9  28  15  71  30  40  90  20  35  40  41  42
   64  77  67  74  45  85  98  99  78  49  81  58  79  43  31  51  89  13
   29  42  17  84   5  72  38  44  19   3  94  47  45   3  34  90  10  17
   99  35  91  98  77  55  74  98  82  92  69  62  39  26  40  54  67  32
   60  21  28  78  80  25  12   4  81  27  52  73  15  42  87  74  37  22
   86  32  46 100  95  49  52  95  77   1  46   8  89   3  91  83  92  78
   24  89  37  74  94  36  60  83  31   4   7  98  22  50  28  62  24]
 [  0  55  57  89  87  98  54  32  45  83  92   9  95  70  34  86  15  96
   42  26   2  69  86   1  56   7  15  48  51 100  98  32  51  49  28  82
   45  17  88  97  77  92  20   3  54  61  68  59  98  73  93  68  68  67
   30  82  30  19   9  46  88  79  42  66  64   3  65  25  20  79  87  86
   16  17  49  81  47  26  95  36  68  92  93  76  49  82  63  36   8  49
   18  67   9  41  79  48   1  50   3   8  38  42  47  68  57  50  28  11
    7  17  94  29  11  49  11  76  25  73  26   6   7  74  25  27  47  84
   74  31  50  43   5  98  83  45  91  90  99  36  27  82 100  46  55  90
   90  67  60  66  23  34  98  31   9  92  82  63   6   2  19  96  26]]
 setup_times
 [[[ 0 38 49 46 49 39 47 59 37 53 48 51 56]
  [ 0  0 41 46 32 47 42 50 41 30 51 49 37]
  [ 0 33  0 37 33 48 36 57 43 55 30 35 44]
  [ 0 52 30  0 40 53 46 53 48 39 41 32 48]
  [ 0 42 32 41  0 58 51 35 44 44 53 58 56]
  [ 0 33 55 32 44  0 44 39 46 55 45 32 32]
  [ 0 48 53 41 49 36  0 49 32 31 38 35 54]
  [ 0 53 59 39 32 47 45  0 49 48 34 44 56]
  [ 0 45 30 57 54 42 32 50  0 45 43 57 46]
  [ 0 50 58 34 49 38 40 44 31  0 38 36 51]
  [ 0 35 53 54 59 35 33 57 47 43  0 54 45]
  [ 0 30 47 59 54 57 44 39 48 48 40  0 59]
  [ 0 43 47 42 39 34 48 47 44 35 32 46  0]]

 [[ 0 55 30 37 50 30 31 38 32 59 38 33 31]
  [ 0  0 42 42 42 50 57 36 49 49 55 44 56]
  [ 0 33  0 32 41 41 43 34 45 57 59 58 57]
  [ 0 52 45  0 43 59 41 46 41 55 59 35 31]
  [ 0 55 56 49  0 58 41 34 53 39 39 38 47]
  [ 0 53 58 41 54  0 54 51 33 45 58 35 46]
  [ 0 35 53 42 57 56  0 54 52 39 56 36 42]
  [ 0 50 51 37 44 46 56  0 40 40 31 31 36]
  [ 0 42 41 44 42 46 40 50  0 32 54 56 50]
  [ 0 59 34 42 48 33 49 48 32  0 57 47 37]
  [ 0 35 31 34 53 44 50 48 46 35  0 53 46]
  [ 0 40 41 47 48 58 55 42 54 40 54  0 39]
  [ 0 47 52 48 34 51 58 36 30 56 49 37  0]]

 [[ 0 31 51 39 36 52 53 41 51 51 55 40 32]
  [ 0  0 59 31 51 51 39 35 34 51 42 37 57]
  [ 0 59  0 48 36 32 55 44 32 51 51 49 31]
  [ 0 56 48  0 53 49 49 43 45 53 45 33 32]
  [ 0 40 42 43  0 32 36 40 43 51 57 54 33]
  [ 0 34 50 34 35  0 45 33 43 58 46 44 52]
  [ 0 49 57 45 34 30  0 48 48 45 53 33 51]
  [ 0 58 31 38 52 36 47  0 33 31 50 52 45]
  [ 0 43 57 57 50 44 59 53  0 54 50 34 52]
  [ 0 52 49 49 34 35 32 54 44  0 58 46 54]
  [ 0 36 57 55 40 55 33 48 44 36  0 59 34]
  [ 0 56 42 44 37 54 50 56 34 59 40  0 45]
  [ 0 41 33 58 45 49 45 34 34 50 30 58  0]]

 [[ 0 39 46 45 30 57 50 57 59 59 44 34 42]
  [ 0  0 50 34 30 39 48 36 45 48 44 40 58]
  [ 0 57  0 39 50 56 57 43 38 45 54 33 57]
  [ 0 30 47  0 31 53 38 42 36 51 32 48 34]
  [ 0 35 55 49  0 41 49 44 49 30 44 33 37]
  [ 0 36 38 34 40  0 51 36 59 47 37 41 36]
  [ 0 50 44 49 48 35  0 35 46 47 46 53 52]
  [ 0 56 55 38 53 36 50  0 37 44 32 46 31]
  [ 0 31 50 31 33 33 56 35  0 43 51 52 50]
  [ 0 30 56 59 49 35 31 32 45  0 50 52 40]
  [ 0 42 51 35 46 39 45 35 52 55  0 42 59]
  [ 0 32 47 56 54 44 44 46 35 31 37  0 55]
  [ 0 59 37 50 53 38 34 40 36 32 52 50  0]]

 [[ 0 55 46 51 34 52 58 52 31 38 58 38 55]
  [ 0  0 53 53 56 46 31 45 34 35 53 42 31]
  [ 0 42  0 39 57 33 37 53 32 57 47 38 31]
  [ 0 52 44  0 36 37 43 51 58 44 45 44 47]
  [ 0 33 36 53  0 42 44 36 31 40 32 41 46]
  [ 0 38 33 51 36  0 35 51 44 41 36 54 39]
  [ 0 57 55 49 51 56  0 37 32 48 41 51 51]
  [ 0 43 31 50 51 41 36  0 41 35 48 47 50]
  [ 0 37 48 38 31 39 58 42  0 46 38 36 53]
  [ 0 33 45 48 30 54 52 46 38  0 54 51 38]
  [ 0 44 36 44 57 58 32 51 42 36  0 44 50]
  [ 0 49 30 39 53 33 38 53 31 37 35  0 40]
  [ 0 52 31 52 32 32 42 57 50 46 43 41  0]]

 [[ 0 52 54 48 33 30 54 49 34 52 30 41 57]
  [ 0  0 33 40 40 54 54 30 32 50 47 47 34]
  [ 0 48  0 51 35 32 40 30 48 55 41 34 36]
  [ 0 42 55  0 35 33 46 45 41 52 49 37 42]
  [ 0 42 58 40  0 40 36 56 30 58 39 45 35]
  [ 0 30 55 45 37  0 43 43 45 32 37 40 38]
  [ 0 54 34 49 33 38  0 58 57 49 33 40 46]
  [ 0 57 30 44 43 31 54  0 40 30 51 47 41]
  [ 0 32 43 33 45 33 41 45  0 31 34 35 35]
  [ 0 36 40 31 30 55 34 47 51  0 31 34 38]
  [ 0 54 35 35 31 59 58 33 37 34  0 58 34]
  [ 0 39 39 54 47 42 31 52 35 35 38  0 40]
  [ 0 32 57 41 52 30 45 33 52 43 37 38  0]]

 [[ 0 56 57 58 57 54 50 35 58 44 54 30 50]
  [ 0  0 37 42 56 41 52 47 31 30 38 51 53]
  [ 0 52  0 40 51 46 30 38 36 57 46 53 51]
  [ 0 41 48  0 40 33 53 53 36 57 32 54 30]
  [ 0 59 31 36  0 39 43 56 33 44 59 41 44]
  [ 0 39 58 39 51  0 53 47 55 56 50 33 52]
  [ 0 37 47 33 48 43  0 38 54 32 39 30 55]
  [ 0 44 59 46 46 56 57  0 49 37 34 42 46]
  [ 0 56 50 42 51 51 36 42  0 42 49 57 45]
  [ 0 34 33 38 43 54 49 39 53  0 55 40 39]
  [ 0 41 59 46 43 48 43 30 44 40  0 43 36]
  [ 0 49 51 52 31 49 52 37 58 33 50  0 46]
  [ 0 41 30 49 44 56 50 59 49 43 36 55  0]]

 [[ 0 42 46 42 31 46 48 50 32 30 48 42 38]
  [ 0  0 52 59 42 59 58 44 55 49 53 38 56]
  [ 0 37  0 48 56 56 42 53 38 49 36 59 52]
  [ 0 51 40  0 33 59 53 58 58 39 40 49 53]
  [ 0 30 30 50  0 35 45 41 40 44 57 55 46]
  [ 0 54 44 36 39  0 38 40 50 33 42 39 49]
  [ 0 45 42 58 41 52  0 51 32 35 30 44 48]
  [ 0 50 55 37 56 47 37  0 55 39 55 43 55]
  [ 0 49 56 53 45 58 42 45  0 38 43 48 54]
  [ 0 58 52 58 38 30 44 53 34  0 47 50 43]
  [ 0 55 39 42 57 47 37 57 35 45  0 55 33]
  [ 0 32 38 42 45 41 33 49 34 47 35  0 52]
  [ 0 54 52 52 36 38 37 31 57 38 46 30  0]]

 [[ 0 46 57 59 33 44 53 46 44 31 51 58 37]
  [ 0  0 57 57 43 47 35 46 34 40 31 39 31]
  [ 0 52  0 43 59 46 41 34 58 44 50 36 43]
  [ 0 31 50  0 45 34 48 59 58 36 58 40 59]
  [ 0 46 51 48  0 43 35 47 48 39 42 40 45]
  [ 0 46 54 35 39  0 42 56 39 30 45 57 31]
  [ 0 47 41 40 53 49  0 39 47 36 36 35 38]
  [ 0 42 55 35 47 43 39  0 43 55 59 48 48]
  [ 0 57 56 59 43 36 49 51  0 36 40 33 38]
  [ 0 42 57 47 44 48 55 54 49  0 48 39 31]
  [ 0 38 48 48 50 52 37 43 46 30  0 34 34]
  [ 0 34 31 38 31 53 52 40 47 41 57  0 35]
  [ 0 52 39 43 46 55 39 33 49 31 32 52  0]]

 [[ 0 31 59 58 52 42 46 54 52 55 31 49 39]
  [ 0  0 50 54 47 47 51 44 34 57 32 45 44]
  [ 0 41  0 36 48 31 53 47 59 53 52 47 47]
  [ 0 48 53  0 52 35 51 49 48 50 31 40 33]
  [ 0 45 47 51  0 56 36 44 58 30 30 39 30]
  [ 0 57 58 57 48  0 50 50 33 38 48 42 47]
  [ 0 59 31 37 33 33  0 36 57 57 46 56 51]
  [ 0 34 42 43 56 40 41  0 53 32 33 34 46]
  [ 0 57 53 40 39 47 45 43  0 52 37 38 43]
  [ 0 43 39 59 38 33 46 53 53  0 46 34 50]
  [ 0 52 43 55 49 52 48 33 30 33  0 50 44]
  [ 0 34 42 50 35 43 38 41 44 54 54  0 50]
  [ 0 59 35 43 44 47 38 46 30 50 55 43  0]]]
 delivery_times
 [[  0 187 191 174 182 191 194 181 173 179 179 192 190 189 176 182 180 191
  195 175 192 177 193 184 178 189 172 198 176 194 193 179 172 178 193 183
  186 171 176 177 185 188 173 186 194 197 193 194 194 182 171 194 195 196
  188 193 183 181 192 198 182 178 193 182 181 171 183 192 189 187 190 182
  195 174 196 182 191 170 185 193 180 194 191 185 173 170 182 187 198 192
  188 184 170 172 197 176 194 198 183 181 181 182 176 187 172 184 175 193
  196 192 188 180 186 184 194 171 197 175 177 199 172 196 172 195 190 182
  183 186 192 175 185 186 178 196 173 196 189 192 190 195 195 177 175 187
  191 181 192 180 192 170 173 181 177 179 174 174 188 170 179 189 172]
 [  0 182 189 197 195 176 171 187 184 193 184 174 176 181 179 197 171 179
  181 197 198 179 170 196 183 170 190 170 184 193 179 177 175 186 189 194
  198 184 172 190 170 186 197 172 182 174 195 189 174 190 172 184 184 175
  189 175 182 174 184 179 184 174 183 184 196 179 183 184 177 188 173 186
  193 190 170 184 183 191 181 187 179 188 174 174 186 172 193 186 170 173
  187 172 178 174 183 173 171 178 171 193 170 183 192 174 196 184 194 171
  184 194 173 176 198 188 181 198 191 184 198 190 177 179 184 194 182 171
  177 171 180 171 195 176 175 190 173 187 191 193 198 196 177 177 188 170
  182 183 185 199 177 190 186 179 185 199 186 184 181 188 174 170 191]
 [  0 176 184 172 183 180 198 185 194 172 189 171 190 185 197 180 196 192
  188 180 190 181 190 198 194 181 171 193 192 198 176 199 175 174 198 185
  189 186 191 178 182 185 189 172 171 170 180 190 171 190 191 183 178 182
  170 194 176 178 174 193 185 197 199 188 175 173 173 180 171 183 198 195
  196 170 175 187 175 174 197 185 184 187 189 192 183 184 187 178 192 198
  173 176 176 187 183 177 196 192 196 189 179 197 195 197 187 194 182 180
  175 181 170 179 184 175 180 195 171 187 192 198 185 194 186 174 186 171
  195 194 197 191 190 192 181 171 172 171 187 177 192 198 182 193 191 188
  189 180 172 184 170 178 175 190 177 184 197 188 198 196 176 177 188]
 [  0 175 178 173 188 190 190 197 181 197 197 186 179 193 178 176 194 172
  170 188 170 186 195 181 194 187 185 190 189 184 195 199 187 199 194 188
  191 190 197 189 187 187 191 175 190 189 188 188 181 187 170 199 184 176
  184 192 170 180 172 172 184 182 177 195 175 174 171 174 195 196 172 179
  195 196 195 173 199 192 176 174 183 199 184 171 174 181 196 195 195 172
  173 170 186 180 191 179 191 180 190 196 172 197 187 182 184 185 197 176
  171 189 191 195 194 172 196 191 199 188 170 185 191 197 184 192 198 197
  184 193 174 182 179 194 179 185 188 170 193 170 199 183 188 184 180 187
  175 180 188 190 193 179 182 189 174 174 178 185 184 170 197 196 170]
 [  0 189 187 192 182 194 175 185 189 178 192 175 181 184 188 179 170 191
  170 199 183 197 192 182 178 183 175 193 179 185 172 175 189 173 184 170
  181 183 195 198 173 197 192 192 172 186 180 182 194 190 181 197 176 191
  184 177 175 194 196 197 181 197 194 186 180 186 191 176 171 195 199 192
  190 187 179 177 194 179 180 194 188 190 182 177 171 187 185 191 193 192
  187 198 187 182 173 181 195 180 172 190 183 199 180 176 187 170 176 181
  177 171 197 199 182 198 176 183 181 195 171 181 198 187 178 179 191 174
  179 194 191 179 186 196 193 192 185 191 185 191 187 195 173 184 172 192
  189 180 185 192 175 177 198 197 180 181 182 191 191 172 192 193 192]
 [  0 195 181 170 187 194 173 192 198 176 172 190 190 181 185 191 198 183
  172 181 171 184 196 175 197 186 186 197 170 178 181 176 196 188 180 194
  176 187 190 171 184 176 177 180 188 181 186 182 185 196 197 181 180 176
  183 173 179 193 193 174 185 178 178 185 198 179 182 183 180 176 175 177
  199 196 172 184 172 198 194 197 198 184 193 174 197 184 170 197 187 191
  170 192 183 173 176 195 174 188 186 190 190 190 198 182 194 171 187 198
  178 186 186 189 189 190 185 196 189 195 171 178 198 177 193 193 182 176
  173 190 192 173 194 191 178 191 199 173 175 171 176 197 195 170 193 170
  191 196 184 193 171 184 172 178 178 189 173 184 180 176 192 196 180]
 [  0 173 189 175 172 186 193 175 175 183 196 171 198 183 171 185 190 199
  180 190 197 185 173 174 193 179 184 183 195 178 186 177 198 182 176 178
  183 198 180 173 190 198 184 190 182 194 192 194 182 187 183 190 178 184
  199 181 182 175 196 184 198 180 179 190 170 197 188 177 171 180 179 174
  177 178 185 177 191 180 196 196 183 188 185 196 174 198 198 170 190 185
  182 194 170 180 170 182 171 185 192 199 192 189 196 186 187 190 199 179
  193 175 199 186 182 173 194 172 186 171 199 190 190 178 173 178 183 196
  185 197 179 192 185 185 171 192 196 194 181 172 194 170 188 192 171 177
  177 197 183 193 187 186 197 183 184 194 192 179 187 177 177 174 187]
 [  0 180 181 192 171 189 173 183 172 175 180 184 197 179 173 179 182 170
  196 176 182 190 199 194 181 193 196 185 179 194 180 188 179 198 189 170
  182 188 185 181 180 188 193 180 171 194 173 176 197 191 191 198 180 186
  191 188 170 197 175 185 175 172 173 174 196 177 174 199 185 183 173 197
  175 198 192 182 198 180 191 196 181 189 177 185 193 190 197 171 199 172
  189 171 172 189 187 187 182 177 189 188 196 173 190 174 181 185 188 181
  196 175 181 197 191 173 194 178 174 186 182 172 190 173 197 189 173 179
  173 185 171 186 196 180 191 191 182 187 178 172 175 196 185 185 191 170
  180 172 179 180 187 186 171 186 182 171 198 179 194 179 181 170 170]
 [  0 190 186 174 184 194 173 199 172 194 188 188 190 192 198 186 187 197
  195 193 191 199 190 186 170 175 195 190 176 190 183 196 181 198 192 190
  177 198 170 191 173 180 180 174 185 192 185 174 186 193 170 186 197 181
  187 181 177 182 184 199 199 188 178 171 171 189 198 175 185 182 188 188
  189 172 180 186 174 192 172 174 187 188 178 180 174 179 181 191 196 171
  192 181 175 188 188 183 195 176 189 172 179 174 170 170 186 180 183 176
  192 171 190 171 191 176 183 194 195 196 198 195 186 197 170 174 178 193
  196 195 175 185 170 172 182 177 195 197 170 183 181 182 190 189 194 192
  196 177 179 184 191 172 197 192 170 197 195 171 178 172 196 184 174]
 [  0 191 172 184 175 192 183 190 182 187 174 197 196 181 172 178 198 171
  182 179 178 178 192 197 194 191 170 199 178 188 185 191 180 173 189 195
  193 187 194 190 188 194 174 190 188 185 186 185 173 175 185 190 185 198
  187 178 190 192 186 183 196 191 191 188 175 176 184 174 186 193 188 188
  173 196 173 185 172 185 192 177 180 197 194 195 197 198 185 188 177 177
  199 180 193 186 180 197 171 174 178 186 193 183 176 196 197 193 198 180
  193 176 185 187 199 194 173 187 193 199 175 180 193 190 171 185 180 197
  189 191 193 184 192 187 183 193 176 180 176 198 182 194 182 181 189 186
  195 179 185 170 194 197 183 193 182 182 180 189 177 179 199 189 170]]
 job2fam
 [[1 0 0 0 0 0 0 0 0 0 0 0 0 0 0 0 0 0 0 0 0 0 0 0 0 0 0 0 0 0 0 0 0 0 0 0
  0 0 0 0 0 0 0 0 0 0 0 0 0 0 0 0 0 0 0 0 0 0 0 0 0 0 0 0 0 0 0 0 0 0 0 0
  0 0 0 0 0 0 0 0 0 0 0 0 0 0 0 0 0 0 0 0 0 0 0 0 0 0 0 0 0 0 0 0 0 0 0 0
  0 0 0 0 0 0 0 0 0 0 0 0 0 0 0 0 0 0 0 0 0 0 0 0 0 0 0 0 0 0 0 0 0 0 0 0
  0 0 0 0 0 0 0 0 0 0 0 0 0 0 0 0 0]
 [0 0 0 0 0 0 0 0 0 0 0 0 0 0 0 0 0 0 0 0 0 0 0 0 0 0 0 0 0 0 0 0 0 0 0 0
  1 0 0 0 0 0 0 0 0 0 0 0 0 0 0 1 0 0 1 0 0 0 0 0 1 1 0 0 0 0 0 0 0 1 0 0
  0 0 0 0 0 1 0 0 0 0 0 0 0 0 0 1 0 0 0 0 0 0 0 0 0 0 0 0 0 0 0 0 0 0 1 0
  0 0 0 0 0 0 0 0 0 0 0 0 0 0 0 1 0 0 0 0 0 0 0 1 0 0 1 0 0 0 0 0 0 0 0 0
  0 0 0 0 0 0 0 0 0 0 0 0 0 0 0 0 0]
 [0 0 0 1 1 1 0 0 0 0 1 0 0 0 1 0 0 0 0 0 0 0 0 0 0 0 0 0 0 0 0 0 0 0 0 0
  0 0 0 0 0 0 0 0 0 0 0 0 0 0 0 0 0 0 0 0 1 0 0 0 0 0 0 1 0 0 0 0 0 0 0 0
  0 1 0 0 0 0 0 0 0 0 0 0 0 0 0 0 0 0 0 0 0 0 0 0 0 0 0 0 1 0 0 0 0 0 0 0
  0 0 0 0 0 0 0 0 0 1 0 0 1 0 0 0 0 0 0 0 0 0 0 0 0 0 0 0 0 0 0 0 0 0 0 0
  0 0 0 0 0 0 0 0 0 0 1 0 0 0 0 0 0]
 [0 0 0 0 0 0 0 0 0 0 0 0 0 0 0 0 0 0 1 0 0 0 0 0 0 0 1 0 0 0 1 0 0 0 0 0
  0 0 0 0 0 0 0 0 0 0 0 0 0 0 0 0 0 0 0 0 0 0 0 0 0 0 0 0 1 0 0 1 0 0 0 0
  0 0 1 1 0 0 0 0 0 0 0 0 0 0 1 0 0 0 0 0 0 0 0 0 0 0 0 0 0 0 0 1 0 0 0 0
  0 1 0 0 0 0 0 0 0 0 0 0 0 0 1 0 0 0 0 0 0 0 1 0 0 0 0 0 0 0 0 0 0 0 0 0
  0 0 0 0 0 0 1 0 0 0 0 0 0 0 0 0 0]
 [0 0 1 0 0 0 0 0 0 0 0 0 0 0 0 1 0 0 0 0 0 0 0 0 0 0 0 0 0 0 0 0 0 0 0 1
  0 0 1 0 0 1 0 0 0 0 0 0 0 1 1 0 0 0 0 0 0 0 0 0 0 0 0 0 0 0 0 0 0 0 0 0
  0 0 0 0 0 0 0 0 0 0 0 0 0 0 0 0 0 0 0 1 0 0 0 1 0 0 1 0 0 0 0 0 0 1 0 0
  1 0 1 0 0 0 0 0 0 0 1 1 0 0 0 0 0 1 0 0 0 0 0 0 0 0 0 0 0 0 0 0 0 0 0 0
  0 0 1 0 0 0 0 0 0 0 0 0 0 0 0 0 0]
 [0 0 0 0 0 0 1 0 0 0 0 1 0 0 0 0 0 0 0 0 0 1 0 0 0 0 0 0 0 0 0 0 0 0 0 0
  0 0 0 0 0 0 0 0 0 0 0 1 0 0 0 0 1 0 0 0 0 0 0 0 0 0 0 0 0 1 0 0 0 0 0 0
  0 0 0 0 0 0 0 0 1 0 0 0 0 0 0 0 1 0 0 0 0 0 0 0 0 0 0 0 0 0 0 0 0 0 0 0
  0 0 0 1 0 0 1 0 0 0 0 0 0 0 0 0 0 0 0 1 0 0 0 0 0 1 0 0 0 0 0 0 0 0 0 0
  0 0 0 0 0 0 0 0 0 0 0 0 0 0 0 0 0]
 [0 1 0 0 0 0 0 0 0 0 0 0 0 0 0 0 1 1 0 0 0 0 0 0 0 0 0 0 0 0 0 1 0 0 0 0
  0 0 0 0 0 0 0 0 0 1 0 0 0 0 0 0 0 0 0 0 0 0 0 0 0 0 0 0 0 0 1 0 0 0 0 0
  0 0 0 0 0 0 0 0 0 0 1 1 0 0 0 0 0 0 0 0 0 0 0 0 0 0 0 0 0 0 0 0 0 0 0 0
  0 0 0 0 0 0 0 0 0 0 0 0 0 0 0 0 0 0 0 0 0 0 0 0 0 0 0 0 0 0 0 0 0 0 0 1
  0 0 0 0 0 0 0 1 0 0 0 0 0 0 1 0 0]
 [0 0 0 0 0 0 0 0 0 1 0 0 0 1 0 0 0 0 0 0 0 0 0 1 0 0 0 0 1 0 0 0 0 1 0 0
  0 0 0 0 0 0 1 0 1 0 0 0 0 0 0 0 0 0 0 0 0 0 1 0 0 0 0 0 0 0 0 0 0 0 0 1
  0 0 0 0 0 0 0 0 0 0 0 0 1 0 0 0 0 1 0 0 0 1 0 0 0 0 0 1 0 0 0 0 1 0 0 1
  0 0 0 0 0 0 0 0 1 0 0 0 0 0 0 0 0 0 0 0 0 0 0 0 0 0 0 0 0 0 0 0 0 0 0 0
  0 0 0 0 0 0 0 0 0 1 0 1 0 0 0 1 0]
 [0 0 0 0 0 0 0 0 0 0 0 0 0 0 0 0 0 0 0 0 0 0 1 0 0 0 0 0 0 0 0 0 0 0 0 0
  0 0 0 0 0 0 0 0 0 0 0 0 1 0 0 0 0 0 0 1 0 1 0 0 0 0 1 0 0 0 0 0 1 0 0 0
  0 0 0 0 0 0 0 0 0 1 0 0 0 0 0 0 0 0 0 0 0 0 1 0 0 0 0 0 0 0 0 0 0 0 0 0
  0 0 0 0 0 1 0 0 0 0 0 0 0 0 0 0 1 0 0 0 0 0 0 0 0 0 0 0 0 0 0 1 0 0 0 0
  1 1 0 0 1 0 0 0 0 0 0 0 0 1 0 0 1]
 [0 0 0 0 0 0 0 1 0 0 0 0 0 0 0 0 0 0 0 1 0 0 0 0 0 0 0 0 0 0 0 0 0 0 1 0
  0 0 0 0 0 0 0 0 0 0 0 0 0 0 0 0 0 0 0 0 0 0 0 0 0 0 0 0 0 0 0 0 0 0 0 0
  0 0 0 0 0 0 0 0 0 0 0 0 0 0 0 0 0 0 0 0 1 0 0 0 1 0 0 0 0 0 0 0 0 0 0 0
  0 0 0 0 0 0 0 0 0 0 0 0 0 0 0 0 0 0 0 0 1 0 0 0 0 0 0 0 0 0 0 0 0 0 1 0
  0 0 0 0 0 1 0 0 0 0 0 0 0 0 0 0 0]
 [0 0 0 0 0 0 0 0 0 0 0 0 0 0 0 0 0 0 0 0 0 0 0 0 0 0 0 0 0 0 0 0 0 0 0 0
  0 0 0 0 0 0 0 0 0 0 0 0 0 0 0 0 0 1 0 0 0 0 0 1 0 0 0 0 0 0 0 0 0 0 1 0
  0 0 0 0 1 0 1 0 0 0 0 0 0 1 0 0 0 0 1 0 0 0 0 0 0 0 0 0 0 0 0 0 0 0 0 0
  0 0 0 0 1 0 0 0 0 0 0 0 0 0 0 0 0 0 0 0 0 1 0 0 1 0 0 1 0 1 0 0 1 1 0 0
  0 0 0 0 0 0 0 0 0 0 0 0 1 0 0 0 0]
 [0 0 0 0 0 0 0 0 0 0 0 0 0 0 0 0 0 0 0 0 1 0 0 0 1 1 0 0 0 1 0 0 0 0 0 0
  0 1 0 1 0 0 0 0 0 0 1 0 0 0 0 0 0 0 0 0 0 0 0 0 0 0 0 0 0 0 0 0 0 0 0 0
  0 0 0 0 0 0 0 0 0 0 0 0 0 0 0 0 0 0 0 0 0 0 0 0 0 1 0 0 0 1 0 0 0 0 0 0
  0 0 0 0 0 0 0 1 0 0 0 0 0 1 0 0 0 0 1 0 0 0 0 0 0 0 0 0 0 0 1 0 0 0 0 0
  0 0 0 1 0 0 0 0 1 0 0 0 0 0 0 0 0]
 [0 0 0 0 0 0 0 0 1 0 0 0 1 0 0 0 0 0 0 0 0 0 0 0 0 0 0 1 0 0 0 0 1 0 0 0
  0 0 0 0 1 0 0 1 0 0 0 0 0 0 0 0 0 0 0 0 0 0 0 0 0 0 0 0 0 0 0 0 0 0 0 0
  1 0 0 0 0 0 0 1 0 0 0 0 0 0 0 0 0 0 0 0 0 0 0 0 0 0 0 0 0 0 1 0 0 0 0 0
  0 0 0 0 0 0 0 0 0 0 0 0 0 0 0 0 0 0 0 0 0 0 0 0 0 0 0 0 1 0 0 0 0 0 0 0
  0 0 0 0 0 0 0 0 0 0 0 0 0 0 0 0 0]]
