params：
 weight-->(1, 10)
 proc_times-->(1, 100)
 setup_times-->(15, 30)
 delivery_times-->(1, 100)
 job_rate-->16

start:
alpha_1
16
 alpha_2
0.5
 mach
10
 job
160
 fam
12
 weigh
 [[0 8 9 2 4 3 1 7 4 9 9 4 9 1 3 2 9 5 1 9 7 1 9 4 4 5 6 4 8 5 3 2 7 2 3 3
  7 2 8 9 7 4 3 5 1 3 4 2 7 4 7 1 4 3 1 1 3 1 6 3 8 5 7 1 2 4 7 4 3 6 5 2
  2 7 8 4 1 9 6 2 1 4 9 3 7 3 1 2 7 4 3 9 4 9 8 6 1 8 6 5 5 7 6 5 2 5 7 3
  5 7 5 7 4 6 9 2 2 2 8 2 6 8 8 2 5 7 5 3 3 5 4 7 9 1 6 2 5 6 4 1 8 9 7 7
  2 4 3 4 4 4 9 6 8 5 4 1 6 7 5 1 6]]
 proc_times
 [[  0  95   3  41  91  40  74  90  91  20  87  36  37  83  85  90  76  29
   63  75 100  29  60  79  94  67  99  90  99  30  65  45  71  43  49  79
   74  61  22  12   3  92  18  67  93  70  52  21   3  15  15  66  79   6
   52  95  21  69  98  38   2  95  55  34  71  99  88   6  37  87   5  95
   81  12  55  16   4  83  90  91  42  21  22   3  18  16  53  69  86  95
   55  71  20  16  95   1  55  25  73   2  99  77  33  89  58  29  96  93
   91  66  33  94   2  84  83  97  88  47  13  80  66  82  94  20  33  42
   28  68  58   7  77  65  44  73  62  64  61  62  30  61   1  11  65  24
    8  47  86  47  50  40  27  53  94  37  24  64  97  93  81  38  30]
 [  0  60  21  39  66  28  59  85  65  74  24  83  39  43  21  72  65   6
    3  47  38  30  94  54  64  64  50  53  13  93  83  43  46  82   2  26
   11  82  19 100  73  98  98  29  55  21  95  50  55  86  19  12  83  51
    5  55  50  74  46  18  24  46  13  19  41  73  81  74  31  52  27  67
   61  27  47  48  64  42  23  90  50  47  72  55  36  95  45  75  41  99
   97  47  56  39  39  55 100  29  38  65  82  99  81  85  81  70  31  77
   62  64  66  52  77  52  92  32  78   5  35  17  20  39   4  43  74  12
    3  69  90  24  74  73  72  62  30  36  68  99   6  22  19   6  57  96
   20  61  39  35   7  85  87  14  28  20  75  16  59  87  66  46  12]
 [  0  33  69  64  48  58  27  40  15   2  86  53  63  96   5  78  73  92
   46  44  93  94  90  67  80  41  70  68  82   4  18  32  57  12  54  21
   25  99   5   5  61  47  82  93  74  54   4   8  78  87  95  39  89  80
   44  31  14  29  85  51  92  98  43  32  57  74  76  59  31  32   6  18
   90  89  95  91  82  68  44   7  61   3  95  87  81  78   1  17  19 100
   60  21  35  14  40  95  79  97  53  15  30  85  77  98  12  36  81  49
   41  88  25  69  25  65  85  39  81  99  37  10  66  51  19  48  48  41
   60  26  29 100   8  88  42  45  88  50  55  30  99  79  27  71  15  81
   47  39  40  66  21   6  62  77  48  27  97  52  66   5  97  62  22]
 [  0   6  22  32  50  82  59  56  32   6  59   7  84  95  30  83  85  90
   81  76  65  69  91  92   7  73  56   3  47  80  76  21  38  20   6  56
   27  41  26  68  72  14  87   5  85  14  31  60  53  81  24  60  72  35
   82  49  76  26  45  27  99  55  46  20   5  62  79   1  46  47  11  80
   79  57  40  69  51  45  51  30  72  92  82  52  36  75  38  68  67  65
   88  24  57   4  32  74  30  12  13  37  48  77  76  25  84  92  68  67
   56  79  52  92  97  37  40   2  69  74  81  92  51  10  43  93  37  60
   48  71  12  77  12  74  88  80  32  44  31  45  42   7  40   1  37  12
   96  95  58  64  78  85  33  70  26  90  53  92  79  73  53  22  72]
 [  0  66  82  39  64  17  67  33  81  25  19  98  42  94  52  36  20  36
    5   6  66  34   8  22  95  43  77  52  65   2  27  85  77   3  78  80
   47  48  64  44  76  66  97   6   2  38  69   2  76  39  81  89  50  84
   60  75   5  17  77  79  13  81  68  75  48  14 100  68  48  51  23  16
   57  67  39  47  37  84  35  32  10  34  47  84  71  49   7  65   8  22
   86  12  80  68  84  68  92  70  34  12  27  95  52  47   3  99  87  97
   85  44   6  65  44  57  36  55   5   2  45  35  45  10  96  75  15  88
   71  43  31  81  18  19  32  22  56  56  66   8  28  23  29  98  92  20
    8  51  96  79  90  28  74  18  65  88  60  16  18  54  74  58  16]
 [  0  82  40  16  72  48  22  36  56  23  18  36  75  42 100  46  94 100
   73  62  57  35  32  40  35  34   8  59  75  33  99  64  15  34 100  84
   61  28  15  96  49  48  43  65  15  88  76  74  78  81  27  65  27  66
   43  31  48  95  70  99  72   7  30  31  70  26  12  27  97  83  18  14
   16  60  45  99  83  56  72  71  89  67  85  83  17  82  45  59  51  39
   15   7  94  78  77  94  53  86  28  44  55  90  48  32  35  98  80  15
   58  68  40  64  49  72  28  67  42  86  61  97  38  21  12  82  15   2
   77  55  28  43  69  42  81  82  15  49  92   3   6  91   5  69  27  56
   71  21  64  64   6  49  25  65  32  69  40  75  83  72 100   3  42]
 [  0  83  99  14  62  40  20  79  24  25  21  15  35  36  68  49  20  70
    8  93  61  30  92  78  30  62  30  10  21  65  86  47  98  43  64  93
   72  45  48 100  25   7  33  60  55   2  84  85  49  73  59  50  10  40
   28  37  97  83  52  38   7  57  85  56  45  53  51  78  18  56  30  37
   54  82   5  17   6  78  46   9  83  25  58   3  35  84  63  77  67  76
   93  82  96  97  23  58  68  33  49  94  82  79  57  99  96  71  70  18
   51  55  73  52  16  60  38  26   4  81  89  71  19  40  43  50  52  89
   18  90  32  26  71  70  47  36  83   8  20  85  40  99  57   5  80  79
   20  91  57  62  89  24  17  62  90  39  48  49  97  71   1  79   2]
 [  0  38  33  68  65  89  83  53  95  92   1  85  97  83  83  38  17   8
   18   3   1  73   4  38  57  65  54  64  57  57  61  74  84  42  42  92
   86  71  67  29  39  85  19  70  38  71  37  87  11  88  36  13  24  98
   62  79   2  71  68  88  14  64  50  94  22   8  41  19   4  97   1   3
   26  76  68  62  37  23  64 100  71  16  92  16  32  68   2  94  52  73
   91  82   1  10  35   2  86  93  15   1  82  27  18   4  11  27  58  91
   41  13  95  85  37  17  86  58   5  80   5  10  41  49  10  73  84  36
   10  69  67  74  69   2  35  43  35  94  28  56  77  77  19  45  58  58
   68  16  29  64  91  39  99  17  50  41   3  52  93  71   8  98  76]
 [  0  54  83  76  61  86  55  76  64  83  87  86  30 100  10  97  49   7
    7  12  47  37  63  72  52   5  79  33  56  43  85  12  95  31  24  37
   15  52  82  34  16  25  30  34  69  30  55  67  69  97  96  43  32  27
   50  32  78  39  75  13  92  43  12  94   2  65  81  10   8  77   8  79
   38  94 100  69  13   7  21  45  74  46  18  72  20  48  69  83  36  80
   11  39  80  79  96  46  86  59  13  22  10  67  20  57  23  63  59  41
   42  87  67  54  38  57  65  71  66  14  24  75  80  66  37  44  23  52
   30  24  92  82  90  57  74  48  60  82  24  50  17  69  88  85  89  94
   63   1  96  92  67  51  90  39   6  29  28  81  80  60  56  42  99]
 [  0  66  35  83  68  39  15  22  96  40  33  27  66  57  63  61  26  41
   12  44   4  69  27  15  43  61  78  24  75  26  36  94  51  36  56  82
   27  95  49  36  33  80   6  87  23  77  82  98  27  13  85  98  37  75
   76  91  92  98  34  42  77  32  72  72  21  89  35  27  85  13  28  43
   40  70   8  53  82   6  42  38  62  75  76  82   4  42  71   6  99  25
   25  90  24  61  64  63  46  13  21  90  59  16  34  54   1  46   6 100
   51  36  78  47  40  28  81  57  98  74  68  45  91   3  96  64  68  57
    9  29  76  78  93  86  80  89  32  40  95  37  18  88  18  43  19  33
   67  66  67  65  29  34  30   7  61  37  49   7  77  84   2  88  92]]
 setup_times
 [[[ 0 21 18 19 24 23 23 17 22 18 20 19 22]
  [ 0  0 26 26 19 21 19 29 24 25 20 24 27]
  [ 0 29  0 25 17 20 19 17 29 22 18 15 28]
  [ 0 18 21  0 17 27 20 20 18 19 15 23 26]
  [ 0 17 18 25  0 29 24 20 26 28 26 27 28]
  [ 0 24 21 20 25  0 16 29 24 18 29 24 16]
  [ 0 21 21 15 15 16  0 24 15 21 27 22 20]
  [ 0 26 17 18 22 28 26  0 18 21 19 23 27]
  [ 0 29 18 27 18 15 20 15  0 15 26 26 23]
  [ 0 21 29 27 20 27 28 21 15  0 19 22 24]
  [ 0 21 16 25 18 28 27 24 22 18  0 19 29]
  [ 0 24 15 26 20 23 19 23 18 18 24  0 29]
  [ 0 21 23 17 26 27 18 21 16 16 28 20  0]]

 [[ 0 23 28 22 27 29 17 20 26 20 16 15 24]
  [ 0  0 15 16 15 20 27 19 17 16 24 21 22]
  [ 0 22  0 26 18 19 26 18 16 19 29 18 28]
  [ 0 28 19  0 25 28 24 20 22 23 23 27 15]
  [ 0 21 16 15  0 28 16 19 16 29 15 27 20]
  [ 0 16 21 22 27  0 17 16 25 26 29 24 29]
  [ 0 15 29 19 16 15  0 16 27 28 20 20 21]
  [ 0 22 26 26 26 21 26  0 18 22 23 25 15]
  [ 0 18 19 25 21 27 16 26  0 26 17 19 27]
  [ 0 24 27 24 18 20 25 18 26  0 20 18 26]
  [ 0 18 23 15 17 28 27 29 25 17  0 18 21]
  [ 0 19 20 29 27 26 20 17 21 15 18  0 17]
  [ 0 22 19 23 21 22 21 26 23 20 22 27  0]]

 [[ 0 21 23 15 22 29 21 28 25 24 23 25 27]
  [ 0  0 28 17 29 15 18 26 27 17 26 25 29]
  [ 0 19  0 24 29 19 15 19 18 29 20 17 17]
  [ 0 24 26  0 23 19 17 22 24 29 22 29 26]
  [ 0 28 20 18  0 28 17 21 25 21 18 18 19]
  [ 0 29 25 21 27  0 21 26 15 25 23 17 22]
  [ 0 16 24 20 20 17  0 22 19 18 17 24 23]
  [ 0 19 22 26 18 23 21  0 19 17 26 28 24]
  [ 0 22 22 19 17 21 15 16  0 18 26 19 24]
  [ 0 21 20 23 16 19 16 20 19  0 19 20 25]
  [ 0 15 16 16 25 17 24 21 17 22  0 25 23]
  [ 0 21 23 18 15 28 17 23 22 21 25  0 23]
  [ 0 22 19 25 21 21 28 23 24 16 23 20  0]]

 [[ 0 29 28 21 24 24 23 16 26 21 27 25 19]
  [ 0  0 29 23 18 25 20 15 20 29 19 25 15]
  [ 0 20  0 22 21 17 28 19 22 16 15 29 21]
  [ 0 29 19  0 18 19 19 29 17 27 25 23 27]
  [ 0 27 20 28  0 21 15 17 27 18 15 27 21]
  [ 0 26 16 23 17  0 15 28 27 24 18 15 28]
  [ 0 25 20 19 15 18  0 18 28 20 23 22 27]
  [ 0 24 28 28 25 24 24  0 15 26 29 21 24]
  [ 0 26 21 24 19 20 22 25  0 26 25 20 25]
  [ 0 28 15 29 18 25 17 28 23  0 29 25 22]
  [ 0 26 28 17 19 19 29 16 26 19  0 29 23]
  [ 0 28 24 22 24 25 24 29 28 28 25  0 27]
  [ 0 21 25 23 17 16 15 20 15 24 15 18  0]]

 [[ 0 23 29 26 29 28 28 24 26 16 27 20 19]
  [ 0  0 24 19 21 26 16 24 21 21 25 19 25]
  [ 0 15  0 18 19 26 21 18 17 18 22 26 21]
  [ 0 19 28  0 15 22 26 17 23 20 16 22 20]
  [ 0 29 24 17  0 21 25 20 27 24 21 22 16]
  [ 0 28 24 26 17  0 17 26 17 28 18 29 15]
  [ 0 18 28 25 19 24  0 27 17 27 23 22 16]
  [ 0 24 26 17 20 29 23  0 26 27 16 16 17]
  [ 0 19 28 17 16 23 22 29  0 18 24 15 21]
  [ 0 19 20 20 26 18 19 22 20  0 19 27 17]
  [ 0 23 28 24 18 22 21 18 22 22  0 28 22]
  [ 0 23 20 28 22 20 21 17 18 29 26  0 17]
  [ 0 27 17 26 18 23 22 19 26 15 25 16  0]]

 [[ 0 25 16 28 29 28 23 20 20 29 15 17 17]
  [ 0  0 15 27 19 20 24 28 17 17 16 19 29]
  [ 0 17  0 24 27 27 17 19 28 22 25 15 22]
  [ 0 25 26  0 22 19 21 16 18 24 23 21 23]
  [ 0 22 16 17  0 27 25 19 20 29 24 19 20]
  [ 0 27 22 25 24  0 28 24 15 19 23 27 20]
  [ 0 18 25 20 17 26  0 29 26 28 20 22 19]
  [ 0 15 29 20 26 15 27  0 25 20 22 18 18]
  [ 0 27 15 20 19 20 19 25  0 19 16 23 16]
  [ 0 19 17 16 24 20 23 20 26  0 27 28 22]
  [ 0 28 25 27 24 19 17 25 16 21  0 27 17]
  [ 0 24 16 27 18 15 16 15 28 29 17  0 15]
  [ 0 27 19 20 26 19 28 28 24 18 24 16  0]]

 [[ 0 28 18 29 20 22 20 25 29 28 18 28 22]
  [ 0  0 21 16 27 25 15 28 23 25 25 21 26]
  [ 0 26  0 27 19 26 25 16 22 28 23 24 18]
  [ 0 24 17  0 21 26 26 27 19 20 24 23 22]
  [ 0 23 23 28  0 29 19 24 28 23 17 19 29]
  [ 0 17 22 29 21  0 23 20 22 24 16 15 25]
  [ 0 27 22 21 18 16  0 19 19 26 24 28 21]
  [ 0 28 22 23 17 28 17  0 23 19 28 18 24]
  [ 0 23 16 23 25 15 25 22  0 28 24 27 18]
  [ 0 16 18 23 25 19 20 16 25  0 28 18 20]
  [ 0 25 27 18 24 28 27 24 19 19  0 15 21]
  [ 0 17 22 17 23 17 15 21 24 20 18  0 21]
  [ 0 19 20 23 21 25 23 17 15 15 15 26  0]]

 [[ 0 28 19 20 21 20 22 23 28 19 15 19 20]
  [ 0  0 26 28 21 19 18 24 23 19 27 26 15]
  [ 0 18  0 19 22 26 28 21 24 26 27 29 16]
  [ 0 17 19  0 21 17 16 21 16 19 29 18 22]
  [ 0 29 18 26  0 28 22 27 27 29 28 18 15]
  [ 0 28 20 20 28  0 15 17 24 27 16 19 24]
  [ 0 21 20 18 28 22  0 22 19 25 25 20 15]
  [ 0 26 19 16 27 21 28  0 16 19 20 18 29]
  [ 0 24 23 16 21 17 17 21  0 27 20 20 24]
  [ 0 17 18 20 26 24 29 18 24  0 26 28 24]
  [ 0 16 15 16 29 15 19 22 28 17  0 29 27]
  [ 0 28 18 18 26 29 20 19 21 21 24  0 17]
  [ 0 17 16 25 25 25 19 27 22 24 20 16  0]]

 [[ 0 29 16 15 26 29 28 24 21 29 15 21 23]
  [ 0  0 28 28 21 20 17 17 18 23 22 17 16]
  [ 0 21  0 25 29 26 17 19 26 19 16 21 24]
  [ 0 16 16  0 21 20 16 26 29 26 20 26 24]
  [ 0 24 15 29  0 17 18 28 19 20 26 18 24]
  [ 0 27 17 16 23  0 27 15 18 23 21 27 17]
  [ 0 29 28 22 21 17  0 24 19 19 27 22 16]
  [ 0 25 16 24 20 16 26  0 21 26 21 25 21]
  [ 0 29 18 15 24 27 19 21  0 17 18 26 28]
  [ 0 16 20 19 23 17 24 23 15  0 21 28 17]
  [ 0 28 29 22 20 26 18 16 24 17  0 20 16]
  [ 0 20 25 24 16 20 29 23 28 19 23  0 17]
  [ 0 21 16 24 15 20 29 20 27 21 23 20  0]]

 [[ 0 18 16 21 18 15 19 17 16 29 18 18 28]
  [ 0  0 22 27 27 19 17 15 15 28 25 18 26]
  [ 0 17  0 19 29 15 20 23 24 24 20 28 21]
  [ 0 17 24  0 18 20 22 29 22 19 21 21 26]
  [ 0 28 23 22  0 24 19 21 21 19 28 22 18]
  [ 0 16 22 18 15  0 27 22 20 18 23 18 17]
  [ 0 21 27 27 20 26  0 27 25 21 17 27 28]
  [ 0 18 27 22 19 16 20  0 17 15 23 16 29]
  [ 0 24 18 23 23 19 26 29  0 19 26 29 16]
  [ 0 23 15 21 26 26 16 29 16  0 28 19 26]
  [ 0 18 16 19 22 24 15 18 27 21  0 28 18]
  [ 0 18 20 18 17 21 23 20 21 23 15  0 22]
  [ 0 18 21 20 23 21 18 15 22 25 25 26  0]]]
 delivery_times
 [[ 0  1 33 67 70 72 41 32 21 32 27 14 51  6 76 28 61 42 33  4 57 88  7 58
  60 32 87 60 61  9 38 57 69 90 47 52 65 84 35 89 59 17 98 96 54 38 64 17
  77 49 83 33 23 44 17 27 14 58 26 80 99 94 46 59 56 52 34 97 14 89 16 44
  21 28 81 35 41 94 12 69 38 68 87 81 67 88 35 77  7  6 12 28 35 61 17 88
   4 46 19 44 60 65 53 47 79 16 32 28 92 67 74 65  4 47 10 64 97 44 95 91
   2 18 22 23 37 94 11 96 18 75 65 60 72 88  4  9 45 88  4 88  5 52 92 59
  84  1 73 12 82  7 63 93 40 69 86 22 50 41  1 49 72]
 [ 0 19 60 12 73 42 41 67 48 29 15 87 81 40 23 26  6 65 76 86  8 32 79 34
  58 67 77 26  6 42 26 80 67 96 21 87 80 54 59 15 77 22 33 20 34 61 95 72
  49 93  9 56 71 64 48 47 77 94  6 26 39 27 30 76 32 44 12 11  5 45  1 42
  31 68 99 67 62 90 34 82 73 92 84  7 63 27 38 11 59 49 61 96 28  1 31 13
  91 85 71 23 73 83 70 47  5 24 95 10 64 80 95 35 41 71 16  1 37 42 74 98
  48 62 50 70 31 42 38 91 87 83 45 54 77 29 37 15 40 58 98 31 42 12 21 32
  18  2  8 67 69 95 22 12 68 90 40 85 47 39 83 44  2]
 [ 0 71 54 72 76 93 96 42 32 82 39 27 18 98 79 21 90 42 18 91 74 93 61 96
  71 87 96  3 47 83 92 45 28 75 77 29  6 36 51 77 44  2 15  1 97 80 57 94
  85 98 20 85 65 96 15 25 85 15 12 27  3 46 64 78 37 48 94 27 77 30 17 21
  98 47 15 57 73 86  6 39 28 57 31  3 32  5  1  6 62 77 78 79 55 91 51 88
  63 23 87 24 86 44 58  4 89 71 31 75 69  8 96 57 21 44 90 40 98 74 75 88
  23 99 52 38 78  3 40 25 33  5 20 27 79 42 54 56 60 50 91 24 25 71  9 50
  51 90 83 21 58 60 51 98 66  7 48 64  4 67 34 87 25]
 [ 0 95 54 83 48  7 84 67 77  5  7 74 16 74 60 75 47 19  7 55  4 39 39 64
  69 26 14 12 70 21 66  7 33 39 96 76 89  2 53 36  2 37  7 23 41 21 51 97
   7 83 73 77 49 91 32 11 82 24 18 19 11  6 88 40 92 21 89 76 52 30 42 26
  43 19 95 97 25 78 88  6  4 13 60 41 33 45  8 78  2 58 94 32 30 86 16 77
  60 11 76 97 67 60 99 58 31 87 61 96 68 14  4 82 16 74 89 51 10  5 59 61
  97  6 55 12 53 90 56 69 67 22 53 86 92 66 97 62 48 47 91 80 60 91 72 64
  55 96 54 53 26 63 77 94 73 81 47 12 17 67 97 65 81]
 [ 0 13 50 30  6 84  7  6 41  5 30 25 83 19 89 84 42 56 64 44 51 58 39  3
  98 33 98 47 31 46 76 46 47  2 41 94 55 76  1 98 54 20 37 12 19 67 64 74
  96 89 51 69 93 92 86 25 73 92 96  4  4 13 83 50 76  4 42 33 15 40 69 41
  73  2 96 34 80  1 51 17 18 95 58 34 31  7 16  9 94 63  2 53 60 33 25 76
  14 88 96 12 73 33 38 92 69 32  9 57 30 99 17 82 15 73 62 20 26 45 47 27
  75 61  9 47  3 90  3 73 61 77 38 32  7 82 46  6 52 94 46 81 79 96 41 13
   8  2 85 81 14 34 88 99 64 69 77 49 34 27 47 17 69]
 [ 0 59 20 82 60 68 13 62 25 67 94 17 81 52 74 25 69 11 72 50 36 75 85  1
  99 70 41 37 83 62 27 43 66 41 78 47 42 82 53 31 44 24 77 33 13 62 88 43
  31  2 31 72 41 71 74 32 72 32 22 64 16 67  2 54 97  5  3 23 69 22  8 12
  19 92 39 63 81 13 15 42 25  8 87 85 80 52 68 96 47 36 46 41 11 32  5 16
  65 43 26 92 40 43 20 34 39 60 29 75 81 51 36 21 10  4 76 86 81 64  5 29
  55 91 39 55 70 90 87 28 56 36 95 30 17 70 67  5 51 11 48 10 33 59 85 99
  63 13 63 44 45 54 66 53 46 98 92  1 18 73 98 25 69]
 [ 0 14 94 48 93 35 44 63 90 47 77 21 89 47 29 37 97  1 54 52 75 17 28  4
  30 44 88 47 78 60 28 21 48 87  7 57 52 91 52  4 92  7 95 35 79 34 10 13
  46 38 63 12  8  8 35 33 61 18 65 52 92 90 49 33 94 85 67 35 57 81 54 53
  79 69 15 16 94 90 42 59 19 36 53 20 68 12 89 52 78 31 43 91 88 80 10 22
  56 47 77 68 39 13 34 18 59 73 12 53 93 34 99 52 74 12  2 53 84 99 87 90
  65  6  3  5 67 44 89 83 40 81 38  8 30 59 59  7 28 28 63  3 73 65 59 61
  37 23 52 29 86 91 28 73 89 18 69 64  7 51 84 96 71]
 [ 0 67 87 29 58 64 37 43 24  4 88 68 85 46 39 99 75 94  6 35  1 51 24 84
  61 18 79  2 95 12 32 20 32 29 54 88 59 24 39 25 65 88 87 28 96 56 76 25
  76 56 35 98 70 41 80 98 22 60 95 53 77  3 92 18 18 59 21 46 16 13 16 44
  73 63 25 90 33 91 10  1 39 31  3 79 94 97 67 72 93 70 65 54 59 78 69 86
  23 90 96 18  1 66 93 46 42 27 31  6 96 59 39 84 94 16 25 51  5 41 41 54
   2 17 23 13 94 16 49 65 93 93 72 74 92 67 74 16 29 62 83 59 86  8 57 74
  38 21 97 34 71 39  6 22 19  8 91 31 55 67 48 27 30]
 [ 0 87 63 20 58 46 41 33 25  2 17 41 89 59 30 60 11 22 51 18 94 82 34 52
  73 87 40 36 77 61 17 93 24 84  3 97 26 54 20 40 30 40 41 23 55 15 94 52
  35 15 81 47 16 77 56 84 84 29 90  7 24 19 28 65 38 41 46 13  4 36 68 30
  90 27 10 42 52 19 70 98 20 93 41 13  7 19 35 96 62 34 16 47 63 43 10 47
  53 54 10 53 87 63 46 22 60 67 86 37 99 69 49 81 89 76 35 10 44 92 12  8
  60 92 71 28 99 47 77  6 13 92 21 72 85 94 10 12 21 18 45  7 57 22 16 76
  34 13 35 36 27 53 31 70 61 17 48 35 11 37  3 28 85]
 [ 0  7 99 15 22 21 98 61 30 77 99 11 12 59 32  1 26 77 43 16 39 10  6 42
  21 65  4 33 63 65 42 19  6 62 72 64 78 53 59 70 19 99 24 37 77 23 60 47
  74 49 86 57 15 21 74 98 71 48 68 95 41 11 40 82 29 76 14 70 74 83 31 79
  32  5 13 31 53 90 23 72 54 13 21 23 43 63 18 24 83 71 77 65 45 51 59 99
  32 10 92 95 74 61 57 99 61 81 31 98 74 72  1  9 13 46 83 51 30 90 77  2
  65 20 54  5 78 31 72 42 14  7 90 56 59 81 54  1 28 11 67 38 54 42 73 51
  89 43 46 43 63 28 37 52  2 51  8 27 98 12 97 39 58]]
 job2fam
 [[1 0 0 0 0 0 0 0 0 0 0 0 0 0 0 0 0 0 0 0 0 0 0 0 0 0 0 0 0 0 0 0 0 0 0 0
  0 0 0 0 0 0 0 0 0 0 0 0 0 0 0 0 0 0 0 0 0 0 0 0 0 0 0 0 0 0 0 0 0 0 0 0
  0 0 0 0 0 0 0 0 0 0 0 0 0 0 0 0 0 0 0 0 0 0 0 0 0 0 0 0 0 0 0 0 0 0 0 0
  0 0 0 0 0 0 0 0 0 0 0 0 0 0 0 0 0 0 0 0 0 0 0 0 0 0 0 0 0 0 0 0 0 0 0 0
  0 0 0 0 0 0 0 0 0 0 0 0 0 0 0 0 0]
 [0 0 0 0 0 0 0 0 0 0 0 0 0 0 0 0 0 0 0 0 0 0 0 0 0 0 0 0 0 0 0 0 0 0 0 0
  1 0 0 0 0 0 0 0 0 0 0 0 0 0 0 1 0 0 1 0 0 0 0 0 1 1 0 0 0 0 0 0 0 1 0 0
  0 0 0 0 0 1 0 0 0 0 0 0 0 0 0 1 0 0 0 0 0 0 0 0 0 0 0 0 0 0 0 0 0 0 1 0
  0 0 0 0 0 0 0 0 0 0 0 0 0 0 0 1 0 0 0 0 0 0 0 1 0 0 1 0 0 0 0 0 0 0 0 0
  0 0 0 0 0 0 0 0 0 0 0 0 0 0 0 0 0]
 [0 0 0 1 1 1 0 0 0 0 1 0 0 0 1 0 0 0 0 0 0 0 0 0 0 0 0 0 0 0 0 0 0 0 0 0
  0 0 0 0 0 0 0 0 0 0 0 0 0 0 0 0 0 0 0 0 1 0 0 0 0 0 0 1 0 0 0 0 0 0 0 0
  0 1 0 0 0 0 0 0 0 0 0 0 0 0 0 0 0 0 0 0 0 0 0 0 0 0 0 0 1 0 0 0 0 0 0 0
  0 0 0 0 0 0 0 0 0 1 0 0 1 0 0 0 0 0 0 0 0 0 0 0 0 0 0 0 0 0 0 0 0 0 0 0
  0 0 0 0 0 0 0 0 0 0 1 0 0 0 0 0 0]
 [0 0 0 0 0 0 0 0 0 0 0 0 0 0 0 0 0 0 1 0 0 0 0 0 0 0 1 0 0 0 1 0 0 0 0 0
  0 0 0 0 0 0 0 0 0 0 0 0 0 0 0 0 0 0 0 0 0 0 0 0 0 0 0 0 1 0 0 1 0 0 0 0
  0 0 1 1 0 0 0 0 0 0 0 0 0 0 1 0 0 0 0 0 0 0 0 0 0 0 0 0 0 0 0 1 0 0 0 0
  0 1 0 0 0 0 0 0 0 0 0 0 0 0 1 0 0 0 0 0 0 0 1 0 0 0 0 0 0 0 0 0 0 0 0 0
  0 0 0 0 0 0 1 0 0 0 0 0 0 0 0 0 0]
 [0 0 1 0 0 0 0 0 0 0 0 0 0 0 0 1 0 0 0 0 0 0 0 0 0 0 0 0 0 0 0 0 0 0 0 1
  0 0 1 0 0 1 0 0 0 0 0 0 0 1 1 0 0 0 0 0 0 0 0 0 0 0 0 0 0 0 0 0 0 0 0 0
  0 0 0 0 0 0 0 0 0 0 0 0 0 0 0 0 0 0 0 1 0 0 0 1 0 0 1 0 0 0 0 0 0 1 0 0
  1 0 1 0 0 0 0 0 0 0 1 1 0 0 0 0 0 1 0 0 0 0 0 0 0 0 0 0 0 0 0 0 0 0 0 0
  0 0 1 0 0 0 0 0 0 0 0 0 0 0 0 0 0]
 [0 0 0 0 0 0 1 0 0 0 0 1 0 0 0 0 0 0 0 0 0 1 0 0 0 0 0 0 0 0 0 0 0 0 0 0
  0 0 0 0 0 0 0 0 0 0 0 1 0 0 0 0 1 0 0 0 0 0 0 0 0 0 0 0 0 1 0 0 0 0 0 0
  0 0 0 0 0 0 0 0 1 0 0 0 0 0 0 0 1 0 0 0 0 0 0 0 0 0 0 0 0 0 0 0 0 0 0 0
  0 0 0 1 0 0 1 0 0 0 0 0 0 0 0 0 0 0 0 1 0 0 0 0 0 1 0 0 0 0 0 0 0 0 0 0
  0 0 0 0 0 0 0 0 0 0 0 0 0 0 0 0 0]
 [0 1 0 0 0 0 0 0 0 0 0 0 0 0 0 0 1 1 0 0 0 0 0 0 0 0 0 0 0 0 0 1 0 0 0 0
  0 0 0 0 0 0 0 0 0 1 0 0 0 0 0 0 0 0 0 0 0 0 0 0 0 0 0 0 0 0 1 0 0 0 0 0
  0 0 0 0 0 0 0 0 0 0 1 1 0 0 0 0 0 0 0 0 0 0 0 0 0 0 0 0 0 0 0 0 0 0 0 0
  0 0 0 0 0 0 0 0 0 0 0 0 0 0 0 0 0 0 0 0 0 0 0 0 0 0 0 0 0 0 0 0 0 0 0 1
  0 0 0 0 0 0 0 1 0 0 0 0 0 0 1 0 0]
 [0 0 0 0 0 0 0 0 0 1 0 0 0 1 0 0 0 0 0 0 0 0 0 1 0 0 0 0 1 0 0 0 0 1 0 0
  0 0 0 0 0 0 1 0 1 0 0 0 0 0 0 0 0 0 0 0 0 0 1 0 0 0 0 0 0 0 0 0 0 0 0 1
  0 0 0 0 0 0 0 0 0 0 0 0 1 0 0 0 0 1 0 0 0 1 0 0 0 0 0 1 0 0 0 0 1 0 0 1
  0 0 0 0 0 0 0 0 1 0 0 0 0 0 0 0 0 0 0 0 0 0 0 0 0 0 0 0 0 0 0 0 0 0 0 0
  0 0 0 0 0 0 0 0 0 1 0 1 0 0 0 1 0]
 [0 0 0 0 0 0 0 0 0 0 0 0 0 0 0 0 0 0 0 0 0 0 1 0 0 0 0 0 0 0 0 0 0 0 0 0
  0 0 0 0 0 0 0 0 0 0 0 0 1 0 0 0 0 0 0 1 0 1 0 0 0 0 1 0 0 0 0 0 1 0 0 0
  0 0 0 0 0 0 0 0 0 1 0 0 0 0 0 0 0 0 0 0 0 0 1 0 0 0 0 0 0 0 0 0 0 0 0 0
  0 0 0 0 0 1 0 0 0 0 0 0 0 0 0 0 1 0 0 0 0 0 0 0 0 0 0 0 0 0 0 1 0 0 0 0
  1 1 0 0 1 0 0 0 0 0 0 0 0 1 0 0 1]
 [0 0 0 0 0 0 0 1 0 0 0 0 0 0 0 0 0 0 0 1 0 0 0 0 0 0 0 0 0 0 0 0 0 0 1 0
  0 0 0 0 0 0 0 0 0 0 0 0 0 0 0 0 0 0 0 0 0 0 0 0 0 0 0 0 0 0 0 0 0 0 0 0
  0 0 0 0 0 0 0 0 0 0 0 0 0 0 0 0 0 0 0 0 1 0 0 0 1 0 0 0 0 0 0 0 0 0 0 0
  0 0 0 0 0 0 0 0 0 0 0 0 0 0 0 0 0 0 0 0 1 0 0 0 0 0 0 0 0 0 0 0 0 0 1 0
  0 0 0 0 0 1 0 0 0 0 0 0 0 0 0 0 0]
 [0 0 0 0 0 0 0 0 0 0 0 0 0 0 0 0 0 0 0 0 0 0 0 0 0 0 0 0 0 0 0 0 0 0 0 0
  0 0 0 0 0 0 0 0 0 0 0 0 0 0 0 0 0 1 0 0 0 0 0 1 0 0 0 0 0 0 0 0 0 0 1 0
  0 0 0 0 1 0 1 0 0 0 0 0 0 1 0 0 0 0 1 0 0 0 0 0 0 0 0 0 0 0 0 0 0 0 0 0
  0 0 0 0 1 0 0 0 0 0 0 0 0 0 0 0 0 0 0 0 0 1 0 0 1 0 0 1 0 1 0 0 1 1 0 0
  0 0 0 0 0 0 0 0 0 0 0 0 1 0 0 0 0]
 [0 0 0 0 0 0 0 0 0 0 0 0 0 0 0 0 0 0 0 0 1 0 0 0 1 1 0 0 0 1 0 0 0 0 0 0
  0 1 0 1 0 0 0 0 0 0 1 0 0 0 0 0 0 0 0 0 0 0 0 0 0 0 0 0 0 0 0 0 0 0 0 0
  0 0 0 0 0 0 0 0 0 0 0 0 0 0 0 0 0 0 0 0 0 0 0 0 0 1 0 0 0 1 0 0 0 0 0 0
  0 0 0 0 0 0 0 1 0 0 0 0 0 1 0 0 0 0 1 0 0 0 0 0 0 0 0 0 0 0 1 0 0 0 0 0
  0 0 0 1 0 0 0 0 1 0 0 0 0 0 0 0 0]
 [0 0 0 0 0 0 0 0 1 0 0 0 1 0 0 0 0 0 0 0 0 0 0 0 0 0 0 1 0 0 0 0 1 0 0 0
  0 0 0 0 1 0 0 1 0 0 0 0 0 0 0 0 0 0 0 0 0 0 0 0 0 0 0 0 0 0 0 0 0 0 0 0
  1 0 0 0 0 0 0 1 0 0 0 0 0 0 0 0 0 0 0 0 0 0 0 0 0 0 0 0 0 0 1 0 0 0 0 0
  0 0 0 0 0 0 0 0 0 0 0 0 0 0 0 0 0 0 0 0 0 0 0 0 0 0 0 0 1 0 0 0 0 0 0 0
  0 0 0 0 0 0 0 0 0 0 0 0 0 0 0 0 0]]
