params：
 weight-->(1, 10)
 proc_times-->(1, 100)
 setup_times-->(15, 30)
 delivery_times-->(1, 30)
 job_rate-->16

start:
alpha_1
16
 alpha_2
0.5
 mach
10
 job
160
 fam
12
 weigh
 [[0 3 4 4 7 1 2 1 3 9 9 7 1 9 6 1 5 2 8 6 2 2 4 7 8 1 4 2 6 6 6 3 2 5 1 2
  8 8 5 9 1 6 9 3 2 2 7 3 2 4 3 7 4 5 7 6 3 2 5 6 6 4 1 9 9 6 3 1 5 6 9 5
  3 1 9 7 8 7 9 7 6 3 1 7 5 1 1 6 1 3 8 3 2 4 7 1 3 1 3 1 1 7 5 7 2 3 4 5
  6 5 3 4 2 2 4 6 6 2 4 9 5 5 5 7 8 7 1 1 2 5 2 3 5 9 6 4 9 5 4 8 4 2 3 4
  4 4 4 3 7 2 3 7 4 8 1 8 4 4 7 9 4]]
 proc_times
 [[  0  40  71  38  59  23  79  50  92  17  66  52  18  10  51  86   6   7
    8   2  61  81  99  18  34  31  36  50  96  29  11  81  12  60   6  13
    6  37   4  89  40  36  46  17   8  16  13  53  31  85  56  23  42  89
   30  67  89  60  85  73  18  24  60  28   2  44   8  72  71  45   2  82
   88  21  51  74  66  52  56  41  50  29  68   8  74  58  37  48  97  56
   81  26  39  33  33   6  26  63  48  16  38  75  66  65  33  66  83  56
   31  55   7   8  39  67   2  43  66   3  22  83   1   2  15  39  79  65
    2  45  74  70  70  92  75  87  34  78  40  77  30   9  75  42  75  81
   21  41  21   9  66   4  46  39  23  71  64  32  67  87  73  54  50]
 [  0  64  33  81  68  94  60  40  30  57  44  94   4  42  95  34  81  95
   41  37  17   7  48   7  72  63  55  11  42  28  23  67   8  90  87  74
   32  82  89  42  49  26  91   4  61  93  62  22  45  97  77   1  89  20
   80  54  51   2  77   8  26  58  10  60  68  13  32  21   1  18  12  60
   53  50  43  31  20  28  20  10  59  11  46  82  25  11  93  47  30   3
    6  87  44  48  28  29  64  97  62  82  28  85  71  85  41  39   2  42
    7  34  55  99  63  36  18  73  32  26  20  84  61  80  52  79  10  64
   17  67  12  32  90  90  31  84  41  19  60  69  39  54  39  30  49  96
   49  19  34  73   3  25  66  83  36  25  40  52  28  21  22  42  42]
 [  0   6  71  96  87  79   2  85   9  92   8  68  78  21  84  88  88  99
    5  77  33  12  68  95  18  63  80  93  81  58  43  50  16  93  22  44
   73  15  93  38   8  29  50  66  50  61  59  68  45  40   8  73  19  48
   43  26  70  26  76  45  63  43  77 100  33  28  65  23   3  92  94  36
   41  76  42  97   1   6  38  36  71  28   1  20   6  36  77  49  23  33
   63   4  64  51  86  51  31  13  40  44  75  79  56  72  61  86  35  84
   80  42  70   5  75  24   4  85   6  65  32   4  42  24  44  61  16   8
   41  73  77  76  19   5  44  48   8  34  22  89  20  93   4  48  36  61
   54  70  54  94  37  62  44  33  93  43  44  61  71  88  12  65  92]
 [  0  74  84  41  62  46  28  98  43  46  61  56  13  52  57  60   2  38
   82  55   1  48  18  50   3  28  37  87   5  61  15  30  58  73  14   1
   60  25  66  25  70  28  82  35  57  75  63  49  20   6  83  39  50   1
   60  63  82  68  26  10   9  87  81   5  28  48  57  62  38  13  53  19
   60   5  64  44  76  87  67  77  95  39  68  36  66  97  63  64  13  36
   85  31  82  95  49  93  99  52  85  96  27  18  14  55  45  88  23  47
   69  40  27  68  84  91  29  26  19  35  41  93  14  12  76  25  21  49
   86  78  94  52  19  68  47  35  69  45  45  17  47  10  57   3  27  80
   11  76  65  21  44   7  78  37   4   9  65  73  66  56  94  54   1]
 [  0  11  57  53  38  31  64  67  17  84  27  43  79  35  51  25  11  91
   30  20  64  13  65  68  70  33  28  91  34   1  88  84  76  60  96  89
   37  27  65   3  38  23   9  91  28  95  94  84  31  23  63  35  33  35
   82  32  20  95  14   3  13  88  33  61  82  65   9  47  57  11  31  88
   52  59  70  87  95  61  37  86  74  52  46  34  93  96  27  98  64  74
   86  76  36  39   2  96  43  94  41  47  22  76  23  67  11  25  56   1
   14  44  42  65   4  30  72  85  39  93   8  92  10  51  37  96  68  68
   55  67  17  65  67  27   3  94  38  75  76  23  92  90  69  42  13  56
   80  49  89  92  97  16   1   7  67  24  65  50  25  49  64  23  86]
 [  0  94  52   1  84  87  24  78  12  45  53  41  30   7  91  48  79  63
    9   9  35  43  85   6  60  98  55   5  72  21  14  63  82   6  23  49
   30  57  27  44  90  35   9  83  36  51  29   8  70  38  93  19  37  32
   91  43  17  87  93  85  49  19  27  38  43  33  30  75  39  17  12  13
   96  84  31  51  98  62   7  54  95   6   7  95  79  51  68  65  40  34
   92  13  43  28  23  76  95  19   5  63  77  28  60  15  28 100  70  26
   14  95  62  98  31  20  85  82  85  58  87  36  88  99  53   6  64  29
   78 100  43   6  36  51  35  14  78  90   1  37  42  55  48  54  99  66
   51  56   2   9  79  98   7  45  44  36  34  85  96 100  20  44  81]
 [  0  57  44  88  19  72  45  48  59  99  21  31  43  21  50  36  97  78
   74  92  47  35   2   9  27   1  78  79  18  62  88  79  17   4  42  32
    2   1  41   9  19  19  46  67   8  82   2  37  36  27  10  46  17  85
   79  59  75  40  11  64  49  21  27  67  66  71  59  85  88  78  53  88
   31  75  47  93  43  67  81  88  54  30  51  80  24  14  81  94  36  93
   57  34  24  52  63  91  33  15  12  49  52  40  81  38  77  60  88  46
   99  37  51  99  73  17  60  22  91  10  99  98  36  22  98  78   9  70
   30  11   9  70  19  68  83  66  22  94  32  89  13  64  21   6  17  52
   26  87  30  65  75  80  62  36  84  40   4  97  50  52  80  10  73]
 [  0  71   5  81  76  19  39  19  93  96  56   4   3  71  78  24  61  54
   81  96  30  60  73   7  27  66  16  42  93  73  94  41  68  22   1  84
   93  47  47  66  84   6  41  58  20  85  80  92  91  37  44  90  53  74
   82  20  71  25  71  13  13   1  93   9  55  73  85  87  57   6  38  72
   88  24  58  10  45  24  29  58  85  10  15   7 100  89  17  86  93  51
    3  33  73  83  14  52  94  41  73   7  87  33  81  15  43  21  22  24
   52  23  97  82  26  45  95  71   9  17  86  24  14  68  57  65  97  80
   50  12  51  57  82  90  80  14  96  86  98  93  60  87  78  50  98  80
   85  25  83  57  15  61  84  13  96  98  28  98   7  10  23  75  33]
 [  0  79  22  45  85  72  64  66  10  69  12  37  16   6   8  85  17  24
   14  86  31  45  55  96  61  78  75  89  56  88  51  51  72  59  22  37
   93  48  92  35   6  42  78  23  90  20  51  30  98  60  58  54   6  66
   39  79  28  50  69  74  59  18  84  68  27  75  17  26  53  21  76  44
   45  35  40  88  38  23  54   7 100  92  89  99  29  96  31  72   8  16
   97  24  55  32  46   1  17  70  75  18  65  54  49  84  88   2  20  14
   71  82  42  91  16   5  66  16 100  72  20  97  38   2  90  75  11  51
   36  40  35  14  92  55  26  52  13  91  93  62   6  82  75  22  10  30
   92  57  96  74  77  69   3  66  26  79  64  69  34  47  61  89  94]
 [  0  47  33   7  63  31  69  44  83  70  97   5  43  34  85   4  22  49
   13  39  92  27  33  16  45  91  20  32  94  44  39  76  39  56  14  57
   35  48  17  73  26  53   7  33  60  90   3  61   6  79  31  64   5  82
   36  70  99  95  31  94  31  40  86  46  77  29  36  40   3  78  35  54
   57  61  65  16  15  63  72  89  14  29  69 100  25  29  82  21  46  43
   14  60  68  79   4  27  72  67  57  40  41   7  83  82  90  59  22  53
   35  84  28  48  55  75  25  29  12  47  55 100  96  18   3  20  88  59
   11  97  89  63  41  10  63  20  51  94  87  31  18  56  60  59  43  19
   98  42  53  49  36   6  81  68  75  50  72   8  82  43  25  22   1]]
 setup_times
 [[[ 0 17 27 27 22 26 26 19 16 28 15 18 16]
  [ 0  0 27 26 16 18 21 27 24 18 19 29 28]
  [ 0 17  0 29 23 29 25 16 29 28 24 29 17]
  [ 0 28 23  0 17 18 22 18 18 21 29 18 26]
  [ 0 23 22 20  0 25 29 24 22 29 21 29 29]
  [ 0 23 23 16 15  0 27 17 21 22 20 20 26]
  [ 0 18 22 17 23 16  0 29 26 15 29 19 17]
  [ 0 28 25 28 28 18 16  0 22 15 26 17 16]
  [ 0 24 18 24 25 16 20 29  0 23 16 24 26]
  [ 0 15 23 26 15 23 20 22 17  0 17 15 24]
  [ 0 29 24 26 26 22 21 27 29 16  0 17 24]
  [ 0 16 22 23 23 24 21 28 23 18 27  0 21]
  [ 0 23 19 24 22 23 16 20 18 27 27 29  0]]

 [[ 0 24 28 20 20 20 19 27 21 17 28 27 18]
  [ 0  0 23 27 26 18 27 23 26 26 24 25 23]
  [ 0 21  0 29 18 27 16 21 19 29 22 23 22]
  [ 0 26 26  0 23 18 18 29 22 21 26 16 29]
  [ 0 23 20 17  0 20 21 16 16 15 25 24 24]
  [ 0 23 22 25 15  0 15 29 16 26 27 28 19]
  [ 0 21 21 24 15 16  0 29 19 29 29 17 19]
  [ 0 22 17 29 16 22 29  0 27 22 25 21 29]
  [ 0 29 24 15 24 15 15 29  0 23 20 28 23]
  [ 0 20 24 23 28 18 23 29 23  0 26 23 25]
  [ 0 22 22 24 28 17 23 23 17 18  0 29 25]
  [ 0 24 17 29 23 22 16 24 18 28 21  0 15]
  [ 0 26 28 24 15 21 29 16 17 18 27 18  0]]

 [[ 0 18 22 15 18 24 25 20 16 27 21 29 22]
  [ 0  0 26 20 16 26 15 28 19 16 26 25 25]
  [ 0 21  0 23 26 20 29 22 23 29 26 25 20]
  [ 0 21 16  0 27 20 22 16 15 19 29 20 16]
  [ 0 29 17 27  0 15 29 20 17 16 24 28 20]
  [ 0 21 16 22 17  0 15 18 21 20 27 15 27]
  [ 0 23 15 19 26 25  0 20 27 28 21 22 16]
  [ 0 17 18 17 26 16 18  0 24 18 21 25 16]
  [ 0 27 26 25 18 28 19 28  0 24 23 24 24]
  [ 0 15 18 22 25 15 21 18 26  0 27 15 26]
  [ 0 18 17 17 18 26 19 15 26 17  0 28 29]
  [ 0 28 17 29 20 28 16 18 25 29 17  0 15]
  [ 0 18 16 25 25 17 23 24 28 23 22 21  0]]

 [[ 0 29 19 17 25 16 28 26 28 17 28 29 17]
  [ 0  0 23 20 21 28 27 25 21 26 21 15 21]
  [ 0 18  0 22 22 20 21 16 28 26 16 25 27]
  [ 0 25 18  0 18 17 26 22 22 25 24 17 21]
  [ 0 25 20 23  0 21 16 16 22 21 28 19 16]
  [ 0 15 21 15 26  0 17 19 26 28 19 18 21]
  [ 0 19 24 19 29 16  0 15 24 27 25 21 29]
  [ 0 20 18 24 21 15 18  0 23 21 23 24 29]
  [ 0 20 19 20 17 28 29 23  0 15 20 25 15]
  [ 0 15 24 23 20 21 26 27 16  0 22 21 29]
  [ 0 25 15 26 21 23 27 15 28 16  0 25 19]
  [ 0 27 25 22 20 21 28 25 22 21 24  0 26]
  [ 0 28 26 16 26 29 19 17 23 22 16 21  0]]

 [[ 0 15 17 26 23 29 23 24 27 18 28 26 23]
  [ 0  0 24 26 15 15 21 19 25 24 26 27 21]
  [ 0 22  0 21 23 19 18 15 28 15 21 15 29]
  [ 0 29 28  0 25 29 18 18 16 19 18 26 25]
  [ 0 18 26 15  0 23 16 21 25 28 16 29 28]
  [ 0 17 22 21 24  0 28 19 20 26 24 20 20]
  [ 0 17 19 17 28 26  0 21 24 21 19 28 16]
  [ 0 26 17 17 29 17 20  0 23 21 22 29 16]
  [ 0 17 21 18 22 23 22 26  0 19 22 17 20]
  [ 0 28 20 19 18 17 26 15 22  0 24 21 21]
  [ 0 20 21 22 21 28 20 21 29 19  0 22 27]
  [ 0 15 29 25 20 15 21 16 17 22 20  0 24]
  [ 0 26 24 29 16 25 24 21 16 15 24 22  0]]

 [[ 0 29 22 27 25 20 23 20 15 18 22 24 25]
  [ 0  0 23 21 16 20 21 20 29 19 25 23 28]
  [ 0 25  0 16 26 20 28 29 25 27 29 28 26]
  [ 0 25 18  0 18 20 21 22 19 24 29 16 17]
  [ 0 24 26 20  0 16 29 24 24 23 25 17 24]
  [ 0 22 17 18 21  0 17 23 23 29 16 19 22]
  [ 0 24 25 25 15 18  0 29 22 27 29 16 26]
  [ 0 21 19 21 16 24 19  0 16 20 23 24 25]
  [ 0 15 29 18 21 29 21 27  0 24 20 18 16]
  [ 0 26 22 26 22 27 23 21 15  0 18 23 29]
  [ 0 21 27 17 23 20 27 25 19 16  0 28 24]
  [ 0 15 27 28 18 27 20 21 26 23 15  0 18]
  [ 0 18 21 25 17 28 29 23 17 15 27 22  0]]

 [[ 0 24 28 20 16 26 29 23 25 25 16 18 15]
  [ 0  0 26 24 21 24 24 17 27 18 24 20 29]
  [ 0 25  0 27 19 18 18 25 24 24 28 29 26]
  [ 0 16 25  0 17 26 16 18 22 17 21 25 17]
  [ 0 28 17 28  0 23 25 23 19 27 16 18 25]
  [ 0 21 18 25 15  0 25 29 23 19 21 22 28]
  [ 0 22 18 18 23 16  0 27 21 24 25 20 29]
  [ 0 25 22 20 20 22 29  0 19 25 16 17 18]
  [ 0 17 15 24 25 16 20 20  0 15 26 19 24]
  [ 0 27 25 23 21 24 20 16 18  0 29 27 16]
  [ 0 25 28 24 29 21 16 23 28 26  0 24 23]
  [ 0 15 16 28 21 22 29 27 26 29 18  0 23]
  [ 0 22 15 27 25 27 19 28 27 29 27 21  0]]

 [[ 0 15 28 25 17 16 22 20 24 23 16 22 24]
  [ 0  0 23 18 17 26 16 20 24 16 20 29 23]
  [ 0 27  0 26 27 19 26 16 24 19 22 21 24]
  [ 0 18 24  0 24 26 15 27 26 29 26 16 15]
  [ 0 20 22 19  0 19 24 28 29 21 26 18 23]
  [ 0 21 27 15 27  0 20 28 20 16 20 26 24]
  [ 0 21 15 15 26 15  0 27 27 27 24 26 20]
  [ 0 22 28 15 15 28 19  0 21 21 18 16 25]
  [ 0 25 18 20 27 29 25 24  0 23 18 28 19]
  [ 0 29 21 21 24 24 29 18 24  0 28 16 22]
  [ 0 15 23 26 26 15 16 24 15 25  0 23 27]
  [ 0 17 22 20 17 21 27 26 16 22 22  0 18]
  [ 0 24 15 22 15 24 23 27 16 26 21 15  0]]

 [[ 0 22 21 26 23 22 22 15 19 26 21 24 17]
  [ 0  0 28 29 19 15 23 28 17 18 29 26 29]
  [ 0 15  0 25 29 26 25 15 28 28 26 21 26]
  [ 0 24 15  0 27 15 23 15 22 19 26 28 16]
  [ 0 26 25 26  0 20 27 29 23 22 28 15 22]
  [ 0 24 21 29 29  0 16 20 15 17 22 16 22]
  [ 0 28 21 20 17 16  0 17 24 18 18 26 27]
  [ 0 17 16 26 24 21 23  0 24 18 27 23 18]
  [ 0 25 29 20 25 25 16 17  0 22 28 29 21]
  [ 0 28 18 29 25 16 15 27 17  0 27 27 29]
  [ 0 23 26 21 24 29 28 26 24 27  0 17 16]
  [ 0 20 28 19 29 20 23 18 20 24 25  0 25]
  [ 0 28 23 16 22 26 17 29 16 22 28 24  0]]

 [[ 0 18 15 18 21 24 27 16 15 25 16 15 20]
  [ 0  0 21 19 16 17 27 25 23 16 26 28 19]
  [ 0 19  0 23 15 22 25 25 22 20 21 24 17]
  [ 0 17 18  0 22 25 28 26 25 19 17 29 15]
  [ 0 27 29 15  0 18 15 23 26 25 16 19 25]
  [ 0 20 21 27 18  0 18 24 26 16 23 25 29]
  [ 0 25 26 19 15 16  0 26 24 22 20 26 15]
  [ 0 20 16 20 17 20 15  0 29 27 15 21 22]
  [ 0 25 29 27 17 24 19 24  0 29 17 28 28]
  [ 0 20 28 22 23 17 20 25 26  0 16 18 26]
  [ 0 22 22 26 18 22 24 26 27 26  0 17 21]
  [ 0 26 16 23 15 27 19 27 29 28 19  0 16]
  [ 0 22 29 24 24 20 15 25 17 18 17 17  0]]]
 delivery_times
 [[ 0 28 29  7  5 22 29 25  1  6 25 21  5 16 17 28 24 10 23  1  1  1  5 24
  23 28 22 24 15 18 24 23 15 18 22 20  9 18  7  8  4  6 20 23  7 15  7 18
  20  5 14  4 16  7 18 28  1 21 22 27  4 22 23 13 15 14 12 13 18 15 17 15
  13 12  6 10 29  7  1  2 11 23 20 10 10 11 25  2 19 29 24  5 14 27 19  7
  24 28  7 22  6 10 14 23 26  3 19 10  3 21 14 13 22 15 16 14 13 19 16  6
   8 19 22 17 15 29 10 12 16 25 14 17  4  7  4 21 18 21  4 21 19 25 22  4
  11 29  3 12 13 13 13 14 12 23 12 17 27 13 16 18 26]
 [ 0 25 15 11  2 21 23  8  1 18 20 17  3 17 17 17 27 14 15 11 15 27  9 17
  14 25 22 23 11 23  9 14 14  8 10 17  2 27 27 12 23 23 23 21  6 15 16 25
  15  5 25 18  1  5  8 17  1  2  6 15 23 26 16 17 14 21 20  4 21 13  6  5
  27 22 20  6 22 10 19 10 14  2  3  5 25 22 11 19 24 12 28 19  6 10 18  9
  16  2 29 23  4  4 20 27 19 18 14  8 20  4 12 29  8  5 14 11  7  4 28 26
   2 22  6 27  4 29 27 26 16 26 20  2 11  6 18  9 24 15 11  1  3 10  6 25
  23 29 18 28 28  5  6 17  6 20 15 19  9 27  2 28 24]
 [ 0 16  2 10 10  6 11  2  2 27 16 27 23 28 14 23 15  6 21  6 21 11 15 16
  13 15 19 12 20 19 14 25 29 16 14  7 18 29 10 27 15  3 14 26 14 21 10 21
  16 12 28 19 27 23 29  3 20 10  5 25 14  4 26  8 11 19  7  9 21 18 22 14
   7  8 13 29 10  4 10  6 22 14 23  7 15 19  5 18 29 13 24  8 10 14  6 22
  10 22 11 18 11 21  6  6 11 22 23 19 15  8 26 22 10  4 23 12 18  6 16 18
  27 22 14 16 29  5  4  8 26 16 18 21 27  5 11 19 27 22 14  7  7 12 10 23
  28 12 12  3  7 27 18  7 19 29 11  4 23 19 25 25 15]
 [ 0 25  7  7  6  2 12 16 11  6  4  4  4 26 16  2 22  7 18 26 28 24  1  2
  24  7  4 16 15 14 10 11  3 19  7 28 17  1  8  5 21  2  5 15 28  1  1  2
  29 23  8 24 15 20 25 23 25 28 20 16 17 29 11 22 23 24  4  4 17 17 16 18
  27  4 29 14 19 11  8 21  6  4 17  8  4 25 22 11 12  8  7  8 27 21 22 14
   2  6 22  3 16 17  6 19 10 27  8 26 16 11 14  1 15 25 18  8 18 15  1 23
  17 24 28 15  1  9 10 21 11 28 25 28 18 27  1  3 21  1 18 29 28 15 18 18
  21  2  7 24 18 13 14 20  7 18 21  3  3  1 15 23 18]
 [ 0 29  3 14 29 13 14 28 23  3 11 14 16 10 27 18 10 13 22 25 21 18 16  7
  18 23 18  5 24 24 22 18 25 16 21  7  6 11  9 23 27 17  3  1  5 16 23 27
  26  9  6 26  8 28  7 21  1  1  3  7  8 11  6 29 22 28 19  3 17  3 22 19
  10 16  3  2 23  9 15  5 11 21 28  7 21 22 29 23  6 17  7 26  7 28  6  9
  27 21 24 12 18 27 20 17  4 20 20 12 19  1  6  2 19 26 26  8  7 19  7  1
  22 14 13 11 16 23 12  4 18 23 23 19  5  8 25 11 26 22 21 22  4 14 13  9
   9 12 20 18 29 25 22 20 16 24 21 21  3 21 17  3 20]
 [ 0 20  1  1 19  3 10 29 21  7 27 23 16 17 28  5 29  8 10 22 22  1  3 23
  29  3 18 11 26 22  9 14 20 10  8 27  8 19 23 12 28  3  6 24 25 21 13 25
  11  2 20 15 24 25 23  8  8 22 21 16 18 19 28 14 14  1  8 14 22 22 29 25
  22 25  8  1 25 15  5  2 22 24 24  2 20 28 12  3  3  1  4 18 11  6 22 21
  25 20 29 12 25 14  7 12 16  2 20 16 17 21 10 13 28 26 11 10 16  8 28 12
   2 22 21 20  4 27  1 28  8 14 21 29  2 29 24 15  3 11 29 13 18 29  9 13
  17 12 19  1  8 11 15 15 13  7 21  3  1 28  2  7  5]
 [ 0  6 18 21 14 15  6  1 10 17 29  5 25  2 15 27 28 17  9 14 17 18 15  6
   9  2 28  4 13 10  1 17 22  8 17 27 23 28 19 26 18 23 15 24 20 15 16 20
   6 27 16 18 12 20 21  8 10 23 17 18  5 24  3 10  8  4 26 29 19  7 14  2
  22 28 11 29 14  5 10  9  1 18 21 10 12 24 27 25 24 22 16 15 14  1  2  1
   8 24 25 13  8 24  8 15 14 24 24 28  1 26  6  4 23 18 17  9 10  7  5 22
  11 14 24 13  6 24 27 26 25  3 14 22 29  3 21 18 27 26  6 21 20 26  3  5
  11  7  8 14 27 21 14  7 23  1 20 13 10 27 17 11 10]
 [ 0 13 19 12  8  8 28 29 24 13  4  7 27 20 29  1  2 10 26 22  1 24 27 11
  25 19  1 29 10 14 24  5  6 19 29 14  8  8 29 29 24 28 25 24 19 16  7 11
  16 24 21  9 27 28 27 21 11 13  1 13  7 12 29 13 26  7 14  7  2 29 15 24
   8  6 29  6 13  7 21  1 14 14 17 20 26 17  4 15 13  1 27 18 18  3  8 25
  26 12  4 10 24 24 24  1  8 17 24 27  1 20 22 27 29 25 15 22 15  5 27  5
   5 10  6  9 11 13 16 21  3 23 11  1 14  2  3 18  9  5 25 15  8 17  8  9
  25 22 29  4 23 18 20  4 17 19  2  2 14 20  7 17  9]
 [ 0  1 17 14  3 17 21  9 14 29 28  7 21  9  7 12 14 22 19 14 19  6 29 27
  25 12  7 25  9 20 22 26  7  2 14 29  8 20  7  6 13 23  5  3 15 10 20 29
  17 10  7 29 20 20  6 12  2 26 10 24 11  2 12 25 11 27 17  2  7 25  2 14
  23 15 24 15 14 25  8 18 21 23  4 10 20 13 26 11 23  3  4  5  5  6  8  1
  18 16  4 29  1 14 16  3 24 24 13 28  2  9 21 28  2 16 19 26 14 22 22 16
   1 22 14 20 19  8  8  5 21 13  8 12  4 27 25  6  6  6 12  3 26 28  8 29
   6 22  3 20 27 21  5 20  5 10  4  3 26  1  1 15  7]
 [ 0 29 16 26  6  5 14  3  7 15 14  9 14  7  9  5 17 26 21 22 14 21  7 23
  18 25  1 10 20 15 24  2  4 14 20 22 28 15  3 15 23 24  5  7  7  2 21 28
  25 10  4 10 24 26 25  4 17  1 28 21 19  5 14  3 11 29 21  4 17 24 24 16
  21 28 14 10 23 23 24 28  9  3 16 17 22 15 21 19 28  6 11 10  6 23 10  8
  26  5  6  3  2 18  5 20 20  4 24  7 13 16  3 23 10 25  2 15 17  6 24 27
  12  8  1 27 23 10 20  2 19 11 24  3  9 21 11 29 25 27 28 10  2 28  9  6
   2 10 14  9 27  9  5 18 18 26 15  7  9 25 10 16 27]]
 job2fam
 [[1 0 0 0 0 0 0 0 0 0 0 0 0 0 0 0 0 0 0 0 0 0 0 0 0 0 0 0 0 0 0 0 0 0 0 0
  0 0 0 0 0 0 0 0 0 0 0 0 0 0 0 0 0 0 0 0 0 0 0 0 0 0 0 0 0 0 0 0 0 0 0 0
  0 0 0 0 0 0 0 0 0 0 0 0 0 0 0 0 0 0 0 0 0 0 0 0 0 0 0 0 0 0 0 0 0 0 0 0
  0 0 0 0 0 0 0 0 0 0 0 0 0 0 0 0 0 0 0 0 0 0 0 0 0 0 0 0 0 0 0 0 0 0 0 0
  0 0 0 0 0 0 0 0 0 0 0 0 0 0 0 0 0]
 [0 0 0 0 0 0 0 0 0 0 0 0 0 0 0 0 0 0 0 0 0 0 0 0 0 0 0 0 0 0 0 0 0 0 0 0
  1 0 0 0 0 0 0 0 0 0 0 0 0 0 0 1 0 0 1 0 0 0 0 0 1 1 0 0 0 0 0 0 0 1 0 0
  0 0 0 0 0 1 0 0 0 0 0 0 0 0 0 1 0 0 0 0 0 0 0 0 0 0 0 0 0 0 0 0 0 0 1 0
  0 0 0 0 0 0 0 0 0 0 0 0 0 0 0 1 0 0 0 0 0 0 0 1 0 0 1 0 0 0 0 0 0 0 0 0
  0 0 0 0 0 0 0 0 0 0 0 0 0 0 0 0 0]
 [0 0 0 1 1 1 0 0 0 0 1 0 0 0 1 0 0 0 0 0 0 0 0 0 0 0 0 0 0 0 0 0 0 0 0 0
  0 0 0 0 0 0 0 0 0 0 0 0 0 0 0 0 0 0 0 0 1 0 0 0 0 0 0 1 0 0 0 0 0 0 0 0
  0 1 0 0 0 0 0 0 0 0 0 0 0 0 0 0 0 0 0 0 0 0 0 0 0 0 0 0 1 0 0 0 0 0 0 0
  0 0 0 0 0 0 0 0 0 1 0 0 1 0 0 0 0 0 0 0 0 0 0 0 0 0 0 0 0 0 0 0 0 0 0 0
  0 0 0 0 0 0 0 0 0 0 1 0 0 0 0 0 0]
 [0 0 0 0 0 0 0 0 0 0 0 0 0 0 0 0 0 0 1 0 0 0 0 0 0 0 1 0 0 0 1 0 0 0 0 0
  0 0 0 0 0 0 0 0 0 0 0 0 0 0 0 0 0 0 0 0 0 0 0 0 0 0 0 0 1 0 0 1 0 0 0 0
  0 0 1 1 0 0 0 0 0 0 0 0 0 0 1 0 0 0 0 0 0 0 0 0 0 0 0 0 0 0 0 1 0 0 0 0
  0 1 0 0 0 0 0 0 0 0 0 0 0 0 1 0 0 0 0 0 0 0 1 0 0 0 0 0 0 0 0 0 0 0 0 0
  0 0 0 0 0 0 1 0 0 0 0 0 0 0 0 0 0]
 [0 0 1 0 0 0 0 0 0 0 0 0 0 0 0 1 0 0 0 0 0 0 0 0 0 0 0 0 0 0 0 0 0 0 0 1
  0 0 1 0 0 1 0 0 0 0 0 0 0 1 1 0 0 0 0 0 0 0 0 0 0 0 0 0 0 0 0 0 0 0 0 0
  0 0 0 0 0 0 0 0 0 0 0 0 0 0 0 0 0 0 0 1 0 0 0 1 0 0 1 0 0 0 0 0 0 1 0 0
  1 0 1 0 0 0 0 0 0 0 1 1 0 0 0 0 0 1 0 0 0 0 0 0 0 0 0 0 0 0 0 0 0 0 0 0
  0 0 1 0 0 0 0 0 0 0 0 0 0 0 0 0 0]
 [0 0 0 0 0 0 1 0 0 0 0 1 0 0 0 0 0 0 0 0 0 1 0 0 0 0 0 0 0 0 0 0 0 0 0 0
  0 0 0 0 0 0 0 0 0 0 0 1 0 0 0 0 1 0 0 0 0 0 0 0 0 0 0 0 0 1 0 0 0 0 0 0
  0 0 0 0 0 0 0 0 1 0 0 0 0 0 0 0 1 0 0 0 0 0 0 0 0 0 0 0 0 0 0 0 0 0 0 0
  0 0 0 1 0 0 1 0 0 0 0 0 0 0 0 0 0 0 0 1 0 0 0 0 0 1 0 0 0 0 0 0 0 0 0 0
  0 0 0 0 0 0 0 0 0 0 0 0 0 0 0 0 0]
 [0 1 0 0 0 0 0 0 0 0 0 0 0 0 0 0 1 1 0 0 0 0 0 0 0 0 0 0 0 0 0 1 0 0 0 0
  0 0 0 0 0 0 0 0 0 1 0 0 0 0 0 0 0 0 0 0 0 0 0 0 0 0 0 0 0 0 1 0 0 0 0 0
  0 0 0 0 0 0 0 0 0 0 1 1 0 0 0 0 0 0 0 0 0 0 0 0 0 0 0 0 0 0 0 0 0 0 0 0
  0 0 0 0 0 0 0 0 0 0 0 0 0 0 0 0 0 0 0 0 0 0 0 0 0 0 0 0 0 0 0 0 0 0 0 1
  0 0 0 0 0 0 0 1 0 0 0 0 0 0 1 0 0]
 [0 0 0 0 0 0 0 0 0 1 0 0 0 1 0 0 0 0 0 0 0 0 0 1 0 0 0 0 1 0 0 0 0 1 0 0
  0 0 0 0 0 0 1 0 1 0 0 0 0 0 0 0 0 0 0 0 0 0 1 0 0 0 0 0 0 0 0 0 0 0 0 1
  0 0 0 0 0 0 0 0 0 0 0 0 1 0 0 0 0 1 0 0 0 1 0 0 0 0 0 1 0 0 0 0 1 0 0 1
  0 0 0 0 0 0 0 0 1 0 0 0 0 0 0 0 0 0 0 0 0 0 0 0 0 0 0 0 0 0 0 0 0 0 0 0
  0 0 0 0 0 0 0 0 0 1 0 1 0 0 0 1 0]
 [0 0 0 0 0 0 0 0 0 0 0 0 0 0 0 0 0 0 0 0 0 0 1 0 0 0 0 0 0 0 0 0 0 0 0 0
  0 0 0 0 0 0 0 0 0 0 0 0 1 0 0 0 0 0 0 1 0 1 0 0 0 0 1 0 0 0 0 0 1 0 0 0
  0 0 0 0 0 0 0 0 0 1 0 0 0 0 0 0 0 0 0 0 0 0 1 0 0 0 0 0 0 0 0 0 0 0 0 0
  0 0 0 0 0 1 0 0 0 0 0 0 0 0 0 0 1 0 0 0 0 0 0 0 0 0 0 0 0 0 0 1 0 0 0 0
  1 1 0 0 1 0 0 0 0 0 0 0 0 1 0 0 1]
 [0 0 0 0 0 0 0 1 0 0 0 0 0 0 0 0 0 0 0 1 0 0 0 0 0 0 0 0 0 0 0 0 0 0 1 0
  0 0 0 0 0 0 0 0 0 0 0 0 0 0 0 0 0 0 0 0 0 0 0 0 0 0 0 0 0 0 0 0 0 0 0 0
  0 0 0 0 0 0 0 0 0 0 0 0 0 0 0 0 0 0 0 0 1 0 0 0 1 0 0 0 0 0 0 0 0 0 0 0
  0 0 0 0 0 0 0 0 0 0 0 0 0 0 0 0 0 0 0 0 1 0 0 0 0 0 0 0 0 0 0 0 0 0 1 0
  0 0 0 0 0 1 0 0 0 0 0 0 0 0 0 0 0]
 [0 0 0 0 0 0 0 0 0 0 0 0 0 0 0 0 0 0 0 0 0 0 0 0 0 0 0 0 0 0 0 0 0 0 0 0
  0 0 0 0 0 0 0 0 0 0 0 0 0 0 0 0 0 1 0 0 0 0 0 1 0 0 0 0 0 0 0 0 0 0 1 0
  0 0 0 0 1 0 1 0 0 0 0 0 0 1 0 0 0 0 1 0 0 0 0 0 0 0 0 0 0 0 0 0 0 0 0 0
  0 0 0 0 1 0 0 0 0 0 0 0 0 0 0 0 0 0 0 0 0 1 0 0 1 0 0 1 0 1 0 0 1 1 0 0
  0 0 0 0 0 0 0 0 0 0 0 0 1 0 0 0 0]
 [0 0 0 0 0 0 0 0 0 0 0 0 0 0 0 0 0 0 0 0 1 0 0 0 1 1 0 0 0 1 0 0 0 0 0 0
  0 1 0 1 0 0 0 0 0 0 1 0 0 0 0 0 0 0 0 0 0 0 0 0 0 0 0 0 0 0 0 0 0 0 0 0
  0 0 0 0 0 0 0 0 0 0 0 0 0 0 0 0 0 0 0 0 0 0 0 0 0 1 0 0 0 1 0 0 0 0 0 0
  0 0 0 0 0 0 0 1 0 0 0 0 0 1 0 0 0 0 1 0 0 0 0 0 0 0 0 0 0 0 1 0 0 0 0 0
  0 0 0 1 0 0 0 0 1 0 0 0 0 0 0 0 0]
 [0 0 0 0 0 0 0 0 1 0 0 0 1 0 0 0 0 0 0 0 0 0 0 0 0 0 0 1 0 0 0 0 1 0 0 0
  0 0 0 0 1 0 0 1 0 0 0 0 0 0 0 0 0 0 0 0 0 0 0 0 0 0 0 0 0 0 0 0 0 0 0 0
  1 0 0 0 0 0 0 1 0 0 0 0 0 0 0 0 0 0 0 0 0 0 0 0 0 0 0 0 0 0 1 0 0 0 0 0
  0 0 0 0 0 0 0 0 0 0 0 0 0 0 0 0 0 0 0 0 0 0 0 0 0 0 0 0 1 0 0 0 0 0 0 0
  0 0 0 0 0 0 0 0 0 0 0 0 0 0 0 0 0]]
