params：
 weight-->(1, 10)
 proc_times-->(1, 100)
 setup_times-->(30, 60)
 delivery_times-->(1, 100)
 job_rate-->16

start:
alpha_1
16
 alpha_2
1.0
 mach
10
 job
160
 fam
12
 weigh
 [[0 7 2 4 6 9 9 6 9 5 1 1 3 8 9 8 6 4 9 2 4 5 7 9 1 3 5 9 1 5 4 2 9 6 8 5
  6 3 5 1 5 7 7 6 1 9 4 4 2 7 8 3 3 7 5 6 5 3 9 3 4 6 2 4 5 2 9 5 9 3 9 2
  2 2 8 2 5 8 1 2 8 4 8 1 5 1 3 7 2 4 3 3 5 7 3 1 8 1 2 6 4 3 9 9 4 1 3 3
  1 2 3 5 1 4 5 2 2 3 3 5 4 3 4 6 5 2 7 7 3 2 2 5 8 6 8 9 2 1 7 7 9 4 7 5
  5 1 8 2 8 2 2 2 9 2 1 8 4 2 3 6 8]]
 proc_times
 [[  0  84  96  24  42  28  17  58  14  31  72   6   3  78  23  41  28  41
   79  15   8  14   5  97  91  87  47  35  30  76  95  13  63   3  67  20
   29  24  77   4  37  84   7  15  31  51  46  75  35  42  25  68  17  95
   68  60  88  37   9  55  68  16  86  67  61  24  59  10  45  85  81  20
   37  28  61  66   1  50  33  54   6   8  15   2  88  86  89  56  60  81
   56  67  39  36  99   5  52  11  24  39  90  68  25  95  58  15  37  48
   55   2  91  99  99  39  19  92  21  31   7  69  99  83  95  97  73  12
   52  65  52  88  29  67  24  85  73   7  30  88  12  33   5  79  99  57
   65  45  77  71  20  25  75  98  62  36  99  67  27  14  79  56  58]
 [  0  93   8  63  49  29  80  54   3  64  70  79  70   6  55  89  49   1
   17   6  64  96  36  53  51  91  22  12  86  19  58  30  35  96  54  17
   56  10  89  50  67  41  96  74  87  82  11  55  27   7  70  70  45  26
   48   4  71  32  13  16  28  79   9  94  64   7  90  90  73  21  88  88
    3  69  37   3  70  35  35  23  72  77  47  73  25  25  53  68  75 100
    5  43  16  12  63  75  86  10  48 100  54  34 100  42  52  56  63  22
   34  58  59 100  21  61   6  54  53  94  55  28  98  32  90  69  56  50
   97  10  29   2  30  76  37  87  14  99  99  88  96  15  60  91  16  44
   87  69  77  59  14  48  39  42   5  83  48  22  33  67  84   9  77]
 [  0  97  26   5  96  10  65  52  78  77  95   7  94   6  43  35  83  92
   65   5  80  88  23  28  94  25  42  11  36  60  32  50  29  95  75  18
  100 100   4   6  41  18  44  96  18  21  39  63  77  10  40  42  68  84
   48  41  34  30  86  74  11  27  74  67  59  70  41  16  40  44   7  43
   26  40  81   5  16  88   8  11  15  27  73  46  10  22  82  33  34  78
    2   6  17  98  91  78  84   3  18  21  79  56   7  23  12  65   6  50
   67  74  78  31  65  60  77  90   4  40  31  82  50  12  68  56  45  70
    8   4  94  87 100  60  32  87  35  76  13  75  89  57  65  12  86  52
   56   8  59  94  23  14  47  38  41  73   7  67  42  64  93   3  65]
 [  0  86  74  82  99  43  81  36  96  42  30  34  39   5  34   4  17  12
   48  38  54   6  36  44  46  73  37  97  22  29  80  12  56  56  30  76
   17   3  20 100  23  22  49  93  47  21  50  11  74  64  30  41  36  39
    7  87  49  70  71  97  18  92  12  34  94  38  91  90  55  60  55  64
   13  64  71  92  87  11   7   3  45  99  16   2  64  41  59  46   5  19
   62  34  55  95  18  89  74  58  73  67  15  61  74  11  14  15  95  55
   44  46  44  64 100  85   8  91  97  13  11  75  75  13   7 100  48   9
   32  57  12  82   5  30  35  45  57  70  83  18  13  80  88  49  59  34
   90   7  70  74  31  17  53  44  73  78  42  59  12  43  30   4  93]
 [  0  11  65  50   8  22  60  72  88  18  48  12   1  32  87  24  82   4
   56  77  92  66  78  85  69   1  19  69  80  29  51  53   1  29  72  80
   77  80  39  82  32   1  94  19  80  38  91  54  54  83  14  13  35  48
   67  67  53  61  48  92  36  65  29  81  96  18   5  30  86   8  74  80
   56  17  84  38  58   2  16   5  63  38  40  28  55  26  98  20   6  95
   26  87  76  79  81  91  95  24  24  11  83  18  95  87  82  87  56  12
   46  65  66   6   9  61   4  78   6  25  57  14  19  90  41  80  72  78
   34  46  64  98  60  71  46  26  35  45  79  40  74  17  93  56  59  12
   63  53  66  89  50  53  50  48  86  10  10  26  17 100  62  72  81]
 [  0  63  83  18  98  43  48  18  15  35  65  99  28  21  93  22  65  60
   29  92  79  93  75  69  27  67  69  78  96   9  54  66  32  89  21   1
   41  28  70  54   1  37  60  31  78  69  81  11  10  15   4  59  46  56
   65  97  72  54  92  63  56  33  91  89  32  35   2  35  99  46  72  76
   99  45  76   4  26  61  41  76  25  85  18  11   3  21  28  12  84  10
   97  71  51  80  65  38  71  27  68  15  31  79   7  62  99   7  49  62
   98   6  47  25  18  51  56  24 100  98  87   5  73  86  53  22   9  74
   54  14  50  35  98  33  45  10  97  47  17 100  42  73   2  41   3  85
   84  44  99  67  79  60  80  52  98  29  56   9  66  18  85  98   6]
 [  0  55   7  22  77  39  30  75  72  91  12  73  68  50  31  82  49  80
   29  67  13  47  76  78  60  95  61  43  43  74  22  86  38  23  32  61
   71  81  32  41  80  33  57  11  90  65  97  25  57  42  47  70  68  85
    7  15  33  66  94  46  10  71  36  78  66  42  42  28   2   7   7  30
   82  58  61  10  49  26  17  77  86  91  45  80  69  18  80  45  22  73
  100  49  94  46  32 100  18  88  46   9  46  75  97  71  49  78   6  23
   59  12  86  55  46  64  77  27  98  34  46  15  22  81  36  29  17  47
   51  79  14  36  33  29  18  59  31   1  48   9  58   4  23  93  62  45
   10   9  97  81  11  39  51  93  85  82  79  57  19  36  39  82 100]
 [  0  31   9  43  13  95  11  83  96  63  80  93  94  22  35  26  71  84
   85  64  78  13  14  17  65  17  87  56  90  32  71  87  10  86  44  13
   71  10  36   1  82  98   7  47  58  70  25  23  82  75  60  11  74  95
   45  57  76  44  38  50  64  92  78  17  53  91   6  34  95  27  91  20
    5  84  23  28  25  43  11  27  13   5  56  51  15  34   4  83  39  21
   97   1 100  50  29  69  78  98  62  33  94  79  90   8  95  29  11   9
   22  83  81  48  77  50   6  12  95  93  18  21  24  80  55  78  75  14
   86  85  57 100  91  59   9  28  87  55  48  10  90  49  88  11  14  45
   56  35   2  27  38  59  58  48  27  78  32   7  23  84  60  60  84]
 [  0  32  87  76  50  44   3  75  66  61  92 100  83  67  62  93  61  64
    9  76  84  74  82  72  54  46  65  46  80  68  52  36  33  26  28  44
   12  82  86  21  95   2  81  18 100  45  23  61  16  28  53   1  67  79
   67  16  93   6  90  64  48  31  86  42   4  42  49  27  34  56  42  76
   17  80  46  27  58   7  13  43  62  33  90  12  24  34   6  25  65  91
   86  41  87  51  21  13   8  72  18  30  94  78   4  33  48  48  54  89
   49  57  43  73  56  88  32  62  49  94  40  73  81  71  63  17  32  99
   86  15  46  84  25  27  98  64  20  14  93  91  49  33  28  12  38  69
   30  52  88  72   3  54  57  59  64  86  41  34  64  35  38  71  77]
 [  0  19  15  96  75  37  44  74  21  52  62   7  97  35   3  49   6  81
   42  13  11  28  44  18  44  61  59  51  57  47  75  62  68  38  57  62
   73  86  33  56  62  85   9  84  44  81  19  57  90  81   9  64  19  44
   44  99  31  44  75  28  59  61  26  90  86  46  18  92  84  75  38  43
  100  88  41  66  84  17  37  13  42  31  91  87  92   8  14  77 100  48
   43  50  41  26  55  63  30  74  12  22  53  11  84  94  80  77  41  43
   81  87  99  43  59  84  82  88  91  77  14  38  72  34  41  76  64  69
   50  15  29  84  48  12   8  94  86   8  67  83  11  26  12  11  62  90
    1  29  12  44  25  24  56  52  64  70  11  79  81 100  83  22  75]]
 setup_times
 [[[ 0 49 47 31 43 48 44 37 37 48 33 43 40]
  [ 0  0 52 46 56 52 52 52 41 43 43 33 30]
  [ 0 53  0 42 43 50 34 41 50 48 42 41 31]
  [ 0 43 56  0 56 54 39 41 36 32 39 38 48]
  [ 0 40 44 51  0 49 48 50 36 44 57 34 41]
  [ 0 51 42 38 52  0 57 34 36 58 55 47 53]
  [ 0 46 56 32 57 30  0 36 38 32 52 30 58]
  [ 0 31 42 35 30 48 33  0 49 33 46 57 32]
  [ 0 43 51 58 43 56 43 30  0 34 30 35 43]
  [ 0 48 42 30 38 57 52 32 45  0 37 39 47]
  [ 0 51 36 57 35 42 50 54 59 35  0 42 44]
  [ 0 56 50 58 35 30 39 47 33 39 41  0 54]
  [ 0 46 58 42 59 45 31 55 38 57 57 55  0]]

 [[ 0 58 55 48 36 59 36 58 55 37 44 37 39]
  [ 0  0 50 54 36 32 53 37 56 30 54 54 56]
  [ 0 39  0 41 59 37 36 54 35 41 55 30 46]
  [ 0 48 34  0 31 30 41 42 39 45 44 41 57]
  [ 0 37 49 44  0 48 49 55 43 48 50 51 53]
  [ 0 43 54 56 42  0 41 32 47 58 59 50 31]
  [ 0 55 47 55 37 47  0 55 57 58 43 48 56]
  [ 0 36 49 36 31 48 31  0 37 54 32 44 58]
  [ 0 47 39 30 55 36 35 48  0 30 32 30 35]
  [ 0 40 38 50 31 54 34 50 52  0 51 54 44]
  [ 0 38 36 31 49 49 43 56 31 37  0 31 46]
  [ 0 50 32 51 34 47 40 38 33 50 55  0 41]
  [ 0 56 30 30 34 58 41 51 37 55 40 50  0]]

 [[ 0 57 47 41 48 44 58 49 36 55 59 42 52]
  [ 0  0 42 31 48 48 43 48 35 42 42 46 40]
  [ 0 34  0 50 31 39 38 31 45 31 35 45 32]
  [ 0 54 47  0 32 56 45 49 48 47 54 34 32]
  [ 0 43 31 53  0 58 40 57 57 38 39 30 36]
  [ 0 43 36 30 52  0 35 53 35 43 46 44 33]
  [ 0 37 55 34 37 33  0 30 37 40 36 37 41]
  [ 0 34 50 57 33 59 49  0 48 48 51 43 46]
  [ 0 36 30 49 55 54 48 54  0 55 47 55 32]
  [ 0 46 39 45 52 40 50 56 57  0 33 41 51]
  [ 0 50 36 43 51 59 34 54 45 49  0 30 32]
  [ 0 51 47 31 49 53 55 58 41 49 33  0 41]
  [ 0 56 56 49 45 59 42 58 42 58 42 31  0]]

 [[ 0 51 33 34 49 44 52 49 50 57 51 47 38]
  [ 0  0 48 47 40 58 49 30 45 48 35 42 58]
  [ 0 45  0 49 42 39 49 57 44 54 49 36 33]
  [ 0 38 49  0 51 59 59 37 38 37 59 34 59]
  [ 0 41 51 32  0 47 44 45 59 36 47 52 53]
  [ 0 49 35 47 48  0 43 50 50 42 38 37 52]
  [ 0 32 38 36 36 58  0 42 46 43 51 34 46]
  [ 0 48 50 32 45 40 44  0 48 37 48 31 38]
  [ 0 47 41 57 37 37 42 44  0 42 42 54 46]
  [ 0 31 35 35 45 32 42 35 53  0 58 53 58]
  [ 0 43 55 54 34 39 40 57 42 46  0 55 41]
  [ 0 30 40 36 32 59 44 55 49 36 46  0 47]
  [ 0 42 39 30 51 42 34 30 51 32 49 57  0]]

 [[ 0 47 59 43 42 59 40 33 42 55 38 33 53]
  [ 0  0 58 46 50 51 31 56 30 40 57 44 53]
  [ 0 51  0 57 40 54 55 42 33 37 49 47 34]
  [ 0 51 34  0 30 43 54 44 41 53 36 40 53]
  [ 0 36 48 33  0 50 51 41 54 36 48 58 45]
  [ 0 53 32 39 33  0 35 45 33 53 39 47 50]
  [ 0 40 33 30 46 58  0 37 37 55 50 51 50]
  [ 0 35 48 30 58 43 58  0 37 43 35 47 47]
  [ 0 56 50 44 36 43 59 32  0 58 51 40 42]
  [ 0 49 56 57 53 42 48 41 52  0 50 44 46]
  [ 0 42 53 42 35 59 50 38 35 37  0 53 33]
  [ 0 39 58 56 53 50 58 45 54 53 36  0 34]
  [ 0 43 52 52 48 42 52 50 38 48 43 32  0]]

 [[ 0 35 34 42 40 52 46 35 35 58 44 47 34]
  [ 0  0 40 44 57 48 46 57 31 42 32 58 49]
  [ 0 47  0 41 37 47 59 56 53 31 39 52 39]
  [ 0 30 36  0 46 56 31 37 46 40 52 56 52]
  [ 0 46 58 33  0 55 59 50 42 59 46 35 39]
  [ 0 50 37 58 35  0 52 58 59 50 51 58 44]
  [ 0 50 39 39 52 51  0 46 32 58 48 53 53]
  [ 0 52 38 46 56 48 45  0 49 32 47 53 55]
  [ 0 30 46 47 40 50 32 48  0 41 42 31 44]
  [ 0 56 57 57 48 44 49 31 30  0 46 41 39]
  [ 0 41 53 35 35 39 46 33 35 32  0 41 41]
  [ 0 42 47 58 41 46 49 45 41 56 58  0 45]
  [ 0 56 54 34 47 42 55 40 41 41 38 38  0]]

 [[ 0 58 37 30 56 44 58 30 54 47 35 48 48]
  [ 0  0 33 36 58 59 38 40 43 49 59 57 54]
  [ 0 37  0 45 50 32 40 40 39 45 36 46 50]
  [ 0 46 54  0 43 32 30 58 48 44 58 44 38]
  [ 0 30 36 34  0 33 45 52 32 36 48 47 37]
  [ 0 59 43 56 40  0 48 41 34 40 59 59 38]
  [ 0 46 49 55 55 37  0 55 34 43 50 45 41]
  [ 0 49 35 49 45 32 35  0 59 55 55 36 34]
  [ 0 34 49 36 53 43 45 47  0 57 59 31 35]
  [ 0 57 33 51 49 40 52 59 35  0 49 30 45]
  [ 0 32 45 37 30 42 57 53 53 57  0 53 45]
  [ 0 31 34 59 40 48 50 41 54 53 44  0 32]
  [ 0 49 58 58 45 56 35 30 30 35 38 51  0]]

 [[ 0 58 33 56 36 40 33 51 30 41 54 35 31]
  [ 0  0 49 30 31 37 56 49 34 36 51 47 40]
  [ 0 48  0 56 58 57 57 48 42 43 41 41 54]
  [ 0 55 38  0 55 59 30 30 38 57 40 56 54]
  [ 0 58 31 33  0 47 49 54 37 41 55 31 53]
  [ 0 41 39 42 55  0 45 54 59 51 53 32 42]
  [ 0 56 59 33 49 59  0 59 50 46 54 54 51]
  [ 0 31 39 31 46 30 52  0 52 36 35 47 53]
  [ 0 46 44 55 37 37 44 44  0 37 44 33 42]
  [ 0 56 52 41 39 41 55 43 42  0 57 45 39]
  [ 0 38 36 40 32 54 35 46 44 49  0 59 47]
  [ 0 30 53 52 50 39 57 47 53 53 30  0 48]
  [ 0 46 49 46 30 59 35 58 45 30 59 36  0]]

 [[ 0 56 32 53 43 41 49 56 36 59 56 31 45]
  [ 0  0 39 35 43 57 55 35 45 44 44 32 44]
  [ 0 43  0 30 55 43 33 58 49 30 31 47 57]
  [ 0 46 36  0 51 36 32 46 59 45 59 42 37]
  [ 0 34 42 59  0 38 44 55 52 55 46 59 48]
  [ 0 56 35 48 55  0 42 51 42 54 52 57 55]
  [ 0 44 48 57 48 55  0 55 55 48 56 54 45]
  [ 0 48 56 44 57 54 40  0 55 47 43 56 46]
  [ 0 50 43 39 47 43 52 50  0 58 53 45 43]
  [ 0 53 58 52 48 59 53 34 45  0 34 30 36]
  [ 0 41 51 33 46 32 48 44 39 49  0 59 53]
  [ 0 44 49 48 46 54 42 38 49 30 54  0 54]
  [ 0 58 33 37 30 58 30 35 47 59 49 50  0]]

 [[ 0 46 52 53 42 56 38 30 40 45 42 40 52]
  [ 0  0 33 50 49 42 35 47 52 47 41 42 58]
  [ 0 49  0 56 39 48 36 35 35 38 40 55 30]
  [ 0 48 55  0 30 52 40 41 56 50 57 48 34]
  [ 0 35 47 40  0 32 38 37 38 38 41 36 45]
  [ 0 41 34 47 40  0 40 30 47 37 57 32 43]
  [ 0 34 33 53 42 42  0 31 35 30 37 42 45]
  [ 0 57 37 31 59 32 44  0 36 44 40 53 59]
  [ 0 30 50 52 39 40 45 58  0 54 55 54 35]
  [ 0 36 52 34 51 31 35 56 44  0 44 48 59]
  [ 0 58 36 51 58 41 59 39 54 39  0 57 48]
  [ 0 38 37 40 30 55 35 33 35 34 52  0 46]
  [ 0 39 42 59 32 44 50 47 48 44 34 33  0]]]
 delivery_times
 [[ 0 37  6 59 15 72 13 51 86 95 90 79 77 36 11 80 68 34 22 91 91 92 99 22
  97 82 28 18 36 63 84 25 44 22 28 76 44  8 89 62 81 21 59 94 29 46 66 28
  16 85 81 87 85 50 41 66  4 44 63  4 67 14 26 49 39 97 98 30  6 94 71 29
  17 56 17 49 97 80 10 98 52 70 63 67 54 21 32 66 55 72 22 35 85 67 22 21
  34 73 89 49 16 30  4 93 45  6 34 21 85 14 21 53 42 48 45 36 23 15 94 97
   1  9  6 45 56 58 57  4 80 25 93 26 12 35 38 79 51 60 38 93 44 80  3 55
  23 47  6 83 28 60 79 97 65 38 82 46 10 63 70 55 79]
 [ 0 58 66 70 10 18 38 12 31 12 42 56 67  6 96 55 38 76 90 57 37 10 67 38
  48 19 17  4 28 61 75 78 25 11 48 11 91 72 66 10 76 39 16 89 10 47  6 80
  10 35  7 18 39 67 87 56  2  2 20 95  4 74 93 50 35 40 21 71  8 24 50 52
  67 75 75 19 52 27 31 25 68 40 39 68 86 24 26 40 52 67 18 33 82 62  3 95
  51 20 93 33 82 41 70 23 29 42 96 22 13 10 80 16 43  4 70  5  2 57 34 31
  85 43 56 64 77  4 11 41 53 45 19 20 98 98 68 33 65 72 12 74  7 93 36 73
  98 56 85 94 29 31 79  4 32 23 72 28 25 75 91 28 38]
 [ 0 59  8 31 24 74 41 62 88 64 86 54 25 29 71 40 32 64 82 51  9 11 13 38
  13 44 92 50 99 14 14 38 54 41 29 98 68  2 47 99 72 26 98 39 82 86 11 16
   1 82 46 34 49 81 55 85 46 35 55 26 96 53 64 36 72 29 79 38 53 24 22 74
   2  1 86 46 73 31 35 19 84 68 85 56 98  2 53 86 69  2  2 23  6  5 93 52
  38 86  2 53 38 62 91 64  4 89  9 79 83 68  7 75 27 72 71 16 27 98 25 77
   9  6 67 15 97 98 53 27 87 63  7 61 20 49 19 90 14  2 59 28 52 86 13 72
  77 47 60  1 18 82 63 22 74 70 54 24 67 35 33 50  7]
 [ 0 98 40 55 99 52 60 21 47 48 74 77 33  6  6 80 80 79 83 63  8 49 77 84
  29 69 62 15 30 55  3  7 87 88 98 74 43 58 66  6 37 67 84 59 32 67 48 38
  66 99 52 47  4 59 30 94 51 46 12 38 50 88 13 26 62 45 10 74 76  8 40 75
  90 74  7 93  4 96 24 78 57 91 85 36 37 44 28 37 30 27 34 90 63 45  9  1
  38 62 91  8 77 83 27 84 17 28 43 97 35 18 54 37  6 19 99 97  7 79 18 94
   2 38 71 27 19 44 79 55 51 77 63 28 73 81 18 49 69  7 25 90 77 84 72 76
  80 89 15  3  7  4 21 95 39 95 88 67 32  8 42 45 10]
 [ 0 56  4 24 38 62 69 93 22 60 40 66  5 87 39  1  6 28 98 44 94 39  9 20
  13  1 50 59 82 61 46 56 74 98 29 27 20 79 45 20 21  7 25 20 27 18 83  9
  95 89 55  9 28 97 43 82 44 22 75 52 92  8 78 26 42 14 17 73  4  1 77  4
   4 60 28 74 94 76 23 56 89 38 60 59  5 36 51 27 83 75 11 48 98 64 51 32
  82 24 67 71  3 46  4 27 95 22 22 96 49 49 55 51 45 76  6  5 85  6 44 36
  64 69 16 91 16 77 60 71 97 44 56 15 95 48 61 82 44 82 83 83 37 85 77 65
  65 10 41 88  8 51 18 72 71 99 19 71 82 67 92 71 99]
 [ 0 47 17 42 42 54 78 31 61 25 45 38 14 77 22 82 22 75 32  3 40 55 80 55
  95 62 57 76 36 95 44 83 92 70 80 33 25 64 49 94 62 44 75 36 72 71 30 20
  31 54 58  5 38 31 59 27 56 74 36 23 25 40 55 11 29 94 41 43 20 19 72 43
  71 19  5 28 37  9 88 60 27 54  8 17 93 81 43 84 63 28 75  6 67 25 20 88
  57 81 85 73 82 24  6 40 91  1 74 48 36 87 76 58 10 27 98 25 90 10 64 69
  58  3 53 75 55 60 28 23 24 85 14 12 49 35 31 84 26 26 62 57 41 58 99 42
  74 63 66 26 26 92 65 97 10 54 92 73 69 45 43 24 42]
 [ 0 82 18 23 64 88 39 46 23 60 49 77 55 82 87 30 54 71 27 25  9 16 82 95
  40  1 12 23 44 51 16 36 27 60 36 23 21 92  1 91 50  3  5 72 57 39 65 36
  97 46 36 14 19 35 26 84 94 74 31 80 17 84 53 66 11 25 48 20 44 78 93 98
  40 76 51 19 56 16 34 24 78 62 41 70 46 44  7 59 76 48 41 97 28 96 52 70
  13 59 78 39 41 92 71 94  1 67 42 43 36 35 38 46 97  5 26 52 55 41  4 53
  73 30 64 14 31 30 48 79 20 56  9 99 69 30 71 27 34 86 84 88 12 81 33 89
  61 74 62 49 18 10 12 57 45 75 85 50 47 92 69 26  1]
 [ 0 72  1 29 18 65 27 14  6 39 46 21 88 79 86 95 53 59 73 22 97 88 97 36
  92 97 97 71 60 32  3 29 12 71 81 75 27 23 42 11 74 86  5 79 91 68  2 46
  70 67 20 81  2 16 62 75 84 51  6 64 32 55 23 28 41 63 50 78 94 33 54 75
  33 20 90 60 16 52 41 31 89 70 53 40 13 68 88 92 64 12 80 15 75 88 75  8
  39 13 52 11 56 17 62 89 89 72 28 15 53 55 95 79 67 39 95 33 59 37 95 58
  36 66 67 88 54 40 83 38 33 11 98 85  1 45 71 37 56  2 76  9 93 35 78 23
  86 99 92 12 53 53 11 68 75 72 56 20 86  2 82 56 20]
 [ 0  1 93 35 26 39 54 67 32 94 69 90  8 69  8 96 93 71 77 47  5 52 34 24
  78  5 51 55 33 14 98 61  6 27 99 60 31 33 34 80 39 35 90 47 26 72 88 96
  41  6 77 19 98 99 42 51 99 70 10  9  9 89 93 64 16 24 35 55 16 85 50 73
  40 60 62 99  1 16 68 94 66  2 67 17 66 19 41 81 84 56 27 71  2 24 71 86
  23 74 78 39 86 17 21 74 15 52 15 78 47 62 64 31 45 62 65 17 82 64 51 62
  64 77 32 12  8 46 28 31 76 38 67 72 49 91 80 39 49 39 37 56 57 65 73 42
  74 38 60  2 26  5 82 33 98 56  9 46  3 64 28 75 23]
 [ 0  7 77 87 20 71 52 99 76 41 11  6  3  9 67 64 65 42 18 14 65 49 18 84
   5 65 12 24 90 34 54 43 21 55 86 55  6 25 93 32 93 96 41 68 56 72 89  9
  55 98 12 40 12 27 68 43 84 44 69 95 87 52 77 45  4  1 99 65 35 59 81 27
  78 42 81 81 17  5 15 63 25  2  6 95 56 47 97 54 76 78 46 38 41 36 17  8
  20 64 98 86 37 24 25 18 50  1  9  8 21 12 65 59 82 45 63 22 94 85 21 29
  26 64 43  7 91 44 49 89 57 43 98 66 41  3 83 83 28 83 99 87 89  3 33 50
  50  9 70 65 37 89 81 90 46 45 85  8 60 74 92 96 81]]
 job2fam
 [[1 0 0 0 0 0 0 0 0 0 0 0 0 0 0 0 0 0 0 0 0 0 0 0 0 0 0 0 0 0 0 0 0 0 0 0
  0 0 0 0 0 0 0 0 0 0 0 0 0 0 0 0 0 0 0 0 0 0 0 0 0 0 0 0 0 0 0 0 0 0 0 0
  0 0 0 0 0 0 0 0 0 0 0 0 0 0 0 0 0 0 0 0 0 0 0 0 0 0 0 0 0 0 0 0 0 0 0 0
  0 0 0 0 0 0 0 0 0 0 0 0 0 0 0 0 0 0 0 0 0 0 0 0 0 0 0 0 0 0 0 0 0 0 0 0
  0 0 0 0 0 0 0 0 0 0 0 0 0 0 0 0 0]
 [0 0 0 0 0 0 0 0 0 0 0 0 0 0 0 0 0 0 0 0 0 0 0 0 0 0 0 0 0 0 0 0 0 0 0 0
  1 0 0 0 0 0 0 0 0 0 0 0 0 0 0 1 0 0 1 0 0 0 0 0 1 1 0 0 0 0 0 0 0 1 0 0
  0 0 0 0 0 1 0 0 0 0 0 0 0 0 0 1 0 0 0 0 0 0 0 0 0 0 0 0 0 0 0 0 0 0 1 0
  0 0 0 0 0 0 0 0 0 0 0 0 0 0 0 1 0 0 0 0 0 0 0 1 0 0 1 0 0 0 0 0 0 0 0 0
  0 0 0 0 0 0 0 0 0 0 0 0 0 0 0 0 0]
 [0 0 0 1 1 1 0 0 0 0 1 0 0 0 1 0 0 0 0 0 0 0 0 0 0 0 0 0 0 0 0 0 0 0 0 0
  0 0 0 0 0 0 0 0 0 0 0 0 0 0 0 0 0 0 0 0 1 0 0 0 0 0 0 1 0 0 0 0 0 0 0 0
  0 1 0 0 0 0 0 0 0 0 0 0 0 0 0 0 0 0 0 0 0 0 0 0 0 0 0 0 1 0 0 0 0 0 0 0
  0 0 0 0 0 0 0 0 0 1 0 0 1 0 0 0 0 0 0 0 0 0 0 0 0 0 0 0 0 0 0 0 0 0 0 0
  0 0 0 0 0 0 0 0 0 0 1 0 0 0 0 0 0]
 [0 0 0 0 0 0 0 0 0 0 0 0 0 0 0 0 0 0 1 0 0 0 0 0 0 0 1 0 0 0 1 0 0 0 0 0
  0 0 0 0 0 0 0 0 0 0 0 0 0 0 0 0 0 0 0 0 0 0 0 0 0 0 0 0 1 0 0 1 0 0 0 0
  0 0 1 1 0 0 0 0 0 0 0 0 0 0 1 0 0 0 0 0 0 0 0 0 0 0 0 0 0 0 0 1 0 0 0 0
  0 1 0 0 0 0 0 0 0 0 0 0 0 0 1 0 0 0 0 0 0 0 1 0 0 0 0 0 0 0 0 0 0 0 0 0
  0 0 0 0 0 0 1 0 0 0 0 0 0 0 0 0 0]
 [0 0 1 0 0 0 0 0 0 0 0 0 0 0 0 1 0 0 0 0 0 0 0 0 0 0 0 0 0 0 0 0 0 0 0 1
  0 0 1 0 0 1 0 0 0 0 0 0 0 1 1 0 0 0 0 0 0 0 0 0 0 0 0 0 0 0 0 0 0 0 0 0
  0 0 0 0 0 0 0 0 0 0 0 0 0 0 0 0 0 0 0 1 0 0 0 1 0 0 1 0 0 0 0 0 0 1 0 0
  1 0 1 0 0 0 0 0 0 0 1 1 0 0 0 0 0 1 0 0 0 0 0 0 0 0 0 0 0 0 0 0 0 0 0 0
  0 0 1 0 0 0 0 0 0 0 0 0 0 0 0 0 0]
 [0 0 0 0 0 0 1 0 0 0 0 1 0 0 0 0 0 0 0 0 0 1 0 0 0 0 0 0 0 0 0 0 0 0 0 0
  0 0 0 0 0 0 0 0 0 0 0 1 0 0 0 0 1 0 0 0 0 0 0 0 0 0 0 0 0 1 0 0 0 0 0 0
  0 0 0 0 0 0 0 0 1 0 0 0 0 0 0 0 1 0 0 0 0 0 0 0 0 0 0 0 0 0 0 0 0 0 0 0
  0 0 0 1 0 0 1 0 0 0 0 0 0 0 0 0 0 0 0 1 0 0 0 0 0 1 0 0 0 0 0 0 0 0 0 0
  0 0 0 0 0 0 0 0 0 0 0 0 0 0 0 0 0]
 [0 1 0 0 0 0 0 0 0 0 0 0 0 0 0 0 1 1 0 0 0 0 0 0 0 0 0 0 0 0 0 1 0 0 0 0
  0 0 0 0 0 0 0 0 0 1 0 0 0 0 0 0 0 0 0 0 0 0 0 0 0 0 0 0 0 0 1 0 0 0 0 0
  0 0 0 0 0 0 0 0 0 0 1 1 0 0 0 0 0 0 0 0 0 0 0 0 0 0 0 0 0 0 0 0 0 0 0 0
  0 0 0 0 0 0 0 0 0 0 0 0 0 0 0 0 0 0 0 0 0 0 0 0 0 0 0 0 0 0 0 0 0 0 0 1
  0 0 0 0 0 0 0 1 0 0 0 0 0 0 1 0 0]
 [0 0 0 0 0 0 0 0 0 1 0 0 0 1 0 0 0 0 0 0 0 0 0 1 0 0 0 0 1 0 0 0 0 1 0 0
  0 0 0 0 0 0 1 0 1 0 0 0 0 0 0 0 0 0 0 0 0 0 1 0 0 0 0 0 0 0 0 0 0 0 0 1
  0 0 0 0 0 0 0 0 0 0 0 0 1 0 0 0 0 1 0 0 0 1 0 0 0 0 0 1 0 0 0 0 1 0 0 1
  0 0 0 0 0 0 0 0 1 0 0 0 0 0 0 0 0 0 0 0 0 0 0 0 0 0 0 0 0 0 0 0 0 0 0 0
  0 0 0 0 0 0 0 0 0 1 0 1 0 0 0 1 0]
 [0 0 0 0 0 0 0 0 0 0 0 0 0 0 0 0 0 0 0 0 0 0 1 0 0 0 0 0 0 0 0 0 0 0 0 0
  0 0 0 0 0 0 0 0 0 0 0 0 1 0 0 0 0 0 0 1 0 1 0 0 0 0 1 0 0 0 0 0 1 0 0 0
  0 0 0 0 0 0 0 0 0 1 0 0 0 0 0 0 0 0 0 0 0 0 1 0 0 0 0 0 0 0 0 0 0 0 0 0
  0 0 0 0 0 1 0 0 0 0 0 0 0 0 0 0 1 0 0 0 0 0 0 0 0 0 0 0 0 0 0 1 0 0 0 0
  1 1 0 0 1 0 0 0 0 0 0 0 0 1 0 0 1]
 [0 0 0 0 0 0 0 1 0 0 0 0 0 0 0 0 0 0 0 1 0 0 0 0 0 0 0 0 0 0 0 0 0 0 1 0
  0 0 0 0 0 0 0 0 0 0 0 0 0 0 0 0 0 0 0 0 0 0 0 0 0 0 0 0 0 0 0 0 0 0 0 0
  0 0 0 0 0 0 0 0 0 0 0 0 0 0 0 0 0 0 0 0 1 0 0 0 1 0 0 0 0 0 0 0 0 0 0 0
  0 0 0 0 0 0 0 0 0 0 0 0 0 0 0 0 0 0 0 0 1 0 0 0 0 0 0 0 0 0 0 0 0 0 1 0
  0 0 0 0 0 1 0 0 0 0 0 0 0 0 0 0 0]
 [0 0 0 0 0 0 0 0 0 0 0 0 0 0 0 0 0 0 0 0 0 0 0 0 0 0 0 0 0 0 0 0 0 0 0 0
  0 0 0 0 0 0 0 0 0 0 0 0 0 0 0 0 0 1 0 0 0 0 0 1 0 0 0 0 0 0 0 0 0 0 1 0
  0 0 0 0 1 0 1 0 0 0 0 0 0 1 0 0 0 0 1 0 0 0 0 0 0 0 0 0 0 0 0 0 0 0 0 0
  0 0 0 0 1 0 0 0 0 0 0 0 0 0 0 0 0 0 0 0 0 1 0 0 1 0 0 1 0 1 0 0 1 1 0 0
  0 0 0 0 0 0 0 0 0 0 0 0 1 0 0 0 0]
 [0 0 0 0 0 0 0 0 0 0 0 0 0 0 0 0 0 0 0 0 1 0 0 0 1 1 0 0 0 1 0 0 0 0 0 0
  0 1 0 1 0 0 0 0 0 0 1 0 0 0 0 0 0 0 0 0 0 0 0 0 0 0 0 0 0 0 0 0 0 0 0 0
  0 0 0 0 0 0 0 0 0 0 0 0 0 0 0 0 0 0 0 0 0 0 0 0 0 1 0 0 0 1 0 0 0 0 0 0
  0 0 0 0 0 0 0 1 0 0 0 0 0 1 0 0 0 0 1 0 0 0 0 0 0 0 0 0 0 0 1 0 0 0 0 0
  0 0 0 1 0 0 0 0 1 0 0 0 0 0 0 0 0]
 [0 0 0 0 0 0 0 0 1 0 0 0 1 0 0 0 0 0 0 0 0 0 0 0 0 0 0 1 0 0 0 0 1 0 0 0
  0 0 0 0 1 0 0 1 0 0 0 0 0 0 0 0 0 0 0 0 0 0 0 0 0 0 0 0 0 0 0 0 0 0 0 0
  1 0 0 0 0 0 0 1 0 0 0 0 0 0 0 0 0 0 0 0 0 0 0 0 0 0 0 0 0 0 1 0 0 0 0 0
  0 0 0 0 0 0 0 0 0 0 0 0 0 0 0 0 0 0 0 0 0 0 0 0 0 0 0 0 1 0 0 0 0 0 0 0
  0 0 0 0 0 0 0 0 0 0 0 0 0 0 0 0 0]]
