params：
 weight-->(1, 10)
 proc_times-->(1, 100)
 setup_times-->(60, 120)
 delivery_times-->(1, 30)
 job_rate-->16

start:
alpha_1
16
 alpha_2
2.0
 mach
10
 job
160
 fam
12
 weigh
 [[0 9 7 6 7 6 1 6 8 2 4 1 5 3 9 3 5 6 9 7 3 6 4 1 7 7 1 5 9 8 8 6 5 5 2 1
  1 8 8 2 7 5 3 3 5 7 3 7 3 9 6 9 9 1 2 9 9 5 9 9 5 5 6 6 7 3 7 9 4 7 8 4
  9 9 3 5 4 3 4 8 5 4 7 2 7 1 2 9 1 9 1 5 1 4 8 7 9 5 5 4 1 5 6 8 8 6 3 5
  5 1 6 1 2 3 9 5 4 1 7 6 3 2 6 3 5 3 7 9 1 5 2 1 7 9 4 7 3 1 5 4 7 9 3 1
  6 1 5 2 6 1 5 6 3 8 2 8 5 2 7 4 8]]
 proc_times
 [[  0  57  40  15  97  17  69  63  67  47  33  76  85  77  52  57  87  63
   99  22  90  69  19   8  18  61  77  52  25  13  35  84  90  47  35  38
    2  80  66  22  64  71  87  65  52   4  23  30  31  67  29  97   6  49
   31  55  31   7  20  67  98   9  78  51  43   8  18  96  16  91  96  64
   90  36 100   9  33  81  43  93  67   4   2  26  58  93  86  70  11   7
   68  81  54  79  26   3  52  91  79  94  81  64   9  74  79  33  80  27
   70  47  75  72  84  59  65  96  88  12  79  97  21  38  78  89  89  75
   22  68  72  27  86  45  38  82  42  77  23  81  36  83  98  19  79  48
   66  14  66  61  78  43  21  15  66  81  25  19   5  27  17  93  19]
 [  0  60  81  96  74  30  85  39  92  51  26   6  97  92   5  46  99  76
   98  59  75  33  81   4  59  33  19  17  81  89  38  41  34  51  36  21
   19  61  42  42  61  96  36  86  84  32  29  67  50  97  76  31  11  88
   28  95  33  11  17   7  18  49  59   5  18   1  15  84   3  39  89  89
   25  77  26 100   8  57  59  44  77  73  89  36  30  53  80  14  36  41
   85  90  60  53  45  46  39  95  98  39   1  82  33  15  18  48  62  62
   65   6  64  83   2  84  67  68  28  26  54  48  71  53  99  95  85  15
   26   9  79  18  54  13  53  64  71  84   7  80  76  45  67  40  13 100
   92  13  98  86  53  55  35  14  34  21  17  31  86  63  60  88  93]
 [  0   3 100  26  47  19  37  15  13  76  54  22  58  87  74  65  48  18
   37  67  20  43  35  86  82  95  60  44  56  41  88  19  26  72  42  85
   94  60  69  86  33  53  55  70  27  63  68  63  37  39  75   4  43  39
   58   3  94  71  45  87  97  67  82  47   1  82  93  54  90  82  29 100
   35  30  96  57  58  76  35  46  31  91  14  59 100  96  55  39  31  88
    6  59  13  41  19  30  22  97  74  48  24   4   8  60  42  55  28   7
   64   1  37  50  63  47  25  73  90  83  97  64  87  28  97  98  40  81
   37  32  62  86  30  94  59  13   7  22  20  27  37  66  13  93  14  93
   35  78  29  68  60  33  45  15   2  83  31  18  42  81  68  83  51]
 [  0  37  70  69  35  51  29  18  21  28  52  24  79  26   6  72  27   8
   31   2  31  87 100  39  60  93  21  54  70  53  22  40 100  13  98  99
   77  81  73  33  14  67  40   8  50  96  43  30  31  53  89  73  88  69
    2  53   5  44 100  23  54  58  85  62  88  91  16  13  96   4  96  97
   96  88  36  13  93  42  54  94  10  29  43  26  79   5  31  99  67  11
   62  17  12  53  55   9  24  79  36  65   5  76  77  93  18  25  61  75
   86  32  45 100  93  56  41  40  86  59  35  73  85  99  54   3  70  91
   22  27  25  34   6  52  29  51  56  47  56  16  12  30   8  75  52  47
   10  74  24  80  95  30   1  79  72  15  84  55  57  13  29  90  15]
 [  0 100  33  74  73  45  12  53   3  30  22  21  74  78   2  93  90   9
    1  52   6  43  74  40  15  69  83  69  40  29  77   9  46  55  46  70
   50  73  77  46  47  41  23  55   5   4  55  46  47 100  94  21   5  49
   58  50   4   3  31  19  74  99  31   1  78   9  14  16  60  73  84  87
   24  86   9  45  72  49  34  14  37  38  28  51   1  19  41  61  28  28
    2  86   9  70  94  10  60  37  47  34  94  24   2  37  46 100  38  51
   84  93  47  39  16  84  18  90  38  24   9  42  91  41  71  63   5  73
   42  25  11  78  15  92  72  71  69  73   1  26  23   5  14  66   5  45
   48  88  96  31  53  54  95  91  87  47  72  22  98  93  81  17  58]
 [  0   4   4   1  33  21  99  77  22   2  53  70  24  56  79   7  74  37
   82  88   3  45  44  85  60   3  33  73   7  13  30  67  22  62  23  45
   87  40  61  20  78  65  51  22  51  62  21  61  57  96  90  12  13  82
   23   9  52  30  10  28  19  54  81  49  70  83  90  42  56   9   9  56
   37  32  62  23  40  92  75  75  70  38  36  88  95  42  96  20  37  25
   62  94  79  93  48  35  10  77  55  20   3  22  21  33  24  39  27  88
   15  48  78  25  56  57  12  72  62  17  76  27   5   8  63  65  28  47
   52  87  38  57  20   2  33  71  82  68   2  63  15  95  26  86  95  47
   82  18  41   5  18   2  79  52  59  73  57  47   8  49  51  64  69]
 [  0  68  22  59  45  84  76  97  89  40  38  17  34  49  64  65  35  34
   45  75  97  24  52  23  51  56  82  26  60  61  57  16  81  91  90  50
   66  33  43  31  57  38  59   5  23  57  34  82  48  94  95  99  56  77
    4  68   4  59  64  26 100  86  67  50   8  31  43   9  63  79   7  54
   26   2  30  60  99  83  57  60  11  41  16  60  91  39  54  12   4  65
   69  37  30  32  18  14  29  19  56  91 100  25   4  50  99  90  92  98
    1  62  76  60  75  20  85  64  45  11  36  69  30  54  33  81  34  36
   89  36  62  76  66  51  20  40  61  23  72  98  63  32  22  82   1   8
   11  82   7   5  67  98  63  50  27  42   8  80  21  19  91  80 100]
 [  0   8  57  27  91  34  29  91  23  87  32  90  55  67  61  87  77  63
   50  81  29  74  93  66  47  26  53  93  31  57  68  61  47  44  98  78
   62  89  79  27  86  64  71  73  34  26  86  21  16  39  79  85  72  25
   90  67  57  99  29  39   9  94  58  34  97  89  52  70  35  95  62   4
   31  80  40  56  68  87  62  40  92  31   4  32  47  89   6  45  74  14
   96  55  82  76  50   2  65  29  59  27   4   8  54  65 100  55   6  76
   11  24   8  28  33  44  76   2  85  21  49  13  48  41  97  10  70  79
   49  85  33  81  23  48  28  51  83  41  35  29  55  64   2  18  74  17
   49  19  88  36  54  51  59  65  45  63 100  10  17   5  49  20  20]
 [  0  20  96  23  46   2  10   4  96  88  20  22  35  17  14  77  53   4
   56  36  68  98  68  61  94  19  64  44   3  27   2   8  23  68  40   3
   66  35  24  78  84  86  61  80  91  11  78  69  53  39  45  84  13  32
   46  79  28  97  90  28  36  37  20  51  24  20  27  86  31  18  92  13
    2  17  35  52  26   9  11  32  38  37  58  92  22  22  28  99  20  87
   34  93  80   4  93  17  58  88  39  44  62  18  41  79  11  51  75  45
   39  62  74  73  34  43  30  16  31  22  91  89  35   6  24  25  32  13
   57   5  59  48  45  28   2  63  38  83  54  55  17  14  92   1  93  30
   66  43  41  45  79  20  55  75  72  62  26  27  52  21  67  74  90]
 [  0  20  30  98  63  94   3  13  11  55  21  68  37  52  64  24  88  35
   63  45  63  55  21  17  82  56  38  15  98  99  41  93   3   9  50  71
    1  17 100  47  29  78  49  76  25  88  11  45  22  32  19  46  41  19
   84  49  38  22  33  37  18  97  62  43  29  64  24  14  91 100  79  66
   50  48 100  45   3  11  51  37  27  10  85   4  48  41  73  69  89  32
   19  32  59  84  15  93  58  83  73   7  95   5  23  71  21   3  46  90
   89  62  43  27  46  24  36   5  15  98  89  33  33  76 100  11  63   2
   39  34  79  65  78  78  27  72  15   5  35  84  34  72  63  62  54  41
   83  30  38  91   6  75  13   9  50  64  11  86  59   7  95 100  60]]
 setup_times
 [[[  0  93 118  97  74  66 115  86  80  92  74  62  82]
  [  0   0  67 109 118 119  99 109  64  83  83 105 114]
  [  0 103   0 110  87 104  61 116 113  78 104 110  92]
  [  0 110  83   0 104  64  84  98  90  83 111  85 107]
  [  0 114 107 118   0  69 115  72  88  65 106  60  82]
  [  0  66  85  97 102   0  64 113 119 118  85  60  99]
  [  0  82 108  91  62  98   0  74 110  87 117  90  91]
  [  0  61 105  98 105  63 111   0 110  91  93  65  75]
  [  0 106 104 112 103 107  77 109   0  64  97  76  96]
  [  0  72  71  69  82 118 119  69 106   0  99  77  68]
  [  0 108  77 112  88 119  99 118  85 117   0  77 105]
  [  0  94  97 114  96  91 100  64 102 108  63   0 107]
  [  0  60  99  74  67  84  62 110 119  89  70 106   0]]

 [[  0  72  99 106  67  65  63  62  88  66  94  82  97]
  [  0   0  64  72  60 117  68  65  99  91  66  66  66]
  [  0  68   0  74 104 116 107  81  79  69  78  93 115]
  [  0  82 117   0 103  75 104 101  94 109 119 105 101]
  [  0  96  97 116   0 119  82  68  80  73  64 115 115]
  [  0  97  91  81  69   0  69  88  90 111  88  96 100]
  [  0 103  89  71 105 110   0 119  73  83 101  88  91]
  [  0 119  61  93  77  63  64   0  65  78  67  74 108]
  [  0 103  86  92 103  85  78 114   0  63 104 116 110]
  [  0 104  86  65  63  84 110 101  78   0 114  70  80]
  [  0  72  93 106 108 116  64  60  93 119   0 112  69]
  [  0  96  61  62 110  96 101  65  95  85  68   0  70]
  [  0 119 116  87  85  82  80 112 114 100  60 119   0]]

 [[  0 107  92  84  60 100  96  66  88  61  96  68 104]
  [  0   0  69  96  88  79  92 104 109  77  96 115  90]
  [  0 100   0  82 112  63  90 106 104 108  86  95 108]
  [  0  60 113   0  63  84  85  77 106 110  96  63  80]
  [  0  62  96  78   0 117 100  94  97  73 102  66  68]
  [  0 112  76  77 109   0  84 105  86  77  72  68  91]
  [  0 116  99  76  86 117   0  69  92  81  73 103  64]
  [  0 101  87 103 103  87  71   0  68  70  84  75  91]
  [  0 111  96  83 119  71  89  66   0  88 111  75  77]
  [  0  84 105 100  71 103  92  65 103   0  63  98  91]
  [  0 106 110  80  73 102  90  96  82  64   0  78  69]
  [  0 110  94 102  80 104  72 114 112 110  61   0  66]
  [  0  69  74 112 104 104  66 100  85  74 115  61   0]]

 [[  0  90 105  81 106 105 108  65 103 102  61  95  98]
  [  0   0 119  62 117  94 114 103  62 114 117 116  66]
  [  0  73   0  66  87  81 111 105  87  84  74  82  90]
  [  0 105 105   0  66 117  86  75  86  67  97  91 106]
  [  0 100 106  72   0 112  78  90 101  97  70  88  83]
  [  0 118 110 112  96   0  74 119 108 103  86 101 113]
  [  0  63  67  71  75 117   0 116  77  82 119 107  89]
  [  0 110  99 115  99  83 119   0  93  89  85  95  69]
  [  0  72  83 104  95 117 103  62   0  64 115 103  91]
  [  0  79  60  69 106  73  64 106 117   0  65 117  91]
  [  0  78  63 109  72 105  77 119  77  84   0  99 118]
  [  0  67 114  68  74 105  87  87 100 106 105   0  69]
  [  0 113 107  74  79  63  74  62  78 106 103  63   0]]

 [[  0  68 105 112 103  67  76  88  71 101  64  81 109]
  [  0   0  61 105  67 103  61  84 113  72 119 117  78]
  [  0  87   0 117  62  93 113  64  62  60  74  68  94]
  [  0  69 112   0 118 104  71  91 116  82  72  99 104]
  [  0  89  74  70   0 117  66 102  82 104 104 100 107]
  [  0  89 117 117 119   0  93 101  67 110  61  74 119]
  [  0  83 108  74  96 117   0  65  75 111  99 118  96]
  [  0  62  88  89 119  85  85   0 102  88  66  66  97]
  [  0  67  74  90  70  86  67 106   0  70 119  68  98]
  [  0  77  78  82 117  90  78  88  67   0  63  78 101]
  [  0  82  80 107  73 118  87  68  67  61   0  98  94]
  [  0 113  89  90  81  98 109 101 101  66  98   0 117]
  [  0  63  93  74 115 116 116  90  72 106  72 112   0]]

 [[  0  98 115  89 116  92 102  79  68 106 109 118  77]
  [  0   0 118  69 108  77  99 107  86  78 111 117  85]
  [  0  68   0  72  82 114  71  77  91  75 101 119  91]
  [  0  71  66   0  90  88  81  82 116  70  94  80  94]
  [  0 119  88  87   0  89  92 101 107  62  93  78 108]
  [  0 106  82  97 100   0  85  87  99  86 101  62  83]
  [  0  83  93 106 117  68   0  98  62  71  63  82  85]
  [  0 116  69  67  65  64  69   0  72  83  93  71  78]
  [  0  92  88 119  89  76  87 104   0  98  70 117  89]
  [  0  64 103  67 115 116  69  78  71   0  81  91  75]
  [  0  90  83 106  80  87  90 105  68  80   0 107  64]
  [  0  90 101  92  94  89  71  74 101 111 104   0  85]
  [  0  65 114  81 102 113  90  60  70 102  62 104   0]]

 [[  0 109 114 111  96 109 102  86 110  92 114 107  65]
  [  0   0 102  85 107 114  69  64  79  79  90  65  65]
  [  0  80   0  73  99  93 103  72  61  89  77  60  89]
  [  0 114 110   0  97  75  64  86  89  66  93 105  66]
  [  0 119  60  67   0  69  81  99 103  82  95 102  81]
  [  0  66  77  74  62   0  98 116  99  69  61  70  88]
  [  0  91  89  87 109  64   0  79  98  70  83  77 108]
  [  0  65  80 119  80  86 102   0 100  71  92 111  86]
  [  0 108  65 106 106  92 118  83   0  80 110  63  82]
  [  0 106  86  68  93  83  91  83  81   0 117  76 105]
  [  0 103 108  66 115  80 100 112  87  84   0  78  69]
  [  0  68  82 113 108  72  77  78 108  60  94   0 109]
  [  0  85  87  91 113  98 119  86 110  71  97  95   0]]

 [[  0 113 106  77  65  75 107  70  77  83  84 110  73]
  [  0   0 106  61  63  90  98 105 104  94  63 100  76]
  [  0 105   0  62  88  98  95  97 114 110  76  94  79]
  [  0  88 103   0  60  85 102 104  99  84 100 110  80]
  [  0 115 114 100   0 102  72  78 115  98  92  96 118]
  [  0 104  79  83 111   0 117  63  96 118  70  84 108]
  [  0 117  71  95  89  87   0 119  84  87  71 117  81]
  [  0 109  68  65  72  79 116   0  86  76  90  88  77]
  [  0  82  81  65 105 118  89  77   0  99  78  64 111]
  [  0  86  95  89  85  90 103  65  65   0 113  80  61]
  [  0 110  82  92  85  98  86  69 106  61   0  79 113]
  [  0  81  78  79 106  84  79 111  61  60  95   0  77]
  [  0 115 107  73  89 109  93 111  72  88 104  95   0]]

 [[  0  87  92  77  79  97  64  75  69 119  65  96  64]
  [  0   0 112 115  87 117  64  72  80 101 100  82 104]
  [  0 113   0  64 103  90  74  89 119  73 108  67  90]
  [  0 115  95   0 102  93  73  67  87 106 119  60  62]
  [  0 108  93  87   0  83  61  70 106  90  77  63  61]
  [  0  73  96  98 116   0  86  81 104 108  77  86  96]
  [  0 112 103  96 107  86   0  69  86 104 108  61  89]
  [  0  93 116  93  75 118  90   0  70  84  80  74  66]
  [  0 105 114 104 110  99 116 116   0  61  72 109  74]
  [  0  87  63 106 117  99  90 102 115   0 110  76  61]
  [  0  79 115 115 101 112  91 107  96 102   0  67 114]
  [  0  96  71  67 100 107 106  89 108  64  77   0  72]
  [  0 102 112  76  96  76  68  66 113  71  99  97   0]]

 [[  0  87  89  70  83  90  85  96  83  86  93 113  86]
  [  0   0 110 114  98 109  91  70  99  63  66  78 108]
  [  0 102   0  69  76  79 102  99 115  79  98  74  70]
  [  0 104  74   0 109  65  82  67  83 119 109 115 114]
  [  0 115  92  86   0 102  95 102 102  84 106 115  67]
  [  0  96  94  81  68   0 111 116  66 117  78 107  83]
  [  0  96 116  69  67 117   0  79  92  99 105  71  98]
  [  0  76  79 101 100 107  84   0 118 107  97  90 102]
  [  0  61  78  86  91 113  85 103   0 108 101  86  71]
  [  0 117  97  77  69  70  94  76  75   0 108 105  81]
  [  0  72 106  77  61  64 113  61  62  83   0  61 118]
  [  0  72  71  87 117 112  73  87  74  76  88   0  61]
  [  0  79  89  60 116  83  65  75  62  93  67  62   0]]]
 delivery_times
 [[ 0 22 27 20  2  1 23  6 24 29 18 13 15 19 28 13  5  2 21 23 27 17 23  3
  20  2 21 21 17  7 16 11 16 18  1 20 16 28 11  8  8  2  7  6 22  2  2 10
  26  2  8 21  6  9 20 24 21 24  7  5 10  6  2  7  6 19 14 26  9 18 29  3
  13  7 28 16 11  2 20  9  4 22  5  4 28 27  7 25  1  1 22 10  7 28 25 24
   2 15  9 27 25 26 18 24  2 21 25 21 13 16  4 28  1  9  4  1 19 18 26 23
  10 16 19  3  2 11 18 27  2 22  7 29 12  6 16 19 25 20  4 26  6 25 20 12
  19  8  1 22  9 20 17 22 29 15 26 13  7 13  7  2 24]
 [ 0 14  2  5 22  4  7  8  3 22  5 15 29  4  3 18 28 22 27 22 25 21  8 11
  19 28 28  1 14 13  1 13 21  6 11 27  4 28 24 22 12  8 23 13 19  8 21 29
  25 26 26 27 20  1 13 23 17 23 29  2 25  6 15  7 28 19  3 24  7 13 13 18
   4 11 28  6  5 12 14 22 22 18 21 19 10  5  3 22 12  8 14 29 13 14  1 21
  24 24 23  8 21 12 15 21 10 21 26 21 11 23  6  2 27  4  9 12 12  4 18  5
  16 15 15 17 27 28  9 22 28 17 11  4 15 11  2  5 23  5 13 28 29 20 17 16
   9  1 21 22 15  1  5 12  6 20 22 26 21  8  2 19 17]
 [ 0  7  9 21 21  8 28 20 27  6 15 13 19 15 29 19 15 25 24  4 12 25 26  4
  12 11 22 23 26  6  8 28 12  6 27 13 21 13 25  3 28 16  7 29  7 15  2 19
  27  7 28 22 25 16 17  2 27 29  4  4  8  6  1  8 13  8  4  8 26 13 12  2
   3  3 11  4  7  8  1 13 24 15  2 21 22 15 27 25 14 18 27 23 17 23  9  7
   8 11 20 22 14 26 27 23 22  2 11 10  9 18 27 24 22 15 14 25 14 10  3 20
  24 23 25 27 17 26 22  9 21 15 20 10 25  2 16 22  7 14  9  6 25 21 29 12
  20  9 16  1 21 23  3  7 24  2 23  3 26 17 29 25  5]
 [ 0 24 19  1 20  8  2 12  4  9 19  9 27 24 13 24 15 24 27  8 26 19 24  2
  19 11  6  7 26 17 12 26 11 28 18 21 11  6 26 24 25 29  6 18 20 15 11 16
   5 23 20 17 15 17 18 11  6  3 12 17 18 22  8 23 15  8  3 27 22 11 11 23
   7  5 24 13 17  2 23 20 28 25 28 22 12 16 22 16 17 18 16 11 25  4  6 14
  28 13 18 18 19 15  7  2 28 17 17 18 28 25  9 14 29 22 14  5  6  5  1 23
   4 11  5 28  6 26 19 21 29  3 10  4 15  3 18 27 16 12 21 11 12  4 16  3
  29  3 16 27 11 22  8 15 10 15 21 15  3 22 21 29  4]
 [ 0 24 16 12  6 19 28  4  3 23 13 23 13 25 19 16 19  4  2 17 18 18 29 27
  22 18  5 28 21 20  7  9  7 19  2  4  7 24 10 19 10  3  8 29 24 26 14 25
   7 28 28 20  9 29 12 18  2 24 23 22  3 29 10 12  6 20 16  1 29 11 26 28
  15 11 13  8 26  4  2  6 23 29  3  4 12  5 15  6 24  5 20 28 10 21 21  3
  24 22  1 17  4  4 13 17 17 25 19 18 25 28  7 16 26 16 29  9 26  3 18 24
  28  4  6 12 27 22 18 24 23  1 20 11  2 19 24 22  4 15  5 24  3  3 10 24
   6 17 13 17 10 10  6 26 12  1 15  2 20 28 26 23  7]
 [ 0 28  9 12 24 23  1 23 21 20 10 18  3 29 24 24  4  7  8 18  5 28  6 10
   2  7 18 16 15 19  7 14  3  4 28 21 18  3  7 17 10 12  9  6 12 28 16 23
  16 10 19 14 21 22  7 13 24 16  6 29  3 13  5 22 13 19 13 27  1  4 28 16
   8 17 25 23 23  6 18 16 21 15  3  2 20  2 22 22  8 28 15 23 27 25  8 11
  11  6  6  1  7  9  4 15 27 18 23 10 26 13  6  1 24 27 11  8 24  5  8 29
   4  3  9  1 22 12 12  4  7 18 19 10  7 23 13 12 20 17  9  6 16 18 10 14
   7 23  4  6 10 16 13 11 23 11 21 29 13 21  6 11  8]
 [ 0 23 18 25  5 11 21 23 17 23 20 18  5 29 19  4  7  5  6 16  8 16 25 15
  10 12 26 10  5 10 19  4 22  4 14 11 20 22  4 13  7 20 27 13 26  6 20 18
  18 19 23  5  5 26  1 12 26  8  5 17 19 11 26 10  5  2 29  5 10 20  7 15
  19 29 22  4 27 28 13  7  8 23 27 25 19 24  3 18 26 28 23 18 26  6  8 14
  20 11 26 14 23 20 18 25  5 24 10  1 10  3  9 15 28 28 23 16 17 16 14 12
   7 24 17 16 10  8 15 16 21 29 23 18 20 10 24  1  8 17 22  4 21 28  7 23
  18 12 19 19 24 23 12  5  1  1 22 12 15  1 15 18 29]
 [ 0 11 23 18  2 28 14  8  7 20 15 21  5  8 24  7  4 28 24 11  3 12 26  6
  24 11  4 22 24 18 28 15 17 17 16 23 26  2 17 17 16 12 27  9 18  5 13 17
  25  9 23 14 24 19  7 13  4 11 14 10 27  3  1  8 12 11 12 14 21 26  6 20
  10 26 16 29  7 14  4  5  1 14 25 15  6 26 21 11  8 12  1 21  4 12 27  5
  24  4 15 24 22 29 20 12 26 15  1 17 20  3 16 21 29 12 15  1  3  9 20 23
   7 24 21 11 29 16  8 14 14 22 13 24 15 21 14 11 13 18 21 25 14  7  9 29
  12  7  9 13 16 29 22 12 13  2  5 26 22  2  2  1 24]
 [ 0 10 28 26 22  5  3  5 28 22  2  4  6 20 17  4 14  6 11 15 13  4 22 28
   3 12 16 11  8 16 20  9 14 21 24 10 28 16 15  1 26  6  7 15 24 19 28 23
  24  5  2 11 21  4 13  6 28 11 20  7 12 23 21 29 23  1  3 22 17 17 20 26
  28 23  7  8  2 18 10  5 13 11 19 11 17  6 25 29  8 17 15  9  3  2  3 13
  14 29 23 18 24 22 16 17  2 10  7 20  5 16 21  4 14 17  4 26  8 10 16 12
  13 18 26 27  9  7  2  3 26 23  1 16  7 18 17 29 11 23 12 18  4 29 19 22
   5 13 21 18 23 18 24 15 24 18 21 15 23 20 20 16  1]
 [ 0 26 19  6 15 18  8  6 25 24  5  2 23 11 21 24 17 14  9 23 13 20  1  3
  24  1 27  4 15 25  8 28 28 19 25  8 14 28 15  3 24 11 26 11 24 12  9  7
  23 22 15  6 29 12  5  5 14 20 27 15 17 13 17 13 20 20 29 23 12 20  9 21
  18 13  3 15 11 26 15 21  4 15  7 19 21 18 19 23 16 26 14 23 14 13 19 18
  23 27  3 14 12 19  1 20  5 29 15 27 18 20  4 22 10 26 15 17 18  2  5 23
   8 29 18 23  8 15 29  4 13 21 26  3 28 19  6  1  5 11 25 21  2 28  3  5
  15 10  7 16 17 28 28 26 23 26 17 24 21 19 19 14  1]]
 job2fam
 [[1 0 0 0 0 0 0 0 0 0 0 0 0 0 0 0 0 0 0 0 0 0 0 0 0 0 0 0 0 0 0 0 0 0 0 0
  0 0 0 0 0 0 0 0 0 0 0 0 0 0 0 0 0 0 0 0 0 0 0 0 0 0 0 0 0 0 0 0 0 0 0 0
  0 0 0 0 0 0 0 0 0 0 0 0 0 0 0 0 0 0 0 0 0 0 0 0 0 0 0 0 0 0 0 0 0 0 0 0
  0 0 0 0 0 0 0 0 0 0 0 0 0 0 0 0 0 0 0 0 0 0 0 0 0 0 0 0 0 0 0 0 0 0 0 0
  0 0 0 0 0 0 0 0 0 0 0 0 0 0 0 0 0]
 [0 0 0 0 0 0 0 0 0 0 0 0 0 0 0 0 0 0 0 0 0 0 0 0 0 0 0 0 0 0 0 0 0 0 0 0
  1 0 0 0 0 0 0 0 0 0 0 0 0 0 0 1 0 0 1 0 0 0 0 0 1 1 0 0 0 0 0 0 0 1 0 0
  0 0 0 0 0 1 0 0 0 0 0 0 0 0 0 1 0 0 0 0 0 0 0 0 0 0 0 0 0 0 0 0 0 0 1 0
  0 0 0 0 0 0 0 0 0 0 0 0 0 0 0 1 0 0 0 0 0 0 0 1 0 0 1 0 0 0 0 0 0 0 0 0
  0 0 0 0 0 0 0 0 0 0 0 0 0 0 0 0 0]
 [0 0 0 1 1 1 0 0 0 0 1 0 0 0 1 0 0 0 0 0 0 0 0 0 0 0 0 0 0 0 0 0 0 0 0 0
  0 0 0 0 0 0 0 0 0 0 0 0 0 0 0 0 0 0 0 0 1 0 0 0 0 0 0 1 0 0 0 0 0 0 0 0
  0 1 0 0 0 0 0 0 0 0 0 0 0 0 0 0 0 0 0 0 0 0 0 0 0 0 0 0 1 0 0 0 0 0 0 0
  0 0 0 0 0 0 0 0 0 1 0 0 1 0 0 0 0 0 0 0 0 0 0 0 0 0 0 0 0 0 0 0 0 0 0 0
  0 0 0 0 0 0 0 0 0 0 1 0 0 0 0 0 0]
 [0 0 0 0 0 0 0 0 0 0 0 0 0 0 0 0 0 0 1 0 0 0 0 0 0 0 1 0 0 0 1 0 0 0 0 0
  0 0 0 0 0 0 0 0 0 0 0 0 0 0 0 0 0 0 0 0 0 0 0 0 0 0 0 0 1 0 0 1 0 0 0 0
  0 0 1 1 0 0 0 0 0 0 0 0 0 0 1 0 0 0 0 0 0 0 0 0 0 0 0 0 0 0 0 1 0 0 0 0
  0 1 0 0 0 0 0 0 0 0 0 0 0 0 1 0 0 0 0 0 0 0 1 0 0 0 0 0 0 0 0 0 0 0 0 0
  0 0 0 0 0 0 1 0 0 0 0 0 0 0 0 0 0]
 [0 0 1 0 0 0 0 0 0 0 0 0 0 0 0 1 0 0 0 0 0 0 0 0 0 0 0 0 0 0 0 0 0 0 0 1
  0 0 1 0 0 1 0 0 0 0 0 0 0 1 1 0 0 0 0 0 0 0 0 0 0 0 0 0 0 0 0 0 0 0 0 0
  0 0 0 0 0 0 0 0 0 0 0 0 0 0 0 0 0 0 0 1 0 0 0 1 0 0 1 0 0 0 0 0 0 1 0 0
  1 0 1 0 0 0 0 0 0 0 1 1 0 0 0 0 0 1 0 0 0 0 0 0 0 0 0 0 0 0 0 0 0 0 0 0
  0 0 1 0 0 0 0 0 0 0 0 0 0 0 0 0 0]
 [0 0 0 0 0 0 1 0 0 0 0 1 0 0 0 0 0 0 0 0 0 1 0 0 0 0 0 0 0 0 0 0 0 0 0 0
  0 0 0 0 0 0 0 0 0 0 0 1 0 0 0 0 1 0 0 0 0 0 0 0 0 0 0 0 0 1 0 0 0 0 0 0
  0 0 0 0 0 0 0 0 1 0 0 0 0 0 0 0 1 0 0 0 0 0 0 0 0 0 0 0 0 0 0 0 0 0 0 0
  0 0 0 1 0 0 1 0 0 0 0 0 0 0 0 0 0 0 0 1 0 0 0 0 0 1 0 0 0 0 0 0 0 0 0 0
  0 0 0 0 0 0 0 0 0 0 0 0 0 0 0 0 0]
 [0 1 0 0 0 0 0 0 0 0 0 0 0 0 0 0 1 1 0 0 0 0 0 0 0 0 0 0 0 0 0 1 0 0 0 0
  0 0 0 0 0 0 0 0 0 1 0 0 0 0 0 0 0 0 0 0 0 0 0 0 0 0 0 0 0 0 1 0 0 0 0 0
  0 0 0 0 0 0 0 0 0 0 1 1 0 0 0 0 0 0 0 0 0 0 0 0 0 0 0 0 0 0 0 0 0 0 0 0
  0 0 0 0 0 0 0 0 0 0 0 0 0 0 0 0 0 0 0 0 0 0 0 0 0 0 0 0 0 0 0 0 0 0 0 1
  0 0 0 0 0 0 0 1 0 0 0 0 0 0 1 0 0]
 [0 0 0 0 0 0 0 0 0 1 0 0 0 1 0 0 0 0 0 0 0 0 0 1 0 0 0 0 1 0 0 0 0 1 0 0
  0 0 0 0 0 0 1 0 1 0 0 0 0 0 0 0 0 0 0 0 0 0 1 0 0 0 0 0 0 0 0 0 0 0 0 1
  0 0 0 0 0 0 0 0 0 0 0 0 1 0 0 0 0 1 0 0 0 1 0 0 0 0 0 1 0 0 0 0 1 0 0 1
  0 0 0 0 0 0 0 0 1 0 0 0 0 0 0 0 0 0 0 0 0 0 0 0 0 0 0 0 0 0 0 0 0 0 0 0
  0 0 0 0 0 0 0 0 0 1 0 1 0 0 0 1 0]
 [0 0 0 0 0 0 0 0 0 0 0 0 0 0 0 0 0 0 0 0 0 0 1 0 0 0 0 0 0 0 0 0 0 0 0 0
  0 0 0 0 0 0 0 0 0 0 0 0 1 0 0 0 0 0 0 1 0 1 0 0 0 0 1 0 0 0 0 0 1 0 0 0
  0 0 0 0 0 0 0 0 0 1 0 0 0 0 0 0 0 0 0 0 0 0 1 0 0 0 0 0 0 0 0 0 0 0 0 0
  0 0 0 0 0 1 0 0 0 0 0 0 0 0 0 0 1 0 0 0 0 0 0 0 0 0 0 0 0 0 0 1 0 0 0 0
  1 1 0 0 1 0 0 0 0 0 0 0 0 1 0 0 1]
 [0 0 0 0 0 0 0 1 0 0 0 0 0 0 0 0 0 0 0 1 0 0 0 0 0 0 0 0 0 0 0 0 0 0 1 0
  0 0 0 0 0 0 0 0 0 0 0 0 0 0 0 0 0 0 0 0 0 0 0 0 0 0 0 0 0 0 0 0 0 0 0 0
  0 0 0 0 0 0 0 0 0 0 0 0 0 0 0 0 0 0 0 0 1 0 0 0 1 0 0 0 0 0 0 0 0 0 0 0
  0 0 0 0 0 0 0 0 0 0 0 0 0 0 0 0 0 0 0 0 1 0 0 0 0 0 0 0 0 0 0 0 0 0 1 0
  0 0 0 0 0 1 0 0 0 0 0 0 0 0 0 0 0]
 [0 0 0 0 0 0 0 0 0 0 0 0 0 0 0 0 0 0 0 0 0 0 0 0 0 0 0 0 0 0 0 0 0 0 0 0
  0 0 0 0 0 0 0 0 0 0 0 0 0 0 0 0 0 1 0 0 0 0 0 1 0 0 0 0 0 0 0 0 0 0 1 0
  0 0 0 0 1 0 1 0 0 0 0 0 0 1 0 0 0 0 1 0 0 0 0 0 0 0 0 0 0 0 0 0 0 0 0 0
  0 0 0 0 1 0 0 0 0 0 0 0 0 0 0 0 0 0 0 0 0 1 0 0 1 0 0 1 0 1 0 0 1 1 0 0
  0 0 0 0 0 0 0 0 0 0 0 0 1 0 0 0 0]
 [0 0 0 0 0 0 0 0 0 0 0 0 0 0 0 0 0 0 0 0 1 0 0 0 1 1 0 0 0 1 0 0 0 0 0 0
  0 1 0 1 0 0 0 0 0 0 1 0 0 0 0 0 0 0 0 0 0 0 0 0 0 0 0 0 0 0 0 0 0 0 0 0
  0 0 0 0 0 0 0 0 0 0 0 0 0 0 0 0 0 0 0 0 0 0 0 0 0 1 0 0 0 1 0 0 0 0 0 0
  0 0 0 0 0 0 0 1 0 0 0 0 0 1 0 0 0 0 1 0 0 0 0 0 0 0 0 0 0 0 1 0 0 0 0 0
  0 0 0 1 0 0 0 0 1 0 0 0 0 0 0 0 0]
 [0 0 0 0 0 0 0 0 1 0 0 0 1 0 0 0 0 0 0 0 0 0 0 0 0 0 0 1 0 0 0 0 1 0 0 0
  0 0 0 0 1 0 0 1 0 0 0 0 0 0 0 0 0 0 0 0 0 0 0 0 0 0 0 0 0 0 0 0 0 0 0 0
  1 0 0 0 0 0 0 1 0 0 0 0 0 0 0 0 0 0 0 0 0 0 0 0 0 0 0 0 0 0 1 0 0 0 0 0
  0 0 0 0 0 0 0 0 0 0 0 0 0 0 0 0 0 0 0 0 0 0 0 0 0 0 0 0 1 0 0 0 0 0 0 0
  0 0 0 0 0 0 0 0 0 0 0 0 0 0 0 0 0]]
