params：
 weight-->(1, 10)
 proc_times-->(1, 100)
 setup_times-->(30, 60)
 delivery_times-->(100, 200)
 job_rate-->7.5

start:
alpha_1
7.5
 alpha_2
1.0
 mach
2
 job
15
 fam
3
 weigh
 [[0 2 1 4 7 3 2 2 6 8 8 9 4 9 4 4]]
 proc_times
 [[ 0 50 32 19 41 67 33 44 61 98 38 77 34 85 77 61]
 [ 0 57 93 58 79  4 30 12 87 15 34 36 74 98 23 23]]
 setup_times
 [[[ 0 49 45 42]
  [ 0  0 48 44]
  [ 0 46  0 39]
  [ 0 43 33  0]]

 [[ 0 44 44 47]
  [ 0  0 47 57]
  [ 0 42  0 44]
  [ 0 47 55  0]]]
 delivery_times
 [[  0 106 146 144 153 126 112 164 113 113 186 140 180 172 199 137]
 [  0 104 187 104 181 125 157 142 122 177 141 147 148 190 119 172]]
 job2fam
 [[1 0 0 0 0 0 0 0 0 0 0 0 0 0 0 0]
 [0 0 0 0 1 1 1 1 0 1 0 0 0 1 0 0]
 [0 0 1 0 0 0 0 0 0 0 0 1 0 0 1 1]
 [0 1 0 1 0 0 0 0 1 0 1 0 1 0 0 0]]
