params：
 weight-->(1, 10)
 proc_times-->(1, 100)
 setup_times-->(30, 60)
 delivery_times-->(100, 200)
 job_rate-->16

start:
alpha_1
16
 alpha_2
1.0
 mach
10
 job
160
 fam
12
 weigh
 [[0 6 5 1 4 7 9 2 6 1 3 9 3 9 3 6 1 2 7 1 8 9 7 5 5 7 9 4 9 1 9 6 7 3 8 6
  5 5 7 3 7 7 6 5 6 9 6 8 3 7 9 7 6 9 5 5 5 1 4 6 2 6 8 7 2 3 5 9 8 1 2 5
  9 1 5 7 6 6 8 9 5 6 1 7 6 5 4 8 5 8 8 3 8 6 8 1 6 1 1 9 3 7 7 6 2 3 6 1
  8 2 7 8 3 4 5 3 2 3 3 9 6 7 8 3 4 6 6 9 6 2 5 9 6 6 2 4 9 1 4 8 5 7 7 3
  9 5 4 5 8 9 6 4 5 1 2 2 2 4 7 4 8]]
 proc_times
 [[  0  56  94  11  23  14  96  21  83   7  32  58  55   7  66  46  33  93
   42  36  82  33  75   5  97  85  30  23  12  83   8   4  63  59  81  41
   25  46  98  68   6  71  12  53  39  26  41  45  13  30  46  24  37  88
   76   3  43  19  94  29  21  83  24  33  46  67  63  18  45   3  14  16
    9  69  46  68  75  88  21   9  77  44  15  34   7   9  84  74  67  83
    4  41   9  44  48  85  14  97  77  16  78  84  24  31  61  62  80  20
   38  63  52  99   7  36  93  45  80  60  46  76  91  52  18  73  78  77
   16  24  12  16  31  54  12  71  79  11  82  64  85  40  63  90  44  91
   96  22  48  36  33  19  86  23  84  65  70  58  49  38  54  57  32]
 [  0  39   9  27  62  69  11  77  58   8  73  29  58  56  23  37  88  85
   41  92  43   6  10  76  12  37  17   5  53  22  22  33  45   3  84  24
   73  20   8  70  26  40  15  10  56  24  73  55  70  16  73  18   7   3
   87  61  80   3  43  74  77  91  43  25  94  24  11  49  90  71  84  36
   74  36  66  12  19  85  33  72  47   4  56  36  94  35  78  29  42  26
   65  63  91   5  46  95  16  29  89  89  35  85  31   2  78  69  33  49
   38  68  23  24  13  43  87   4  46  16  14  27  13  18   7  57  93   9
   36  93  67  58  64  50  58  13  37  52  50  85  49  86  25  26  65  71
   62  94  11  40  43  25  57  96  32  68  24  90  85  22  62  82  11]
 [  0  59  26  30  28  29  71  40  71  46  11  79  34  52  73  16  86  39
   24  89  24  73  11  45  33   7  48  94  32  12  58  21   7   9  41  70
   52  16  62  87  79  42  85  95  41   8  36  19  62  76  28  75  66  32
   76   3  72  57  80  31  82  46  27  40  24  91   2  35  23  41  81  11
  100  39   6  64  60  60  87  72  54  71  62  79  49  19  48  44  54  82
   61  64  78  59  59  68  18  12  92 100   8  51  76   3  46  17  79   8
   66  98  42   9  55  17  63  64  54  51  33  45  22  42  51  23  23  14
   85  85  51  60  37  44  41  67  97  22  34  10  44  35  23   7   9  65
   36  17  59  69  54  22 100  51  74  82   8  70   8  23  16  25  64]
 [  0  63  80  11  29   9  85  69  96  58  36  98  10  43  19  86  85  54
   44  76  95  18  50  58  82  26  47  68   6  95  69  45  25  54  46  82
   35   6 100  14  44  17  85  66  81  78  66  74  75   6  47  62  64  48
   87  24  62  26  68  37  72  56   6  40  33  22  10   8  42  45  28  73
   65  59  59   8  17  65  74  11  93  95  79  38  92  21  56   5  61  79
   93  83  42  74   1  45  45  96   4  39   8  45  49   1  51  52  92  93
   60  42  93  18  89  42  93  52   2  39  76  50   7  72  17  77  31  70
    2  77  58  76  59  56  47  45  93  84  68  43  37  97  41  84  24  45
  100  23  11  84   5  98  23  85  54  46  60  95  31  12  46  81  54]
 [  0  57  73  25  54  58  12  78  44  50   3  67  66  80  29  51   2  25
   47  63  47  26  73  66   8  80  91  90  56  88  13  49  64  67  41  46
   81  51  89  49  27  70  17  79  66  87  73  12  27  92  18  80  52  52
   51  71  39  22  58  80  81  25  73  11  11  21  65  32  85   2   6  45
   76  44  75  58  43  33  73  20  76  80  33  86  43  96  63  67  63  79
   52  39  68  13   9  40  46  37  83  22  64  74  89   2  76  98   9  43
   16  38  11  92  68  79  99  13  42  44  65  21  12  33  82  33  39  12
   69  46  10  70  87  63 100  48  76  67  24  96  51  21  78  77  69  29
   49  84  47  20  78  43  96  17  65  43  82  52  66  74  52  65  78]
 [  0  95  28  95 100  78  16  84  98  59  61  46  16  66  25  72  59  39
   20  37  23  88  97  72  81  23  94  23  51  11  77  94  86  72  72  64
   14  68  46  44  98  70  60  23  94  78  97   8  13  65  69  91  85  21
   71  26  72  45  14  36  97  44  77  49  54  68   9  31  26  38  14  28
    8  26  49  10  19  97  26  54  81  71  19  14   1  65  43  54  83  17
   98  27  58  62  77  78  16  63  36  67  47  12  69  13   7   7  58  90
    7  86  48  49  57  25  45  16  38  13  96  44  17  55  39  78  11  59
   90  55  97   6  87  99  55  99  70   4  86  57  72  47  79  36  17  79
   99  34  57   1  67  86  67  86  21  87  35  77  37  13  17  39  83]
 [  0  80   5  56  82  37  86  39  79   5  51  58  56  43  34  24  18  46
   51  66  21  79 100  61  67  62  11  68   8  51  59   5  69  66  26  27
   92  97  41  36  99  21   7  50  74  57  73  96   5  13  28  45   3  71
   49  42  69  91  88  29  95  33  91  49  52  23   3   2  53  30  76  70
   30  35  29  18  63   8  49  55  66  34  27  19  16  38  89  25  42   6
   72  73  78  19  83  56  73  71  51   9  50   1  19  33  85  80  61  46
   76  67  67  86  14  79  29  23  18  68   8 100  93  32  77  26  45   8
   98  38  48  13  39  55  93  49  36  76  49  15   4  32  73  34  50  34
   65  65  94  65  64  86  49  14  18  49  23  32  86  40  34  64  42]
 [  0  20  54  90  71  76  21  77  28  63  35  61  12  16  48  51  12  31
   69  34  47  84  23  83  67  39  51  27   2  44  81  60  88  39  95  64
   68  87  99  60  24  54   4  53  77  16  98  71  56  44  90 100  18  42
   30  76  84   5  14  66  42  92  13  31  11  26  86  18  60  92  27  64
   17  28  17  11  95  32  77  26  12  79   4  87  98  81  65  95  32  87
   30   9  50  71  59  36  18   7  35  17  88 100  26  58  43  77  92  73
   99  64  44  46  61  91  99  85  51  56  73  45  32  16  97  52  82  31
   97  65  46  27  87  34  25  41  99  35  89  59  40  97  95  31  73  37
    6  20  35  45 100   5  97  54  54  84  42  26  84  44  14  38  33]
 [  0  86  83  60   6  70  79  64  17  81   4  36  83  88  15  50  90  51
   89  93  82  19  37  62  75 100  87  33  52  63  10  58   6  48  12  44
   56  51  18  52  99  58  33  64  25  65  23  74  95  93  46   9  74   6
   27  37  70  68  32  56  28  63  87   3  89   6  84   6  35  46  46  91
   52  96  82  83   8   1  31  74  32   2  25  77  27  19  69  42  66  41
   91  61  34  19  43  65  65  97  58   1  23  98  22  17   7  12  42  68
   56  97  43  26  87  19  88   8  77  54   6  53   3  36  64  17  94  21
   65  60   1  99   9   4  61  44  60  35  41  91  88  98  94   5  70  88
   88  26   5  69  66  36  26   6  55  69  53  79  84  96  18  26  71]
 [  0  17  87  98  78  80  89  88  31  36  86  82  29  91  42  19  56  73
   12  78  75  92  95  71  59  92  71   9  69  16  27  15  25  91  57  86
   33  48  41  92  75  27  99  62  60  29  36  50  53  59  79  51  82  70
   48  86  42  49  97   5  55  22  74  74  76  46  14  37  33  22  91  39
   76  51  84  39  15  10  60  73  49  77  52  33  53   1  20   3  32   3
   65  44  92  18  80  71  56   8  64  52  20  25  37  22  49   8  29  22
   90  57  64  25  41  88  29  87  20 100  37  59  41  29  70  38  85  81
   24  22  83  87  76  92  93  23  66  52  41   4  74  62  10  11  45  67
    5  33  56  67  72  87   6  78  63  35  76  64  74   7  61  99  82]]
 setup_times
 [[[ 0 36 33 55 37 46 32 33 45 32 56 59 36]
  [ 0  0 50 52 48 54 46 44 53 32 44 37 45]
  [ 0 32  0 57 47 55 31 54 31 31 47 53 36]
  [ 0 34 55  0 45 50 31 59 34 45 51 55 34]
  [ 0 35 33 43  0 42 45 31 39 43 49 58 36]
  [ 0 31 33 41 32  0 41 54 57 33 55 58 35]
  [ 0 46 51 46 33 44  0 39 40 42 44 38 37]
  [ 0 41 44 31 54 49 34  0 36 51 48 35 34]
  [ 0 30 38 30 32 44 58 45  0 30 40 59 46]
  [ 0 51 30 39 50 32 33 34 41  0 49 56 54]
  [ 0 55 30 42 41 32 52 54 53 36  0 40 51]
  [ 0 36 38 43 38 52 44 55 37 32 46  0 42]
  [ 0 42 49 40 56 53 36 40 42 57 42 30  0]]

 [[ 0 49 56 44 44 41 37 33 46 38 30 44 42]
  [ 0  0 35 34 42 30 32 34 34 39 56 52 34]
  [ 0 50  0 31 38 44 59 56 45 51 35 53 40]
  [ 0 54 42  0 46 33 56 32 35 32 59 36 35]
  [ 0 35 56 32  0 50 51 54 34 36 44 56 41]
  [ 0 59 41 47 45  0 45 58 42 56 37 45 31]
  [ 0 42 54 43 57 46  0 59 46 59 52 59 58]
  [ 0 49 43 57 59 53 30  0 55 46 46 31 35]
  [ 0 31 37 58 32 40 41 55  0 51 33 54 31]
  [ 0 43 31 35 47 36 49 41 30  0 34 50 57]
  [ 0 46 31 56 40 34 51 39 53 45  0 51 58]
  [ 0 38 55 52 30 53 43 41 33 35 33  0 54]
  [ 0 38 31 45 47 47 46 31 31 56 42 36  0]]

 [[ 0 55 47 46 35 53 37 37 56 59 50 50 42]
  [ 0  0 43 40 56 57 35 50 58 36 53 48 41]
  [ 0 52  0 58 33 59 42 37 43 55 59 55 43]
  [ 0 33 41  0 32 56 57 31 48 58 33 50 34]
  [ 0 32 35 49  0 48 33 51 49 49 36 36 34]
  [ 0 35 32 36 58  0 59 57 40 53 47 38 39]
  [ 0 35 44 59 40 34  0 58 46 49 38 39 52]
  [ 0 54 54 50 56 59 35  0 43 31 58 57 39]
  [ 0 38 40 55 44 48 53 59  0 32 31 54 35]
  [ 0 51 49 32 48 56 49 38 31  0 52 31 34]
  [ 0 41 42 40 48 35 42 31 44 52  0 55 37]
  [ 0 33 54 53 52 53 57 50 51 44 42  0 58]
  [ 0 35 50 37 57 41 46 34 54 34 57 36  0]]

 [[ 0 41 45 39 59 33 56 52 44 36 35 50 58]
  [ 0  0 43 30 43 56 54 53 59 44 41 45 35]
  [ 0 41  0 45 42 34 37 46 45 35 40 34 52]
  [ 0 39 48  0 44 34 37 44 45 54 33 36 56]
  [ 0 40 51 47  0 42 39 47 56 43 47 54 43]
  [ 0 34 31 51 33  0 38 49 30 48 39 54 48]
  [ 0 41 48 37 44 55  0 54 30 39 34 39 47]
  [ 0 38 59 47 48 31 49  0 39 45 47 49 44]
  [ 0 38 30 45 52 38 59 53  0 55 51 57 53]
  [ 0 59 40 51 53 52 34 36 37  0 47 53 34]
  [ 0 51 31 51 55 52 34 39 37 59  0 54 31]
  [ 0 54 36 52 44 45 38 42 59 55 59  0 55]
  [ 0 54 37 43 43 54 35 42 47 31 56 55  0]]

 [[ 0 52 32 53 39 46 40 55 51 47 34 55 34]
  [ 0  0 57 40 31 48 59 50 38 44 45 48 37]
  [ 0 49  0 52 39 30 49 59 56 41 40 34 43]
  [ 0 55 43  0 30 37 40 45 34 30 47 55 36]
  [ 0 30 45 42  0 50 44 30 55 30 58 33 48]
  [ 0 48 50 37 35  0 48 55 49 32 59 43 46]
  [ 0 45 57 41 39 59  0 48 52 42 35 35 56]
  [ 0 44 54 56 50 53 40  0 48 56 48 30 30]
  [ 0 52 41 45 38 54 46 37  0 37 31 59 47]
  [ 0 32 37 53 56 35 53 37 59  0 44 47 38]
  [ 0 39 45 52 39 49 53 37 34 43  0 35 30]
  [ 0 42 37 55 47 55 50 34 53 32 54  0 49]
  [ 0 38 51 45 45 51 38 36 46 50 48 40  0]]

 [[ 0 30 43 43 38 55 39 38 47 33 47 48 49]
  [ 0  0 34 44 46 45 34 44 54 46 43 55 55]
  [ 0 32  0 54 36 51 36 31 38 58 51 58 55]
  [ 0 32 42  0 50 44 47 43 59 54 39 38 44]
  [ 0 32 34 42  0 59 33 46 30 51 47 52 38]
  [ 0 55 51 33 57  0 32 53 36 58 35 33 52]
  [ 0 55 35 43 55 51  0 40 45 55 54 30 40]
  [ 0 49 56 47 48 36 52  0 47 42 38 52 52]
  [ 0 43 52 46 50 40 50 33  0 41 54 36 53]
  [ 0 37 49 38 37 43 52 36 34  0 36 38 41]
  [ 0 59 52 48 55 39 37 34 32 56  0 52 34]
  [ 0 48 59 56 33 50 46 43 52 38 39  0 31]
  [ 0 55 47 59 43 34 40 53 50 52 39 53  0]]

 [[ 0 30 55 57 51 45 46 41 41 41 59 38 45]
  [ 0  0 50 43 38 52 31 49 54 45 47 34 40]
  [ 0 54  0 47 56 40 32 37 58 56 45 59 51]
  [ 0 35 58  0 39 40 33 38 57 56 52 45 59]
  [ 0 44 54 54  0 47 43 41 46 49 56 48 38]
  [ 0 34 46 38 48  0 39 57 43 49 57 34 43]
  [ 0 47 32 31 43 36  0 31 35 54 40 30 56]
  [ 0 54 45 44 36 40 56  0 40 51 57 58 36]
  [ 0 30 45 50 44 44 31 50  0 59 42 45 59]
  [ 0 55 41 31 30 52 40 49 35  0 51 34 46]
  [ 0 31 58 50 48 41 40 40 51 42  0 40 55]
  [ 0 39 56 38 30 30 59 32 47 43 44  0 47]
  [ 0 57 39 31 56 53 38 32 51 55 49 53  0]]

 [[ 0 54 57 49 32 33 50 49 46 57 35 35 45]
  [ 0  0 47 31 48 32 54 34 45 53 30 31 58]
  [ 0 33  0 49 39 32 34 56 57 54 44 46 44]
  [ 0 41 50  0 48 49 49 48 38 54 31 31 32]
  [ 0 36 50 43  0 43 59 58 53 42 30 44 32]
  [ 0 43 41 47 31  0 57 42 37 55 34 45 39]
  [ 0 55 59 45 51 42  0 53 55 49 31 36 51]
  [ 0 51 43 38 40 55 57  0 34 56 46 56 49]
  [ 0 59 36 38 54 58 55 52  0 37 44 53 42]
  [ 0 33 58 30 41 49 59 45 58  0 58 39 53]
  [ 0 41 43 43 45 30 56 40 50 46  0 39 53]
  [ 0 59 48 32 37 59 53 49 42 34 41  0 48]
  [ 0 30 54 54 52 50 50 56 34 43 46 47  0]]

 [[ 0 38 32 31 37 54 44 59 31 36 31 47 39]
  [ 0  0 38 51 30 30 58 48 58 39 50 37 49]
  [ 0 36  0 40 44 48 54 38 51 41 45 59 33]
  [ 0 55 48  0 41 48 31 31 50 58 39 36 41]
  [ 0 48 51 36  0 55 56 36 55 30 53 41 33]
  [ 0 42 55 46 51  0 51 57 42 34 57 57 38]
  [ 0 47 52 33 57 35  0 46 50 37 46 58 59]
  [ 0 32 39 41 57 57 40  0 58 55 41 32 46]
  [ 0 54 48 35 39 57 47 53  0 42 30 55 38]
  [ 0 42 45 40 37 35 47 40 35  0 57 48 53]
  [ 0 40 48 42 46 43 30 31 34 37  0 35 30]
  [ 0 53 58 37 30 37 32 48 30 48 55  0 42]
  [ 0 31 55 52 38 56 35 38 58 39 54 45  0]]

 [[ 0 48 33 48 47 52 43 50 35 35 43 30 31]
  [ 0  0 55 34 39 34 50 59 34 42 52 49 49]
  [ 0 36  0 57 44 51 37 55 44 53 39 53 47]
  [ 0 42 37  0 59 49 59 46 58 30 30 44 45]
  [ 0 44 55 30  0 39 53 43 32 53 31 49 57]
  [ 0 56 35 34 52  0 55 56 57 30 55 55 45]
  [ 0 53 31 47 45 37  0 41 45 59 34 50 54]
  [ 0 35 48 39 51 58 38  0 46 37 41 43 55]
  [ 0 40 43 35 56 57 56 58  0 47 42 46 57]
  [ 0 52 54 37 33 51 33 30 41  0 55 48 46]
  [ 0 57 49 48 36 47 45 35 45 45  0 45 33]
  [ 0 32 41 46 32 33 55 42 56 32 57  0 56]
  [ 0 32 47 58 51 46 34 53 45 43 45 42  0]]]
 delivery_times
 [[  0 148 116 126 182 134 162 106 186 158 176 114 107 115 157 132 150 149
  113 116 147 197 195 128 199 195 179 173 187 113 155 100 132 198 196 114
  196 184 184 173 176 110 159 180 177 173 108 197 151 162 105 193 133 170
  111 195 107 130 149 124 193 114 124 101 144 170 191 154 119 162 183 137
  199 190 145 188 189 120 135 137 145 156 138 153 122 101 108 107 115 197
  183 109 174 196 165 168 133 125 103 168 179 103 146 155 173 149 148 164
  166 154 169 106 111 106 168 128 102 144 126 158 109 117 176 161 172 111
  174 194 116 161 161 183 144 160 177 150 117 185 196 107 159 179 137 106
  123 117 198 181 148 119 190 152 191 193 175 126 142 143 186 169 104]
 [  0 170 108 155 132 176 137 189 155 174 166 154 179 162 141 198 155 176
  177 115 133 176 137 186 144 142 124 110 104 109 124 185 169 139 186 189
  130 140 137 136 148 187 120 133 117 161 198 169 184 179 123 124 166 194
  127 142 135 133 168 197 120 114 114 183 112 183 175 117 199 103 129 173
  148 132 106 131 155 130 190 162 128 190 143 182 105 163 126 140 134 173
  129 116 120 194 170 152 187 194 153 134 167 132 166 153 197 126 188 196
  154 133 123 185 177 149 190 181 121 199 112 160 169 183 177 137 171 176
  118 109 185 143 152 108 193 125 100 182 140 140 191 173 198 145 144 134
  149 174 154 111 149 135 156 110 191 111 137 137 138 124 143 198 143]
 [  0 100 164 163 119 155 185 126 168 102 112 154 167 191 137 181 150 152
  164 129 132 184 113 135 106 114 110 106 118 130 109 132 166 133 168 129
  171 182 182 139 100 126 175 165 127 171 133 166 179 198 196 152 145 184
  170 112 170 115 171 191 109 133 110 133 126 160 139 150 158 178 184 196
  181 135 148 117 194 135 122 115 196 143 178 158 176 100 199 148 136 113
  168 123 129 122 139 112 105 119 133 152 164 163 166 130 135 171 131 105
  188 114 129 165 121 125 139 131 184 181 126 142 132 162 115 199 113 141
  152 158 159 110 151 173 137 127 146 125 185 146 106 119 181 171 166 116
  109 133 142 166 137 154 128 175 147 110 165 109 150 107 181 173 121]
 [  0 195 156 178 133 115 196 103 121 116 144 108 124 141 182 158 142 117
  146 102 134 106 116 197 199 122 141 155 142 148 190 199 104 127 188 187
  181 103 111 123 107 181 107 184 104 157 184 151 120 199 103 120 124 114
  146 147 161 154 124 151 169 149 162 119 169 119 148 191 185 143 198 102
  183 167 117 190 149 137 157 121 130 115 123 156 177 155 114 161 105 142
  166 134 134 142 199 173 162 106 185 179 166 121 135 140 160 188 190 156
  178 127 118 189 127 111 146 128 192 115 153 167 163 128 153 111 131 108
  133 162 123 114 143 139 168 114 178 180 113 139 143 180 100 176 147 185
  110 148 106 189 116 138 195 151 165 165 118 128 169 120 180 140 125]
 [  0 119 197 174 155 111 180 192 131 149 100 128 161 188 186 116 101 176
  193 117 176 161 134 177 167 168 121 136 114 116 198 104 107 128 152 145
  119 116 130 112 138 100 150 118 187 157 186 191 173 148 162 135 165 138
  152 160 164 156 158 186 134 148 188 156 191 160 149 175 131 139 168 128
  101 109 121 172 150 175 137 105 161 164 177 111 196 145 119 183 199 176
  115 127 127 157 199 143 103 108 194 184 197 189 169 144 104 104 105 101
  153 132 142 148 183 181 189 180 188 105 156 160 143 130 192 104 101 185
  190 100 170 188 132 172 186 191 163 199 164 172 144 139 104 116 143 176
  138 179 150 104 131 106 194 105 123 105 172 146 110 127 124 143 125]
 [  0 194 100 107 159 164 162 111 179 158 147 142 191 148 116 121 187 198
  193 155 176 177 179 122 175 196 123 161 175 170 131 108 169 174 179 114
  147 177 100 153 109 139 111 134 164 111 113 124 136 180 110 131 183 148
  101 118 107 177 172 150 182 195 116 159 104 144 128 141 103 139 167 123
  166 151 140 180 127 186 128 143 129 195 121 149 166 195 103 119 170 103
  119 152 107 152 152 113 136 140 183 171 107 149 169 168 105 145 171 151
  126 135 144 127 144 162 199 150 111 108 136 132 141 160 126 192 112 194
  199 112 188 142 167 119 135 170 191 148 122 101 160 191 185 137 120 127
  123 107 162 134 179 121 112 160 189 135 175 130 113 141 185 144 163]
 [  0 168 174 105 150 170 171 140 180 109 190 156 176 195 192 111 126 186
  190 161 178 123 152 199 120 155 154 170 168 188 159 198 174 112 194 144
  142 119 119 124 190 119 187 116 187 137 127 152 113 181 118 149 184 128
  185 174 117 166 188 198 117 130 114 175 112 154 163 184 121 106 163 136
  125 137 101 123 132 134 167 195 143 154 192 173 179 150 162 147 172 122
  143 192 184 152 156 101 130 118 185 132 113 187 161 164 162 198 189 189
  115 131 127 111 138 178 192 162 100 129 131 117 113 147 125 115 171 153
  165 192 113 171 103 196 145 101 171 124 125 156 109 101 176 144 158 123
  150 130 144 129 139 128 159 104 163 117 156 185 106 147 131 110 122]
 [  0 196 100 188 189 124 170 188 127 120 193 125 147 108 124 171 188 192
  122 116 137 133 118 169 134 149 119 181 155 105 122 166 134 189 157 139
  137 166 194 198 130 162 158 167 120 131 137 153 100 155 139 107 173 136
  135 181 165 154 127 164 158 122 124 171 180 166 199 195 145 162 163 109
  147 142 183 100 165 180 139 199 125 113 124 166 162 163 102 153 120 165
  176 181 167 164 181 167 112 111 160 140 177 180 193 109 141 164 175 127
  190 117 174 125 150 134 143 189 195 114 116 134 192 181 199 196 193 196
  121 165 130 107 141 133 161 128 187 116 131 153 112 178 129 190 159 179
  158 199 160 183 162 160 177 142 160 136 145 169 161 141 140 137 152]
 [  0 184 173 156 180 152 138 131 165 171 111 115 166 174 170 140 154 100
  149 152 194 108 154 199 131 145 193 154 144 101 135 114 175 112 197 179
  159 143 196 120 117 192 190 194 151 117 192 130 162 160 171 165 165 106
  140 109 137 148 199 113 168 108 139 110 153 180 106 132 158 116 178 153
  114 159 171 159 165 110 149 126 174 111 105 110 121 135 159 120 188 100
  111 116 116 102 135 151 111 123 160 130 112 136 110 185 178 139 165 106
  178 166 132 104 164 165 198 192 159 181 101 178 142 156 154 183 175 121
  164 187 172 135 123 145 120 187 184 103 156 132 138 109 193 146 185 139
  129 166 139 174 108 141 174 196 112 110 181 150 119 185 100 178 174]
 [  0 107 116 185 179 153 141 148 159 135 141 167 110 138 180 139 157 150
  103 122 140 130 110 127 103 186 102 192 124 101 192 162 144 140 135 132
  120 155 123 104 193 113 100 108 192 150 165 109 132 155 158 152 164 113
  118 186 195 146 163 171 171 146 108 131 168 122 103 181 176 137 152 194
  195 107 174 105 166 183 103 147 101 159 196 173 170 199 150 117 116 180
  118 164 100 172 120 148 115 196 123 133 118 190 171 169 140 193 116 178
  139 187 191 192 150 165 177 132 158 120 154 198 170 145 123 195 198 144
  111 180 120 186 112 140 184 172 126 111 194 163 123 109 163 151 137 183
  114 149 171 120 158 174 194 181 148 156 190 123 176 145 119 120 190]]
 job2fam
 [[1 0 0 0 0 0 0 0 0 0 0 0 0 0 0 0 0 0 0 0 0 0 0 0 0 0 0 0 0 0 0 0 0 0 0 0
  0 0 0 0 0 0 0 0 0 0 0 0 0 0 0 0 0 0 0 0 0 0 0 0 0 0 0 0 0 0 0 0 0 0 0 0
  0 0 0 0 0 0 0 0 0 0 0 0 0 0 0 0 0 0 0 0 0 0 0 0 0 0 0 0 0 0 0 0 0 0 0 0
  0 0 0 0 0 0 0 0 0 0 0 0 0 0 0 0 0 0 0 0 0 0 0 0 0 0 0 0 0 0 0 0 0 0 0 0
  0 0 0 0 0 0 0 0 0 0 0 0 0 0 0 0 0]
 [0 0 0 0 0 0 0 0 0 0 0 0 0 0 0 0 0 0 0 0 0 0 0 0 0 0 0 0 0 0 0 0 0 0 0 0
  1 0 0 0 0 0 0 0 0 0 0 0 0 0 0 1 0 0 1 0 0 0 0 0 1 1 0 0 0 0 0 0 0 1 0 0
  0 0 0 0 0 1 0 0 0 0 0 0 0 0 0 1 0 0 0 0 0 0 0 0 0 0 0 0 0 0 0 0 0 0 1 0
  0 0 0 0 0 0 0 0 0 0 0 0 0 0 0 1 0 0 0 0 0 0 0 1 0 0 1 0 0 0 0 0 0 0 0 0
  0 0 0 0 0 0 0 0 0 0 0 0 0 0 0 0 0]
 [0 0 0 1 1 1 0 0 0 0 1 0 0 0 1 0 0 0 0 0 0 0 0 0 0 0 0 0 0 0 0 0 0 0 0 0
  0 0 0 0 0 0 0 0 0 0 0 0 0 0 0 0 0 0 0 0 1 0 0 0 0 0 0 1 0 0 0 0 0 0 0 0
  0 1 0 0 0 0 0 0 0 0 0 0 0 0 0 0 0 0 0 0 0 0 0 0 0 0 0 0 1 0 0 0 0 0 0 0
  0 0 0 0 0 0 0 0 0 1 0 0 1 0 0 0 0 0 0 0 0 0 0 0 0 0 0 0 0 0 0 0 0 0 0 0
  0 0 0 0 0 0 0 0 0 0 1 0 0 0 0 0 0]
 [0 0 0 0 0 0 0 0 0 0 0 0 0 0 0 0 0 0 1 0 0 0 0 0 0 0 1 0 0 0 1 0 0 0 0 0
  0 0 0 0 0 0 0 0 0 0 0 0 0 0 0 0 0 0 0 0 0 0 0 0 0 0 0 0 1 0 0 1 0 0 0 0
  0 0 1 1 0 0 0 0 0 0 0 0 0 0 1 0 0 0 0 0 0 0 0 0 0 0 0 0 0 0 0 1 0 0 0 0
  0 1 0 0 0 0 0 0 0 0 0 0 0 0 1 0 0 0 0 0 0 0 1 0 0 0 0 0 0 0 0 0 0 0 0 0
  0 0 0 0 0 0 1 0 0 0 0 0 0 0 0 0 0]
 [0 0 1 0 0 0 0 0 0 0 0 0 0 0 0 1 0 0 0 0 0 0 0 0 0 0 0 0 0 0 0 0 0 0 0 1
  0 0 1 0 0 1 0 0 0 0 0 0 0 1 1 0 0 0 0 0 0 0 0 0 0 0 0 0 0 0 0 0 0 0 0 0
  0 0 0 0 0 0 0 0 0 0 0 0 0 0 0 0 0 0 0 1 0 0 0 1 0 0 1 0 0 0 0 0 0 1 0 0
  1 0 1 0 0 0 0 0 0 0 1 1 0 0 0 0 0 1 0 0 0 0 0 0 0 0 0 0 0 0 0 0 0 0 0 0
  0 0 1 0 0 0 0 0 0 0 0 0 0 0 0 0 0]
 [0 0 0 0 0 0 1 0 0 0 0 1 0 0 0 0 0 0 0 0 0 1 0 0 0 0 0 0 0 0 0 0 0 0 0 0
  0 0 0 0 0 0 0 0 0 0 0 1 0 0 0 0 1 0 0 0 0 0 0 0 0 0 0 0 0 1 0 0 0 0 0 0
  0 0 0 0 0 0 0 0 1 0 0 0 0 0 0 0 1 0 0 0 0 0 0 0 0 0 0 0 0 0 0 0 0 0 0 0
  0 0 0 1 0 0 1 0 0 0 0 0 0 0 0 0 0 0 0 1 0 0 0 0 0 1 0 0 0 0 0 0 0 0 0 0
  0 0 0 0 0 0 0 0 0 0 0 0 0 0 0 0 0]
 [0 1 0 0 0 0 0 0 0 0 0 0 0 0 0 0 1 1 0 0 0 0 0 0 0 0 0 0 0 0 0 1 0 0 0 0
  0 0 0 0 0 0 0 0 0 1 0 0 0 0 0 0 0 0 0 0 0 0 0 0 0 0 0 0 0 0 1 0 0 0 0 0
  0 0 0 0 0 0 0 0 0 0 1 1 0 0 0 0 0 0 0 0 0 0 0 0 0 0 0 0 0 0 0 0 0 0 0 0
  0 0 0 0 0 0 0 0 0 0 0 0 0 0 0 0 0 0 0 0 0 0 0 0 0 0 0 0 0 0 0 0 0 0 0 1
  0 0 0 0 0 0 0 1 0 0 0 0 0 0 1 0 0]
 [0 0 0 0 0 0 0 0 0 1 0 0 0 1 0 0 0 0 0 0 0 0 0 1 0 0 0 0 1 0 0 0 0 1 0 0
  0 0 0 0 0 0 1 0 1 0 0 0 0 0 0 0 0 0 0 0 0 0 1 0 0 0 0 0 0 0 0 0 0 0 0 1
  0 0 0 0 0 0 0 0 0 0 0 0 1 0 0 0 0 1 0 0 0 1 0 0 0 0 0 1 0 0 0 0 1 0 0 1
  0 0 0 0 0 0 0 0 1 0 0 0 0 0 0 0 0 0 0 0 0 0 0 0 0 0 0 0 0 0 0 0 0 0 0 0
  0 0 0 0 0 0 0 0 0 1 0 1 0 0 0 1 0]
 [0 0 0 0 0 0 0 0 0 0 0 0 0 0 0 0 0 0 0 0 0 0 1 0 0 0 0 0 0 0 0 0 0 0 0 0
  0 0 0 0 0 0 0 0 0 0 0 0 1 0 0 0 0 0 0 1 0 1 0 0 0 0 1 0 0 0 0 0 1 0 0 0
  0 0 0 0 0 0 0 0 0 1 0 0 0 0 0 0 0 0 0 0 0 0 1 0 0 0 0 0 0 0 0 0 0 0 0 0
  0 0 0 0 0 1 0 0 0 0 0 0 0 0 0 0 1 0 0 0 0 0 0 0 0 0 0 0 0 0 0 1 0 0 0 0
  1 1 0 0 1 0 0 0 0 0 0 0 0 1 0 0 1]
 [0 0 0 0 0 0 0 1 0 0 0 0 0 0 0 0 0 0 0 1 0 0 0 0 0 0 0 0 0 0 0 0 0 0 1 0
  0 0 0 0 0 0 0 0 0 0 0 0 0 0 0 0 0 0 0 0 0 0 0 0 0 0 0 0 0 0 0 0 0 0 0 0
  0 0 0 0 0 0 0 0 0 0 0 0 0 0 0 0 0 0 0 0 1 0 0 0 1 0 0 0 0 0 0 0 0 0 0 0
  0 0 0 0 0 0 0 0 0 0 0 0 0 0 0 0 0 0 0 0 1 0 0 0 0 0 0 0 0 0 0 0 0 0 1 0
  0 0 0 0 0 1 0 0 0 0 0 0 0 0 0 0 0]
 [0 0 0 0 0 0 0 0 0 0 0 0 0 0 0 0 0 0 0 0 0 0 0 0 0 0 0 0 0 0 0 0 0 0 0 0
  0 0 0 0 0 0 0 0 0 0 0 0 0 0 0 0 0 1 0 0 0 0 0 1 0 0 0 0 0 0 0 0 0 0 1 0
  0 0 0 0 1 0 1 0 0 0 0 0 0 1 0 0 0 0 1 0 0 0 0 0 0 0 0 0 0 0 0 0 0 0 0 0
  0 0 0 0 1 0 0 0 0 0 0 0 0 0 0 0 0 0 0 0 0 1 0 0 1 0 0 1 0 1 0 0 1 1 0 0
  0 0 0 0 0 0 0 0 0 0 0 0 1 0 0 0 0]
 [0 0 0 0 0 0 0 0 0 0 0 0 0 0 0 0 0 0 0 0 1 0 0 0 1 1 0 0 0 1 0 0 0 0 0 0
  0 1 0 1 0 0 0 0 0 0 1 0 0 0 0 0 0 0 0 0 0 0 0 0 0 0 0 0 0 0 0 0 0 0 0 0
  0 0 0 0 0 0 0 0 0 0 0 0 0 0 0 0 0 0 0 0 0 0 0 0 0 1 0 0 0 1 0 0 0 0 0 0
  0 0 0 0 0 0 0 1 0 0 0 0 0 1 0 0 0 0 1 0 0 0 0 0 0 0 0 0 0 0 1 0 0 0 0 0
  0 0 0 1 0 0 0 0 1 0 0 0 0 0 0 0 0]
 [0 0 0 0 0 0 0 0 1 0 0 0 1 0 0 0 0 0 0 0 0 0 0 0 0 0 0 1 0 0 0 0 1 0 0 0
  0 0 0 0 1 0 0 1 0 0 0 0 0 0 0 0 0 0 0 0 0 0 0 0 0 0 0 0 0 0 0 0 0 0 0 0
  1 0 0 0 0 0 0 1 0 0 0 0 0 0 0 0 0 0 0 0 0 0 0 0 0 0 0 0 0 0 1 0 0 0 0 0
  0 0 0 0 0 0 0 0 0 0 0 0 0 0 0 0 0 0 0 0 0 0 0 0 0 0 0 0 1 0 0 0 0 0 0 0
  0 0 0 0 0 0 0 0 0 0 0 0 0 0 0 0 0]]
