params：
 weight-->(1, 10)
 proc_times-->(1, 100)
 setup_times-->(15, 30)
 delivery_times-->(100, 200)
 job_rate-->16

start:
alpha_1
16
 alpha_2
0.5
 mach
10
 job
160
 fam
12
 weigh
 [[0 1 9 8 4 4 9 2 2 3 7 4 1 7 7 6 2 7 5 9 5 9 9 9 7 9 5 4 4 7 5 7 1 2 2 4
  2 8 9 2 7 9 4 7 6 7 3 5 2 1 7 3 1 3 1 8 3 1 9 1 8 8 4 3 8 1 6 3 2 8 6 8
  6 3 9 6 7 2 7 2 7 1 9 8 4 8 8 6 1 3 3 2 1 6 8 3 1 4 4 3 2 7 2 6 4 4 3 6
  9 8 4 3 5 2 8 5 7 8 1 7 1 6 2 9 7 2 3 7 1 2 6 2 2 2 4 9 3 7 1 5 4 8 6 7
  5 6 8 3 2 2 7 8 1 1 3 6 1 3 2 5 1]]
 proc_times
 [[  0  84  29  44  31  91  10  59  93  43  72  91  83  56  14  42  98  81
   50  52  37  72   6  83  78  18  56  96  47  60  50  94  73  12  86  60
   34  16  83  80  61  18  45  73  25  50   3  43  44  72  86   7  45  40
   72  12   1  65  36  17  29 100  46  80  98  92  90  11  38  19  49  14
   31  80  49  16  24  78  30  67  34   9  13  41  72  39  36  57  78  21
   33  69  10  70  68  87  71  33  65  30  60  66   9  61  32  77  48  63
   98  11  30  91  75  79  51  65  68  21  21  62 100  18  73  66  77  69
   11   8   2  65  77   9  82  61  86  78   8  62  94  35  21  91  51  81
   48  76  60  44  98  37  82  77  29  20  30  52  25  31  16  22  54]
 [  0  40  16  77  86  55  42  95  96  92  67  65  87  91  38  51  29  68
   71  24  72  67  92  27  33  21  33  67  72   6  81  52   3  68  15  10
   99  62   2  51  42  15  92   8  19  49   6  91   7  80  32  92  78  12
   72  62  65  46  73  40  76  54   4  53  52  94  36  83 100  93  97  79
   53  43  91 100  39  52  50  13  15  79  78  23  58  32  14  84  15  92
   21  85  61  61  38  21  53  15  89  79  61  54  77  49  31  88  20  78
   92  86  75  94  55  74  16  62  25   9  94  28 100  48  19  43  42  32
    3  60  89  67  94  26  79  85  15  21  16  72  88  43  68  21  58  21
   61  12  36  79  91  59  36  81   9  30  98  77  15  20  41  25  97]
 [  0  38  10  16   7  47  24  64  77  73  24  36  93  31  77  55  73  33
   74  16  88  16  65  51  12  12   9  31  96  40  10  79  69   9  11  25
   48  92  38  45  95  90  73  55  37  54  40  15  77  19  55  87  23   4
   74  95  79  50  36  52  71  20   7  13  87  89  11  83  85  77  63  36
   18  43  75  27  91  89  52  39 100  22  55  91   5  67  81   5  33  97
   30  26  35  76  73  59  54  11  10  65  73  54  33  44  87  14  57  86
   42  74  97   4  71  82  68 100  69  65  89  30  35  47  45  87  20  13
   41  16  76  49  56  40 100  26  20  81   5  40  65  88   1  60  15  37
   18  60  59  10  23   1  86  56  35   9  95  48  43  35  61  70  73]
 [  0  34  25  64  70 100  41  72   3  22  68  60  64 100  80  96  89  75
   20  42  28  13  67  43  36  91  71  29  65  35  91  34  70  57  65  82
   79   4  25  73  49   4  64  22  72   5  65  60  41  60  85  38  38  15
    2  15  93  33  94  30  98  29  67  32  80  68  81  43  94  61  64  28
   82  95  91  41  98   8  42  69  23  43  86   6  38  88  85  87  30  89
   67  72  82  37  55  23  17  42  78  12  64  88  94  34   9  94  86  48
   97  55  89  29  65  73  40   5  98  62  53  20  18  88  83  94  53   9
   94  61  66  52  97  43  21  36  56  77  16  29  86  70  27  62  35  76
   60  67  18  10  93  17   5  32   8  19  62  67   3  87  24  60  33]
 [  0   7  33  48  17  12  28  72  69  20  81  88  16  29  85  35  77  96
   87  79  95  71  45  76  91  26  28  74  11  12  72  57  55  97  75  75
    8   4   7  56  54  65  19  62   3  93  36  52  78  20  96  36  18  14
   63  18  56  57  29  66  14  71   9   7  83  11  45  96  45  61   9  68
  100  12  28  84  99  44  18  62  28  13  28  47  59   8  50  52  58  54
   91  26  76  40  35  70   1  10  36  42  78  81  69  27  46  85  74  41
   27  65  91  66  10  53  95   2  75  80 100   5  89  23  68  86   9  44
   24  89  74  89  37  40  62  39  21  26  51  91  33  62  94  95  15  59
   32  52  13  63  86  40  25  93  86  86  80  85  32  68   4  25  86]
 [  0   8  30  10  18  72  66  23  69  83  78  79  93  57  57  61  25  54
   31  45  19  78  99  69  99  60  15  58  80  75  58  41  46  67  56  68
   33  56  88  13  52  11  55  11  87  37  88  23  17  88  86  27  53  21
   13  13  79  68   4  69  42  43  92  42  60  12  25  24  21   2  49  76
   68  65  82  39  28   9  57  87  47  50  48  71  40  29  59  87  37   6
   76  21  92  74   6  66  11  36  14  16  82  34  83  45  74  74  20  32
   87  84  12  59  74  18  66  93  58  50   7  89  31   6  95  71  49  12
   23  61  58  37  42  49  36  82  76   1   1  35  83  70  27  50  51 100
   66  95  62   3  63  27  81  55  99  52  65  78  27  24  94  62   5]
 [  0  24  29  74  91  72  81  59  59  52  62  47  56  67  59  39  66  56
   67  15  93   5   9  11  34  77   3  18  41  51  95  59  65  96  41  17
   37  82  22  44  98  49  96  44  16  85  57  17  83  13  68  67  48  13
   41  77  50  55  62   9  44  23  21   7  42   9  66  84  79  84  60  31
   40  65  39  36  85  58  89   9   6  69   4  33  65  78  35  59  34  40
   82  43  41  15  68  27  29  99  47  69  48  72  43  65  48   4  24  74
   66  54  68  34  82  17  22  51   5  22  58  36  26  90  75   3  82  60
   58 100  10  32  50  55  27  55  44  76  43   5  63  63  81  52  55  41
   70  54  67  70  60  76  94  84  14  17   2  20  36   6 100  76  49]
 [  0  85  64  43  55  14  17  24  95  50  52  31   1  54  73  66   1  33
   21  99  82  87  55  31  85   2  85  21  12   8  66  62  34  70  87  79
   66   6  30  49  63  93  27  86  85  52  10  74  98  89  37  36  29  47
   25  93  72  36  57  62  67  97  69  20  96  76  81  71  86  62  87  41
   69  59  38  10  63  89  57  73  12   3  15  92  82  84  69  67   4  22
   51  62  72  99  43  61   5  86  67  56   6  42  60  28  64  41  54  87
   33  94  98  85  47   8  42  62  30  50  14  85  10  45  37  59  16  51
   15  14  15  58  23  85  38  81  20  81   2 100  21  10  34  26  20   9
   72  58  86  66  26  89  53  48  53  69   7  52  85   8  59  78  68]
 [  0   1  29  12  70  17  59  46  90  84  98  77   6  10  68  22  39  45
   90  21  31  46  47  91  31  84  61  29  84  68  68  46  43  82  95  26
   41  18  45  66  86  76  37  16  91  28  74  87   1  74  45  25   5  98
   83  50  98  95  60  53  33  80  13  79  44  99  31  85  30  80  55  66
   74  14  19  87  61   5  53   5  20  70  43  68  36  16  13  74  35  30
    7  11  60  35  52  61  51  98  63  65  71  17  41  42  48  34  59  31
   11  69  65  79  68   5  24  83  47  45  27  17  96  17  66  70  47  69
   40  27  86  28  88   8   3  44  36  95  48  78  70  97  82  11  28  99
   41  98  73   1  46  26  90  25  20  25  65   8   8  56  96  29  86]
 [  0  57  25  18  34  25  98   5  14  76  75  61   9  74  86  82  40  68
   85  46  57  36  89  73  13  13  43   3  13  46  90  89  19  25  46  83
   96  29  30  25  13  69  76  81  39  67  95  98  60  20   5  38  45  49
   14  28  34  62  63  39  98  40  87  49  77   3   1  30  99  87  80  65
   17  69  82  26  48  63  28  23  68  51  29  97  79  27  48  79  57  50
   90  16  53  61  20 100  33  43  53   5  18  58  92  96  50  88  25  51
   39  62  81  84  43  96  46   3  80  65  69   9  35  80  93  51  81  67
   14  25  90  44  59  98  52  18  14  29  67  24  90  60  10  87  36  78
   58  36  63   9  38  42  61   8  94  30  50  67  82  82   9  16  67]]
 setup_times
 [[[ 0 16 20 19 19 28 26 22 20 28 17 25 23]
  [ 0  0 17 19 16 28 23 21 25 23 15 28 15]
  [ 0 15  0 29 17 17 15 21 15 21 27 16 19]
  [ 0 28 24  0 24 26 25 18 27 28 19 15 19]
  [ 0 19 26 24  0 19 27 18 22 28 19 23 17]
  [ 0 29 20 26 19  0 19 28 18 19 17 25 18]
  [ 0 21 25 19 27 15  0 18 17 29 19 25 21]
  [ 0 29 15 24 29 20 25  0 20 29 26 22 28]
  [ 0 25 27 25 28 15 20 28  0 15 24 22 19]
  [ 0 19 19 21 28 27 20 23 29  0 16 20 28]
  [ 0 17 19 17 15 18 28 27 16 25  0 20 19]
  [ 0 17 22 22 26 27 20 22 19 22 15  0 27]
  [ 0 29 21 17 24 28 26 24 23 15 15 21  0]]

 [[ 0 29 22 29 19 18 24 16 16 16 26 26 19]
  [ 0  0 26 17 15 17 24 25 21 24 17 23 16]
  [ 0 22  0 17 28 25 29 20 27 15 25 20 24]
  [ 0 21 25  0 21 15 28 15 15 23 16 17 26]
  [ 0 28 27 15  0 29 24 19 29 15 27 21 20]
  [ 0 27 28 22 17  0 20 17 23 17 25 18 18]
  [ 0 29 21 15 24 26  0 26 23 22 29 18 17]
  [ 0 25 18 21 20 20 18  0 24 16 28 18 24]
  [ 0 29 18 29 29 18 18 19  0 16 18 19 26]
  [ 0 23 15 27 23 23 24 28 24  0 17 26 18]
  [ 0 26 24 16 28 22 28 19 22 28  0 22 22]
  [ 0 28 21 24 28 25 26 29 21 22 15  0 21]
  [ 0 26 21 29 23 25 16 15 18 21 28 28  0]]

 [[ 0 29 28 24 18 25 18 20 19 29 17 22 17]
  [ 0  0 21 18 27 23 20 27 22 21 29 26 17]
  [ 0 20  0 16 26 17 26 27 29 28 24 22 19]
  [ 0 21 28  0 20 15 22 16 25 27 17 19 19]
  [ 0 28 27 16  0 25 16 29 29 24 21 26 18]
  [ 0 24 27 24 27  0 22 20 25 21 21 27 29]
  [ 0 17 16 18 25 22  0 21 21 18 16 21 26]
  [ 0 26 16 19 15 23 20  0 15 22 16 20 19]
  [ 0 18 16 19 16 18 28 28  0 16 23 16 24]
  [ 0 22 28 17 16 16 27 17 17  0 27 22 23]
  [ 0 23 23 22 27 23 24 20 17 18  0 29 19]
  [ 0 29 23 24 25 19 25 19 21 24 20  0 29]
  [ 0 19 17 18 25 27 16 23 18 15 26 26  0]]

 [[ 0 17 29 17 19 23 28 17 21 23 26 23 25]
  [ 0  0 27 23 22 29 17 23 19 16 26 23 28]
  [ 0 23  0 26 16 24 18 27 23 15 26 22 28]
  [ 0 29 20  0 17 22 21 17 16 27 26 20 20]
  [ 0 21 26 26  0 22 23 21 24 29 21 28 19]
  [ 0 29 25 22 29  0 28 29 26 26 15 23 15]
  [ 0 20 29 29 15 20  0 23 19 20 27 20 25]
  [ 0 28 19 22 19 18 23  0 22 16 15 21 24]
  [ 0 20 18 22 23 25 29 27  0 17 29 17 25]
  [ 0 19 16 26 27 18 16 23 26  0 22 21 22]
  [ 0 24 16 21 28 29 21 28 25 15  0 15 23]
  [ 0 16 17 19 28 28 23 23 18 22 17  0 24]
  [ 0 22 24 19 27 25 24 20 21 22 27 18  0]]

 [[ 0 23 27 19 18 27 19 22 28 22 17 18 29]
  [ 0  0 29 18 19 19 23 15 24 28 22 17 29]
  [ 0 16  0 25 23 16 21 18 28 28 22 20 27]
  [ 0 16 15  0 23 23 27 27 19 22 16 24 27]
  [ 0 22 23 23  0 20 26 15 16 17 20 28 19]
  [ 0 23 15 22 29  0 29 28 18 25 16 28 29]
  [ 0 28 21 24 19 21  0 29 28 15 22 28 15]
  [ 0 24 26 26 22 28 22  0 27 24 27 17 29]
  [ 0 28 19 29 18 28 20 29  0 16 28 23 24]
  [ 0 26 25 21 27 18 17 27 18  0 23 25 29]
  [ 0 20 24 25 25 22 26 16 16 22  0 27 25]
  [ 0 23 18 19 15 19 22 25 28 19 16  0 25]
  [ 0 19 21 26 29 19 22 24 19 29 17 22  0]]

 [[ 0 17 24 23 23 25 26 20 18 25 18 21 19]
  [ 0  0 17 24 15 25 18 22 21 24 24 18 15]
  [ 0 29  0 22 18 26 21 21 15 29 29 22 27]
  [ 0 27 16  0 18 17 26 29 21 23 26 19 25]
  [ 0 25 26 18  0 25 16 17 29 27 21 29 23]
  [ 0 23 26 26 20  0 22 24 15 29 18 26 26]
  [ 0 26 17 21 16 21  0 28 20 24 18 27 23]
  [ 0 17 29 26 17 20 20  0 29 21 18 23 22]
  [ 0 16 21 25 28 15 20 28  0 22 21 29 29]
  [ 0 16 16 24 24 20 26 21 26  0 24 23 16]
  [ 0 24 29 18 22 22 16 16 20 24  0 21 18]
  [ 0 17 22 20 24 24 29 29 17 20 28  0 20]
  [ 0 24 26 23 22 22 21 17 27 25 20 25  0]]

 [[ 0 27 25 16 20 20 29 27 20 23 22 17 18]
  [ 0  0 27 23 24 22 16 20 15 29 29 28 26]
  [ 0 22  0 20 18 23 20 20 16 16 22 18 16]
  [ 0 16 28  0 19 15 19 21 28 29 21 15 28]
  [ 0 27 17 15  0 28 17 24 27 18 21 20 28]
  [ 0 22 15 15 20  0 15 20 24 26 28 23 16]
  [ 0 20 20 24 27 26  0 15 16 25 24 23 26]
  [ 0 26 16 15 29 22 29  0 22 23 21 27 21]
  [ 0 27 22 15 26 18 26 27  0 17 28 27 25]
  [ 0 26 25 15 26 29 26 16 17  0 16 19 29]
  [ 0 25 24 16 27 24 17 27 28 20  0 15 24]
  [ 0 27 23 24 26 18 18 27 19 15 26  0 27]
  [ 0 15 26 15 15 29 17 28 25 16 21 15  0]]

 [[ 0 29 18 21 18 17 28 26 20 21 25 29 25]
  [ 0  0 20 19 28 19 19 16 25 22 15 16 29]
  [ 0 20  0 22 19 23 29 25 23 23 29 22 29]
  [ 0 25 29  0 28 15 27 29 19 22 23 22 17]
  [ 0 29 24 15  0 22 23 22 24 27 26 16 15]
  [ 0 28 16 26 26  0 25 29 15 27 17 28 23]
  [ 0 25 29 28 17 24  0 22 21 28 27 15 20]
  [ 0 22 18 17 29 27 22  0 18 24 27 25 24]
  [ 0 19 29 24 28 18 28 22  0 16 23 19 18]
  [ 0 16 28 27 19 19 17 19 24  0 15 16 29]
  [ 0 22 29 21 21 23 24 21 28 21  0 23 28]
  [ 0 27 22 27 22 22 25 23 27 17 21  0 21]
  [ 0 20 20 19 22 17 28 27 17 28 18 26  0]]

 [[ 0 27 26 26 28 18 27 19 29 21 24 26 22]
  [ 0  0 17 21 27 16 27 15 22 24 21 22 29]
  [ 0 26  0 24 25 23 26 20 29 27 18 23 17]
  [ 0 27 18  0 16 28 28 18 23 21 17 20 15]
  [ 0 27 20 24  0 27 25 26 28 20 16 27 24]
  [ 0 29 24 15 23  0 19 27 19 23 15 27 26]
  [ 0 17 25 23 22 23  0 15 26 29 18 18 20]
  [ 0 18 23 18 23 25 27  0 16 15 23 27 19]
  [ 0 18 20 24 27 27 16 26  0 19 18 18 29]
  [ 0 29 24 17 24 29 22 20 19  0 29 16 26]
  [ 0 16 22 24 20 15 19 29 25 19  0 20 26]
  [ 0 18 17 25 27 24 15 29 27 16 21  0 17]
  [ 0 23 26 17 23 29 21 21 18 23 22 27  0]]

 [[ 0 18 20 29 29 20 19 27 20 26 17 22 25]
  [ 0  0 20 19 23 17 28 27 25 21 24 16 22]
  [ 0 19  0 19 18 20 25 15 19 29 29 23 26]
  [ 0 28 24  0 19 19 24 27 23 26 20 29 20]
  [ 0 27 27 18  0 22 20 26 16 20 25 27 22]
  [ 0 16 22 18 19  0 15 28 15 28 20 20 21]
  [ 0 25 19 22 16 22  0 15 17 17 20 28 27]
  [ 0 26 20 19 28 16 15  0 25 28 29 23 15]
  [ 0 21 19 26 15 26 24 28  0 18 27 29 24]
  [ 0 27 22 25 22 18 28 18 26  0 25 28 24]
  [ 0 19 16 17 15 27 18 20 24 17  0 28 25]
  [ 0 17 21 19 23 22 28 26 28 25 19  0 24]
  [ 0 15 19 23 27 27 21 27 21 21 27 15  0]]]
 delivery_times
 [[  0 151 104 183 110 101 105 126 159 173 147 169 188 124 118 166 194 176
  150 139 121 159 140 107 146 167 181 127 122 177 162 128 193 137 158 101
  196 139 125 162 102 195 118 162 126 123 124 179 137 122 119 152 151 121
  149 119 138 199 105 172 109 142 156 115 152 103 131 179 151 173 170 149
  175 182 138 184 152 120 125 145 136 133 165 166 155 195 183 131 144 126
  151 159 116 136 106 129 102 162 153 165 169 131 122 173 173 126 186 179
  181 155 109 190 127 169 129 103 112 123 135 162 102 123 103 192 160 186
  184 104 135 170 131 183 100 124 178 134 179 187 160 154 135 157 141 104
  138 142 143 146 140 100 103 122 104 125 127 198 112 115 197 194 105]
 [  0 113 163 195 101 129 164 183 161 108 108 195 158 150 126 196 192 192
  191 115 114 131 178 185 121 141 153 160 160 128 189 106 156 196 166 178
  188 138 123 181 142 116 126 189 190 177 144 112 103 170 197 163 162 121
  141 155 170 166 129 153 167 177 175 186 198 119 105 159 151 124 161 132
  131 141 176 168 182 171 171 148 162 174 160 140 101 121 138 177 137 187
  157 126 192 149 192 166 194 174 112 131 100 199 142 189 118 110 135 100
  177 100 122 193 102 147 181 193 105 197 108 199 166 165 121 195 168 109
  113 121 110 114 174 197 157 100 123 153 106 188 121 181 127 144 185 118
  188 159 104 177 189 113 111 148 192 186 149 112 127 196 149 147 180]
 [  0 142 161 199 137 138 177 164 162 127 178 168 171 150 111 142 173 108
  167 180 199 161 144 114 149 103 101 158 127 138 194 157 130 176 128 167
  184 164 165 108 135 135 100 141 108 125 188 169 111 143 101 101 162 113
  156 114 193 113 154 156 135 168 195 169 199 104 119 128 153 124 169 109
  105 163 153 145 197 140 169 179 107 174 179 153 132 185 123 170 144 111
  198 153 193 152 100 190 129 174 195 176 102 119 153 151 132 162 135 168
  167 183 171 109 191 108 152 150 135 198 106 176 121 163 199 159 134 134
  129 108 193 137 186 129 136 162 113 124 157 155 192 131 189 124 165 180
  147 144 139 105 170 124 116 141 164 107 148 166 111 153 132 136 127]
 [  0 142 130 110 155 131 168 149 149 198 184 140 120 134 121 118 146 100
  108 150 114 196 182 112 102 159 197 191 110 169 146 167 142 198 156 194
  185 180 169 159 150 187 102 181 148 146 133 172 144 139 104 157 144 181
  180 181 168 157 131 157 125 105 120 197 180 194 160 172 188 143 124 122
  163 173 129 123 136 172 116 143 135 105 138 155 156 157 115 113 157 117
  178 188 158 173 112 179 140 186 152 149 176 177 193 180 168 193 166 191
  149 132 178 193 169 142 110 132 172 147 141 116 184 198 138 147 179 120
  143 168 115 126 188 161 115 143 135 143 119 128 100 117 175 124 107 115
  132 155 199 125 126 107 186 108 191 181 125 107 140 187 176 190 186]
 [  0 181 159 118 135 150 194 179 144 158 163 118 141 147 138 129 173 170
  196 103 135 198 162 137 151 115 176 149 107 133 131 176 185 133 166 145
  183 147 123 107 172 130 187 160 171 163 118 188 145 124 162 159 113 130
  143 186 147 198 141 184 142 139 190 133 174 176 138 150 155 185 180 133
  121 198 124 151 125 139 125 182 155 141 167 141 186 111 128 119 184 173
  191 160 120 198 108 173 141 184 126 129 134 125 129 132 144 128 138 140
  119 184 130 192 147 197 179 106 193 114 125 133 181 187 167 187 142 186
  120 109 113 138 124 105 115 138 182 128 192 162 171 148 139 110 104 195
  188 147 176 137 189 139 174 164 182 177 166 178 101 110 144 143 183]
 [  0 175 127 191 193 105 108 160 108 154 180 188 139 167 110 177 186 159
  126 133 181 115 198 189 106 179 125 189 148 129 111 156 135 190 183 166
  103 197 119 186 113 150 126 122 171 193 169 134 131 153 131 160 125 194
  198 146 184 101 190 139 190 178 185 157 113 168 165 106 120 119 107 167
  196 194 112 191 113 189 115 116 132 122 150 159 134 112 123 123 110 166
  195 115 180 107 132 137 147 160 174 106 162 166 134 168 169 106 187 135
  111 166 106 116 195 188 185 182 141 128 166 126 198 159 153 134 130 151
  110 194 181 178 140 145 195 121 168 171 126 158 167 110 168 171 140 152
  110 160 185 169 148 174 194 115 111 195 130 140 117 136 191 162 120]
 [  0 178 156 104 118 156 167 182 140 174 150 184 195 108 103 149 172 131
  184 163 123 114 148 168 152 189 109 147 191 168 162 117 167 121 144 162
  184 175 115 170 104 163 161 126 127 175 153 126 123 166 104 178 159 144
  158 112 158 198 113 170 119 178 119 116 122 190 195 145 111 172 119 125
  188 162 112 197 185 132 105 100 189 180 117 166 187 184 155 163 181 100
  133 174 173 117 163 145 183 117 113 131 105 163 126 163 198 160 137 129
  164 112 177 139 127 122 185 137 142 175 185 119 172 184 114 176 135 100
  194 171 149 186 187 183 103 176 165 149 195 123 187 171 181 175 141 147
  150 144 118 185 113 129 174 130 182 176 176 124 121 164 151 193 167]
 [  0 100 104 174 142 151 100 103 157 177 158 194 192 168 136 181 103 140
  169 198 119 171 151 185 158 106 173 189 180 182 170 178 141 119 100 163
  193 172 199 136 135 132 199 158 147 173 193 196 137 131 105 166 114 195
  172 150 139 181 174 157 127 106 100 189 180 116 144 175 113 116 151 159
  172 118 146 128 176 196 173 181 138 186 103 110 105 130 121 141 141 123
  150 148 106 133 143 162 102 109 113 171 148 124 111 108 117 199 190 197
  154 158 117 121 150 141 173 116 105 176 125 158 129 154 118 124 122 179
  146 100 102 172 176 172 170 185 150 162 178 124 110 102 162 197 112 175
  154 105 134 140 195 145 139 198 160 114 115 131 120 122 161 121 134]
 [  0 147 135 194 127 115 126 130 109 143 106 185 122 125 119 174 198 175
  103 103 183 114 146 126 107 195 106 193 104 122 122 191 163 186 107 186
  143 114 199 184 123 161 159 130 145 116 185 195 131 177 166 166 136 150
  138 124 123 134 174 140 153 135 109 192 142 193 153 166 152 198 176 198
  160 133 148 104 109 136 173 116 136 104 193 133 132 133 132 194 123 191
  136 170 124 129 160 165 143 156 159 130 120 115 181 161 108 134 145 177
  194 141 178 102 142 122 167 177 185 199 160 170 159 183 145 136 145 154
  142 194 159 133 167 116 186 128 108 151 118 137 165 170 194 116 127 114
  184 142 167 169 131 109 185 127 164 102 100 190 112 177 141 125 104]
 [  0 174 162 138 151 191 114 168 159 149 177 118 179 134 106 112 155 103
  146 141 192 150 183 160 122 152 155 130 192 192 108 137 196 158 187 110
  164 133 101 145 111 150 159 171 163 164 133 155 185 190 197 159 183 132
  161 198 191 198 166 135 172 131 131 120 130 114 121 140 160 148 144 116
  166 194 172 112 101 147 191 195 167 141 130 134 163 152 195 197 115 192
  163 158 177 181 149 102 140 139 186 190 148 109 194 113 185 158 186 188
  196 138 153 111 167 157 147 169 169 141 109 133 193 169 106 190 163 117
  118 111 145 184 128 198 146 141 126 171 146 154 188 145 185 176 148 168
  134 113 101 113 119 189 133 123 152 135 152 157 177 132 151 158 146]]
 job2fam
 [[1 0 0 0 0 0 0 0 0 0 0 0 0 0 0 0 0 0 0 0 0 0 0 0 0 0 0 0 0 0 0 0 0 0 0 0
  0 0 0 0 0 0 0 0 0 0 0 0 0 0 0 0 0 0 0 0 0 0 0 0 0 0 0 0 0 0 0 0 0 0 0 0
  0 0 0 0 0 0 0 0 0 0 0 0 0 0 0 0 0 0 0 0 0 0 0 0 0 0 0 0 0 0 0 0 0 0 0 0
  0 0 0 0 0 0 0 0 0 0 0 0 0 0 0 0 0 0 0 0 0 0 0 0 0 0 0 0 0 0 0 0 0 0 0 0
  0 0 0 0 0 0 0 0 0 0 0 0 0 0 0 0 0]
 [0 0 0 0 0 0 0 0 0 0 0 0 0 0 0 0 0 0 0 0 0 0 0 0 0 0 0 0 0 0 0 0 0 0 0 0
  1 0 0 0 0 0 0 0 0 0 0 0 0 0 0 1 0 0 1 0 0 0 0 0 1 1 0 0 0 0 0 0 0 1 0 0
  0 0 0 0 0 1 0 0 0 0 0 0 0 0 0 1 0 0 0 0 0 0 0 0 0 0 0 0 0 0 0 0 0 0 1 0
  0 0 0 0 0 0 0 0 0 0 0 0 0 0 0 1 0 0 0 0 0 0 0 1 0 0 1 0 0 0 0 0 0 0 0 0
  0 0 0 0 0 0 0 0 0 0 0 0 0 0 0 0 0]
 [0 0 0 1 1 1 0 0 0 0 1 0 0 0 1 0 0 0 0 0 0 0 0 0 0 0 0 0 0 0 0 0 0 0 0 0
  0 0 0 0 0 0 0 0 0 0 0 0 0 0 0 0 0 0 0 0 1 0 0 0 0 0 0 1 0 0 0 0 0 0 0 0
  0 1 0 0 0 0 0 0 0 0 0 0 0 0 0 0 0 0 0 0 0 0 0 0 0 0 0 0 1 0 0 0 0 0 0 0
  0 0 0 0 0 0 0 0 0 1 0 0 1 0 0 0 0 0 0 0 0 0 0 0 0 0 0 0 0 0 0 0 0 0 0 0
  0 0 0 0 0 0 0 0 0 0 1 0 0 0 0 0 0]
 [0 0 0 0 0 0 0 0 0 0 0 0 0 0 0 0 0 0 1 0 0 0 0 0 0 0 1 0 0 0 1 0 0 0 0 0
  0 0 0 0 0 0 0 0 0 0 0 0 0 0 0 0 0 0 0 0 0 0 0 0 0 0 0 0 1 0 0 1 0 0 0 0
  0 0 1 1 0 0 0 0 0 0 0 0 0 0 1 0 0 0 0 0 0 0 0 0 0 0 0 0 0 0 0 1 0 0 0 0
  0 1 0 0 0 0 0 0 0 0 0 0 0 0 1 0 0 0 0 0 0 0 1 0 0 0 0 0 0 0 0 0 0 0 0 0
  0 0 0 0 0 0 1 0 0 0 0 0 0 0 0 0 0]
 [0 0 1 0 0 0 0 0 0 0 0 0 0 0 0 1 0 0 0 0 0 0 0 0 0 0 0 0 0 0 0 0 0 0 0 1
  0 0 1 0 0 1 0 0 0 0 0 0 0 1 1 0 0 0 0 0 0 0 0 0 0 0 0 0 0 0 0 0 0 0 0 0
  0 0 0 0 0 0 0 0 0 0 0 0 0 0 0 0 0 0 0 1 0 0 0 1 0 0 1 0 0 0 0 0 0 1 0 0
  1 0 1 0 0 0 0 0 0 0 1 1 0 0 0 0 0 1 0 0 0 0 0 0 0 0 0 0 0 0 0 0 0 0 0 0
  0 0 1 0 0 0 0 0 0 0 0 0 0 0 0 0 0]
 [0 0 0 0 0 0 1 0 0 0 0 1 0 0 0 0 0 0 0 0 0 1 0 0 0 0 0 0 0 0 0 0 0 0 0 0
  0 0 0 0 0 0 0 0 0 0 0 1 0 0 0 0 1 0 0 0 0 0 0 0 0 0 0 0 0 1 0 0 0 0 0 0
  0 0 0 0 0 0 0 0 1 0 0 0 0 0 0 0 1 0 0 0 0 0 0 0 0 0 0 0 0 0 0 0 0 0 0 0
  0 0 0 1 0 0 1 0 0 0 0 0 0 0 0 0 0 0 0 1 0 0 0 0 0 1 0 0 0 0 0 0 0 0 0 0
  0 0 0 0 0 0 0 0 0 0 0 0 0 0 0 0 0]
 [0 1 0 0 0 0 0 0 0 0 0 0 0 0 0 0 1 1 0 0 0 0 0 0 0 0 0 0 0 0 0 1 0 0 0 0
  0 0 0 0 0 0 0 0 0 1 0 0 0 0 0 0 0 0 0 0 0 0 0 0 0 0 0 0 0 0 1 0 0 0 0 0
  0 0 0 0 0 0 0 0 0 0 1 1 0 0 0 0 0 0 0 0 0 0 0 0 0 0 0 0 0 0 0 0 0 0 0 0
  0 0 0 0 0 0 0 0 0 0 0 0 0 0 0 0 0 0 0 0 0 0 0 0 0 0 0 0 0 0 0 0 0 0 0 1
  0 0 0 0 0 0 0 1 0 0 0 0 0 0 1 0 0]
 [0 0 0 0 0 0 0 0 0 1 0 0 0 1 0 0 0 0 0 0 0 0 0 1 0 0 0 0 1 0 0 0 0 1 0 0
  0 0 0 0 0 0 1 0 1 0 0 0 0 0 0 0 0 0 0 0 0 0 1 0 0 0 0 0 0 0 0 0 0 0 0 1
  0 0 0 0 0 0 0 0 0 0 0 0 1 0 0 0 0 1 0 0 0 1 0 0 0 0 0 1 0 0 0 0 1 0 0 1
  0 0 0 0 0 0 0 0 1 0 0 0 0 0 0 0 0 0 0 0 0 0 0 0 0 0 0 0 0 0 0 0 0 0 0 0
  0 0 0 0 0 0 0 0 0 1 0 1 0 0 0 1 0]
 [0 0 0 0 0 0 0 0 0 0 0 0 0 0 0 0 0 0 0 0 0 0 1 0 0 0 0 0 0 0 0 0 0 0 0 0
  0 0 0 0 0 0 0 0 0 0 0 0 1 0 0 0 0 0 0 1 0 1 0 0 0 0 1 0 0 0 0 0 1 0 0 0
  0 0 0 0 0 0 0 0 0 1 0 0 0 0 0 0 0 0 0 0 0 0 1 0 0 0 0 0 0 0 0 0 0 0 0 0
  0 0 0 0 0 1 0 0 0 0 0 0 0 0 0 0 1 0 0 0 0 0 0 0 0 0 0 0 0 0 0 1 0 0 0 0
  1 1 0 0 1 0 0 0 0 0 0 0 0 1 0 0 1]
 [0 0 0 0 0 0 0 1 0 0 0 0 0 0 0 0 0 0 0 1 0 0 0 0 0 0 0 0 0 0 0 0 0 0 1 0
  0 0 0 0 0 0 0 0 0 0 0 0 0 0 0 0 0 0 0 0 0 0 0 0 0 0 0 0 0 0 0 0 0 0 0 0
  0 0 0 0 0 0 0 0 0 0 0 0 0 0 0 0 0 0 0 0 1 0 0 0 1 0 0 0 0 0 0 0 0 0 0 0
  0 0 0 0 0 0 0 0 0 0 0 0 0 0 0 0 0 0 0 0 1 0 0 0 0 0 0 0 0 0 0 0 0 0 1 0
  0 0 0 0 0 1 0 0 0 0 0 0 0 0 0 0 0]
 [0 0 0 0 0 0 0 0 0 0 0 0 0 0 0 0 0 0 0 0 0 0 0 0 0 0 0 0 0 0 0 0 0 0 0 0
  0 0 0 0 0 0 0 0 0 0 0 0 0 0 0 0 0 1 0 0 0 0 0 1 0 0 0 0 0 0 0 0 0 0 1 0
  0 0 0 0 1 0 1 0 0 0 0 0 0 1 0 0 0 0 1 0 0 0 0 0 0 0 0 0 0 0 0 0 0 0 0 0
  0 0 0 0 1 0 0 0 0 0 0 0 0 0 0 0 0 0 0 0 0 1 0 0 1 0 0 1 0 1 0 0 1 1 0 0
  0 0 0 0 0 0 0 0 0 0 0 0 1 0 0 0 0]
 [0 0 0 0 0 0 0 0 0 0 0 0 0 0 0 0 0 0 0 0 1 0 0 0 1 1 0 0 0 1 0 0 0 0 0 0
  0 1 0 1 0 0 0 0 0 0 1 0 0 0 0 0 0 0 0 0 0 0 0 0 0 0 0 0 0 0 0 0 0 0 0 0
  0 0 0 0 0 0 0 0 0 0 0 0 0 0 0 0 0 0 0 0 0 0 0 0 0 1 0 0 0 1 0 0 0 0 0 0
  0 0 0 0 0 0 0 1 0 0 0 0 0 1 0 0 0 0 1 0 0 0 0 0 0 0 0 0 0 0 1 0 0 0 0 0
  0 0 0 1 0 0 0 0 1 0 0 0 0 0 0 0 0]
 [0 0 0 0 0 0 0 0 1 0 0 0 1 0 0 0 0 0 0 0 0 0 0 0 0 0 0 1 0 0 0 0 1 0 0 0
  0 0 0 0 1 0 0 1 0 0 0 0 0 0 0 0 0 0 0 0 0 0 0 0 0 0 0 0 0 0 0 0 0 0 0 0
  1 0 0 0 0 0 0 1 0 0 0 0 0 0 0 0 0 0 0 0 0 0 0 0 0 0 0 0 0 0 1 0 0 0 0 0
  0 0 0 0 0 0 0 0 0 0 0 0 0 0 0 0 0 0 0 0 0 0 0 0 0 0 0 0 1 0 0 0 0 0 0 0
  0 0 0 0 0 0 0 0 0 0 0 0 0 0 0 0 0]]
