params：
 weight-->(1, 10)
 proc_times-->(1, 100)
 setup_times-->(30, 60)
 delivery_times-->(100, 200)
 job_rate-->16

start:
alpha_1
16
 alpha_2
1.0
 mach
10
 job
160
 fam
12
 weigh
 [[0 9 5 2 8 7 9 6 8 5 4 7 2 1 4 3 5 3 2 5 2 9 9 2 8 8 8 6 1 9 9 1 5 9 3 9
  3 1 1 6 2 1 4 3 4 3 2 8 9 4 7 1 8 7 5 8 3 8 9 9 5 9 5 1 3 5 5 2 7 3 5 4
  5 3 5 6 3 3 1 2 6 9 3 5 3 7 7 7 3 3 5 2 8 8 9 2 6 9 2 3 6 1 9 9 7 4 6 4
  3 3 3 3 2 6 5 3 6 3 7 8 6 6 5 6 1 8 5 9 8 5 3 7 9 3 1 5 8 7 6 5 3 7 4 9
  9 4 3 5 6 9 1 5 9 6 9 4 4 6 3 5 8]]
 proc_times
 [[  0  48  67  16 100  67  79  92  39  89  35  51  64  30  20  39  27  77
   81  61  82   8   4   9  39  97  76  27  87  59  63  90  88  52  53   9
   30  99  95  52  30   3  16  92  55  75  26   1  23  22  69  19  19  65
   88  41  38  15  84  51  83  76  67  69  46  76  39  23  94  28  11  39
   26  77  65  57  67  53  16  65  99  33  86  53  86  67  38  89  21  42
   51  60  16  96  82  83  17   7  17  65  63  95  73  70  15  96  99  64
   51  62  11  84  23  71   6  25  44  10  54  11  24  42  41  19  88  63
   52   2  18  21  84  28  77  94  67  68  20  83   4  94  86  31  39   5
    4  83  76  47  30  80  37  34   8  61  76  59  91  84  72  34  55]
 [  0  28  15  87  96  20  94   5  50   9  59  81  92  72  89  60  52  64
   79  47  64  67  72  26  83  21  17  36  22  81  68  73   9  42  53   3
   76   3  29   3  20  32  33  33   3  32  75  35  65  21  15  81  21  47
   89  51  30  27  17   7  60  18  15  13  98   3   4   3  53  71  17  96
    7  79  25  18  91   9  76  15  81  66  54  28   9   7  29  84  68  15
   60  46  60  42   6  46  78   2  84  50  63  25  46  73  84  82  68  11
   99  43  22  89  25   6  41  10  22  34  58  79  32  40  51  43  48  59
   46  75  42  50  26  77  18  37  44  29  26  60  61  84  87  91  44  33
   67  10  32  20  94   9  58  95  32  47   7  63  79   6  24  31  57]
 [  0  90  91   2  98  53   7   8  50  32  25  96  73  74  90  37  23  52
   42   4  71  55  89  19  87  42  91  87  51  57  20  14  10  63  74  46
   28  96  97  70   1  23  65  81  31  67   7  34  21  77  30  89  86  76
   84  10  73  78  62  44  22  83  44  25  37  70  59  94  22  64  87  59
   26  66  73  45  97   9  54  67  65  33  94  21  18  16   2  31  51  14
   64  89  70  69  94  56  55  78  25  99  67  58  64  37  12  86  92  64
   80   9  76  74  80  96  95 100  66  24  88   3  42  62  23  38  81  17
   36  19  28  18  70  23  49  61  50   5   3  63  18  90  84  14  43  66
   20  54  51  25   6  74  31  68  45  57  44  14  32  23  66  50  76]
 [  0  11  11  56  10  47  38  57  88  75  40  94  66  37  62  24  45  65
   19   5  86  63  72  81  11  49  97  40  66  71  56  70  18  20  47  47
    6  80  80  27  38  29  28  91  78  23  69  67  44  51  23  77  56  52
   23  39   3  90  56  81  14  47  92  50  51  59  64  90  54  93  64  47
   69  19  29  71  96  43  64  21  31  63  20  20  50  52  97  12  62  59
   90  89  65  40  19  71  47   4  30  15  71  47  31   3  26  69  47  71
   93  12  61  49  63  65  94  31  79  61  96   1  77  78  76  10  64   3
   22  95  41  39  20  56  19  83  36   1  48   6   5   6  42  16  77  24
   26  70  40  85  33  60  96  30  76  45 100  29  25  81  24  67  23]
 [  0  32  17  19  14  92   3  38  89  96  72  26  89  54  85  42   9  65
   56  17  87  88  66  35  10  87  30  89  43   6  62  13  65   1  88  21
   61  54  63  14  80  81  22  25  11  79  69  29  81  49  22  12  60  33
    1  70  34  16  36  68  34   7   1  34  95   8  47  31  25  92  53  28
   70  44  94  46  51  23  14  38   6  48  27  11  47   1  64  85  65  98
   10  70  56  33  52 100  44  76  26  86  61  54  62  91  52  34  25  61
   95  67  17  33  12  54  41  15  95  12  17  27  85  60  98  76   4  91
   57  25  20  52  79  44  56  62  69  83  38  81  73   3  77  71  38  43
   78  25  98  50   6  24  72  79  64  10  18  54  53  47  74  27  82]
 [  0  24  24  70  86  61  96  72  95   5  74  43   8  10  15  95   1  85
   87  43  94   9  85  48  12  49  74  20  88  93  42  96  61   5  44  44
   41  83  37  14   9  51 100  75  53  91  45  42  65  68  40  93  87  60
   21  31  85  65  68  74   6  15  85  21  19  46  71   1  13  77  51  45
   38   3  36  32  35  48  72   6  50   4  54  38  69  91  36 100  67  49
   30   2  60  51  10  73  51  11  78  98  99  19  39  58 100  48  90   2
   85  55  64  33  58  60  69  34  56  48  67  87  34  22  65  39  13  86
   11  53  57  55  38  58   8 100  56  19  48  55   7  22  51  35  93   6
   99  40  10  30  67  87  77  14  99  77  65  12  77  12  42   9  80]
 [  0  23  99  52  68  69  21  98  58  54  27  94  89  50  68  23  95   4
   37  23  74  91  15  51  36   5  35  10  86  75 100  78  79  26  32  77
   69  79  18  31  27  95  71  98  75  98  58  48  32  76  58  56  50  52
   60  64  71  13  72  85  10  15  69  72  97  29  45  20  92  81  90  76
    1  39  44  55  51  19  71  67   9  21  48  86  75  44   5  25  32  57
   16  50  12  74  21  37   3  90  56  21   2  81  44  91  76  90  26  95
   67  25  77  81  72  91  44  69  91  49  75  99  68  82  44  27   3  57
    3  21  25   3  36  95  32  26  77  93  13  82  58  65  14  48  13  71
   81  61  42  51  90  80  47  31  82  12   1  35  88  24  11   6  59]
 [  0  40  39  22  19  16  42  78  86  92  80  83  82  79   5  60  44  59
   47  11  65   7  20  42  55  83  65  49  16  32  92  19  29  81  34  56
   18  52  75  91  33  35  52  41  97  73  47  92  75  30  83  49  54  48
   56  85  73  83  68  22  74  17  18   6  45  98  25  15  23  66  87  82
   73  64  94  40  14  10  41  16  14  94  90  39  53  58  73  90  31  98
   70  82   2   3  35  84  56  83  15  25  68  63  30  36  15  97  68  55
   86  71  59  77  68  37  21  20  50  15  46  90  70  34  17   3  36  89
    2  40  63  68  49  64  30  20  55  48  11  63  73  84  27  16  87  36
   65  92  11  46   5  56  28  16  40  44  60  37  74  36  16   6  94]
 [  0   8  47  19  99   8  58  59  16  49  23  51   4 100  99   7  31  61
   53  68  96  39  18  28  70  79  39  22  55   1  11  31   2  55  94   9
   58  44  21  16   8  12  13  37  28  99   9  11  54   2  26  14  34  51
   79  38  56  26  62  71  64  21  68  16  42  90  69  16  71  37  86  31
    6   9  59  87  24  75  88  56  79  34   7   8  89  92  38  68  35  43
   73  29  79  31  57  41  23  28  35  81  56   2  98  96  32   8  77  84
   25  51  19  43  61  96   6  13  30  34  59  81  82  56  26  81  27  25
   18  46  66  95  91  97  32  33  88  19  26  85  20  87  90  51  34  87
   99  99  34  96  53  59  74  96  74  62  91  86  90  86  73   4  39]
 [  0   1  81  65  80  44  77  96  76  41  57  18  69  37  19  24  31  46
   15  24  53  98   8  66  47  47  24  87  22  47   7  41  17  24  65  30
   42  94  56  29  61  32  65  84  36  20   8  34  31  91  76  88  71  18
   28  28  39  85  31  23  82  25  55  61  95  62  22  69  68  27   4  35
   88  12  45  96  68  25  47  39   6  71  59  85   4  10  25  99  36  27
   34  86  33  76 100  99  44  54  15  69  49  69 100   3  34  56  21  17
   18  83  93  73  59  49  72   5  73  32  66  18  78  56  60  22  84  99
   62  76  33  24  72  28  35  58  95  47  96  14  76  58  41  89  93  45
   36  15  47  27  50  43  45  51  46  80  72  49  18  90  53  23   6]]
 setup_times
 [[[ 0 39 40 31 37 41 48 40 30 37 30 32 45]
  [ 0  0 38 53 48 44 42 39 58 57 32 51 38]
  [ 0 37  0 53 40 46 32 43 36 54 31 38 50]
  [ 0 39 49  0 56 34 32 40 43 33 41 41 32]
  [ 0 32 40 50  0 47 57 55 55 45 33 35 31]
  [ 0 46 53 54 30  0 41 53 33 41 57 57 32]
  [ 0 38 39 52 51 46  0 58 32 52 49 34 58]
  [ 0 43 52 55 49 36 37  0 43 37 48 37 42]
  [ 0 30 31 41 42 43 56 53  0 59 40 54 57]
  [ 0 41 34 54 45 47 42 38 45  0 31 52 40]
  [ 0 58 38 33 35 33 44 53 40 34  0 53 54]
  [ 0 35 38 47 56 46 59 31 49 55 42  0 31]
  [ 0 46 52 35 32 45 52 34 55 43 41 43  0]]

 [[ 0 46 55 51 56 39 54 52 52 49 31 47 45]
  [ 0  0 33 45 47 35 54 52 41 47 49 52 33]
  [ 0 56  0 57 32 54 49 40 36 43 32 43 51]
  [ 0 49 49  0 59 42 54 44 34 49 48 50 54]
  [ 0 40 48 38  0 40 59 48 56 34 37 34 41]
  [ 0 31 53 39 58  0 34 54 45 56 37 47 39]
  [ 0 47 49 43 56 58  0 35 51 46 30 32 57]
  [ 0 31 42 42 57 33 36  0 44 54 43 35 44]
  [ 0 57 57 33 56 37 58 39  0 30 36 49 59]
  [ 0 33 48 36 48 46 49 48 45  0 52 53 52]
  [ 0 35 51 51 49 44 43 59 40 44  0 31 35]
  [ 0 30 51 33 39 56 37 31 54 52 43  0 46]
  [ 0 44 41 55 56 37 46 30 41 42 46 59  0]]

 [[ 0 38 32 34 46 54 41 32 43 46 38 58 40]
  [ 0  0 50 45 46 34 43 58 54 46 51 45 48]
  [ 0 51  0 56 53 55 35 58 55 43 39 46 31]
  [ 0 32 49  0 55 56 34 50 54 40 54 43 54]
  [ 0 59 31 54  0 35 58 58 35 51 43 56 45]
  [ 0 50 30 38 35  0 39 33 44 30 59 32 37]
  [ 0 34 56 35 39 32  0 32 59 52 34 52 52]
  [ 0 50 55 33 49 50 34  0 34 56 40 32 30]
  [ 0 51 33 43 39 55 59 46  0 41 40 36 41]
  [ 0 38 55 46 52 49 38 59 50  0 53 35 55]
  [ 0 37 49 53 54 50 57 49 39 59  0 47 49]
  [ 0 55 36 43 42 58 39 56 36 55 59  0 49]
  [ 0 34 35 30 37 55 59 33 41 37 53 56  0]]

 [[ 0 31 45 40 40 59 37 53 50 55 43 30 43]
  [ 0  0 39 41 43 58 50 55 51 39 41 38 59]
  [ 0 39  0 36 53 52 33 37 53 38 47 54 46]
  [ 0 52 55  0 57 32 31 40 35 47 33 40 44]
  [ 0 45 32 36  0 52 49 33 56 32 30 36 58]
  [ 0 49 59 33 43  0 36 48 49 52 49 47 55]
  [ 0 45 55 32 51 43  0 34 57 34 44 39 51]
  [ 0 39 50 56 52 30 39  0 43 45 52 55 51]
  [ 0 41 43 58 59 41 45 30  0 58 30 51 56]
  [ 0 57 56 53 34 37 33 46 31  0 30 35 46]
  [ 0 30 38 49 54 44 49 58 49 51  0 47 57]
  [ 0 43 42 51 34 30 46 39 50 31 58  0 44]
  [ 0 38 45 38 52 46 44 45 40 54 56 38  0]]

 [[ 0 44 43 34 45 54 32 42 40 37 54 49 41]
  [ 0  0 56 53 53 45 55 41 41 50 38 49 32]
  [ 0 59  0 54 42 30 32 58 59 54 30 47 52]
  [ 0 47 33  0 46 47 41 35 58 58 40 36 33]
  [ 0 33 35 55  0 33 59 39 37 37 32 44 55]
  [ 0 35 43 50 51  0 42 40 53 52 38 33 47]
  [ 0 31 50 31 30 49  0 41 36 48 35 52 32]
  [ 0 34 57 54 50 30 51  0 48 48 43 41 52]
  [ 0 37 32 41 52 30 31 48  0 57 51 48 55]
  [ 0 36 52 42 59 54 45 58 58  0 56 33 51]
  [ 0 30 48 43 41 33 49 33 56 45  0 59 57]
  [ 0 55 52 42 42 38 31 34 49 30 59  0 36]
  [ 0 52 49 42 43 32 36 39 55 42 37 43  0]]

 [[ 0 46 37 53 52 48 32 42 57 42 47 39 34]
  [ 0  0 45 42 43 46 45 53 33 41 44 52 38]
  [ 0 34  0 44 56 45 37 46 53 56 49 55 36]
  [ 0 39 32  0 45 35 34 49 36 59 30 45 33]
  [ 0 36 32 54  0 49 42 38 51 53 52 38 45]
  [ 0 35 51 46 54  0 48 49 48 55 54 55 35]
  [ 0 39 45 30 46 34  0 41 56 38 55 57 40]
  [ 0 48 55 56 31 48 34  0 57 30 57 43 48]
  [ 0 46 57 33 57 46 35 34  0 45 42 44 52]
  [ 0 59 46 44 58 52 35 56 58  0 51 57 35]
  [ 0 39 54 48 35 31 50 34 33 37  0 44 43]
  [ 0 33 35 32 53 59 58 55 56 33 53  0 37]
  [ 0 55 48 46 32 36 55 34 34 59 32 55  0]]

 [[ 0 39 43 49 53 31 34 33 50 50 44 39 53]
  [ 0  0 52 59 44 47 47 54 37 56 45 35 45]
  [ 0 39  0 38 47 43 58 36 42 36 59 42 37]
  [ 0 53 40  0 51 36 55 50 52 34 48 54 46]
  [ 0 56 56 55  0 30 41 38 35 33 36 57 54]
  [ 0 37 35 50 30  0 34 50 44 43 40 31 45]
  [ 0 46 52 34 30 40  0 54 44 57 36 41 40]
  [ 0 49 58 35 35 43 52  0 47 59 40 32 36]
  [ 0 56 32 52 55 45 49 34  0 36 43 47 44]
  [ 0 33 50 53 37 42 51 41 48  0 39 37 50]
  [ 0 49 58 47 40 32 44 32 53 46  0 57 49]
  [ 0 49 32 56 42 44 40 39 46 31 54  0 49]
  [ 0 43 50 42 54 37 48 34 43 39 57 53  0]]

 [[ 0 40 43 39 56 49 46 53 32 56 48 37 36]
  [ 0  0 51 53 37 32 54 59 42 48 35 59 40]
  [ 0 56  0 44 39 55 30 55 56 38 34 48 55]
  [ 0 33 37  0 56 41 54 44 50 59 53 48 54]
  [ 0 30 43 54  0 36 52 52 53 52 42 55 48]
  [ 0 45 57 37 30  0 48 57 43 38 51 37 56]
  [ 0 40 35 43 34 58  0 37 43 45 31 38 34]
  [ 0 43 58 48 36 56 49  0 58 45 59 45 53]
  [ 0 57 47 42 59 32 42 52  0 41 52 59 44]
  [ 0 36 56 41 43 45 37 56 49  0 42 38 30]
  [ 0 45 48 46 43 30 55 53 42 58  0 55 31]
  [ 0 49 47 35 58 47 46 55 31 38 37  0 54]
  [ 0 41 31 47 57 58 41 56 57 38 39 31  0]]

 [[ 0 45 46 35 59 37 31 46 45 41 39 41 34]
  [ 0  0 57 41 48 49 54 39 43 41 41 48 35]
  [ 0 52  0 35 55 49 39 31 41 58 33 39 33]
  [ 0 47 59  0 42 31 44 54 56 42 52 39 59]
  [ 0 53 50 41  0 46 42 45 37 30 45 51 56]
  [ 0 39 49 31 51  0 35 59 59 56 51 55 57]
  [ 0 49 45 49 36 46  0 31 56 34 39 52 58]
  [ 0 53 54 38 56 51 56  0 45 53 34 33 45]
  [ 0 32 41 46 39 33 49 41  0 54 31 54 40]
  [ 0 52 43 34 46 36 44 30 50  0 35 51 32]
  [ 0 31 41 45 49 45 33 39 52 53  0 41 42]
  [ 0 44 47 31 47 38 39 49 49 46 31  0 31]
  [ 0 34 47 36 52 48 33 32 39 38 41 33  0]]

 [[ 0 57 52 45 57 48 50 58 46 46 31 32 55]
  [ 0  0 43 52 34 30 45 40 58 39 43 51 49]
  [ 0 47  0 30 48 48 38 41 50 31 36 49 34]
  [ 0 48 34  0 31 50 45 47 35 31 50 38 37]
  [ 0 53 59 43  0 46 39 35 34 51 48 49 58]
  [ 0 37 40 38 50  0 31 34 54 44 47 55 34]
  [ 0 33 36 42 53 45  0 48 41 36 48 53 48]
  [ 0 37 42 47 32 57 46  0 32 54 57 49 51]
  [ 0 35 41 30 40 51 31 34  0 45 48 58 50]
  [ 0 55 46 57 33 34 35 51 34  0 36 31 36]
  [ 0 52 38 54 39 43 48 35 43 45  0 32 51]
  [ 0 32 52 53 56 34 49 53 34 50 46  0 35]
  [ 0 35 47 48 46 37 41 46 33 53 36 34  0]]]
 delivery_times
 [[  0 124 133 142 189 114 148 180 140 130 191 153 191 112 136 176 131 132
  182 195 116 171 127 104 110 115 155 192 157 145 158 113 111 110 145 186
  103 121 154 184 180 139 163 193 140 172 133 108 176 199 166 161 106 182
  159 139 173 189 121 149 172 120 159 143 161 119 110 161 119 125 141 132
  107 166 117 169 181 139 131 108 180 129 158 103 174 152 142 180 107 120
  186 107 164 116 133 104 142 149 111 144 111 126 100 141 188 174 197 107
  199 189 177 193 139 184 161 134 182 193 115 130 127 155 180 109 169 166
  179 186 125 149 172 198 163 139 139 162 115 126 189 118 110 169 132 116
  127 102 184 110 142 182 198 116 176 114 154 198 187 173 182 103 140]
 [  0 112 186 112 101 179 111 119 183 170 142 110 106 172 106 134 110 101
  198 130 197 183 170 172 180 111 197 186 128 105 168 112 160 183 178 194
  165 157 151 126 152 188 144 192 128 172 161 153 163 139 159 163 114 104
  148 168 191 137 154 187 137 103 107 121 160 136 177 110 104 128 125 190
  113 109 158 150 192 155 171 112 138 174 122 133 139 164 193 150 124 183
  129 102 176 130 115 135 130 144 137 180 154 113 197 100 132 131 199 128
  154 185 194 170 180 115 136 121 159 116 193 106 196 167 166 165 179 158
  100 169 177 126 162 159 146 189 114 183 130 133 124 145 137 113 119 181
  138 140 115 191 101 177 179 185 191 125 122 141 172 132 194 188 141]
 [  0 166 158 153 176 184 161 193 184 177 108 168 171 196 199 189 166 142
  134 168 121 105 133 135 164 192 144 145 169 118 157 169 133 181 172 188
  142 142 122 113 174 131 144 173 161 100 197 149 133 140 121 169 106 191
  153 102 183 134 129 165 116 157 105 162 100 110 116 116 122 142 118 120
  125 153 179 155 143 137 196 102 131 116 109 106 133 129 165 144 161 160
  153 144 186 165 112 178 155 118 109 129 154 198 141 133 176 109 170 113
  109 162 103 129 194 134 134 184 105 168 186 166 101 167 157 121 173 198
  158 173 119 111 120 115 166 178 161 161 107 122 107 125 192 148 140 141
  114 117 175 152 100 138 171 138 151 164 130 183 148 129 183 121 170]
 [  0 117 140 158 160 120 117 186 101 149 199 124 107 178 164 179 160 197
  113 172 130 109 185 127 147 136 100 167 149 174 131 154 137 129 164 115
  127 101 116 160 118 118 184 135 116 191 112 173 189 141 196 125 137 135
  199 109 129 143 146 164 169 142 181 160 193 165 196 179 137 192 147 153
  105 100 102 120 178 134 192 139 163 143 175 105 126 195 106 137 156 125
  146 147 112 120 136 170 191 181 119 113 137 153 169 161 107 107 172 123
  185 162 145 174 175 100 166 167 179 195 187 199 152 100 134 121 119 113
  190 165 182 140 103 190 113 153 176 161 119 139 113 140 128 188 156 100
  119 139 190 156 135 122 101 128 124 120 154 127 195 195 174 185 135]
 [  0 118 185 108 181 193 121 112 189 107 113 157 147 141 116 120 154 145
  175 118 142 182 141 100 107 167 184 166 186 116 145 174 120 116 114 186
  193 116 168 117 119 161 179 136 167 153 101 196 131 122 142 167 167 182
  117 198 108 183 120 173 151 120 107 121 187 188 145 112 148 116 152 165
  147 152 130 187 106 154 189 163 144 170 120 193 170 158 193 136 164 112
  174 101 159 128 156 154 153 199 163 187 106 130 128 105 145 108 102 189
  161 172 188 161 101 122 163 132 101 174 174 188 193 113 176 162 173 197
  152 138 192 141 100 180 124 159 153 163 151 160 195 169 161 166 158 157
  154 139 181 108 154 164 165 116 174 169 180 168 155 123 191 162 128]
 [  0 175 144 168 120 184 106 105 129 143 150 141 112 167 147 171 101 145
  183 130 193 158 179 170 190 166 124 152 116 158 137 125 128 196 174 167
  197 103 131 114 183 194 143 101 106 123 183 128 148 106 171 132 130 110
  103 177 173 193 152 114 146 161 167 193 191 121 109 110 102 188 193 167
  185 190 194 110 144 171 101 153 140 127 145 196 180 101 175 152 110 180
  187 115 113 133 173 191 190 128 199 183 190 156 184 184 173 196 196 163
  164 115 159 141 124 151 112 103 156 168 146 186 158 109 132 110 101 102
  196 105 105 144 157 168 175 194 103 119 105 163 135 140 163 113 137 115
  182 124 102 171 174 194 167 166 155 199 122 114 100 192 129 142 108]
 [  0 180 162 180 195 111 171 178 150 158 162 142 146 102 124 169 193 195
  102 136 101 128 186 147 152 181 158 113 162 127 109 179 164 191 188 138
  102 196 136 177 178 163 194 114 179 160 117 158 159 170 155 158 174 192
  150 150 148 160 186 180 108 114 171 171 152 154 107 110 142 151 110 193
  107 137 128 116 125 101 134 140 119 172 109 111 175 159 168 179 116 146
  143 182 193 156 145 149 140 198 182 191 192 155 114 143 185 129 142 177
  139 104 164 118 199 187 121 187 130 120 180 124 125 144 168 193 121 120
  194 198 189 157 137 158 108 121 199 103 189 137 162 191 133 125 143 143
  135 185 192 177 157 162 106 140 144 137 158 173 181 188 120 128 111]
 [  0 130 140 170 112 173 134 127 128 162 101 128 156 169 196 145 153 196
  199 113 140 130 120 184 187 153 110 144 109 149 132 197 176 199 181 146
  142 116 109 106 184 102 183 152 159 157 158 125 191 182 199 159 165 140
  163 122 125 108 113 146 117 173 182 169 160 152 195 114 164 102 107 132
  145 114 125 154 160 176 199 161 134 115 115 153 163 106 147 121 197 179
  145 166 113 161 131 111 120 111 118 178 184 106 168 138 175 136 165 188
  108 144 122 175 124 102 113 159 191 170 111 133 183 165 172 132 126 130
  125 106 128 153 188 153 114 198 183 134 109 183 103 147 152 162 124 106
  106 138 159 147 174 114 129 185 198 130 154 157 192 191 119 111 151]
 [  0 149 142 179 185 165 156 132 184 165 179 130 134 127 147 121 143 175
  132 164 181 158 113 174 174 138 199 136 106 125 164 107 172 114 108 171
  152 142 152 190 123 111 164 160 140 141 197 197 152 126 129 197 136 187
  199 168 116 146 151 175 176 134 102 141 160 163 112 164 195 150 124 173
  139 155 124 188 118 199 176 117 173 192 161 188 106 188 136 190 111 136
  118 160 128 199 135 160 198 108 106 190 176 111 180 158 139 196 123 116
  103 140 176 181 184 197 141 159 187 159 126 170 182 182 177 145 170 119
  183 192 128 152 107 160 164 102 194 133 105 155 170 102 193 107 149 111
  137 173 179 145 126 183 149 192 178 177 186 175 134 131 153 190 133]
 [  0 107 115 162 104 156 156 106 157 186 142 144 182 182 126 170 129 151
  163 155 116 152 101 113 197 172 115 102 155 124 181 119 139 139 160 117
  187 155 192 177 179 164 136 126 184 161 100 179 123 127 104 168 162 182
  174 113 146 197 199 186 190 159 100 191 121 173 112 139 124 143 198 189
  187 180 135 127 119 141 163 126 122 198 172 168 183 150 123 131 158 167
  135 185 117 119 110 164 156 180 114 155 184 119 192 158 124 177 131 134
  122 157 141 107 197 126 117 136 174 155 145 140 134 163 184 142 121 102
  187 136 102 154 188 159 123 189 101 175 111 191 137 107 168 171 168 119
  175 145 198 111 101 167 157 133 188 144 148 152 103 132 123 191 125]]
 job2fam
 [[1 0 0 0 0 0 0 0 0 0 0 0 0 0 0 0 0 0 0 0 0 0 0 0 0 0 0 0 0 0 0 0 0 0 0 0
  0 0 0 0 0 0 0 0 0 0 0 0 0 0 0 0 0 0 0 0 0 0 0 0 0 0 0 0 0 0 0 0 0 0 0 0
  0 0 0 0 0 0 0 0 0 0 0 0 0 0 0 0 0 0 0 0 0 0 0 0 0 0 0 0 0 0 0 0 0 0 0 0
  0 0 0 0 0 0 0 0 0 0 0 0 0 0 0 0 0 0 0 0 0 0 0 0 0 0 0 0 0 0 0 0 0 0 0 0
  0 0 0 0 0 0 0 0 0 0 0 0 0 0 0 0 0]
 [0 0 0 0 0 0 0 0 0 0 0 0 0 0 0 0 0 0 0 0 0 0 0 0 0 0 0 0 0 0 0 0 0 0 0 0
  1 0 0 0 0 0 0 0 0 0 0 0 0 0 0 1 0 0 1 0 0 0 0 0 1 1 0 0 0 0 0 0 0 1 0 0
  0 0 0 0 0 1 0 0 0 0 0 0 0 0 0 1 0 0 0 0 0 0 0 0 0 0 0 0 0 0 0 0 0 0 1 0
  0 0 0 0 0 0 0 0 0 0 0 0 0 0 0 1 0 0 0 0 0 0 0 1 0 0 1 0 0 0 0 0 0 0 0 0
  0 0 0 0 0 0 0 0 0 0 0 0 0 0 0 0 0]
 [0 0 0 1 1 1 0 0 0 0 1 0 0 0 1 0 0 0 0 0 0 0 0 0 0 0 0 0 0 0 0 0 0 0 0 0
  0 0 0 0 0 0 0 0 0 0 0 0 0 0 0 0 0 0 0 0 1 0 0 0 0 0 0 1 0 0 0 0 0 0 0 0
  0 1 0 0 0 0 0 0 0 0 0 0 0 0 0 0 0 0 0 0 0 0 0 0 0 0 0 0 1 0 0 0 0 0 0 0
  0 0 0 0 0 0 0 0 0 1 0 0 1 0 0 0 0 0 0 0 0 0 0 0 0 0 0 0 0 0 0 0 0 0 0 0
  0 0 0 0 0 0 0 0 0 0 1 0 0 0 0 0 0]
 [0 0 0 0 0 0 0 0 0 0 0 0 0 0 0 0 0 0 1 0 0 0 0 0 0 0 1 0 0 0 1 0 0 0 0 0
  0 0 0 0 0 0 0 0 0 0 0 0 0 0 0 0 0 0 0 0 0 0 0 0 0 0 0 0 1 0 0 1 0 0 0 0
  0 0 1 1 0 0 0 0 0 0 0 0 0 0 1 0 0 0 0 0 0 0 0 0 0 0 0 0 0 0 0 1 0 0 0 0
  0 1 0 0 0 0 0 0 0 0 0 0 0 0 1 0 0 0 0 0 0 0 1 0 0 0 0 0 0 0 0 0 0 0 0 0
  0 0 0 0 0 0 1 0 0 0 0 0 0 0 0 0 0]
 [0 0 1 0 0 0 0 0 0 0 0 0 0 0 0 1 0 0 0 0 0 0 0 0 0 0 0 0 0 0 0 0 0 0 0 1
  0 0 1 0 0 1 0 0 0 0 0 0 0 1 1 0 0 0 0 0 0 0 0 0 0 0 0 0 0 0 0 0 0 0 0 0
  0 0 0 0 0 0 0 0 0 0 0 0 0 0 0 0 0 0 0 1 0 0 0 1 0 0 1 0 0 0 0 0 0 1 0 0
  1 0 1 0 0 0 0 0 0 0 1 1 0 0 0 0 0 1 0 0 0 0 0 0 0 0 0 0 0 0 0 0 0 0 0 0
  0 0 1 0 0 0 0 0 0 0 0 0 0 0 0 0 0]
 [0 0 0 0 0 0 1 0 0 0 0 1 0 0 0 0 0 0 0 0 0 1 0 0 0 0 0 0 0 0 0 0 0 0 0 0
  0 0 0 0 0 0 0 0 0 0 0 1 0 0 0 0 1 0 0 0 0 0 0 0 0 0 0 0 0 1 0 0 0 0 0 0
  0 0 0 0 0 0 0 0 1 0 0 0 0 0 0 0 1 0 0 0 0 0 0 0 0 0 0 0 0 0 0 0 0 0 0 0
  0 0 0 1 0 0 1 0 0 0 0 0 0 0 0 0 0 0 0 1 0 0 0 0 0 1 0 0 0 0 0 0 0 0 0 0
  0 0 0 0 0 0 0 0 0 0 0 0 0 0 0 0 0]
 [0 1 0 0 0 0 0 0 0 0 0 0 0 0 0 0 1 1 0 0 0 0 0 0 0 0 0 0 0 0 0 1 0 0 0 0
  0 0 0 0 0 0 0 0 0 1 0 0 0 0 0 0 0 0 0 0 0 0 0 0 0 0 0 0 0 0 1 0 0 0 0 0
  0 0 0 0 0 0 0 0 0 0 1 1 0 0 0 0 0 0 0 0 0 0 0 0 0 0 0 0 0 0 0 0 0 0 0 0
  0 0 0 0 0 0 0 0 0 0 0 0 0 0 0 0 0 0 0 0 0 0 0 0 0 0 0 0 0 0 0 0 0 0 0 1
  0 0 0 0 0 0 0 1 0 0 0 0 0 0 1 0 0]
 [0 0 0 0 0 0 0 0 0 1 0 0 0 1 0 0 0 0 0 0 0 0 0 1 0 0 0 0 1 0 0 0 0 1 0 0
  0 0 0 0 0 0 1 0 1 0 0 0 0 0 0 0 0 0 0 0 0 0 1 0 0 0 0 0 0 0 0 0 0 0 0 1
  0 0 0 0 0 0 0 0 0 0 0 0 1 0 0 0 0 1 0 0 0 1 0 0 0 0 0 1 0 0 0 0 1 0 0 1
  0 0 0 0 0 0 0 0 1 0 0 0 0 0 0 0 0 0 0 0 0 0 0 0 0 0 0 0 0 0 0 0 0 0 0 0
  0 0 0 0 0 0 0 0 0 1 0 1 0 0 0 1 0]
 [0 0 0 0 0 0 0 0 0 0 0 0 0 0 0 0 0 0 0 0 0 0 1 0 0 0 0 0 0 0 0 0 0 0 0 0
  0 0 0 0 0 0 0 0 0 0 0 0 1 0 0 0 0 0 0 1 0 1 0 0 0 0 1 0 0 0 0 0 1 0 0 0
  0 0 0 0 0 0 0 0 0 1 0 0 0 0 0 0 0 0 0 0 0 0 1 0 0 0 0 0 0 0 0 0 0 0 0 0
  0 0 0 0 0 1 0 0 0 0 0 0 0 0 0 0 1 0 0 0 0 0 0 0 0 0 0 0 0 0 0 1 0 0 0 0
  1 1 0 0 1 0 0 0 0 0 0 0 0 1 0 0 1]
 [0 0 0 0 0 0 0 1 0 0 0 0 0 0 0 0 0 0 0 1 0 0 0 0 0 0 0 0 0 0 0 0 0 0 1 0
  0 0 0 0 0 0 0 0 0 0 0 0 0 0 0 0 0 0 0 0 0 0 0 0 0 0 0 0 0 0 0 0 0 0 0 0
  0 0 0 0 0 0 0 0 0 0 0 0 0 0 0 0 0 0 0 0 1 0 0 0 1 0 0 0 0 0 0 0 0 0 0 0
  0 0 0 0 0 0 0 0 0 0 0 0 0 0 0 0 0 0 0 0 1 0 0 0 0 0 0 0 0 0 0 0 0 0 1 0
  0 0 0 0 0 1 0 0 0 0 0 0 0 0 0 0 0]
 [0 0 0 0 0 0 0 0 0 0 0 0 0 0 0 0 0 0 0 0 0 0 0 0 0 0 0 0 0 0 0 0 0 0 0 0
  0 0 0 0 0 0 0 0 0 0 0 0 0 0 0 0 0 1 0 0 0 0 0 1 0 0 0 0 0 0 0 0 0 0 1 0
  0 0 0 0 1 0 1 0 0 0 0 0 0 1 0 0 0 0 1 0 0 0 0 0 0 0 0 0 0 0 0 0 0 0 0 0
  0 0 0 0 1 0 0 0 0 0 0 0 0 0 0 0 0 0 0 0 0 1 0 0 1 0 0 1 0 1 0 0 1 1 0 0
  0 0 0 0 0 0 0 0 0 0 0 0 1 0 0 0 0]
 [0 0 0 0 0 0 0 0 0 0 0 0 0 0 0 0 0 0 0 0 1 0 0 0 1 1 0 0 0 1 0 0 0 0 0 0
  0 1 0 1 0 0 0 0 0 0 1 0 0 0 0 0 0 0 0 0 0 0 0 0 0 0 0 0 0 0 0 0 0 0 0 0
  0 0 0 0 0 0 0 0 0 0 0 0 0 0 0 0 0 0 0 0 0 0 0 0 0 1 0 0 0 1 0 0 0 0 0 0
  0 0 0 0 0 0 0 1 0 0 0 0 0 1 0 0 0 0 1 0 0 0 0 0 0 0 0 0 0 0 1 0 0 0 0 0
  0 0 0 1 0 0 0 0 1 0 0 0 0 0 0 0 0]
 [0 0 0 0 0 0 0 0 1 0 0 0 1 0 0 0 0 0 0 0 0 0 0 0 0 0 0 1 0 0 0 0 1 0 0 0
  0 0 0 0 1 0 0 1 0 0 0 0 0 0 0 0 0 0 0 0 0 0 0 0 0 0 0 0 0 0 0 0 0 0 0 0
  1 0 0 0 0 0 0 1 0 0 0 0 0 0 0 0 0 0 0 0 0 0 0 0 0 0 0 0 0 0 1 0 0 0 0 0
  0 0 0 0 0 0 0 0 0 0 0 0 0 0 0 0 0 0 0 0 0 0 0 0 0 0 0 0 1 0 0 0 0 0 0 0
  0 0 0 0 0 0 0 0 0 0 0 0 0 0 0 0 0]]
