params：
 weight-->(1, 10)
 proc_times-->(1, 100)
 setup_times-->(30, 60)
 delivery_times-->(1, 30)
 job_rate-->8

start:
alpha_1
8
 alpha_2
1.0
 mach
20
 job
160
 fam
5
 weigh
 [[0 5 2 7 2 5 9 7 3 1 6 7 9 2 9 8 9 1 1 2 1 6 6 6 5 3 1 4 7 5 8 5 8 2 6 1
  9 1 7 9 5 6 5 3 2 3 7 5 7 1 3 6 7 3 1 3 9 7 4 3 7 5 2 9 7 6 9 7 4 6 9 4
  3 1 5 7 1 9 3 1 1 5 9 8 9 4 7 5 2 9 5 7 2 2 8 4 9 9 8 3 4 1 5 5 8 2 3 2
  1 2 7 4 9 4 6 6 6 3 4 7 4 9 5 7 1 8 5 4 6 5 4 4 5 1 4 8 4 2 8 9 2 4 2 4
  3 8 4 3 2 6 5 8 8 1 3 7 8 7 2 3 3]]
 proc_times
 [[  0  56  54  85  50  76  13  23  54  63  33  59  72  80  81  16  98  13
   83  12  37  40  75  54  10  30  61  17   1  12  86  36  50   6  70  47
   25  17  87  93  96  36  37   6  45  71  72  15   3  78  80  35  16  19
   73  38  28  26  14  22  32   3  53  85  53  77  86  33  67  17  70  88
   48  42  58  30  74  64  77  83  66  59  97  77  92   6  88  91  47  86
   40  78  92  12  24  16  53  61  71  67  86  82  43  50  37  35   2  24
   64  35  62  86  78  14  55  16  58  25  38  11  63  32  36  45  54  52
   15  81  80  20  93  27  26  94  72  20  70  62  80  51  98  28  20  47
   15  84  68  64  87  91  98  90  68  90   3  16  15  73  87  16  53]
 [  0  75  95  24  20  44  47   2  50  37   8 100  85  95  20  62  49  82
    5   6  80  32  92  21  98  29  37  10  37  29  61  26  48  94  79  96
   75  95  84  60  20  78  56  71  84  50  38  18 100  44   5  96  84  72
   34  32  49 100  48  92   7  27  11   6  99  35  84  17   6  48  65  18
   61  33  21  44  86  50  66  75  87  38  68  51  73  69  18  65  73  61
   10  28  95  48  66  45  41   8   1  67  47  28  12   7  56  59  69  55
   45  33  73  23  66  86  90  46  90  55  56  97  96  89  95  25  35  17
   74  73  45  22   5   8  44  39  72  15   6   3  88  12  56  20   6  76
    3  72  60  99  53  51  64  76  56  86  33  36   9  58  28  33  65]
 [  0  20  20  14   7  70  41  57  70  15  13  61  89  47  26 100  72  89
    3  37  19  66  31  47  65  76  84  21   5  36  20  67  36  70  29  14
   77  78  30  89  25  61  32  38  84  95   8  46  40  52   2  43  55  11
   94   2  83  96  49   3  67  22  39  60  85  82  75  97  91  68  61  43
   26  49  35  90  30  43  96  99  60   3  93  63  10  40  64  79  53  44
   43  86  42  56  25  80  43  73  54  26  43  28  58   9  81  94  67  37
   24  70  67  25  40  54  47  18   8  71  56  10  23  20  59  85  32  39
   68  26  24  46  29  32  59   2  25  97  77  26  49  15  21  51  53  25
   89  10  70  58  45  99  62  28  78  31  39  98  68  96  15  59  31]
 [  0  46  32  13   1   7  38  93  90   1   6  53  85  38  20   3   3  24
   84  48  25  37  27   3  45  23  57  85  43  94  41  33  66  22  88  72
   73  72  96  28   8  24  58  44  31   4  68  31  94 100  28  32  23  93
    6  56  94  82  61   9  31  49  87  38  70  84  56  76   3   7  34  75
   93  79   9  61  46  28  43  50  45   1  63  97  83  73  30  75  94  21
   69  15  10  83  36  92  15  50  73  15  38  66  32  67  20  20  18   8
  100  34  31  39  56  85  49   3  18  73  77  52  45  33  60  55  93  31
   38  81  39  85  21  92  79  19  57  14  17  22  62  51  44  46  45  88
   23  79  79   6  97  55  62  16  21  55  61  15  46  72  16  25  82]
 [  0  72  44 100  48   5  63  93  67  14  13  26  78  66  42  82   6   6
   52  76  80  57  22  61  56  42  98  67  78  10  82  21  14  78  40  44
   98  94  68  12  68  25   9  65   2  62  95  39  76  11  88  28  10  78
   22   4  75  70  63  72  70  92   1  41  58  49  89  63  73  71  90  15
   35  56  57  33  20  48  59  42  69  62  69   1   6  30  88  57  71  56
   31   8  84  60  77  83  85  70  85   2  97  57  62  41  14  27  91  44
   85  69  92  48  13  15  82  61   2  56  27  40  32  62  40  50  55  66
   22  90   7  17  81  26  19  15  76  22  75  80  54  42  63  16  43  16
   26  58  53  78  71   4  66  72  69  79  99  73  96  94  94  18  11]
 [  0  98  74   2   3  84  79  47 100  88  84  20  74  33  91  66  53  95
   35  16  78  74   3  30  18  56  80  24  52  68  41  37  20  47  43  52
   47  53  46  10  66  26  88  99  65  79  23  50  65  51  50  67  89  74
   75  32  46  74  24  87  72  35  62  36  79  95  51  58   4  31  85  87
   72  41  25  90  76  83  58  98  15  23  76  24  66 100  85  97  67  34
   34  40  72  13  86  31  54  24  68  71  77   8   9   5  91  74  12  84
   35  38  64   4  64  78  63  50  22  79  96  64  93  58  91  20  96  20
   92  79  49  84  28  14  77  55  31  83  15  72  29  47  75  72  61  86
   60 100  93  77  21  47  64  51  93  82  34  91  36  38  61   9  56]
 [  0  64  82  30   4  90  61  56  31  29  53  96  33  65  20  68  97  43
   36  82  26  73  26  25  80  37  73  43  31  58  12  79 100  38  12  85
   40  85  75  32  21  49  98  83  45  65  41  88  52  16  80  74  60  61
   58  64  93  10  14  61  80  25  81  63  34  41  27  76  39  51  33  13
   79  43  67  83  14  16  30  45  97  52 100  37  23  84  50  26  57   8
   14  83  40  58  62  89  98  70  60  32  16  35   6   5  56  21 100   9
   19  55  45  81  65  95  87  11  23  82  50  28  48  94   2  50  37  27
   38  27   2  83  71  22  71  13  86   1  61  96  25  99  27  38   3  13
   83  46   3  75  98  12   8  37  17  30  71  32   3  74  49  59  55]
 [  0  81  84  86   3  46  59  14  43  14   4  82  13  64  94  26  19  24
   27  96  29  42   9   9  61  79  90  70  53  20  89  26   5  63  21  87
   32  94  38  79  44  34   1   2  41  15  81  97  38  10  39  81   7  96
   19  93  43  53  53  93  58  72  18  69   1  73  21  51  26  68  58   4
    2  47  65  39  66  25  28  23  97  34  27  48  10  67  47  48  60  48
    4  43  19  29   9  26  45  48  79   4   1  39   5  94  18  59  18  90
   96  92  12  78  70  31  95  21  67  44  22  40  43  64  21  33  20  79
   96  85  62  24  55  39  41  38  92  36  78  52  40  12  45  90  12  98
   55   4  34  41  22  16  35  86  19  70  39   1  82  20   4  84  64]
 [  0  45  65  21  43 100  61  31  74  72  29  73  90  41  61  59   3  21
   95  47  21  25   3  65  90  24  90  23  75  65  19  90  26  10   6  98
   41  90  40  27  72  27  33  90   1  93   9  69  44   9  43  16  61  97
   50  38  89  57  10  52  78  71  13  11  79  58  68  33  20  49  27  47
   82  97  27  18  57   3  39  55  20  20  90  59  93  65  27  36  48  71
   32  57  26  55  94  36  40   9 100  81  45  77  52  77  17  75  48  99
   89   9  10  36  41  95  42  33  59 100  56  82  54  25  86  43  56  90
   28  55  98  19  45  14  69  35  47  88  13  14  90  22  17  95  69  92
   83  72   2  85  83  88  91  98  82  81  15  20  46  59  60  37  33]
 [  0  34  80  53  63  65  60  96  83  29  41  31  65  31  30  81  26  92
   77  45  61  91  29  53  35  72  17  28  64  68  54  50  67  23  36   9
   80  55  93  51  75  27  16  92  25  60  81  75  76   2   7  91  82  45
   79  39  99  41  93  20  97  30  57  28  60  43  21  62  21   8   1  36
   88   9   3  46   2  21  44  81  46  66  27   9  84  98  10  84  26  35
   52  46  13  77  87  24  97  52  18  87  75  25  68  31  54  92  43  23
   93 100  31  43  37  48  18  63  29   9  73   6  26  89  88  95  75  34
   42  47  44  37  10  50  39  46  42  75  33  64  34  61  57 100  73  27
    7  12  44  88  67  91  61  39  52   4  27  12  21  80  19  63  45]
 [  0  39  47  63  76  36  99  35  75  47  10  65  21  97  85  39  95  33
   19  23   4  42   2  15  16 100  33   2  29  23  21  95  10  28  14  63
   78  27  94  36   1  50  56   4  98  98  53  96  13  70  62  60  85   5
   43  32  85  95  35  32  70  30  81   9  21  11  63  66  51  74  74  18
   47  73  86  72  44 100  35  49  42  38  15  34  70  30  84  20  57  70
   10   7  61  27  61  24   8  53  99  19  34  32  55  88   5  34  49  30
    2  90  44  31  18  36  43  65  47  70  43  69  70  91  31  76  76  26
   49  19  60  80  25 100  75  95  14  66  44  89  75  85  65  94  37  36
   89  76  87  64  32  19   7  13  23  31  70  63  32  75  59  87  24]
 [  0  23  37  39  52  69  41  55  46  44  34  67  90  35  86  11  12  73
   53  71  83  32  35  25  54  52  76  13  11  38  10  15  12   5  98  88
    6  64  36  88  44  74  51  41  58  20  58  53  73  81  46  72  23  18
   20  40  78  37  59  59  51  35  64  79  34  75  10  89  10  29  47  68
   30  30  34  99  87  16  11  33  60  17  91  39  82   3  33  66  46  95
   71  29  29  62  29  41  54   5   7  58  42  32  29  14  98  48  97  56
   44  71  70  13  55  44  15  19  63  97  76 100   1  44  15  45  96  42
   99  35  22  84  35  47  18  85  82  48  15  17  23  88  99  78  44  55
   52  42  69  62  19  96  86  47   4   7  88  68  35  52  52  31  52]
 [  0  10  54  12  30  60  17  66  88  64   1  45   4  77  86  15  19  72
   61  90  52  26  23  11  14  85  29  58  11  82  48  10  66  17  99  33
    4  40  68  26  85  18  70  19  84  80  17  21  44  57   3   5  65  44
   82  68  55  70  32  76  77  15  65  34  91  58  39  59   9  85  59   6
   61  58  18  78  27  77  98  99  61  93  24  48   1  33  22  60  76  27
   61 100  87  49  72  44  87  25  37  65  59  49  93  25  51  41  18  63
    1  94  95  17  21  89   7  29  44  18  14  58  47  68  10  46  94  13
   28  83  94  60  57  75  50  34   4  44  43  97   9   7  49  99  73  88
   47  99  90  24 100  69  46  18  65  11  37  15   4  32  46  20  16]
 [  0  99  99  43 100   3  68  42  98  97  56  18  96  35  64  87  79  60
   67  84  15  30   8  88   2  25  83  26  16  22   4  69  60  30  41  91
   62  88  42  21  48  34  45  47   8   1  18  18  41  19  83  20  30  41
   37  87  21  27   2  84  74  60  21  20  42  98  45  64  68   6  74  62
   46  26  70  96  28  16  44  20  16  47  78  99  95  81  49  23  22  29
   48  75   6  53  25  35  35  12  88  34  28  34  41  37  75  73  91  86
   63  93  55  66   7  82  42  95  47   7   6  33  37  19 100   5  73  99
   37  61  47  27  92  70  10  37   3  33  98   9  59  19  82  75  63  23
   94  76  23  82  10  73   3  48  50  98  63  88  88  70   6  41  69]
 [  0  50  55  32  53  63  19  41  22  66  15  61  42  13  34  46  71  91
   97  73   6   7   3  29   9  32  18  69  66  69  31  98  91   9  45  77
   21  25  99  58  28  31  84  63  96   8  73  45   4  91  90  40  67  39
   16  78  86  91  70  96  65  14  63  99  43  79  10  33  17  79  14  95
   84  57  30  93   5  40  34  18  37  74  78  34  15  19  19  63  58   2
   80  21  82  26  45  30  34   5  47  38  41  43  77  90   1  49  88  11
   33  18  53  88  97  58  38  82  46  67  29 100  58  13  58  12  64  46
   28  86  29   8  94  99  25 100  95  54  41  34  67  34  86  79  28  98
   34  93  19  49  19  36  28  19  93  49  20  10  76  63  81  16  67]
 [  0  90  60  97  55  38  59  25  97  35  50  23  30  14  95  57  60  49
   21  40   2   6  44  35  46  36  74  57  51  66  61  49  38  39  93  92
   34  10  71  69  44   1  79   9   4   5  68  22  91  86  38  46  48  76
   46  81  91  61  13  60   1  99  84  26   2   2  48 100  16  24  57  58
   32  27  25  89   6  57  60  19   3  42  31  69  25   1  95  33  95  26
   63  58  42  42  25  64   3   9  52  56  14  90  92  37  83   1  48  46
   73  41  61   2  12  94  27   9   5  97  15  28   3   8  74  61  69  91
   50  30 100  68  69  35   8  10  44  11  72 100  88  97  26  48  29  25
   99  35   1  53  91  54  60  49  15  22  90  56  22  71  14  82  14]
 [  0  10  12  60  69  24  86  33   8  18  17  86  44  25  19  70  82  97
   52  16   9  23  10  56  99   8  47  84  63  33  49  70  32  62  26  71
   78  72  91  66  62  88  24  98  53  36  80  33  62  33  25  84  28  89
   80  13  32  65  65   9  68   9  72  53  17  33  97  78  97  97  13  99
   37  27  93  47  81  67  15  68  47  87  49  25   1  37  67  42  99  60
   20   7  62  79   3  52  37   2   7 100  28   7  57  63  60   3  93   1
   99  16  53  57   2  71  32  43   9   3  52   3  89  43  49  88  94  85
   79  14  82  13  23  30  81  19  81  88  13  94  69  27  26  81   3  51
   96  89  82   2  36  50  40  95  45  90  66  70  58  82  73  34  55]
 [  0  34  23  11  11  44  17  23  74  42  57  29  73  66  44  47  23  52
  100  99  95  69  92   4  37  23  20  33   5  64  65  94  42  71  30  35
   95   9  94  64  91   1  65  62   2  47  84  37  26  41  24  98  30  99
   73  34  77  20   7  78  32  76  28  81  80  63  63  94  10   2  65  35
   57  34  44  39  60  38   6  30  83  53  83  47  29  41  58  72   2   7
   76  85  38  67  38  16  28  94  50   8  78  69   3  91  79   2  10  49
   49  32  85  68  36  90  86  27  90  23   2  66  71  71  31  71  23  81
   48  30  26  48  75   1  46  23   1  23  48  92  59  53   1  32  39  90
    3  74  18   8  87  96  61  98  82  74  79  54  12  13  74  64  80]
 [  0  49  18  61  59  75  25  13  87  53  20  59  90  34  51  80  91  58
   63  81  55  47  32  48  31  84  75  19  18  27  12  58  50  69  21  68
   59  13  23  85   3  35  73  88  83  25  27  20  94  34  41  22  94  71
   71  96  55  35  80  40  50  20  59  86  86  78  20  49  81  40  20  58
   13  69  73   2  22  16 100  99  75  58  71  87  32  70  83  50  40  28
   56  28 100  53  71   4  77  91  24  53  57  44  69   7  76   7  95  86
   66  46  12  42  32  29  85  16  81  96  79   4  64  90  62  77  69  11
   42  83  17   4  93   7  75  63 100  69  54  14  90  38   1  76   3  92
   24  33  94  85  90   2   7  35  45  16  91  15  33  58  35  47  86]
 [  0  86  77  81  11  77  27  50  66  48  88  64  11  34  99  42   8  75
   84  23  81  74  59  19  63  50  82 100  59  75   8  37  70  66  84  81
   18 100  96  56   7  23  11   5  90  46  44  48  79  57  34  81   5  85
   48  70  27  53  54  40  90  14  18  54  70  84  47  38  90  61   8 100
    4   5  81  72  87  41  73  67  47   7  82  16 100  94  67  86  80  54
   58  40  25  99  33  19  51  80 100  86   5  54  30  30   6  84  47  55
   50  89  96  51  10  88  90  86  83  53  32  57  93  40  10   9  42  33
   63  75  61  26  24  99  28  40  36  52  54  54  83  49  98   6  83  17
    6  11  37  75  20  70  74  39  68  49  42  71  99  58  30  80  45]]
 setup_times
 [[[ 0 55 57 51 42 52]
  [ 0  0 45 35 36 59]
  [ 0 35  0 57 58 51]
  [ 0 45 54  0 55 54]
  [ 0 42 48 57  0 30]
  [ 0 57 33 34 56  0]]

 [[ 0 36 44 46 46 51]
  [ 0  0 30 39 42 53]
  [ 0 53  0 39 41 55]
  [ 0 50 50  0 41 54]
  [ 0 48 57 57  0 56]
  [ 0 56 58 45 46  0]]

 [[ 0 57 30 50 57 49]
  [ 0  0 54 39 53 44]
  [ 0 36  0 39 47 50]
  [ 0 52 34  0 55 32]
  [ 0 58 53 45  0 44]
  [ 0 34 43 48 43  0]]

 [[ 0 42 54 43 45 39]
  [ 0  0 32 52 47 36]
  [ 0 39  0 57 54 39]
  [ 0 35 51  0 33 54]
  [ 0 53 51 41  0 50]
  [ 0 54 49 34 54  0]]

 [[ 0 42 39 51 47 41]
  [ 0  0 31 38 31 48]
  [ 0 55  0 40 52 46]
  [ 0 41 51  0 35 33]
  [ 0 47 52 52  0 43]
  [ 0 50 48 36 51  0]]

 [[ 0 38 38 54 54 58]
  [ 0  0 46 32 53 47]
  [ 0 59  0 46 57 46]
  [ 0 54 49  0 55 36]
  [ 0 46 59 54  0 50]
  [ 0 34 47 46 59  0]]

 [[ 0 38 54 54 38 54]
  [ 0  0 43 47 44 55]
  [ 0 55  0 45 36 50]
  [ 0 39 41  0 58 34]
  [ 0 48 46 42  0 36]
  [ 0 54 37 44 30  0]]

 [[ 0 55 33 49 31 46]
  [ 0  0 44 30 37 50]
  [ 0 52  0 37 40 54]
  [ 0 39 56  0 58 48]
  [ 0 35 59 44  0 36]
  [ 0 37 49 55 58  0]]

 [[ 0 59 40 59 40 33]
  [ 0  0 49 30 46 52]
  [ 0 48  0 46 36 33]
  [ 0 31 30  0 55 41]
  [ 0 46 47 49  0 54]
  [ 0 36 51 41 44  0]]

 [[ 0 53 38 36 56 58]
  [ 0  0 53 44 52 43]
  [ 0 37  0 37 36 51]
  [ 0 50 38  0 54 48]
  [ 0 30 30 48  0 30]
  [ 0 53 33 37 30  0]]

 [[ 0 30 38 32 42 37]
  [ 0  0 47 41 59 35]
  [ 0 51  0 35 35 37]
  [ 0 53 39  0 51 45]
  [ 0 58 57 54  0 44]
  [ 0 45 53 59 48  0]]

 [[ 0 30 35 53 43 56]
  [ 0  0 53 46 54 37]
  [ 0 50  0 48 37 37]
  [ 0 42 47  0 59 39]
  [ 0 40 37 38  0 59]
  [ 0 30 35 51 52  0]]

 [[ 0 31 56 59 35 46]
  [ 0  0 31 50 51 30]
  [ 0 30  0 56 42 33]
  [ 0 43 47  0 53 56]
  [ 0 39 34 53  0 41]
  [ 0 41 50 32 33  0]]

 [[ 0 56 53 53 59 59]
  [ 0  0 58 46 41 54]
  [ 0 56  0 30 43 44]
  [ 0 56 59  0 41 58]
  [ 0 49 48 41  0 51]
  [ 0 41 37 42 42  0]]

 [[ 0 47 32 48 30 52]
  [ 0  0 40 33 34 38]
  [ 0 30  0 31 47 48]
  [ 0 34 40  0 47 45]
  [ 0 46 38 51  0 32]
  [ 0 50 52 32 45  0]]

 [[ 0 35 54 32 40 34]
  [ 0  0 34 44 41 38]
  [ 0 39  0 41 35 43]
  [ 0 56 36  0 57 56]
  [ 0 44 53 55  0 45]
  [ 0 51 55 36 37  0]]

 [[ 0 55 54 36 47 51]
  [ 0  0 56 36 48 43]
  [ 0 45  0 54 38 32]
  [ 0 48 49  0 31 30]
  [ 0 48 33 43  0 48]
  [ 0 36 39 33 47  0]]

 [[ 0 55 53 58 34 34]
  [ 0  0 38 56 57 40]
  [ 0 55  0 30 34 36]
  [ 0 41 46  0 32 45]
  [ 0 47 37 52  0 42]
  [ 0 54 59 58 53  0]]

 [[ 0 36 34 51 46 39]
  [ 0  0 53 40 44 52]
  [ 0 35  0 33 37 48]
  [ 0 59 43  0 52 45]
  [ 0 49 51 30  0 45]
  [ 0 54 59 44 36  0]]

 [[ 0 30 40 34 59 34]
  [ 0  0 53 50 46 33]
  [ 0 48  0 32 38 59]
  [ 0 42 37  0 48 34]
  [ 0 57 39 55  0 33]
  [ 0 33 35 49 33  0]]]
 delivery_times
 [[ 0  7  8 19  5  4 22  5 15 17 29 14  9 14 21 26 10  6 27  2  2 25  3 12
  22 23  1 10  9 16 11 23 21 21  4 26 17 10 10 24  5  5  3  8 19 18 23  4
   3 17 15 18 15 14 13 17 24 20  1  7  7  2 10  6  1 25 26 11  7 24 22 24
  16  3  9  1  3  2  3  7 12 16 25  1 23 13  7 11  9 28 18 28  6 27 16  6
  20  8  6 29 18 26 28 29 29 17 22  3 27  6  5 29  7 26 25  6  8 12 15  7
   7 11 26  9 18  8 10 22  6  1  3 22 26 27  6 28 12 20  1  9  3 12  9 12
  18 14 23  6 27 17 12  8 18 25 13 28  2 10 13 29  2]
 [ 0 15  3  4 18  3  8 24 29 19  5 29 11 29 14 29 28 22 25  7  4 27 10  3
  26 26  9 18 29 20 29 26 21 14  6  4 25 27  5 19 13 27  1 18 21 10  7 29
  24 28 11  2 21  3  9 13 12 18 26 23  6  4 14 29 27 17  2 16 22 20  4  9
  12 21  4 23 17 10 28  7 26 16 21 14  4  9  2 13 18 14  2  7 25  2 26 29
  22 23 25 24  4  1  4 27 11 15 16  5  5  6  3 19 19  9 13 18 13  3  3 27
  22  7 12 16 16  7 15  1 23  5 13 27 24 23 16 18 19 22 21 20 20 22 16 12
  27 18 12  1 28  9 16 11 21  3 18 15 11 28  9  2 18]
 [ 0 21 28  1 15 26 14  1  5 17  3 26 14 28 25  5  7 29 24  8  1 22 17 23
  15  1 17 14  2 26 24 18 13  8  3 20  3  4 12  5 25  6  1 18  5 22 10 16
   6  3 17 19  1 23 24 13 20  6  7  4 16  7 10 13  5 19 10  8  1 28 10  7
   3  9  3 11 29 21 21 14  3  3  4 25 23  3 15  1  8 27 24 25 23 16 29 11
   2 12  1 13  5 10 12 19 23 29 11 10  4 27 22  6  7 13 22 21 19 20 15 14
   6  1  7 24 20 13 20  5  7 15 19 21 28 15 15 21 28 18 27 10 14 16  7 29
   1 21  2 25 12  9 16 23  3  6 15 18 18  8 14  1 19]
 [ 0 27 20 26 14 20  5 16 20 18 15 16 24 27 25 23 21 29 10 17  3 29  6  5
   6 26 17  4  7 21  5 28 29  9 11  6  4 18  8 15 14 28 13 21 21  5 27 10
   4 24 16 12  5  8 20  7 25  5 25 10  8 14 11  2 24 19 29 23 25 15  5  1
   3 20 13 29 16 24 13 28 18  9  9 12  7 25 24 25  7 14  2 13  8  2  7 22
   3 15 11 18  3  8 20  9  7  1 19  3 24  8  1 29 10  5  2 20  6 13 17  5
  14 24 29  4  2  7  9  5  5 15 20  1 16 21 10  8  1 19 25 10  5 21  9 21
  20 21 17 26  8 12  8 28 25 20  6 13 15 24 16 23  6]
 [ 0 25  5 27  5 14 25 14 26 28 21 29 28 13 18 10 10 28 23 25  9 23 25 11
  20  8 28 22 16 26  5  1 28  4 14 11  2  6 23 29 19 19 13 29 15  2 20 19
  13 23  7 17 15 10  1 12 10 25 19 15  5  6 29 21 22  7  3 11 23 22 29  7
  10 12  4  8 25  8 26 19  5 18  3 13 25 25  3 24  2 13 11  6 11 16 14 27
   3  9 28 10 14  7  7 16  3 22 15 27  9 25 10  3 24 10 18 26 14  5 27 29
  16 14 19  9 22 22  7 17  4  9 29 26 14  1 25 22  1 28  3  8  6 20 25 26
  15  3 23  9 26  4 24 24 15 23 13  5  4 16 10 11  9]
 [ 0  8 17 21  8 14 29  8 16 15 19  7  9 12  3  2 24 18 19 15 24 28  8  9
  11 20  9 13 20 25  3 20 28 24 16  9 28 15 21  2 16  5 18  3 10 16  7 19
  25 14 19 11 17 27 12  6  7 21 10 13 11 19 17 12 23  3 28  3 18 22 25 23
   6 17  7 10 15 17 13 12 29 10 10 10 23  9 17 16 27 27 16 10  3 12  5 19
   7  3 10  4 28  1 26  6 25 14  1  1  3 28  7  3 17 21  8  2 27 17 12  4
   2  3 18  8 18 11 10 20 12  2 19 10  6 22 14 21  6  6  7  2 16 17 22 26
   9 13 13  4  4  9 29  6  7  5 13 28 28 24 24 27  9]
 [ 0 29 13 18  4 25  6 22  8 24 25 25 11 17 27  4  5 11 17  4 15  3 13 15
  26  3  3 17  1 10  9 24 16 13 15  4  3  1  3 29  1 12 26 22  8 19 15 17
  15 26 19  2  3  2 23 15  2 13  5 17 18 28 14 17 22 25 25 29  2  4 23 16
  12 14 18  5 13 17 23  1 17  7 17 29  1 14 21  6 12  9 12  8 22 26 21 22
   4 18 22  2 27 22 17 25  6 27 18  4  1 24  1  2  5  5 25 12 17 28 13  5
  24  5  8 18 21  4  1  4 18  3 29 20  2 12 27 23 29 28  9  5 22 24 27 17
  10 11 21 14  2 13 18  5 12  9  6 24 26 19 23 22  7]
 [ 0 16 28 19 20 27 27  1 29 13  3 13  9 14 13 12  1 28  1 20 13  4 27 29
  24 20  9  2  5  4  8  3 13 21 10 10  3 17 18  6  7 28 23  1 18 12 28  3
   1 26  4  6 27 18 26 22 12 29 25 26 17 23 28 13 17  2 18 24 28 24 23 13
   5 28 16 11 24  3  4 15  7 26 28 28 12  5 20 15  9 29 19 20 22 18 22 14
  12 10 14 12 27 28 26  4 29 23 29 12 18  4  2  4  1 10 15  6  2 14 22 14
   1 21  6 23 21 13  1  5 10 14 16 19 27 23 15  3 26 29 12 20 25 28 19  7
  14 28  9  1 22 23 14 23 14  4 18 29  3 21 29 11 19]
 [ 0 22 12  1 18  4  3 24  5  6  6 20  4 11 19 18 22 20 14 13 24 10 12 27
  15  3 22 13 19 29 22 16  7  8 14  8 18  6 11  9  7 25 24  3  5 28  5 27
  15 18 11 24 12 15  1 17 21 21  8 15 17  2 26  7  9 12  9  2  4 27  8  8
  15 14  6 21 16 18 19 23 24 19 14 15  4 24  4 16 22 17  4 15 20 16 15  6
  17 24  5 10  1  9 21 12 11 18 28  9 15 16 15 22 24 26 18 28 18  8 15  9
  20  4 19 23  5 28 27 14 24  5  3 12 22 18 26 24 27 18  3 21 26 22 24 21
  14 22 12  8 14  4 11 20 20  5 16  6  2  9 13  1  6]
 [ 0 19  1 27 25 16 12  8  1 29 27  9 26 15  1  1  6 25 23 11 20 10  9  6
  10 22 16 23 10 26 28 22 26 19 24 21 21 22 25 15 22 11 24 12 28 11  2 17
  16 23 13  1 25  1 27 14 16  1  4  2  1 16 20  8 27  9  6 16 23  1 11  2
  10 17 26 14  6  8  1 13 21 18 14  4 29 18 13  7  2  8 25  6  5  3 21  8
  28  4 29 24 15 28 28  4 13 29 22 29 14  4 17  3  3 29 23 17  8 17 29 28
   6  2 15  1  5 22  5  3  5 21 12  2 28  6 19 19 18  4  6  9 15 17 28  5
   6 27 15  9 10 29  2  7  3 29  3 16  6 14 29 21  7]
 [ 0 23 25 28 28 29 15  7 21  7 14  8 17 20  2 20 17 21 25 27 21 24 25 16
  21 26 21 29 11  4 17 16 13 12 25 29 10 13 10 27 17 21 21  1  3 13 15  2
  20  7 14 16 22 13 18 26 22 25  1  1 28  2 15 13 10  1 16 19 15 12  8 12
  10 16  8 23 17 21 13  6  2  7 10  7 21 13  8 16 28 19 14  7  7  3 27 23
  24 10 25 18 10 13 19 12 18 29 15 10  2 12 13 10 13  1 29 25 24 22 26 23
   5 10 10 28 11 13  1 13 17 11 21  8  5  9  6 29  4 17 28  7 11 23 19 25
  19 13 17 29 15  3  5  4 26 11  4  5 21 19 10 27 20]
 [ 0  7 10  8 19  5 23  9 12 24 18 22 20 23 16  8 29  9  7  9 24  6 11  7
  20 14 23 19  8 25 22 23 19  4 16 28  9  4 24  7 25 23 21  7 15 26 19 15
  26  8  5 14  4 19 28  8 13 10 15 16 27 22 24  6  1 13  8 16 26 14  8 17
  28  7 20 17 16  4 11 19  2 15 29  3 27 14 26 26 26  1 28 27 24 15 17  2
  29  6  3  9  4 26 24 20  5 12 29 28  4 29 18 27 24 14 19 26 18 16  2 21
   8 19  8 27 24 16  6 14 11 23 19 13  4  3 28 25  2 16  8 14 11 23 28 17
   4 20  2  1 21 15 24 20 16  2 29  6 22 13 19 15 19]
 [ 0 10 23 12 28 14 20 26 15 12  3 11 26 10  9 16 10  8  1 29 19 12 21 28
  28 20 11 29  1 11  1 15 26  3  3 23 18 21 19 13 21 29 28  7 13 19  8 23
   7 22 20  6 17 20 13 19 25 15 21  6  9 25 24  2  6 18  9 22 14 11 13 26
   2 28 12  4 18  9 13  3  6  6 27 24 21 17 14  4 15 20  3 20  1 10 26 20
  14 19  7 13 22 20 14  5 13  9 28  6 16  9 21  5  8 17  7 14  6 24 18 17
  21 15 29 26  4 27  4 11 25 16  5  3  4  9  1 25 11 23  3 19 20  5 22 21
  20 19 23  3 12  9  4 19  3  5 21 19 27 22 21 15  9]
 [ 0 12 16 28  7 21 11 18 18  8 26 13 18  7 29 13  6  1 24 23 22  1 17  6
  17 27 23 20 14 17 23 27 11 28 22 26  6  1  4 26  5  2  9  7 17  4 25  6
   4 25 24 19 19 20  8 24 26 10 14 24 27 24 27  9 16 14 28 16 23 13 24  9
  26  8  5 15 26  9 18 28  3 29  9 21 25 10  1  2 23  1 14 25  5  8 13 10
  15  7 10  2 20 26  2 21  6 27 10 27 20 13 11 15 23 27 22  8 22  1 14 27
   8  4 18 24 25 23 13  2  4  4 13 15 15 23  7  8  1 29 10 28  8 16 28 19
  21 11 29 24 28  5 29 24  6 13 18 14  9 18 13 17 18]
 [ 0  1 11 25 19 24 28 21 29 11 18 24  4 20 12 20  9 15  6 29 14  4  9 12
  22 13  2 12  9 10  8 10 15 25  5 10 14 12 12  3 11 27  9 18 21  9 15 18
  16 17 24 19 18 20 19 24 18 19 19  8 27 13 17  3  8 26  5  8  8 25 17 16
  24  9  6 14 19  9 10 29 12 12 25 10 23  8  9  9 27 19  7 25  3 17 20 23
  23 26  1  6  7  1 15 21  6  9 17 21 14  2  7 27 18 16  9 19 27 27 28 16
   4  4 11 21 17  8  4 17  7 23 18 12 11 23 18 14  8 17  6  7 25 22  9 25
  29 16 14 26 20 26 10  7 18 25 27 23 26 29  6 27 10]
 [ 0  8  5 26 20 25 17 14 19  8 29 20  3  2 17  3 26 19 14 16  6 18  4 28
  21 16 27 10 29 12 12 21 24  3 14 11 18 15 28  8  5  4  4 19  2 25  2 11
  22  9 18 16 10  8  1 14 18 20  5 26  5 24 21 23 23  9 17 24 20 21 10 16
  19 22 11 10 12 18 27 13 20 14  3 13 24 24 29  3 25  4 23  9 12 23  1 27
  19 18  9  1 26  5 21 25 12 15 27  9  9 22 21 21 13  8 12  8  5  9  5 17
  19 11 18  1 27 12 18 12 18 11 10 26 28 13  2 23 29 12 16 24  6 16 19 21
   6  3  7 28 16 27  9 10 19 12 25 16  5 20 16 13 17]
 [ 0  2 12  7  6 29  5  5 16 16  3  5 17 17 21  6 22 15  6  5 29  9  6 11
   5 12 13 10 18 25 12 12 27 19 25 25 28 12 27 22 29 27 18 11  3 23 21  8
   6 27 15 27 10 15 10 26 13  6 24 29  2  6  1  1 23  9  7 14  4  6  9 20
  24 27  2 22 10 26 10 11 20 21  4 21 28 15 29 15 12  6  8  7 13  1  1 20
  29 13 10 20 17 19 17 15 24 21  2 22  6  1 28 27  4 25 18 19  1  6  6 17
  20  2 10 19  5  9  1  8  3 26  3  6 19  7 27 26  4 24 14 19 28  2  3 25
  11 19 23 14 26 11 29 17 18 10 22 28 13 29 28 22 26]
 [ 0 25 17  4 16 14 17 12 23 15 11  9 12 11 10 12 26 25 25 23  5 22  7 22
   8  1  6 21 29 18 22 15 22 25 29 28 13 22 23 29 28 18 25 18  7 15 20 12
  15 23 29 16  7 17  2 13 15 18 26 20 17 15 14 20  9  1  3 13  2 18  6  9
  20  1  9 27 11 23 27  1 14 16 17 12 18 12 18  3 11 23  3 16 16  7  7 19
  16  6 24 18  4 23  4  1 17 29 13 18 27 18 18 25 28 27 21  2  2  9  9 12
  13 11 25  2  4 26 16 17 22 22 22  9 22 29 28 23 20  3 21 16 17 15  7  2
   3 26  7  1 21 12 24  2  5  6  9 19 12  7  7 13 10]
 [ 0  5 12 12  5  5  2 13 12 28 19 24 18 11  3 19 24  2 29 28 10 19  8 15
  19 14 22 14  2 15 17 15 18 13  3 17 22  7  7 18  5 10 14 26 24 29 13 20
   2 22 14 15 15  7  6 10 15 14 16 28 23 20 18  6  9 10  7  5 17 19 27 16
  18 16 24  8 14  3 25 22  1 29 21 21 13 22 29 20 29 29 25 17 25 25 23  3
   7  5  2 26 23 20 25 21 21 29  6 13  4 20  7  1 22 16 17 28 22 19  5 22
  14  6 22 28  4 16 13  6 21  6  2 25 19 24 29 18 10 17 10 20  1  9  4 22
   8 26 13 23  6 15 25  2  9  4  9 22 15 21  8 29 24]
 [ 0 24  9 25 20  9 11 25  8 20 18 22 10 10  9  6 29 11  2 26 11 11 29  6
   2 23 29 26  7  5  9 25 12 26 20 17  6  6 28  4  2  4 16  5 19 14  2  1
   5 29 26 21 21 18  2 27  4 24 23  2  3 24  6  3  7  1 28  1 14 17 22 21
   2 14  7  8 13 14 26  4 11  6 22 14 25 11  5 11 28 19 19 28 28 20 29  3
  25  5 29  7 24  9 26 13 17 22 17 19 17  7  9 17  6 27 10 19 24  1 26  1
  17 17 21 19 27 19 24 14 23 14 13  9  6  4 25 21 18  7 23 15 12 20  9  4
   9 18 20 14  7  5  8 19 20 16  2 13 28 20 12 13 18]]
 job2fam
 [[1 0 0 0 0 0 0 0 0 0 0 0 0 0 0 0 0 0 0 0 0 0 0 0 0 0 0 0 0 0 0 0 0 0 0 0
  0 0 0 0 0 0 0 0 0 0 0 0 0 0 0 0 0 0 0 0 0 0 0 0 0 0 0 0 0 0 0 0 0 0 0 0
  0 0 0 0 0 0 0 0 0 0 0 0 0 0 0 0 0 0 0 0 0 0 0 0 0 0 0 0 0 0 0 0 0 0 0 0
  0 0 0 0 0 0 0 0 0 0 0 0 0 0 0 0 0 0 0 0 0 0 0 0 0 0 0 0 0 0 0 0 0 0 0 0
  0 0 0 0 0 0 0 0 0 0 0 0 0 0 0 0 0]
 [0 0 0 0 0 0 0 0 0 0 0 0 0 0 0 0 0 1 0 0 0 0 0 0 0 0 0 0 0 0 0 0 0 0 1 0
  0 1 0 0 0 0 0 1 0 0 0 0 0 0 0 0 1 1 1 1 1 1 0 1 0 0 0 0 0 0 0 0 0 0 0 0
  0 1 0 0 0 1 0 1 1 1 0 0 0 0 0 0 0 0 0 0 0 0 1 0 1 0 0 0 0 0 0 0 0 0 1 0
  0 0 1 0 0 0 1 0 0 0 0 0 1 1 0 0 0 0 0 0 0 1 0 0 0 0 0 0 0 0 0 0 0 0 0 0
  0 0 1 0 0 0 0 0 0 0 0 0 0 0 1 0 0]
 [0 0 0 0 0 1 1 0 0 0 1 0 0 0 0 0 0 0 0 0 0 1 1 0 0 0 0 0 0 0 0 0 0 1 0 1
  0 0 0 1 1 0 0 0 0 0 0 0 0 0 0 0 0 0 0 0 0 0 0 0 0 0 0 0 0 0 0 0 0 0 0 1
  0 0 0 1 1 0 0 0 0 0 1 0 1 1 1 1 1 0 1 0 0 1 0 0 0 0 0 1 1 0 0 0 0 0 0 0
  0 1 0 0 0 1 0 0 0 0 0 0 0 0 0 0 1 1 0 0 0 0 0 0 1 0 0 0 0 1 0 0 0 0 1 0
  0 0 0 0 1 1 0 0 0 1 1 0 0 0 0 1 0]
 [0 1 0 1 0 0 0 1 0 0 0 1 0 0 1 1 0 0 1 0 1 0 0 1 1 1 0 0 0 0 0 1 0 0 0 0
  1 0 0 0 0 0 1 0 0 1 1 1 1 1 1 0 0 0 0 0 0 0 1 0 1 0 0 1 0 1 0 0 1 0 0 0
  0 0 1 0 0 0 1 0 0 0 0 1 0 0 0 0 0 0 0 0 0 0 0 0 0 0 0 0 0 0 1 0 0 0 0 0
  0 0 0 1 0 0 0 0 0 0 1 0 0 0 1 0 0 0 0 0 0 0 1 1 0 0 0 1 0 0 0 0 0 0 0 0
  0 0 0 1 0 0 0 0 0 0 0 0 0 1 0 0 1]
 [0 0 1 0 0 0 0 0 0 1 0 0 1 0 0 0 0 0 0 1 0 0 0 0 0 0 0 0 0 0 0 0 0 0 0 0
  0 0 0 0 0 1 0 0 0 0 0 0 0 0 0 1 0 0 0 0 0 0 0 0 0 1 0 0 0 0 1 0 0 1 1 0
  1 0 0 0 0 0 0 0 0 0 0 0 0 0 0 0 0 1 0 0 0 0 0 1 0 0 1 0 0 0 0 0 1 0 0 0
  1 0 0 0 1 0 0 0 0 0 0 1 0 0 0 1 0 0 1 1 0 0 0 0 0 0 1 0 0 0 1 1 0 1 0 0
  0 0 0 0 0 0 1 0 0 0 0 1 1 0 0 0 0]
 [0 0 0 0 1 0 0 0 1 0 0 0 0 1 0 0 1 0 0 0 0 0 0 0 0 0 1 1 1 1 1 0 1 0 0 0
  0 0 1 0 0 0 0 0 1 0 0 0 0 0 0 0 0 0 0 0 0 0 0 0 0 0 1 0 1 0 0 1 0 0 0 0
  0 0 0 0 0 0 0 0 0 0 0 0 0 0 0 0 0 0 0 1 1 0 0 0 0 1 0 0 0 1 0 1 0 1 0 1
  0 0 0 0 0 0 0 1 1 1 0 0 0 0 0 0 0 0 0 0 1 0 0 0 0 1 0 0 1 0 0 0 1 0 0 1
  1 1 0 0 0 0 0 1 1 0 0 0 0 0 0 0 0]]
