params：
 weight-->(1, 10)
 proc_times-->(1, 100)
 setup_times-->(15, 30)
 delivery_times-->(100, 200)
 job_rate-->8

start:
alpha_1
8
 alpha_2
0.5
 mach
20
 job
160
 fam
5
 weigh
 [[0 7 3 7 8 6 5 5 3 9 1 6 1 1 2 5 1 4 3 3 7 9 4 1 9 3 4 6 4 3 9 5 2 8 8 6
  4 1 7 8 8 8 1 8 4 1 5 8 4 9 8 4 4 1 2 3 7 8 8 7 3 8 4 1 4 2 9 4 9 4 8 1
  3 4 2 1 8 7 5 6 8 6 6 6 8 1 7 7 6 8 8 5 9 8 4 1 6 4 9 9 8 3 1 5 7 5 5 3
  9 5 4 1 2 8 5 4 9 2 2 7 2 3 2 7 8 4 4 1 1 1 1 2 7 2 5 6 1 3 5 5 7 6 6 7
  6 3 9 9 9 6 7 4 9 5 2 4 4 6 7 8 6]]
 proc_times
 [[  0  93  13 100  45  10  29  11  95  36  55  84  68  58  50   5  22  14
   65  78  51  80  57  39  89  43  80   4  74  28  72  94  55  40  58   2
    5   6  16  96  39  47  58  43  13  55  81  44  35  14  85  27  12  22
    1  73  82  61  72  42  73   4  37  75  23 100  41 100  67  78  42   6
   98  78  89   3 100  12  23  93   7  64  46  29  80  50  65  70  85  22
   20  65  70  41  22  78  58  89  21  59  77  66   6  79  33   5  78  64
   43 100  84  46  55  81  76  99  44  80  19  64  33  73  34  15   4  25
   71  75  89  66  35   2  37   6  63  68  99  20  95  51  31  63  21   9
   58   2  86  92  84  66  55   6  30  21  18  70   6   5  43  61  65]
 [  0  53  44  15  62  55  74  50  34  36  37  13  50  81  74  89 100  39
   31  83  41  95  15  64  18  51  27  87  45  67  57  44  92  87   4  70
   19   4  51  68  18  98  98  31  65  41  88  92  72  84  67  30  48  80
   94   8  51  47  39  99  10  64   4  60  59  28  67  66  10  28  25  76
   14  84  78  31  17  92  49  32  22  13  25  73  70  92  46  57  99  36
   63  90  52  37  79   1   5   6  43  59  44  39  37  30 100   4  85  68
   50  37  67  73  65  83  62  78  79  39  48  85  43  97   2   6   8  78
   55  48  43  29   2  94  19  81   1  49  20  36  82  84  94  77  38   5
   31  47   6  16  82  90  86  88  12  57  49  18  44  97  69  66  50]
 [  0   6  80  46   8  59  68  35  78   8  69  78  11  89  34  79  35  73
   34  78   9  29  79  11  31  92  77  96  88  43  74  94  89  38  82  34
   22  58  75  99  94  64  50  40  49   2  52  59  96  37  43  89  21  50
   31  29  36  88  58  44  47  91  93  39  90  96  68  44  77   9   1 100
   88   4  87  17  32  36  72   7  38  99  45  20   7  90  28  66  26  45
   92   2  29  29   4  98  31  23  44  43  10  23  20  66  89   8   6  28
   37  49  79  23  51  83  90  57  13  59  16  56  82  21  65  93  38  32
   84  36  32  29  74  55  23  86  60  21  78  67  22  67  30  73  94  73
   91  71  45  79  25  58  18  64  33  49  33  46  67   7  13  97  56]
 [  0   4  31  80  79  89  61  37  98  20   6  46  60  43  61  38  32 100
   11  51   3  11  30  31   8  46  60  95  59  77  87  22  79  18  31  40
   21  86  59 100   4  63  92  67  40  78  60  32  44  55  32  28   9  76
   44  94  80  34 100  54  74  71  15  90  28  99  57  54  64  69  80   4
   94  95  20  71  16  53  31  85  45  51  32  56   9  43  11   7  52  84
   17  52  78  19  59  79  98  93  97  26  10  15  66   5   5  84  54  47
   84   7   8  60  56  57  30  32  27  69  56  85  56  17  45  20  92  32
   35   9  61  72  43  10  67  48  38  30  17  90  77   1  87  50  24  98
   39  30   8  79  31  94  36  41  39  72  32  34  16  62  11  30   2]
 [  0  28  44  15  70  81  70  64  90  36   4  89   8  58  94  48  40  64
   16  72  46  83  38  27  27  12  67  59  23  81  92  10  82  79  99  50
   43  80  87   9  41  55  40  28  27  89  69  34 100  62  64  84  42  13
   36  30  51   2  96  22  24  29  71  13   3  85   7  52  66  65  11  89
   81  11  97  40  55  75  11  58  20  18  66  92  16  93  73  36  81  25
   14  69  68  57  50  23  83   8  49  95  16  34  24  50  62  73  32  28
    7  81  33  55  91  24  46   2  91   8   1  37  17  28  74  80  38   8
   11  94  59  52  24  58  37  38  77  81  93  50  56   3  52  57  83  11
   98  85  90  70  50  55   8  51  15  80  81  48  52  35  74  84  46]
 [  0  84   8  23  44  75  51  79  84  36  47 100  86  44  41  43  32  47
   37  79  20  45  54  89  12  54   6   5  73  61  38  23  90  79  85  68
   90  88  21  79  89  14  93  32  56  96  96  41  19  45  20  23  93  55
   79  76  26  78  66  21  32  61  45   6  51  92  94  85  45  28  91  23
   83  12  43  63  99  30  55  55   5  89  10  34  25  56  71  19  27  53
   55  91  38  45  99  32  47  13   4  20  87  21  59   8  87  82  87   1
   15  62  41  71  43  85  37  65  39  43  38   3  78  67  70  29  24  35
   16  24 100  90  59  18   7  29  74  96  37  76  73  44  68  47  73  41
   10  99  14  28  29  59  71  84  54  93  49  92  69   6  79  72  64]
 [  0  38  23  52  41  83  49  34   4   8   8  58  85  92   2  95  94  22
   85  16  60  58  15  34  98  45  39  67  47  25  97  74  47  13  29  12
   25  52  93  39  95  41  43  40  64  48  34 100  16  19  23  58  63  89
   77  52  84  88   4  64  88  18  59  74  81  56  67   7  53  15  18  38
   15   3  39  77  86  61   8  26  47  85  53  41  24  35  71  98  35  33
   74  16   8  59  23  96  38  65  75  95  29  74   7 100  48   2  86  16
   27  88  21  56  26  69  38  17  78   6  42  88  70   8  67  95  90  25
   76   9  62  83  27   2  35  61  25  88  39  97  22  84  21   4  60  72
   55  34  45  21   4  39  13  46  41  13  80  95  55  97  86  70  66]
 [  0  39  98  80  25  62  70  54  97  31  45  44  67  60  38  44  64  99
   36  26  86  89  11  46   8   9  70  66  69  80  80 100  22  33  23  73
   79  39  48  60  59  42  46  86  50  37  41  16   9  59  85  68  26  38
   17  15  60  59  52 100  27  64  61  60  58  13   5  96  42  14   6  26
   45  18  94  21  86  36  58  78  18  13   9   8  93  13   3  95  42  30
   78  98  54  22   9  32  32 100  88  63  29  13  28  42  94  31  47  59
   90   9  57  37  64  29   7  49  38  50  52  20  19   9  21  39  28  20
   78  35  72  18  26  76  67  56  86  51  29  84  87  42  55  26  50  41
   69  11  50  22  13  51  80  25  86  39  13  50  55   8  36  20  40]
 [  0  56  80  75  62  85  52  16  41  15  42   9  21  39  12  80  38  93
   85  77  19  58  52  82  40  26  68  44  89  15  62  34  92  37  62  39
   68  52  19  40  28  79  15  24  32  88   4  27   3  70  87  60  97  14
   42  60  90  87  20  99  46   7  56  34  29  77  13  38  67  93  30  46
   69  93  86  79  33  75  36  99  10  61  92  63  42  97  99  57  58  96
   50  49  39  58  86  53  45  32  30   2  44  43  86  73  51  75  35  71
   94  64  36  27  22  85  64   3   6  82  99  96  27  86  74  23  44  63
   85  26  90  12  69   9  29  53  28  21  48   2  87  86   5  41  83  13
   40  26  24  27  44  68   2  81  84  24  26  97  87  52  82  60  88]
 [  0  49   4   4  18  85  42  47  63  78   5  33  19  26  51  33  30  16
   29  27  43  46  74  20  85  90  41  57  92   7  71  61  59  60  19  56
   95  86  67  61  60  57   5  32  74  17   8  95  95  73  42  82  13  56
   54  25  63  61  64  17  59  10  97  70  89  84  18  73  85  10  89  82
   56  85  32  34  22  76  80  75  38  16  83   8  48  70  68  20  56  41
   87  68  65   9  52  16  86  32   7  25  53  86  15  88  53  47  42  71
   45  22  22  28  81  88  45  27   3  89  84  58  40   4  35  53  28  52
   62  84  77  44  54  82  28  80  34   1   3  20  22  50  99  74  54  67
   22  90  51  98  87  13  96  77   1  54  22  77  52  22   8  87  35]
 [  0  29  92  38  92  66  53  96  92  23  99  45  86  60  87  30  73  44
   60  67  20   8  39  34  82  63  86  38  43  26  78  72  59  44  55  77
   16  97  12  54   7  56  60  84  89  75  13  49   5  60  52  31   9  95
   88  51  11  29   9  19  29  19  90  77  65  87  89  37  38   8  85  27
   38  76  59  16   1  33  40  62  48  62  83  24  62  12  91  70   9  63
   15  27   1  37  21  35  56  59   7  83  61  71  18  37  51  33   2  66
   15  15  38  29  86  16  31  82  77  39  75  40  88  86  27  28  43   7
   70   7  48  83  28  65  28  13  67  76  54  87  80  93   5  53  31  42
   52   1   3  22  19  27  52  46  22  18  37  47  65  57  33  81  55]
 [  0  77  21  41  29  66  32  15  45  55  12  99   3  50   2  80   2  38
   46  18  30  86  57  10   8  29  83  33  12  91  99  23  54   7  68  95
   85  95  47  63  61   8  63  69  38  49  63  67  27  43  34  86  15  57
   79  35  30  73  75  44  37  74   4  14   9  77  59  89  51  44   5  11
   96  24   8  10  94  48  40  52  71  99  41   6   5  49  74  43  32  11
   15  42  78   5  71  53  74  59  68  36  44  68  86  63  94  76  52  97
   89  23   3  14  45   5  93  54  20  16  74  33  57  27  77  93   4  97
   72  92  13  18  44  75  90  19  60  95  68  35  99  24  59  84  72  36
   11  56  39  91  15  58  58  33  50  97  20   3  49   3  88  27  59]
 [  0  86   2  10  92  14  52  43  12  15  15  63  48  27  30  75  71  60
   27  12  96  25  62  94  86  37  41  84  61  12  12  96  92  94  96  19
   20  59  92  95  20  12   9 100  98  26  21  69  62  36   2  50   8  86
    8   6   8  55  46  65  89  77 100  31  73  33  38  61  62  14  10  52
   78  82  87  37  77  91  76  82  69  97  15  46  78  82  83  29  33  88
   38 100  88  27   5  95  24  84  65  32  51  99  52  44  44  48  38  57
   55  46  16   9   6  61  22  71   3  83  70  45  94   3  92  69  71  88
   70  94  15  80  78  11  62   6  76  17  97  55  86  50  12  13  74  60
   22 100  38   5  97  78  37  79  80  41  84  81   4  29  65  92  74]
 [  0  67  81  55  94  31  25  10  79  94  86  28  93  70  94  78  54  13
   70  30  87  49  43   5  29  53  31  70  37  95  17  42  18  42 100   5
   53  25  49  56  64  51  95  41  59  50  96  88  29  78  27  47  83  54
   54  92  67  82  61  18  35  72  20  32  63   3  83   7  80  30  86  66
   57  19  18  98  63  67  25  58  73  65   5  63   8  11  37  51  95  56
   61  53  54  69   2  54   2  96  38  63  58  90  78  64  59  60  89  70
   42  95  93  73  41  97  79   2  74  53   2  35  98  42  55  46  28  92
    1  53  32  71  45  20  72  94  61   5  95  40  52  33  84  25  39  25
   40  31  31  83  78   7  78  55   1   6  51  94  97  67  19  97  81]
 [  0  40  33  55  84  12  58  65  48  26  75  97   6  69  35  33  23  43
   60  81  11  97  24  24  56  56  78   3  48  30  86  44  99  59  31   9
   50   4  76  38   3  58  26  70  39  30  78  36  67  74  85  27   3  83
    3  71  74  83  20  90  67  92  54  61  54  24  87  34  45  38   5   7
   96  52  69  81  13  32   7  97  61  11  52  93  63  95  67  51  39  45
   91   9  28  57  98  93  89  62  35  42  49  60  44  70  24  21  66  70
   97   1  16  56  97  73  94  41  44  95  93  94  15  12  47  99  65  73
   95  69  95  36  71  28  84  99   7  23   4  68  12  51  27  62  89  62
   48  42  94  51  17  77  34   6  38  34  23  67  94  77  87  94  79]
 [  0  14  19  65  61  61  30   4  28  30  80  19  47  12  83  29  55  41
   69  14  85  49  17  19  53  49  73  25  58  39  67  87  96  31  40  94
   86  92   5  32  98  35  60  94  24  18  14  66  72  53  72  76  48  69
   44  57  99  31  42  24  81  30  58  19  93  15  23 100  15  59   5  16
   24  17  44  47  75  24  80  38  75   1   4  71 100  85  38  26  18  34
   75  62  59  87   6  76  63  76  77  52  45  19  63   8  56  26  81  27
   15  31  58  21  68 100  37  67  19  95  62  70  13  44  92  19  47  59
   50  75  16 100  86  63  57   1   3  29  39  47   1  17  27  63  13  59
   73   4 100  32  52  72  91  44  43  57  82  18   6  46  90   3  99]
 [  0  15  58   7  31  31   7  80  27  89  11  17  30   2   5  41  79  83
   84  60  98  73  92  86  72  84  61  36  48   9  77  46  58  97  20   2
   33  84  40  29  34  75  14  29 100  57 100  30  80  63  16  70  24  57
   85  96  40  85  92  38   2  78  37  52  27  90  16  46  53  65  67  91
   48  28  74  83  76  27  89  82  67  14  70  78  90  40  77  35  55  23
   82  64  58  92  71  59  79  13  62  88  13  69  39  62  52  96  37  21
   54  46  25   9  33  76  99  46  47  58  87  54  49  47  58  13  68  43
   29  12  30  37  83  75  17  87  86  30  73  56  44  22  35  66  14  21
   99  43  13  49   3  78  25  34  42   7  36   3  89  55  16  11  13]
 [  0  43  82  72  50  32   9  16  43  50  43  91  43  22  46   6   8  26
   14  28  77  55  84  88  37  79  18  11  27  49   1  41  40  29  71  45
   44  96  28  92   4  34  12  23  89  92  97  78  35  15  37  48   6  97
   79  92  24  36  20  69  44  72  26 100  77  16  21  38  50  53  34  29
   97  58  52  70  80  19  28   9  53  23  55  15  48  48  95  46  76  48
   76  31  50  19  34  28  91  77  72  21  79  78  81  81  51  85  48  11
   86  40  83  80  10  73   8  77  65  43  14   8  22  25   3  16  71  57
   22   8  25  55  68  40   3  81  56  99  77  73  45  37  88  49  90  91
   59  56  89  17  69  94  35  51  18  49  68  81   5  92  98  60  40]
 [  0  36  94  33  21  91  79  89  64  17   2  43  20  78  91  66  14  40
   57  38  61  57  59  32  43  48  16  35  93  71  84  56  75  39  73   8
   72  68   3  85  66  59  32  15   2  40  81  75  94  51  37  92  26  41
   73  59  41  41  50  95  30  23  60  93  43  50  14   4  40  27  28  57
   21  55  82  49  77   8  61  57   2  62  56   3   8  94  69  40  32  43
   53  83  24  49  67  98   1  58   4  64  88  34  25   4   1 100  28  79
    2  18  82  81  75  17  86 100  18  92  33  83  49   3  17   8   4  13
    6  55  26  40  51  74  97  74  97  45  57  16   8  40  79  25   5  94
   47  41  85  96  35  24  36  89  52  93  27  31  25  99  76  87  21]
 [  0   1  17  74  20  12  80  62  73  14  68   3   2  96  95  50   7  60
   11  88  85  17  57  89  80  13  27   1   6  33  81  32   4  19  48  45
   70  67  73  97  69  14  30  22  44  56  82  51  80  65  57  20  75  51
    6  68   2  31  10  64  96  63  39   5  60  75  25  20  35  81  48  77
   39  62  49  51  65  60  79  33  15  77  30  51  45  34  80  40  88  57
   76  33  47  33  18  96  62  68  94  13  63  25  23  73  68 100  24  97
   40  38  86  49  84  53  48  54  85  92  14  10   8  88  95  99  90  99
   24  53  47  55  34  42  96  23  93  17  54  47  61  76  15   4  78  37
   25  93  88  98  50  34  25  99  35  22  97  33  53  76  51  27  35]]
 setup_times
 [[[ 0 29 15 24 22 29]
  [ 0  0 20 29 27 15]
  [ 0 26  0 25 23 21]
  [ 0 29 21  0 19 16]
  [ 0 15 18 24  0 29]
  [ 0 22 21 28 29  0]]

 [[ 0 18 20 15 17 22]
  [ 0  0 22 17 23 17]
  [ 0 19  0 15 20 15]
  [ 0 18 15  0 28 17]
  [ 0 25 22 26  0 27]
  [ 0 22 25 28 26  0]]

 [[ 0 18 18 21 23 22]
  [ 0  0 19 23 23 18]
  [ 0 29  0 29 17 17]
  [ 0 26 23  0 27 23]
  [ 0 21 25 21  0 24]
  [ 0 29 28 19 22  0]]

 [[ 0 26 26 28 19 28]
  [ 0  0 19 15 26 24]
  [ 0 27  0 23 24 22]
  [ 0 18 23  0 26 15]
  [ 0 28 27 27  0 21]
  [ 0 20 16 22 15  0]]

 [[ 0 25 23 28 15 21]
  [ 0  0 18 23 28 26]
  [ 0 27  0 17 21 28]
  [ 0 25 19  0 16 26]
  [ 0 21 22 27  0 18]
  [ 0 18 16 20 15  0]]

 [[ 0 22 20 28 16 22]
  [ 0  0 20 27 27 22]
  [ 0 18  0 19 24 26]
  [ 0 25 25  0 29 21]
  [ 0 18 26 17  0 21]
  [ 0 24 21 23 17  0]]

 [[ 0 17 21 22 23 22]
  [ 0  0 23 17 21 26]
  [ 0 23  0 22 19 23]
  [ 0 18 21  0 27 28]
  [ 0 18 22 19  0 26]
  [ 0 21 27 16 18  0]]

 [[ 0 24 19 29 18 16]
  [ 0  0 26 18 16 25]
  [ 0 27  0 20 26 22]
  [ 0 22 22  0 23 20]
  [ 0 24 20 17  0 18]
  [ 0 16 28 24 28  0]]

 [[ 0 21 20 21 24 27]
  [ 0  0 25 17 22 22]
  [ 0 22  0 26 20 20]
  [ 0 28 26  0 20 20]
  [ 0 20 29 15  0 24]
  [ 0 18 22 26 19  0]]

 [[ 0 24 25 28 26 26]
  [ 0  0 29 22 26 26]
  [ 0 18  0 15 18 16]
  [ 0 26 19  0 27 17]
  [ 0 22 21 22  0 21]
  [ 0 29 26 17 17  0]]

 [[ 0 22 29 26 22 20]
  [ 0  0 22 21 29 19]
  [ 0 24  0 18 25 24]
  [ 0 15 29  0 19 19]
  [ 0 29 16 18  0 21]
  [ 0 25 19 25 23  0]]

 [[ 0 23 17 18 28 23]
  [ 0  0 25 15 24 17]
  [ 0 17  0 19 18 29]
  [ 0 16 18  0 25 27]
  [ 0 25 23 20  0 17]
  [ 0 17 24 21 17  0]]

 [[ 0 26 21 19 19 28]
  [ 0  0 19 24 24 15]
  [ 0 28  0 15 25 23]
  [ 0 18 16  0 20 24]
  [ 0 22 21 19  0 28]
  [ 0 28 18 16 27  0]]

 [[ 0 22 16 19 22 29]
  [ 0  0 15 24 17 15]
  [ 0 22  0 21 20 26]
  [ 0 26 25  0 28 24]
  [ 0 27 19 24  0 29]
  [ 0 27 20 22 24  0]]

 [[ 0 25 19 25 20 29]
  [ 0  0 21 22 22 19]
  [ 0 15  0 18 27 22]
  [ 0 28 20  0 28 15]
  [ 0 22 15 20  0 19]
  [ 0 26 17 15 18  0]]

 [[ 0 19 22 24 26 21]
  [ 0  0 19 26 20 29]
  [ 0 24  0 28 25 27]
  [ 0 17 16  0 25 21]
  [ 0 26 25 27  0 23]
  [ 0 28 19 22 25  0]]

 [[ 0 28 15 23 16 24]
  [ 0  0 21 26 20 25]
  [ 0 16  0 15 25 27]
  [ 0 18 20  0 24 16]
  [ 0 20 27 20  0 27]
  [ 0 26 20 25 28  0]]

 [[ 0 27 19 23 29 29]
  [ 0  0 22 27 27 20]
  [ 0 16  0 20 20 26]
  [ 0 15 24  0 17 25]
  [ 0 20 24 20  0 16]
  [ 0 27 22 22 16  0]]

 [[ 0 20 24 21 18 21]
  [ 0  0 16 18 26 20]
  [ 0 26  0 18 22 17]
  [ 0 17 28  0 28 26]
  [ 0 29 17 16  0 15]
  [ 0 28 20 21 20  0]]

 [[ 0 24 15 27 15 16]
  [ 0  0 19 27 26 19]
  [ 0 23  0 18 16 19]
  [ 0 25 22  0 15 22]
  [ 0 17 24 29  0 29]
  [ 0 20 20 21 17  0]]]
 delivery_times
 [[  0 133 125 158 123 194 142 185 153 109 145 169 113 189 115 177 199 117
  156 122 179 186 149 137 142 125 108 143 167 176 172 135 162 162 179 176
  199 135 139 189 131 141 175 112 179 122 170 147 104 128 138 166 184 160
  165 180 114 167 105 173 165 170 145 103 105 147 177 179 175 155 151 175
  191 170 148 186 112 181 131 137 170 188 173 194 102 108 195 129 122 139
  161 121 159 131 115 183 174 167 115 197 101 128 142 197 169 124 104 192
  164 140 163 182 194 115 176 173 146 144 157 109 198 101 195 168 185 198
  183 117 109 131 164 182 118 128 165 114 152 100 117 176 131 105 126 136
  150 161 163 127 166 184 116 195 122 139 101 184 128 133 102 100 117]
 [  0 114 170 145 137 129 171 191 104 184 184 188 148 168 197 163 163 166
  130 123 119 195 134 194 103 150 165 123 169 176 162 114 105 102 114 111
  161 119 141 139 145 154 110 137 128 187 115 114 190 173 149 171 106 122
  195 151 185 158 191 196 186 168 168 110 131 121 197 148 133 139 118 109
  192 124 161 148 176 105 169 175 181 134 146 173 152 198 166 132 168 191
  148 187 159 147 180 182 161 134 169 176 197 101 119 150 174 153 163 199
  167 179 187 101 197 158 114 188 186 192 109 165 165 178 125 122 174 179
  167 107 102 159 171 176 168 114 140 192 134 160 139 110 101 191 101 161
  163 167 173 116 176 126 130 131 182 100 120 170 154 159 147 121 185]
 [  0 199 113 155 116 163 110 182 189 126 139 142 166 177 131 137 129 188
  108 173 133 156 111 136 146 123 105 173 159 100 152 118 145 174 166 182
  113 192 151 156 154 187 107 123 185 136 152 119 161 193 121 189 198 182
  187 114 118 168 129 188 160 102 132 154 134 105 111 118 128 120 104 172
  149 152 107 148 144 148 173 125 177 129 153 120 156 137 162 156 147 129
  153 133 176 196 162 129 115 146 161 110 142 170 198 137 140 122 131 143
  103 154 123 163 139 116 193 171 106 143 108 155 173 102 175 114 155 136
  105 113 179 115 179 167 128 100 185 120 199 178 155 175 175 193 143 139
  104 142 112 130 161 133 199 169 160 154 165 114 128 176 176 116 114]
 [  0 171 184 151 157 135 101 164 194 198 133 154 109 149 123 146 172 128
  100 142 156 159 147 104 139 144 157 133 154 182 178 104 182 173 115 153
  122 177 134 180 170 132 175 174 159 163 176 128 100 197 170 182 157 120
  127 163 102 101 106 159 109 197 134 183 140 181 140 113 154 183 185 120
  155 118 133 169 146 155 124 133 105 174 129 142 196 187 157 174 118 163
  126 105 196 171 119 169 104 100 105 122 105 103 110 120 110 100 115 105
  194 188 117 141 105 111 192 124 199 166 111 122 122 133 115 121 130 184
  147 143 185 170 147 161 119 116 124 156 143 150 151 135 104 192 168 102
  158 167 110 164 156 165 148 161 110 130 190 141 104 185 152 178 109]
 [  0 143 179 185 105 185 121 161 138 136 105 182 133 134 112 112 153 113
  154 123 102 186 129 199 114 104 155 131 125 190 147 197 199 146 186 124
  161 127 155 143 154 110 153 136 155 106 105 182 141 110 104 181 164 133
  163 181 189 142 110 139 137 179 106 174 181 159 190 139 101 177 157 100
  196 158 167 103 190 109 172 179 129 198 118 163 165 145 107 134 135 167
  123 136 123 140 188 189 156 175 126 196 104 169 104 140 193 166 125 182
  189 107 129 102 138 181 159 181 126 128 177 103 168 135 103 145 122 193
  175 164 166 152 113 135 134 126 160 109 118 136 144 122 148 174 193 108
  180 166 165 128 141 102 106 190 197 166 167 135 116 121 175 131 175]
 [  0 146 195 147 192 138 150 111 118 129 118 199 150 140 162 105 103 133
  128 184 192 176 161 103 194 179 168 100 143 178 144 177 194 167 100 148
  117 180 195 156 185 183 135 113 111 118 111 181 181 106 180 124 133 147
  195 173 119 192 148 150 184 129 125 184 154 181 154 114 162 162 101 144
  100 175 181 192 109 163 191 103 150 173 146 139 156 185 126 102 136 172
  189 115 140 193 187 106 128 117 148 178 114 133 108 180 181 132 189 137
  121 105 146 131 196 126 194 151 113 133 182 133 192 140 182 114 160 190
  154 106 196 103 136 103 162 165 112 123 123 108 142 184 125 111 113 143
  130 132 190 127 155 157 180 124 146 104 141 164 173 184 192 195 140]
 [  0 146 100 160 150 192 148 103 188 105 101 192 189 151 164 161 169 120
  167 199 152 154 185 103 176 133 110 133 140 157 161 159 198 194 109 113
  137 138 124 158 172 143 173 107 149 172 109 175 136 160 148 196 128 163
  146 197 154 109 156 104 107 146 116 181 186 133 189 145 184 115 100 131
  162 144 138 174 191 148 123 191 160 194 186 163 119 171 125 126 153 149
  181 111 158 179 170 107 189 110 159 122 181 192 151 104 178 191 175 150
  119 171 164 183 102 165 181 129 137 115 113 170 185 144 195 140 151 130
  170 132 116 170 123 157 119 168 173 153 107 165 126 138 100 185 166 110
  151 135 120 153 192 139 142 121 177 146 105 138 141 135 117 102 188]
 [  0 116 168 106 127 161 148 188 146 165 198 139 186 153 124 126 149 100
  149 112 123 118 156 156 122 172 191 197 101 121 125 164 193 194 132 150
  125 167 135 164 184 120 112 160 144 167 150 186 186 100 125 111 136 165
  107 122 162 123 135 198 124 137 136 196 172 196 159 129 130 193 160 169
  103 112 168 165 151 103 137 101 198 195 142 149 176 117 168 150 182 149
  183 132 114 108 192 169 146 101 169 189 126 148 196 164 177 120 129 160
  145 184 129 186 188 166 138 156 166 116 143 124 152 121 118 112 198 137
  180 120 187 119 101 115 150 160 134 131 138 150 161 179 172 165 188 130
  115 127 194 121 151 161 128 172 112 171 125 164 168 106 185 102 198]
 [  0 197 162 154 157 150 176 190 103 119 131 167 150 156 182 177 196 133
  160 141 192 119 162 173 152 153 135 124 191 198 196 126 185 124 195 149
  183 110 121 124 163 145 137 193 131 103 108 124 172 142 106 172 149 151
  121 131 169 106 133 147 191 137 125 183 179 185 165 137 181 128 167 133
  131 170 159 155 108 191 118 152 175 110 118 181 159 136 182 178 130 197
  198 152 102 163 170 125 106 100 195 176 112 120 178 177 150 195 144 157
  138 167 177 188 197 101 155 159 163 139 177 165 111 118 170 148 195 189
  183 188 148 101 155 135 130 194 161 195 150 187 153 160 192 146 199 173
  186 148 160 146 144 142 154 106 110 120 190 156 159 103 183 169 110]
 [  0 113 193 125 187 197 167 168 128 103 153 189 179 144 145 116 155 150
  167 100 166 105 116 184 153 191 172 125 127 179 174 143 176 180 181 182
  198 145 162 170 111 147 120 174 125 128 161 107 168 195 197 126 130 105
  183 140 187 143 107 100 139 186 174 154 130 188 109 118 190 110 183 136
  179 178 173 184 161 138 125 152 126 128 103 170 171 178 166 149 143 140
  120 173 125 148 126 121 151 163 176 122 132 143 183 148 174 115 182 189
  154 112 176 191 196 177 149 141 181 118 193 100 106 128 113 120 130 124
  186 128 176 167 160 146 133 114 121 165 130 109 117 145 182 132 143 195
  170 150 147 187 113 116 118 106 179 133 190 102 133 169 126 167 111]
 [  0 164 118 199 172 194 183 199 163 130 196 158 105 189 190 126 154 133
  198 144 100 192 173 147 169 103 171 119 199 182 170 137 151 111 187 151
  112 128 145 159 111 175 184 137 162 117 182 190 189 156 100 126 180 189
  188 131 144 160 135 112 186 168 125 137 105 169 177 173 155 149 187 114
  194 191 152 136 178 119 195 140 179 120 180 178 117 116 126 177 182 140
  110 123 174 176 171 106 146 123 181 137 112 118 128 196 118 138 154 160
  170 149 138 127 172 137 134 135 150 104 148 105 116 133 194 128 122 174
  151 110 163 115 173 125 157 194 154 155 149 104 125 127 170 123 160 132
  125 117 145 108 127 130 186 192 196 147 128 102 142 187 118 180 148]
 [  0 112 152 180 169 185 160 119 138 126 198 130 175 199 155 163 164 100
  116 119 101 147 170 120 187 174 151 172 164 143 126 168 153 154 183 118
  143 111 171 103 106 198 116 156 182 130 163 172 142 131 131 120 112 108
  159 158 158 167 167 180 199 102 180 104 103 102 118 100 126 170 178 164
  166 107 199 130 146 170 134 154 156 105 178 170 128 109 142 185 172 142
  192 146 184 156 186 164 104 150 115 189 102 118 127 136 115 124 185 111
  132 102 105 156 135 168 143 161 181 151 135 167 186 128 193 103 130 198
  170 108 154 101 115 124 178 163 158 139 128 128 150 138 113 165 143 104
  126 130 111 173 113 178 176 114 193 115 131 111 144 151 191 128 196]
 [  0 190 104 112 154 123 164 172 149 180 157 193 163 102 173 131 164 148
  137 152 176 190 166 176 137 186 157 193 189 125 127 108 140 120 156 171
  108 143 143 136 194 107 120 136 182 101 148 182 116 104 158 152 139 118
  192 157 174 104 116 115 128 176 160 151 115 181 107 191 128 109 127 171
  176 189 131 170 115 121 194 150 125 155 143 194 153 116 121 137 109 119
  116 183 131 193 159 184 189 144 108 109 141 176 165 172 191 132 114 174
  196 171 122 101 178 156 178 149 141 128 118 103 170 108 156 189 107 195
  141 100 169 192 179 157 170 199 164 145 128 173 169 190 120 130 102 172
  140 131 188 106 131 162 161 155 122 103 175 130 175 131 169 172 124]
 [  0 134 107 103 147 196 102 166 153 159 110 106 115 137 100 166 146 102
  155 154 160 101 161 179 174 144 181 157 186 189 166 157 197 170 103 170
  192 121 114 103 141 103 166 180 121 131 134 165 147 191 186 180 174 128
  174 122 185 119 118 106 152 184 140 150 143 152 144 112 198 156 175 148
  108 154 175 103 135 193 108 110 193 119 174 165 122 121 109 138 199 114
  102 192 129 100 112 143 120 113 162 188 145 102 166 162 171 132 154 136
  103 117 181 116 193 117 180 107 130 131 172 157 115 120 110 195 193 102
  146 124 160 148 192 165 140 133 109 179 159 132 102 127 179 101 172 192
  130 167 133 187 109 174 152 155 105 139 163 193 159 112 173 131 115]
 [  0 105 133 101 119 112 116 155 108 183 165 197 183 122 165 155 155 158
  143 135 172 164 170 101 197 140 179 167 153 168 146 173 154 122 150 105
  192 184 103 183 103 197 121 173 149 182 124 121 107 152 105 129 152 110
  185 146 109 118 192 153 173 150 142 170 170 199 176 125 165 197 113 113
  112 109 197 106 140 146 131 133 135 193 120 164 161 173 197 129 176 135
  116 193 124 146 156 138 117 193 190 102 189 177 119 142 183 127 114 141
  126 171 110 185 166 194 146 150 114 116 196 133 105 132 167 181 110 148
  181 190 174 121 199 104 175 173 155 195 134 124 190 138 139 114 177 158
  115 182 108 112 122 106 122 119 177 106 147 108 106 171 133 164 149]
 [  0 101 196 121 105 121 163 145 106 104 167 176 162 145 167 162 171 107
  121 178 111 105 130 123 194 175 139 132 190 151 115 131 136 134 190 113
  196 165 151 104 182 189 143 138 170 196 126 134 117 136 148 178 127 125
  156 195 120 192 194 197 141 195 191 119 152 173 102 187 143 180 170 118
  182 117 170 147 115 138 169 124 197 127 159 166 127 141 178 157 133 115
  190 127 147 179 153 158 145 120 131 188 170 136 125 115 197 186 116 172
  179 144 181 123 163 151 130 197 136 182 149 177 167 122 175 175 147 197
  143 146 124 109 140 142 122 154 189 173 124 195 181 166 192 178 115 132
  116 102 158 139 154 131 123 130 107 106 113 105 109 156 195 104 124]
 [  0 138 192 110 188 183 186 117 158 182 157 159 137 190 166 176 167 149
  100 129 179 198 186 173 134 196 117 195 197 163 113 176 163 137 102 171
  191 179 172 106 180 169 131 127 169 199 133 131 145 123 143 183 105 173
  109 193 197 112 142 189 101 174 123 147 136 118 137 193 164 168 158 117
  131 127 116 117 149 191 119 156 151 129 185 130 115 128 120 182 159 182
  173 100 134 151 126 180 196 189 117 151 162 118 139 161 121 126 156 190
  189 113 183 130 117 154 137 140 119 158 176 162 172 195 103 132 174 177
  118 111 180 139 111 100 138 121 161 169 135 141 149 163 116 131 147 117
  122 115 184 119 172 180 150 182 141 109 176 168 123 168 111 117 110]
 [  0 186 140 151 144 149 150 191 188 193 160 158 147 142 185 135 144 104
  181 179 167 145 199 144 193 145 164 178 139 177 118 153 162 167 120 151
  154 108 127 112 137 192 140 102 144 106 170 166 163 140 108 153 189 199
  181 165 146 136 102 123 191 152 109 162 187 146 172 174 183 177 159 158
  124 154 103 150 199 140 189 114 158 161 156 152 109 124 136 158 185 185
  157 168 147 196 147 197 137 124 107 168 158 191 161 183 150 145 175 158
  109 167 156 133 177 156 195 146 123 157 174 127 198 125 191 124 158 140
  102 112 123 104 138 196 110 131 144 105 112 195 175 123 173 117 151 132
  183 130 158 122 139 137 186 150 183 179 179 126 145 152 105 122 156]
 [  0 119 122 149 178 153 127 136 166 171 117 111 156 191 116 143 152 182
  199 146 128 185 162 172 133 113 171 118 162 146 153 113 108 197 102 139
  128 134 153 153 121 191 147 114 134 116 124 116 142 139 122 153 172 132
  157 131 101 151 113 194 173 159 106 139 168 148 118 157 158 189 135 177
  115 152 163 108 181 154 148 138 122 153 141 121 191 142 124 164 119 117
  131 145 127 192 134 145 162 109 101 163 185 165 125 112 143 140 137 180
  182 103 165 144 168 102 132 112 173 112 162 138 195 162 113 191 175 157
  177 112 123 143 168 112 152 159 104 119 119 112 117 188 195 166 177 105
  160 169 137 183 190 199 109 143 160 174 191 168 178 167 183 159 118]
 [  0 107 101 166 124 177 160 181 173 124 103 106 169 119 172 163 113 196
  189 187 163 147 151 155 198 188 105 169 174 186 122 109 103 134 151 133
  103 113 119 155 115 180 189 137 181 156 156 175 185 181 197 148 146 145
  117 157 157 157 165 169 163 104 171 192 126 123 195 138 187 128 151 199
  183 100 143 150 156 184 196 157 180 109 195 186 134 160 185 104 146 116
  154 134 121 104 195 111 123 149 138 160 109 199 189 109 107 132 131 131
  126 108 158 148 188 116 161 192 164 151 152 196 194 193 182 141 150 186
  140 129 119 144 103 121 118 135 140 172 170 137 130 153 136 173 142 114
  157 113 141 178 125 154 131 139 174 197 101 187 162 142 149 146 102]]
 job2fam
 [[1 0 0 0 0 0 0 0 0 0 0 0 0 0 0 0 0 0 0 0 0 0 0 0 0 0 0 0 0 0 0 0 0 0 0 0
  0 0 0 0 0 0 0 0 0 0 0 0 0 0 0 0 0 0 0 0 0 0 0 0 0 0 0 0 0 0 0 0 0 0 0 0
  0 0 0 0 0 0 0 0 0 0 0 0 0 0 0 0 0 0 0 0 0 0 0 0 0 0 0 0 0 0 0 0 0 0 0 0
  0 0 0 0 0 0 0 0 0 0 0 0 0 0 0 0 0 0 0 0 0 0 0 0 0 0 0 0 0 0 0 0 0 0 0 0
  0 0 0 0 0 0 0 0 0 0 0 0 0 0 0 0 0]
 [0 0 0 0 0 0 0 0 0 0 0 0 0 0 0 0 0 1 0 0 0 0 0 0 0 0 0 0 0 0 0 0 0 0 1 0
  0 1 0 0 0 0 0 1 0 0 0 0 0 0 0 0 1 1 1 1 1 1 0 1 0 0 0 0 0 0 0 0 0 0 0 0
  0 1 0 0 0 1 0 1 1 1 0 0 0 0 0 0 0 0 0 0 0 0 1 0 1 0 0 0 0 0 0 0 0 0 1 0
  0 0 1 0 0 0 1 0 0 0 0 0 1 1 0 0 0 0 0 0 0 1 0 0 0 0 0 0 0 0 0 0 0 0 0 0
  0 0 1 0 0 0 0 0 0 0 0 0 0 0 1 0 0]
 [0 0 0 0 0 1 1 0 0 0 1 0 0 0 0 0 0 0 0 0 0 1 1 0 0 0 0 0 0 0 0 0 0 1 0 1
  0 0 0 1 1 0 0 0 0 0 0 0 0 0 0 0 0 0 0 0 0 0 0 0 0 0 0 0 0 0 0 0 0 0 0 1
  0 0 0 1 1 0 0 0 0 0 1 0 1 1 1 1 1 0 1 0 0 1 0 0 0 0 0 1 1 0 0 0 0 0 0 0
  0 1 0 0 0 1 0 0 0 0 0 0 0 0 0 0 1 1 0 0 0 0 0 0 1 0 0 0 0 1 0 0 0 0 1 0
  0 0 0 0 1 1 0 0 0 1 1 0 0 0 0 1 0]
 [0 1 0 1 0 0 0 1 0 0 0 1 0 0 1 1 0 0 1 0 1 0 0 1 1 1 0 0 0 0 0 1 0 0 0 0
  1 0 0 0 0 0 1 0 0 1 1 1 1 1 1 0 0 0 0 0 0 0 1 0 1 0 0 1 0 1 0 0 1 0 0 0
  0 0 1 0 0 0 1 0 0 0 0 1 0 0 0 0 0 0 0 0 0 0 0 0 0 0 0 0 0 0 1 0 0 0 0 0
  0 0 0 1 0 0 0 0 0 0 1 0 0 0 1 0 0 0 0 0 0 0 1 1 0 0 0 1 0 0 0 0 0 0 0 0
  0 0 0 1 0 0 0 0 0 0 0 0 0 1 0 0 1]
 [0 0 1 0 0 0 0 0 0 1 0 0 1 0 0 0 0 0 0 1 0 0 0 0 0 0 0 0 0 0 0 0 0 0 0 0
  0 0 0 0 0 1 0 0 0 0 0 0 0 0 0 1 0 0 0 0 0 0 0 0 0 1 0 0 0 0 1 0 0 1 1 0
  1 0 0 0 0 0 0 0 0 0 0 0 0 0 0 0 0 1 0 0 0 0 0 1 0 0 1 0 0 0 0 0 1 0 0 0
  1 0 0 0 1 0 0 0 0 0 0 1 0 0 0 1 0 0 1 1 0 0 0 0 0 0 1 0 0 0 1 1 0 1 0 0
  0 0 0 0 0 0 1 0 0 0 0 1 1 0 0 0 0]
 [0 0 0 0 1 0 0 0 1 0 0 0 0 1 0 0 1 0 0 0 0 0 0 0 0 0 1 1 1 1 1 0 1 0 0 0
  0 0 1 0 0 0 0 0 1 0 0 0 0 0 0 0 0 0 0 0 0 0 0 0 0 0 1 0 1 0 0 1 0 0 0 0
  0 0 0 0 0 0 0 0 0 0 0 0 0 0 0 0 0 0 0 1 1 0 0 0 0 1 0 0 0 1 0 1 0 1 0 1
  0 0 0 0 0 0 0 1 1 1 0 0 0 0 0 0 0 0 0 0 1 0 0 0 0 1 0 0 1 0 0 0 1 0 0 1
  1 1 0 0 0 0 0 1 1 0 0 0 0 0 0 0 0]]
