params：
 weight-->(1, 10)
 proc_times-->(1, 100)
 setup_times-->(60, 120)
 delivery_times-->(100, 200)
 job_rate-->16

start:
alpha_1
16
 alpha_2
2.0
 mach
10
 job
160
 fam
12
 weigh
 [[0 6 8 3 1 6 3 3 3 8 1 3 1 9 3 4 9 8 1 1 2 3 8 9 8 1 1 7 6 8 6 6 1 9 8 3
  5 8 5 7 4 6 6 9 8 4 2 4 9 8 7 2 8 9 3 2 6 8 9 3 3 4 5 9 5 4 8 8 5 4 2 1
  7 2 7 3 8 7 9 3 5 9 1 3 6 8 4 7 7 4 5 5 1 6 6 8 6 2 7 5 8 4 2 9 1 7 9 1
  5 2 5 4 2 5 5 7 7 5 4 8 4 2 9 3 5 7 4 2 9 3 1 7 9 2 7 5 2 8 3 4 7 4 7 9
  6 1 8 3 6 1 5 7 9 7 6 7 1 7 6 1 1]]
 proc_times
 [[  0  63  99  63  58  53 100  31  28  97  80  80  55  60  98  83  59  16
   95  44  36  85  91  43  38  43  47  86  42  78  53  48  57  32  96  74
   71  37  16  51  53  78  21  24  91  64  13  69  66  64  44  45   1  49
  100  54  10  80  76  87  59   3  62   3  57  89  92  85  66  55  60  78
   36  56  12  84  67  24  27  32   2  32  46  86  47   9  99  77  91  70
   26   6  90  54  33  48  69  62  86  51  15 100  76   1  65  61   7  84
   95  45  50  38  72  59  14  25   3  68   4  36   1  33  62  35  66  23
   33  59  55  77  58  74  60  15  62  22  22  62   7  78  24  54  90  79
    9  93  26  12  42  51  20   3  53  84   3  32  59  15  98  94  38]
 [  0  60  34  77  29  28  48  25  35  58   4   3  74  31  63  20  54  99
   81   6  94  45  16  63  43  85  58  12  55  23  91  99  70  90  47  55
   86   4  20  30  39  36  58  77  49  71  59  92  96  47  24  68  44  69
    8   5  94  21  61  30  44 100  29  78  80  30  77  60  90  94  96  71
   83  95  23  24  16  38  36  19  32  80  64   1  62  22  12   6  90  83
   58  81  96  74   2  73  32  38  85  99  51  72  49  25  61  70  31  61
   61  60  96  82  13  87  73  65  65  91  11  47  46  22  92   8  22  30
   35  69  38  82  28  65  83 100  19   8  34  22  32  79  19  71  34  11
   60  82  82  46  77  82  93  46  10  65  13  18 100  37  45  86  38]
 [  0  90   3   2  48  13  91  46  29  92   9  18  36   5  63  23  25  46
   21  87  77  58  81  15   1  16  48  79  41   4  45  60  34  76  58  91
   37  13  20  70  70  44  40   7  60  56  30  21  46  60  71  65  73  56
   26  90  47  24  69  10  54  56  83  32  88  17  69  19  63   6  38  89
   33  22  60   8  54  24  41  54  22  32  92   7  69  23  36  60  38  96
    5  92  88  14  54  52  48  50  18  52  91  77  26  72  36  12  36  57
   21  15  45  98  48  31  80  15  97  26  75  49  93  57  64  54   3  37
   25  72  38  57   1  95  49  74  98  63  75  67  19  20  42  21  46  72
   34  99  86  71   6   2  55  38  64  89   6  40  70  92   8  88  60]
 [  0  72  16  43  22  77  98  44  79  69  84 100  15  59  10  59 100  48
   94  25  52  68  30  11  41   1   7  53  16  43  25  73  34  65   9  95
  100  90  29  57 100  92  90  27  48  76  35  45  60  87  58  35  27  10
   37  86  75  97  98  47  68  89  80  64  28  57  38  97  33  89  84  23
   66  17  74   8  84  92  38  88  93  45  88  75  94  88  48  46  48  84
   22  22  62  83  31  23  81  46  67  56  67  99  81  15  55  21   6  40
   74  66  19   3  26  72  35  68  41  87  65  49  96  93  69  81  18  33
   87  25  20  18  78  61  58  14  21  43  65  14  82  85  65  60  15   1
   80  74  32  97  81  38  53  13  42  90  74   1  94  93  40  98  77]
 [  0  30   4  36  52  29  24  28  64  81   6  11  23  55  32  32  52  24
    4  37  32  49  18  36  10  15  60  32  68  38  20  32  18  34  99  66
   81  69  52  59  88  86  35  36  96  98  44  96  52  86  91   3  72   7
    6  48   7  19  53  24  80  67  35  53   8  84  80  13  91  67  78  21
   47  95 100  46  46  55  34  94  42  91  72  75   1  23  86  35  30  25
   30  26  23  84  81  64  18  96  26  77  58  81  77  32  53  31  35  29
    7  75  77  60  65  63  86  33  62  36  10  72  18  55  11   6  88  29
   34  49  84  86  73  32  25  43  86  58  46  54  88   7  24  80  98 100
   38  41  99  31  96  48  16  68  72  99  32  88  34  91  59  71  91]
 [  0  58  71  48  15  43   4  54  78  37  51  97   7  82  97  60  86  56
    1  92   2  24  99  46  36  33  14  75  57  67  10  70  52  58  13  24
   64  39  21  64  36  61  20  90  84  89  25  17  96  33  88  40  73  48
   60  17  62  97  41  91  61  95  57  59  89  16  53  77  38  41  73  78
   84  98  61   6  91   8  76  41  44  49  10  75  46  75  17  51  15  80
   24  53  63  38  30  87  86  79   5  44  22  92  27  24   6  60  75  63
   45  86 100  53   1  43  81  32   3  78  59   2   2  55  91  92  84  61
   30  91  99  78  33  81  60  26  63   1  70  35  65  37  99  91  53  29
   37  78  33 100  62  12 100  73  35  17   1  82  81  13  25  33  43]
 [  0   1  22  72   4  73  93  33  61  50  41  17  89  82  95  36  65  81
   23  62  79   8  66  68  81  40  15  27  35  77  99  88  75  20  83  38
   60  64  75  17  87  13  14  73  10   9  93  63  26  41  38  51  19  80
   41  55  13  91   2  73  53  15  78   1  84  22  23  47  31  78  11   2
   77  82  14   2   6  96  73  23  94  80  36   9   8  35  14  62  86   4
   88  81  80  40  23  96  80  11  32  41  95  31  97   3  27  10  53  65
   75  96  23  56  57   6  35  75  57  78  54  44  22  71  34  22  47  50
   98  57  34   4  25  89  41  21  16   2  28  21  88  50  93   5  50  85
   49  81  43  38  67  22   4  85  68  82  53  50  20  74  65  83  45]
 [  0  12  20  93  45  75   1  10  26  74  76  42  26   8  19  70  94  45
   92  59  27  79  26  35  31  67   2  38  40  33  78  36  29   5  66  27
   37  98  22  58  74  29  12  89  40  54  21  71  53  56  30  34  46  88
   76  93  98  97  94  59  65  79  96  17  30  80  66  17  60  18  22  48
   78  41   5  60  32  18  40  51  67  73  11  30  15  51   2  49  30  21
   18  77  89  76  26   5   1  68  31  86   5  82  78  37  15  78  27  13
   20  63  38  76  42  55  97  35   6  93  94  56  86  32  84  54  21  22
   41  71  95  27  57  64  31  76  96   1  73  63  67  21  80  47  36  66
   33  60  79  33  53  32  54  78  90  58  36  37  95  14  11  58  34]
 [  0  15  80  26  27  15  37  87  24  56  83  18  42  44  16  32  33  67
   80  70  38  64  83  37  98  97  24  83  87  85  48  43  16  61  28  49
   32  80  30  68  76  63  46  21  98  14  74  77  19  47  19  22  81  20
   61  95   2  93  52  77  37  91  12  99  65  12  79  19  35  71  32  57
   74  20  22  57  24  50  23  48  92  68  83  90  87  67  71  35  60  27
   54  57  14  99  60  63  73  13  21  76  15  37  82  19  12  10  66  42
   73  94   5  98  80  60  50  92  45  37  54  21  91   3  17  15  65   3
   18  14  62  84  83  45  99  28  44  67  69  69  47  24  87  22  46   4
   22  44  56  62  47  24  89  73  70  20  36  23  67  18  33   2  56]
 [  0  51  89  23  52  79   1  29  49  83  58  67  34  74   5  42  63  49
   14  18  74   7   8  23  98  35  68   1  13  72  69  79  18  41  44  91
   82  88  99  53  39  93  99  17  45   4   3  20  51  50  87  64  56  99
    5  43  15  29  45  57  12  85  77  72  26  24  29  80  82  60  78  29
   78   1  65  35  83  37  21  41  65  90  18  98  69   6  96  34  32  85
    8   9  59  90  12   8  39  55  21  86  48  77  20  10  87  82  71  78
   38  33  30  73  19  97  83  79  36  37  78  91  25   2   9  76  34  62
   15  42  99  97  73  19  24   8  86  29   2  23  76  94  75   2  45   9
    2  36  32  12  63  91   1  36  84   8  33  32  57  40  18  34  26]]
 setup_times
 [[[  0  95 107 112  80  91  91 117  63  79  67  60 100]
  [  0   0  70 118  89  93  91 114 111  97  83 119 110]
  [  0 111   0 102 108  90  80 115  69 114 119  97  72]
  [  0  97 101   0  94  72 116  90  97  85  84  62  63]
  [  0  67  98  95   0  95  94  97 119  70  89 110  69]
  [  0  61  72  70 118   0  77  82  89  65 115  73 113]
  [  0  67  98 116  64 111   0  87 109 102  93  92  75]
  [  0 116 112  91  76 105  95   0 107 104  71  94 101]
  [  0  74  96  93  70  74  88  71   0 111 119  69 119]
  [  0 116  81  63  71  80  93  88  80   0  84  61 105]
  [  0  65 111  83  89  61  64 114  90  90   0 119  61]
  [  0  93  77  77 103 109 119  88  82  90  68   0  67]
  [  0 108 105 114 105  96 103  71  90  99  69  89   0]]

 [[  0 117 116 100 110  79 104  69  81  99  78  72 106]
  [  0   0  61  76  88  64 114  60 117  68  76 105 116]
  [  0  90   0 113 117  95  91 116  82  84  94  82  79]
  [  0 103  65   0  98 101 113  79  92 105  87 118  93]
  [  0  76  68 102   0  68  72 103  96  93 104  79  70]
  [  0  72  71  67  97   0  79  66 110  65  75  82 101]
  [  0  78 106 111  90  94   0 109  64 113  76  75  87]
  [  0 103  66  64  88  96 118   0  67  91  87  79  93]
  [  0  90 119  72  64  99 114 116   0  66 111 109  92]
  [  0  79 100  60  88  65  78  89 109   0  69 118  70]
  [  0  81  62 103  93 106  84 101  76 116   0  79 109]
  [  0  85  94  62  95  75 112 104  77 106 105   0  81]
  [  0 109 116 101  79  77 114  92  93  60  79  92   0]]

 [[  0  64 113 119  92  77  93 110  67  65  66 107 108]
  [  0   0  97  71  94  61  63  76  82  80 117  86  73]
  [  0  78   0  67  91 104  94 104  84  81 117 118  78]
  [  0  65 101   0  89  71 111  96  65  82  62  99  79]
  [  0 105  86  95   0 116  91  74  89  65 101 112  71]
  [  0  75  74  71  69   0  83  62 107  90  96  68 104]
  [  0  75  82 105 111  76   0 108  90  79 110  85 114]
  [  0  73  61  62 105  78 106   0  84  91  60  75  72]
  [  0  98  92  91 104 110 105  78   0  90  74  67  85]
  [  0  95  86  81  75  90  62  64 100   0  68  61  94]
  [  0  81  98  93 105  98  67 100  64  92   0  65  67]
  [  0  66  92  80 107  94 119 100  84 106 104   0  81]
  [  0  95 111  63 119 101 119 102 118  86  62 115   0]]

 [[  0  88  87 103 114  74  89  97  61  89  65 101  63]
  [  0   0  89  70  99 110  94  97  79  62  97  74 111]
  [  0  76   0  62 116 100  87  89  98  79  81  83 118]
  [  0  95  61   0  83  94  66  79 115  89 102  70  95]
  [  0  77 114 119   0 110  70  92 105  82  74 101 107]
  [  0  82 111 112 100   0  80 113  71  87  92  80  90]
  [  0 111 111  74 118  73   0  75  75  76  76  76 110]
  [  0  72 113  97  84  73 108   0 116 119  82 101  96]
  [  0  63  80 108  71 101 119  91   0  95  86  93  85]
  [  0 115  87 107 112  92 116  80  92   0  90 107  97]
  [  0  76  87 106  87  77  67  82  65 108   0  96  86]
  [  0  76  67  68 107 101  64 110  97  74 101   0 104]
  [  0  77 106  64 107 107  70  60  89  94 107  80   0]]

 [[  0 101  97  65  63 113 117 112 101  64  92  85  98]
  [  0   0  66  77 100  98  91 115  63 107  67  62  63]
  [  0  88   0  76 108 110  74  69  76  96  95  91  88]
  [  0 119 119   0 109  69 118  63 109  71  72 118  66]
  [  0  75  89  89   0  74 105  96 118  81  61 119 112]
  [  0 112  78  71 114   0  77 103 108  88  95  72 113]
  [  0  79 107  91 112 103   0  95  97 100 110  77 116]
  [  0  89  84 108  86 102  66   0  69 107  93  64  62]
  [  0  80  66 116  78  77  93 100   0  68  66  62  64]
  [  0  75  93 100  73  91  76 114  74   0 107 109  84]
  [  0 108  69  69  78  96  66  76  80  83   0 107  95]
  [  0 116  73 111 105  86 104  73 113  62  77   0  93]
  [  0  80 113  78 110  67 101 108  96  63  97  73   0]]

 [[  0  89  75 110  72 109  92  95  79  95  95  85  71]
  [  0   0 106  78  90  76  71 112  70  87 114  88  92]
  [  0  93   0  64  75  81  76  65  84 107  65  69 108]
  [  0  64  73   0  80  70  63 105 101  89  79  75 107]
  [  0 115  94 108   0  85  97 100 105 115  94 107 106]
  [  0  95  89 106 107   0  74  95  84 116  79  63 109]
  [  0 113  66  98  75  74   0  67 119  69 117 106 119]
  [  0  84  62  70  82 110  85   0  98 109 115  88  97]
  [  0  78  69  77 109 119  91  83   0 115  71  80  80]
  [  0  88 104 101  66 110 118 112  94   0  84  74  92]
  [  0 113  94  80  79 105  61  96  89 101   0  64  75]
  [  0 108  87  76 105  92  99  99  74 119 119   0 108]
  [  0 112 102 106  77  87  98 111  73  82  86 103   0]]

 [[  0 108  68 114 102 114  86  85  78 104  99  63  84]
  [  0   0 116  71  84 107  67  79  84 116 111  93  98]
  [  0  83   0 109  73  78  83  65  80  83 118  98  91]
  [  0  91  70   0  98 114  99  77  68  81  99 119 113]
  [  0 108 112 111   0 117  68  76  72  80 117 106  92]
  [  0 100  68 103  60   0  68 105  93  83  87  74  70]
  [  0 116 106  85 102 105   0  90  97 101  71  81 110]
  [  0 112 106  82 109 117  82   0 114  64 104 102  73]
  [  0 111  94  78  96  73  65  65   0 103  86  62  75]
  [  0  67  81 105  74  88  79  75  79   0  83  81  92]
  [  0  96 100 104  65  82  86 115  97 119   0 115  67]
  [  0  65 105  95  93  91 102  84 107  75  89   0  75]
  [  0  96  64  89  88 108  74  73  78 109  92 116   0]]

 [[  0 114 109 104  63 101 108  91 115 114 111  81  81]
  [  0   0  96 107  70 108  77  97 104  67  88 116 104]
  [  0  64   0  90  99  91  63  81  87 113  92  81 116]
  [  0  70  68   0  69 115  77  64 115  86 110  84  97]
  [  0 108  73 108   0  91 108  76  78 104  96 111  64]
  [  0  73  68  76  87   0  88  78  96  71 101 116 107]
  [  0 106  99  89 112  99   0  66 118  65 111 106 114]
  [  0 104  93 118 110  78  97   0 115 104  68 110  87]
  [  0  64  67  91 107  67  66  85   0  83 103  68  78]
  [  0  90 109  68  62  90  88  80  95   0  61 101  79]
  [  0  79  98  76  94  97  87  90  92 105   0  91  95]
  [  0 118 103  83 116  63 104  86 106 116  71   0  65]
  [  0  74  65  92 114 116  79  71  64  60  97  88   0]]

 [[  0 104  89  78  81  88  71 110  60  66  67  61  72]
  [  0   0  88 101  79 108 116  94 117  96  82  98 101]
  [  0 116   0  87  97  93 109 107 116 106 105  63  63]
  [  0 109  77   0  80  83  86  84  82 104 103  76 112]
  [  0  78 113  99   0 108  74  99  80  88  75  97  73]
  [  0  62  93 110  97   0  95 105  82 105  79 119  96]
  [  0  72 110  84  90 116   0 115  71  75 102 107  72]
  [  0  65  71 111  62 106 115   0 108 110 103 102  65]
  [  0 102  91  93  78  77  81  69   0 103  62  66 104]
  [  0  91  92  96  78  72  94  61  62   0  70  80  69]
  [  0  66  60  80  81  70  77  88 119  78   0  95 117]
  [  0  67  63  66 100  79  88  95  71  81  95   0  87]
  [  0  90  80  88  71  89  95  68  97  92  85  79   0]]

 [[  0 109 118 105 102 104  87 109 116  78  78  67  65]
  [  0   0 113  85 113  87  71 108  82  87  82  77  93]
  [  0  60   0  98  64  98  96  69  70  67  67  71  67]
  [  0  84  71   0  80 110 114  92 114 119  99 111  86]
  [  0  89  75 113   0  94  86 110  70  99 112  85  83]
  [  0 101 109  93  87   0 101  74  85 113 106  73  89]
  [  0 105  71  73  82  71   0 100 116  73  60 102 118]
  [  0 112  88  75  67  64  64   0  86 115 114 106  73]
  [  0  93  90  62 101 100  82 108   0 103  60  98  85]
  [  0 106 117  66  76  64 114  83 112   0  91  63 117]
  [  0  81 101  97 105  73 102  74  63  81   0 102  76]
  [  0  93  95  90 107  61 115  75  99  90  89   0  81]
  [  0  78  70  83  76  65  85  61  62  78  81 113   0]]]
 delivery_times
 [[  0 194 152 170 157 125 101 121 123 175 130 142 120 127 144 156 124 166
  135 109 128 182 140 166 184 179 197 107 184 192 183 121 103 153 105 154
  170 141 130 197 121 157 151 133 128 156 193 148 108 104 199 122 197 141
  134 181 117 130 198 115 178 140 154 152 119 148 199 150 112 104 127 140
  163 157 108 107 107 148 145 155 152 154 199 174 185 105 164 134 106 143
  158 188 193 151 170 199 166 102 116 191 114 191 117 151 132 196 166 156
  180 199 171 185 166 158 150 124 175 123 156 182 157 147 121 162 154 126
  154 169 189 179 147 179 112 184 153 131 134 110 130 103 133 174 131 156
  108 128 190 158 160 178 195 113 156 102 118 141 148 171 124 145 118]
 [  0 153 182 196 179 105 166 148 122 147 104 161 168 106 194 175 187 111
  171 169 195 160 148 135 179 103 151 105 137 186 152 121 140 128 167 103
  100 109 118 190 181 187 170 103 191 103 138 108 139 149 157 120 123 164
  103 164 164 113 129 134 119 101 187 124 113 184 188 112 175 155 193 199
  174 141 173 139 142 176 127 107 124 132 160 144 143 113 108 122 173 110
  155 164 151 141 149 184 172 149 137 121 157 190 148 146 188 113 105 153
  121 156 163 190 160 173 170 152 197 172 177 118 156 192 170 187 167 126
  166 155 130 119 126 114 133 100 140 185 183 123 168 184 113 199 115 123
  143 123 185 193 142 129 157 169 184 187 155 185 192 156 167 112 113]
 [  0 135 189 154 173 192 152 130 173 130 128 197 195 159 151 166 184 107
  119 149 180 117 182 171 122 154 111 134 101 163 176 119 111 173 123 136
  114 157 145 167 162 118 113 160 167 176 100 119 146 172 193 177 191 135
  116 196 167 137 166 189 185 190 116 163 169 103 116 177 177 151 142 103
  129 157 145 172 143 182 196 111 123 195 178 103 154 127 150 110 191 109
  113 195 131 113 116 153 111 183 140 143 150 149 180 142 100 155 110 109
  160 132 183 190 107 191 129 183 187 107 143 160 113 189 133 116 182 193
  167 145 103 189 166 115 159 140 144 156 122 117 103 146 140 177 171 116
  152 196 165 199 161 179 122 119 122 175 122 199 105 130 194 167 189]
 [  0 188 116 198 158 138 112 163 106 136 188 122 175 120 103 158 157 159
  154 174 113 116 122 161 118 105 196 187 138 198 166 187 131 173 168 187
  159 167 185 183 146 132 185 141 128 167 194 184 110 153 170 135 127 172
  177 128 193 159 146 100 113 102 105 177 105 175 163 109 114 139 115 188
  119 145 157 133 104 109 170 145 146 121 147 107 149 172 199 147 134 188
  198 199 130 124 100 107 125 125 115 183 164 137 119 103 150 105 109 189
  121 179 174 177 171 113 125 154 150 162 139 105 136 187 113 124 166 131
  137 117 115 130 189 168 104 118 171 150 154 188 194 169 142 123 118 114
  175 187 142 160 196 179 153 186 132 145 111 148 159 147 185 193 178]
 [  0 120 121 195 146 146 182 178 150 165 172 118 161 198 156 187 197 117
  115 185 126 175 188 103 135 110 162 105 113 110 137 125 105 121 198 101
  136 162 126 165 195 171 109 180 139 195 151 132 142 179 124 166 102 135
  147 128 196 121 120 157 104 122 139 164 184 194 146 165 153 141 168 159
  172 164 104 193 193 109 117 143 168 186 113 147 100 134 181 172 188 124
  195 118 151 168 159 128 179 144 121 103 164 149 104 123 113 188 168 185
  194 165 125 144 105 148 118 109 163 104 197 139 125 157 107 194 170 199
  174 162 153 112 116 179 125 171 175 155 165 119 129 123 142 102 194 198
  120 119 155 127 121 160 199 183 178 100 172 149 172 172 124 153 106]
 [  0 183 199 102 188 173 153 121 191 175 127 125 193 155 123 102 139 180
  155 129 178 123 147 116 123 136 174 179 156 126 153 160 131 183 124 184
  195 124 188 190 128 142 139 174 154 138 139 112 192 112 140 161 124 107
  116 170 104 196 161 188 173 142 146 143 198 194 169 170 147 126 176 125
  106 175 141 133 108 116 123 162 196 101 192 166 162 173 175 179 197 130
  186 132 147 124 133 137 172 145 186 114 148 187 187 173 178 162 141 168
  177 178 103 104 132 181 161 127 170 180 116 153 114 120 133 117 113 123
  142 129 109 138 158 134 162 196 108 180 170 154 144 179 194 150 194 195
  160 153 151 139 192 131 130 152 159 154 170 114 186 161 161 101 117]
 [  0 163 173 146 172 186 165 123 156 174 177 116 128 170 178 189 122 116
  141 190 155 140 183 112 109 124 168 185 186 184 181 135 130 138 161 143
  175 134 155 105 143 185 159 128 135 156 191 120 162 108 154 191 121 187
  191 194 119 126 113 129 139 143 123 152 167 168 189 135 145 151 113 176
  163 136 179 184 142 171 178 176 173 188 144 159 166 170 150 187 135 187
  175 119 105 142 112 127 174 190 101 111 142 131 183 116 172 107 161 135
  116 156 183 197 151 183 107 155 130 111 147 169 129 151 196 151 140 101
  145 103 117 167 178 111 173 144 116 193 151 102 103 184 138 174 111 135
  199 116 171 102 196 189 131 147 162 172 160 188 142 102 165 187 163]
 [  0 139 192 144 161 138 187 126 126 100 125 104 115 114 149 108 126 190
  128 149 145 172 120 157 132 199 181 183 137 133 137 127 154 126 141 181
  148 139 174 108 114 194 180 175 195 115 125 134 106 129 109 172 178 193
  109 113 192 134 108 117 198 181 146 180 184 169 103 135 134 107 168 119
  149 112 199 143 103 100 164 189 197 193 195 156 128 123 141 121 157 196
  135 189 147 126 138 130 142 141 138 132 191 181 196 181 197 188 177 186
  187 157 125 185 186 125 180 120 186 104 156 101 185 167 147 170 130 129
  188 113 137 137 164 166 131 138 176 169 147 162 167 170 143 161 199 119
  102 117 172 199 177 118 180 143 166 187 116 100 188 176 155 154 155]
 [  0 145 119 119 113 160 193 102 120 166 174 157 197 134 162 147 101 144
  100 137 153 169 167 137 131 162 172 108 196 181 106 169 150 108 133 162
  111 156 159 114 157 133 104 101 128 155 133 113 195 189 126 149 159 182
  167 153 133 114 141 194 183 118 166 173 186 196 140 192 159 165 125 135
  189 100 152 197 185 136 188 136 192 173 123 121 141 164 114 154 180 133
  180 105 122 130 178 137 114 101 155 174 124 165 120 110 171 168 154 147
  154 120 139 115 191 154 176 124 112 196 138 196 110 195 161 175 187 183
  119 143 108 120 106 136 137 115 188 146 156 169 198 135 114 123 196 192
  115 166 152 128 159 149 111 135 141 139 131 190 113 115 155 160 153]
 [  0 159 124 176 121 168 115 133 121 133 115 146 121 188 156 172 168 102
  142 112 194 192 110 109 125 190 159 168 118 133 199 175 103 168 170 137
  154 199 115 145 102 168 127 137 105 162 144 125 184 117 194 179 150 108
  162 106 116 167 165 112 147 135 192 189 129 126 147 191 152 164 100 122
  159 179 120 162 111 174 142 161 114 118 130 172 186 106 192 148 139 129
  103 169 102 134 116 186 128 148 173 169 105 178 184 149 178 133 118 183
  139 171 151 116 134 173 108 116 134 176 147 158 187 109 135 176 146 105
  181 111 188 131 153 124 128 165 148 134 117 159 102 157 106 151 187 181
  188 140 101 135 184 136 194 184 114 160 107 112 187 177 104 128 112]]
 job2fam
 [[1 0 0 0 0 0 0 0 0 0 0 0 0 0 0 0 0 0 0 0 0 0 0 0 0 0 0 0 0 0 0 0 0 0 0 0
  0 0 0 0 0 0 0 0 0 0 0 0 0 0 0 0 0 0 0 0 0 0 0 0 0 0 0 0 0 0 0 0 0 0 0 0
  0 0 0 0 0 0 0 0 0 0 0 0 0 0 0 0 0 0 0 0 0 0 0 0 0 0 0 0 0 0 0 0 0 0 0 0
  0 0 0 0 0 0 0 0 0 0 0 0 0 0 0 0 0 0 0 0 0 0 0 0 0 0 0 0 0 0 0 0 0 0 0 0
  0 0 0 0 0 0 0 0 0 0 0 0 0 0 0 0 0]
 [0 0 0 0 0 0 0 0 0 0 0 0 0 0 0 0 0 0 0 0 0 0 0 0 0 0 0 0 0 0 0 0 0 0 0 0
  1 0 0 0 0 0 0 0 0 0 0 0 0 0 0 1 0 0 1 0 0 0 0 0 1 1 0 0 0 0 0 0 0 1 0 0
  0 0 0 0 0 1 0 0 0 0 0 0 0 0 0 1 0 0 0 0 0 0 0 0 0 0 0 0 0 0 0 0 0 0 1 0
  0 0 0 0 0 0 0 0 0 0 0 0 0 0 0 1 0 0 0 0 0 0 0 1 0 0 1 0 0 0 0 0 0 0 0 0
  0 0 0 0 0 0 0 0 0 0 0 0 0 0 0 0 0]
 [0 0 0 1 1 1 0 0 0 0 1 0 0 0 1 0 0 0 0 0 0 0 0 0 0 0 0 0 0 0 0 0 0 0 0 0
  0 0 0 0 0 0 0 0 0 0 0 0 0 0 0 0 0 0 0 0 1 0 0 0 0 0 0 1 0 0 0 0 0 0 0 0
  0 1 0 0 0 0 0 0 0 0 0 0 0 0 0 0 0 0 0 0 0 0 0 0 0 0 0 0 1 0 0 0 0 0 0 0
  0 0 0 0 0 0 0 0 0 1 0 0 1 0 0 0 0 0 0 0 0 0 0 0 0 0 0 0 0 0 0 0 0 0 0 0
  0 0 0 0 0 0 0 0 0 0 1 0 0 0 0 0 0]
 [0 0 0 0 0 0 0 0 0 0 0 0 0 0 0 0 0 0 1 0 0 0 0 0 0 0 1 0 0 0 1 0 0 0 0 0
  0 0 0 0 0 0 0 0 0 0 0 0 0 0 0 0 0 0 0 0 0 0 0 0 0 0 0 0 1 0 0 1 0 0 0 0
  0 0 1 1 0 0 0 0 0 0 0 0 0 0 1 0 0 0 0 0 0 0 0 0 0 0 0 0 0 0 0 1 0 0 0 0
  0 1 0 0 0 0 0 0 0 0 0 0 0 0 1 0 0 0 0 0 0 0 1 0 0 0 0 0 0 0 0 0 0 0 0 0
  0 0 0 0 0 0 1 0 0 0 0 0 0 0 0 0 0]
 [0 0 1 0 0 0 0 0 0 0 0 0 0 0 0 1 0 0 0 0 0 0 0 0 0 0 0 0 0 0 0 0 0 0 0 1
  0 0 1 0 0 1 0 0 0 0 0 0 0 1 1 0 0 0 0 0 0 0 0 0 0 0 0 0 0 0 0 0 0 0 0 0
  0 0 0 0 0 0 0 0 0 0 0 0 0 0 0 0 0 0 0 1 0 0 0 1 0 0 1 0 0 0 0 0 0 1 0 0
  1 0 1 0 0 0 0 0 0 0 1 1 0 0 0 0 0 1 0 0 0 0 0 0 0 0 0 0 0 0 0 0 0 0 0 0
  0 0 1 0 0 0 0 0 0 0 0 0 0 0 0 0 0]
 [0 0 0 0 0 0 1 0 0 0 0 1 0 0 0 0 0 0 0 0 0 1 0 0 0 0 0 0 0 0 0 0 0 0 0 0
  0 0 0 0 0 0 0 0 0 0 0 1 0 0 0 0 1 0 0 0 0 0 0 0 0 0 0 0 0 1 0 0 0 0 0 0
  0 0 0 0 0 0 0 0 1 0 0 0 0 0 0 0 1 0 0 0 0 0 0 0 0 0 0 0 0 0 0 0 0 0 0 0
  0 0 0 1 0 0 1 0 0 0 0 0 0 0 0 0 0 0 0 1 0 0 0 0 0 1 0 0 0 0 0 0 0 0 0 0
  0 0 0 0 0 0 0 0 0 0 0 0 0 0 0 0 0]
 [0 1 0 0 0 0 0 0 0 0 0 0 0 0 0 0 1 1 0 0 0 0 0 0 0 0 0 0 0 0 0 1 0 0 0 0
  0 0 0 0 0 0 0 0 0 1 0 0 0 0 0 0 0 0 0 0 0 0 0 0 0 0 0 0 0 0 1 0 0 0 0 0
  0 0 0 0 0 0 0 0 0 0 1 1 0 0 0 0 0 0 0 0 0 0 0 0 0 0 0 0 0 0 0 0 0 0 0 0
  0 0 0 0 0 0 0 0 0 0 0 0 0 0 0 0 0 0 0 0 0 0 0 0 0 0 0 0 0 0 0 0 0 0 0 1
  0 0 0 0 0 0 0 1 0 0 0 0 0 0 1 0 0]
 [0 0 0 0 0 0 0 0 0 1 0 0 0 1 0 0 0 0 0 0 0 0 0 1 0 0 0 0 1 0 0 0 0 1 0 0
  0 0 0 0 0 0 1 0 1 0 0 0 0 0 0 0 0 0 0 0 0 0 1 0 0 0 0 0 0 0 0 0 0 0 0 1
  0 0 0 0 0 0 0 0 0 0 0 0 1 0 0 0 0 1 0 0 0 1 0 0 0 0 0 1 0 0 0 0 1 0 0 1
  0 0 0 0 0 0 0 0 1 0 0 0 0 0 0 0 0 0 0 0 0 0 0 0 0 0 0 0 0 0 0 0 0 0 0 0
  0 0 0 0 0 0 0 0 0 1 0 1 0 0 0 1 0]
 [0 0 0 0 0 0 0 0 0 0 0 0 0 0 0 0 0 0 0 0 0 0 1 0 0 0 0 0 0 0 0 0 0 0 0 0
  0 0 0 0 0 0 0 0 0 0 0 0 1 0 0 0 0 0 0 1 0 1 0 0 0 0 1 0 0 0 0 0 1 0 0 0
  0 0 0 0 0 0 0 0 0 1 0 0 0 0 0 0 0 0 0 0 0 0 1 0 0 0 0 0 0 0 0 0 0 0 0 0
  0 0 0 0 0 1 0 0 0 0 0 0 0 0 0 0 1 0 0 0 0 0 0 0 0 0 0 0 0 0 0 1 0 0 0 0
  1 1 0 0 1 0 0 0 0 0 0 0 0 1 0 0 1]
 [0 0 0 0 0 0 0 1 0 0 0 0 0 0 0 0 0 0 0 1 0 0 0 0 0 0 0 0 0 0 0 0 0 0 1 0
  0 0 0 0 0 0 0 0 0 0 0 0 0 0 0 0 0 0 0 0 0 0 0 0 0 0 0 0 0 0 0 0 0 0 0 0
  0 0 0 0 0 0 0 0 0 0 0 0 0 0 0 0 0 0 0 0 1 0 0 0 1 0 0 0 0 0 0 0 0 0 0 0
  0 0 0 0 0 0 0 0 0 0 0 0 0 0 0 0 0 0 0 0 1 0 0 0 0 0 0 0 0 0 0 0 0 0 1 0
  0 0 0 0 0 1 0 0 0 0 0 0 0 0 0 0 0]
 [0 0 0 0 0 0 0 0 0 0 0 0 0 0 0 0 0 0 0 0 0 0 0 0 0 0 0 0 0 0 0 0 0 0 0 0
  0 0 0 0 0 0 0 0 0 0 0 0 0 0 0 0 0 1 0 0 0 0 0 1 0 0 0 0 0 0 0 0 0 0 1 0
  0 0 0 0 1 0 1 0 0 0 0 0 0 1 0 0 0 0 1 0 0 0 0 0 0 0 0 0 0 0 0 0 0 0 0 0
  0 0 0 0 1 0 0 0 0 0 0 0 0 0 0 0 0 0 0 0 0 1 0 0 1 0 0 1 0 1 0 0 1 1 0 0
  0 0 0 0 0 0 0 0 0 0 0 0 1 0 0 0 0]
 [0 0 0 0 0 0 0 0 0 0 0 0 0 0 0 0 0 0 0 0 1 0 0 0 1 1 0 0 0 1 0 0 0 0 0 0
  0 1 0 1 0 0 0 0 0 0 1 0 0 0 0 0 0 0 0 0 0 0 0 0 0 0 0 0 0 0 0 0 0 0 0 0
  0 0 0 0 0 0 0 0 0 0 0 0 0 0 0 0 0 0 0 0 0 0 0 0 0 1 0 0 0 1 0 0 0 0 0 0
  0 0 0 0 0 0 0 1 0 0 0 0 0 1 0 0 0 0 1 0 0 0 0 0 0 0 0 0 0 0 1 0 0 0 0 0
  0 0 0 1 0 0 0 0 1 0 0 0 0 0 0 0 0]
 [0 0 0 0 0 0 0 0 1 0 0 0 1 0 0 0 0 0 0 0 0 0 0 0 0 0 0 1 0 0 0 0 1 0 0 0
  0 0 0 0 1 0 0 1 0 0 0 0 0 0 0 0 0 0 0 0 0 0 0 0 0 0 0 0 0 0 0 0 0 0 0 0
  1 0 0 0 0 0 0 1 0 0 0 0 0 0 0 0 0 0 0 0 0 0 0 0 0 0 0 0 0 0 1 0 0 0 0 0
  0 0 0 0 0 0 0 0 0 0 0 0 0 0 0 0 0 0 0 0 0 0 0 0 0 0 0 0 1 0 0 0 0 0 0 0
  0 0 0 0 0 0 0 0 0 0 0 0 0 0 0 0 0]]
