params：
 weight-->(1, 10)
 proc_times-->(1, 100)
 setup_times-->(30, 60)
 delivery_times-->(170, 200)
 job_rate-->8

start:
alpha_1
8
 alpha_2
1.0
 mach
20
 job
160
 fam
5
 weigh
 [[0 9 9 2 4 9 5 1 6 2 6 7 2 2 2 5 1 7 3 1 9 8 9 3 5 8 1 4 2 7 7 3 4 5 2 7
  6 3 6 6 3 2 6 4 6 9 4 1 4 9 7 1 8 6 1 8 4 8 3 4 3 6 4 8 8 7 7 6 5 8 3 3
  1 3 6 9 6 7 6 4 1 9 9 2 9 7 7 5 4 3 3 2 5 6 2 6 9 1 4 2 8 2 1 7 3 2 5 5
  4 1 3 6 2 3 5 5 6 8 8 7 5 7 3 8 4 6 5 5 6 7 7 6 3 4 9 7 8 3 8 8 1 9 9 5
  9 9 6 4 3 1 8 3 6 8 7 6 2 2 3 5 4]]
 proc_times
 [[  0  40  61  25  44  39  51  78  63  45  57  20  23  96  20  59  62  93
   84  79  18  44  62  38  61  20  77  96  43  63  64   4  19  49  63  34
   86  57  44  81  92  28  50  42  99  75  54  15  24  98  15  38  25  68
   91  65   5  85   3  51  50  38  96  54   9  81  99  53  85  36  99   8
   11  57   9  58  73   2   9  74  31  20  71  14  37  89  43  64  22  38
    4  31  57  93  37  44  18  78  91  52  27  45  46   4  53  54  75  92
   60  75  26  59  51  33   8  96  99  77   7  36  40  65  91  31   7  92
   84  71  62  49  50  87  68 100  86  24  29  55  61  96   3   6  31  49
   73  32  58   1  64  25  41  98  92  76  49  19  74  85  30  97  30]
 [  0  93  71  78  78  89  62  49  42  31  39  30  62  51  94  36  57  93
   64   7  71  44  41  27  31  15  38  48  23  16  33  99  34  26  15  66
   47  51  88  98  57  51  81  38  34   4  26  64  31  15  11  97  10  80
   17  60   6  86  13  74  54  41  31  97  49  43  83  96  63  96  97  59
  100  25  94  65  80  28  36   1   3  93  36  82  59  79  36   6  94  38
    9  99  93  38  14  10   9  39  92  81   7  58   6  59  76  73  64  79
    8 100  30  21  68  91  12  82  18  10  22  63   7   9  19  75  78  19
   67  17  11  35  59  51  62  57  46  58  86  58  73  54  23  57  20  22
   54  27  88  87  63  38 100  43  36  56  72  54  38   7  21  35  85]
 [  0  27  74  69  60   5   1  61  86  45  98  17  63  75   6  93   9  44
   68  36  90  85  25  12  81  33  17  22  68   7   9   6  93  61  15  14
  100  99  91  55  83  41  26  59  32  95  69  67  41  17  34  42  92  35
   10   9  51  30   4  36  59  79  75  55 100  93  93  74  72  63  94   2
   24  52  63  23  20  73  91  16  56  46  23 100  23  96  38  32  38  93
   53  41  61  57  25  20  46  99  64  52  74  42  55   6  15  97  83  11
  100  59  77  32   5  19  34  10  17   6  36  65  18  81  96  61  18  67
    5  80  16  17  90  58  63  11  45  15  79  71  39  72  33  19   6  51
  100  24  40  68  93  47  34  24  55  89  95  15  89  71  86  22  95]
 [  0  15   5  12  61  68  86  37   3  62  29  63  25  23  55  40  44  86
   90  76  95  39  37  31  90  87  49  29  81  69  57  26  47  60  22  19
   76  28  57  68  93  82  53  12  18  75  28  32  48   6  30  42  49  71
   23  59  18  43  68  54  10 100  19  54  94  64  42  17  14  54  54  56
    2  46 100  89  84  55  57  93  18  98  99   5  23  94  22   2  24  86
    4  83  76  21  41  60  46  76  96  73  79  74  50  56  37   8   2  43
   45  84  25  83  74  49  75  19  42  23   6  13  11  13  19  22  98  43
  100  86   4  25  89  18  85  77  48  35  95  20  17  74  12  76  15  20
   83  89  44  79  37  65   7  78  91  85  85  12  72   1  27  67  50]
 [  0   6  35  77  94  53  24  26  85  89   5   4  91  56  54  87  45  46
   24  32  67   5  88  24   4  51  86  95  78   2   5  38  30  49  78  96
   56  14  64  62  25  76  76  23  69  99  41  76  95  49  60  34  94  85
   60  90  56  90  34  78  68  45  98  95   7  80  14  48   2  92  73  37
   11  75  63  72  36  55   7  10  77  18  26   9  98  50   5  30  98  84
   73  66  71   6  20  26  52  98  68  54  11  11  30  51  37  46  37  85
   45  44  41  10   4   3  69  11  60  43  50  99  39  69  85  83  42  10
   21  64  81  36  20  11  73  82  68  57   7   8  77  52  63  62  70   7
   98  92  39  36  49  79  41  37  54  78  50  25   6  61  77  81  87]
 [  0  32  82  56  47  24  15  78  10  14  90  85   3   1  89  49  98  41
   23  43  21  16  78  32  48  10  73  95   4  60  75   6  53  38  40  32
   78  27  11  12   8  58  48  26  10  39  21  29  32  65  82  53  47  72
   47  90  16  83  38  87  84  83  26  29  96  85  98  71  24  36  86 100
    7  23  43  41  28  11   9  92  39  62  95  30   3  55  90  90  76   7
   38  83  52  40  21  18  76  32  54  51  44  71  77  40  98   7  34  41
   24   1  77  87  87  54  56  19  72  83  85  50  46  22  50  47  63  20
   66  14  18  45  33  18  92  71  98  12   6  42  94   9  58   8  73  22
   40  91   6  46  60  26  38  78 100   9  40  78  28  70  21 100  54]
 [  0  43  98   2  34  55  86  21  57  81  96  19  60  92  70  16  72  90
   57  60  47  22  34  26  95   9  57  59  74  37  35  65  91  31  78  47
   49  46  96  65   3  48  97  27 100  85  35  36  42  42  59  87  55   6
   54  39  62  35  41  96  97  86  60  61  73   5  99  80  58   6  64   7
   19  63  54  65  10  74  24  42   7  80  80  52  86  70  39  93   8   3
    6  92  75  68   8  86  76  98  24   8  27  68  33  86  49  85  69  96
   90  82  10  42  98  25  94  17  21  76  17  12   6  44  54  44  99  68
   27  71  49  62  78  50  87  53  43  78  61  63  23  90  48  63  74  10
   56  27  14  26   4  47 100  94  49  25  76  87  54  60  78  88  71]
 [  0  46  86   3  62   6  10  56  30  93  85  61  23  19  75  65  52  48
   41  18  31   5  47 100  44  50   5  11  18  46  14  45  23  15  66  42
   23  41  54  36  73  86  51  82  43  74  77  53  59  50  76  28  50  53
   16  69   7  56  59  87  12  11  85   4  42  80  89  96  51  47  15  35
   90  99  40  42  88  90  92  37  45  84  36  58  13  13  10   5  90  23
   39   9  46  66  89   9  43  36  28   3  36  59  93   6  91  94  64  44
   32  61  12  13  77  44  58  16  37  52  92  61   1  17   9  88   4   6
   51  28  93   7  78  10  36  13  90  11  89  51  35  57  39  49  66  61
   80  16  17   3  52   8  77  53  13  80   9  31  25  85  17  65  31]
 [  0  19  44  99  68  12  99  81  22  12  98  61  34   6  92  74  85  95
    5  22  85   8  26  60  98  32  14   7  75   5  87  79  32  93  63  48
    5  67  89  29  85  64  99  45  12  44  57  69  46  49  57  94  56  86
   29  83  45  69  63  73  46  52  38  75  86  42  95  87  70  77  91  81
   47  18  55  81  51  25  15  74   5  33  36  87  32  35  10  39   5  97
   87  50  73  64  55  14  58  96  60  83  64  27  66  38  90  23  38  98
   32  89  42  15  54  54  95  90   5  81  61  10  98  36  56  77  20  79
   78  79  78  39  63  73  10  96  16  24  21  77  49  23  56  31  52  58
   28   2  90   9  21  68  18  66  93  48  58  27  63  86  24  84  77]
 [  0  78   7  93  68  11  23   4  33  18  94  55  97  45   3  44  43  56
   58  50  67  74  37  88   7  30  20  17   7  99  27  67  21  84  52  37
   66   6  33   7  58  71  45  12  78  79  81  73  48   6  71  51   4  33
   75  59  39  99  70   8  65  48  54  62  52  49  33   4  78  93  17   1
   58  54  87  87  28  45  21  87  11  35  37  92  96  60  79  63  45  53
   90  24  24  77  49  48  32  40   7  19   4   9  72  12  89  24  98  81
   98  42  63  46  63  31  55  46  88  72  85  80  53  28  54  68  54  72
   58  84  54  14  15  97  84  89  38  55  73  65  59  53  98  64  90  73
   68  16   3  98  52   1  31  18  85   5   6  90  32  38  80   7  68]
 [  0  94  79  88  80  62  15  80  45  16  92  69  45  48  31  24  48  52
   83  19  79  49  78  72  79  99  68  96  70  94  79  60  77  92  79  37
   43  23  72  19  93  34   6   5  61  99  85  21  74  56 100  86  63  46
   54  91  33  48  15  11  42  38  34  29  27  26  94  17  21  89  49  87
   19  72  98  98  83  94  29   8  82  34  30  47  39  48  74  43  69   2
   57  98  48  67  66  90  19  17  23  85  58  84  76  81  70  54  68   9
   63  57  88  27   6  47  50  74  71  16  77  71  97  62  28  53  61  67
   61  79  80  85  94  53   7  96   2  10  48  56  40  70  64  81  14   3
   21  93  65  73   9  14  13  26  82  18  79  90  51  91  60  32  32]
 [  0  60  49  10  93  48  11   7  99  98  36  96  16  57   8  42  19   7
   50  10  43  78  10  25  34  85  63  51   3  46  90  39  16  17  59  33
   57  80  81   5  93  14  74  23  68  46  41  79  60  97   9  51  21  41
   52  35  53  38  66  69  31  29  20  61  80  78  26  86   4  29  64   2
   78  56  28  49   6   4   2  41  76  51  91  43  61  54  56  36  90  54
   44  95  48  61  36  73   3  16  79  54  54  96  84  11  69  20  21  71
   20  34  66  53  48  72  33  28   2  70  46  58  55  62  14  10   2  17
   74  48  77  84  66  85  22  12  28  92  83  42  25  54  54  80  10  40
   88  10  81  85  25  39  20  27  89  54  48  99  63  47  58  54   2]
 [  0  42  25  18   7  69  19  54  31  67  87  86  55  49  63  78  12   9
    5   4  61  65  24  38  91   7  85  56   7  34   7  69  22  61  81  76
    2  53  18  51  42  95  96  74  46  93   4  52   6  74  33  27  39  31
   92  13  63   6  71  50  67  35  68   2  97  57  75  75  37  83  79  48
   45   8  85  99  71  72  93  14  53  23  81  73  12  73  79  49  41  30
   20  68  70  58  78  24  56  44  54  12  15  92  55  40  43  36  43  47
   45  11  88  54  44   6  39  25  58   1  90  47  41  10  95  18  73   3
   33  97  69  60  75  96  51  30  95  48  57   7  84  13  56  45  22  27
   25  52  49   7  94  21   6  32  22  60  14  86  67  65  95   2  86]
 [  0  17  99  75  94  17  14  69  72  69  99  13  37  44  55  32  60  29
   56  61  61  28  71  13  41  44  80  97  55   2  57   9   5  86   7  60
   45  95  94  57  76  52  75  43  55  20   7  99  28   1  21  13  45  28
   84  64  23  19  81   9  83  64  84  83  10  40  69  51   8  83  90  57
   41  16  71  10   5  23  30   4  32  61  54  74  86  81  82  18  46  22
   61  45  41  32  73  56  49  60  76  79  12  80  40  94  10  79   7  41
   65  92  18  42   5  14  52  64  10  51  51 100  22  63  79  36   4   3
   67  98  28   1  60  65  20  72  97  62  33  63  72  32  34  30  15  23
   29  83  90  73  26  19  74  79  45  21  65  88  89  97  28  70  49]
 [  0  18  34  77  18  53  12  22  14  83  30  45  36  72  24  35   9   3
   76  34  55  44  95  27  25  56  90  43  95  72  95   7  42  70  24  70
   74   3  68  96  65  83  32  79  37  92  85  83   7  64 100  95  43  50
   58  10  10  87   6  94  25  64  28  97  39  78  94   2  66  35  53  71
   50   2   4  93   3  41  61  48   7  39  97  11  17  54  92  85  15  73
   21  85  51  69   2  52  75   3  96   2  62  69  69  16   7  56  32  19
   59  92  79  57  28  92  20  89  96  98  49  33  81  32  52  62  12   9
   85  64  80  39   4  68  58   4  52  34  50  30  12  18  11  13  52  96
   74  13  33  68  32  99  90  28  67  77   1  39  84  55  98  58  62]
 [  0  20  99  12  56  85  82  25  43  31  44  15  23  36  82  18  97  26
   51   3  64  65  78  64  62   7   4  47  87  58  19  19  70  65  61  51
   97  82  11  92   8  28  40  13  20  78  47  45  82  62  31  72  79  94
   89  51  58  65   6  74  51  93  45  59   4  45  16  83  38  78  86  59
   20  87  35  86  52   2 100   9  46  86  92  97  41  34  15  79 100  97
   24  43  71  36  62  86  91  67  38  21   4  44  25  50  43   5  61  96
   62  50  20  26  64  18  33  64  19  58  88  58  57  99   8  59  31  44
   11  12  47  92  40  35  65  13  65  12  10 100  96  67  99  50  91  54
   98  97  87  58  39  28  69  52  24  49  73  43  17   6   7  41   2]
 [  0  73   7  98  17   7  94  66  30  60  83  46  99  10  67  81  38  55
   63  89  63   6   8  43  89  48  95  99  72  13  47  80  85  28  31  84
   97  22  49  21  57  53  63  82  94  94  56  78  35  65  44  16  27  71
   60  83  30 100  40  47  58  32  12  93  17   6  78  87  71  79  69  17
    7   7  57  35  48  12  11  10  76  38  10  93  36  97  99  71  67  65
   23  33  84  66   3  79  97  47 100  63   6  29   8  38  80  11  29  14
   83  29  49  23  76  82  17  22  13  95  72  70  74  32  81  60  37  42
   29  25  25 100  61  62  26  90  13  81  89  16  12  95   8  90   9  77
   30  58  36  97  82  41  41  52  24  62  80  40  71  21  37  22  94]
 [  0  86  79  71  30  44  30  68  81  12  63  21  52  75  57  14  47  24
   11  72  88  66   7  59  81  30  56  89  17  97  52  98  54  46  90  53
   23  69  97  23  73  76  79  64  43  11   5  76  91  63  24  34  11  77
   31  15  37   2  39  52  32  81  93  87   7  68  76  92  64  78  42  27
   91  95  73  61   3  41  45   3  66  55  23   1  40  68  46  48  28  67
   51  40  20  83  16  78  40   2  54  36   4  51  50  46  62  59  60  41
   64  43  72  77  47  41  55  16  52  37  45  76  62  11  12   6  37  80
   97   4  83  77  21  82   1  79  22  36  56  68  64  71  33  38  65  40
    4  17  98  84  33  56  70  90  93  36  19  23  13   5  29  34  44]
 [  0  36   8  24  53  98  77  81  12  57  78  13  66  40  37  13  98  53
   50  66  85  53  94  42  42  53  25  67  28  18  44  35  36  92  27  31
   64  34  70  21  91  53  42  73  80  29   4  44   3  51  81  35  22  52
   44  82  10  80  13  68  18  38  39  41  68  38  43  90  40  79  43  21
   97  77  73  55  90  97  33  59  55  91   1   2  23   7  10  70  71  77
   76  73  88   3  61  86  24  37  97  59  72  62   1  32  43  29  78  67
  100  32  77  93  65  57   5  84  32  82  98  92  54  12  29  36  76  27
   41  60  39  74 100  80  23  95  81  81  69  11  32  77   8  68  44   1
   26  49  75 100  81  60   3  32  37  17  78  62  83  47  62  44  19]
 [  0  77  44  67  10  77  30  24  75  74  76  33  78  81  34  67  43  83
   91  43  50  28  98  13  85  89  17   2  76  37  55   3  16  34  45  35
   55  78  32  80   3  61  50  14  86  77  83  69  53  94  82  16  10  34
   83  61   9  27  50  95  72  84  35  72  38  33  84  63  96  88  75  91
   44  98  58  58  79   4  11  70  55  85  57  22  33   7  12  85  81  77
   70  42  87  15   4  78  83  37  72   4   7  49  34  18  68  16  72  22
   90  65  34  73  94  20  43  14  70  13   2  94  95  71  36  68  32  69
   91  21  95  98  93  87  81  94  47  92  19  55  81  90   6  90  36   7
   90  32  90  19  59  19  66  92  10  64  69  75  10  50  10  81  49]]
 setup_times
 [[[ 0 58 52 45 51 55]
  [ 0  0 44 31 53 47]
  [ 0 54  0 41 59 51]
  [ 0 46 42  0 35 37]
  [ 0 48 56 50  0 40]
  [ 0 53 44 46 39  0]]

 [[ 0 54 43 39 37 41]
  [ 0  0 36 44 51 56]
  [ 0 46  0 47 55 41]
  [ 0 33 57  0 55 53]
  [ 0 52 54 41  0 47]
  [ 0 31 31 59 51  0]]

 [[ 0 36 59 48 55 33]
  [ 0  0 52 41 37 58]
  [ 0 47  0 37 52 46]
  [ 0 40 57  0 52 37]
  [ 0 40 31 31  0 43]
  [ 0 57 57 51 46  0]]

 [[ 0 48 40 50 45 47]
  [ 0  0 33 58 43 46]
  [ 0 46  0 43 30 55]
  [ 0 39 48  0 45 43]
  [ 0 37 51 54  0 52]
  [ 0 46 58 46 30  0]]

 [[ 0 52 36 41 58 42]
  [ 0  0 59 39 40 55]
  [ 0 31  0 49 54 53]
  [ 0 56 43  0 44 50]
  [ 0 56 51 54  0 38]
  [ 0 30 32 53 33  0]]

 [[ 0 48 59 59 52 36]
  [ 0  0 36 54 32 40]
  [ 0 37  0 30 36 32]
  [ 0 56 45  0 39 58]
  [ 0 40 39 43  0 35]
  [ 0 59 57 58 52  0]]

 [[ 0 48 41 34 33 48]
  [ 0  0 40 34 47 42]
  [ 0 41  0 51 55 58]
  [ 0 33 48  0 33 48]
  [ 0 38 55 56  0 55]
  [ 0 37 45 58 59  0]]

 [[ 0 42 30 44 40 32]
  [ 0  0 39 37 57 45]
  [ 0 58  0 36 43 51]
  [ 0 59 40  0 52 56]
  [ 0 53 32 40  0 43]
  [ 0 47 57 46 52  0]]

 [[ 0 42 56 31 52 30]
  [ 0  0 30 42 44 35]
  [ 0 49  0 50 41 30]
  [ 0 30 39  0 55 37]
  [ 0 58 52 34  0 49]
  [ 0 41 55 59 45  0]]

 [[ 0 37 59 42 40 43]
  [ 0  0 35 55 58 37]
  [ 0 36  0 36 48 54]
  [ 0 34 37  0 48 32]
  [ 0 47 43 57  0 30]
  [ 0 54 32 36 37  0]]

 [[ 0 59 56 59 53 58]
  [ 0  0 52 40 54 30]
  [ 0 59  0 33 36 48]
  [ 0 42 58  0 59 35]
  [ 0 30 55 55  0 38]
  [ 0 35 42 48 40  0]]

 [[ 0 33 36 35 43 49]
  [ 0  0 52 31 52 50]
  [ 0 42  0 55 55 59]
  [ 0 53 47  0 37 48]
  [ 0 30 51 52  0 56]
  [ 0 52 55 39 37  0]]

 [[ 0 51 32 48 32 56]
  [ 0  0 52 39 50 31]
  [ 0 41  0 40 31 45]
  [ 0 43 31  0 37 37]
  [ 0 38 57 53  0 50]
  [ 0 34 53 43 41  0]]

 [[ 0 41 39 50 55 37]
  [ 0  0 31 34 57 53]
  [ 0 55  0 47 45 52]
  [ 0 38 48  0 39 31]
  [ 0 51 49 31  0 46]
  [ 0 49 53 41 33  0]]

 [[ 0 32 45 46 57 40]
  [ 0  0 31 53 44 43]
  [ 0 55  0 42 50 33]
  [ 0 41 47  0 43 48]
  [ 0 50 46 58  0 40]
  [ 0 35 58 46 30  0]]

 [[ 0 41 58 36 38 37]
  [ 0  0 53 37 31 37]
  [ 0 41  0 47 44 57]
  [ 0 42 41  0 47 46]
  [ 0 45 55 34  0 55]
  [ 0 38 53 31 30  0]]

 [[ 0 48 53 40 51 49]
  [ 0  0 56 59 32 55]
  [ 0 41  0 42 48 30]
  [ 0 39 51  0 53 50]
  [ 0 33 42 54  0 40]
  [ 0 38 55 57 59  0]]

 [[ 0 35 47 41 42 41]
  [ 0  0 32 41 35 38]
  [ 0 31  0 55 30 50]
  [ 0 41 35  0 51 54]
  [ 0 57 58 36  0 51]
  [ 0 51 39 53 32  0]]

 [[ 0 33 48 43 38 32]
  [ 0  0 47 34 55 48]
  [ 0 58  0 54 52 52]
  [ 0 39 51  0 49 34]
  [ 0 39 44 44  0 32]
  [ 0 40 35 35 53  0]]

 [[ 0 53 37 57 58 48]
  [ 0  0 35 35 46 43]
  [ 0 33  0 38 41 38]
  [ 0 49 32  0 37 56]
  [ 0 36 37 51  0 56]
  [ 0 33 41 52 55  0]]]
 delivery_times
 [[  0 194 176 171 176 173 170 194 171 174 197 197 186 178 196 174 171 192
  175 194 177 193 170 180 196 189 190 174 171 185 180 189 171 171 184 197
  199 184 178 195 193 182 194 184 191 192 192 186 170 188 171 196 183 179
  189 187 189 174 192 185 198 192 192 186 178 173 172 196 172 177 186 177
  170 183 185 179 190 199 181 191 182 193 186 184 183 180 177 188 188 196
  188 184 179 190 184 185 170 184 184 196 178 195 172 177 198 173 187 187
  173 177 183 171 178 187 199 178 184 195 192 196 199 191 197 174 185 195
  179 194 190 177 188 198 185 174 178 180 190 197 182 199 172 173 172 193
  184 181 173 170 182 182 177 182 174 188 180 182 176 185 182 199 180]
 [  0 192 189 195 189 187 191 171 190 197 170 185 198 170 178 172 196 196
  180 188 192 196 182 172 180 173 186 170 189 191 186 198 196 184 175 187
  172 191 185 179 175 197 192 179 182 188 193 193 190 193 175 173 181 184
  186 175 195 190 193 190 185 171 181 195 187 195 175 178 177 193 183 180
  187 172 170 191 170 175 188 180 182 188 195 192 176 172 178 194 175 172
  185 197 188 197 191 198 187 195 181 183 188 181 173 194 191 172 186 188
  189 189 198 172 178 171 196 177 172 197 187 176 190 171 181 182 179 184
  179 181 189 183 185 174 198 188 181 190 188 197 173 179 177 173 192 178
  181 172 189 179 190 182 192 177 170 189 184 171 186 181 176 195 194]
 [  0 197 175 191 172 178 177 196 176 195 171 174 173 194 177 177 199 187
  184 183 175 173 178 191 181 192 197 181 181 195 190 181 184 189 197 199
  199 199 170 175 193 177 194 184 194 178 194 192 173 192 181 185 193 171
  190 171 178 172 184 170 184 181 181 180 182 174 179 199 199 182 190 188
  177 181 188 198 191 176 191 197 195 191 171 192 197 189 188 195 182 177
  187 197 190 181 180 198 197 177 196 174 178 173 193 189 181 197 196 189
  193 179 199 193 176 170 188 192 190 197 175 174 189 196 175 174 194 182
  172 171 173 179 188 184 181 185 180 199 196 177 191 193 194 188 196 170
  186 198 184 188 170 174 170 193 173 170 196 189 190 197 181 184 188]
 [  0 197 172 184 192 199 172 190 176 194 178 186 183 191 178 192 196 178
  186 184 175 185 179 189 177 194 186 197 183 177 176 178 188 197 182 188
  176 196 182 177 171 180 183 196 179 188 187 183 198 190 175 194 185 192
  170 174 177 196 185 197 194 198 189 177 193 191 172 189 176 176 180 192
  192 193 192 198 172 176 180 180 174 182 170 198 176 178 199 179 197 191
  195 184 175 174 198 178 182 194 183 191 197 170 175 173 184 196 184 189
  199 187 187 183 187 198 187 195 199 191 189 183 193 185 170 190 184 181
  182 176 175 193 173 197 188 171 174 185 190 179 176 178 183 196 170 191
  185 194 172 195 191 187 175 185 189 189 183 172 173 190 182 184 173]
 [  0 196 198 198 170 178 193 176 184 175 197 193 176 173 170 191 191 181
  174 190 187 187 178 170 197 179 186 177 178 183 193 171 196 189 190 197
  196 185 187 191 177 191 197 174 181 172 173 172 182 188 199 178 186 181
  182 186 187 176 190 190 180 192 181 191 173 173 195 197 192 180 174 189
  193 198 191 176 172 179 195 175 191 197 195 188 195 174 190 187 181 170
  180 181 191 182 175 194 190 182 181 180 186 180 192 184 184 173 190 173
  187 192 193 188 192 183 178 180 193 191 175 191 172 170 172 185 179 198
  175 195 179 181 180 191 192 192 182 194 170 190 170 192 192 188 193 176
  191 170 199 170 185 183 187 195 194 198 198 184 176 189 190 187 190]
 [  0 175 182 190 193 174 189 181 176 173 192 185 170 176 180 183 179 179
  186 199 192 196 190 196 197 192 191 190 175 175 187 188 170 170 190 196
  182 191 199 179 178 193 171 193 195 185 174 193 189 194 193 190 172 177
  187 170 177 182 191 190 179 198 170 189 192 186 179 193 173 174 178 198
  196 172 193 190 174 198 195 184 176 186 170 189 191 174 179 195 173 173
  170 199 179 182 193 178 176 185 196 170 190 177 185 186 175 181 175 185
  181 177 170 176 172 192 185 195 190 190 189 190 185 195 182 180 173 189
  199 199 179 187 187 197 199 186 172 179 188 182 184 193 184 176 177 192
  184 176 174 179 191 197 179 187 180 187 195 175 181 171 188 195 181]
 [  0 194 194 182 174 170 185 182 199 178 190 176 199 195 176 177 182 175
  198 176 181 188 178 176 190 197 198 188 187 182 197 195 187 187 193 190
  186 181 188 187 180 193 183 194 195 192 170 185 192 181 171 173 196 176
  187 190 176 193 194 189 184 191 186 172 174 193 183 193 176 194 171 186
  184 198 195 180 171 175 198 189 197 183 180 199 182 184 196 199 180 179
  181 172 170 196 197 183 178 180 191 197 197 186 171 171 198 178 188 171
  194 187 174 173 199 180 178 175 189 183 188 189 195 193 174 196 178 198
  193 183 177 181 198 171 175 186 197 180 183 192 176 185 191 177 180 183
  184 171 171 186 170 177 196 190 190 191 181 193 198 170 197 174 182]
 [  0 182 190 184 175 194 172 196 178 194 195 194 170 173 197 174 193 175
  173 180 177 197 176 190 175 170 178 196 172 178 190 194 180 173 171 172
  198 170 177 188 170 175 185 176 175 180 182 193 190 177 177 198 195 193
  179 170 177 187 174 179 197 188 170 182 181 194 199 179 182 184 186 192
  185 172 191 186 194 188 184 181 196 186 185 171 185 171 177 179 171 175
  187 170 183 185 171 180 199 194 190 188 189 171 197 179 195 191 173 184
  181 199 181 182 191 187 187 178 180 181 175 181 195 187 181 194 186 176
  176 171 178 173 198 185 183 175 186 172 190 198 176 179 194 177 185 174
  188 195 172 188 174 199 181 192 197 181 185 182 180 190 185 188 183]
 [  0 175 189 197 190 170 192 185 196 173 186 180 186 197 178 173 170 175
  192 181 191 170 182 190 180 191 198 188 177 191 195 185 176 194 195 193
  186 172 194 198 191 181 172 182 182 171 184 172 193 196 180 176 179 192
  185 170 183 174 186 174 183 183 186 183 182 185 175 195 193 178 172 184
  181 198 187 185 190 195 180 175 197 189 173 192 188 191 180 175 178 177
  192 177 170 197 178 194 171 170 173 198 176 175 173 170 180 195 170 180
  193 193 182 190 195 173 181 172 177 175 176 177 180 180 189 177 174 186
  175 184 180 171 193 183 183 195 170 171 188 172 176 189 196 193 192 172
  170 198 191 179 191 180 195 193 188 186 172 199 181 192 181 198 196]
 [  0 181 195 176 194 184 191 185 182 173 178 170 198 181 188 186 191 180
  186 194 171 183 181 183 180 175 180 187 198 198 173 173 170 194 176 198
  194 176 191 191 175 172 192 190 189 179 196 176 179 174 175 187 190 185
  175 171 191 181 178 171 176 176 188 178 182 197 179 187 181 185 188 180
  183 172 171 174 172 199 176 188 180 189 180 184 188 193 179 177 194 172
  180 178 178 174 190 197 182 180 189 199 184 171 179 190 187 196 179 173
  177 191 185 183 194 187 180 183 185 178 185 178 197 194 185 186 175 192
  182 199 190 177 198 184 194 198 180 187 178 190 171 170 188 176 177 189
  174 181 192 179 186 199 192 170 190 182 192 174 177 183 198 171 199]
 [  0 190 173 171 195 170 173 177 181 176 170 188 175 177 198 190 191 191
  195 196 185 185 172 178 188 194 188 194 180 196 177 186 195 184 183 189
  177 194 176 172 197 173 188 174 183 195 188 198 183 191 196 171 196 175
  195 193 178 196 198 194 184 194 189 196 171 188 189 190 188 181 193 191
  171 189 176 181 186 170 195 174 174 195 174 195 178 195 179 185 174 178
  183 189 183 193 178 193 170 190 178 194 186 191 177 175 183 177 194 179
  197 172 170 171 179 179 182 184 193 191 177 199 187 178 199 183 181 174
  189 196 197 178 175 171 188 194 178 186 197 173 187 189 184 195 196 175
  192 188 180 174 183 182 172 176 174 175 180 191 189 184 188 174 180]
 [  0 172 183 193 187 192 181 199 184 177 185 173 189 176 185 182 181 172
  178 172 195 185 196 180 183 192 181 179 176 184 188 176 183 173 190 183
  182 176 197 174 184 185 180 171 190 198 183 186 175 180 188 191 191 189
  181 184 189 196 188 193 191 199 197 197 178 179 186 189 192 187 178 170
  180 192 183 179 186 194 194 199 189 185 173 175 178 182 196 173 173 186
  189 184 199 185 183 192 199 191 188 188 193 184 184 174 192 180 192 195
  197 191 188 198 181 199 180 178 183 182 199 175 194 182 191 192 181 180
  185 199 180 171 183 173 190 179 187 199 175 198 194 188 193 175 191 183
  199 198 174 178 195 194 173 182 189 191 186 190 188 193 195 172 188]
 [  0 194 179 173 179 171 187 170 196 185 189 187 193 171 187 191 192 171
  189 183 186 179 176 183 182 176 170 170 186 188 180 176 186 184 181 199
  194 187 185 188 173 174 171 198 177 182 170 198 194 197 190 171 195 180
  178 189 196 194 184 186 177 197 172 196 193 181 190 181 178 174 188 177
  174 194 187 175 186 175 189 193 179 176 172 179 196 192 199 197 195 185
  170 178 186 176 182 170 186 183 173 194 178 187 195 197 184 170 185 194
  190 172 174 170 185 191 193 178 196 172 193 175 192 179 179 187 195 177
  183 176 170 193 170 187 170 197 189 189 192 183 180 176 180 181 181 194
  176 195 179 181 189 180 196 178 171 189 177 193 187 182 180 181 190]
 [  0 192 190 180 188 177 192 178 184 179 181 188 190 183 187 197 178 192
  174 195 188 185 184 182 185 171 175 197 199 173 182 191 190 172 177 190
  170 177 189 183 182 196 172 187 198 183 184 183 186 174 172 194 179 180
  174 181 195 184 171 189 173 184 197 176 187 184 196 192 180 188 190 173
  176 173 188 196 177 187 175 174 178 180 190 185 196 182 179 188 170 182
  177 198 178 181 190 198 191 180 188 177 191 176 189 181 194 178 184 191
  184 195 182 186 179 192 182 185 190 191 171 182 194 189 179 183 190 173
  187 179 171 199 181 196 180 171 194 196 170 170 197 174 198 182 186 191
  186 184 198 181 179 182 187 170 197 191 177 184 181 186 182 188 196]
 [  0 192 179 174 170 175 193 182 174 181 193 194 191 184 170 191 194 180
  196 183 180 192 191 186 199 176 194 179 176 185 193 191 183 195 184 172
  170 184 175 175 174 188 174 173 198 182 191 174 188 195 179 197 190 176
  184 198 173 194 171 176 184 198 184 184 193 192 191 173 175 199 196 171
  190 185 179 185 174 173 178 193 193 175 187 186 191 176 181 194 185 198
  179 171 182 199 199 180 186 172 190 197 195 178 197 193 183 190 179 180
  182 195 173 199 180 189 191 178 170 173 186 172 178 190 194 199 197 184
  195 193 198 176 199 199 198 174 193 180 184 180 174 185 198 182 179 174
  176 194 178 170 172 178 177 182 177 172 178 173 188 187 180 198 195]
 [  0 171 189 198 194 175 177 177 174 182 183 194 194 182 181 180 176 181
  170 171 180 194 189 173 178 180 192 178 174 174 195 196 173 179 185 189
  199 182 194 177 197 173 170 170 180 196 193 192 179 177 179 188 173 196
  177 189 170 190 179 193 172 189 178 197 183 188 170 189 175 181 184 183
  182 192 197 197 170 177 171 196 192 190 191 184 185 199 181 189 179 174
  176 175 178 181 182 174 190 199 172 199 191 179 177 184 196 177 193 181
  171 194 182 196 185 183 199 196 192 197 187 172 179 182 199 170 176 189
  177 181 182 191 177 191 182 172 175 174 181 183 179 180 192 190 175 199
  186 171 181 189 179 185 196 195 179 192 172 183 175 186 191 181 182]
 [  0 198 187 199 187 172 183 191 196 180 177 180 176 186 182 198 189 190
  181 187 191 174 178 193 184 196 192 197 178 177 195 190 188 170 172 181
  180 191 184 188 175 188 181 181 173 175 175 179 188 175 181 194 172 173
  174 170 178 172 195 195 173 195 175 174 172 183 196 178 199 199 176 174
  199 191 189 180 175 177 192 171 179 181 186 194 177 196 173 188 192 172
  187 189 189 195 187 184 170 177 194 196 174 187 170 178 172 188 196 173
  184 171 180 173 188 186 176 195 170 171 182 193 197 176 191 189 193 190
  195 171 172 186 175 181 196 195 181 197 175 182 181 173 183 186 192 196
  192 177 178 184 188 190 196 199 176 179 191 193 176 190 178 183 174]
 [  0 198 177 188 182 198 176 190 194 199 180 188 199 170 198 171 188 178
  171 192 173 178 170 174 177 193 197 180 194 185 198 190 186 187 178 189
  175 184 198 170 195 179 176 195 178 191 196 172 181 187 173 180 186 196
  195 190 176 181 192 185 176 198 189 188 183 180 180 197 177 170 187 193
  197 177 177 181 170 180 178 179 172 195 174 193 179 199 182 190 175 185
  180 179 192 171 173 182 180 192 196 198 186 174 180 183 187 186 191 179
  193 197 191 178 180 181 175 171 184 175 193 196 175 185 177 178 170 171
  188 171 195 196 188 186 194 188 183 178 193 191 199 175 198 177 178 193
  193 171 198 199 170 195 193 193 173 186 176 181 178 185 198 175 181]
 [  0 197 173 195 182 170 197 194 199 199 182 183 173 172 198 198 182 174
  177 183 191 198 192 185 177 170 170 198 170 194 199 179 181 183 182 185
  197 196 198 174 197 194 178 179 192 195 183 176 196 193 190 199 174 176
  172 198 188 182 179 192 199 181 189 180 197 170 184 194 175 172 176 186
  184 175 182 196 173 170 193 194 179 199 195 184 178 189 183 196 188 186
  187 182 199 189 184 182 199 170 197 174 178 190 178 182 175 182 196 199
  193 196 170 195 173 180 181 188 191 182 175 190 183 182 172 186 194 171
  197 177 179 199 191 193 182 175 185 194 180 196 189 183 174 176 181 172
  192 199 188 197 174 179 183 185 173 177 172 179 193 196 186 182 190]
 [  0 179 181 176 175 170 190 192 178 175 172 195 183 173 195 188 198 170
  194 186 184 186 178 176 170 177 180 193 194 184 197 172 198 196 170 191
  192 194 171 188 190 196 199 191 185 170 174 197 198 186 196 174 174 177
  177 170 196 173 180 172 196 182 172 181 172 190 192 199 197 185 180 180
  199 172 190 186 196 177 186 191 199 174 191 192 193 188 195 190 174 193
  199 184 185 179 178 185 176 199 192 197 190 181 185 172 196 196 192 176
  173 196 196 171 175 185 195 171 183 195 177 175 191 190 185 193 196 182
  172 196 185 197 176 184 197 188 176 183 184 176 196 183 187 171 189 188
  176 185 196 171 175 173 194 192 172 178 170 194 191 186 196 172 196]]
 job2fam
 [[1 0 0 0 0 0 0 0 0 0 0 0 0 0 0 0 0 0 0 0 0 0 0 0 0 0 0 0 0 0 0 0 0 0 0 0
  0 0 0 0 0 0 0 0 0 0 0 0 0 0 0 0 0 0 0 0 0 0 0 0 0 0 0 0 0 0 0 0 0 0 0 0
  0 0 0 0 0 0 0 0 0 0 0 0 0 0 0 0 0 0 0 0 0 0 0 0 0 0 0 0 0 0 0 0 0 0 0 0
  0 0 0 0 0 0 0 0 0 0 0 0 0 0 0 0 0 0 0 0 0 0 0 0 0 0 0 0 0 0 0 0 0 0 0 0
  0 0 0 0 0 0 0 0 0 0 0 0 0 0 0 0 0]
 [0 0 0 0 0 0 0 0 0 0 0 0 0 0 0 0 0 1 0 0 0 0 0 0 0 0 0 0 0 0 0 0 0 0 1 0
  0 1 0 0 0 0 0 1 0 0 0 0 0 0 0 0 1 1 1 1 1 1 0 1 0 0 0 0 0 0 0 0 0 0 0 0
  0 1 0 0 0 1 0 1 1 1 0 0 0 0 0 0 0 0 0 0 0 0 1 0 1 0 0 0 0 0 0 0 0 0 1 0
  0 0 1 0 0 0 1 0 0 0 0 0 1 1 0 0 0 0 0 0 0 1 0 0 0 0 0 0 0 0 0 0 0 0 0 0
  0 0 1 0 0 0 0 0 0 0 0 0 0 0 1 0 0]
 [0 0 0 0 0 1 1 0 0 0 1 0 0 0 0 0 0 0 0 0 0 1 1 0 0 0 0 0 0 0 0 0 0 1 0 1
  0 0 0 1 1 0 0 0 0 0 0 0 0 0 0 0 0 0 0 0 0 0 0 0 0 0 0 0 0 0 0 0 0 0 0 1
  0 0 0 1 1 0 0 0 0 0 1 0 1 1 1 1 1 0 1 0 0 1 0 0 0 0 0 1 1 0 0 0 0 0 0 0
  0 1 0 0 0 1 0 0 0 0 0 0 0 0 0 0 1 1 0 0 0 0 0 0 1 0 0 0 0 1 0 0 0 0 1 0
  0 0 0 0 1 1 0 0 0 1 1 0 0 0 0 1 0]
 [0 1 0 1 0 0 0 1 0 0 0 1 0 0 1 1 0 0 1 0 1 0 0 1 1 1 0 0 0 0 0 1 0 0 0 0
  1 0 0 0 0 0 1 0 0 1 1 1 1 1 1 0 0 0 0 0 0 0 1 0 1 0 0 1 0 1 0 0 1 0 0 0
  0 0 1 0 0 0 1 0 0 0 0 1 0 0 0 0 0 0 0 0 0 0 0 0 0 0 0 0 0 0 1 0 0 0 0 0
  0 0 0 1 0 0 0 0 0 0 1 0 0 0 1 0 0 0 0 0 0 0 1 1 0 0 0 1 0 0 0 0 0 0 0 0
  0 0 0 1 0 0 0 0 0 0 0 0 0 1 0 0 1]
 [0 0 1 0 0 0 0 0 0 1 0 0 1 0 0 0 0 0 0 1 0 0 0 0 0 0 0 0 0 0 0 0 0 0 0 0
  0 0 0 0 0 1 0 0 0 0 0 0 0 0 0 1 0 0 0 0 0 0 0 0 0 1 0 0 0 0 1 0 0 1 1 0
  1 0 0 0 0 0 0 0 0 0 0 0 0 0 0 0 0 1 0 0 0 0 0 1 0 0 1 0 0 0 0 0 1 0 0 0
  1 0 0 0 1 0 0 0 0 0 0 1 0 0 0 1 0 0 1 1 0 0 0 0 0 0 1 0 0 0 1 1 0 1 0 0
  0 0 0 0 0 0 1 0 0 0 0 1 1 0 0 0 0]
 [0 0 0 0 1 0 0 0 1 0 0 0 0 1 0 0 1 0 0 0 0 0 0 0 0 0 1 1 1 1 1 0 1 0 0 0
  0 0 1 0 0 0 0 0 1 0 0 0 0 0 0 0 0 0 0 0 0 0 0 0 0 0 1 0 1 0 0 1 0 0 0 0
  0 0 0 0 0 0 0 0 0 0 0 0 0 0 0 0 0 0 0 1 1 0 0 0 0 1 0 0 0 1 0 1 0 1 0 1
  0 0 0 0 0 0 0 1 1 1 0 0 0 0 0 0 0 0 0 0 1 0 0 0 0 1 0 0 1 0 0 0 1 0 0 1
  1 1 0 0 0 0 0 1 1 0 0 0 0 0 0 0 0]]
