params：
 weight-->(1, 10)
 proc_times-->(1, 100)
 setup_times-->(15, 30)
 delivery_times-->(170, 200)
 job_rate-->8

start:
alpha_1
8
 alpha_2
0.5
 mach
20
 job
160
 fam
8
 weigh
 [[0 9 3 9 3 6 7 3 5 6 5 9 1 4 8 4 6 1 2 2 7 1 8 8 6 1 9 9 1 6 2 3 6 8 2 4
  7 6 9 7 8 6 6 1 9 4 3 3 7 1 3 1 3 2 8 8 8 2 5 4 6 9 2 4 7 5 3 3 1 6 2 4
  4 3 7 8 6 3 2 1 5 3 1 2 4 1 9 1 1 1 7 3 1 9 9 5 2 6 7 6 9 2 4 3 4 5 9 2
  6 9 8 9 7 6 9 4 4 6 5 8 1 8 6 3 2 4 8 8 7 5 3 6 2 3 4 3 6 2 7 7 6 8 5 2
  7 2 7 8 6 4 4 3 6 5 6 5 7 4 4 7 1]]
 proc_times
 [[  0  58  43  41  66  45  35   3  18  89  22   2  28  28  90  44  35  43
   79  70  89   2  14  90  50  86  25  89  23  49  74  53  78  56  36  70
   36  86  41  10  30  24  10  84  45  47  69  58  76  88  47  32  84  16
   35  21  31   4  17   5   1  29  50  17  51  14  72  16  83  54  78   5
    1  44  11  38  16  93  54  78  37  52 100  58  13  39  86  48  56  36
   76  12  74  54  88  20  75   8  26  35  80  25  96  68  40  39  28  62
    5  75  51  22  50  19  16  82  58  34  66  85  77  78  17  11  82  36
   96  29  65  58  51  52  78   4  32  43   5  25  23  47  40  34  61  59
   24  94   8  49  81  50  46   5  16  49  21  16  78  41  54  85   9]
 [  0  47  57  44  44  55  36  27  74  74  82  12  93   9  12  64  90   1
    2  55  31  56  90  26  26  59  15  30  54  15  31  94  43  75  56   9
   48  44  94  34 100  92  24  41  21   9  69  49   9  74  94  26  43  38
   97  60  55  87  78  48  86  76  24  60  93  92  89  75  10  67  15  37
   85  76  77  60  21  63  96  14  70  47  54  44  86  98  11  69  13  57
    5  53  63  37  35  21  99  44  77  24  99  30  92  44   8  20 100  68
   61  36  54  90  13  23  64  65  89  89  78  31  18  18  79  59  16  24
   54  42  69 100  57  31   3  83  48  22  86  92  55  38   3  63  78  93
   47  73  67  59  50  99  60  93  32  87  99  77  12  37  25  25  81]
 [  0  56  97  53  10  95  21   8  62   2  34   5  68  15  38  66  67  29
   11   3  28  17  19  30  53   4  25  96  40  72  15  23  80   8  64  39
   86  59  58  49   1   8  17  63  22  88  44  29  75  65  63  47  13  58
   27  65  14  35  72  86  85  97  52  93  14  65  74  55   1  42  43  75
   91  26  96  82  97  41  36  68  42  18  50  83  93  21  12   3  88  80
    6  57  96  70  32   1  63  68  66  43  43  55  35  45  52 100  22  37
   38  85  57  65  50  78  17  76  77  92  47  66  76  49 100  16  14  54
   91  29  11  74  36  34  64  35  15  72  34   2   5  15  77  57  27  64
   19  98  87  74  97  41  79   7  95  20   6  59  73   9  67   3  34]
 [  0  14  58  25   6  21  13  79  12  60  72  85  38  34  84  88  75  83
   44  25  12   4  11  14  17  74  78  38  48  53  42  79  39  85  35  91
   65   1  33  73  49  39  73  58  21  14  45  30  46  44  12   1  95  45
   90  26  27  83  85  45  47  67  83  89  38   8  99  75  52  53  32  82
   94  63  71  34  52  19  22  16   1  79  81   6  93  91  42  17  67   7
   60  21 100  21  41  54  54  56  84  60  25  68  74  15  70  25  86  56
   12  88  94  35  84  44  58  63  95  23  47  41  91   3  22  87  40  75
   45  52  74 100  57  41  19  13  39  83  61  11  51  57  72  94  17  58
   58  35  55  26  78  78  40  22  76  22   7   3  46  87  29  82  24]
 [  0  92  85  13  50  98  26  49  63  45  89  40  75  51  75  62  81  13
   32  48  88  82  82  37  72  42  79  38  20   8  24   5  81  69  10  16
   71  47   7  99  51  40  57  95  55  94  25  64  50  75  87  61  61  74
   53  18  74  58  98  58  68   8  35  40  83  27  46  96 100  64  88  26
   47  41  33  21  30  97  54  84  50   1  55  51  16  21  20   9  20  28
   54  35  58  42  71   1  39  51  58  81  66  98  24  58  76   8  97  23
   71  91  47  62  91  12  63  23   9  24  68   6  79  62  76  28  97  85
   53  15   2  40  95  33  71  38   7   9  39  52  32  71  33  46  57  13
   90  55   9  15  94  14   1  66  97  36  22  31  14  29   1  50  22]
 [  0  21  16  49  28   2  45  68  45  93  65  57  82  63  19  20  36  20
   39  11  64   6  54  72  98   6  25  59  56  34  37  23  82  69  70  81
   61  74  45  60  23   7  45  73  22  84  37   3  62  55  23  89   7  91
   87  28  86  32  89   8  97  12  40  42  27   4  14  31  82   2  22  77
   82  10  91   9  82  59  17  47  89  40  67  74  11  58  52  79  56  48
   67  74  79  42  39  53  50  59  65   1   3  31  49  55  61  86  71  74
   91  12  21  16  79  40  70  29  33  13  43  60  26  21  85  71  26  82
   13  24  47  57  49  60  57  94  28 100  29  17  67  60  90  63  45  17
   79  12  89  27  95  13  28  37  32  19   4  71  45 100  87  59  67]
 [  0  23  43  37  73  17  78  40  56  55  41  17  46   7  84  18  99  57
   26  95  71  22   6  75  95  82  52  28  85   9  94  13  53  36  76 100
    8  14  99  76   4  25  43   3  41  24  60  45  71  67  33  16  41  49
   14  23   7  27  90  49   8   3  46  17  53  11   1  85  58  66  37  30
   25  43  71  22  15  68  73  54  54  32  97  83  20  28  64  24  52  52
   30  49  13  32   4   5  89  38  26  35  79  89  63  62  33  70  73   6
    1  84  11  79  94  38  12  45  99  41  71  36  46  69  82  64  50  65
   98  16  27  18  97  94  12  21  53  37  44  93   3  93  59  59  38  21
   69 100  13  21  92  53  34  91  54  66   6  52  66  53  69   8  27]
 [  0  89  56  64  62  19  89  85  79  34  49  64  34 100  70  18   1  42
   68  42  55  32  96  58   2  25  58  26  66  23  61  39  46  38  66  86
   44  85   9  14  56   1  14  67  68  47  87  89  49  97  86   6  96  40
    1  68  59  37  83  49  97  24  38  21  79  78   1  54  39  29  90  57
   80  53  86  31  87  20  86  12   7  81  50  77  44  77  79  62  14  91
    3  69  60  63  57  16  41  48  50  44  27  58  78   6   4  91  15  93
   30  72  93  52  22  53  68  39  53  91  49   8   2  23  83  38  18  55
    6  42  28  33  87  18  37  94   4   7   9  93  14  78  86  71  23  13
  100  80  13  26  29  84  89  55  82  56  44  74  35  53  43  51  27]
 [  0  37  42  20   7  84  82  29   7  48  93  92  25  87  84  94  22  78
   48  95  98  91  54  40  12  67  28  13  62  84  49   3   8   2  29  29
   39  60  27  93  92  72  64  60  45  68  98  33  54  17  56  67  30  65
   85  31  66  34  34  52  34  45  92  91  30  71  65  24   5  80  26  34
   71   8  12  21  16  30  38  49  26  35  83  95  76   8  69  42  37  47
    7  46  47  12  63  15  56  56  27  35  86  16  92  99  48  77  28 100
   77  15  36  63  30  48  42  59  24  43   1  20  97  73  69  65  65   3
   11  83  14  83  20  48  74  82  41   9  50  65  75  78  22  27  54  38
   85  40  36  73  14   4  74  22  58  10  78  22  17  55  45   4  33]
 [  0  21  86  20   7  82  82  55  87  44  27  69  33  32  17  94  88  44
   26   2  52  93  90  23  40  75  16  93  52  42  72  38  40  46  10  13
   43  53  26  43  17  62  97  54  31  71  82  44  82  11  41  96  70  84
    5  34  55  72 100  26  30  54  72  34  67  31  96  70  11  66  94  42
   42  61  82   4  62  15  97  92   3  12  30  96  70  29  22  69  91  20
    7  78  71  30  33  53  63   6  23  56  10  62  16  75  67  52  64   3
   54  78  48  69  92  61  39  13  52  75  77  93  38  17  88  51  27  97
   32  24  92  58  14  38   3  14  50  17   4  98  27  21  72  20  62  72
    8 100  40   6  99  46  69  23   8  22  56  13  55  89  93  94  91]
 [  0  92  28  49  13  70   4  23  59  13  19  47  56  27   2  42  76  53
   26  56  12  55  20  32  30  87  45   8  16   8  38  41  27  97  23  23
   12  89  74  89  53  14  80  39  18  31  99  50  46  33  91  82  94  30
   58  33  26  52  57  20  26  45   1  22  85  88  15  91  75  78  74   3
   12  11  62   5  92  23  80  72  75  44  97  68   1  81  19  35  25  16
   12  55  56  81  62  41  33  27  48  59  76  53  10  21  64  10   9   6
   30  24  18  74  50  14  90  80  33  40  94  66   8  57  12  88  11   7
   68   3  17  93  53  81  81  94  51  90  27  26  54  32  41  49  15  99
    2  32  93  29   3  60  51  17   1  25  23  42  79  71  14  68  84]
 [  0  14  60  26  45  81  34  82  91  19  50   1   7  93   5  76  68  45
   20  17  86  68   2  59  31  71   8 100  99  17  21  98  93  62   1  30
   45 100   4  52  92  23  93  65  88  40  49   5  78  49  57  34  84  18
   70  43  99  26  81  30  22  80  47  99  93  93  54  12  99  78   3  38
    9  83  16  35  65   7  88   8   2  32  12  15  92  52  49  89  70  59
   25  94   8   1  37  38  46  84  62  88  32  22  70  89  95  55  14  73
   63  43  53  97   7  27  60  50   1  83  11  46  61  93  60  86  55  53
   94  80  87  38  11  93  28  17  84  89  25  15  79  47  11  87  97  89
   88  58  15  20   1  47   3  87  60  81  83  53  18  26  23  88  14]
 [  0  39  75  15  38   5  43  62  33  97  27  44   3  35  88  18  93   9
   47  74  99  76  40  57  11  26   6  98  98  56  96  54  80   5  53  20
   93  94  82  55  37  85  34  10  91  24  77  36  60  68  56  43  31  66
   79  31  91  22  56  56  42  20  99  31  75  78  74  81  94   4  18  85
   41  17   3  14  90  12   2  39 100  39  94  88  98  72  56  39  78  97
   60  39  72  43  22  75  54  85  65  75  94  23  31  15  28  87  82  64
   65  72  63  36  77  56  89  42  39  29   3  51  75   9  39  96  47  19
   92  86  93   1  33  70  99   6  33  14   5  52  33  54   3  15  43  69
   83  63  47  46  52  65  67  65  63  13  68  87  81  19  21  77  74]
 [  0  47  68  21  71  11  87  16  77  45  58  71  24  50  86  30  93  24
   76  66  69  42  50  57  82  98  44  94  79  12  46  71  54  62  37   2
   50  54  89  47  60   9  57  57  51  24  89  83  55  68   4  18  24  41
    6  31   2  61  32  78   1  13  13  42  48   2  55  94  56  95  41  83
   72  94  87  36  50  79  70  30  98  38  36   3   5  53  95  14  83  92
   76  11  92  89  62   4  53  94  89  40  87  58  11  35  51  34   9  70
   18  75  73   5  16  45   7  29  20 100 100  33  29  13  71   3  42  61
   64  78  40  92  98  81  71  72  99  92  50  80  92  36  25  72  18  12
   61  65   7  16  37  56  17  70  39  24  60  20  98  85  67  74  40]
 [  0  25  33  29  79  53   4   7  83  71  86  87  75  37  60  59   7  50
    7  23  92  57  92  95  34  34  58  11  75  29  93  37  83  20  68  95
   26  97  76  98   9  37  33  16  81   4  45  65  51  15  36  12  57  67
   67  64  14  22  19  61  60  96  58  22  26  63  28  47  86  27 100  48
   57  11  79  61  49  48   4  67  41  18  31   4  93  68  65  40  66   1
   54 100  62  84  40  45  73  52  92  72  58  24 100  88  11  58  34   3
   39  46  45  88  10  54  92  40   4  63  78  45   2  17  54  90  85  10
   77  33  34  62  99  53  65  69  70  92   7   2  24   8  84  70  39  48
    2  16  53  45  22  59 100  50  98  81  80  96  10  14  29  87  67]
 [  0  70  69  18  15  24  31  82  64  86  88  13   8  87  74   7  19  52
   23  76  91  91  23  15  37  45  39  66  31   3  11  23  12  99  97  44
   57  38   3  29   4  27  52  54  26  32  93  61  68  92  16  91  83  86
   22   5   1  95  13  14  65  82   7  31  93   7  76  38  49  45  46   9
   43  14  55  84  46  56  11   5  58  83  53  68  30  21  13  47   4  68
   59  42  58  33  15  33  41  96  17  93   3  48  98  77  64  11  38   4
   34  17  19   4   7  70  59  36  51  66  15  44  17  90  17  99  49  52
   58  25  41   8  31  89  69 100  48  22  21  99  11  75  91  50  47  93
   45   1  17  40  74  26  83   8  65  11  23  42  75  79  83  23  70]
 [  0  16  12  48   6  92   8  70  67  68  80  34  41  13  86  52  31 100
   44   5  44   4  65  60  25  91   7  63  74  60  36  41  29  69  29  74
   26  97   4  58  91  53  81   2  95  92  95  83  31  69   8   3  91  62
   14  99  33  17  47 100  62  90  56  39  89  59  26  25  77  12  45   2
   56  98  77  97  15  53  76  96  39  32  96 100  46  20  99  44  79   1
   30  17  74   9   2   3  93  58  23  63  71   4  79  59  92  80  59  71
   95  79   9  24  61  21  71  62  64  17  95  52  93 100   2  44  61  65
   20  50  63  48  50  17  37  36  21  48  16  98  45  59  90  78  93  14
    1  76  84  84   3  81  67  47  18   8  70  32  83  83  87  87  95]
 [  0  26  47  23  94  19  48  12  64  53   3   4  76   8  51  57  45  77
   10  98  62  73  87  31  67   6  26  28  77  15  92  66  67  41  61  36
   60  88   1  86  65  71   5  33  97  83  35  85   4  32  67  30  75  55
   57  70  69  94  83   6  47   9  17  10  10   5  85  57  36  95  43  93
   27  25  81  17  20  97  24  33  42  61  34  78  67  91  12  24  31  46
   86  28  11  56  56  97  16   1  10  70  33  56  82  51   1  53  93  68
   17  35  68  60  85  37  41  70  21  84  58  71  24  30  36  44  57  32
   42  28  32  36  31  63   4  30  25  87  82  91  82  85  60  38  15  78
   66  30  56  16  91  11  23  28  61  23  86  39  78  57  71  38  77]
 [  0  85  13  93   6  91  94  25  98  70  71  64  19  38  34 100  48  31
    3  20  30  76  52  41  77  60   1   4  53  29  97  85  31  42   6  61
   25  42  10  90  58  33  85  75  85   7  28  95  35  91  99  72  20  17
   90  86  71  80  15  21  37  97  32  64  98  77  58  54  13   2  80  19
   93  53  92  65  68  57  10  94  53  45  81  79  83  83   7  44  86  91
   58  71  37  34  90  35  70  28  31  11  93  33  42  27  36  40  72  36
   13  64  66  21   7  99   2  49  51   4  38  27  23  95  57  40  81  28
   83  40   8  56   7  90  11  91  60  83  29 100  49  28  85  66  46  65
   51  62  55  34  63  10  16  99  58  22  85   1  78  79 100  29  90]
 [  0  58   9  40  96  18  29  37  42  30  22  50  66   3  22  93  80  15
    9  71  25  86  43  21  15  89  45  54  73  89   1  82  35  81  16  59
   55  56  76  44   9  78  44  53  44  12  83  47  96   2  92 100  37  25
   56  94  62  13  54  23  95  74  93  90  47  66  77  42   6   3  62  41
   21  63  70   6  40  74  49   6  83   6  69  11  15 100 100  28  75  28
    2  10  19  41  21 100  85  11  34   2  16  67  62  40  60  89  51  84
   60  76  95  94  55  73  39  25  10  54  59  67  15  79  95  71  32  17
   88  19   5  13  66  81  58  73  94  84  23  69   3  90  43  54  80  92
   59  24  68  75  54  84  10  65  38  10  87  85  26  68  18  64  37]]
 setup_times
 [[[ 0 27 18 20 27 28 22 22 19]
  [ 0  0 29 23 25 22 29 22 25]
  [ 0 27  0 28 18 29 20 20 25]
  [ 0 22 18  0 26 27 23 15 29]
  [ 0 19 15 28  0 17 21 23 16]
  [ 0 16 26 27 28  0 22 24 22]
  [ 0 28 25 28 24 23  0 18 21]
  [ 0 22 29 28 15 25 18  0 18]
  [ 0 19 22 29 20 17 22 19  0]]

 [[ 0 26 21 23 22 22 20 16 23]
  [ 0  0 21 15 16 21 20 16 24]
  [ 0 24  0 23 25 18 29 29 29]
  [ 0 20 28  0 22 26 16 22 21]
  [ 0 15 21 27  0 15 19 20 19]
  [ 0 16 27 20 21  0 23 24 25]
  [ 0 27 24 25 28 25  0 20 19]
  [ 0 17 20 29 19 15 18  0 20]
  [ 0 18 21 20 26 29 29 23  0]]

 [[ 0 21 20 15 22 20 18 28 15]
  [ 0  0 15 19 24 23 26 25 20]
  [ 0 22  0 20 28 15 23 16 29]
  [ 0 16 29  0 20 22 15 17 24]
  [ 0 15 20 22  0 17 16 15 26]
  [ 0 20 16 22 20  0 21 26 22]
  [ 0 20 21 28 20 24  0 29 19]
  [ 0 22 29 21 25 17 19  0 15]
  [ 0 25 21 24 21 19 23 18  0]]

 [[ 0 19 15 27 22 23 19 21 26]
  [ 0  0 23 24 22 27 18 21 23]
  [ 0 15  0 23 16 21 24 18 24]
  [ 0 21 18  0 28 20 21 29 28]
  [ 0 28 22 22  0 23 26 15 27]
  [ 0 19 19 16 22  0 26 24 26]
  [ 0 15 26 18 27 24  0 24 15]
  [ 0 23 19 28 18 15 24  0 27]
  [ 0 23 24 19 15 24 29 19  0]]

 [[ 0 21 23 22 28 25 17 15 19]
  [ 0  0 26 15 24 25 15 28 18]
  [ 0 17  0 22 17 24 18 27 18]
  [ 0 25 16  0 16 17 27 21 20]
  [ 0 21 22 28  0 20 22 20 27]
  [ 0 25 19 25 16  0 18 25 22]
  [ 0 25 19 26 22 24  0 27 27]
  [ 0 27 20 28 26 16 26  0 28]
  [ 0 16 24 17 28 15 17 20  0]]

 [[ 0 26 28 16 28 23 15 28 16]
  [ 0  0 20 17 25 21 23 29 29]
  [ 0 15  0 17 29 27 16 19 19]
  [ 0 22 24  0 27 22 29 27 22]
  [ 0 17 25 29  0 24 28 20 17]
  [ 0 19 16 17 21  0 17 27 25]
  [ 0 28 17 22 28 26  0 19 22]
  [ 0 27 28 16 18 28 17  0 29]
  [ 0 23 18 24 29 27 25 16  0]]

 [[ 0 25 18 17 16 25 15 26 26]
  [ 0  0 20 25 23 22 25 20 24]
  [ 0 24  0 16 24 20 26 15 15]
  [ 0 24 27  0 16 18 19 23 26]
  [ 0 28 22 18  0 26 20 24 17]
  [ 0 19 18 25 23  0 25 23 25]
  [ 0 25 26 24 15 25  0 18 22]
  [ 0 25 18 17 25 26 26  0 23]
  [ 0 19 26 16 16 15 29 19  0]]

 [[ 0 29 18 21 19 19 27 22 23]
  [ 0  0 16 18 19 16 29 24 19]
  [ 0 29  0 17 27 20 15 16 16]
  [ 0 25 24  0 18 28 19 18 21]
  [ 0 25 29 20  0 24 24 23 21]
  [ 0 20 29 29 22  0 18 27 15]
  [ 0 25 20 27 24 18  0 23 27]
  [ 0 24 24 16 16 26 24  0 16]
  [ 0 24 24 21 28 22 20 26  0]]

 [[ 0 27 24 28 29 24 24 26 26]
  [ 0  0 17 26 27 25 20 16 21]
  [ 0 19  0 21 17 29 27 15 21]
  [ 0 15 16  0 19 20 16 19 29]
  [ 0 15 18 20  0 26 26 28 23]
  [ 0 23 15 20 29  0 25 22 24]
  [ 0 28 15 26 22 22  0 23 29]
  [ 0 26 15 26 25 21 19  0 21]
  [ 0 20 28 24 25 28 29 17  0]]

 [[ 0 17 24 25 16 15 15 15 24]
  [ 0  0 28 29 15 24 16 21 26]
  [ 0 26  0 19 18 18 20 28 22]
  [ 0 20 27  0 15 22 24 27 24]
  [ 0 19 26 17  0 29 17 16 23]
  [ 0 15 21 19 23  0 22 21 25]
  [ 0 25 20 16 23 26  0 17 20]
  [ 0 27 23 22 28 19 27  0 18]
  [ 0 27 18 25 21 23 27 24  0]]

 [[ 0 16 16 27 22 17 25 18 15]
  [ 0  0 16 28 15 26 21 23 25]
  [ 0 20  0 17 26 18 18 18 25]
  [ 0 18 21  0 23 25 26 23 18]
  [ 0 19 22 17  0 27 20 25 29]
  [ 0 16 28 20 26  0 18 28 28]
  [ 0 23 16 16 23 16  0 15 26]
  [ 0 16 23 29 17 18 22  0 24]
  [ 0 24 17 15 20 24 26 26  0]]

 [[ 0 17 27 27 26 27 24 21 29]
  [ 0  0 19 23 28 16 29 16 16]
  [ 0 15  0 21 28 16 29 26 22]
  [ 0 23 17  0 20 16 22 20 28]
  [ 0 20 23 21  0 18 23 22 24]
  [ 0 26 25 29 16  0 20 27 17]
  [ 0 29 15 29 17 20  0 26 29]
  [ 0 20 21 24 24 27 27  0 25]
  [ 0 22 19 19 22 15 28 28  0]]

 [[ 0 18 22 27 19 21 20 20 20]
  [ 0  0 17 23 19 22 27 17 21]
  [ 0 23  0 21 16 22 27 23 15]
  [ 0 15 17  0 18 28 15 17 19]
  [ 0 24 27 22  0 15 19 19 21]
  [ 0 24 15 18 28  0 17 26 22]
  [ 0 15 27 16 20 25  0 22 22]
  [ 0 24 28 18 23 25 28  0 25]
  [ 0 25 24 21 17 28 23 16  0]]

 [[ 0 16 22 15 22 27 23 15 27]
  [ 0  0 15 28 22 21 28 25 28]
  [ 0 28  0 27 29 18 21 24 17]
  [ 0 19 24  0 24 26 17 27 16]
  [ 0 22 21 25  0 24 28 15 18]
  [ 0 28 17 23 26  0 18 22 23]
  [ 0 19 16 29 21 17  0 26 20]
  [ 0 18 23 20 15 26 17  0 19]
  [ 0 20 25 16 17 20 19 18  0]]

 [[ 0 16 25 15 17 15 27 19 27]
  [ 0  0 16 26 19 15 22 23 19]
  [ 0 17  0 20 15 18 27 23 24]
  [ 0 17 16  0 24 20 15 27 19]
  [ 0 18 26 16  0 29 17 19 15]
  [ 0 15 17 16 18  0 23 26 29]
  [ 0 15 28 15 29 22  0 23 28]
  [ 0 21 26 23 21 18 18  0 21]
  [ 0 25 27 24 27 23 23 18  0]]

 [[ 0 27 21 15 29 21 25 15 15]
  [ 0  0 17 26 28 21 24 23 22]
  [ 0 19  0 23 17 18 24 23 20]
  [ 0 19 21  0 17 27 16 28 24]
  [ 0 26 17 24  0 15 21 19 21]
  [ 0 18 22 17 24  0 26 24 29]
  [ 0 20 27 28 28 25  0 21 20]
  [ 0 18 17 25 28 27 16  0 28]
  [ 0 15 27 20 23 16 16 24  0]]

 [[ 0 17 15 22 29 19 27 22 18]
  [ 0  0 18 28 25 26 23 29 19]
  [ 0 24  0 29 21 29 26 23 27]
  [ 0 21 28  0 20 27 26 22 16]
  [ 0 27 27 16  0 24 17 23 25]
  [ 0 28 27 24 23  0 20 29 20]
  [ 0 19 20 29 29 25  0 15 24]
  [ 0 24 18 20 15 18 24  0 26]
  [ 0 22 29 26 19 18 27 27  0]]

 [[ 0 28 27 23 17 19 23 19 21]
  [ 0  0 22 22 15 27 15 20 18]
  [ 0 21  0 19 24 22 15 26 24]
  [ 0 29 26  0 19 25 19 22 28]
  [ 0 26 28 24  0 27 29 22 26]
  [ 0 29 23 27 24  0 26 23 16]
  [ 0 23 24 23 25 29  0 15 19]
  [ 0 24 17 18 24 16 20  0 25]
  [ 0 15 15 28 17 28 23 27  0]]

 [[ 0 19 26 15 23 19 18 23 17]
  [ 0  0 19 23 16 15 22 20 18]
  [ 0 26  0 21 20 27 28 26 26]
  [ 0 18 17  0 22 24 21 15 26]
  [ 0 18 16 28  0 16 20 20 15]
  [ 0 21 26 24 26  0 15 17 16]
  [ 0 24 17 27 25 19  0 20 20]
  [ 0 28 19 18 25 16 20  0 20]
  [ 0 28 19 25 20 27 23 18  0]]

 [[ 0 26 22 16 22 25 20 16 24]
  [ 0  0 21 21 18 26 19 23 23]
  [ 0 29  0 24 23 22 16 19 17]
  [ 0 28 20  0 27 15 18 20 15]
  [ 0 22 25 19  0 22 29 28 25]
  [ 0 26 27 26 27  0 25 17 28]
  [ 0 26 23 29 16 26  0 18 26]
  [ 0 16 29 24 18 26 16  0 20]
  [ 0 17 25 22 25 15 29 24  0]]]
 delivery_times
 [[  0 176 195 178 194 197 188 172 186 190 194 198 175 172 170 170 189 185
  194 183 188 192 189 180 172 191 185 174 196 187 170 189 190 173 177 174
  190 181 178 189 199 198 181 183 170 191 195 178 187 188 180 187 198 185
  188 173 193 194 187 177 178 197 172 186 180 189 198 187 187 180 184 179
  199 194 189 171 195 188 186 194 179 176 179 188 188 181 183 171 189 182
  174 193 186 196 177 187 173 189 191 195 193 196 183 194 183 199 178 173
  192 177 194 178 199 194 191 184 187 188 185 189 192 184 174 181 196 170
  185 172 183 175 191 180 196 184 178 179 195 185 184 193 185 171 172 189
  186 170 190 198 173 194 182 198 192 180 176 177 187 170 184 173 192]
 [  0 185 177 191 187 190 189 194 176 190 198 178 197 190 173 170 179 191
  195 177 199 186 194 179 191 186 194 179 171 180 198 176 198 185 186 190
  194 187 175 195 191 191 174 175 199 198 173 171 176 181 179 178 179 184
  185 179 171 181 180 181 195 184 191 192 182 173 196 188 179 194 186 172
  179 176 170 170 177 179 187 186 179 187 180 175 195 185 173 170 186 179
  199 184 176 187 191 176 191 177 192 197 179 175 170 170 189 197 196 171
  173 174 183 183 195 195 175 170 181 199 170 189 176 185 196 176 181 182
  199 195 195 189 196 176 188 198 174 183 192 176 195 191 193 199 198 179
  179 182 177 179 195 177 195 185 175 177 182 190 177 193 184 181 172]
 [  0 191 196 195 197 183 192 186 186 173 193 170 176 189 176 195 198 185
  172 175 185 188 190 190 175 175 188 178 172 174 188 181 195 175 199 183
  182 187 178 188 195 188 171 181 189 193 199 184 197 190 193 182 182 197
  176 172 192 170 184 188 196 192 178 188 182 190 181 178 187 193 197 193
  190 171 184 175 194 183 179 196 175 195 198 173 185 199 173 198 196 179
  190 189 199 199 183 182 195 180 194 194 191 173 191 187 198 191 184 179
  189 187 176 186 172 185 189 190 182 189 180 179 171 186 188 190 171 188
  170 190 188 196 199 195 170 177 183 181 183 174 175 182 195 182 179 188
  191 173 195 180 179 186 174 180 178 170 171 178 197 176 171 184 181]
 [  0 194 195 195 190 180 182 191 193 182 190 174 176 194 172 184 185 185
  193 187 177 171 176 197 175 186 186 182 173 197 188 174 198 180 186 194
  171 192 173 180 186 187 190 170 171 199 183 189 191 197 174 178 197 184
  182 172 196 190 192 170 183 170 184 177 185 182 170 175 197 179 196 181
  194 174 195 187 185 189 179 193 197 174 191 187 188 174 190 190 177 198
  191 182 176 196 176 170 190 188 193 174 190 176 173 195 189 194 170 191
  187 194 187 189 195 187 183 194 182 174 182 186 191 183 174 188 194 174
  190 176 184 195 191 178 192 177 177 187 178 185 195 173 187 192 182 175
  174 199 187 191 189 170 180 192 190 198 193 194 187 179 178 192 175]
 [  0 178 184 190 175 179 192 173 194 194 188 172 185 177 187 184 178 174
  186 199 178 179 194 181 180 183 194 192 177 175 185 175 178 185 182 199
  178 173 181 179 175 199 172 181 178 191 193 176 175 171 173 187 199 171
  192 194 178 171 178 171 187 180 173 175 198 180 174 188 177 195 175 182
  186 172 199 191 174 182 182 183 197 190 196 185 184 188 185 186 194 180
  176 176 189 179 177 187 198 178 199 179 196 187 188 170 199 184 188 175
  188 178 178 193 180 174 197 187 177 176 194 191 172 188 196 195 178 198
  181 197 193 195 173 199 182 172 180 195 183 181 184 173 194 178 178 187
  197 181 187 192 192 197 170 198 184 178 178 180 180 188 180 176 185]
 [  0 190 170 187 192 176 195 183 185 175 187 178 181 174 188 173 177 195
  181 191 195 196 174 171 179 176 199 183 171 172 191 172 180 189 180 185
  174 197 187 176 174 171 197 174 193 196 182 193 194 170 188 171 189 171
  195 181 196 181 189 188 176 188 190 172 194 194 193 189 171 185 185 199
  199 174 198 191 195 182 190 188 191 193 178 178 179 180 190 187 195 179
  181 190 199 174 190 194 174 177 180 191 189 186 193 179 193 182 179 180
  199 194 197 178 187 193 178 188 178 171 186 176 188 196 189 187 199 197
  191 173 174 184 192 199 178 190 196 184 176 197 193 174 179 175 187 190
  176 192 179 174 184 199 189 185 190 177 195 198 178 191 179 188 191]
 [  0 173 170 183 181 178 186 177 178 178 199 174 174 174 194 172 171 177
  192 196 175 186 182 182 186 195 172 192 188 196 185 191 192 192 186 176
  177 182 185 195 199 171 178 185 171 182 197 191 180 179 191 186 195 177
  176 191 199 184 198 184 171 184 191 179 196 179 175 171 189 191 192 180
  171 174 174 197 199 189 190 187 192 173 198 187 185 192 191 195 175 196
  179 179 187 196 189 195 178 188 190 177 198 199 184 187 195 199 184 177
  195 171 173 196 181 179 188 173 189 172 189 178 192 174 183 186 171 192
  176 189 172 179 180 196 182 190 195 188 191 181 176 192 184 171 189 184
  197 192 172 195 186 175 187 188 196 198 183 199 190 192 175 174 183]
 [  0 174 190 198 197 170 185 199 194 186 191 178 183 185 172 172 193 188
  199 177 197 193 174 185 183 198 193 175 177 191 194 184 199 184 192 190
  176 176 183 190 183 193 179 182 186 194 192 197 182 199 195 181 197 188
  184 188 191 199 199 184 187 193 174 180 195 181 181 192 176 175 173 190
  188 172 173 183 185 195 183 189 197 191 183 188 189 172 173 195 185 170
  185 180 194 178 187 197 196 178 186 195 196 195 195 192 187 176 182 187
  197 189 199 179 199 170 187 194 189 183 180 196 196 185 189 195 195 191
  194 181 199 185 170 198 171 190 181 176 172 192 182 183 170 187 173 184
  193 197 191 196 187 180 170 179 183 189 193 185 181 194 189 178 183]
 [  0 184 180 184 196 173 170 172 196 173 190 178 191 187 177 197 170 185
  182 192 197 181 190 173 176 192 178 184 190 185 192 191 175 181 192 198
  171 184 188 174 186 193 196 170 175 174 177 181 196 199 197 183 182 190
  182 186 191 182 183 172 188 172 198 191 195 176 189 199 176 175 172 187
  172 191 197 170 185 191 193 176 196 175 181 181 190 192 182 180 193 199
  193 198 198 194 186 192 179 177 171 184 173 199 189 176 185 170 173 172
  176 199 198 183 199 172 192 179 182 182 194 193 195 173 182 175 171 179
  176 186 190 189 190 190 179 194 174 182 174 179 197 181 185 173 174 185
  195 182 187 194 184 194 178 185 172 174 194 176 198 185 193 192 190]
 [  0 198 191 172 179 197 182 171 182 184 175 178 179 194 189 184 176 171
  173 170 193 174 173 199 186 194 178 196 186 193 173 197 193 180 186 182
  174 174 187 170 189 177 191 176 186 177 181 178 173 181 178 198 181 182
  170 170 192 186 174 187 189 170 193 175 182 194 196 185 170 189 197 182
  185 191 175 178 174 196 198 170 186 175 191 198 190 175 179 199 180 190
  171 195 180 175 182 192 197 174 179 191 192 177 182 177 180 184 172 196
  171 192 185 173 191 186 194 175 186 183 172 175 186 194 186 182 193 176
  179 193 179 198 178 177 182 195 170 173 182 184 196 197 173 182 170 177
  175 178 193 182 197 172 176 183 198 178 188 173 195 182 174 198 187]
 [  0 188 188 184 197 180 192 193 180 196 178 182 171 195 184 185 193 178
  176 188 179 180 194 190 179 187 192 170 178 194 172 173 175 199 193 186
  197 178 173 195 170 181 181 187 184 175 190 176 177 181 193 170 196 187
  176 184 170 185 176 199 179 178 174 171 196 197 194 185 197 194 176 173
  173 171 196 171 181 171 181 184 186 176 179 184 179 178 171 170 175 180
  181 176 193 183 188 190 184 184 171 181 191 195 171 181 175 172 171 178
  179 192 172 172 185 184 189 176 190 186 197 189 179 180 174 187 176 197
  183 183 182 186 187 178 194 181 190 178 199 193 186 173 176 172 185 183
  184 193 193 193 197 188 198 189 178 177 183 194 182 174 199 187 188]
 [  0 191 182 183 192 199 189 181 181 190 190 173 191 194 194 187 170 189
  175 192 199 189 181 198 178 181 191 175 178 197 185 184 174 180 176 185
  172 172 180 193 184 193 195 188 184 190 176 191 172 194 174 175 184 189
  178 194 183 193 195 188 177 187 173 174 171 171 186 185 188 194 198 199
  183 181 181 197 188 185 187 171 184 178 187 173 185 189 173 190 184 181
  172 190 191 197 188 183 172 182 173 194 184 173 181 197 173 170 172 182
  180 170 193 198 180 175 198 197 196 192 186 187 195 178 170 171 182 175
  186 195 199 178 176 178 185 190 172 178 185 188 193 171 176 177 183 197
  185 199 170 176 176 183 190 179 186 182 199 185 194 190 191 170 177]
 [  0 172 195 199 186 196 190 196 196 193 180 170 171 170 196 173 196 193
  194 191 172 198 182 170 179 193 183 190 195 170 190 174 192 197 177 182
  185 183 174 199 181 189 183 188 185 186 194 175 199 173 188 188 171 173
  179 188 177 186 181 183 198 170 192 173 194 187 174 181 187 194 177 176
  172 195 189 184 175 198 195 178 188 195 178 186 193 194 176 189 176 181
  183 189 183 198 172 188 193 181 199 197 192 189 177 178 188 195 190 172
  172 175 181 173 183 179 192 199 190 198 173 198 188 186 184 177 187 199
  186 187 186 184 188 192 183 181 186 190 189 197 191 185 180 174 188 179
  190 199 176 175 184 177 192 176 170 184 184 187 193 180 182 190 197]
 [  0 191 184 184 191 178 190 181 193 170 181 178 174 195 171 194 183 190
  196 180 177 198 171 199 176 178 176 192 182 181 189 175 173 197 194 179
  180 191 193 192 179 174 194 185 196 191 190 179 185 179 186 193 180 183
  177 184 190 195 191 171 192 193 196 195 172 175 198 187 174 171 184 194
  191 184 193 171 193 198 185 183 180 195 185 199 186 171 189 197 181 174
  180 187 183 199 197 195 193 172 185 186 182 187 189 194 176 173 194 186
  189 172 186 183 182 171 175 190 193 186 185 185 178 187 180 172 181 173
  170 189 171 196 180 175 177 178 183 175 171 179 191 180 186 198 173 174
  174 193 195 186 195 187 176 195 174 184 199 176 191 192 181 187 194]
 [  0 196 180 191 192 190 188 191 172 186 174 181 185 189 184 182 170 184
  182 170 199 195 187 195 183 188 189 176 197 190 180 172 174 194 188 195
  179 181 170 192 199 185 199 182 195 174 179 179 170 177 181 187 173 194
  174 184 187 176 173 179 177 180 195 186 179 196 188 170 185 193 176 171
  185 186 179 180 193 182 198 194 186 181 189 186 184 174 193 186 181 195
  180 188 178 176 178 184 197 186 189 179 187 191 196 186 178 199 198 188
  172 189 196 187 170 171 197 186 172 170 185 179 180 179 185 187 194 179
  178 181 191 195 173 193 197 175 172 183 196 172 171 186 189 187 195 185
  178 188 193 170 174 174 182 187 192 170 199 175 192 175 179 187 189]
 [  0 177 185 176 199 170 177 199 190 178 185 178 193 180 182 181 181 196
  198 196 178 174 183 184 185 180 180 189 182 192 177 198 179 191 175 198
  198 180 182 182 189 189 197 186 183 182 189 172 178 179 187 192 186 187
  197 191 180 185 173 189 185 193 178 198 178 179 178 198 195 187 189 183
  187 192 190 186 190 186 196 190 175 188 192 177 180 197 198 176 196 198
  199 197 191 172 188 179 170 184 183 176 177 183 171 192 187 183 173 186
  197 191 186 185 193 198 179 188 199 172 189 181 176 181 171 179 186 178
  183 177 190 181 185 178 185 184 180 170 170 182 189 174 188 192 178 183
  173 183 172 190 194 174 194 174 177 170 195 190 172 192 191 195 182]
 [  0 194 192 177 186 175 195 181 174 176 198 190 180 195 176 191 187 187
  176 195 174 198 193 181 170 179 172 181 176 187 199 199 189 197 184 174
  179 183 174 183 179 187 196 192 178 189 192 170 186 193 179 179 182 198
  191 174 175 187 186 177 188 197 178 199 187 194 192 174 193 177 184 187
  170 183 193 181 174 199 178 177 179 182 191 187 180 195 175 180 193 172
  186 195 190 177 187 180 190 193 191 190 174 188 173 182 187 179 191 172
  199 180 171 187 176 174 189 183 196 174 189 174 171 181 189 175 195 184
  181 186 196 177 198 187 193 171 177 171 188 172 178 191 175 172 191 186
  173 182 183 174 174 182 182 195 174 182 170 196 189 181 195 177 171]
 [  0 175 191 185 176 197 197 170 177 175 183 195 183 192 173 175 175 199
  179 177 191 196 199 185 174 173 197 177 193 177 174 192 197 172 187 192
  173 176 185 177 183 175 188 178 187 185 190 183 191 174 177 195 178 171
  181 187 182 175 172 186 170 181 175 192 184 197 195 175 193 198 191 198
  173 189 174 199 172 191 175 173 170 173 177 198 176 185 174 175 191 188
  172 179 187 191 198 179 189 173 171 197 195 180 183 194 171 176 189 185
  194 187 193 184 177 183 173 188 185 177 178 174 193 188 174 170 176 190
  181 189 194 192 190 196 199 197 181 190 170 171 182 185 178 183 192 187
  178 198 182 188 180 196 174 183 181 183 179 194 185 171 189 190 172]
 [  0 180 180 170 190 182 196 198 173 180 189 186 190 198 170 193 198 190
  170 183 198 199 188 182 185 191 192 176 186 190 179 183 175 170 180 174
  177 187 177 186 189 179 174 185 185 172 186 178 186 190 171 172 184 176
  187 191 199 188 171 192 181 181 175 181 183 185 193 189 198 184 189 174
  179 188 191 183 176 190 188 183 199 172 192 183 191 185 182 179 195 176
  175 199 178 180 173 198 199 187 188 177 183 179 197 189 194 194 179 190
  199 183 183 198 181 199 174 189 186 170 176 181 186 180 185 183 175 177
  183 186 180 170 171 194 177 187 192 181 181 182 193 185 185 196 186 188
  198 170 178 183 196 192 193 170 187 177 192 180 184 191 175 187 181]
 [  0 194 193 182 196 191 191 182 192 199 188 174 199 196 197 176 185 195
  170 180 194 182 170 193 197 185 195 193 184 198 199 177 180 182 191 186
  197 192 174 175 176 176 192 189 178 190 197 188 190 199 179 192 176 197
  183 177 197 181 176 184 186 194 172 173 199 193 197 172 198 196 174 188
  182 191 178 187 199 195 186 196 188 171 181 175 186 176 190 170 173 187
  195 190 178 176 177 191 196 174 173 194 188 170 199 183 181 195 180 187
  187 180 170 197 181 172 197 172 190 171 185 190 182 172 173 177 192 189
  171 190 180 173 190 180 174 180 175 194 175 176 187 170 174 193 197 178
  184 183 198 192 189 187 178 194 184 196 199 179 178 180 177 198 193]]
 job2fam
 [[1 0 0 0 0 0 0 0 0 0 0 0 0 0 0 0 0 0 0 0 0 0 0 0 0 0 0 0 0 0 0 0 0 0 0 0
  0 0 0 0 0 0 0 0 0 0 0 0 0 0 0 0 0 0 0 0 0 0 0 0 0 0 0 0 0 0 0 0 0 0 0 0
  0 0 0 0 0 0 0 0 0 0 0 0 0 0 0 0 0 0 0 0 0 0 0 0 0 0 0 0 0 0 0 0 0 0 0 0
  0 0 0 0 0 0 0 0 0 0 0 0 0 0 0 0 0 0 0 0 0 0 0 0 0 0 0 0 0 0 0 0 0 0 0 0
  0 0 0 0 0 0 0 0 0 0 0 0 0 0 0 0 0]
 [0 0 0 0 0 0 0 0 0 0 0 0 0 1 0 0 0 0 0 0 0 1 0 1 0 0 0 0 0 1 0 0 0 0 0 0
  0 1 0 1 0 0 0 0 0 0 0 0 0 0 0 0 0 0 0 0 0 0 0 0 0 0 0 0 0 0 0 0 0 0 0 0
  0 0 0 1 0 1 0 0 0 0 0 1 0 0 0 0 0 0 0 0 0 0 0 0 0 0 0 1 1 0 0 0 0 0 1 0
  0 0 0 0 0 0 0 0 0 0 0 0 0 0 0 0 0 0 0 0 0 0 0 1 0 0 0 0 0 0 0 0 0 0 0 0
  0 0 0 0 0 0 1 0 0 0 0 1 0 1 0 0 0]
 [0 0 0 0 0 0 0 0 0 0 1 0 1 0 0 0 0 0 0 0 0 0 1 0 0 0 0 0 1 0 0 0 0 0 0 0
  0 0 0 0 0 0 0 0 0 0 0 0 0 0 0 0 1 0 0 0 1 0 0 0 0 0 0 0 1 1 0 0 0 0 0 1
  0 1 0 0 0 0 0 0 0 0 0 0 0 0 0 0 0 0 0 0 0 0 0 0 0 1 0 0 0 0 0 0 1 0 0 0
  0 0 0 0 0 0 0 0 0 0 1 0 0 0 0 0 0 1 0 0 0 0 0 0 0 0 1 0 0 0 0 1 0 1 0 1
  0 0 0 1 0 0 0 0 0 0 1 0 0 0 0 0 0]
 [0 0 0 0 0 0 1 1 0 0 0 0 0 0 0 0 0 0 1 0 0 0 0 0 1 0 0 0 0 0 0 0 0 0 0 0
  0 0 0 0 0 0 1 0 0 0 1 0 0 0 0 0 0 0 0 1 0 0 0 0 0 0 0 0 0 0 0 1 0 0 0 0
  0 0 0 0 1 0 0 0 0 0 1 0 0 0 0 0 0 0 1 0 0 0 0 0 0 0 0 0 0 0 0 0 0 1 0 0
  0 1 0 0 0 0 0 0 0 0 0 0 0 0 0 1 1 0 0 0 0 0 0 0 1 0 0 0 0 1 0 0 1 0 0 0
  0 1 0 0 0 0 0 0 0 0 0 0 0 0 0 0 0]
 [0 0 0 0 1 0 0 0 0 0 0 0 0 0 0 0 1 1 0 1 0 0 0 0 0 0 0 0 0 0 0 0 0 0 0 0
  1 0 1 0 0 1 0 0 0 0 0 0 0 1 0 1 0 0 0 0 0 0 0 1 0 1 0 0 0 0 0 0 0 0 0 0
  0 0 0 0 0 0 0 0 1 0 0 0 0 0 0 1 0 0 0 0 0 0 0 0 0 0 1 0 0 0 0 0 0 0 0 0
  0 0 1 0 0 0 0 0 0 0 0 0 1 0 0 0 0 0 0 0 1 0 1 0 0 0 0 1 0 0 0 0 0 0 1 0
  0 0 1 0 0 0 0 0 0 0 0 0 0 0 0 0 0]
 [0 0 1 1 0 1 0 0 0 0 0 1 0 0 0 0 0 0 0 0 0 0 0 0 0 1 0 0 0 0 0 0 1 1 0 0
  0 0 0 0 0 0 0 0 1 0 0 1 1 0 1 0 0 0 1 0 0 0 0 0 0 0 0 0 0 0 1 0 1 1 0 0
  0 0 0 0 0 0 0 0 0 0 0 0 1 1 0 0 1 0 0 1 0 0 1 0 0 0 0 0 0 0 0 0 0 0 0 1
  0 0 0 0 0 0 0 1 1 0 0 0 0 1 0 0 0 0 0 0 0 0 0 0 0 1 0 0 1 0 0 0 0 0 0 0
  0 0 0 0 0 0 0 0 0 0 0 0 0 0 0 0 1]
 [0 0 0 0 0 0 0 0 1 1 0 0 0 0 0 0 0 0 0 0 1 0 0 0 0 0 0 0 0 0 0 0 0 0 0 0
  0 0 0 0 0 0 0 0 0 1 0 0 0 0 0 0 0 0 0 0 0 0 0 0 0 0 0 1 0 0 0 0 0 0 0 0
  0 0 0 0 0 0 0 0 0 0 0 0 0 0 1 0 0 0 0 0 1 1 0 1 0 0 0 0 0 0 0 0 0 0 0 0
  0 0 0 0 0 0 0 0 0 0 0 1 0 0 1 0 0 0 0 0 0 1 0 0 0 0 0 0 0 0 1 0 0 0 0 0
  0 0 0 0 1 1 0 1 0 0 0 0 0 0 0 0 0]
 [0 1 0 0 0 0 0 0 0 0 0 0 0 0 0 1 0 0 0 0 0 0 0 0 0 0 1 1 0 0 1 1 0 0 1 1
  0 0 0 0 0 0 0 1 0 0 0 0 0 0 0 0 0 0 0 0 0 0 0 0 1 0 0 0 0 0 0 0 0 0 1 0
  0 0 0 0 0 0 0 1 0 0 0 0 0 0 0 0 0 0 0 0 0 0 0 0 1 0 0 0 0 1 1 1 0 0 0 0
  1 0 0 1 0 1 0 0 0 0 0 0 0 0 0 0 0 0 1 0 0 0 0 0 0 0 0 0 0 0 0 0 0 0 0 0
  1 0 0 0 0 0 0 0 1 1 0 0 1 0 1 1 0]
 [0 0 0 0 0 0 0 0 0 0 0 0 0 0 1 0 0 0 0 0 0 0 0 0 0 0 0 0 0 0 0 0 0 0 0 0
  0 0 0 0 1 0 0 0 0 0 0 0 0 0 0 0 0 1 0 0 0 1 1 0 0 0 1 0 0 0 0 0 0 0 0 0
  1 0 1 0 0 0 1 0 0 1 0 0 0 0 0 0 0 1 0 0 0 0 0 0 0 0 0 0 0 0 0 0 0 0 0 0
  0 0 0 0 1 0 1 0 0 1 0 0 0 0 0 0 0 0 0 1 0 0 0 0 0 0 0 0 0 0 0 0 0 0 0 0
  0 0 0 0 0 0 0 0 0 0 0 0 0 0 0 0 0]]
