params：
 weight-->(1, 10)
 proc_times-->(1, 100)
 setup_times-->(60, 120)
 delivery_times-->(1, 30)
 job_rate-->8

start:
alpha_1
8
 alpha_2
2.0
 mach
20
 job
160
 fam
5
 weigh
 [[0 8 6 2 9 5 4 3 7 3 1 9 2 9 6 8 7 1 8 6 4 8 7 5 3 9 8 8 8 5 3 5 2 4 5 2
  1 8 7 6 2 6 5 5 9 7 9 6 3 7 9 8 1 5 6 7 6 9 3 9 8 6 6 2 7 9 7 7 4 3 7 7
  5 7 3 4 8 3 1 8 3 6 1 6 3 7 8 1 6 6 2 5 6 4 6 3 2 6 8 6 4 4 2 7 2 3 5 5
  3 4 6 8 1 5 4 9 7 7 2 2 8 7 2 6 9 5 9 2 1 8 6 2 7 5 1 8 7 2 8 8 2 5 6 6
  2 2 7 7 5 7 6 7 1 9 3 9 9 9 4 9 9]]
 proc_times
 [[  0  16  91  74  86  57  11  49  68  61  50  93  99  48  58  27  92  47
   33  27  53  91  59  30  39  87  47  63  61   3  48  84  22   9  39  13
   23  27  56  19  25  46  31  20  27  65  53  65  44   5  10  34  28  92
   12  15  66  37  93  14  23  15  35  32  59  58  15   3  72  20  93  71
   19  99  33  61  93  72  44  98  14  41   4  32  39  27  35  59  20  52
   97  74  64  93  11  92   7  84   4  24  70   1  29  67  61  36   6   1
   61  17  90  18   8  74  22  80  68  49  65  72  63  13  43  14  22  95
   87   9  86  26  92  60  99   5  31  25  84 100  12  67  55   9  57  41
   44  79  44   7  14  64  55  38  63  60  23   6  32  16  66  91  58]
 [  0  40  22  16  79  22  97  77  56  13  18  48  57   6  59   4  12   5
   10  38  31  99   6  93   3  11  48  68  26  53  44  70  68   2  45  69
   77  16  30  30  45  45  42  67  91  44  87  86 100  65  17  81  94  47
   99  39  89  19  90  84  19  26   5  66  27  74  19  67  83  11  12  55
   93  12  22  32  94  75  73  37  66  40  92  34  80   8  71   2  43  49
   42  56  93  40  98  83  54   8  53  12  20   2  62  44  84  87   9  26
    9   8  49  73  41  78  24  89  45  26  92  20  88  25  78  88  88  99
    6  45  61  70  61  93  71  66  74  40  69  16  95  44  46  70  75  46
   56  99  43  87  94  54  14  21  92  53  58  19  27   8  64  53  32]
 [  0  73  58  55  18  72  75   3  90  80  40  90  93  45  14   4  13  46
   62  23  53  11  31  98  86  95  95  39  63  22  51   6  61  87  16  82
   82  85  24  92  86  93  48  28  51  68  86  56  67   7   8  47  24  11
   66  85   9  34   2  91   6  92  43   7  86  91  97  74  38   1   1  56
   81  55  32  73  13  17  93  78  81   4  58  10  23  67  89  56  77  53
    1  74  19 100  70  12  98  10  99  78  56  56  40  34  99  84  66  14
   75  88  93  35  47   8  46  12  96  67  41  22  83  91  52   2  62  31
   47  15  92  85  75  50  20 100  99  36  70  45  71  65  21  63  38  20
    2  21  37  47   4  75  71  76  89  78  24  31  51  13  11  64  71]
 [  0  40  65  17  39  49  22   8  29  94  76  66  88  73  50  42  46  54
   99  99 100  22 100  20  10   3  91  73  42  36  78  54  44  94  78  44
   90   2  38  80  47  71  89  26  41  99  30  83  16  21  58  30  49   1
   11  38  20  35  61  23  67  31   9  97  35  68  33  55  41  87  28  90
   87  96  21  23  52   7   7  54  71  35  18  41  57  79  14  94  78  80
   26  10  47  56  84  36  93  77  32  43  79  75  90  53  28  13  30  74
   64   8  56  20  90  31  28  64 100  47  82   8   9  16  35   3  22  31
   63  87  39  39  86  27  48  16  71  33  38  27  92  35  99  36  72   5
    5  22   8  79  53  87  40  72  39  75  14   9  95  77  39  70  56]
 [  0  44   1   2  21  41  56  91  90  66  59  66  53  18  20  91  88  73
    2  77  32   1  22   8  37  73  76   5  73  54  77  99  62  39  51  12
   78  72   7  21  86  52   3  26  91  76  41  69  16  70  92  30  35  29
   68  30  15  14  25  76  42  82  28   8  33  16  43  32  36  93  49  71
   12  30  67  32   9  78  89  22  85  96   9  90  93  75   1  75  80   4
   65  10  60  41  24  53  70  58  77  49  83  99  22  83   7  80   2  72
   59  74  72  73  97  29  87   7  21  10  80  72  51  27  46  90  49   9
   40  19  26  52   7  62   1  65  87  95  93  90  61   9  15  64  88  28
   36  29  29   2  26  72  23  25  40  52  88  94  18  93  17  95  49]
 [  0  44  21  53  77   6  40  62  24  83  54  13 100  38  23  51  48  74
   68   7  31  91  13  54   5  86  22   2  68  22  33   9   8  65  70  54
   91  47  34  91  63  27  72  92  89  19  17  29  65  71  43  42  68  77
   36 100  21  92   7  95  75   3  42  38  20   7  31  19 100  73  98  73
   34  42  25  48  98  54  46   9  71  30  72  97  71  29   7  14  49  62
   98  40  29  51  33  93  58  58   8  94  43  64  72  51   6  30  11  19
    4  10  55  86  63  75  33  24  49  20  81  92  21  76  58  74 100   7
   72  15   9  30  14  86  62  12  20  49  77  51  92  46 100  54  50  11
   98  41  71  97  58  90  51  42  90  32  98  94  83  64  88  96   7]
 [  0  44  91  72  38  17  81  94  25  86  78  57  84  38  17  47  29  40
   17  60  91 100  43  89   4  32  16  40  39  87  27  30  39  85  55  76
   19  52  29  47  61  29   9  18  21  40  99  60  45  18  42  54  78  15
    1  38  97  14  42  92  83  88  73  11  90  87  52 100  41  88  77  36
   20  85  83  22  77  31  15   7  45  67  56  39  50   9  24  99  59  24
   13   2  82  36  60  94  12   6  40  40  74  41  20   3  80  96  98   6
   14  22  83  43  94  66  99  63   1  29  87  37  63  45   8  22   5  38
   70  38  45  73   4  87  35  76  17  32  74   3  59  37  27  94  93  22
    3  64  43  18   4  85  92   1  51 100  86  71  70  77   6  97  96]
 [  0  17  88  32  82  49  23  99  76  99  26  18   7  64  94  38  61  91
   98   1  24  51  21  31  21  28  37  73   2  55  30  62  61   3  46  74
   70  37 100  68  31  23  91  83   5  48  79  20  57  52  12  90  50  34
   11  98  90  48  61  25  32   2 100  27  58  28  39  98  77  95  39  66
   34  29  36  17  71  82  38  97  49  36  43  43  33  72  21  67  81  71
   81  50  24  23  24  79   4  93  66  71  84  52  33   3  81   6  97  97
   41   9  39  29  53   5  80  42   9   3  22  90  83  37  71   9  97   4
  100  90  82  86  69  11  16  31  47  45  75  89  86  54  12  42  56  20
   14  32  67  18  11  73  20 100  90  16  30  37  82  50 100  14  69]
 [  0  67  11  83  52  71  61  17  22  36   8  35   2  74  89  67  36  75
   82  30  22  33  38  47  76  17  82  99  33   2  66  74  53  70  53  89
   16  39  51  94   5  96  84  73  64  10  45  86  79  51  63  42  43  26
   38  68   2  83  91  26  60  14  19  21  52  56  80  34  95  11  68  61
    5  26  28  16  91   1  67  28  35  25  17  30  85  70  44  23  11  31
   31  67  17  50  35  35  53  60  88  61  68  78  86  67  29  50  20  94
   59  63  58  43  53  44  64  25  36  42  73  42  29  89  33  38  65  90
   27   6  26  84  18  18  94  82  92  19  39   3  23  14  29  70  96   1
   74  30  28  16  53  93   5  51  21  86 100  92  42  98   9   1  71]
 [  0  43  37  57  20  95   3  88  42   1  83  74   8  30  58  31  27  47
   50  49  81  56  97  98  18  49  25  93  11  44  73  31  40  75  85  47
   87  90  83  28  50  74  89  26  31  63  38  41  54  62  50  61  97  91
   90  26   5   1 100   1  34  39  98  98  16  41  16  65  36  20  48  45
   37  33  91  48  37  57  59  44   3  31  94  48  19  72  57  47  72  59
   54  19  28  77  75  41  21  26  19  31  96  57  90  28  21   2  53  12
   47  65  61  13  84  93  85   7  65  29  35  85  67  37  63  73   1  75
   49  33  98  75  81  40  29  50  77  40  44  51  29  81  13   3   8  48
   96  99  98   1  29  70  60  65  22  42  95  70  83  35  66  22  37]
 [  0  20  12   4  54  69  72  28  28  35  52  64  34  11  81  16  37  66
   64  34   8  79  41  56  96  57  88  12  57  73  19  92  23  63  32  23
   91  79  61  53  35  21  34  31  95   1  32  53  10   1  82  68  83  89
    6  86  70  90  38  86  96  79  72  64  32  43  91  24  76  27  14  22
   21  83  88  12  67   2  97  21  61  86  23  67  96  34  92  37  98  85
   65  62  10   8  25  74  28 100  69  36  62  95  78  48  38  54  14  84
   99  41  99   3  89  80  36  91  65  21  64   2  63  86  58  87  95  87
    2  69  19   7  58  74  36  85   8   2  24  97  15  70  22  95  15  87
   91  97  22  36  60  83  60  21  93  75  64  67  28  47  10  69  63]
 [  0  90  30   4   8   4  96  97  64  28  26  11   7  67  23  92  70  78
   76  78  13  19  21  35  29  35   6  43   6  11  81  41  37  61   3  76
   71  51  99   1  26  75  39  99  97  75   4  92  85  21   1  74  99  24
    9  20  91  63  18  15  73   9  31  70  91  35  51  52  26  60  71   8
   40  70  55  88  59  31  69  27  75  71   6  95  50  40  86  51  12  74
   97  54   9  38  46  54  66  58  10  41   9  23  55  57  83  79  37   8
   96  11  71  89  90  87  43  23  23  56  84  92  76  88  53  59  16  76
   74  51  61  49  93  20  47  45  28  81   3  39  86  94  91  32  22  49
   39  33  69  94  84   3  35  76  59  59  96  26  39  41   3  20  80]
 [  0  89   1  72  77  29  86  53  42   9  10  13 100  88  51  85  91  29
   21  67  22  26  32  25  20  14  88  19  35  17  64  56  67  80  95  34
   73  22  65   7  64  65  64  16  73  39  29  46  13  66  71  74  82  36
   18  65  70  42  85  11 100  50  54  67   1  40  54  95  11  24  35  91
   66  24  23  72  49  69  17  84  19  19  75  77  29   6   3  44  51  68
   77 100   7  87  18   7   4  34  73  83  39  18   4  27 100  69  18  72
    7  33  45  60  77  39  66  78  25  17  67   5  25  69  96  92  84   5
  100  44  85  27  94  31   4  80  53  32  48  13   1  79  76  22  98  81
   75 100  74  60  43  25  33  18  61  65  80  91  58  54  93  86  35]
 [  0  25  11  27  58  18  64  48  57  50  46   4   8  18  68  98  18  99
   87  55  16   6  21  89  55  80  60  74  34  62  62  14  15   9  95  74
    1  72  42   9  59  41  33  41   2  77  23  64  26  17  84  78  73  22
   52  97  95  28  56  56  31  70  16  24  43  80  15  90  90 100   5 100
   78  26  83  76   3  26  83  41   6   8  95  31   4  33  44   4  58  59
   70  39  17  19  17  51  69  54  85  56  66  45  21  72  69  41  21  57
    3  61  26  28  39  88  64  59  46  71  82  94  42  45  36  30  52  44
   16  63  68  97  45  98  91   5  66  40  12  14  80  42   4  14  82  83
    8  69  54  12  64  19  21   5  23  89  36  78  49  62  27  26  14]
 [  0  87  14  64  41  68  22  92  83  55  94  71  98  61  92   4  97  34
   72  45  96  10  61  41  48   8  57  49  82  49  36  60  52  65  50  19
   13  24  46  70   4  72  35  45  39  63   2  21  42  28  81  93  74  15
   55   7  50  54  14  24   4  28  32  69  48  37  99  91  12  49  23  96
   17   8  69  33   3  94  81  48  10  51  10  74   5  76  11  32  99  51
   40  50  63  71  24  12  97  33  85  49  57  12  72  68  93  86  75  85
   24  45  44  87  98  93   6  53  60  73  35  49  26  27  45  83  19  70
   61  44  76  17  89  49   9  26  31  43  59  40  57  34  11  57  75  90
   51  70  23  76  41  96  27  61  47  78  51   2  44   4  80  55  55]
 [  0  44  35  36  31  55  82   6  84  16  54  46  27  41  26  16  11  78
   31  33   7  89  53  24  88  69  16  57  91  15  89  39  49  94  92  64
   51  20  31  54  44  25   9   7  11  72  31  39  44  54  97  83  33  82
   98  41  18  33  80  68  63  26  48  44  91  78  24  94  22  19   5  91
   93  59  65  15  47  71  61 100  20  82  97  92  13  91  95  48   4  85
   62  25  71  66  87  84  58  39  56  63   4  45  31  21  64  35  45  33
   76  68   9  18  80   9  13  56  74  57   5   6  86  92  83  22  48  98
   86  81  44  48  77  30  44  49  28  98  66  74  29  77  69   4  73   4
   96   8  17  81  18  81  35   7  82  97  40  50  70  83  50  57  88]
 [  0  84  71  72  96  49  49  54  44  75  18  19  70  87  15  48  97  39
   26  42  85  33  41  96  10  43  86  73  11  68  85  90  50  36  76  62
   92  95  90  80  73  67  95  70  53  33  64  28  64   9  25   6  79  42
   92  12  53  32  92  99  21  33  33  23  88  83  33  11  66  95  84  13
    2   5  95   2  36  35  85  47  50  43  21  89   2  38  41  99  47   2
   83  25  58   4  75  18  68  14  37  93  81 100  61  25  23   3  35  38
   50   6  91  80  76  22  99   3  42  13  43  60  85  71  21  34  24  45
   24  26  92  92  12  80  44  68  38   4  86  31  27  34  81  71  92  90
   30  50  34  77  14  91  93  81  36  82  61  28  15  10  58  36  74]
 [  0  95  18  44  83  91  90  37   5  35  71  14  76  94  25  53  44  20
   95   3 100   9  24  86  17  51  35  16  22  95  15  13  18   3  35  65
   75  77  46   7  76   4  67  33  25  19  15  40  45  24  98  23  99  17
   22  94  21  68  17   6  23  12  28  46  49  28  89  70  69  69  66   4
   27  16  60   7  62  21   5  90  59   5  76  41  52  14  46  97  67  38
   33  17  57  27  23  46  11  30  90  77  43   3  15  72  50   6  63  19
   72  72  11  48   9  43  34  45   1   8   3  74  52  22  25  70  53  60
   55   1  25  91  95  66   1  64  90  55  27  76  58  78  61  60  36  78
   25  87   4   1  31  54  30  64  25  23  43  37  94  71  42  49  15]
 [  0  29  13  71  39  50  79  96   6  37  39  86  49  99  37  38  11  63
   13  27  29  93  45  51  56  39  31  31  27   2   6   5  60   1   2  82
   59  44  26   2  51   7  68  14   3  34   6  56  86  72  43  72  15  38
   13   2  74   3  83  42  76  53  49  88  95  83  66  97  71  15  99  60
   57  40  58  47  20   8  10   2  31  67  68  54  92  63   7  66  33  89
   17  35  65  12  36  47  78  66  68  78  22  56  18  50   6  40   3  41
   48  76  14  68  43  34  30  59  83   3  71  56  19  62  63  57  40  30
   48  40  41  49  21  19  96  46  33  98  73  84  27  40   3  40  36  44
   34  97  25  25  17  32  95  63  15 100  51  72  46  56  61  86  57]
 [  0  55  45  90  69  75  35  67  35  31  49  98   8  84  55  49  57  52
   76  14  80  62  56  48  49  87  31  43  87  92  73  50  63  13  58  34
   19  97  65  37  88  45  78  71  36  68  95   4  92  90  13  67  25  40
   56  73  68  31   3  56  56  97  35  56 100  26  34  55  86  55  50  35
   24  86  72  55  90  81  95  99   8  93  32   8  92 100  35  26  74  31
   89  20  95  68  36  39  66   1  81  85  13  98  25  37  95  48  73  42
   55  63  94  72  80  29  37  73  54  51  60  78  51  14  79  41  42  51
   99  48  42   4  84  28  23  24  40  32  67  91  82  64  97  60 100   5
   25  90  94  39  81  96  78  74   6  51  28  86  47  25  75  95  16]]
 setup_times
 [[[  0  73 100  87  60  85]
  [  0   0  93 105  66  74]
  [  0 107   0 104 119  69]
  [  0  75 109   0 102  80]
  [  0  90  96  99   0  72]
  [  0  70  92 115 115   0]]

 [[  0  81  93  62  81 112]
  [  0   0  86  76  89  60]
  [  0  83   0 106 116 114]
  [  0  78  74   0 104  87]
  [  0  68  91 102   0  95]
  [  0  66  83  85 106   0]]

 [[  0  89  77 118  71  94]
  [  0   0 101  98 107  78]
  [  0  62   0  87  75 110]
  [  0 107  61   0 119  67]
  [  0 116 114  83   0  73]
  [  0  95  61  65 114   0]]

 [[  0  78  67  84  88  60]
  [  0   0  92  94  96  88]
  [  0  63   0 102  78  86]
  [  0 104  84   0 103  99]
  [  0  77  69 105   0  83]
  [  0 106  73  84  80   0]]

 [[  0  97  80 116 114  87]
  [  0   0  82  94  84  60]
  [  0  78   0 113  89  97]
  [  0  82  62   0  92 102]
  [  0  66  85 101   0  84]
  [  0  95 100  81  80   0]]

 [[  0 112  91  68  67 104]
  [  0   0  84  66  78  98]
  [  0  69   0  71 115  72]
  [  0  72 110   0  71 119]
  [  0  69  97 102   0 110]
  [  0  90 105 116  86   0]]

 [[  0  92  76 118 114  70]
  [  0   0  77 108  61 119]
  [  0  74   0  71  64 108]
  [  0  93  65   0  66 115]
  [  0  90  92  74   0  78]
  [  0 104 110  84  73   0]]

 [[  0  61  89  80 115  86]
  [  0   0 114 104  71  76]
  [  0  91   0  97  63 103]
  [  0 110 108   0  93  85]
  [  0 111  94  78   0  96]
  [  0  74 118 114  92   0]]

 [[  0  61 107  79  71 114]
  [  0   0  60 119  88  76]
  [  0 101   0 101 100  69]
  [  0 114 119   0 111 115]
  [  0  77 107  98   0 100]
  [  0  69 112  60 119   0]]

 [[  0  68  79  95 105  76]
  [  0   0  88  65  81  94]
  [  0  70   0  65 105  76]
  [  0  87  77   0  67  70]
  [  0  87 106  78   0  99]
  [  0  66  94  84  76   0]]

 [[  0 110 108  85 103  67]
  [  0   0  70  63  93  76]
  [  0 105   0  74  88  86]
  [  0  68  80   0  96  81]
  [  0  68  88  81   0  93]
  [  0  71  85  69  65   0]]

 [[  0 115 101  91 113  86]
  [  0   0  74  74  61 106]
  [  0 107   0  62  63  92]
  [  0 116  84   0  88 119]
  [  0  65 111 111   0 111]
  [  0 113  96  81 108   0]]

 [[  0 112  91  61  82  81]
  [  0   0  89  93 103 110]
  [  0 111   0 105 115  61]
  [  0 101  80   0  91  60]
  [  0  65 116  97   0 108]
  [  0 116 104 113  96   0]]

 [[  0  78  78  97  94  64]
  [  0   0  65 115  63 110]
  [  0  65   0  78  65 104]
  [  0  61 108   0 111  80]
  [  0 109  94  76   0  71]
  [  0  60 116  85 114   0]]

 [[  0  83 102 103  70  93]
  [  0   0 102  61  89  96]
  [  0  72   0  96 113 116]
  [  0 101  73   0 118 118]
  [  0  70 105  93   0  96]
  [  0  85  96  74  78   0]]

 [[  0  99 118 110 110 115]
  [  0   0 118 116  71 114]
  [  0 106   0  79  68 114]
  [  0  76 113   0 107  64]
  [  0  99  75 103   0 119]
  [  0  70  71  79  64   0]]

 [[  0  62  82  60  88  93]
  [  0   0  88 115  98  94]
  [  0  75   0 100  75  95]
  [  0 105 101   0  96  64]
  [  0  96 105  63   0  90]
  [  0  82 108 109  71   0]]

 [[  0  82  89  99  77  80]
  [  0   0 109 104  95 104]
  [  0  86   0  73  80  84]
  [  0  63 103   0 107  87]
  [  0  87  93  78   0 108]
  [  0 119  96 111 113   0]]

 [[  0  68 116  79  92 117]
  [  0   0 102 109 114  69]
  [  0 106   0  67  66  79]
  [  0  78  82   0  96  82]
  [  0  97  65 100   0  65]
  [  0  98 106 109  66   0]]

 [[  0 115  75 110  81  81]
  [  0   0  98  89 117  72]
  [  0 110   0  67  93  65]
  [  0  74  94   0  70  86]
  [  0  68  84  70   0  67]
  [  0  90  62  78  78   0]]]
 delivery_times
 [[ 0 11  9 26 20 13 19 24 13  6 12 23 20 24 19  3 28  6  4 11 19 10  9 24
   5  2 28 11 13  4  3 28  4 22 23 13 26  9  5 17 11 26  1 26 11 28  2 25
  12 25 17 27 29  5 24 28  9 14  6 15 11  2  8 13  4 17 21  2  4 29 16 21
  14 24  5 26  7 24 26  7  5 11 24 16 16  2 22 21  2 19  7 20 14  6  1 24
   9 28  2 28  7 27 13 17 14  6 14  6  5 14 10  8 11 14  3  9  7 18  8 21
  26  1 18  4  2 10 22  8  7  7 29  2 10  3  2 15 17 18  4 22  3  1  1 24
  12 16  3  1 26  1  2 22 13 17 23 15 25 26 25 17 11]
 [ 0 11 13 13 15 14  2 12  8  2  9 23 20  8 29  4 25 10  1 23 13 15 15 10
  23 21  1 16 18  5 19 17 18 24  3 10 16 22  4 22  3  2 12 14 22  7  3 28
  23 14 23 10 18  4 21 17  3  8 15  4  3 12 29 11  3 21  6  5  9  1 29 15
  15  8 10  5 13 28  9  4 26 26 27  1 13  1  6 27 12 15 28 13 22 12 16 28
   1 26 16 25 28  8  9 15 28 12 15  6  8 23  3 23  3 29 24 20 27 23 28  9
  12 17 13  9  9 24 28 28 29 28 14  7 22 22 13 10 25  4 28 29 27  5 24  9
  29 16  6 14  9 19 26 19  5 24 13 25 20 10 25 21 12]
 [ 0 15 23 18 10 19 21 25 19 18 26 19 18 27 16  7 10 14 14 10 19 23  6 10
  10  2 19 29 27 19  4  1 23 27 22 20  1  4 11 24  8  2 17 22 14 11 19 24
  23  4  9 21 24 25  3 20 15  9 26 23 20 15 14 16  7 27  2 27 28  9 15 14
  20 26 28  3  1  9  7  2  5  7 18 13  7 15 27  4  4  2  5  3 24 14 28 10
   6  3  1  9 21 20 23 22  8 14 27  7 11 28  9  6 27 11 27 16 19  8 18 16
  22 17 16 28 25 12 19  5  6 27 18 23 26 16 12 10 20 11 14 18 26 29  9 21
   7 24 19  8  4 18 20 26  2 19 14 18  5 24  8 11 28]
 [ 0  1 12  8 10  7  7  1 28 11 21 26 28 28 12  2 22 12 21  1  2 21  9  4
  11 21 12 11 21 13 13 24 28  3 28  4 11 26  4  6 11 14 17  2 19  2 28 26
   5  8  7 20  3 12 17 25 17 28 11 12  4 25  9 27 17 13  1  8 19 24  6 17
  17  9 27 19  8 16 17 20  9 26  6 27  5 26  2  9  6 25  2  1 29 22 25 20
  28 16 28  4 14  5  8 14 15  3  8  1  4  5 24  9 28 18 27 21  3  5 24 23
   6 26 24  7  9 17 10  1  2  2 11 20 21  7 15  9 15  6  1 17  2 21 21 13
  20 16 22 12 15 29 28 21 16  7 14 22 13 13 13 16 22]
 [ 0 22 20  7 10 23 24  6 15 16 13 21  8 15 16 25  9 29  9 15 26 23 26 23
   4  1  7  9 28 18  9 28 29 29 20 17 20 19 24 25  6  2 23  5 11 12  1 11
  13 10 19 18  7 14 22  8  1 20 28 15 16 23 10  1 27 18 19  1 16 10 15 18
  13  7 24  6  5 14 19  2 24 13  9 17  2 16  4  4  8 16 12  2 17 26 19 24
  29 11 24 25 24 13 21 27 25  1  6 17 21 22 12  7  2 11 27 21  6  2 21 16
  11  1 15 27  6  4 16 26  1 13 11  6 15  8 28 29 12  6 20 17  1  6 26  8
  17  8  9 12  9 25  7 28 26 13  1  5 21 16  2  2  7]
 [ 0 14 15 11 23 16  4 22 19  2 26 29  5 22 28 11 22  1 10 23 21 24 27 17
  27 20  6  9 21 18  2  2 23 29 12 16 29 29 26 26 21 28 27 25  2 28 29 16
  13  6 15 28 14 16 25 10  1 22 21 24  4 23  7 24 16 21 25 11 21 18 28  8
  28 22  9 10 18  1  7 24 27 15  1 18 11 12  8  4 16 28  8 25  8 17 24 19
  20 21 28 24  8 29  9 12 29 29 15 22 17  7  3  2  7  4 12 13  1  9  8  7
  12 20 16  9  2  2 17 26 14 20 25 24 10 17  5  6  7 29 22  6 13 14  8  9
  24 24 13 29  9 17 19 12 14 11 13  8 18  8 25 18  3]
 [ 0 24 16  9  5 24 19 23 11 26 13 18  2 26  2 26  5 24 25 10 10 17 24  5
   6  8  7 28  4 27 12 15 14 18  6  6 16 18  8  3 23 17 16  1 26 29 26 13
   1 25 14  2 11  5 21 16 11 16 23 20 14 20 19 10 28 22  3 18 10 21 18 14
  24 16 12 19 24 12 10 22 12 15 28  6 29 18  4 19  6 19  8 19 26 20 17 28
  26 23  7 10 18 12 28 17 26 21 26 13 25 11  2 21 10 14  1 11  5  1  8 15
  25 15  8 15 24 22 29 19 26 19 24 19 27 27 28 15  6  6  3 29  1 18  2 11
  10  5 13 29  5  5 18 13 22 14 28 26 26 26  1 11  9]
 [ 0 27 29 14 14 17  8  4 19 12 26 14  3 26 27  2 27  2 14 21 14  2 27 14
  29  5 18  8  6 16  8 16 12  6 10 26 21 17  3 25 16 17  9 22 12  2 13  9
  11  4  7  7  6 15 24 28  2 17 20 28  4 12 17  8  7  5 19 12 17 11 21 25
  14 24 27  5  5 12 16 10 17 18 21 18 16 21  8  9 12 13 22 26 22 26 25 28
  28 22 20  9 25 12  4 14 28  8  9 20  6  7 27  9 22 22 18 14 15 16 12 18
   6 29 11  4 12 19 19 20  1 18  5 21 17 18 26 10  3 29  2  9 10 25 11  3
  10  5  4  5  3 14  2 12 11  3  6 18 20 16  9  7  2]
 [ 0 17 16 25 16 26 27  7 20  2  4 14  2  5 24 10 10 10 18  2 28 25 27 22
  24  5 24 18 13 14 24  1  6 29  8 29 25 25 14  8 29  4  1  9 24  7 16 29
  16 21 26  9 26 16  2 19 12 17  2 19 26 12 11 10 29 20  3  7  3 26 20  8
   6 27 26  1  2 13 13 28 11 29  4  7  5 14 10 17  2  9  9  2 28 28 16 17
  14 10  5 22 10 11 13 10 27 27 25 15  6 23 10  6  4  1 21 15 16  7  3 17
   6 16 25  5 24 14 10  2  8 12 18 14  5 12  5 20  3  6  7  5  5 19 26  5
   5  8  3 24 12 26 14 16 21 24  7  7 11 11 29 12 15]
 [ 0 17  8 28 26  8 13 22  7  4 27 11  1 12 10 23 12 25 24 16 23 24 23 23
   8 17 13  8 26  2  2 15 29 12  3 29 21 12 10  4 29 17 17  4  1 15  4  5
  19  6 15 11 19  6 17 28  9 25 16 14 24  7 14 21 22  8 14 21 21 24  8  6
  11  5 11 28  3 10 21 18 27 14 24 15  4 17 16 24 29  3 13  8 11  6 14 26
  11 15 21 18  8 27 12  6 27 10 11  5 25 13 21  3 17 19 10 10 12 18 27 13
  25 28 25  2  3  9 10 12  7 26 14  9 15  7 18 28  7 22 25  9 20 14 17 16
  13 23 17 18  2 12  6 28 24 24  4  6 26  1 14 29 13]
 [ 0  8 27 14 18 24 14 29  6 27  1 14 28 18 20  8  2 16 12 19 24 12 26 24
  22 23  3  7 23 21 22 29 13 25  7 12 19 20 28  5 13 15 20  1  5 27 21 19
   3 26 22 29  7  1 23 24 17 18  1 29 16 28 28  3 18 10 19 11  1 12 12 11
  16 11 24 18  6 11  1  4  2 17  9 21 20 16 19 24 15  1 28  7  8 23 14 12
  21 19  2 25 17 12 15 27 16 27 29 11  4 14 12 20  4  3 22 28 16  1  2 20
  26 10 23 22  5  7 14  1 14 26 13  2 14 15 12  9 14 17 23 24  3 11 25 28
   7 21 14 25  6 16  3 16  6 10 21  3 28 29 21 18 13]
 [ 0 16 20 22 23 15 18 20 18 16  7  4 29  9 13 24 10 24  8 22 17  2 12  8
  11 27 12  3 18 23 26 20  6 11 13 19  3 18  1 12 14  5 28 23 11 18  1  6
  25  3  2 23 23 28  1 18  1  8  8 28 13 21 28 12 21  6 17 27 25  1 19 29
  18 11 24  7  7 17 13  8 25 15 22 19  3 18  1 28 15 13 20 20  6 21 17 12
   8 13 16 19 11 24 25  3 21 22 22 22 19 25  6  4  6 23  9  3  1 17 29 17
  13  5 15 28  2  1 17 10 16  1 23 10 27 12  3 13 24 24 24  1 13 27  6 13
  12  6 20 10 25 17  5 21 28 12  6 16 28  7 27  8 11]
 [ 0 16 19 15  6 11 11 20 24 17 17  3 16  8 12 27  3 18 12 17  4 14 15 24
  12 17  3 18 10 23 25 14 27 27 26 14 21 14  7  2 19 25 24 22  6 16  4 22
  12  7  2 19 19 16  3 27  2 28 15 28  1 13 18 27  3 16 14 19  4  1  3  1
  24  9 25 13 13 28 25 21 28  1 17  2  2 13 28 11 10  5 24 10 19 23 12 10
  24 14 27  4  1 18  2 20 12 21 18 28 27 13 14 28  8  7 26  1 27 29 20 14
  15 13  9  6 17  7  5 29 25 20 26 29 29  3 15  3  2 27 19 27 24 28 12  4
  14 28  8 16  5 16 10 11 20  5 13  5 18 28 28  7 23]
 [ 0 24  2 25 17 16 24  3  8 18  4 19 23 13 22 20  8 19 15 21 17 20 10 22
   4 25 10 25 17 14 10 20 10 11 14 18 23 29 19 21  2  4  7  5 10 28  7  3
   6 25  1 25  9 19  5 11 14 10  9 13 13 21 10  4  7 27  9 27  5 21 12 27
   3 18  8  4 28  3 26 26 19 23 15 27 19 16  7 22 20 13 11 28  3  8 23 28
  16 28 22 11 11 26  2 21 25 22  3 18  3 28 13 11  9  2  2  4 25 21 27 10
  27 22 15 29  3 25 23  6 14 18 19 29  2 28 13 20 28 20 26 17 17 20 28  5
  27 13 15  3 23 20  9 22 20  1 27 29 19 22 19 21 10]
 [ 0  4  9 23 18 17  8 15 27  7 16  6  9  4 22 23 10 18  1 17 10  8  8  7
  26 16  2 24  4 23 14 25 21 27 21  6  4  5 23 21 22 26 17  8 19  3 28 27
  19 19 23  2 11 10 22 10 20  9 21  3 21  8 19 10 27 20  8 25  2 22 23 21
   7 16  5 28 20  7 15 10 21  4 16 11  8 20 13 10 20 18 20 10 27 20 16 27
  22  5 22 15  9  2 27 22 21  3  2 13  4  8 26 17 25 19 13 27  9 11 10 11
   6  9  4  2  8 12 21  3  4 11 18  7 16  3 18  7 28 20 16 19 25 15  2  1
   6  9 18 23 28 13 20  7 23 20  8  3 10 24  9 12 12]
 [ 0 21  5 21 22  5  4 11 11 11  2 17 13  1 16  2 10 27  1 28 12 18 15 13
  14 15 29 12 22  4  4  7  2 10 11 14 28 13 16  2 21  4 28  2  2 16 26  8
   8 25 23 29 12 28  6 13 27  7  2 28 12 15  8 24  4 12 24  1  7 25 28 19
   8 15  2 24 15 16 27 25 23 18 17 22 27  3 27 12 21  8 25 24  1  4  3 20
  11  4  7 28  7 25 20 11  1 20  9  9 16 16 25  9 27 22 23 20 17 20  8 13
  17  6 17 22  6  4 12 20 21  4 13 16 26  8 20 13  2 11 15  8  2 21 17 22
  23 17 26 15 20  4 17 17  3  8 26  1 24 11 10 13 20]
 [ 0 14 23 16 12  2  8 29 12 12  5 20  5 16 19 19 17 10 13 12 16 25  9 25
  15 20  4 26  8  2 20  5 22 10 23 24  4  9 21  3  2 10  9 11 27 13 24 26
  18 16 27 11  2 20 14 29 16  8 26  1 14  7  2 28 12 19  6 18 27 18 16 21
  21 15 28 18 23  1  4 23 21  1 16  6 26  3  1 28 11  9 11  4  9  4 13 16
  18 22 16 13  9  9 23 26  9  8 13  9  1 23  4 13  3 16 22 11  2 23 24  7
  11 26  2 12 25 19 19  4 28  5  7 12 13 27 12 27 16 15 29 29 12  1  3 15
   4  5 12 20 29 29  3 16 27 11 17  3 29 27 13  3  6]
 [ 0 20 28 11 15 13 11  9 22  1 12 25 13  1  2 20 23  2 18  3 14 15 20 11
  28  3 14 10 26 15 27 19 15 10 18 18 16  6  1  8 26 11  1 16 18 26 28 11
  22 20 17 20 15 18 18 19 12  2  9 15 11  5 17  4  3 14  3 15 15 23 21 12
   8 28  1 22  4 24 22  1  7 24  7 22 13  9 14 15  4 20  4 27 21 15  7 20
  18  8  4 28 13  2 23 13  7 18 21 19 14  3  3 27 28  7  4 14 19 15 20 10
  17 17 10 16 16 12 23 22 15 13 12 25 25 29 22 21  8  8 14 19 12 17 22  8
   5 27 19 24  3 13 17 26 14 23  5 13 17 22 24  1  9]
 [ 0 14 13 16 27 15 29  6 23 23 10 12 15 16  4 17 25  1 12 21 29 19 18 17
  16 26  2 12  2 19 19 27 20  6 23 22 18 14 19 18 24 29 21 16 23 14 24  5
  29  8 19 22 19 28  1 17  4  9 21 16 27 20 21  9  6 22  2 16 27 28 18 26
  18 29 10 13 11 19 26  5 17  4 16  1  2 20 21 14  1 29 24 29 15 25  6 26
  13 14  9  9  1 24 12 18 29 12 21  3  6 23 21  5 15 22  1 11 26 15  1  3
   8 14  7 26 14 28 27 11 28 12  8 25 16  7 22 17 25 18  8 11 16  6 19  8
   8  2 18 14 24 23  4 26 23 29  8 14  9 27 12 22 28]
 [ 0  7 18 26  9 27  7  2 29 20 17  3  4 26 18  4 10  6 29 26 15 29 20  3
  21  6 27  5 14 20 17  9 27 11 22 11 26 12 29 25 29  2 21 12 11 11 28 24
   4  8 24 25 13 22  2  1 10  5 20 23 10  8 10  6 25 12 21 20 19 21 28 24
  11 14  2 22 10  3 25 29 17 14  5  1 18  2 20 13 22  9  2 27  1  6  5 14
   5 10  4 13 25 23  8 20 16 10  3 17 20 23 17 28 29 13 18 26 11 11 13 24
  21 27 11 14 19  2  2  1  7 24 11  7 18 24 16  6 21 26 26  7  7 16  1 20
  27 20  4 22 12 13 28 11 25 19 26  5 16 21  3 27 19]]
 job2fam
 [[1 0 0 0 0 0 0 0 0 0 0 0 0 0 0 0 0 0 0 0 0 0 0 0 0 0 0 0 0 0 0 0 0 0 0 0
  0 0 0 0 0 0 0 0 0 0 0 0 0 0 0 0 0 0 0 0 0 0 0 0 0 0 0 0 0 0 0 0 0 0 0 0
  0 0 0 0 0 0 0 0 0 0 0 0 0 0 0 0 0 0 0 0 0 0 0 0 0 0 0 0 0 0 0 0 0 0 0 0
  0 0 0 0 0 0 0 0 0 0 0 0 0 0 0 0 0 0 0 0 0 0 0 0 0 0 0 0 0 0 0 0 0 0 0 0
  0 0 0 0 0 0 0 0 0 0 0 0 0 0 0 0 0]
 [0 0 0 0 0 0 0 0 0 0 0 0 0 0 0 0 0 1 0 0 0 0 0 0 0 0 0 0 0 0 0 0 0 0 1 0
  0 1 0 0 0 0 0 1 0 0 0 0 0 0 0 0 1 1 1 1 1 1 0 1 0 0 0 0 0 0 0 0 0 0 0 0
  0 1 0 0 0 1 0 1 1 1 0 0 0 0 0 0 0 0 0 0 0 0 1 0 1 0 0 0 0 0 0 0 0 0 1 0
  0 0 1 0 0 0 1 0 0 0 0 0 1 1 0 0 0 0 0 0 0 1 0 0 0 0 0 0 0 0 0 0 0 0 0 0
  0 0 1 0 0 0 0 0 0 0 0 0 0 0 1 0 0]
 [0 0 0 0 0 1 1 0 0 0 1 0 0 0 0 0 0 0 0 0 0 1 1 0 0 0 0 0 0 0 0 0 0 1 0 1
  0 0 0 1 1 0 0 0 0 0 0 0 0 0 0 0 0 0 0 0 0 0 0 0 0 0 0 0 0 0 0 0 0 0 0 1
  0 0 0 1 1 0 0 0 0 0 1 0 1 1 1 1 1 0 1 0 0 1 0 0 0 0 0 1 1 0 0 0 0 0 0 0
  0 1 0 0 0 1 0 0 0 0 0 0 0 0 0 0 1 1 0 0 0 0 0 0 1 0 0 0 0 1 0 0 0 0 1 0
  0 0 0 0 1 1 0 0 0 1 1 0 0 0 0 1 0]
 [0 1 0 1 0 0 0 1 0 0 0 1 0 0 1 1 0 0 1 0 1 0 0 1 1 1 0 0 0 0 0 1 0 0 0 0
  1 0 0 0 0 0 1 0 0 1 1 1 1 1 1 0 0 0 0 0 0 0 1 0 1 0 0 1 0 1 0 0 1 0 0 0
  0 0 1 0 0 0 1 0 0 0 0 1 0 0 0 0 0 0 0 0 0 0 0 0 0 0 0 0 0 0 1 0 0 0 0 0
  0 0 0 1 0 0 0 0 0 0 1 0 0 0 1 0 0 0 0 0 0 0 1 1 0 0 0 1 0 0 0 0 0 0 0 0
  0 0 0 1 0 0 0 0 0 0 0 0 0 1 0 0 1]
 [0 0 1 0 0 0 0 0 0 1 0 0 1 0 0 0 0 0 0 1 0 0 0 0 0 0 0 0 0 0 0 0 0 0 0 0
  0 0 0 0 0 1 0 0 0 0 0 0 0 0 0 1 0 0 0 0 0 0 0 0 0 1 0 0 0 0 1 0 0 1 1 0
  1 0 0 0 0 0 0 0 0 0 0 0 0 0 0 0 0 1 0 0 0 0 0 1 0 0 1 0 0 0 0 0 1 0 0 0
  1 0 0 0 1 0 0 0 0 0 0 1 0 0 0 1 0 0 1 1 0 0 0 0 0 0 1 0 0 0 1 1 0 1 0 0
  0 0 0 0 0 0 1 0 0 0 0 1 1 0 0 0 0]
 [0 0 0 0 1 0 0 0 1 0 0 0 0 1 0 0 1 0 0 0 0 0 0 0 0 0 1 1 1 1 1 0 1 0 0 0
  0 0 1 0 0 0 0 0 1 0 0 0 0 0 0 0 0 0 0 0 0 0 0 0 0 0 1 0 1 0 0 1 0 0 0 0
  0 0 0 0 0 0 0 0 0 0 0 0 0 0 0 0 0 0 0 1 1 0 0 0 0 1 0 0 0 1 0 1 0 1 0 1
  0 0 0 0 0 0 0 1 1 1 0 0 0 0 0 0 0 0 0 0 1 0 0 0 0 1 0 0 1 0 0 0 1 0 0 1
  1 1 0 0 0 0 0 1 1 0 0 0 0 0 0 0 0]]
