params：
 weight-->(1, 10)
 proc_times-->(1, 100)
 setup_times-->(30, 60)
 delivery_times-->(1, 30)
 job_rate-->8

start:
alpha_1
8
 alpha_2
1.0
 mach
20
 job
160
 fam
8
 weigh
 [[0 7 8 3 1 8 3 9 1 4 1 9 1 9 5 4 5 7 4 5 5 2 3 3 6 2 4 7 2 9 3 8 1 8 5 1
  8 8 2 3 1 5 8 6 3 4 1 4 1 2 6 1 3 5 5 8 4 6 3 5 7 1 2 5 5 7 3 9 4 2 4 2
  8 6 1 4 3 5 4 8 2 4 1 7 2 5 8 4 2 5 8 4 1 1 8 4 2 7 2 3 2 7 6 5 5 2 4 9
  8 7 8 6 7 1 4 4 4 3 6 5 6 8 8 1 7 7 6 6 5 2 5 5 2 5 4 3 9 5 5 9 3 4 2 5
  2 3 5 2 9 4 7 6 4 3 4 2 7 3 1 3 8]]
 proc_times
 [[  0  84  99  25  54  88  61  46  89  93   5  10  50  27  40  67  27  85
    4   5   8  51  95  97  22  41  93  42  48  22  66  25  28  19  30   8
   48  96  47  85  75  44  76  60  46  54  28  16   4  26   6  43  32   2
   17  74  63   4  71  94  36  82  33  29  22  32  39   8  16  95  39  85
   63   5  49  95  82  34  21  93  89   8   4  70  30   3  27  66  56  87
   11  94  64  46   1  31  86  54  21  13   4  51  62  53  28  21  41  47
   55  32  79  11  16  89  87  96  72  78  98  56  64  58  88  69  92  13
   78  65  23  28   2  14  38  10  59  51  39  91  55  59  14  10  39  22
    6   5  16  58   2  57  25  72  49  32  99  89  47  20  15   9  81]
 [  0  68  29  27  15   5  76  27  10  34  23  62  89  16   4  78  75  41
   75  41  22  95   9   1  30  25  81  57  78  89  51  23  71  72  80  68
   18  63  69  97  62  57  94   6  25  52  95  62  21  72  41   8  57  51
   40  63  22  89  29  37  93  90  96  35  26  34  74  76  55  37  78  36
   10  45  87  80  55  46  54  34  58   3  34  33 100  77  69  76  36  13
   90   3  52  48  40  60  72  10   6   3  76  19  11  34  68  98  92  59
   57  47  88  35   4  26  21  58  97  66  28  61  48  86  83  53  12  29
   46  34  40  89  14  97  67  40   3   5  38  97  16  53  75   7  40  46
   67  75  50  39  84  92  54  82  60  51 100  34  63  74  84  32  42]
 [  0  66  12  47   9  89   6  96  35  19  60 100  78  44  23  84  95  95
   91   2  84  54   9  68  97  61  54  12  50  35   3  78  56  57  95  83
    3  39  62   4  77  30  20  24  60  71   5  99  51  43  23  91  38  78
   84  64  63  49   4  69  13  96  11   1  98  41  46  89  24  59  98  37
   72  99  39  69  25  43  86  91  14  11  56  40  38  25  11  61   8  46
   98  45   4  86  83  17  12  74  15  58 100  57  23   8  69  21  97  69
   86  49  98  58  92  10  67  28  11  17   3  26  61  92  65  83  73  50
   91  71  59  59  47  97  58  89  85  97  52   8  21  61  52  85  15  57
   79   4  10   6  43  53  91  70  11  91  68  80  82  71  50  73  27]
 [  0  62  68  57  14  48  12  30  54  96  35  38  50  69 100  88  62  77
   98  97  62   1  51  62   5  59  40  26  84  15   6  67  40  11   4  90
   17  39  33  41  37   3  14  96  29  87  96  71   1  79  35  11  21  29
   36  84   3  85  88  60  11  65  97   4  67  18 100  85  61  59 100  91
   84  24  57  17  24  24   9  17  27   3  18  89  12  93  81  56  20  52
   51  26  61  80  75  63  71  43  29  92  17  39  83  54  51  99  44  74
   67   5  94  15  45  25  57  23   9  31  92  97  27  69  59  76  24   6
   72  16  18  43  69  39  19  16  28  99  54  84  53  56  64  79  89  63
   35  88   9  24  77  93  79  90  85  98  28  39  93  19   5  15  81]
 [  0  77  52  84  73  85  75  28  78  34   2  14  40  58  70  52  20  98
   66   5  77  47  50  48  95  68  89  17  93  15  99  16  54  88  90  33
   18  47  13  43  15  94  97  63   6  70  57  27  81  21  26  87  55  14
   36  68  36  23  18  50  90   2  33  67  12  88  89   5   9  30  15  40
   94   4   5  95  20  19   6  73  99  10   5  32   3 100  86  41  12  25
   50  99  93  42  14  13   5  81  96 100  64 100  47  10  17  77  60  80
   36  64   5   7  58  22  75  49  15  89  29  73  84  90  94   9  80 100
   20  59  79  59  59  85  90  37  96  75  23  79  26  71  83  27  86  97
    5  81  55  68  56  90  23  49  56  43  97  23  25  28  17  30   8]
 [  0  49  50  27 100  43  51   5  94   3  88  62  62  28  14  59  54  42
   13  32  45  79  12  43  13  19  69  54  70  25  75  54  38 100  15 100
   59  72  56  91  59  66  98  54  90  88  61  85  99   4  61  65  69  21
   24  80  65  23  64  94  48  32  37  90  95  61  23  98  54   9   9  79
   76  37  77  30  82  19  74  54  90  35  70  93  78  10  31   9  80   8
    3  56  63  66  55   6  84  18  39  89  13  21  18  87  58  43  10  64
  100  52  94  70  75  20  72  45  31  13  33   6  50  65  52  35  12  84
    8  91  21  45  80  29  82  79   9  11  90  64  68  96  31   4  95  86
   50   9  47  17  21  75  88  24  95  78  81  16  84  23   3  34  64]
 [  0  56   6  17  43  33  11  33  17  58  64  69  52  42  88  81   9  20
   15   5   6  42  28  22  51  80  74   1  68  88  87  17   3  59  54  43
   60   2  85  64  24   2   6  99  24  49  75  72  65  84  14  57  19   5
   12  80  96  78  91  51  65   8  94  53  12  34  69  84  56  15  71  52
   58  98  87   8  33  35  67  95  34  19  45  59  81  17  96  34  79  70
   62  91  67  70   4  92  43  44  38  49  46  96  77  25  64  74  67  79
    8  90  52  70  70   7 100   8   7  41  61  20  39  12  12  16  56  11
   98  32  91  67  39  50  97  64  13  84  48  14  13  82  74  30  31  37
   89  19  90  16  27  48  78   7  58  49  47   5  10 100  91  60  81]
 [  0  35  19  66  68  95  93  85  40  88  24   8  43   4  74  19  29  82
   60  54  63  25  60  10  32  28  61  67   6  38  59  31  14  41  99  33
   73  13  27 100  81  98  27   6  57  50  14  97  10  33  17  76  81  79
   94  62   4  55  52  74   1  88  37  97  73  85  66  33  75  55  69  72
   77   1  10  33  99  24  24   2  77  10  87  59  72  22  82  12  57  91
   75  61  30  59   7  76  49  32  99  50  69  72  30  66  25   5  39  53
   20   1  41  57  74  67  97  38  43  46  77  37  49  16  62   3  82  99
   35 100  21  32  78  96  89  38  36  83  13  68  87  60  79  32  90  50
   68  99  44  48  37  89  85  78  53  82 100  79  75  81  41  41  54]
 [  0  79  24  42  87  70  43  73   2  56  22  53  52  18   5  56  79  22
   22  20  96  90  93  69  52  95  66  80  60  27  46  84  81  46  11  22
    3  69  34  25  15  95  39  37  91  46  43  66  68  34  45   2   2  56
   94  18  81  60  42  68   7  18  83  36  18  76  20   5  78  23  61  16
   59  10   2  50  80  84  17  27  72  68  63  86   9  68   1  30  62  31
   29  19  54  27  29  12  84   7  62  35  57  68  40  57  55  88  10  68
   44  57  24   9  62  26  89  98  32  83  45  31  15  89  55  19   8  90
   80  56  62  38  17  51   4   4  77  68  88  65  64  54  27  16  14  63
    2  52  69  32  21  92  36  66  85  15  45  73   2  89  62  93  44]
 [  0  26  60  19  45  11  38  15  52  86  30  28  44  53  73   8  98  73
   99  98  23  75  11  87  92   5  26  98  65  14   7  87  68   2  63  85
   72  68  78  47   6  36  90   7 100  98  38  85  68   6  19  95   6  74
    6   8  32  55  24  68  85  44  72  77  70  93  21  96  47  46  15  71
   10  58  78  32  25  88   6  33  58   4  73  61  99  30  36  87  69  11
   94  90  47  10  93  78  29  80  32  53  10  45  85  82  74  96   2  39
   30  77  95  20  83  62  16  70  45  47  11  59  24  63  21  78   9   4
   27  48  49  40  93   1  86  22  63  14  66  50  55  96   8  31  10  93
   24  42  18  53  47  70  23  45  38  16  62   8  64  41  36  16  36]
 [  0  58  26  93  53  57  10  12  29  65  65   6  68   5  73   5  19  99
   36  37  97  68  63   9  58  98  47  17  62  12  69  95  13  38  53  19
   62  15  32  26  75  62  94  55  79  50  74  96  63  85  94  74  62  94
   98  46  87  78  43  44  83  84  58  54  49  55  89  99  41  18  35  96
   76  86  30  25  89  71  62  16  81  81  57  18  58  94  82  23  42  68
   43  44  99  99  49  43  16  78  72  98  61   9  65  99  99  86  15  60
    1  26  12  43   5  56  66  49  44  48   1  99  99  94   4  32  29  15
   77  74  35   8   8  56  65  22   9  12  39  76  52   4  84  72  16  19
   42   1  26  16  23  26  85  98  56  96  36  96  51  32  28  34  14]
 [  0  26  50  29  53   8   8  88  88  54  23  65  60  19  11  61  20   4
   79  55  37  36  51  77  99  36  89  59  82  45  89  29  16  58  87  22
   76  17  50  75  24  62  59  46  33  87  83  63  52  27  66  22  49  75
   24  19  27   1  38  94  42  46  13  39  78  82  39  44  26  40  28  48
   80  97  85  29  22  26  70  53  92  99  86  64  80  90   3  48  72  89
   17  51  18  78  23  34  28   6  40  62  32  69  46  73  75  10  99  21
    5   7  96  52  74  60   5  29 100  17   4  76  54  78  29   5  35  41
   65  76  23  93  94  93  51  36  60  48  51  15  11   7   9  37  81  92
   52   3  89  68  81  15  36  20  25  30  54  52  70  76  58  69  54]
 [  0  36  75   4  77  95  66   2  84  93  44 100  57  20  43  63  54  82
   29  34   4  54  56  49  13   3  85  17  93  45  45  60  44  15  44  72
   62  90  45  88  83  35  71  49  26  96  38  40  24  69  74  99  83  40
   29  77  78  34  50  33  51  24  82  29  98  48  89  41  85  51  10  20
   86  27  82  70  42  99  47   6  64  68  84  24  61  77  74  26  37  63
   21  55  76  69  65  94   5  92  37   4  19  97  22   7  74  49  31  18
   66  98  79  80  51   6  85  16  86  70  21  18  50  50  98  37  32  67
   48  89  26  31  16  54  97  83  83  72  56  75  13  24  10  90  54  43
   97  14  86  53  13  17  22  46  84  96  49  82   1   3  92   2   7]
 [  0  84  26  93  86  93  59  37  73  53  81   4  36  92  34  40  37  38
   65   1  53  72  30  18  18  27  56  65  76  95  59  73  78  72  68  47
   33   6  16  69  65  26  68  93  82  33  64  19  65  35  80  21  85  58
   56  92  67  49  73  28  83  29  11  96  20  24  20  46  85  18  78   4
   94  35  78   3  56   8  91  84  71  67  71  77  47  11  45  48  19  13
   67  21  56  64  63  41  63  58  20  67  18  94  24  23  69  85  45   9
    9   7  81  34  54  99   2  84  71   5  62  76   3  93  14  44  17  75
   20  90  49  81  17   9  92  87  45  92  78  71  42  53  63  51  91  69
   50  37  43  10  90  10  80  23   1  87  26   4  23  24  22  61  53]
 [  0  85  93  53  88  71  82   1  99   1  85  70  51  35  69  52  28  40
   55   9  50  95  83  63  63  31  96  28  44  33  18  12  57  67  58  31
   35   4  26   8  27  69  58  57  99  85  65  43   4  43  98  23  13  46
   58  91  96  19  70  12  81  35  71  20  47  50  40  95  32  48  73  84
   39  12  95  41  68  84  72  15  47  42  39  47 100   4  52  72  95  49
   60  48  46  99  54  49  85  17  37  84   6  42   1  92  27  66  59   2
   78  81  33  27  27  52  57  70   8  44   4  52   6  96  61  81  40  31
   47  68  16  76  34  89  99  54  52  98  82  21  31  11  79  95  39  41
   27  95  96  19   2  57  23  11  36  59  54   9  97  61  77  53  27]
 [  0  68 100  61  69  13  81   4  30  24  31  51  84  75  95  59  13  72
   41  45  57  92  65  56  76  86   6  41   1   7  44  90   1  23  92   5
   24  72  17  42   4  45  83  88   4   8  17  62  62  47  41  44  82  99
    2  95  40  16  62  80  72  93  95  11  40  46  88  79  21  90  44  24
   91  23  73  40  25   5  65  16  58  81  87  63  54   1  22  87   4  76
   57  34   8  33  22  16  91  78 100  93   8  50  24   9  70   8  45  24
   70  17  74  27  80  34  95  23  54  17  73  72  62  80  34  63  33  68
   74  36  12  51  72  44  51  84  83  89  99  66  92  42   9  89  85  87
   68  83   9  59  90 100  90   4  13   7  90  43  42   1  62  89  49]
 [  0  13  40  16  71  68  56  80  17  85  36  43  90  36  46  39  89  21
   10  12  87  71  88  36  95  33  78  25  13  18   2  75  44  18  30  32
   64  46  83  92   1  87  25  34  54   5  49  92  97  95  63  43   5  48
    6  11  35  85  83  62  81  46  16  77  79  67  93  59  99  89  54  95
   93  32  42  78  28  25  97  48  51   9  26  46   7  20  65  22  97  20
   98  11  24  43  66  96  67   8  25  59  24  51  66  24   9  16  63  81
   76  22  82  27  20 100  97  49  39  97  76  89  11  73  61   5  79  43
   35  28  53  28  51  25  18  27  36   3  67   2  53  38  39   4  34  14
   41  64  34  63  16  67  35  81  39  91  84  16   4   4  94  75  22]
 [  0  39  83  36  97  83  79  32  48  51  25  49  41  97  50  96  69  70
   36  77   3  89  21  22  11  48  86  24  86  62   9  51  91   4   5  58
   76  76  36  96  98  34  41  37  54  62   6  70  37  54  48  30  66  58
   20  56  32  51  49  53  21  22  35  40  72   4  51  51  79  39  84  98
    6  71   6  72  66  34  19  70  62  10  14  86  84   2  34  33  28  22
   35  89   9  29   5  21  34  93  78  94  12  51   9  28  68  49  26   6
   35  56  15  96  17  65  70  49  97  40  52  18  90   3  44  50  81  63
   83  74  83  59  68  60  46  68  95  95  23  70  48   6  38  61  60  33
   63  66  64  50  48  25  65  53   6  68  13  45   3  65  19  46   7]
 [  0  77  93   3  68  34  15   5  73  79  85  61  27  16  38  57  86  20
   85  93  83  98  92  76  65  11  87  19  84  21 100  22   6  25  45  81
   19  31  54  32  67  83   2  35  50  54  55  63  27   9  51  40  22  53
   57  33  27  14  69  56  35  45  82  39  53   4  86  64  88  85  71  48
   25   6  28  17  54  20  70  64  24  22  92  86  82  74  19  88  70  68
   21  74  14  13  62  67  90  59  26   1  54  81  81  92  24  59  27  63
   88  33  41  51  44  11  34  16  55  88  40  68  44  21   6  55  48  61
   57  90  93  67  52  37   8  60  16  38  43  40  72  75  67  73  66  93
    8  44  52 100  71  47  25  16  87  14  95  46  44  10   2  69  60]
 [  0   9  53  49  85   8  38  27  79  85  86   5  55  29  89  87  35  42
   64  14  25  76  50  54  96  43  30  53  28  80  69   7  22   8  43  47
   51  14   1  18  44  34  84  35  57  15  68  93  98  41  63  21  50  57
   78  83  73  45  45  92  14  48  43  18  85  48  51  18  90  56  17  63
   70  15  67   4  96  28  30  95  82  32  69  82  99  61  55  27  36   7
   18 100  12   9  78  75  85  23  77  14   6  93  62  88  55  67  28  69
   91  34  80  18  46  71   2   4  79  15  52  12  43  50  61  53   8   7
   87  42  29  94   4  47  46  84  61  56  47  32  38  38  86  65   5  13
   52  74   8  15  97  82  17  96  74  20  23  89  40   3  73  42   6]]
 setup_times
 [[[ 0 55 49 46 45 34 42 34 36]
  [ 0  0 58 59 53 46 48 30 51]
  [ 0 57  0 31 42 38 41 59 57]
  [ 0 46 36  0 53 42 46 53 36]
  [ 0 37 31 59  0 49 56 55 54]
  [ 0 37 48 41 30  0 31 35 51]
  [ 0 46 48 33 56 59  0 44 32]
  [ 0 49 46 34 50 58 36  0 57]
  [ 0 42 44 55 33 36 52 34  0]]

 [[ 0 59 54 37 58 48 51 43 50]
  [ 0  0 50 51 37 51 31 50 36]
  [ 0 59  0 54 44 45 50 33 58]
  [ 0 49 52  0 49 40 54 31 58]
  [ 0 39 48 54  0 49 55 54 37]
  [ 0 31 41 32 50  0 58 53 32]
  [ 0 40 56 44 33 31  0 59 36]
  [ 0 48 33 53 31 38 51  0 53]
  [ 0 40 43 30 35 43 32 33  0]]

 [[ 0 49 37 54 31 39 48 59 54]
  [ 0  0 38 43 46 47 34 58 47]
  [ 0 45  0 42 40 41 31 54 59]
  [ 0 32 42  0 49 51 53 45 37]
  [ 0 55 40 58  0 53 58 58 46]
  [ 0 57 58 43 53  0 35 35 34]
  [ 0 47 53 30 57 32  0 31 57]
  [ 0 39 32 37 30 51 34  0 43]
  [ 0 35 39 49 44 38 38 40  0]]

 [[ 0 49 38 56 39 56 49 57 56]
  [ 0  0 46 59 31 42 32 32 44]
  [ 0 50  0 36 37 39 32 55 38]
  [ 0 55 40  0 34 42 41 56 41]
  [ 0 45 41 39  0 45 33 37 36]
  [ 0 30 37 56 54  0 30 50 35]
  [ 0 30 33 39 51 32  0 32 42]
  [ 0 58 36 59 49 47 32  0 52]
  [ 0 39 40 47 52 45 58 32  0]]

 [[ 0 46 45 35 53 41 54 59 51]
  [ 0  0 43 59 43 43 49 38 46]
  [ 0 39  0 36 42 43 55 30 42]
  [ 0 58 33  0 39 41 34 55 52]
  [ 0 36 46 43  0 54 34 30 43]
  [ 0 58 39 52 40  0 38 41 39]
  [ 0 52 57 51 59 45  0 40 52]
  [ 0 48 55 30 41 55 55  0 39]
  [ 0 50 54 58 42 37 38 42  0]]

 [[ 0 34 32 51 44 36 41 39 34]
  [ 0  0 57 33 39 57 50 43 31]
  [ 0 55  0 34 43 57 55 32 37]
  [ 0 52 42  0 46 30 30 30 36]
  [ 0 49 37 53  0 30 41 55 45]
  [ 0 50 31 34 30  0 33 30 42]
  [ 0 52 49 46 42 52  0 38 38]
  [ 0 37 50 42 53 44 33  0 33]
  [ 0 32 54 36 58 50 36 48  0]]

 [[ 0 38 50 42 38 41 37 40 36]
  [ 0  0 52 30 39 39 35 36 47]
  [ 0 31  0 41 50 54 51 32 30]
  [ 0 31 52  0 36 52 38 32 51]
  [ 0 59 32 53  0 49 33 38 44]
  [ 0 33 54 51 45  0 40 31 55]
  [ 0 52 39 58 51 49  0 35 33]
  [ 0 41 53 31 49 41 38  0 37]
  [ 0 32 34 42 47 59 56 49  0]]

 [[ 0 52 41 46 38 30 44 40 58]
  [ 0  0 43 31 40 40 52 48 46]
  [ 0 41  0 35 38 38 45 33 36]
  [ 0 48 54  0 43 35 47 52 55]
  [ 0 37 51 32  0 30 39 44 35]
  [ 0 47 42 55 55  0 59 57 50]
  [ 0 37 48 57 34 41  0 44 35]
  [ 0 32 33 43 39 41 40  0 40]
  [ 0 42 52 52 59 31 33 40  0]]

 [[ 0 37 52 37 50 49 53 46 53]
  [ 0  0 59 37 36 46 40 53 48]
  [ 0 47  0 47 43 42 42 45 38]
  [ 0 56 50  0 53 51 56 52 30]
  [ 0 50 55 49  0 31 42 44 35]
  [ 0 39 37 39 48  0 52 38 47]
  [ 0 49 48 53 49 42  0 53 41]
  [ 0 41 45 51 46 31 58  0 52]
  [ 0 30 41 33 31 41 41 52  0]]

 [[ 0 40 30 36 30 39 47 32 49]
  [ 0  0 50 41 31 38 52 38 36]
  [ 0 33  0 36 39 56 43 54 33]
  [ 0 57 43  0 42 46 30 38 36]
  [ 0 45 36 33  0 45 56 34 41]
  [ 0 56 38 40 33  0 53 36 43]
  [ 0 47 40 45 53 57  0 41 48]
  [ 0 35 39 43 49 42 43  0 43]
  [ 0 34 57 34 36 56 47 33  0]]

 [[ 0 35 51 39 50 38 50 57 37]
  [ 0  0 44 54 47 59 35 44 35]
  [ 0 55  0 38 56 46 53 42 48]
  [ 0 51 44  0 48 58 30 32 44]
  [ 0 53 35 46  0 41 50 33 45]
  [ 0 55 59 51 50  0 46 30 52]
  [ 0 36 52 33 47 32  0 34 32]
  [ 0 43 57 56 47 59 50  0 56]
  [ 0 33 40 37 56 55 42 39  0]]

 [[ 0 32 37 43 53 56 43 32 37]
  [ 0  0 32 35 52 53 38 32 46]
  [ 0 44  0 51 58 48 54 42 33]
  [ 0 44 42  0 58 46 32 46 36]
  [ 0 50 31 30  0 32 40 53 30]
  [ 0 55 47 57 49  0 33 32 45]
  [ 0 47 47 30 40 45  0 42 42]
  [ 0 38 33 58 55 40 53  0 51]
  [ 0 52 36 50 35 38 53 57  0]]

 [[ 0 46 35 37 31 54 47 49 49]
  [ 0  0 46 45 52 45 55 32 45]
  [ 0 50  0 54 59 46 43 41 55]
  [ 0 41 45  0 44 37 45 32 44]
  [ 0 53 47 53  0 48 41 33 35]
  [ 0 49 30 48 53  0 43 36 49]
  [ 0 30 51 36 54 30  0 51 37]
  [ 0 50 46 43 55 33 54  0 40]
  [ 0 50 59 41 32 46 48 50  0]]

 [[ 0 46 55 55 37 47 30 44 55]
  [ 0  0 42 43 55 53 50 44 52]
  [ 0 36  0 47 38 40 47 34 30]
  [ 0 35 37  0 47 57 55 34 53]
  [ 0 33 39 55  0 42 34 35 46]
  [ 0 52 30 42 40  0 55 51 30]
  [ 0 41 35 49 54 38  0 43 54]
  [ 0 53 34 57 47 48 53  0 47]
  [ 0 46 38 31 40 33 59 40  0]]

 [[ 0 46 51 43 53 54 32 32 30]
  [ 0  0 47 45 49 54 40 42 46]
  [ 0 31  0 43 54 34 49 41 39]
  [ 0 36 47  0 34 54 51 50 30]
  [ 0 39 59 58  0 33 37 42 36]
  [ 0 52 30 30 37  0 50 34 34]
  [ 0 55 56 36 54 37  0 53 39]
  [ 0 38 59 46 46 38 41  0 31]
  [ 0 53 30 41 54 48 34 59  0]]

 [[ 0 53 46 30 50 48 41 42 39]
  [ 0  0 38 31 50 49 46 35 51]
  [ 0 31  0 32 40 53 58 44 38]
  [ 0 45 35  0 38 41 51 57 58]
  [ 0 57 50 32  0 52 39 49 59]
  [ 0 30 55 43 30  0 57 39 30]
  [ 0 33 35 52 40 42  0 33 35]
  [ 0 41 43 49 47 33 49  0 43]
  [ 0 31 44 53 57 34 43 42  0]]

 [[ 0 47 49 45 47 53 48 30 38]
  [ 0  0 56 44 42 59 59 59 45]
  [ 0 56  0 56 50 58 56 37 57]
  [ 0 35 36  0 32 37 44 53 45]
  [ 0 46 37 45  0 44 46 50 58]
  [ 0 43 43 47 44  0 51 30 59]
  [ 0 40 46 30 45 38  0 44 44]
  [ 0 32 31 34 36 50 57  0 37]
  [ 0 50 52 40 34 44 35 38  0]]

 [[ 0 57 46 30 46 45 44 48 33]
  [ 0  0 31 32 56 33 54 30 30]
  [ 0 39  0 48 56 32 44 57 46]
  [ 0 37 31  0 45 44 33 49 31]
  [ 0 43 34 47  0 50 56 44 46]
  [ 0 49 54 58 34  0 40 35 55]
  [ 0 54 40 58 34 35  0 31 38]
  [ 0 43 53 36 44 50 37  0 54]
  [ 0 39 33 55 51 49 33 43  0]]

 [[ 0 32 32 38 47 37 46 39 35]
  [ 0  0 54 52 54 58 58 47 54]
  [ 0 45  0 52 32 33 59 36 30]
  [ 0 56 35  0 35 53 38 55 42]
  [ 0 32 43 51  0 49 52 38 49]
  [ 0 47 42 56 35  0 57 42 38]
  [ 0 36 34 56 37 34  0 59 55]
  [ 0 40 30 42 34 46 46  0 59]
  [ 0 57 59 34 50 32 50 42  0]]

 [[ 0 56 55 30 34 46 49 46 40]
  [ 0  0 38 45 59 36 46 42 53]
  [ 0 51  0 38 47 47 32 30 41]
  [ 0 58 33  0 35 48 45 53 53]
  [ 0 58 42 49  0 59 46 30 44]
  [ 0 54 31 38 58  0 43 59 55]
  [ 0 49 38 43 59 56  0 44 53]
  [ 0 58 31 43 44 43 45  0 58]
  [ 0 42 33 38 31 58 33 51  0]]]
 delivery_times
 [[ 0 29  9  9  7  2 25 19  3 16  6  3  6 18 28  1  7  5  5  6 14 10 20  2
  21 27 17  8  7 21  4 23 24 24  3 28 24 28  8  3 18  4 24 20 21  5 19 18
  21 16 12 11 23 25  4  5 12  2 16 21 18 17 27 15 10 25 16 19 27 12 14 23
  23 20 13  6  3 25  7 25 10 25  5 12 19 14 27  7 15 18 10 25 23 25 22  9
  15 15 16 15 26 16 21 10 25 27 12  4 22 20 10 16 25 28 13  6  2 24 27 12
  26 28 13 29 15 23 29 28  2 27 20 27  5  9 19 14 23  2 26 21 24  5 12 18
  29 24  6  1 26 13  6 11 28 21 11 20 23 26  7 25 17]
 [ 0 21 24 17 11 17 12  8 22 11 17  3 16 13  8  8  8 16 24 24 10 16 24 20
  12 13 16 11  6  6 29 12  1 23  7 18 28  7 16 15 22  9  1 17  6  2 26 11
  29 28 16  4 25 28 14  7  5  3 27 23  7 28 25  7  6  4 10 19 13 17  2 22
  26  1  8 16  2 20 20 17 20 10 26 22 20  1 14  1 11 22  4 22 20 15 18  3
  21 14 28 16 21  1  4 23 18  3 29 27 29 23 18 22  4 12 22 17 20 22  8 15
  26 22 17  2  4  2  1  5  8  7  8  5 15 19 16  6 19 12  2 21 10 27 27 10
   6 13  5 20  7  8  6 21 15  7 29  1 12 13  7 26 15]
 [ 0 19 28  4  5 28  9 20 15  9 27  1  1  8  5 11  7 14 27  6  6 17 23 16
  17 14  9  2 13  9  2 19 24  4 10  4  1  1  7 19 19 29 15  6 17 14 24  5
  16 11 26 13  7  4 22 28  3 13 25 27 11 10  1 23 17 18 24  8 23 15 29  6
  24 22 23  3 28 10  8 16  9  6 11 27 20 23 19  3  6 11 27  6 21 21 24  2
  14 15  7  3 18  1 12  6 14 26 28 21  3 17 20  6 14 14 17 27  7 19 20  8
  15 16  3 20  4  4  2 23  5  5  8 26  1 24 17  9 18  9 29 16 15  1 23 23
   8  7 19  1  3 14 10 13 27 19  9  7  1 16 25  7 12]
 [ 0 12  2  3  1 20  8 26 18 19  1  9 10 29 26 13  7  3  1  2 27 12 17 14
   9 11  2 19 28 26 19 25 11  2 13 27  9 23 19 17  5 24  6 17 26 28 23  5
  15  4 26 12 19 13  8 20  6 12 26 18  3 29 20 17  3 24 26 16 14 16 21 18
  26  4 25  1  7 14  5  7 14 10 17  3 11 24 16 10 10 19 21 18 27 15  2  5
   8 17 22 20  1 20  7 24  6 19 14 27 26 15  2  3 11  2 25 23 22 20 28  7
  29 20  3  6 12 25  7 16  2 12  3  9  9 20 18 10  7 19 27 13 12 14 10 21
  11 23 28 19 24 17  5 17  3 12 12  3 11  8 28 26  1]
 [ 0  6  3  5 19  1 25  7 10 12 21 24  1 27 25  8 25  6 27  1 13  9  4  7
  17 28 28  2 10 12 16 14 10 15 27  1 28 11 21 19 24 16 13 24 17 13 22 19
  16 13 21 12 13 14  9  4  2 25 28 23  8  8 28 13 18 25 16 24  4 25  6 19
  12 26 23  3 26 22  8  7  6  6  3 13 17 29  4 20  8 18 14  7 20  2 16 14
  24 23  3  4 22 20 26 24 14 14  5 18 25  8 24 23 27 21 19  2 18  5  1 17
   5 21 12  8  8 28  5  3  2  6  4  8 25  1 29  4 18 20  7 17 26 14 19 22
  18 23 29 21 24 13 13  4 13 19  2  8 13  9 16  8 25]
 [ 0 21 17 21 19 14 13 20 15 14 24  4  3 11 15 18 16  8  3 16 21 21 15 21
  19 17 28  9 26  5 21 16 20  3 27 15  2  3 15 11 27 29  3 11 22 12 18 12
  18 16 21 22  9 12  6 24 20 11  8 11 15  8  4 12  3 27  9 14 12  3 24 25
  24  7 16  8 17 24 10  8 22  8 10  9  5 20 12 14 21  7  8 12 15 16 17  4
  14 13  9 16 27  3 21 18  1  8 28 24 27  6  2 28 20 14 25  3 29 14 21 13
  21 28 22 11 19  2 28 29 13 20 18 23  7 10 15 16 10 27 20  3  3  1 19 13
  14  8 21 26 14 13 15 24 28 16 13  2 17 15 12 19 19]
 [ 0 16  8  3 21 17 18  2 24  9 26 24 17 13 27 21 28 24 22  7 18 23  8 21
   3 11  3 17  4  4  4 26  9 15  1 15  7  4 20 22 19 27 26 25 29  2 15 21
   8 13  4  8 19  3  6 11  1  1  2 10 12 19 27 12 16 21 27  9 15 17 18  6
   6 22 29 17 23 18  1 24 16 14 20  7 29 10 21 23 22  1 13 27 21 26 21  5
  10 25 12 13 13  9 22  2  7 27 22 15 11 10 12  7  7 16  2  2 27 21  5 28
   9 15 17 20  8 14 11 18 13  4 18 20 16 22 14 25 17 12 13 21  2 28  9 19
  19  1 27  5  1 16 23 25 25 29 14 18 11  6 12 11  5]
 [ 0 18  9 22 12  9 19  8 14  3 10  9  8 15 28 12 11 17  9 22 29 17 23 11
   1 21 12  2  2  3 28 23 29 22  1 14  3 13 23  9  4 15  7 15 20 16 22  4
   4 23  4  8 26 12 15  6 25  8 26 11  9 20  9  3 26 16  7 19  4 23  2 18
  13 25 14 25 29 22 23  3  4 23 17 23 20  7 13 10 27 29 27  3 14 14 15 10
  24  9  9  4  4  4 22  8  8 25  5 22 24  6 26 14 11  7 21 18 14 14 26  8
  24 13 25 14 23  7  1 17 14  8 23 25  6 27  2 17 17  9  3 15  5 21 16 27
  19 16 21 11 28 17 22 17 25 26 21 23 28 17 13 13 18]
 [ 0 17  8  8 24 13  7 18 20 20 24 15  7 11 27 13 14 28  8 18  3  2 21 22
  20  5  6 26 19 29 12  7  3 12 20  2 11 18 14 20  3  7 11 22  8 27 22 28
  14 28 12  2  3  1 16 26 15 15  5  7 24 25 11 14 20 27 13 16 22 29  6  7
  23  9 25  5 19  2 29  6 18  8  3  9 18 20 13 18 25  4  5 15  1 16 12 17
   4 18 27 17  7 28  7 17  2 24  1  8 16 16 27 19 12 12 26 24 29 17 26 12
  11 26 20 16  6  3 12 28 29 24 21 13 16 23 16 18 23  9 25 16 23 16 24 22
   9  9  6  4 29  9 16 28 15 28 12 29 27 14 10  3 25]
 [ 0 22  8 11  8 18 29 23 24 14  6 20 26 17 28 18 24 13 20 14 25 10 25 28
  11  6 27  1 16 20 11  2  6 19 17 22 17 19  7  8 12  8 25 18 20  9 13 21
  14 28 25 18 21 19  1 14 19  4 12 15 25 19 26  8  6 13  6  7 22  4 10 13
   4 29  4 18 11 24  6  3  1  3 16 18  4  9 28 22  2 12 28 14 10 23 26  9
  24 13 18 22 12 10 17 24  6 16  4 13 21 11  3 19 13  7 24  6 27 11  8 20
   7 18  1 22  1  4 11 21  9 22 26 21  9 19  7 24 28  6 28 13 15  3 26 25
   3  3  3  4 26 13 26 15 24 10  6  9 10 19 23  8  3]
 [ 0 15 12 27 29  4 18 27  8 17 10 14 17 14 24 24  7  2 13 10  1 12  7 23
  13 14  2 19 26  1 13 10  6 17 23 16  3 20 14 24  1 10 14 21 27  6 14 13
  29 26 24 12 24  4 17 21 10 15  3  1 22 28 20 11 12  5  8 19 28  7 11 23
   7 26 23  5 23  3 22 24  8  2  2  6  9 15 18  8 11 13 15  9 11  3 25 26
  11 21  2 28 29 10 12 15  3  6 23  1 18 11 28  3  3  3 24  7  4 18  5 26
  14  5 27 14 20 22 10 29  5  9 11 25  1  5 19  6  2 11 10 15 10  2 12 24
   1 21 26 16 15  3  9 23  1 16 21 10  1 28  6 10 11]
 [ 0  3  1 25 14 26 23 22  5  5 22 24 25 13 13 18 28 25  6  3 14 29 24 14
  10 17 23 14 20 25 18 10 22  8 16 23 18  8 17 21 26 10  3  1 19 14 24  2
   9  8 12  9  5  6  1 27 20  7  9 17 25 15 23 13 25 10 17 13 28  6 25 11
  19 11  5 20 14 12 25  4 15 21 25 27  1 24  7  7  2  6 25 29 25 17 16 23
  25 13  3  8 17  4 19  6  2 15 19 13  3 19 16 10  2  6 14 16 15  9 29  8
  15 25 25 14  9  5 18 23  7 16  4 13  4  3 21 10 21 26 17  4  9 26 14  3
  19 10 11  7 20 27  3 10 20  7  5 10 14 24  2 16 15]
 [ 0 29 19 26 17  2 17  7 20  5 19 16 16  5  7 20 25  8 13  9 14 29 16 21
  18 20 19 19 18  4 25  3 13  2 21  3 18 21 17 18 14 24 18 26 29 21 15 28
  18  5 20  4 24  4  6 18 10 11 28  7 28 27  5 21  4  4  5 23  1  4 17 20
   9 25 10  6 19 15  2 22  1 21  8 20 26  8  8 26 27  5 28 13  6 18 15 18
  29 26 25  5 12  5  1  2 19 26 28 21  1  7  3 20 11 10 18  5 29  7  6 15
  11 11 26 22 11  1 24  5  2  4 16 26 17  9 13 16 18  2 28  3 13  3 29  4
  27  2 22 16 11  2 25  8 18 21 29 20  9 15  8 12 26]
 [ 0  1 11 10 28  8 22 21 19  7  1 24  1 20 21  6  7  7 24  6 11 25  3  6
   4 16 11 24 10  3  9 14 11 16  4 23  6 13 24 25  1 27  5  4 19  8  3  3
  14 22  2 22 16 15  4 18  2  3 12 15 29 19  7 11 28 11 10  7 10  7 15 18
  16 24  8  2 19 24 21 18  2  8 10  3 11 10  4 18  3  5 24 24 26 26 10 11
  18 23 22 29 17 19  7  7 27 23 18 19 19 14  5 16  1 23 20 29 11 25  8 15
  17 24 18  9 14 27 18  6 10 11 14  7 20  4  8 13  2 19 18 21 28 27 28 24
   3 16 24  9 23 28 10 21 10 12  8 15 17 28  3 25  7]
 [ 0 28 21 23 21 11 26 12 13 27 15  4 12  6 17 15 27  7 22 27  8 26 24 11
   6 23 28  8  4 23 20 25 24 19 18 17 18  4 24 10 15  8 25  2  6  6 20 19
  21  2 25  4 29  3  4 11  2 25 22 23 16 23 19  4 19 15  1 18 17 16  7 28
   4 20  1 13 24 27  2 15 28  3  4  3 25 15 20 28 13 23 21  4 25  8 16  9
   5  2  6 28 27  4  7 22  6 15 25 26 11 15 26 23 11 16 24  9 12 18 11  9
   3  6 23 24 20  4  4 10 11 24 25 28  1 12 10 22 27  5  9 19 13 20 10  8
   6 10  1 10 14  7 10 13  1 15  6  8 24 16 29 10  9]
 [ 0  9  2 16  9  1  6 18 26  4 10 16  9  2 26  2  8 15 28 19 25 11 25 22
  10 12 11 10 10 15 14 14  2  7  6  2 21 17 21 19 25 23 27 12  4 22 29 23
   3 11 22 15 25 22  4 14 26 29  1 10 13  5  5  7 18  8 15  4  6 24  2 16
  23 17 27 23 11  7 13 22  4 10 26 14 19  3  6 24 22  4 14  9 20  1  6 16
  14 28 22  9 19 20 21  7  3  5  7 25 17  2  2  7 11 23 27 15 11 28 26  3
  20 24  9 10  4 20 22 21 26 27 13 10  1  4 19 15 27 17 20 27  4 15 26 15
  13 25 27 10 29 21 21 12 14  9 13 10  2 17 19  4 22]
 [ 0 21 26 25 12 19 15  3 16 17  8 13  8  3 19 19 15 26  2 17 21 27 19 23
  10  3 20 23  2 29 18 22 24 10 10  6 24 22  5 28 18 27  3  1  2 16 14 28
  22  8 22 26  8 20 24 22 27  6  6 14 25 19  1 13 26  3 28 24 29 16  8  2
  15 26 21 21  5 14 16 17 29 19 17 23  7 10  3  3 28  7 26 16 23 16 27 22
  28 26  2 15  4 29 27 26 20 22 23  1  2  6 16 28 17  8 12 23 12 11 16  6
  12  4 16 29 17 28 28 10  4  1 28  7 12 29 17 28 24  8 17  2 22 27  9  4
   9  2 28 28 21 20 23 27 21  8 16  5  3 22 14  9 17]
 [ 0 10 13 19 12 18  3 27 18 19  5 20 20 24 13  4 17 22 28 20 23 20  4  2
   5  7  6 16 11 20 15  6 15 16  8 14 14  6  2 25 25  5  3  7 21 21 24  8
  27 13 23 24  3 17 20 21 21 15  5  5 10 13 12 10  8 13  1  5 17  1 18 24
  11 16  2 23 27  5  7  9 10  9 26  3  2 18 20 14 12 18 26  4 25 16 17 26
   3 23 13 27  1  5  3 26 17  6  3 25 24  7 18  3 19 15 29  6 29 28  8 23
   3  4 13 25  6 17  6 17  3 19  9 28 22 22 22 25 11 18  9 28 10 29  2 22
  29 20 13 20  6 13  3 19 28 19  9 22  2  6 27 23 21]
 [ 0 24 29  5 16 20 28 28 19 27  3  4 19 21 14 12 20  9 28 28 10 28 26 21
   2  5  9  9 25 28 11 14 21  8 18 10 19  7  2 17 24 20 14 13 18 21 26  9
  27 29 22 22  5 16 27  2 17  1 25 19 13 24 12  1  8 11 28 27 20 10 20  2
  13 18  5 10  1 27  8 20  1  8  6 20  5 28 26  9 23 16  2 21 14 12 25 21
  27  1 13  1  8  1 19 13 19 11 26 16  8 24  3 25  5 10 27 11  3 17 19 21
  21 24 10 29  4  8  7 11  3 10 14 11 28 28 25 25  3  2 23 14 21 26 17 11
  26 13 25  4 24  6  2  1 25  1 12 29 11 17 13 19 18]
 [ 0 12  7  1  6 25 28 20  6  3  1 18 28  9  3  6 13  2 15 13 29  4  4 21
  19  1 25 19  8 23 27 12  5 16 18  1 27 20 19 10 24 21 25 28 21  5 22 10
   8 11 21 23 18 17 10 27 13 23 18 21 23 23  5 28 17 18  2  3 11 17  1  7
  24 14  1 11 28 10 28 21 10 18 27 19 12 26 16 27  7 22 23 28 11 26 26  7
  29  8  2 19  5  6 15  2  3 21  6 19  4 10 14 11 16 23 23 15  3  8  9 23
  14 26 18  2  5  5  5 25 23  7 21  9 24 18 28 12 27 27 12 25 21 23  3  5
  17  5 19  6 16 13 16 23 16 28 18  6 24 27 12 28 23]]
 job2fam
 [[1 0 0 0 0 0 0 0 0 0 0 0 0 0 0 0 0 0 0 0 0 0 0 0 0 0 0 0 0 0 0 0 0 0 0 0
  0 0 0 0 0 0 0 0 0 0 0 0 0 0 0 0 0 0 0 0 0 0 0 0 0 0 0 0 0 0 0 0 0 0 0 0
  0 0 0 0 0 0 0 0 0 0 0 0 0 0 0 0 0 0 0 0 0 0 0 0 0 0 0 0 0 0 0 0 0 0 0 0
  0 0 0 0 0 0 0 0 0 0 0 0 0 0 0 0 0 0 0 0 0 0 0 0 0 0 0 0 0 0 0 0 0 0 0 0
  0 0 0 0 0 0 0 0 0 0 0 0 0 0 0 0 0]
 [0 0 0 0 0 0 0 0 0 0 0 0 0 1 0 0 0 0 0 0 0 1 0 1 0 0 0 0 0 1 0 0 0 0 0 0
  0 1 0 1 0 0 0 0 0 0 0 0 0 0 0 0 0 0 0 0 0 0 0 0 0 0 0 0 0 0 0 0 0 0 0 0
  0 0 0 1 0 1 0 0 0 0 0 1 0 0 0 0 0 0 0 0 0 0 0 0 0 0 0 1 1 0 0 0 0 0 1 0
  0 0 0 0 0 0 0 0 0 0 0 0 0 0 0 0 0 0 0 0 0 0 0 1 0 0 0 0 0 0 0 0 0 0 0 0
  0 0 0 0 0 0 1 0 0 0 0 1 0 1 0 0 0]
 [0 0 0 0 0 0 0 0 0 0 1 0 1 0 0 0 0 0 0 0 0 0 1 0 0 0 0 0 1 0 0 0 0 0 0 0
  0 0 0 0 0 0 0 0 0 0 0 0 0 0 0 0 1 0 0 0 1 0 0 0 0 0 0 0 1 1 0 0 0 0 0 1
  0 1 0 0 0 0 0 0 0 0 0 0 0 0 0 0 0 0 0 0 0 0 0 0 0 1 0 0 0 0 0 0 1 0 0 0
  0 0 0 0 0 0 0 0 0 0 1 0 0 0 0 0 0 1 0 0 0 0 0 0 0 0 1 0 0 0 0 1 0 1 0 1
  0 0 0 1 0 0 0 0 0 0 1 0 0 0 0 0 0]
 [0 0 0 0 0 0 1 1 0 0 0 0 0 0 0 0 0 0 1 0 0 0 0 0 1 0 0 0 0 0 0 0 0 0 0 0
  0 0 0 0 0 0 1 0 0 0 1 0 0 0 0 0 0 0 0 1 0 0 0 0 0 0 0 0 0 0 0 1 0 0 0 0
  0 0 0 0 1 0 0 0 0 0 1 0 0 0 0 0 0 0 1 0 0 0 0 0 0 0 0 0 0 0 0 0 0 1 0 0
  0 1 0 0 0 0 0 0 0 0 0 0 0 0 0 1 1 0 0 0 0 0 0 0 1 0 0 0 0 1 0 0 1 0 0 0
  0 1 0 0 0 0 0 0 0 0 0 0 0 0 0 0 0]
 [0 0 0 0 1 0 0 0 0 0 0 0 0 0 0 0 1 1 0 1 0 0 0 0 0 0 0 0 0 0 0 0 0 0 0 0
  1 0 1 0 0 1 0 0 0 0 0 0 0 1 0 1 0 0 0 0 0 0 0 1 0 1 0 0 0 0 0 0 0 0 0 0
  0 0 0 0 0 0 0 0 1 0 0 0 0 0 0 1 0 0 0 0 0 0 0 0 0 0 1 0 0 0 0 0 0 0 0 0
  0 0 1 0 0 0 0 0 0 0 0 0 1 0 0 0 0 0 0 0 1 0 1 0 0 0 0 1 0 0 0 0 0 0 1 0
  0 0 1 0 0 0 0 0 0 0 0 0 0 0 0 0 0]
 [0 0 1 1 0 1 0 0 0 0 0 1 0 0 0 0 0 0 0 0 0 0 0 0 0 1 0 0 0 0 0 0 1 1 0 0
  0 0 0 0 0 0 0 0 1 0 0 1 1 0 1 0 0 0 1 0 0 0 0 0 0 0 0 0 0 0 1 0 1 1 0 0
  0 0 0 0 0 0 0 0 0 0 0 0 1 1 0 0 1 0 0 1 0 0 1 0 0 0 0 0 0 0 0 0 0 0 0 1
  0 0 0 0 0 0 0 1 1 0 0 0 0 1 0 0 0 0 0 0 0 0 0 0 0 1 0 0 1 0 0 0 0 0 0 0
  0 0 0 0 0 0 0 0 0 0 0 0 0 0 0 0 1]
 [0 0 0 0 0 0 0 0 1 1 0 0 0 0 0 0 0 0 0 0 1 0 0 0 0 0 0 0 0 0 0 0 0 0 0 0
  0 0 0 0 0 0 0 0 0 1 0 0 0 0 0 0 0 0 0 0 0 0 0 0 0 0 0 1 0 0 0 0 0 0 0 0
  0 0 0 0 0 0 0 0 0 0 0 0 0 0 1 0 0 0 0 0 1 1 0 1 0 0 0 0 0 0 0 0 0 0 0 0
  0 0 0 0 0 0 0 0 0 0 0 1 0 0 1 0 0 0 0 0 0 1 0 0 0 0 0 0 0 0 1 0 0 0 0 0
  0 0 0 0 1 1 0 1 0 0 0 0 0 0 0 0 0]
 [0 1 0 0 0 0 0 0 0 0 0 0 0 0 0 1 0 0 0 0 0 0 0 0 0 0 1 1 0 0 1 1 0 0 1 1
  0 0 0 0 0 0 0 1 0 0 0 0 0 0 0 0 0 0 0 0 0 0 0 0 1 0 0 0 0 0 0 0 0 0 1 0
  0 0 0 0 0 0 0 1 0 0 0 0 0 0 0 0 0 0 0 0 0 0 0 0 1 0 0 0 0 1 1 1 0 0 0 0
  1 0 0 1 0 1 0 0 0 0 0 0 0 0 0 0 0 0 1 0 0 0 0 0 0 0 0 0 0 0 0 0 0 0 0 0
  1 0 0 0 0 0 0 0 1 1 0 0 1 0 1 1 0]
 [0 0 0 0 0 0 0 0 0 0 0 0 0 0 1 0 0 0 0 0 0 0 0 0 0 0 0 0 0 0 0 0 0 0 0 0
  0 0 0 0 1 0 0 0 0 0 0 0 0 0 0 0 0 1 0 0 0 1 1 0 0 0 1 0 0 0 0 0 0 0 0 0
  1 0 1 0 0 0 1 0 0 1 0 0 0 0 0 0 0 1 0 0 0 0 0 0 0 0 0 0 0 0 0 0 0 0 0 0
  0 0 0 0 1 0 1 0 0 1 0 0 0 0 0 0 0 0 0 1 0 0 0 0 0 0 0 0 0 0 0 0 0 0 0 0
  0 0 0 0 0 0 0 0 0 0 0 0 0 0 0 0 0]]
