params：
 weight-->(1, 10)
 proc_times-->(1, 100)
 setup_times-->(60, 120)
 delivery_times-->(170, 200)
 job_rate-->8

start:
alpha_1
8
 alpha_2
2.0
 mach
20
 job
160
 fam
8
 weigh
 [[0 1 9 9 5 8 5 2 1 3 5 6 7 4 3 4 8 8 1 2 6 7 1 1 7 9 2 9 4 2 1 1 5 8 6 4
  3 5 1 9 2 4 2 3 8 2 6 2 8 6 8 3 6 2 7 7 3 4 1 7 9 6 6 5 7 6 8 6 1 3 8 8
  3 1 8 4 9 7 7 2 2 8 2 3 6 4 8 7 9 5 5 6 9 5 5 7 6 8 1 9 4 1 1 8 2 8 5 5
  2 3 5 2 7 4 9 7 5 6 5 1 9 2 5 8 6 3 8 4 2 1 4 7 6 4 2 4 2 5 9 2 6 3 4 5
  6 9 2 2 9 3 2 9 4 1 1 6 2 2 9 8 6]]
 proc_times
 [[  0   4  38   2  93  36  39  12  53  13  83  87  30  12  57   4  61  72
   49  10  82  62  89  52   9  44  45  59   9  53  57  37  42  49  72  94
    4  33  18  90  10  93  10  73   1  35  97  82   7  66  13  12  52  17
   72   4  63  22  71  93  12  66  22  15  14  30  36  19  73  66   7  93
   50  18  28  13  62  46   6  49  69  99  84  60  41  68  55  15  44  40
   74  43  62  78  41  18  89  35  63  36  94  29 100   1  39  46  90  65
   15  74  57  69  38  32  55  27  34  97  74  75  18  68   6  16  49  19
   52  14  91  66  59  48   1  73  65  60  31  55  13  21  84  81  16  26
   60  55  74  19  66  89  31  14  86  60  88   6   2  11  44  19   7]
 [  0  62  10   4  43   6  52  86  69  22  44  83  96  49  50  57  35  13
   29  88  35  37  78  50  83  24  27  62  32  14  45  21  54  27  78  76
   26  11  30   2  73   2  58  55  99  83  61  14  65  56  39  77  94  34
   22  31  33  33  97  38  70  14  10  96   3  51  43  27  15  62  20  18
   42  50  97  69  10   2  48  22  52  43  39  89  81  89  84   6  35  85
   75  34  83  36  62  95  94 100  59 100  37  20  13  10   3  93  25  20
   22  71  84   3  28  63  74   3  91   3  26  27  92  44  61  55  75  29
   10  17  75  50  44  41  82  58   9   7  50  41  64  45  13  20  73   4
   41  83  70  46  77  43  77  64  39  12  32  23  85  33  95   4  26]
 [  0  37  75  53  92  76  31  12  54   9  51  35  80  11  86   4  74  73
   51  89  54  46  41  85  58  71  41  35  23  32   1  27  20  20  55  58
   97  42  60  73   1  44  94  39  81  25  80   1  22  81  77  41  84  89
   49   9   8  40  22  13   7  62   8  32  57  18  51   7  38   7  38  56
    2  68  48  44  58  62  65  11   4  92  98  13  22  27  84  10  58  90
   76  16  18  29  49  45  17  79  60  43  49  99  13  90  73  16  36  73
   56  38  92  29  68  12  99  54  42   6  40  55  42  14   4  33  89  50
   24  61  44   5  57  16  87  97  84  73  84  59  28  21  74   9  29  95
   89  50  44  90  68  94   9  13  11  74  53   5  91  81  65  31  78]
 [  0   1  67  66  47  45  72  98  67  48  97  90  54  38  57  58  62  15
   20  75  65  66  33  22  55  94  66  31  37  65  95  30  89  53  66  64
   82  36  32  48  25  72  27  43  73  83  89  33  12  70  57  43  56  77
   68  12  16  74  46  28  72  96  47  15  74  39   2  86   5  65  56  22
   78  24  93  13  67  83  99  81  73  48  22  35   4  30  75  47  52  91
   45  32   9  31   8  43  31  62  26  79  53  82  51  56  33   2  95  55
   46  36  77  34  92  75  97  30  42  49  52  99   1  70  81  27  74   5
   24  24  85  47  14  13  93  89  69  95  54  58  19  63  98  79  85  19
   80   7  72  28  52  39  23  42  66  98  63  27  81  38  22  60  34]
 [  0   6  20  49  65  78  76  96  42  72  19  93  54   3  45  48  65  23
   43  43  58  66   3   7   8  53  28  30  91  50  21  88  84  23  54  27
   43  92  26  22  95  91  11  28  29  93  49  45  24  26  69  31  85  70
   10  26  39  95  58  59  53  99   7  67  95 100 100  36  33  14  58  75
   33  77   7   6  61   5  62  71  90   6   1  29  80   4   7  95   6  48
   50  75  64  72  16  81  17  75  33  79  48  13  78  73  43  94  72  43
   21  17  47  38  66   4  60  85  55  87  73  45  20  13  46  85  11  79
   67  70  23   9  78  70  27  14  61  87  40  53  27  97  38  19  16  23
   93  38  49  94  36  54  99  60  77  35  98  29  54  56  78  28  96]
 [  0  13  98  58  83  22  90  97  66  63  45  91  33  94  81  65  96  37
   37  50  42  43  45  11  76  21  28  96   2  14  33  49  44  60  69  91
   27  85   5 100  66  29  42  95  78  13  26  39  24  65  51   9  75  77
   51  93  14  53  13  25  41  19  76  36   8  71  26  76  40  26  75  52
   99  14  36  73  39  83  88  67  12  38  70  54  83  97  78  93  95  79
   91  65   9  70  90  70  25  36  40  72  93  61  85  99   8  22  57  11
   39  81  51  45   5  42  66  91   7  48  73  63  96  28   8   6  44  25
   87  63  66  25  38  76  46  76  12  59   6   2  71  52  53  38  30  94
   34   2  82  83  46  26  74  84  66  21  62  33  66  13  92  46  44]
 [  0  38  48  37  62  15  15  61  74  28  21  61  99  64  65  70  11  22
   58  15  47  36  17  13  21  67  22  71  44  45  64  70  12  99  67  89
   53   2  31  63  37  15  73  82  87   9  24  30  89  21  90 100  64  40
   80  90  34  34  75  13  76  76  97  53  52   1  65  98  88  71  65  94
   47  46  81  40  99  87  28  82   7  98  33  53  98  23  78  86  88  59
   44  25  44  11   3  59  95   1  88  99  75  10  22  53  66  14  33  57
   82  39  60 100  39  29  66  77  63  70  64  55   9  36  60  54  90  95
   97  37  70  75  16  31   1  11  99  21  49  13  49  24  79   8  27  83
   14  28  50  30  60  44  14   1  81  70  41  85  86  31  29  46  23]
 [  0  59  33  37  26  91  27   9  72  67  12  61  56  70  86  95  61  85
   56  40  94  68  43  20  47  22  88  86   8  18  75  10  13  69  41  66
   92  37  28  68  87  30  72  82  29  85  21  46   4  17  65 100  34  20
   68  15  37  71  61  37  58   8  98  91   6  67  68  45  63   7  33  68
   97  67  76  37  84  49  22  18  20  48  72  22  96  37  20  61  27  65
   62  63  78  26  79  62  89  16  98  34  90  24  96  22  20  63  28  62
   35  92  31  24  94   6  58  90  35  65  51  32  81  63  86  30  40  35
   34  39  65  36  91  52  98  27  57  39  51  20  16  46 100  16  35  67
   91  49  44  98  25  38   8  38  53  11  19  66  17  97  67  40  26]
 [  0  11  21  87   5  56  83  12  48  52  70  52  22  41  49  95  39   6
   94  57  43  73  89  15  49  98  84  11  99  99  57  89  58  10  75   8
   56   4  61  22  56  68  54  54  17  99  20   1  39   7  36  25  87  20
   19  22  44  20  64  62  81  78  95  47  82  66  91  60  83  52  38  96
   27  16  40  21  19  55  60  28   8  10  44  70  32  23  24  98   1  39
   27  13  56  61  64  85   9  44  63  71  63  69  95  91  71  46  44   6
   97  34  28  33  88  98  46   3  88  74 100  99  58  59  18  45  22  65
   94  90  46   2   5  50  57  61  53  37  44  37  81  38  81  45  46  41
   95  90  59  84  83  62  79  49  83  37  14  63  19  89  80  13  24]
 [  0  81  41  78   3  31   7   1  19   8  77  57  25  56  11  13  31  79
   56  19  94  20  53  55  34  57  82  31  13  92  43  26  32  38  99  90
   65   2  54  28   2  43  19  96  87  72  73  53  94  35  48  66  59  65
   90  27  48  75  19  14  22   4  68   1  85  67  38  82  54  93  23  93
   60  73  10  70  29  82  79  21  12   1  43   6  64  40   1  73  52  32
   47   3  51   3  91  53  19   9  25  61  97  63 100  11  32  50  54  86
   97  15  23  50  67  79  81  39  98  58  47  92  74  68   5  74  19  67
   40  12  71  13  10  95  56  80  60  81  18  41  29  37  86  86  36  25
    1  25  29  62  74  57  80   6  75  29   6  98  22  80  27  91  21]
 [  0  16  71  62  28  31  41  53   5  97  81  94  90  70  57  42  83  58
   36  94  91  52  53  20  32  83  53   1  92  67  62  70  50  20  16  49
   92  84   1  15  77  25  47  13  30  23  66  18  24  27  93   9  34  93
   54  12  38  76  80  43  16  43   5  82  73  38  65  16   1  11  44  10
   90  32  96  33  62  49  98  53  49  88  86  88  69  94  64  59  59  81
   72  21  84   1   8  29  60  15  13  83  80  23  11  94  65  53  12  59
   45  91  93  82  92  56  86  65  88  65  73  31  69  24  88  72  35  83
   19  45  18  76  84  40  36  56  79  68  79  27  40  30  75  16  60   3
    4  75  35  77   4  51  23  58  69  33  45  74  38  11   2  57  45]
 [  0  90  51  26  85  86  38  33  63  89  73  89  50  28  64  71   8  82
   73  37  68  22  35  58  13  31  85  53  55  27  41   9  52  35  66  28
   29   2  84  95   6  75  89  38  11  14  18  55   9  63  93  66  54  97
    1  70  42  54   5  72  63  20  44  30  21  51  92  99  83  78  52  47
   17  95  79  81  56   7  54  12  48 100  77   5  98  16  93  89  86  44
   99  84  87  36  55  31  29  12  71  85  25  14   4  22  42  65   5  13
   41  64  86  95  54  96  42  96  87  69  14  24  88  15  89  32   3  16
   17  48  95  64   1  55  45  77  45  93  29  59  26   8  96  47  63  84
   58  88  84   8  83  30   7  72  72  99  65  15  27  44  73  30  86]
 [  0  89  13  45  22  81   3  82   8  89  97  16  98  78  39  17  21  63
   40  56  83  93  74  39  34  86  58   4  57  92  80  98  74  16  29  22
   76  22  33  68  11  28  15   4  36  77  73   5  19  92  18  74  70  95
   62  27  43  77  38  61  64  20  49  28  53  84  61  76  81  54  55  94
    2  59  47   9  47  38  16  50  69   6   6  87  98  87  87  12  18  30
   82  99  66  47  74  16  27  77  62  84 100  31  49  25  73  81  31  91
    4  86  79  19  93  16  47  42  72  98  97  84  27  72  12  19  55   5
   18  38  87  92  64  60  31  62  38  41  59  39  77  93  11  55  95  55
   88  74  98  64  22  88  74  62   8  37  31  20  25  35  32  98  46]
 [  0  71  56  86  98  76  58   4  25  41  65  15  38  92  80  31  38  95
    8  54  39  45   9  18  11  38  21   5  95  45  97  15  37  15  67  20
   78  15  45  43  65  28  12  79  81  64  18  60  30  83  78  35  97  15
   99  95  24  96   3  23  39  18  15  83  75  37  69  47  46  66  56   4
   17  37  17  54  53  54  54  45  50  48  64  75  16   9  78  94  78  77
   75  64  78  33  64  43  75  95  31  37  23  20   3  73  45  78  55   9
   78  80  98  26  78  14  49  51  56  94  97  11  49  68  41  63  94  16
   36  11  64  59  27   4  40  47  19  58  57  77  59  71  39  66  97  24
   34  10  56  15  85  31  76  61  62  76  97  72  16  55  73  48  64]
 [  0  68  26  38  15  42  27  45   4  24  58  74  67   7  49  28  10  37
   37  22  80  69  71  35  13  52  63  66  55  42  44  42  15  72  33  33
   39  31  52  95   6  94   7  43  52  48  58  47  14  13  10  74  20  68
   87  30  21  17  95  59 100  42  49  26  55  72  47  31  41  76   8  28
   71  70  52  49  47  87   8   4  85  64  71  71  31  33  95  20  87  15
   27  15  94  55  98  99  61  21  26  46  31  70  56  47  14  29  36  22
   45  86  42  11  21  11   1  88  19  75   9  47  62  99  18  42  87   6
   72  31  95  57  12  11  63  49  56  24  94  35 100  72  60  41  51  51
   50   2  77  14  82  53  75  17  91   4  33  99  29  73   5  59  36]
 [  0  56  18  52  35  41  28  43  22  91 100  52  67  19  14   4  12  46
   26  62  13  60  43  29  80   5  29   4  45  81  42  72  97   8  52  21
   92  26  99  43  45   9  84  35   7  38  67  34  65  12  22  68  68  97
   93   1  84  43   8  75  64  23  42  61  53  32  91  31  24  50  91  68
   58  40  21  96  81  74  48  87  93  18  13  68  19   7  67   1   5   2
   98  54  45  78  80  39   4  75  45   6  85  60  19  62  34  28  26   3
   22  98  59  27   3  31  62  72  31  91  92  82  25  53  85  96  19  27
    6  85  75  33  65  46  14   7  81  72  66  62  93   9  17  63  89  46
   59  22  88  77  97  10  43  59  42  55   3  28  16  93  51  70  10]
 [  0  24  98  22  27   3  71 100  78  33  77  36  95  62  86  73  39  86
   43  19  89  97  29  36  37  20  58  36  38  78  72  45  51  84  60  87
   43  91  32  71  46  54  31  78  14  12  56  66  77  99   1  26  68  73
   12  22  20  28  71  69  17  38  10  12  86  49  11  98  61   5 100  30
    1  48  53  24  89 100 100   4  55   1  16  89  73  98  73  28  33  60
   38  38   7  94  51  20  65  36  52  14  62  70  41  37  30  76  15  88
    9  17  83  70  62  93   6   3   4  50  35  82  24  78  29  66  10  75
   34  25  40  97  61  58  12  16  20  18  83  92  25  58  63  93  37  47
    4  48  79  70  96  59  88  87  37  34  87  34  56  29   8  19   8]
 [  0  88  27  25  34  45  90   5  85   2  43  99  79  39  17  79  79  76
   77  89   2  30  68  57  42  14  19  82  43  54  31  71  35  92  22  74
   32  62  65  73  14  57  26  12  44  68  46   4  45  46  68  31  37  25
   50  45  17  44  38  81  21  54  80  40  85  90  81  31  44  38  54  28
   30  64  25  89  20  61  92  98  38  37  86  64  44   5  31  31  65  39
   55  67  63  22   5  23  46  64   7  90  79  98  17  21  70  47  13  97
   18  61   9  70  60  22 100   3  61  77  84  85  95  45  88  42  85  33
   81  47  61  13   2  15  69  37  34  34  99  28  96  69  51  95  21   5
   37  20  33  67  22  54  64  50  83   9  58  84  82  29  82  61  68]
 [  0   8  55  83  41  15  26  35  65  17  61   8  98  44  35  77  79  85
   13  10  37  72  65  47  50  28  40  15  63  14  62   8  11   4  89  96
   84  48  26  34  14  70  56  64  43  86  77  10  92  39  61  37  99  17
   14  54  94  27  34  64  47  87  81  49  54  37  39  50  65  11  63  27
   94  71  90   4  56  10  72  11  31  45  47  76  33  22  94  60  91   4
   56  23  89  26   9  89  20  20  38  30  86  76  71  85  89  72   1  78
    8  94  39  99  18  35  30  70  68  66   2  35  62  20  40  22  84  19
   51  92  70  85  56  17  82  68  98  33  43  48  99  52   8  30  89  91
   49  54  45  81  74  24  75  20  25  10  82  63  55   5  27  48   8]
 [  0  47  81  24  79  89   3  27  44  86  50   3  49  15  48  66  48  77
   69  13  23  91  45  75  81   3  35  88 100  99  95  93  18  69  34  14
   76  90  74  85  30  97  88  51  72  57  40  19   7   7   1   1  11   9
   55  16  67   4  22  30  58   9  85  20  63  59  51  49  35   3  77  71
   76   9  98   2  72  87  72  87  13  66   6   7  89 100  65  85  68  55
   92  41  43  26  24   7  52  92  25  57  33  34  55   2  40  73  58  94
   32  94  51  63  78  95  35  68  93  40  97  24  90  11  23  99  83  98
   87   7  55  86  54  90  62   5  44   1  35  89   4   7  17   7  84  50
   27  59  72  19  28  64   5  91  46  95  90  60  94  18  54   2   4]]
 setup_times
 [[[  0  92  66  95 119  67  71  73  94]
  [  0   0  85 110  85 118  79  66  76]
  [  0  99   0 106  83 104  71  86 103]
  [  0  87  92   0  60  97  71  91 105]
  [  0  86  95 108   0 107 102  88 114]
  [  0  73  97 110  97   0  87  83 104]
  [  0 102  71  63 109 103   0  66  66]
  [  0  76 111  65 110  61  75   0  69]
  [  0  94 104  78  96  84  98  93   0]]

 [[  0  78  72  73  77 101  60  61  89]
  [  0   0 111  90 109 111  98 112  70]
  [  0  73   0 117  93  87  75  88  74]
  [  0  67 116   0 103  72 115  60 112]
  [  0 118 102  91   0  98 112  97  88]
  [  0  90 117  72  90   0  87  73  69]
  [  0  92 118 109  85  65   0  88  74]
  [  0  99  84  70 110 113  67   0  86]
  [  0  92  68  92 110 109  99  66   0]]

 [[  0  91  78  76  62 115 104 118  66]
  [  0   0  97  79 110  85 102 105 108]
  [  0  78   0 111  72  68  79  99  69]
  [  0  92  75   0 115 116  63  79 117]
  [  0 100 112  89   0  67 113  66  60]
  [  0  64 108 112 115   0  72  70  77]
  [  0  86  79 102 103 108   0 105 119]
  [  0 105 102  94  94  64  99   0 107]
  [  0  99  99  81 114  88 108 102   0]]

 [[  0 117  83  79  63 114  83  84 117]
  [  0   0 111 112 107  79  81  77  65]
  [  0 111   0  84 107 101  78  94 112]
  [  0  68 114   0  63  88  73  86  91]
  [  0  62 103  83   0  69  69 114  86]
  [  0  86  78  78  64   0  82  81  64]
  [  0 105 103 109  93 115   0  76  70]
  [  0  83  65 116  73  74 109   0  95]
  [  0  69 109 109 110  65  71  60   0]]

 [[  0  67 110  67 114  76  82 103 104]
  [  0   0  75  77 110  82  89  90  92]
  [  0  93   0 114 113 100  85  74  64]
  [  0  94  60   0  99 102 104 119 108]
  [  0  80 109  73   0  88  61  73 102]
  [  0  79  87  76  83   0  77  97 118]
  [  0  89  72 118 100 110   0  81  75]
  [  0  73 119  83  72  83  93   0  85]
  [  0 113 111 103  88  60  64  85   0]]

 [[  0  66  77  87 106 115  94 109  66]
  [  0   0 108  88 116 102  62  99 100]
  [  0  63   0 115  81  67  85 115  70]
  [  0  62 115   0 117 104  76  69  89]
  [  0 113  77  98   0  96 111 110 105]
  [  0 101  69 110 113   0  96  60  84]
  [  0  91  82  81  73  87   0  99  62]
  [  0  65  87  68 106 116  76   0  85]
  [  0  93  61  82 114  84  63 114   0]]

 [[  0  97 102  75 109  85 115  83 111]
  [  0   0  95  68  62  76  80 116  87]
  [  0  70   0 110  63  85 107  73  72]
  [  0 111 108   0  88  98 104  74  68]
  [  0 100  99  64   0  92  63  62  81]
  [  0  94  78  77  75   0  97 107  80]
  [  0  85 101 105  95  79   0  71 113]
  [  0 103 100 101  86 111  89   0  64]
  [  0 116  64  74  62 102  63  97   0]]

 [[  0 106  76 114 105  86  75  99 111]
  [  0   0  62  89 114 118 109  67 118]
  [  0 107   0  60  97  74  90  85  98]
  [  0  76  70   0  60 100  71  66  83]
  [  0  61  79 112   0 105  92  85  88]
  [  0 115 117 104  90   0  98 106  93]
  [  0  75  95  64  73 115   0  75 103]
  [  0 107 108 101 119  93 105   0 115]
  [  0 102  90  65 100  70 118  90   0]]

 [[  0 116  79  77  75  76 109  62  63]
  [  0   0 114 110 103  93  86  83  77]
  [  0  84   0  97 116 119  98  81  85]
  [  0  96 106   0 118 118  64  82  90]
  [  0 117 101  97   0  84  72 102  71]
  [  0  97  90 111  66   0  67  76  66]
  [  0  80  60 110  84  72   0  72  72]
  [  0 116  68 118 118 110  70   0  70]
  [  0  75  64  77  69  93 110 111   0]]

 [[  0 101  68 111 103 118 113 119  61]
  [  0   0  92 111 108 109  95  95 103]
  [  0  98   0 119 109 117  62  63  86]
  [  0  99 107   0  86  64  62  95 113]
  [  0  71  90 101   0  83  98 106  66]
  [  0  89  80  97  67   0  68  82  77]
  [  0 110  87 108  63 108   0  66  61]
  [  0  93 102  88  87  86  77   0 100]
  [  0  81 117  65  64 101 113  76   0]]

 [[  0  87 102  72 115 110 117  89  73]
  [  0   0 115  77 108 113  74 110  89]
  [  0  63   0  71  77  79  97  82  92]
  [  0  71  85   0  63  78  79  84  62]
  [  0 113  89  82   0  82 104  60  76]
  [  0  84  75  81  92   0 116  77  61]
  [  0  66 112  90 111  66   0  77  63]
  [  0  85  80  66  69  83  88   0 116]
  [  0  62  82  99  63  75 105 101   0]]

 [[  0 108  77  69  62 109  80  67 111]
  [  0   0  62  81  85 113 106  67  71]
  [  0  91   0  91 108  74  80  99 108]
  [  0 117  74   0  63 101  70  70  72]
  [  0  85  98 105   0  88  81  76  79]
  [  0  73  89  62 104   0  66 104 100]
  [  0  62 106  97  66  81   0  60 102]
  [  0  60 114  75 118  97  72   0 119]
  [  0  62 116  69 119 107 108 101   0]]

 [[  0  99 118 108  76  71  84  78  63]
  [  0   0 114  88 107 115  63  60  75]
  [  0 117   0  70  60  62  92  82 100]
  [  0 119  70   0  62 111  63  86 106]
  [  0 106 107 109   0  99  80  93  74]
  [  0 108  68  66 111   0 108  93  98]
  [  0  63 117  71 100  75   0  88  61]
  [  0  96  87 112  73 115 111   0  89]
  [  0  92 105 100  80 111  60  94   0]]

 [[  0 104  81  60  97 101 110  95  98]
  [  0   0  86  88 113  95  68  88  65]
  [  0 109   0  77 117 115 116  80  81]
  [  0  74  89   0  80  86 102  78  97]
  [  0  82  94  61   0  78  69  67  93]
  [  0 101  82  78 106   0  76  76 119]
  [  0  87  77  63  88 117   0  67  77]
  [  0 100 110  81 110  62  90   0 109]
  [  0  93  68  88  84  98 113  68   0]]

 [[  0 106 110 118  96  71  86 118  77]
  [  0   0  75  88 116 108  84 114  91]
  [  0  92   0  76  62 118  88  71  74]
  [  0  78  77   0 104  61  65  97  86]
  [  0  72  60 109   0  66  93  78 102]
  [  0  70 117  60  98   0  61  93 108]
  [  0  99  87 108  61  68   0 117  64]
  [  0  81  86  81 108 100  98   0 102]
  [  0  77  76 114  62 116 107  96   0]]

 [[  0  64  92 106 113  73  67 106  80]
  [  0   0  81  63  64  80  95 101  99]
  [  0  84   0  84  84  94  87 101  76]
  [  0 100  65   0  68  93  99  69  72]
  [  0 103  84 115   0  60 109 102 115]
  [  0 106  66  86  89   0  80 108 105]
  [  0 109 103  99  82 104   0  78 105]
  [  0  95 110  82 100  81  71   0  93]
  [  0  87  90  87 103 104  74  92   0]]

 [[  0  84  75 115  66  91  63  82  65]
  [  0   0 106  90  79 108  79 117  80]
  [  0 114   0  82 115  89  80  60 108]
  [  0  75  62   0 119 108  60  68  76]
  [  0  74  62  72   0  98  99 102  69]
  [  0  86  73  90 114   0  63 100  95]
  [  0 101 114  90  81  69   0  69  70]
  [  0  73  75 102 111 103  65   0  72]
  [  0 104  70  74 112 106  87  99   0]]

 [[  0  82  89  61  64  85  76  60  78]
  [  0   0  73  70  95  79  80  76  91]
  [  0 107   0  66  82  60  80  75  70]
  [  0  67  63   0  81  62 107  86  67]
  [  0  98  99  85   0  97 103 116  68]
  [  0  80 108 100 119   0  64  84 112]
  [  0  62 115  63  65 106   0  63  95]
  [  0 110  92 106  67  85  82   0  78]
  [  0 106  82  66 102 103  83 104   0]]

 [[  0  68  79  86  83  83  60  64  67]
  [  0   0  99  64 105 112  90 114  98]
  [  0 106   0  65 100  71  93 112  90]
  [  0 118 101   0  94  76 104  62 100]
  [  0  87  68  88   0 107  67 100  97]
  [  0  91 119  82  79   0 107  64  61]
  [  0 100  75  88 101 108   0  97 110]
  [  0  97  94  84  83  66  65   0  87]
  [  0  91  72  62 100  91  83 108   0]]

 [[  0  79 114  78 110  90 114  80  94]
  [  0   0 117  91  89  92  66  84  81]
  [  0 117   0 119 107  63  69  86  91]
  [  0  99  68   0  96  93  79  79  63]
  [  0  98  97 101   0  79  92 104  82]
  [  0 106  98  73  90   0 110 104  98]
  [  0  89  81  96 102  81   0 100  85]
  [  0 117  65 107  79 111 114   0  99]
  [  0  98 111  95  97  80  93  72   0]]]
 delivery_times
 [[  0 182 188 191 198 188 197 178 194 176 176 191 194 173 193 181 183 195
  175 174 187 183 173 186 193 193 194 176 198 196 191 184 187 180 199 193
  186 189 187 182 184 188 194 191 179 182 193 182 192 176 173 171 171 188
  170 190 176 183 173 172 173 188 193 178 170 179 171 179 174 188 175 182
  178 191 170 179 180 199 172 184 184 188 193 171 191 172 172 187 193 188
  195 190 178 187 199 182 170 199 199 173 191 188 181 174 198 173 177 199
  176 198 173 185 199 177 177 193 195 174 171 174 182 197 187 193 188 176
  194 186 177 183 189 176 180 182 187 175 187 190 191 180 181 186 185 172
  199 183 177 178 187 180 190 198 176 193 176 193 179 189 178 195 171]
 [  0 196 185 189 195 179 180 178 180 191 178 172 185 198 190 185 185 184
  183 173 184 181 184 184 177 194 190 190 196 181 189 180 179 170 178 176
  178 187 195 188 195 173 183 187 184 199 180 179 196 194 170 194 190 177
  177 178 184 174 188 176 170 178 195 182 192 170 187 171 175 181 170 170
  176 183 194 191 170 195 180 197 195 184 187 173 178 176 180 188 172 174
  191 177 185 185 189 182 184 175 194 192 188 188 172 197 174 183 170 191
  179 192 195 195 187 176 197 185 189 197 184 192 181 170 188 180 195 199
  194 198 179 179 189 195 198 194 197 173 194 180 171 187 176 172 185 187
  196 199 171 196 180 196 198 195 186 195 177 183 194 193 176 176 178]
 [  0 186 193 172 194 198 197 172 193 178 170 180 195 194 196 180 196 179
  195 173 193 176 175 170 196 179 189 198 193 181 172 179 172 188 179 186
  181 186 186 192 173 192 199 188 191 176 182 171 188 185 196 171 173 195
  189 196 186 195 185 178 198 180 174 175 196 198 194 181 173 173 175 177
  189 184 192 192 198 196 195 184 184 191 192 177 197 180 181 176 193 191
  183 171 180 196 185 192 190 196 196 174 195 175 194 182 173 199 177 193
  186 185 196 183 191 191 176 183 181 180 175 176 172 191 170 174 188 186
  175 191 178 189 195 198 198 174 180 190 174 182 170 176 199 178 188 173
  179 172 196 190 185 196 177 189 180 181 182 178 174 197 178 174 196]
 [  0 195 172 192 177 186 172 180 182 180 174 199 182 185 186 174 173 172
  172 184 173 172 199 194 177 184 191 187 172 186 179 174 182 199 195 181
  178 187 184 181 187 191 197 183 198 197 171 187 192 196 174 170 188 188
  180 199 185 191 184 176 183 183 194 183 173 177 170 184 193 172 180 179
  181 176 178 189 186 183 196 199 184 175 180 182 199 172 187 171 196 185
  170 190 188 194 180 177 194 181 172 193 172 178 175 175 192 186 171 173
  173 188 175 187 183 193 171 176 187 194 186 183 182 185 182 197 175 177
  191 196 174 177 194 182 195 175 174 190 179 190 189 186 185 198 181 186
  180 170 174 178 184 198 196 192 185 195 187 191 197 193 199 192 177]
 [  0 179 182 190 181 176 198 185 189 170 181 182 178 188 181 182 197 196
  179 183 198 194 186 181 193 179 175 175 188 192 192 188 195 192 179 198
  184 171 195 199 182 186 191 178 170 190 171 195 199 195 180 195 189 186
  181 198 176 192 171 191 192 179 180 178 196 198 173 181 193 197 170 196
  193 176 181 198 194 194 198 179 198 179 191 188 181 182 184 174 172 193
  198 181 174 192 184 194 199 176 186 190 188 183 185 186 197 181 191 175
  192 196 198 186 189 192 181 170 197 187 177 185 182 192 184 189 184 197
  179 199 197 194 178 199 197 194 181 199 189 177 197 183 183 189 177 173
  176 179 171 196 174 178 180 185 174 181 194 196 197 191 192 181 184]
 [  0 180 176 183 189 191 188 172 199 177 188 174 176 187 181 184 183 179
  186 172 181 173 193 186 182 199 191 199 188 173 182 180 171 176 183 185
  195 184 179 170 184 188 198 199 177 172 178 194 172 181 171 171 172 173
  194 172 198 197 191 195 180 178 186 172 187 195 196 195 170 191 180 185
  175 180 195 196 172 186 187 190 180 178 176 176 180 180 180 186 198 178
  192 170 183 174 172 184 171 184 177 176 181 178 174 197 186 175 171 176
  186 189 186 174 196 179 179 197 173 194 194 178 174 178 174 189 192 172
  176 185 188 196 190 192 182 173 170 179 179 177 190 179 182 183 199 191
  172 188 190 191 181 170 195 187 194 170 190 175 180 198 193 189 173]
 [  0 171 182 195 176 176 190 184 187 175 180 194 178 192 191 190 197 171
  192 199 179 193 183 198 171 171 175 190 178 185 192 176 190 178 185 191
  192 183 186 177 190 185 198 174 175 184 182 180 197 191 190 185 178 189
  176 180 185 197 199 177 179 194 198 173 195 180 176 189 173 176 188 195
  180 191 191 171 186 191 176 190 175 191 199 181 196 174 190 179 179 189
  188 196 177 194 198 199 182 193 181 186 175 182 178 182 178 183 173 184
  199 171 186 189 188 195 173 188 186 190 182 195 175 173 170 171 179 183
  182 187 184 181 183 186 170 170 196 178 193 177 190 186 196 198 177 172
  170 179 184 190 170 177 199 182 179 173 189 178 198 178 186 198 172]
 [  0 182 189 180 188 175 192 178 191 194 196 188 171 170 192 171 173 172
  172 192 199 197 193 199 193 173 185 172 193 189 191 197 186 176 198 181
  197 185 192 192 183 179 184 191 197 183 174 189 198 194 176 187 192 173
  194 179 191 181 181 196 179 188 193 188 197 195 174 195 197 192 179 175
  189 188 184 187 174 194 178 185 180 194 191 199 182 195 172 175 188 192
  175 196 188 198 196 173 173 176 182 173 171 195 177 192 181 175 193 175
  190 177 176 193 171 170 189 183 193 194 192 186 194 191 175 179 174 177
  191 184 174 178 199 185 188 177 198 178 193 184 171 188 199 182 190 184
  199 170 172 198 170 190 191 182 179 186 192 180 188 182 187 177 176]
 [  0 195 178 180 174 184 199 193 196 187 190 183 188 173 188 188 182 179
  173 183 173 184 191 191 185 190 170 187 190 183 175 177 173 172 195 171
  179 199 172 189 172 194 179 175 190 195 173 171 185 191 185 183 195 179
  170 188 199 186 174 179 183 179 196 186 174 172 184 197 172 183 193 182
  199 181 186 178 175 171 172 171 175 181 174 195 171 194 173 194 176 194
  172 187 180 184 199 188 172 178 184 170 197 199 173 173 194 170 190 194
  180 186 176 182 186 198 180 179 198 190 185 184 173 183 188 196 188 170
  190 183 174 186 185 196 177 191 181 179 194 180 197 192 199 185 189 182
  191 185 175 197 177 187 190 182 173 192 176 190 196 171 179 195 190]
 [  0 197 183 190 183 198 185 186 182 187 180 191 178 197 183 181 178 184
  181 182 184 183 182 187 174 189 188 183 198 170 187 198 191 199 193 182
  195 190 192 185 174 182 189 185 180 190 198 185 194 198 189 179 171 184
  184 176 190 178 180 194 170 180 190 186 179 181 172 180 189 191 170 180
  172 176 173 180 192 193 175 180 188 181 177 198 198 184 174 184 188 191
  180 176 183 189 175 180 199 179 186 187 172 195 172 190 178 179 193 177
  191 186 198 194 181 170 179 198 180 181 196 179 187 183 181 190 191 173
  172 195 198 179 186 192 177 193 174 175 187 174 195 192 170 183 172 189
  176 199 174 197 199 180 198 181 170 183 192 173 194 186 175 189 175]
 [  0 178 195 193 183 187 178 197 194 199 193 199 173 171 180 195 177 193
  180 183 176 194 173 195 196 182 178 178 198 172 190 171 184 173 188 181
  183 196 192 173 174 175 176 170 187 194 172 177 196 188 181 188 170 193
  175 190 196 188 177 187 191 185 187 195 193 178 196 180 184 188 173 199
  199 194 193 188 170 197 171 184 194 174 193 188 190 182 185 193 173 185
  177 190 189 179 189 193 179 185 198 181 197 194 182 172 172 188 189 193
  183 196 193 188 176 184 193 181 182 188 187 179 186 195 175 181 170 182
  176 177 176 171 199 189 182 176 174 170 181 176 193 192 186 199 189 176
  182 187 184 189 192 178 193 181 185 174 191 197 192 181 179 177 193]
 [  0 170 191 176 179 187 198 171 192 188 187 195 192 172 184 170 197 193
  170 176 195 184 180 175 187 178 172 174 185 181 189 197 188 178 196 177
  178 171 190 177 179 185 198 185 170 182 181 181 192 199 174 197 175 181
  190 175 198 186 195 176 170 193 186 184 174 175 183 179 173 180 189 189
  175 196 197 198 193 173 196 175 191 172 186 186 178 197 191 176 172 193
  191 171 181 190 195 195 170 173 181 171 188 193 198 188 199 186 184 197
  194 192 172 183 185 187 182 199 190 186 196 193 193 196 198 177 176 190
  196 197 190 190 191 194 186 180 184 194 194 181 191 174 197 176 185 196
  189 183 188 178 193 184 179 184 173 190 172 194 190 181 185 191 174]
 [  0 183 183 174 173 194 182 183 182 181 191 179 180 170 176 198 178 187
  190 172 192 170 186 191 192 192 196 194 197 185 185 191 177 188 188 187
  196 190 192 195 179 178 184 171 197 189 170 194 173 176 177 186 186 193
  188 178 179 177 188 191 194 170 181 199 181 182 181 197 198 179 199 175
  177 184 180 172 199 184 173 197 172 183 178 190 195 192 193 196 188 171
  192 188 190 187 190 184 187 191 181 177 198 196 173 181 198 179 187 197
  194 185 182 174 190 183 181 197 181 179 170 176 173 197 186 189 195 195
  178 186 199 187 177 187 197 193 194 183 171 176 182 193 185 185 193 171
  196 170 186 185 178 182 185 178 187 176 173 179 190 174 172 199 196]
 [  0 190 179 183 177 190 185 183 193 183 196 195 192 170 193 186 192 175
  196 196 180 186 177 185 178 196 171 182 193 187 187 198 179 195 184 172
  183 170 172 183 171 198 171 172 175 195 181 172 170 194 198 172 171 193
  173 180 188 184 183 191 175 177 191 188 177 184 170 198 188 177 197 198
  175 195 175 199 185 194 178 184 177 186 185 172 184 184 177 184 170 172
  189 192 195 199 182 199 182 196 199 170 189 178 182 191 195 175 172 199
  191 184 194 185 192 192 188 171 180 186 193 189 175 185 179 173 178 178
  199 192 199 181 172 177 192 179 197 186 183 176 184 172 189 175 188 195
  199 187 185 194 183 188 193 192 176 185 196 183 194 180 194 194 178]
 [  0 192 180 173 189 198 188 198 176 178 170 176 186 179 191 193 170 183
  172 192 171 182 187 193 180 197 177 180 172 177 196 199 197 175 171 182
  197 174 196 173 192 187 173 188 188 177 186 176 185 186 173 170 175 176
  178 188 171 177 179 177 185 174 198 199 194 197 179 171 175 179 191 197
  182 179 173 199 174 171 180 171 191 180 180 198 188 170 177 175 180 197
  175 178 171 171 174 194 176 181 174 190 188 186 186 183 171 199 177 196
  196 195 194 170 176 191 183 197 179 193 198 172 192 189 196 177 189 181
  177 189 189 190 199 197 184 181 175 180 197 173 189 183 187 176 171 189
  171 185 184 195 178 182 173 175 173 197 188 192 184 178 176 188 180]
 [  0 181 189 170 196 179 172 196 176 178 171 197 182 197 191 179 189 175
  180 177 195 185 185 186 175 177 174 198 174 172 175 190 197 174 191 186
  176 184 174 195 176 170 176 187 194 198 196 181 186 188 171 176 191 189
  178 173 187 194 180 199 171 190 174 176 173 191 193 188 175 198 172 181
  195 189 198 183 181 172 189 197 181 189 177 198 176 199 175 199 193 173
  196 195 170 177 181 181 175 170 198 174 173 176 184 195 183 178 181 176
  170 182 196 181 170 190 193 190 179 196 179 193 194 191 195 171 194 198
  188 170 195 197 195 185 196 188 175 193 173 193 196 171 195 190 195 187
  190 182 182 196 191 176 188 186 193 192 189 171 178 186 184 189 199]
 [  0 185 171 185 189 170 173 180 185 190 182 193 186 185 186 178 172 171
  190 176 192 185 173 176 176 199 183 176 183 197 187 185 197 188 178 188
  195 192 171 197 192 187 187 194 176 197 188 173 193 182 182 192 184 192
  175 170 195 191 192 194 182 196 190 195 192 184 173 183 182 182 191 199
  197 198 189 178 176 176 186 174 195 177 170 191 190 190 174 193 195 184
  174 198 193 182 195 195 181 194 192 178 183 182 176 177 184 194 172 183
  188 189 195 185 198 174 183 192 178 190 180 176 172 199 191 191 173 186
  173 188 176 195 191 188 176 185 174 184 180 187 181 183 170 194 197 177
  194 181 188 180 176 173 192 176 196 194 195 175 199 198 191 171 179]
 [  0 198 178 178 187 180 185 182 173 182 187 172 188 183 177 195 180 179
  172 193 198 186 188 172 184 199 180 184 190 184 181 180 185 182 183 194
  193 199 177 192 179 181 192 177 187 197 178 171 182 176 178 172 191 178
  173 197 189 189 196 183 184 196 182 185 177 197 178 172 174 187 179 173
  172 183 170 186 191 195 175 191 184 182 182 183 181 194 197 193 184 185
  172 181 176 183 184 189 195 194 184 183 188 170 170 193 193 185 185 185
  181 181 198 173 195 199 180 193 179 176 174 194 197 193 193 199 192 170
  179 189 173 172 185 183 172 187 185 174 197 178 198 175 177 175 171 172
  191 185 184 197 196 190 172 172 176 195 176 181 191 185 198 189 188]
 [  0 188 188 187 175 184 174 188 184 196 197 179 182 179 170 193 181 194
  178 187 183 170 193 173 177 193 197 177 177 191 192 178 172 195 181 184
  191 181 193 188 171 172 188 197 198 176 196 175 179 195 180 177 184 183
  194 186 178 194 193 189 188 195 185 177 187 192 182 175 174 186 190 197
  193 187 196 186 199 186 173 183 177 172 193 184 194 197 182 188 198 173
  198 172 179 198 194 191 175 198 182 183 192 195 194 187 183 196 177 193
  171 194 177 174 182 188 174 193 184 179 176 174 194 177 197 194 191 193
  179 188 192 193 198 189 176 191 186 187 187 180 179 175 170 179 180 193
  175 194 196 197 196 182 184 193 176 190 191 177 188 199 182 175 199]
 [  0 177 193 186 186 171 198 194 182 190 195 171 197 183 184 181 193 185
  171 188 191 174 178 192 191 189 193 188 197 185 180 176 181 179 197 198
  182 190 192 185 199 176 178 199 185 193 185 192 175 176 197 199 195 182
  183 197 199 170 181 179 171 173 179 191 186 175 197 174 174 180 181 175
  192 194 189 172 177 174 197 184 192 189 196 185 188 191 194 171 184 174
  196 170 190 195 184 184 173 180 175 174 187 199 183 171 198 177 181 183
  198 184 192 172 173 196 178 180 176 181 189 178 172 172 192 191 179 194
  181 187 182 174 184 175 173 177 188 182 181 188 182 180 183 177 172 195
  199 183 185 178 184 192 185 186 176 170 191 172 186 189 193 180 176]]
 job2fam
 [[1 0 0 0 0 0 0 0 0 0 0 0 0 0 0 0 0 0 0 0 0 0 0 0 0 0 0 0 0 0 0 0 0 0 0 0
  0 0 0 0 0 0 0 0 0 0 0 0 0 0 0 0 0 0 0 0 0 0 0 0 0 0 0 0 0 0 0 0 0 0 0 0
  0 0 0 0 0 0 0 0 0 0 0 0 0 0 0 0 0 0 0 0 0 0 0 0 0 0 0 0 0 0 0 0 0 0 0 0
  0 0 0 0 0 0 0 0 0 0 0 0 0 0 0 0 0 0 0 0 0 0 0 0 0 0 0 0 0 0 0 0 0 0 0 0
  0 0 0 0 0 0 0 0 0 0 0 0 0 0 0 0 0]
 [0 0 0 0 0 0 0 0 0 0 0 0 0 1 0 0 0 0 0 0 0 1 0 1 0 0 0 0 0 1 0 0 0 0 0 0
  0 1 0 1 0 0 0 0 0 0 0 0 0 0 0 0 0 0 0 0 0 0 0 0 0 0 0 0 0 0 0 0 0 0 0 0
  0 0 0 1 0 1 0 0 0 0 0 1 0 0 0 0 0 0 0 0 0 0 0 0 0 0 0 1 1 0 0 0 0 0 1 0
  0 0 0 0 0 0 0 0 0 0 0 0 0 0 0 0 0 0 0 0 0 0 0 1 0 0 0 0 0 0 0 0 0 0 0 0
  0 0 0 0 0 0 1 0 0 0 0 1 0 1 0 0 0]
 [0 0 0 0 0 0 0 0 0 0 1 0 1 0 0 0 0 0 0 0 0 0 1 0 0 0 0 0 1 0 0 0 0 0 0 0
  0 0 0 0 0 0 0 0 0 0 0 0 0 0 0 0 1 0 0 0 1 0 0 0 0 0 0 0 1 1 0 0 0 0 0 1
  0 1 0 0 0 0 0 0 0 0 0 0 0 0 0 0 0 0 0 0 0 0 0 0 0 1 0 0 0 0 0 0 1 0 0 0
  0 0 0 0 0 0 0 0 0 0 1 0 0 0 0 0 0 1 0 0 0 0 0 0 0 0 1 0 0 0 0 1 0 1 0 1
  0 0 0 1 0 0 0 0 0 0 1 0 0 0 0 0 0]
 [0 0 0 0 0 0 1 1 0 0 0 0 0 0 0 0 0 0 1 0 0 0 0 0 1 0 0 0 0 0 0 0 0 0 0 0
  0 0 0 0 0 0 1 0 0 0 1 0 0 0 0 0 0 0 0 1 0 0 0 0 0 0 0 0 0 0 0 1 0 0 0 0
  0 0 0 0 1 0 0 0 0 0 1 0 0 0 0 0 0 0 1 0 0 0 0 0 0 0 0 0 0 0 0 0 0 1 0 0
  0 1 0 0 0 0 0 0 0 0 0 0 0 0 0 1 1 0 0 0 0 0 0 0 1 0 0 0 0 1 0 0 1 0 0 0
  0 1 0 0 0 0 0 0 0 0 0 0 0 0 0 0 0]
 [0 0 0 0 1 0 0 0 0 0 0 0 0 0 0 0 1 1 0 1 0 0 0 0 0 0 0 0 0 0 0 0 0 0 0 0
  1 0 1 0 0 1 0 0 0 0 0 0 0 1 0 1 0 0 0 0 0 0 0 1 0 1 0 0 0 0 0 0 0 0 0 0
  0 0 0 0 0 0 0 0 1 0 0 0 0 0 0 1 0 0 0 0 0 0 0 0 0 0 1 0 0 0 0 0 0 0 0 0
  0 0 1 0 0 0 0 0 0 0 0 0 1 0 0 0 0 0 0 0 1 0 1 0 0 0 0 1 0 0 0 0 0 0 1 0
  0 0 1 0 0 0 0 0 0 0 0 0 0 0 0 0 0]
 [0 0 1 1 0 1 0 0 0 0 0 1 0 0 0 0 0 0 0 0 0 0 0 0 0 1 0 0 0 0 0 0 1 1 0 0
  0 0 0 0 0 0 0 0 1 0 0 1 1 0 1 0 0 0 1 0 0 0 0 0 0 0 0 0 0 0 1 0 1 1 0 0
  0 0 0 0 0 0 0 0 0 0 0 0 1 1 0 0 1 0 0 1 0 0 1 0 0 0 0 0 0 0 0 0 0 0 0 1
  0 0 0 0 0 0 0 1 1 0 0 0 0 1 0 0 0 0 0 0 0 0 0 0 0 1 0 0 1 0 0 0 0 0 0 0
  0 0 0 0 0 0 0 0 0 0 0 0 0 0 0 0 1]
 [0 0 0 0 0 0 0 0 1 1 0 0 0 0 0 0 0 0 0 0 1 0 0 0 0 0 0 0 0 0 0 0 0 0 0 0
  0 0 0 0 0 0 0 0 0 1 0 0 0 0 0 0 0 0 0 0 0 0 0 0 0 0 0 1 0 0 0 0 0 0 0 0
  0 0 0 0 0 0 0 0 0 0 0 0 0 0 1 0 0 0 0 0 1 1 0 1 0 0 0 0 0 0 0 0 0 0 0 0
  0 0 0 0 0 0 0 0 0 0 0 1 0 0 1 0 0 0 0 0 0 1 0 0 0 0 0 0 0 0 1 0 0 0 0 0
  0 0 0 0 1 1 0 1 0 0 0 0 0 0 0 0 0]
 [0 1 0 0 0 0 0 0 0 0 0 0 0 0 0 1 0 0 0 0 0 0 0 0 0 0 1 1 0 0 1 1 0 0 1 1
  0 0 0 0 0 0 0 1 0 0 0 0 0 0 0 0 0 0 0 0 0 0 0 0 1 0 0 0 0 0 0 0 0 0 1 0
  0 0 0 0 0 0 0 1 0 0 0 0 0 0 0 0 0 0 0 0 0 0 0 0 1 0 0 0 0 1 1 1 0 0 0 0
  1 0 0 1 0 1 0 0 0 0 0 0 0 0 0 0 0 0 1 0 0 0 0 0 0 0 0 0 0 0 0 0 0 0 0 0
  1 0 0 0 0 0 0 0 1 1 0 0 1 0 1 1 0]
 [0 0 0 0 0 0 0 0 0 0 0 0 0 0 1 0 0 0 0 0 0 0 0 0 0 0 0 0 0 0 0 0 0 0 0 0
  0 0 0 0 1 0 0 0 0 0 0 0 0 0 0 0 0 1 0 0 0 1 1 0 0 0 1 0 0 0 0 0 0 0 0 0
  1 0 1 0 0 0 1 0 0 1 0 0 0 0 0 0 0 1 0 0 0 0 0 0 0 0 0 0 0 0 0 0 0 0 0 0
  0 0 0 0 1 0 1 0 0 1 0 0 0 0 0 0 0 0 0 1 0 0 0 0 0 0 0 0 0 0 0 0 0 0 0 0
  0 0 0 0 0 0 0 0 0 0 0 0 0 0 0 0 0]]
