params：
 weight-->(1, 10)
 proc_times-->(1, 100)
 setup_times-->(60, 120)
 delivery_times-->(170, 200)
 job_rate-->8

start:
alpha_1
8
 alpha_2
2.0
 mach
20
 job
160
 fam
8
 weigh
 [[0 5 1 3 9 5 9 7 6 4 9 1 3 1 2 3 1 7 2 9 8 6 4 3 8 3 7 1 1 8 6 8 6 3 7 2
  6 5 5 9 2 9 4 8 5 7 5 4 9 6 1 5 2 7 5 6 3 3 2 4 6 3 2 6 9 8 7 5 6 2 5 8
  9 7 7 7 8 5 5 1 6 5 7 9 1 1 7 7 3 4 3 1 3 2 3 5 5 6 5 6 1 6 1 1 7 4 1 3
  8 2 2 8 4 4 5 9 5 3 8 8 3 6 9 8 1 9 6 6 3 6 8 3 5 2 5 7 2 6 7 9 6 2 4 5
  6 5 7 7 5 7 1 2 8 8 2 1 6 1 7 6 6]]
 proc_times
 [[  0  73  13  74   2  89  91  42  23  66  60  82  25  36  44  46  20  75
   47  11   4  93  40  52  13  12  19  55   7  37  89  81  30  33   4  12
   82  88  97  15  70  72  25  70  36  49  87  49  27  80  58  61  95  15
   91  74  66  68  39  31  79   1  76  24  92  38  48  61  64  96  88  19
   87  42  35   8  16  29  47  41   5  41  75  44  85   2  72  64  89  27
   45  82  58  22  65  82  99  92  60  97  42  17  91  98  77  87  76  13
   29  87  94  46  42  72  12  69  97  23  20  62  77  57  36  41  83  50
   62  15  88   8  31  14  39  93   1  92  63  39  99  74  41   6  98  97
   30  70  38  31  52  32  32  13  41  42  18  29  34   9   9  97   2]
 [  0  87  62  45  70   6  99  60  21  70  74  54  80  80  32  32   6  41
   21  31  95  42  32  42   3  47  54  35  11  19  19  89  72  68  68  13
   53  71  27   6  39   6  98  67  48  56  73  94  62  18  29  28  53  46
   83  32  55  41   2  37  43   5  67  56  57  21   9  84  25  65  79  43
   36  66  95  60  19  82  74  75  11  33  41  41  88  44   4  33  45   2
   49  40  64  49  43  34  83  54  94  30  56  71  38  82  26  91  68  30
   74   7  77  19  52  70  58  35  30  79  11  41   3  28  37  32  55   6
   66  99  68  35  96  47  73 100  30  47  33   8  95  47  30  28  79  76
    8  12  91  38  75  12  41  77  85  86  71  94  89  65  87  50  41]
 [  0  16  33  22  86  81  32  14  92  76  15  76   4  55  37  63  39  75
   53  81  72  12  25  41   4  92  51  79  49  99  83  42  39  43  55   4
   95  45  49  19  73  38  16  22  28  57  62  72  39   8  36  80  21  39
   80  50   9  75  18  76   2  15  31  94  26  91  23  24  74  89  85  72
    1  62  24  37  72  44  79  41  69  33  71   6  11  65  60  99   7  85
   11  84  10  20  56   6  58  96  69  47  88  79  49  54  30  31  56  83
   50  20  85  85  29  24  26  91  29  19  66  67  83  60   6  59  53  99
   59  96   9  99  17   8  55  63  43  74  25  50  32  81  49  15  52  36
   96  63  63  35  38  89   1  26  86  54  28  92  57  77  17  65  29]
 [  0  28  25  39  99  14  81  34  26  34  94  42  99  48   7  44  38  37
   77  12  87  72  96   1  66  60  85  50  87  69  42  21  61  92  33  21
   90  15  14  81  92   4  93  59  62   8  98   1   9  87  22  87  75  36
   75  49  80  29  64  43  60  54  47  41  87  94  35  83  10  23  25  99
    2  51  32  17  12  92  54  26  50  16  10   3  12  44  69  19  82  86
   92  10  68  66  35  37  71  94  12  77  69  41  74  33  98  88  52  94
   84  34  54  81  46  17  59  84  10  87  26  72  29  55  48  54  81   1
   25  43  30  38  84  67  34  71  44  18  44   8   8  72  30  26  32  38
   10  27  13  96  92  36  60   9  69  95  19  71  22  37   3   1  18]
 [  0  25  30  32   9   5  62  33  17  24  15  70   3  10  28  55  16  30
   47  60  84  72  61  30  95  96  72  63  57   4  93  40  42  30  39  65
   95  65  36  82  90  24  26  94  34  73  38  26  18  37   8   6  98  58
   92  83  19  78   6   9  50   4  20   4  59  93  90  39   8  41  14   5
   90  21  89   8  62  20  85  49  20  24  34  34  35  72  79   4  77  91
   11  11  41  26  32   8  82  18  95  77   3  27  83  76  63  19  17  63
   12  91  60  45  75  19  67  75  60  39  50   3  89  59  57  72  55  86
   53  62  94  78  91  45  56  89  58  16  95  82  40  32  35  12  93  70
   45  67  27  36  74  78  33  59   5  53  45   8  57  86  26  53  26]
 [  0   9  52  52  96  22   5  55  12  48  26  55  87  40  10  66  25  95
   65  25  92  78  38  17  70  51  34  39  70  44  22  96  58  52  74   7
   55  83  76  79  25  30  68  56  85  29  18  10  19  10  34   6   6  34
    6  11  95   5  85  98  65   9  96  37  97  56   7   1  28  64  72  38
   56  10  22  24  24  66  52  34  75  58  68  46  65   6  93  48  50  41
   44  50  13  63  19  71  91  31  95  37  81  77   4  58  79  14  16  45
   23  66   6  31  69  69  68  41  22  84  21  84  86  80  35  70   5  74
   80  83  76  72   4  36  66  94  50  83  73  65  35   1  94  37  41  27
   15  44  15  33  42  50  46  97  91  71  11  55  23  53  39  65  62]
 [  0  56   9   6  67  78  53  70  38  44  19  94  68  86  99  44  55  63
   71  90  67  50   5   7  60  31  35  53  58  92  15  18  15  86  56  21
   75  46  58  14   5  76  65  13   6  72  34  95  43  24  61  89  90   7
    1  30  36  59  73  28  87  36   1  30  75  35  53  20  20  75  83 100
   96  26  98  63  21  46  56  78  89  59  86  36  62  77  53  84  43  83
   45  91  52  39  92  22  63  89  42  30  93  98  43  65  20  72  32  30
   78  54  14   5  82  37  17  29  67  99  54   2   2  35  77   3  72  83
   60  55  30  74  54  80  52  79  27  87  61  64  70  55  54  81  58  66
   14  76  44  28  82  89  31   7  19  33  54   9 100  74  60  60  59]
 [  0  91  47  56  29   7  27  57  76  52  18   8  43   6  36  44  23  14
   39   6  64   7  20  64  81  74  36  33 100  19  73  25  57  47  65  11
   38  94  78  99 100  39  15  61  64  73  91  17  23  13  10  25  81  10
   85  84  69  84   5  24  90  99  43  68  45  34  79  63   1  32  70  79
   71  93  11  35  39  45  46  53  39  39  88   4  95  67  75  31   1  72
   12  32  87  59   3  98  86  83   5  70 100  70  11  87  99  11  55  33
   80  52  84  33  59  23  83  85  70   2  90  11  16  25  19  24  15  68
   93  28  91  77  42  54  23  92  62  48  71  18   5   1  65  55 100  98
   69  51  35  21  18  70  19  19  11  31  34  97  60  55  49  63  16]
 [  0 100  71  33  65  29   9  25  31  28   9  46  92  29  84  42  53  95
   53  32  60  89   1  85  55  13  86  49  99  73  65  36  26  30  78  55
   95  93  58  13  51  28  22  61   5  65  64  82  37  90  60   2  10  61
   39  78  59  62  89  36  52  18  68  83   6  52  28   6   5  34  98  24
    3  91  73  65  88  96  69  37  28  84  40  44  44  18  33  66   5  23
   45  61  53  57   7   9  10   8  25  44  70  15  52  88  49  13  89  82
   12  95  85  31  25  28  36  18  80  12  34  78  33  37  77  34   8  70
   37  94  99  57  62  72  83   9  27   3  68  67  18  65   3  17  35  53
   58  37  83  66  60  73  47  52  60  58  88  96  68  24  46  34  50]
 [  0  21  92  62  20   9  92  64  91  25  70 100  65  53 100  55  90  93
   45  96  75  79  14  53  54  52  50   8   4  13  20  87  19  69  76  22
   80  23  71  38  21  80  93  77  14  56  60  58  58  34  50  53  99  38
   48  10  79  42  82  61  78  77   3  40  88  69  83  39  68  78  70  12
   44  50  72  84  80  38   4  58  84  63  15  21  24  78  70  53  16  83
   19  77  96  12  79  23  41  18  31  25  93   5  78  76  16  68  72  26
    2  29  56  56   8  93   3   7  28   7  15  75  64  31  15  17  32  94
   16  52  51  91  87  60  26  97  48  81  74  27  93  75  91  42  90  51
   56  19  30  54  54  62  12  96   4  85  89  16  17  49  33  20  92]
 [  0  38  44   1  43  52  18  88  29  26   6  22  10  13  76  90  91  98
   50  61  30  78  90  16  97  95  85  24  12  19  98  23   3   9  25  14
   34  80   8  34  90   4   5  26  69  54   6  30   2   5  70  53  65  90
   35  63  44  37   9  20  55  24  28   6  43  30  58  51  30  62  22  36
   56  56  78  59  10  55   9  20  14  43  52  72  12  11  31  71  97  78
   16  63  78  84  23  39  41  86  99   6  30  18  99  48  30  99   6   9
   11  15  55  43  85  48  85  91  79  28  37   7  81  96  65  71  29  75
   16  14  82  92  50  16   3  87  56  41  78  35  88  28  88  57  36   1
   61  51  85  28  74  11  89  95   6  53  56  21  19  66  33  60  97]
 [  0  86   4  21  26  97  66  52  39  53  48  99  52  92  93  91  54  19
   58  86  49  90  75  91  75   2  64 100  11  66   4  48  45  31  40  22
   83  24  96  79  31  55  29  71  47  36  48  49  32  61   4  17  12  23
   36  34  64  30  55  83  56  27  97  27 100  89  29  13  54  82  59  68
   12  19  92   2  43  44  79  92  12   1  70  88  48  54  44  22  92  56
   22  25  22  23  39  67  63  42   8  81  73  64 100  67  50  14  58  20
   28  20  52  36  18  47  59  53  93  70  61  77  71  23  79   6  88  29
   73  63  46  98  33  42  62  59  39  55  29  85  99  27  51  64  31  27
    4  87   7  77  68  93  49  49  39  78  34  88  24  41  19  69  44]
 [  0  30  79  94  58  93  46  85  64  76  84  62  63  97  33  94  48  49
   64  16  26  50  96  23  83  85  37  45  77  80  18  45  99  31  84   9
   11  63  53  15  36  65  50   8  11  60  41  19  85  36  75  42  64  48
   19  26  67  63  54  73   1  32  61  77  28  34  35  24  70  39  70  96
   40  11   7  89  47  83  59  26  15  38  16  13  33  30  68  89  14  50
   59  64  32  79  59  10  52  95  42  74  59  54  21  38  29  78  25  13
   41  36  47  18  70  83  54  61  29  42  90  31  50  64  99  45  13  52
   17   2  45  91  96   8  30  10  72  82  46  34  28   2  40   3  37  37
   62  36  94   5  91  43  81  82  54  38  32  32  54  36  45  29  72]
 [  0  28  47  54  95  57  10  25  74  73  80  74  41   4   2  64  40  86
   57  11  36  83   1  50  38  78  63  59  60  16  31  60  27  41  18  25
   98  17  42  54  16  70  88  79  26  47  20   9  51  24  32   8  60  16
   40  18  63  25  71  95  48  27  65  77   2  91  70  85  51  69  75  77
   29  10  81  22  22  57  59  80  48  81  36  45  58  24   2  85  18  49
   97  20  65  30   2  36  26  90  62  17  11  26   2  89  43  85  49  10
   90   6  57   4  23  95  41  27  29  97  76  35  42  95  98  13  11  22
   69  70  64  14  79  67  25  14  24  14  78  59  79  71  21  30  54  73
   27  41  56  46  36   2  82  28  43  71  72  43  39  44  50  39  45]
 [  0  53  23  36  76  19  37  86   6  75  91  37  45  54  68  62  47  26
   98  30  44  95  87  96   5  73  12  58  13  67  83  39  77   3  94  75
   14  19  79  14   1  73  85  24  26   8  32  80  55   3  43  33  76  50
   13  61  30  60  17  51   9  72  73  32   3  48  54  15  66  90  44  62
   92  36   3  47  56  16  46  69  55  78  98  38   1  34  97  57  66  72
   50  38  20  22  95  61  46  55  27  76  94  41  15  63  52  58  97  41
   31  25  97  36  83  74   5  30  80  81  33  46   2  22  16  30   3  67
   13  65  52  81  36   1  40  11  17  92  73  62  11 100  66  42   8  71
   51  31  79  55  52  52  78  20  31  52  79  44  45  39  70  80  72]
 [  0  72  19   5  21  74  84   6  27   6  98  25  58  70  44  76  10  26
   45  70  41  14  44   4  58  82  52  52  78 100  36  65   2  20  96  22
   76   5  60  49  73  34  45  54  38  87  40  86  53  20  59  73  10  91
    5   3  72  24  39  76  21  22  95  26  83  70  70  85  77  94  69  81
   10  17  13  27  59  83  69  49  67  90   2  43  54  82  38   9  16  42
   17  85  18  82  41  22  52  80  99  20  88  14  19  88  93  11  33  26
   48  25  97  39  58  51  52  52  90  94  87   9  62  95  23   6  28  81
   74  87  66  63  11  59  49  42  21  52  68  85  30  30  22   4  84  83
   65  96  83  21  23  78  35  96  10   1  36 100  51  14   4 100  53]
 [  0  76  70  29   7  23  28  50  49  50  68   8  77  39  58  76  69   2
   25  98  59  10  22  13  23  45  34   6  63   5  67  11  76  36  80  95
   87  87  72  64  42  16   4  54   4  28  84  67  27  60  18  53  41  84
   16   1   3  12  69  86  79  55  11  88  29  27  40  14  90  85  90  44
   92  35  88  36  23  25  39  21  14  53  55  86   1   6  22  68  27   7
   18  50  47  15  93  92  73  93  93  97  81  71  93  73  56  84  39  65
   73  13  22  12  14  23  85  61   7  71  76  44  29  46  83  82  59  70
   20  18  31  23  23   4  77  99  15  64  35  71  74  97  37  94  63  69
   23  92  93  41  89  30  26  26  47  87  88  32  15  78  63   8  97]
 [  0   9  43  86  65  68  79  43   8  70  88  13  64  83  53  48  87  17
   79  71 100  68  40  53   6  16  11  20  79  96  59  31  17   7  77  12
   69  93  50  18  35  88  65  57  62  27  37  86  35  10  14  98   5  79
   52  75  32  56  92  48  33  89  75  95  36  85  13  72  87  28  35  98
   25  71  87   6  20  12  64  82  77   9  88  48   4  17  50   1  65  22
   97  84   6  11  72  30  47  39  61  71   7  31  11   5  93  71  71   9
   10  77  72  98  27  80  81  67  26  71  94  40  97  84  30  52  83  88
   63  69  26  18  93  59  65  69   1  39  43  44  63  87  77  87  32  84
   17  58   6  93  26  79  96  85  55  74  90  70  95  54  16  60  85]
 [  0  34  34  82  31  47  84  74  36  72  72  70  82  43  75  47  10  11
   44  34  61   5  69  46  38  81  87  71  13  47  61  18  89  78  75  65
   53   2   1  44  23  13  81  44  48  90  80  69  79  49  98  98  99  32
   29  55  62  71  19  94  58  32  99   3  69  30  83  13  71  91  65  27
   54   9  50  26   7  70   4  29   7  29  39   7   8  49  16  50  10  54
   16  96  75  28  96  41  42  49  79 100  11  36  35  87  73  10  55   2
   90  66  79  98  68  39  56  67  56  47  51  42  10  73  30  88  57  59
    9  28  55  70  62  22   7  49  86  37  74  25  21  11  82  99  18  14
   17  44  67  19  79  48  53  96  47  74  63  46  65  28  89  67  25]
 [  0  45  92  57  36  89  56  97  17  49   5  14  76  53  24  39  15   8
   16  13  52   3  52  26  92  64  35  86  93  20  22  75  41  27  63  18
    6  37  71  39  64  74  48  42  71  77  74  12  60  15  97  51   4  46
    9   8  71  40  45  34  51   5   7  69  73   2  28   9   7  53  43  34
    4  30  38  88  26  99  95  48  61  48  93  40  65  92  12  82  64  61
   45  59  40   1   2 100  17  36  46  89  32  21  86  83  11  57  33  39
   86  84  48  56  49  67  46  77  85  89  48  57  11  77  78  87  35  72
    8  85  41  32  84  67  39  15  15  26  86  84  64  57  45   2  22  79
   94  96  49  38  90  82  69  16  81  51  18  56  14  87  33  10  31]]
 setup_times
 [[[  0  72 115 102 105 104 103  86  76]
  [  0   0  86 119  94 117  84 106  77]
  [  0 108   0  77  65 116  67 105  75]
  [  0  85  96   0  98 118 115  62  63]
  [  0  72 110 107   0  97  88 111 101]
  [  0  96 105  65  96   0 114  84  94]
  [  0  78  67  79 110 117   0  62  60]
  [  0 116  82  81  70 113 115   0  99]
  [  0 118  83  95  93  84 115 101   0]]

 [[  0  82  81 102  99 105  74  72  86]
  [  0   0 100 105 118 119  87  84  60]
  [  0  71   0  66 111  87  77  89  84]
  [  0 115 116   0  62 110  90  75 106]
  [  0 100  63  93   0 101  70 100 117]
  [  0  87 110 117 117   0  91  71 106]
  [  0  75  90  71  94 117   0 115  65]
  [  0 106  84  92  81 118  92   0  65]
  [  0  68 109  76  89  62  84  81   0]]

 [[  0 102  86  73  84 110  66  95 106]
  [  0   0  81 103 101  81 115  96 117]
  [  0  67   0  93 101  88 102  84  73]
  [  0  64  69   0  70  78 118 114  72]
  [  0  79  92 112   0 118 113  87  84]
  [  0  99 111  66 102   0  92 112  81]
  [  0  89 112  65 108  97   0 108  74]
  [  0  76  91 119  90  89  66   0  72]
  [  0 115 111 104  77 107  87  73   0]]

 [[  0  81  81  81  75 118  73  72  96]
  [  0   0  66 113 105  76 111  65  63]
  [  0 118   0  60  83  60  82  78 110]
  [  0  76  65   0 110  81  82 113  92]
  [  0 117  71  80   0 106 102  65  90]
  [  0  89  67  95 105   0 112  62  91]
  [  0  65 115  62  75 118   0  63  83]
  [  0  61  75  86  87  74  76   0  79]
  [  0  86  69 104 102  67 104  94   0]]

 [[  0  63  86  72  82 100 111  80  65]
  [  0   0  71 113 101  77  91 114  98]
  [  0 103   0 119  78  79  98  67  75]
  [  0 100  66   0  89  73 108  97  92]
  [  0  80  84  60   0  66 115 114  67]
  [  0  92  92  92 119   0  70 114  67]
  [  0 108 102 104  61 106   0 107  69]
  [  0  98  82  69 110 117 112   0  81]
  [  0  98  68  70 111  77 110 101   0]]

 [[  0 118  66  97 100 113  62 102  89]
  [  0   0  70  72  82  73  87  83  66]
  [  0  93   0 115  70  61  81 115  77]
  [  0  97  87   0  95  76 109  98  89]
  [  0 115  83  67   0 100  86  81 117]
  [  0  74  68 109  97   0  60 104  95]
  [  0 106 110  89 111  65   0  66  93]
  [  0  92 105  88  79  82  65   0 109]
  [  0  82  85 108  82 116 110  90   0]]

 [[  0  75 117  76  97  81  60  84  99]
  [  0   0  67 113  77  95  97 118 101]
  [  0  81   0  78  92  68 109  75  98]
  [  0 118  95   0  94  95  68  97  82]
  [  0  62  84  85   0  89  76  64 119]
  [  0 118  81  81  75   0  67  90  64]
  [  0  64 105 107  83  65   0  80  93]
  [  0 112  75  89  74 105 102   0  75]
  [  0  87  62  63 116 109  94  79   0]]

 [[  0 102  81  71 115  82  94  82 119]
  [  0   0  71 101 116 118  96 118  99]
  [  0  97   0 104  83  70  76  66 114]
  [  0  85  68   0 110 109  75  97  64]
  [  0  78 116  80   0  73  70 113  75]
  [  0 100  62  99  88   0  96  78 117]
  [  0  67 113  82 116  78   0  68  99]
  [  0 113  87  86  75  76 104   0  67]
  [  0  79 106  79  83  90  73  65   0]]

 [[  0  89  89  86  91 106 114  71  97]
  [  0   0  85  62 114  80 102  89  96]
  [  0  78   0  77  74  97  90 107 105]
  [  0 117  86   0  91 104 111  62 104]
  [  0  85  79  99   0  86  62 115  97]
  [  0  87  97  88 118   0  94  97  90]
  [  0  94  61  70  77  75   0 114 114]
  [  0 103  87 110  73  76 106   0 102]
  [  0  84  67  81  67  61  74  87   0]]

 [[  0  61  60 110  63  81  66 116 115]
  [  0   0  94  80 101  86  67  84  87]
  [  0 104   0  73  62 110 103  62 101]
  [  0  89 115   0 105 100  85  67  68]
  [  0  65  75 101   0 109  98  74 113]
  [  0  67 118  88 109   0  69 100  78]
  [  0 106  79  68 106 115   0  83  80]
  [  0 105  95  66  76  95  89   0 110]
  [  0 111  77 119  97  65  68 115   0]]

 [[  0  96  62  97  84  65  80  99  86]
  [  0   0  74 117  99  73 104  77  75]
  [  0  68   0  68  87  94  95  82 112]
  [  0  97  94   0 103  75  79  83  76]
  [  0  88 108 109   0  60  71 118 113]
  [  0 100  62 102  66   0 103  77  75]
  [  0  63  60  81 109 111   0  99  96]
  [  0  95 118  70  96 108  82   0  71]
  [  0  93  65  76 100 108  66  72   0]]

 [[  0 108  86  71  87  82  92  82  96]
  [  0   0  84  82 112  83  84  89  74]
  [  0  70   0 106  91 103  61  79 103]
  [  0  84  76   0  63  68  69  64 105]
  [  0  62  80  88   0  73 117  90 102]
  [  0 111 106  72  93   0  99  66  78]
  [  0  80  79  97  77 101   0  92 114]
  [  0 101 110  90 116  71  99   0 101]
  [  0  70  86 112  78 119  97  67   0]]

 [[  0  86  68  65  60  78  67 110 107]
  [  0   0  82 108  79  83  83  66  85]
  [  0  99   0 100  88  97  62 112  62]
  [  0  66 110   0 117  85  77  90  61]
  [  0  71 112  82   0 106  62  89  64]
  [  0 115  74 101 114   0  76  84 119]
  [  0  86 118 111  73  72   0  94 112]
  [  0  81  71  68  66  69 105   0 117]
  [  0  98  94  73  77  77  87  70   0]]

 [[  0 101 119 103  92  86  90  91 114]
  [  0   0  70 107  70 106 116  85  89]
  [  0 107   0  98  67  64  74  96  85]
  [  0  73  70   0  98  86 108 105  89]
  [  0 102 102 111   0  99  74  61  87]
  [  0  90  73 105 117   0  83 105  76]
  [  0  67  95 105  77 117   0 116  71]
  [  0  70 119  72  95 116  75   0  76]
  [  0  91 103  81  77  88 104 117   0]]

 [[  0  68  93  93  85 116 102 113 112]
  [  0   0  80  88  79 100  63  99 118]
  [  0  84   0 119  99  89  84  61  85]
  [  0 104  65   0  61 102 108  92  86]
  [  0  71  74  78   0 110 115 113 106]
  [  0  84  90  95 101   0  62 118  68]
  [  0 104 118 113  88 115   0  79  79]
  [  0  72  71 115  67  70  62   0  64]
  [  0 116 102  90 104  83 118 108   0]]

 [[  0 117 109  96 108  82  68 110  81]
  [  0   0  65  72 115  82  91 100 115]
  [  0  96   0  76  79 100 105  89  99]
  [  0  91 106   0  79 104  99  61  98]
  [  0  90 113  86   0  96  64  82  93]
  [  0  97  91  79  83   0  95 108  99]
  [  0  82  96  63 102 102   0  82  73]
  [  0 103 102  90  68  99  90   0  69]
  [  0 106  71  98  63  91 119 107   0]]

 [[  0  80 104  99 119  77  71  64  94]
  [  0   0  64  74 111 105 111  98  85]
  [  0  77   0  70 102  85  79  88 102]
  [  0 100 108   0  82 116  98  93  86]
  [  0 115  79  94   0  66  86  60  83]
  [  0 111  84  98  78   0  84 107 118]
  [  0  74 117  73  68 109   0  89  96]
  [  0  71  61  93  90  72 113   0 110]
  [  0  89  87  97 100  97 105  95   0]]

 [[  0 108  60  95  85  81  94  90  82]
  [  0   0 104 101 112  97  97 119 114]
  [  0  77   0 117 119  96  85  65 110]
  [  0  86 114   0  99  96  94  63  70]
  [  0 110  86  81   0  74 110  83  69]
  [  0  60 102  74  89   0 118  92  71]
  [  0 112  85  98 108  70   0  75 104]
  [  0  98  95  87  89  83  95   0 103]
  [  0  73  73  64  71  80 103  68   0]]

 [[  0 100 109 118 116  78 107 116 100]
  [  0   0 104  60  76  84  67 111  82]
  [  0  62   0  71  77 112  79  85  90]
  [  0  73 106   0  78 109 100 104  77]
  [  0  85  87  78   0 108  72 100  70]
  [  0 105  85 109 103   0  84 117  79]
  [  0  63  78 107  80  95   0  97  98]
  [  0 115  87  62  70  98  66   0  62]
  [  0  76  89  72 108  84  73 105   0]]

 [[  0  97  70  91  63  77 100  72  64]
  [  0   0 101 112  83  91  80  86 101]
  [  0  90   0  74 118 106 117  75  98]
  [  0  98  84   0 117  73  70  66 105]
  [  0  95  72  94   0  86 108 100  66]
  [  0  93  89 102  97   0  94  96 101]
  [  0 104  60  82  99  76   0  90 116]
  [  0  67 118  66  85 100  77   0  91]
  [  0  86 113 113  84 107  79 107   0]]]
 delivery_times
 [[  0 170 182 189 193 181 199 170 180 171 178 172 186 187 175 173 197 195
  194 173 195 183 197 181 186 179 180 186 189 192 174 191 171 189 175 191
  184 177 186 186 198 197 185 199 199 173 181 199 193 177 198 181 193 179
  191 185 199 186 188 172 170 193 186 189 191 171 186 181 174 195 174 191
  172 185 195 199 184 176 178 177 180 172 173 191 182 181 192 196 199 177
  188 197 179 194 184 172 199 182 180 184 178 182 170 191 177 196 188 195
  179 171 198 176 182 184 196 195 197 197 196 170 193 190 191 194 170 181
  197 170 188 198 175 197 190 177 183 181 184 185 199 193 180 176 190 195
  196 195 195 199 170 191 199 182 185 178 194 198 186 189 178 185 195]
 [  0 181 191 176 183 170 185 182 174 189 188 191 178 196 177 184 189 192
  187 188 197 170 180 189 173 193 196 182 180 172 184 182 184 188 172 196
  181 187 190 194 177 185 190 197 195 172 177 189 175 186 187 170 171 193
  191 190 190 175 175 192 196 172 182 182 197 181 183 198 173 197 198 193
  170 185 190 187 180 188 193 187 181 190 189 190 194 195 172 174 188 181
  189 187 171 171 180 173 194 188 192 187 178 196 172 193 196 190 170 182
  171 174 173 183 173 182 170 179 180 198 186 192 191 189 182 189 185 187
  195 191 171 171 180 186 189 170 190 194 187 184 187 172 186 181 188 176
  176 180 185 172 170 196 181 171 193 182 189 195 191 193 194 197 186]
 [  0 170 197 188 191 197 179 185 180 183 182 191 190 181 193 183 182 184
  188 183 172 192 192 185 189 175 175 178 184 176 181 187 190 173 180 183
  173 171 175 190 186 199 193 182 175 174 198 176 189 185 199 176 199 197
  194 193 199 190 193 188 196 180 176 182 181 187 188 179 193 172 188 196
  182 197 174 194 188 198 192 174 175 188 179 184 188 170 199 189 177 188
  194 178 181 182 190 192 175 179 185 193 175 189 170 192 171 193 197 177
  196 172 178 192 195 183 174 193 189 172 176 188 185 187 199 176 171 181
  188 197 190 192 179 199 197 174 185 197 190 175 176 186 191 189 173 199
  174 189 195 182 184 182 182 193 191 179 193 191 186 177 176 176 199]
 [  0 198 177 180 177 180 192 184 187 193 186 199 192 187 174 187 177 181
  184 198 191 170 184 173 198 181 195 182 183 190 175 176 175 185 170 175
  172 172 181 178 186 172 190 173 188 198 186 188 194 198 195 177 182 177
  194 188 186 194 173 180 198 180 196 175 190 177 199 199 171 170 187 178
  174 183 188 170 179 185 180 177 180 195 185 177 174 190 188 195 198 172
  171 179 183 180 175 186 184 172 186 199 196 182 176 199 194 191 192 198
  178 176 177 186 171 180 181 185 187 183 179 180 188 176 188 170 184 195
  178 184 177 190 193 190 182 191 179 187 198 173 177 191 180 191 171 178
  186 181 199 176 181 196 170 175 183 173 192 175 195 185 197 178 175]
 [  0 183 199 182 172 193 189 192 192 177 185 195 199 176 180 191 192 185
  171 183 186 189 174 174 170 199 170 171 179 198 171 182 180 189 189 175
  187 179 171 176 173 196 187 182 181 171 198 192 183 188 197 184 179 191
  185 186 174 182 190 185 191 184 189 177 195 173 177 174 186 196 174 199
  199 196 178 171 182 183 185 178 183 172 192 185 175 185 186 190 174 196
  187 197 186 188 173 187 185 190 193 175 186 199 192 172 183 178 173 175
  191 198 175 199 193 183 175 182 181 192 185 182 171 188 171 182 184 186
  189 187 194 198 191 193 170 190 178 181 196 172 187 185 182 198 197 186
  176 173 189 197 182 181 171 183 194 177 194 188 170 195 175 194 199]
 [  0 175 189 194 198 194 199 192 179 199 171 194 177 173 174 191 190 197
  195 181 190 186 175 171 183 190 197 178 187 171 174 191 181 176 179 186
  184 172 185 192 198 188 181 197 196 198 187 188 198 188 184 189 193 172
  198 187 199 198 191 184 198 190 178 180 188 189 181 194 186 179 186 180
  180 181 181 193 172 195 190 188 172 197 179 199 190 197 176 194 192 178
  184 191 177 172 174 178 178 191 199 178 181 170 186 187 194 174 199 189
  197 199 186 191 191 188 178 187 172 188 183 194 191 177 193 179 170 184
  174 177 179 188 192 195 173 172 195 171 185 170 175 176 193 185 189 188
  194 184 177 196 185 184 198 188 196 173 186 189 195 192 198 181 189]
 [  0 195 186 178 183 194 173 190 196 198 171 178 186 197 177 193 184 188
  186 190 177 199 199 192 186 184 198 183 190 180 189 192 194 172 191 179
  177 181 181 191 184 179 193 172 179 191 178 197 170 198 195 184 185 192
  182 182 179 170 180 196 185 173 194 172 173 195 182 178 189 185 192 191
  178 174 184 175 196 185 180 193 191 191 189 181 179 195 194 195 193 183
  191 195 171 192 179 175 191 190 170 170 174 187 188 180 174 179 173 180
  172 199 183 188 197 170 191 173 187 175 194 171 188 193 195 186 171 184
  177 194 181 199 172 194 199 187 193 185 185 173 189 199 194 172 193 185
  179 172 197 196 194 174 173 185 180 177 187 174 178 195 198 189 182]
 [  0 193 194 181 182 173 187 175 194 175 191 194 178 182 191 176 170 173
  175 185 194 177 184 199 182 188 177 174 180 190 184 195 173 196 195 194
  192 186 177 191 173 189 187 170 182 186 174 189 189 177 172 171 170 177
  178 180 173 187 197 184 189 174 171 182 193 170 175 191 192 194 185 192
  180 185 187 186 172 184 192 177 185 180 183 188 180 190 196 179 176 193
  187 175 195 178 183 175 195 174 184 192 186 181 195 198 199 181 196 195
  191 177 185 195 184 178 177 194 192 170 172 187 199 179 170 197 197 195
  184 192 172 175 197 176 182 179 184 198 194 190 175 180 196 178 180 186
  191 199 196 193 181 187 184 199 185 194 196 179 181 173 192 180 181]
 [  0 185 195 198 194 196 192 180 184 183 171 195 183 191 197 170 172 185
  179 178 182 193 197 182 175 185 181 191 190 190 194 196 180 175 192 196
  186 196 184 185 179 182 184 191 199 174 186 174 171 182 171 183 198 179
  191 174 191 181 190 181 180 177 199 186 183 184 184 198 185 173 198 187
  193 174 190 192 178 192 170 172 197 195 196 184 197 194 176 185 186 185
  191 186 171 180 186 175 197 174 178 183 172 191 188 185 199 188 180 188
  185 177 194 172 185 199 185 175 199 180 193 171 189 194 181 171 181 189
  185 188 192 177 190 173 172 184 190 197 184 170 191 186 175 194 179 198
  172 192 182 187 179 187 197 172 180 171 174 190 196 181 178 196 171]
 [  0 180 177 187 175 175 197 172 191 184 170 180 175 197 171 185 199 185
  178 193 171 173 181 197 198 194 180 180 182 172 182 176 174 180 199 170
  181 196 195 174 172 176 180 186 177 182 178 193 198 198 187 174 172 192
  180 198 189 191 193 172 181 171 193 194 193 192 193 188 180 196 186 177
  172 196 185 187 184 189 179 179 198 194 185 196 174 199 195 190 197 195
  189 190 192 197 170 182 196 184 174 176 186 197 174 194 199 180 188 174
  170 182 174 190 180 195 186 195 171 183 175 194 186 190 188 184 191 191
  170 197 199 190 171 170 182 172 178 192 175 173 186 194 199 179 186 186
  195 174 189 195 187 172 175 197 193 186 199 199 183 199 194 182 176]
 [  0 199 171 170 194 194 188 172 181 178 186 170 172 190 186 185 189 173
  178 190 182 191 191 172 189 192 192 178 185 180 199 184 190 177 175 198
  176 197 197 189 172 170 192 178 180 183 194 194 188 192 194 187 179 180
  171 171 191 184 195 181 173 175 180 192 180 194 177 199 185 189 170 185
  170 199 191 182 188 188 174 190 187 179 199 185 189 171 189 194 197 177
  190 179 179 199 194 183 190 198 192 173 171 175 175 185 194 199 175 170
  191 170 188 189 185 198 178 197 171 196 182 179 182 184 179 192 179 183
  183 182 176 184 197 173 198 177 195 178 192 184 195 198 193 175 190 191
  193 180 191 192 198 192 192 186 172 170 180 188 181 182 178 191 175]
 [  0 194 173 188 172 199 178 193 190 194 196 197 185 174 195 195 177 184
  184 194 192 196 185 193 186 175 184 174 180 170 173 182 198 194 175 171
  186 172 189 178 173 177 178 183 170 175 193 183 184 195 192 199 173 175
  174 191 179 195 177 176 195 179 174 180 195 177 194 195 180 193 188 188
  173 171 179 179 194 181 196 199 180 190 194 176 172 178 185 187 191 174
  186 186 182 193 195 177 188 188 198 181 188 199 190 196 170 188 191 175
  177 175 189 198 180 192 193 188 185 176 185 191 174 184 170 177 187 189
  183 180 193 197 182 186 190 183 189 180 180 193 199 178 174 183 194 178
  189 198 189 178 173 193 188 183 182 190 175 186 189 176 174 176 198]
 [  0 189 176 190 181 186 179 180 189 172 196 177 191 198 177 184 180 184
  184 178 171 172 193 178 187 192 184 177 170 198 188 173 190 176 195 194
  175 175 175 179 190 199 185 187 197 186 191 183 184 188 195 174 186 197
  178 184 173 184 192 185 186 187 196 185 193 175 170 198 182 178 170 194
  180 186 179 188 198 173 171 191 171 176 175 191 198 177 177 170 175 180
  189 177 176 172 173 175 197 192 194 170 176 185 197 195 179 194 193 187
  171 172 182 188 196 174 174 183 184 198 176 197 194 174 170 171 191 183
  176 184 173 193 187 176 192 185 186 193 195 173 176 199 188 192 199 199
  191 176 179 184 180 175 181 173 189 173 194 186 190 184 189 182 190]
 [  0 198 180 173 173 195 193 175 195 185 176 188 178 185 190 184 188 199
  186 195 186 180 183 180 178 194 179 194 184 178 174 170 185 185 190 175
  194 178 180 192 198 192 184 194 190 174 190 172 182 183 185 179 195 187
  174 176 176 188 170 197 174 193 178 175 194 185 193 190 176 199 194 176
  179 191 171 191 182 171 198 179 199 199 186 188 198 173 197 188 175 179
  171 187 177 192 194 198 197 178 191 198 193 198 191 172 193 194 180 195
  191 182 188 181 176 172 176 188 180 176 184 180 199 187 177 191 194 172
  193 171 179 191 185 181 181 190 198 197 174 190 196 171 174 183 175 173
  186 190 199 181 179 182 170 175 192 198 194 187 186 194 194 174 187]
 [  0 183 177 174 190 177 176 181 184 170 199 186 190 177 190 178 196 184
  193 174 184 198 195 190 180 196 173 181 198 172 182 179 190 190 193 188
  192 184 198 182 180 195 190 198 172 177 186 186 195 193 171 176 184 184
  189 189 197 188 196 172 192 193 189 186 182 188 190 171 187 176 189 182
  170 187 191 190 185 197 181 195 198 186 188 178 170 192 187 175 188 196
  188 192 190 179 192 181 186 181 183 179 198 191 178 191 176 189 194 183
  195 176 175 170 198 172 174 195 196 179 191 181 199 171 180 173 193 193
  194 193 182 198 183 188 181 188 196 196 199 187 173 173 198 174 187 189
  189 185 177 178 191 189 179 170 183 182 186 175 176 193 175 193 198]
 [  0 171 176 199 174 170 177 189 188 178 174 173 194 197 183 173 173 170
  180 175 190 196 192 170 199 178 198 190 188 172 188 174 188 174 183 189
  181 175 183 188 188 175 194 178 180 171 193 190 182 172 173 173 182 188
  186 184 199 199 173 172 194 174 197 193 190 180 183 198 185 194 178 174
  174 175 176 180 174 194 190 174 199 186 176 196 192 199 174 197 171 185
  181 193 182 171 197 195 181 193 189 195 172 193 189 178 174 185 198 180
  199 191 190 194 170 182 191 194 190 182 184 179 177 179 171 176 188 199
  188 179 178 199 199 184 199 172 178 185 197 171 182 184 175 191 180 183
  188 171 178 189 176 171 172 198 171 171 174 170 177 176 192 193 179]
 [  0 198 171 198 175 178 179 170 194 194 197 186 196 196 173 193 196 177
  183 178 199 178 176 188 185 192 182 199 192 183 181 191 179 196 188 184
  178 188 191 171 170 176 196 172 189 170 188 179 174 183 171 170 185 195
  177 188 187 185 190 189 182 193 175 193 174 188 198 193 187 194 193 175
  180 172 178 180 198 172 171 197 176 178 177 192 194 170 177 180 180 193
  180 187 185 198 182 175 171 170 187 178 175 190 186 193 192 178 170 178
  179 191 196 185 181 195 193 194 178 181 173 183 184 196 175 190 170 184
  189 196 183 179 184 176 194 181 192 179 181 184 195 187 181 189 178 171
  179 176 194 195 185 194 177 193 193 177 179 193 185 185 187 197 193]
 [  0 181 179 185 178 194 192 177 192 184 193 193 177 183 195 190 189 181
  176 177 192 190 171 189 192 188 177 180 195 171 185 170 176 178 174 175
  186 177 199 187 195 180 187 174 185 174 187 182 198 175 172 185 177 170
  192 170 190 183 182 185 173 185 172 185 195 178 172 178 181 175 194 180
  177 181 198 187 180 180 182 177 187 197 197 197 184 186 178 196 185 179
  183 185 171 177 182 170 196 193 196 184 171 188 174 181 184 179 197 186
  183 196 170 177 183 184 178 191 174 174 177 199 190 179 170 183 179 188
  177 173 199 182 184 189 195 172 173 179 189 176 198 193 178 195 189 171
  174 185 172 186 195 195 183 171 188 176 171 181 191 175 176 170 170]
 [  0 178 183 190 189 184 191 184 173 195 173 176 198 191 172 183 180 171
  191 175 193 182 173 175 193 181 192 177 171 189 192 191 189 181 181 186
  171 171 183 186 172 184 175 195 185 181 175 198 190 191 178 186 181 170
  180 194 180 178 180 187 192 190 192 187 191 187 194 180 199 190 189 186
  172 186 188 172 199 172 184 188 179 184 190 173 191 186 172 196 186 179
  171 189 193 189 191 194 176 174 187 189 198 183 174 194 198 189 192 186
  196 179 188 198 172 198 172 186 173 172 172 179 189 190 181 172 196 180
  199 180 176 190 192 193 178 178 171 181 185 174 190 183 189 172 181 195
  187 178 171 195 196 184 173 187 192 170 187 194 183 174 199 187 175]
 [  0 179 170 198 199 192 193 180 185 186 176 197 171 171 192 178 176 182
  182 192 170 195 173 186 193 198 191 188 194 193 189 195 195 176 173 197
  198 194 186 171 177 197 182 171 182 184 185 190 194 179 173 181 182 178
  199 198 190 182 174 180 188 172 197 174 180 170 173 179 172 185 185 187
  195 188 173 195 179 196 176 196 184 196 177 183 182 194 174 173 198 195
  174 180 187 180 191 184 176 174 177 184 183 179 189 197 194 175 185 195
  178 189 171 181 173 196 170 180 196 185 178 198 173 192 172 198 171 187
  196 185 171 196 182 199 197 175 191 181 196 194 183 170 173 187 179 193
  193 171 172 194 193 196 181 192 171 198 195 175 176 174 179 179 171]]
 job2fam
 [[1 0 0 0 0 0 0 0 0 0 0 0 0 0 0 0 0 0 0 0 0 0 0 0 0 0 0 0 0 0 0 0 0 0 0 0
  0 0 0 0 0 0 0 0 0 0 0 0 0 0 0 0 0 0 0 0 0 0 0 0 0 0 0 0 0 0 0 0 0 0 0 0
  0 0 0 0 0 0 0 0 0 0 0 0 0 0 0 0 0 0 0 0 0 0 0 0 0 0 0 0 0 0 0 0 0 0 0 0
  0 0 0 0 0 0 0 0 0 0 0 0 0 0 0 0 0 0 0 0 0 0 0 0 0 0 0 0 0 0 0 0 0 0 0 0
  0 0 0 0 0 0 0 0 0 0 0 0 0 0 0 0 0]
 [0 0 0 0 0 0 0 0 0 0 0 0 0 1 0 0 0 0 0 0 0 1 0 1 0 0 0 0 0 1 0 0 0 0 0 0
  0 1 0 1 0 0 0 0 0 0 0 0 0 0 0 0 0 0 0 0 0 0 0 0 0 0 0 0 0 0 0 0 0 0 0 0
  0 0 0 1 0 1 0 0 0 0 0 1 0 0 0 0 0 0 0 0 0 0 0 0 0 0 0 1 1 0 0 0 0 0 1 0
  0 0 0 0 0 0 0 0 0 0 0 0 0 0 0 0 0 0 0 0 0 0 0 1 0 0 0 0 0 0 0 0 0 0 0 0
  0 0 0 0 0 0 1 0 0 0 0 1 0 1 0 0 0]
 [0 0 0 0 0 0 0 0 0 0 1 0 1 0 0 0 0 0 0 0 0 0 1 0 0 0 0 0 1 0 0 0 0 0 0 0
  0 0 0 0 0 0 0 0 0 0 0 0 0 0 0 0 1 0 0 0 1 0 0 0 0 0 0 0 1 1 0 0 0 0 0 1
  0 1 0 0 0 0 0 0 0 0 0 0 0 0 0 0 0 0 0 0 0 0 0 0 0 1 0 0 0 0 0 0 1 0 0 0
  0 0 0 0 0 0 0 0 0 0 1 0 0 0 0 0 0 1 0 0 0 0 0 0 0 0 1 0 0 0 0 1 0 1 0 1
  0 0 0 1 0 0 0 0 0 0 1 0 0 0 0 0 0]
 [0 0 0 0 0 0 1 1 0 0 0 0 0 0 0 0 0 0 1 0 0 0 0 0 1 0 0 0 0 0 0 0 0 0 0 0
  0 0 0 0 0 0 1 0 0 0 1 0 0 0 0 0 0 0 0 1 0 0 0 0 0 0 0 0 0 0 0 1 0 0 0 0
  0 0 0 0 1 0 0 0 0 0 1 0 0 0 0 0 0 0 1 0 0 0 0 0 0 0 0 0 0 0 0 0 0 1 0 0
  0 1 0 0 0 0 0 0 0 0 0 0 0 0 0 1 1 0 0 0 0 0 0 0 1 0 0 0 0 1 0 0 1 0 0 0
  0 1 0 0 0 0 0 0 0 0 0 0 0 0 0 0 0]
 [0 0 0 0 1 0 0 0 0 0 0 0 0 0 0 0 1 1 0 1 0 0 0 0 0 0 0 0 0 0 0 0 0 0 0 0
  1 0 1 0 0 1 0 0 0 0 0 0 0 1 0 1 0 0 0 0 0 0 0 1 0 1 0 0 0 0 0 0 0 0 0 0
  0 0 0 0 0 0 0 0 1 0 0 0 0 0 0 1 0 0 0 0 0 0 0 0 0 0 1 0 0 0 0 0 0 0 0 0
  0 0 1 0 0 0 0 0 0 0 0 0 1 0 0 0 0 0 0 0 1 0 1 0 0 0 0 1 0 0 0 0 0 0 1 0
  0 0 1 0 0 0 0 0 0 0 0 0 0 0 0 0 0]
 [0 0 1 1 0 1 0 0 0 0 0 1 0 0 0 0 0 0 0 0 0 0 0 0 0 1 0 0 0 0 0 0 1 1 0 0
  0 0 0 0 0 0 0 0 1 0 0 1 1 0 1 0 0 0 1 0 0 0 0 0 0 0 0 0 0 0 1 0 1 1 0 0
  0 0 0 0 0 0 0 0 0 0 0 0 1 1 0 0 1 0 0 1 0 0 1 0 0 0 0 0 0 0 0 0 0 0 0 1
  0 0 0 0 0 0 0 1 1 0 0 0 0 1 0 0 0 0 0 0 0 0 0 0 0 1 0 0 1 0 0 0 0 0 0 0
  0 0 0 0 0 0 0 0 0 0 0 0 0 0 0 0 1]
 [0 0 0 0 0 0 0 0 1 1 0 0 0 0 0 0 0 0 0 0 1 0 0 0 0 0 0 0 0 0 0 0 0 0 0 0
  0 0 0 0 0 0 0 0 0 1 0 0 0 0 0 0 0 0 0 0 0 0 0 0 0 0 0 1 0 0 0 0 0 0 0 0
  0 0 0 0 0 0 0 0 0 0 0 0 0 0 1 0 0 0 0 0 1 1 0 1 0 0 0 0 0 0 0 0 0 0 0 0
  0 0 0 0 0 0 0 0 0 0 0 1 0 0 1 0 0 0 0 0 0 1 0 0 0 0 0 0 0 0 1 0 0 0 0 0
  0 0 0 0 1 1 0 1 0 0 0 0 0 0 0 0 0]
 [0 1 0 0 0 0 0 0 0 0 0 0 0 0 0 1 0 0 0 0 0 0 0 0 0 0 1 1 0 0 1 1 0 0 1 1
  0 0 0 0 0 0 0 1 0 0 0 0 0 0 0 0 0 0 0 0 0 0 0 0 1 0 0 0 0 0 0 0 0 0 1 0
  0 0 0 0 0 0 0 1 0 0 0 0 0 0 0 0 0 0 0 0 0 0 0 0 1 0 0 0 0 1 1 1 0 0 0 0
  1 0 0 1 0 1 0 0 0 0 0 0 0 0 0 0 0 0 1 0 0 0 0 0 0 0 0 0 0 0 0 0 0 0 0 0
  1 0 0 0 0 0 0 0 1 1 0 0 1 0 1 1 0]
 [0 0 0 0 0 0 0 0 0 0 0 0 0 0 1 0 0 0 0 0 0 0 0 0 0 0 0 0 0 0 0 0 0 0 0 0
  0 0 0 0 1 0 0 0 0 0 0 0 0 0 0 0 0 1 0 0 0 1 1 0 0 0 1 0 0 0 0 0 0 0 0 0
  1 0 1 0 0 0 1 0 0 1 0 0 0 0 0 0 0 1 0 0 0 0 0 0 0 0 0 0 0 0 0 0 0 0 0 0
  0 0 0 0 1 0 1 0 0 1 0 0 0 0 0 0 0 0 0 1 0 0 0 0 0 0 0 0 0 0 0 0 0 0 0 0
  0 0 0 0 0 0 0 0 0 0 0 0 0 0 0 0 0]]
