params：
 weight-->(1, 10)
 proc_times-->(1, 100)
 setup_times-->(15, 30)
 delivery_times-->(1, 100)
 job_rate-->8

start:
alpha_1
8
 alpha_2
0.5
 mach
20
 job
160
 fam
12
 weigh
 [[0 6 4 2 7 8 2 1 6 5 5 9 6 7 7 8 5 5 7 6 6 5 7 1 2 8 2 3 8 7 3 9 2 5 4 7
  5 2 8 4 4 6 1 8 9 8 5 4 6 8 7 7 3 7 3 7 2 5 2 5 3 7 8 4 8 4 8 1 1 4 1 6
  7 8 4 7 7 5 9 9 2 3 2 5 6 7 3 1 5 3 5 8 5 5 6 6 1 2 1 4 5 6 3 2 8 4 6 1
  1 7 3 1 6 5 4 3 5 2 4 1 2 2 4 2 7 2 6 9 9 5 5 5 9 3 7 1 6 3 5 6 1 7 9 3
  6 7 2 6 5 5 7 5 3 8 8 4 5 8 4 8 1]]
 proc_times
 [[  0  69  93  29  68  88  23  59  85  71  22  50  44  63  85  10   3  51
   89  91  87  17  58  17  92   6  91  87  92  70  48  38  46  38  52  79
   95  85  82   1  82  37  28  67  38   7  64  72   6  68   4  28  60  51
  100  99  65  37   4  77 100  89  32  35  53   7  89  92  34  99  99  47
   33  89  54   1  41  44  41  34  28  61   5  42  64  44  22  19  82  23
   91  10  35  92   3  64  68   9  99  62  34  66  30  37  57  61  73  29
   80  88  69  65  20  85  37  28  53  92  78  75  88  82  19  68  39  21
   80  81  93  31  68  99  73  27  86  90  63  75  37  37  58  63  34  22
   65  12  70  96  40  77  65  62  98  52  46  30  40  24  14  38  76]
 [  0  20  55  89  28  56  86  93  10   8  12   1  86  41  17  34  56  36
   15  45  39  11  48  73  95  90  28  64  56  99  45 100  63  22  27  54
   48  64  30  20  49  20  55  48  79  85  50   6  86  29  34  91  29  16
   89  94  80  97   6  61  94  28  65  29  95   6  32  39  47  45  46 100
   41  71  53  84  57  34  62   6   3  23  91  27   3  65  61  24  35  58
   79   3  22  26  47  98  81  79   6  51  10  91  76   5  42  74  61  92
   25  91  39  80  63  76  51   2  94  12  97  69  78   4   6  11   9  62
    8  32   2  60  18  32  71  12  62  84  26  14  82  64  29  14   3  79
    1  81  61  46   4  85  87  30  43  71  94   8   2  17  31  86   5]
 [  0  68  15  71   8  40  37  52  81   5  44  91  68  12  41  54  43  36
   58  46  11  34  13  18  39  37  48  98  42   5  86   5  43  18  71  30
   10  52  25   8  71  34  71  35  90  56  26  39  63  12  27   7  15  36
    4  63  74   8  90  31  32  83  81   1  70  49  13  50  43  91  10  94
   81  14  97  91  94  65  72  84   5  12  36  62  78  90  92  94  41  62
   84  11  43  63  97   3  59  45  91  43  42  23  42  81  87   2  86  28
   24  49   3  81  34  63  67  25   9  15  48  36  24  96  78  97  10  51
   11  41   9  45  80  28  43   1  73  81  97  44  45   2  73  12  48  89
   58  98  96   1  46  36  57  73  83  66   5  25  87  35  81  69  11]
 [  0  12  96   2  85  85  56  42  26  51  22  94  54  50 100  61  78  35
   74  38   7  20   7  76  76  98  16  61  80  32  91  47  61  15  88  76
    2  92  78  82  78  26  39  34  84  42  76  83  47  45  12  36  45  12
   53  63  16  64  10  15  32   8  76  37  56  48  41   4  22  20  48  10
   97  62  59   2  63  57  38  47  23  96  88  49   9  34  75  47  10  84
   71  17  78  23   5   4  43  56  91  52  15  51  79  24  41   6  12  81
   33  79   8  26  97  97  75  61  67  57  76  68  89  63   6  50  49  33
   59  86  66  11  11  26   1  91  39   6   4  80  82  58  14 100  28  95
   42  16  31  81  35  67  98  52   1  28  47  70  46  42  31  56  88]
 [  0  34  94  17  26  82  43  31   8  25  62  73  28  16   5  19  17  26
   64  69  39  10  46  58  55  51  39  80  37  36   3  16  37  25  20  98
   89  18  88   6  51  36  26  22  18  58  40  12  42  21  90  33  83  11
   92  89  26  78  56  26  91  94   5  20  97  26 100  25  22  97  98  54
   52  85   8  39  91  30  49  69  51  45  78  85  29  63  50  23  44 100
    7  21  68  34  13   7  33  50  48  28  84  97  17  48  29   3  93  94
   98  13  14  36  52  44  46  56  16  82  30  44  82  92   6  56  52  64
    7  76  79  55   5  77  77  68  70  26  40  93  48  41  69  31  35  29
   51   6  64  22  87  39  43  38   5  63  20  16  70  38  55  14  42]
 [  0  35  61  20  96  37  85  63  51  99   4  29  30  15  15   2  25  83
   16  42  77  73  75  85  86  98  65  32  85  93  83  16  31  87   3  16
   72  56  81  99  86  58  48  75  70  31  28  28  63  23  41  18  68  93
   94  16  30  71  59  98  35  37  88  80  53  79  71  84  56  72  22  37
   57  34  23  43  26  83  23  24  80  47  81  15  46  84  51  43  54  48
   24  98  95  15  28  42  97  98  91   4  55   9  75  32  16  99  85  91
   20  49  55  98  24  85  89  28  48  28  33  55  49  71  63  28  47  61
   21  71  44  29  95  28  20  85  24  94  43  58  44  37  50  98  18  57
   47  58  70  48  77  97  71  98  78  98  43   5  36  90  85  24  73]
 [  0   3  39   4  56  39  16   2   1  69  59  84  72  85  25  28  52  94
   69  51  73   1  10  32 100  53  31  96   1  21  94  78  33  90  14  35
   29  40  59  38  21   4   6  84  71  86  70  55  84  96  17   8  65  98
   54  54 100  40  21  79  85  48  88  38  36  88  86  88  47  22  10  43
   90  34  44  98  87  61  42   5  67  77  14   7  82  86  87  20  19  56
   62  98  78  38  93  98  40  57  58  23  33  94  89  97  11  39  95  66
   33  53  29   8  83  18  46  88  10  67  55  57  92  29  69  13  96  70
    2  50  15  25  17  44  68  54  39  25   6  53  15  18   9  91  37  22
    3  51  59  67   3  63  10   3  11  33  99   5   8  92  27  38  56]
 [  0  38  49  38  52  52  79   5  76  11  70  87  34  24  21  43  14  83
   24  41  72  84  33   4  67   6  78  83   4  80  86  27  36  86  61  32
    3  24  24  75  45  78  35  25  25  48  80  52   7  85  76   5  42  29
   33  61   6  10  70  60  12  69  82  71  43  90  74  59  86   1  93  95
   37  14  58  47  37  18  82   8  98 100  80  24  86  95  53  16  85  68
   64  82  82  54  77  56  19  90  19  56  15   6  40  91  54  55  98  11
   39  84  69  31  83  77  42  99  11  92  68  28   4  99  60  52  76   1
   16  78  11  82  20   6  21  11   4  46  93  49  78  74  25  26   4   4
   80  93  88  90  31   8  66  88 100  46  76  29  54  84  27  42  92]
 [  0   5  67  34  19   4  44  33  66  73  78  32  80  24  20  23  71  49
   13  74  10  39  17  23  22  56  97  52  62  20  69  56  19   4  51  35
   87   6  20   1  44  28  86  89  16  38  64  41  15  21  47  91  68  86
   43   5  75  64  15  60  19  68  89  39  46  47  90  43  92  42  74  77
   99  91  55   7  38   4  93  27  99  46 100  67  87  70  84  76  41  31
   35  93  93 100  29   3  77  36  73  52  28  84  22  95  83  22  26  58
   37  13  37   7  46  45  79  16  99  64  59  20  63  11  18  22  30  53
   98  10   5  22  57   3   6  92  83  20  57  46  14  10  54  60   5   4
   46  91  68  11  80  85  11 100  77  96   6  36  54  45   5  34  86]
 [  0  64  18  45  25  47  49  62  94  35  27  59  96  70  76  97  69  89
   96  99  80  97  49  39  37  29  28   8  31  32  41  96  66  36  58  12
   74   9  10  82  29  96  24  78  56  94  74  44  23  32  62  18  37  43
   81   5  74  84   9  74  95  20  47  58  97  74  28  49  15  38  41  90
   23  53  77  33  88   5  53  70  47  81  77  76  44   4  31  28  95  58
    5  57  56  71  77  83   5  93  99  12  80   2  20  57  90  60  92  56
   10  93  41  62  66  71   6  47  11  64  65  66  93  51  74  97  55  49
   64  91  72  63  92  57  86  23  37  31  22  81  70  20   2  99  66  94
   25  17  77  60  69  53  89  37  98  38  97  48  29  61  80   6  15]
 [  0  65  63  62  72  85  30  63  16  44  86  59  66  74  44  94  82  37
   17  90  47  45  97  76   3   3  86  55   1  99   4  79  46  15  20  86
   53  22  25  87  18  36  26  33  86  69  44  69  68  71  27  11  80  19
   29  17  20  94  51  84  32  25  61  53  67   2  11   3  31  23  81   7
   92  43  16  11  38  57  57  59  83  58  80  58  74 100  11  51   3  80
   53  31  15  19  89  37  75  28  54   3  96  99  47  54  43  70  87  84
   56  60  55  57  44  89  12  96  10  75  28  34  41  73  78  99   6  99
   39   5  15  65  46  26  10   4  15   9  92  89  40  18  29  60  49  32
   57  86  56  26  27  59  23  28  94  89  50  90   5  78   5  66  49]
 [  0  75  44  83  15   5  66  27  27  21  30  41  92  52  29  81  36  38
   94  43  35  86  21  30  16  39  33  82  41  75  15  11  38   6  12  27
   11  39  63  50  62  78  62  48  39  12  78  26  46  86  43  37  32  59
   75  29  55  24  85  39  63  41  35  13  22  13  80  67  17  65  77  76
   53  92  19  94  67  77   6  22  17  85  44  46  59  80  13  22  75  82
   13  35 100  83  39  80  90  13  71  65   1  46  42  60  43  41  66  43
   89  88  76  79  98  68  85  67  21  87   4  70  72  73  32  24 100  66
    8  88  39  34  78  19  81  25  27  43  21  23  24  64  28  85   9  68
   72  35  68  70  78  17  77   2  36  99  82  68  39  95  32  71  12]
 [  0  22  56  97   3  75  76  37  28  45  98  91  12  20   6  91  29  12
   88  86  77  44  13  46  37  80  57   8  49  61   2  26  70  40  46  36
   42  10  57  38  86  91  64  11  80  45  95  19  25   4  35  35   9  18
    2  91  15  59  65  67  42  93  95  37  79  29  78  36  96  47  74  84
   37  79  12  18  28  48   4  81  55  88  58 100  69  41   3  85  75  87
   52  75  29  16  16 100  22  33   4  62  28  59  67  86   4  24  22  53
   18  57  79  36  12  80   4  48  86  85  42  50  46  43  95  95  67  39
   25  90  28 100  65  43  64  80  94  44  12  79  18  87  15  53  10  35
   89  25  26  57  89  30  33  37  59  39  64  95   6  28  47 100  29]
 [  0  57  24  32  85  97  72  32  21  72  13  77  97  23  74  97  62  91
   57  72  95  94  31  13  36   4  69  80  65  41  78  45  38  55  78   9
   91  42  42  91  72  62  26  32  49  54  64  25  53  64  64  85  27   9
   16  14  55   2  52  41   3  25   3  36  26  93  80  10  66  71  72  96
   66  74  93  95  90  91  68  27  80  23  83  97  73  92  79  72  18  87
   36  35  34  14 100  37  39  10  48   9  78  49  20  55  56   7  16  67
   52  71  30  35  21  13  93  56   6  56  33  27  82  76  24  25  49 100
   79  18  93  77  14   9  25  45   6  20  48  72  10  46  78  35  48  40
   34  13  94  18  66  87  63  53  48  63  57  82  10  85  82  38  82]
 [  0   6  90  30  28  99  97  74  25  86  57  91  67  77   9  86   9  56
    5  14  56  99  73  15  49  73  44  47  30  68   7  38  38   6  13  98
   80  37   7  35  35  74  61  38  74  55  44 100  78  86  91  25  17  80
   53  77  65  49  73  44  83  56  70  10  64  63  11  17  64  85  93  47
   78  86  89  69  84   2  97  95  11  16  18  19  91  85  18  22   3   3
   27  12  45  35  63  16  66  19  51   9  88  63   2  28  26  25  30  68
   44  82  40  39  15   7  26  67  49  63  87  34  28  75  42  66  60  16
   99  88  52  76  21  65  84  85  45  71  78  91  38  41  64  70  23  49
    4  65  38  51  10  69  53  41  20  65   8  35  21  53  65  60  91]
 [  0  53  61  97   7  43  96  69  60  48  33  74  32  10  79  45 100  96
   85  50  93  75  37   1  69  45  81  46 100  64  19  45  92  42  33  66
   42  98  18  66  11  12  26  70  19  26  23  48  67  38  47  59   1  57
   84  22  19  12  39  27  42  32  38  36  76  36  21  10  45  93  46  26
   38  81  75  58  86  95  15  87  95  28  38  99  23  82  76   3  37  38
   29  82  49  18  65  69  34  76  81   5  37  57  60  40  76  59  15  16
   67  11   7  28  16   9  26   6 100  75  14  60  49  30  16  61  93  37
   91  38  79  59  48  33  22  46   3  31  22  48  96  36  41  63  95  60
   28   8  50  81  74  97  32  20   1 100  88  83  57  54  86  69   1]
 [  0  97  90  51  18  24  73  42  98  58  46  41  54  95  15  84  82  59
   57  52  99   9  84  74  30  81  42  38  79  82  40  29 100  49  65  79
   22  45  21  80  68  89  66  60   2  15  28  48  98  75  35  78  54  27
   98  32  43  58  77  62  47  98  87  87  18  33  34  68   1  37  23   7
   36  15  58  77   6  55  67 100   2  33  94  12  91  78  35  84  74   4
   22  85  39  66   3  37  87  98 100  26  94  72  73  44   6   7  93  66
   25  65  20 100   9  21  76  92  90  27  69  70  58  30  65  61  82  92
   68  21  15  85  53  69  33   1  37  71  85  12   5  74   8  56  46  31
   18  38  23  88  12   4   4  51  69  12  75  25  53  88  21  85  89]
 [  0  38  95  94  33  75 100  34  42  73   4  89  25  34  61   2  27  68
    3  88  37  59  10  48  65  38  37  15  97  23  56  15  71  76  62  83
   69  73  54   2  32  88  23  18  16  20  93  51  41  10   6  58  87  75
   49  63  54  43  38  28   1  71  84  14  33  23  16  17   9  82  98  47
   80  78  83  67  33  36  14  62  40  81  72  76  39  48  28  19   5  37
   82  24  38  15  68  16  14  76  32  49  87  53  15  73  37  76  71  11
   33  23  84  73  72  82  88  50  87  76  56  87  98  26  89  31  37   6
   68  58  44  53  17  74  10  31   3  11   6  95  88  69  27  92  60  85
   69  40   6  64  56  57  74  73  26  45  18  52  45  63   3  80  99]
 [  0  80  68  22  73   6  72   8  36  42  80  53  55  29  22  65   7  98
    5   4  27  76  29  44  14  48  98  36   2  64  92   7  62  43  38  72
   24  11   5  76  47  94  37  98  57  16  40  92  95   4  73  93  78  58
   13  92   6  85  13  34  81  33  89 100  73  30  44  17  81  67  39  45
   79  13  65  89  17  67  35  98  54  50  85  86  66  30  38   2  52  93
   35  10  12  39  48  71  51  84  51  69  36  22  47  51  24  62   9  45
   84  95  43  22  91  64  17  19  53  65  92  19  53   2  30   6  48   1
   90  84  78  23  53  75   7   8 100  14 100  61   1  46  17  61  87  63
   22  85  90  35  13  24  39  54  11  14  63  14  56  29  16  98  57]
 [  0  94  13  77  66  64  97  94  27  62  55  24  32  66  81  70  63  84
   61  87  26  16  11  39  11  39  54  67  20  70   6  93  45  17  37  49
   33  45  80   9  64  21  88  14  96  81  91  91  63  29  60  70  79  46
   73  30  95  18  66  63  91  80  81  58  94  66  93  16  73  85  85  20
   18  59  31  91  70  57  61  22  68  59  49  99  35  62   2  99  29  38
   69  56  23  99   1  96  86   4  72  92  30   1  42  92   8  83  28   5
   59  53  62  36  20  70  50  41  57  32  25  57  74  95  56  52  98  90
   46   2   4  13  53  29  30   9   9  89   4 100  19   9  33  93  37  62
   72  58  54  36  83  98   6  35  41  18  54  91  49  84  72  35  68]]
 setup_times
 [[[ 0 22 18 17 23 17 17 18 20 21 26 25 16]
  [ 0  0 22 16 24 15 23 17 21 28 24 26 17]
  [ 0 23  0 28 26 20 29 16 17 29 21 23 22]
  [ 0 21 26  0 25 28 17 19 15 24 26 23 27]
  [ 0 29 24 17  0 21 25 20 17 28 21 23 20]
  [ 0 27 27 28 25  0 20 27 26 20 20 26 28]
  [ 0 16 17 23 18 15  0 20 29 15 17 15 22]
  [ 0 16 25 19 28 18 19  0 19 29 16 29 27]
  [ 0 21 17 17 28 28 20 21  0 25 27 20 18]
  [ 0 19 26 20 29 26 29 27 26  0 22 16 22]
  [ 0 21 19 17 26 19 25 27 19 29  0 23 27]
  [ 0 27 29 24 16 26 23 23 20 16 25  0 16]
  [ 0 29 22 24 22 27 25 28 20 18 17 18  0]]

 [[ 0 27 27 21 15 29 24 29 18 23 19 21 28]
  [ 0  0 17 22 19 25 27 18 19 26 22 27 29]
  [ 0 26  0 29 26 21 22 16 20 22 19 26 19]
  [ 0 27 29  0 29 25 15 21 18 15 21 27 19]
  [ 0 18 16 21  0 24 26 25 17 19 20 20 23]
  [ 0 17 22 24 23  0 19 23 29 15 22 21 21]
  [ 0 25 15 22 20 19  0 27 27 23 18 19 22]
  [ 0 25 27 19 24 15 23  0 19 24 28 16 28]
  [ 0 26 20 29 25 21 27 29  0 28 20 25 28]
  [ 0 23 21 27 16 27 16 15 20  0 26 17 22]
  [ 0 17 22 28 29 22 18 27 23 15  0 15 21]
  [ 0 28 19 16 21 21 24 24 16 21 20  0 15]
  [ 0 17 20 18 15 20 20 18 17 28 27 24  0]]

 [[ 0 25 23 18 16 26 21 29 27 26 26 21 18]
  [ 0  0 20 29 22 21 25 29 26 25 28 25 23]
  [ 0 21  0 21 23 24 28 18 26 19 15 27 22]
  [ 0 20 29  0 22 15 28 28 15 28 23 25 18]
  [ 0 22 24 15  0 26 18 25 23 28 29 20 24]
  [ 0 23 29 23 19  0 23 25 24 16 17 27 18]
  [ 0 23 27 24 28 24  0 24 24 28 19 29 17]
  [ 0 17 19 28 29 16 29  0 18 20 18 26 23]
  [ 0 20 24 27 28 19 27 18  0 26 22 22 28]
  [ 0 27 15 17 15 22 27 23 16  0 18 15 23]
  [ 0 23 24 24 23 26 26 25 22 19  0 29 19]
  [ 0 15 17 28 16 21 21 24 27 27 19  0 23]
  [ 0 27 25 27 29 19 27 24 15 18 19 22  0]]

 [[ 0 18 26 15 20 25 23 24 24 22 21 19 15]
  [ 0  0 23 26 22 23 16 20 28 26 28 22 17]
  [ 0 15  0 29 26 27 23 18 15 27 28 22 15]
  [ 0 28 24  0 22 19 26 21 23 18 26 29 29]
  [ 0 18 18 18  0 23 15 15 25 29 29 21 24]
  [ 0 18 23 22 25  0 23 29 26 16 17 23 28]
  [ 0 24 28 15 18 16  0 28 29 18 16 19 17]
  [ 0 19 27 26 19 21 22  0 26 29 20 19 21]
  [ 0 26 20 18 23 28 24 18  0 23 24 17 17]
  [ 0 29 15 28 24 29 26 27 15  0 21 26 18]
  [ 0 26 28 28 20 16 26 17 26 20  0 21 25]
  [ 0 24 19 23 25 16 16 20 20 22 25  0 27]
  [ 0 17 25 27 28 15 17 27 18 24 29 16  0]]

 [[ 0 20 25 22 16 27 19 26 20 15 17 28 28]
  [ 0  0 17 24 27 18 22 23 29 15 18 24 24]
  [ 0 16  0 23 16 19 25 16 27 20 15 27 28]
  [ 0 28 18  0 25 21 25 22 17 27 23 25 23]
  [ 0 18 16 17  0 20 17 26 16 23 19 26 26]
  [ 0 17 24 29 23  0 27 16 17 27 24 25 16]
  [ 0 16 23 29 18 27  0 19 21 20 15 24 21]
  [ 0 26 26 20 29 27 23  0 28 25 19 24 21]
  [ 0 28 24 28 24 20 27 18  0 22 23 29 27]
  [ 0 20 22 20 26 16 19 17 21  0 19 28 23]
  [ 0 28 21 25 17 24 19 25 16 18  0 20 21]
  [ 0 22 15 20 17 19 20 18 25 29 28  0 15]
  [ 0 23 15 21 24 28 23 16 17 25 19 19  0]]

 [[ 0 28 16 20 21 23 26 19 18 29 27 28 24]
  [ 0  0 21 19 23 28 16 19 26 17 27 28 17]
  [ 0 25  0 16 17 20 25 22 21 19 15 29 27]
  [ 0 26 27  0 25 27 27 15 23 25 27 17 21]
  [ 0 21 26 15  0 15 28 26 20 22 23 20 21]
  [ 0 21 17 25 25  0 23 23 24 15 21 15 28]
  [ 0 28 27 28 28 28  0 26 17 16 23 16 29]
  [ 0 25 19 25 21 17 21  0 16 23 24 20 27]
  [ 0 22 20 27 26 23 18 19  0 23 15 19 20]
  [ 0 25 25 26 29 26 28 24 29  0 19 23 17]
  [ 0 28 16 16 26 23 25 22 25 22  0 29 24]
  [ 0 15 24 18 27 29 24 26 29 21 17  0 16]
  [ 0 15 22 28 22 16 19 17 19 20 21 29  0]]

 [[ 0 15 18 25 18 29 28 25 21 18 18 22 21]
  [ 0  0 18 26 27 24 26 19 29 18 19 27 29]
  [ 0 23  0 27 18 27 22 27 20 24 19 29 15]
  [ 0 29 20  0 27 28 26 22 19 27 18 22 29]
  [ 0 25 15 15  0 15 21 16 21 21 22 17 15]
  [ 0 29 20 22 17  0 27 16 21 22 23 24 24]
  [ 0 18 28 22 18 16  0 17 25 29 22 18 22]
  [ 0 28 29 17 26 18 23  0 29 22 16 22 20]
  [ 0 27 26 21 16 27 27 21  0 16 28 20 17]
  [ 0 27 25 23 24 25 17 15 28  0 19 16 21]
  [ 0 16 17 16 27 21 18 28 28 27  0 24 19]
  [ 0 15 15 21 17 28 18 28 18 25 29  0 19]
  [ 0 15 17 18 23 27 19 15 19 29 21 21  0]]

 [[ 0 20 29 29 28 15 18 29 20 26 15 23 26]
  [ 0  0 22 25 27 17 20 27 24 20 22 18 20]
  [ 0 27  0 17 23 27 21 26 24 26 21 19 23]
  [ 0 26 19  0 21 28 25 20 18 28 25 18 15]
  [ 0 18 17 15  0 23 29 24 26 18 23 24 27]
  [ 0 26 27 20 18  0 25 17 20 24 26 27 22]
  [ 0 15 20 20 24 25  0 19 23 19 29 27 25]
  [ 0 19 16 22 17 29 28  0 20 27 17 28 25]
  [ 0 19 20 21 17 26 20 16  0 24 20 21 25]
  [ 0 25 28 28 25 29 16 19 21  0 15 28 17]
  [ 0 15 17 22 27 27 23 26 29 21  0 29 25]
  [ 0 15 23 28 25 21 26 16 28 25 19  0 24]
  [ 0 27 28 15 27 22 20 21 19 28 23 16  0]]

 [[ 0 17 17 24 19 20 29 25 22 29 22 24 21]
  [ 0  0 28 20 19 15 19 23 15 18 17 19 15]
  [ 0 20  0 29 25 25 20 19 19 20 16 21 29]
  [ 0 21 18  0 26 20 16 18 17 19 28 23 27]
  [ 0 17 23 29  0 19 21 27 28 28 27 15 16]
  [ 0 20 25 23 19  0 20 17 28 24 29 26 16]
  [ 0 24 15 18 29 24  0 28 25 25 17 21 18]
  [ 0 16 25 24 21 21 25  0 24 27 26 18 22]
  [ 0 19 17 15 21 29 26 27  0 19 23 29 16]
  [ 0 20 21 29 16 22 28 29 17  0 20 28 21]
  [ 0 27 17 17 17 29 16 21 25 17  0 18 26]
  [ 0 25 27 19 16 17 18 27 27 16 19  0 16]
  [ 0 21 15 15 26 28 22 27 20 28 20 21  0]]

 [[ 0 20 18 27 19 16 21 28 23 23 16 26 23]
  [ 0  0 25 16 19 26 22 29 21 26 22 21 16]
  [ 0 20  0 26 23 21 26 20 26 28 15 26 26]
  [ 0 29 20  0 23 16 28 20 15 27 15 28 21]
  [ 0 23 29 25  0 21 19 27 17 29 29 29 18]
  [ 0 26 23 21 20  0 25 19 21 15 28 20 19]
  [ 0 29 29 20 21 29  0 16 23 20 28 25 21]
  [ 0 19 22 19 21 19 19  0 24 18 29 15 16]
  [ 0 22 22 27 19 21 23 19  0 24 25 23 22]
  [ 0 17 20 21 17 26 26 26 21  0 26 17 24]
  [ 0 22 26 25 25 17 19 22 25 19  0 27 18]
  [ 0 19 27 21 25 24 28 29 16 15 29  0 29]
  [ 0 29 19 27 17 20 18 26 23 22 19 24  0]]

 [[ 0 23 19 28 19 21 27 18 22 18 16 21 21]
  [ 0  0 19 29 23 23 25 20 20 20 28 19 20]
  [ 0 15  0 21 27 25 28 21 29 25 15 29 22]
  [ 0 25 18  0 27 16 29 28 17 28 19 23 28]
  [ 0 21 15 21  0 25 17 21 21 23 15 25 27]
  [ 0 15 16 29 17  0 26 25 15 22 17 25 19]
  [ 0 23 22 26 26 22  0 20 28 18 19 19 19]
  [ 0 26 28 20 16 23 17  0 19 16 27 17 16]
  [ 0 18 25 29 16 17 22 24  0 28 22 18 15]
  [ 0 21 26 15 28 16 24 28 25  0 22 21 23]
  [ 0 18 19 18 27 19 23 28 27 23  0 27 21]
  [ 0 18 18 23 17 23 20 23 19 15 17  0 21]
  [ 0 20 24 18 25 27 19 28 26 26 18 16  0]]

 [[ 0 15 25 20 21 26 28 26 24 21 21 16 22]
  [ 0  0 22 20 16 25 16 15 19 22 29 19 26]
  [ 0 17  0 19 21 18 24 27 26 18 17 16 25]
  [ 0 29 28  0 28 25 27 29 28 25 17 19 25]
  [ 0 22 29 26  0 16 19 23 15 25 20 28 24]
  [ 0 15 23 29 18  0 18 28 17 29 16 17 25]
  [ 0 18 25 23 18 19  0 26 18 17 25 29 20]
  [ 0 23 17 18 17 16 18  0 22 19 25 22 29]
  [ 0 27 24 17 16 20 26 24  0 24 26 21 18]
  [ 0 24 19 16 19 25 20 22 25  0 26 18 22]
  [ 0 22 17 25 18 29 23 17 26 25  0 23 25]
  [ 0 17 27 19 18 28 28 22 24 26 27  0 20]
  [ 0 23 29 16 27 26 21 26 25 25 18 24  0]]

 [[ 0 20 29 28 28 22 17 21 25 16 27 22 21]
  [ 0  0 15 26 21 23 23 29 29 20 24 29 26]
  [ 0 22  0 20 28 18 28 20 21 21 24 18 25]
  [ 0 17 25  0 15 19 26 20 29 17 16 17 25]
  [ 0 25 16 24  0 29 25 15 18 26 15 26 18]
  [ 0 24 26 28 24  0 19 26 29 21 18 29 24]
  [ 0 22 29 28 18 26  0 20 27 29 23 17 24]
  [ 0 17 22 17 27 22 27  0 22 21 16 22 22]
  [ 0 17 25 22 24 15 19 21  0 16 26 20 21]
  [ 0 19 16 26 29 17 15 22 27  0 24 24 15]
  [ 0 20 26 29 26 19 28 23 15 29  0 25 24]
  [ 0 19 16 28 26 18 15 16 21 15 19  0 29]
  [ 0 25 26 23 27 20 20 18 22 24 21 22  0]]

 [[ 0 29 28 28 17 21 24 29 22 25 29 17 18]
  [ 0  0 28 15 21 28 18 26 17 21 24 21 26]
  [ 0 25  0 27 24 29 28 26 18 27 23 24 21]
  [ 0 16 17  0 25 16 18 19 20 15 29 20 29]
  [ 0 27 22 22  0 15 22 25 24 29 18 25 25]
  [ 0 15 18 25 29  0 21 24 17 16 25 21 19]
  [ 0 25 25 29 25 18  0 19 21 21 24 17 29]
  [ 0 23 21 24 20 24 15  0 25 16 20 24 21]
  [ 0 17 22 22 20 18 29 20  0 28 23 26 19]
  [ 0 17 26 18 15 26 21 18 29  0 18 18 15]
  [ 0 22 25 25 24 24 18 23 22 19  0 19 23]
  [ 0 27 29 22 25 27 23 23 25 17 22  0 20]
  [ 0 24 22 19 17 26 17 23 26 21 27 23  0]]

 [[ 0 26 26 17 29 28 17 18 26 29 21 15 18]
  [ 0  0 24 21 21 19 26 22 24 19 23 28 22]
  [ 0 28  0 25 20 27 24 18 23 27 15 27 22]
  [ 0 22 23  0 17 28 28 22 16 17 27 18 25]
  [ 0 29 28 18  0 18 19 26 21 21 24 20 17]
  [ 0 16 24 24 23  0 16 19 23 25 29 25 22]
  [ 0 22 15 25 19 20  0 18 24 16 29 16 26]
  [ 0 23 21 25 25 15 26  0 15 15 27 25 16]
  [ 0 28 28 21 25 25 17 17  0 17 23 28 22]
  [ 0 17 25 16 24 20 28 24 23  0 27 28 21]
  [ 0 28 21 26 24 27 19 20 17 17  0 25 18]
  [ 0 28 20 29 20 21 19 17 20 24 16  0 19]
  [ 0 18 29 17 19 29 23 27 25 16 28 26  0]]

 [[ 0 26 29 15 28 29 23 18 25 29 28 18 15]
  [ 0  0 18 22 15 18 20 26 26 22 26 21 28]
  [ 0 17  0 23 27 21 22 24 22 19 24 29 16]
  [ 0 15 19  0 17 23 25 17 16 16 29 21 27]
  [ 0 21 26 23  0 19 17 25 21 21 25 21 24]
  [ 0 19 24 28 29  0 24 26 18 24 16 15 26]
  [ 0 27 24 16 17 16  0 15 28 29 17 24 25]
  [ 0 23 23 17 26 16 25  0 16 23 20 17 29]
  [ 0 28 19 25 26 20 17 23  0 22 22 27 27]
  [ 0 17 21 28 20 24 27 29 23  0 26 15 27]
  [ 0 26 19 28 16 19 26 21 29 21  0 19 16]
  [ 0 19 16 21 15 24 20 26 28 21 19  0 18]
  [ 0 16 25 28 26 28 17 24 26 18 25 16  0]]

 [[ 0 22 17 18 24 21 18 27 18 19 18 24 24]
  [ 0  0 22 27 24 29 17 19 18 29 15 17 27]
  [ 0 21  0 29 22 28 15 18 17 21 19 17 21]
  [ 0 20 24  0 17 18 17 17 24 25 25 28 25]
  [ 0 25 25 24  0 26 20 16 22 26 21 26 21]
  [ 0 27 21 24 20  0 16 19 24 19 17 24 20]
  [ 0 19 23 20 16 27  0 25 27 24 28 24 29]
  [ 0 25 16 29 15 29 28  0 16 27 26 26 19]
  [ 0 28 25 25 21 15 16 26  0 28 21 15 27]
  [ 0 27 23 18 25 29 28 19 20  0 24 26 28]
  [ 0 21 26 23 15 15 20 18 24 24  0 21 16]
  [ 0 25 15 27 19 23 25 15 25 25 20  0 15]
  [ 0 22 24 28 27 22 18 26 18 16 22 17  0]]

 [[ 0 29 25 23 28 29 24 19 15 20 25 26 21]
  [ 0  0 24 20 27 19 22 28 15 28 28 17 21]
  [ 0 21  0 21 17 24 16 16 21 25 25 20 22]
  [ 0 28 25  0 20 27 19 15 21 16 25 27 28]
  [ 0 15 29 28  0 15 17 15 27 16 19 27 23]
  [ 0 21 19 27 19  0 17 24 28 28 20 16 27]
  [ 0 17 16 19 19 21  0 15 17 29 28 19 22]
  [ 0 19 19 24 29 27 19  0 29 19 29 17 15]
  [ 0 24 26 23 20 24 25 20  0 27 24 18 20]
  [ 0 27 16 21 28 28 16 22 28  0 18 29 20]
  [ 0 29 29 15 27 15 19 22 18 20  0 22 25]
  [ 0 29 28 23 23 16 27 15 29 16 16  0 17]
  [ 0 17 21 21 21 22 29 22 29 25 20 26  0]]

 [[ 0 17 28 15 29 18 23 26 20 20 24 21 24]
  [ 0  0 29 15 23 16 23 21 21 18 21 20 27]
  [ 0 24  0 17 24 15 26 22 20 23 18 24 25]
  [ 0 16 25  0 25 15 23 29 15 28 26 18 22]
  [ 0 23 18 19  0 23 19 27 25 24 22 25 28]
  [ 0 15 27 18 16  0 15 26 15 28 27 15 21]
  [ 0 17 19 15 27 24  0 27 23 19 18 20 22]
  [ 0 16 21 28 28 28 22  0 18 23 15 18 19]
  [ 0 26 25 15 21 18 22 21  0 18 29 21 26]
  [ 0 27 22 24 18 26 22 27 16  0 17 16 23]
  [ 0 26 23 24 22 25 20 20 22 29  0 20 16]
  [ 0 22 21 18 15 28 27 15 26 22 29  0 18]
  [ 0 29 26 21 25 27 22 20 18 21 21 21  0]]

 [[ 0 22 25 18 26 28 22 20 16 17 19 26 18]
  [ 0  0 22 28 18 26 27 23 20 16 21 18 28]
  [ 0 20  0 19 21 22 25 23 29 29 29 26 15]
  [ 0 29 21  0 21 25 20 15 15 25 16 23 16]
  [ 0 28 23 28  0 23 22 24 25 19 20 29 25]
  [ 0 21 21 28 17  0 15 21 28 23 24 25 19]
  [ 0 24 26 17 24 15  0 26 29 19 16 27 17]
  [ 0 29 25 22 15 19 16  0 28 22 15 17 23]
  [ 0 28 17 16 22 18 29 28  0 19 28 19 18]
  [ 0 29 16 19 16 22 23 27 22  0 25 19 21]
  [ 0 21 21 23 20 19 28 27 16 15  0 19 15]
  [ 0 20 23 22 26 22 26 17 16 21 26  0 18]
  [ 0 28 26 18 19 15 15 27 28 17 29 21  0]]]
 delivery_times
 [[ 0  5 95 41 65 76 11 77  2 12 55 96 75 10 35 51 65 28 27 90 80 49 79 34
   3 88 17 59 67 25 33 62 64 99  2  5 10 23  4  1 88 20 65 42 28 50 95 40
  10 96 49 77 38 11 32 84 22 69 96 54 66 60 52 36 44 52 62 39 90 29 27 15
  51  4 39 52 31 29 96 34 13  3  2 13 60 49 33 92 88 11 88 97  3 66  5 53
  27 93 22 32  3 94 59 11 87 16 98 68 98 57 85 84 16 84 48 68 66 66  9 35
  64 91 82 38 28 30 79 38 31  2  8 44 40 59 57 35 25 55 67 36 58 39 33 51
  89 37 56 86 25  9 29 37 50 42 14 26 18 52 97 20 25]
 [ 0  5  4 86 73 68 33 71 43 57 89 75 38 38 97 44 63 64 61 12 80 27 16 78
  35 37 79 69 37 50 32 25 61 10 72 49 82 51 23 97  8  1 10 20 83 99 53  5
  25 17 57 98 15 35 40 91 43 49 23 52 81  6 36 97 54 43 33 79 77 68 17 73
   7 52 22 30 76 61 73 82 50 57 58 47 42 25 25 17  5 83 29 38 44 32 26 39
  86 91 38 26 84 48 94 11 68 62 47 50 40 90 64 87 62 50  4 10 43 11 47 38
  41 99 33 27 36 43 75 13 87 12 54 18 96 42 54 69 56 66 91 95 10 31 59 75
  65  1 33 62 21 89 79 16 99 34 80 16 95 81  8 54 24]
 [ 0 42  3 80  4 37 35 86 78 59 35 69 36 26 35 33  2 71  6 24 48 13 55 59
  17 74 39 78  5 43 57 12 53 66 38 14 81 39 98 91 21 74 39 33 63  7 17 12
  86 24 40 63 87 78 40 68 82 76 13 26 30 55 60 72 25 84 13 79 53  5 18 88
  44 50 83 26 80 51 53  8  4 35 57  5 61 20 19  5  4 67 44 82 86 61  9 97
  92 41 37 43 23 27 57 97 46  2 54 80 58 87 65 48  4 59 70 65 15 37 57 55
  20 81 81 77 42 45 65 56  7 46 55 75 15 21 72 68  3 78  8 36 91 25 62 70
  41 56 55 69 61 62 94  8 95 62 53 33  3 57 60 15 43]
 [ 0 20 73 11 13 20 49 92 90 13 41 91  2 59 26 24 61 82 42 65 23 79 74 21
  84 63  6 30 78 63 24 93 83 64 74 22 46 57 92 89 33 19 59 55 71 48 45 51
  81 12 84 25 76  6 75 42 29 19 40 81 14  9 76 97 79 72 63 76 64 21 96 41
   4 49 80 96  2 83  7 42 58 37 51 83 39 92 37 42 57 84 48 28 99 98 74 90
   4 27 37 97 98 99 58 25 44 66 29 99 79 68 68 42 73 46  7 30 56 57 60 55
  59 51 29 69 53 51 94 53 59 60 72 61 77 96 52 84 16 86 70 45 89 87 89 23
  69 63  7  2 96 89 74 84 32 33 89 50 47 85 37 20 73]
 [ 0 84  1 20  2 36 24 94 78 38 97 75  2 36 44 51  8 15  5 60 24 33 52  5
  88 90 69 67 61 10 47 75 84 70 96 37 93 79 61 28 36 87 97 28 59 96 98 29
  48 69 24 86 78 71  1 97 54 94 87 77 44 38  4 30 33 97 15 47 48 91 12 94
  34 68 88 48 11 88 65 22 64 95 87  5 48 12 73 13 26 26 57 68  9 27 31 53
   2 69 92 43 15 51 28 99 86 86 90 86 49 26 55 12 93 97 71 56 80 92 72 36
  90 80 91 94 45 31 93 69 46 70 48 33 33 53 13 43 11 33 37 48 34 68 38 40
  19 91 61  9 66 16  2 88 76 82 82 67 63 22 10  2 79]
 [ 0 35 81 43 30 10 41 78 12 40 82 77 67 17 58 43 98 74 17 72 67 85 13 32
  42 21 62 79 19 71 26 72 47 97 15 22 27 26 59 78 37 99 89 75  8 87 42  3
  62  4 70 39 53 24 26 17 16 83 97 29 97 91 96 69 84  9 58 16 42 51 76 46
   4 97 42 75 30 67 84 96 33 31 22 12 17 22 97  6 27 75 66 38 70  8 64 53
   9 60 15 16 40 54 37 29 34 99 18 37 62 39 19 69 40 60 25 30 64 93 99 96
  31 21 70 15 30 69 36 34 79 74 96 64 17 47 31 48 16 90 59 34  8 37 40 62
  80 36 94  9 63 68 58 44 10 76 39 35 55 76  1 38 44]
 [ 0  3  4 23 18 16 63 22 90 56 59 54 54 27 36 73 93 56 66 69  3 31  8 10
  16  4 11 13 70 66 73 23 91 18 70  5 83 36 28 31 75 86 33 43 59 68 23 57
  24 70 35 97 22 25 35  8 77 31 63 86 77 81 94 92 22 23  7 29  3 14 69 51
  26 35 46 67 93 12 82 47 48  5 92 29 90  3 79 90 14 51 47 12 13 77 76 33
  99  5 91 90 57 21 93 78 73 43 80 75 20 98 69 40 57 20  6 43 21 95 96 45
  56  3  3 34 65 93 60  1  3 58 68 22 37 41 84 52 96 11 25 61 15  1 73 45
  42 14 70 61 62 44 57 17 21 56 72 31  1 36 60 61 21]
 [ 0 95  7 76 42 43 28 36 32 30 44 96  2  7 33 18 61 33  8 76 64 77 44 19
  69 84 58 23 64 70 80 25 82 97 74 60 65 10 22 42 78  2 99 90 81 38 26 86
  32 98 28 98  2 10 26 38 98 41  2 51 95 34 23 66 93 48 33 27 91 86 45 68
   2 52 99 37 69 99 76 94 17 29 86 23 63 35 84 36 91  8 82 76  7 96 39 97
  86 93 56 49 81 60 51 25 34 70 12 77 47 37 20 73 54 53 54  2 13 43 43 18
  89 20 37 53 43 35 32  1 94 94 64 34 94 56 92 53 90 60 25 47 48 55 63 54
  17 58 75 96 83 61 65 40 14 93 95 16 29 15  7  1 47]
 [ 0 34 72 13 94 22 29 95 98 36 18 30 57 19 40 91 18 99 64 12 36 72 76 71
  73 37 29 50 59 16 26 31 35  5 80 10  8 93 65 39 76 95 30 57 19 33 79 57
  99 52 31 58 41 19 74 35 61 58 20 42 87 81 10  3 96 21 71 92 52 82 98 53
  24  8 73 60 77 71 49 76 19 68 49 67 64 67 55 36 95 50 41 56  2 70  1 90
   6 52 16 17 51 27 62 41 17 19 59 96 79 17 26 35  5 88 56  1 22 35 53 60
  31 28 41 49 68 34 98 58 51 84 51 14 22 12 68 24 58 26 44 75 40 10 40 73
  39 54 37 44 16 85  9 90 35 39 25 41 41 64 71 89 65]
 [ 0 17 83 29 82 26 26 60 57 92 37 53 60 92 82 90 26 29 62 43  9 52 70 29
  74 68 11 52  9 17 49 69 44 63 70 60 40 34 25 79 96 22 71 99 56 59 43 85
  76  7 11 87 66 66 61 13 62 46 33  7 42 86 33 65 34 54 12 19  5 88  1 97
  99 56 37 50 80  1 95 90 67 27 19 80 76 40 70 12 30 67 66 47 51 97 80 23
  33 90 82 95 31 51 41  2 70 77 19 10 19 51 11 27 64 38 58 44  8 73 33 83
  31 27 78 60 30 34 16 60 16 56 56 62  5 72 69 36 19 15 81 33 55 93 60 87
  89 91 86 21 41 70 45 88 87 26 80 61 46 94 35  6 38]
 [ 0 49 23  8 41 25  4 89 84  1 83 86 82  5  9 44 79 26 44 35 21 52 63 90
  46  3 98 30 80  5 69 82 36  2 17  3 88 55 30 44 42 11 48 18 58 14 16 16
  17 31 45 91 25 46 58 20 64 42 62 84 25 92 32 83 66 98 43  9 59 84 35 23
  40 10  9 42 84 70 14 87 25 44 18 83 50 81 65 84 44 35  6 73 48 16 23 12
  19 28 76 91 77 97 67 38 84 41 89 82 93 31 98 25 99 47  7 34 43 58 58 24
   1 41 40 82 79 18 54 76 41  3 23 36 11 67 95  1 30 41 65 49 83  4  6 26
  59  4 29  5 17 68 23 24 61 14 57 89 56 70 13 56 50]
 [ 0 46  3 27 58  6 23  4 11 45  7 49 28 78 10 41 96 44 47 88 96 16 55 80
  18 69 87 86 95 20 55 36 40 37  9 84 51 15 89 95 91 82 30 11  2 67  5 55
  23 37 72 32 12 93 91 43 57 74 69 73 49 66 58 18 40 14  5 90  3 37 84 71
  23 91 91 51 51 64 95 38 41 24 82 88 40  9 53 69 55 23 94  9 74  5  6 46
  98 86  2 24 22 59 29 75 52 62  9 27 34 95 25 18 23 83 72 55 16 54  4 98
  25 16 59 32 32 27  8 89 50 70 52 66 99 22 32 57 39 53 10 67 39 41 21 43
  98 46 39 97 84 68 51 25  2 16 90 57 26 56 61 46  8]
 [ 0 28 77 65 45 37 38 73 68 32 43 94 69 32 66 81 24 61 76 65 60 95  2 17
  23 59 38 93 71 35 93 39 20 17 57 98 42 59 33 31 56 63  9 23 69 47 77 77
  70 15 89 28 61 37 92 57 82 26 78 74 89 12 22 30 74  5 92 74 31 67 52 30
  66 44 29 37 97 11 78  8 16 58 44  2 35  8 82 83 97 86 16 16 23 33 64 81
  22 15 95 31 43 61 38 11  2 97 68 62 59 31 66 40 23 37 39 67 22  2 42  2
  77 60 29 98 43 83 83  2 24  3 59  6 98 12 14 94 67 55 22 89  6 85 41 41
  14 79 35 99 88 46  1 60 53 92 62 27 99 38 17 39 78]
 [ 0 53  7 59 94 97 50 78 78 72 38  2 57 38 67 83 60 51 22 93 72  6 51 78
  23 63 27 80 46 20 31 88 37 69 49 51 15 91 64 40 43 56 73 43 65 88 87 14
   5 15 86 45 14 47 20 75  9 41 78 38 20  1 74 29 39 25 64  7 80 42 13 72
  98 97 37 60 68 80  6 29 45 87 67 67 58 60 88 67 31 73 70 80 94 65 36 81
   2 84 93 58 96 91 94 59  5 28 67 14 12 78 18 66 80 85 16 47 67 12 77 63
  33 56 83 98 46 33 86 57 91  8 13  6 62 46 51 38 88 35 88 21 19 64 95  2
  21 59 51 55 74 86 95 25  1 63 69 36 99 47 32  7 99]
 [ 0  2 44 14 65 24 20 26 22 23 58 23  7 82 46 64 27 15 84 61 58  7 49  5
  80 63  7 92 30 10  2 20 75 28 26 18 39 16 85 34 57 11  6 61 12 24 37 70
  63 27 10 48 70 18 94 36 40 71 49 24 57 29 72 92 31  1 89 80  3 59 39 77
  66 46 68 54 36 91 10 16 92 67 55 52 46 68 98 99 22 14 97 93 25 10 77 27
  45 57 57 73 98 62 31 72 58 92  8 80 78 96  5 66  3 31 26 87  5 86 45 58
  64 64 36  8 90 12 84 31 21  4 81 73 14 92 70 69 86 47 21 33 49 17 10 34
  18 40 47 16  9  1 71 14 52 25 52 15 88 36 76 40 24]
 [ 0 27 63 29 42 16 96 20 50 67 80 78 29 35  3 97 60 95 82  6 92 41 85 58
   5 87 22 21 55 53 96 95  7  5 87 56 47 95 13 39  5 95 34 29 71 92 79 35
  70 21 22 45 48 63 28  7 50 70 32 51 86  3 58 58 88 88 17 75 95 27 33  5
  15 55 33 44 37 70 37 78 26 70 20 26 23 78 46 23 74 73 25 51 85 71 12 50
  37 17 86 10 57 12 57 92  6 85 22 67 57 16 99 95 33 69 60 59 96 48 49 97
  28 23 10 72 88 88 72 10 44 65 98 10 22 40  5 80 66 94 93 51 11 57 30 91
  58 62 26 83 49  2 57 17 18 25 60 50 98 28 62 55 82]
 [ 0 87 90  8 84 16 15 81 25 28 42 14 64  9 60 85 25 64 13 33 81 28 99 73
  16 78 58 86 19 55 29 81 73 22 85 85 68 36 44 53  9 59 41 67 88 11 35 94
  90  5 85 92 67 46 54  2 51 69 72 77 28  1 88 88 32 60 44 15 88 14 43 72
   4 13 51  8 66 76 30  4 55 53  3 69 17 77 15 85 33 60 65 35 41 67 91 30
  54 11 27 69  3 78  8 54 67 32 96 27 79 29 85 80 73 36 26 54 61 30 69 12
  13 91 77 73  3  6 68 92 98 87 30 98 87  4 15 22 42 53 55 70 20  9  7 80
  79 17 27 86 66 72 40 46  7 35 65 84 95 15 74 55 66]
 [ 0  7  4 53  1 78  2 78 38 69 96 72 69 39 59 61 13 84 92 93 23 57 45 56
  93 97 75 73 77 25 85 85 28 83 10 89 44 63 31 80 67 67 26 37 16 48 87 10
  10 67 53 71 54 39 35 68 85 48 37 49 29  6 40 13 75 27 92 12 93 80 40 98
  87 61 82 66 91 93 11 97 28 51 20 57 38 99 11 11 25  6 93 73 39 40 37 41
   3 59 75 70 15  8 49 33 65 22 75 38 94 76 76 61 77 87 98 20 13 65 79 37
  59 86 52 91 37 37 98 72 21 22 46  3 19 84 95 55 92 16 15 15 34 64  8 75
  53 99 83 50 14 47  1 76 48  1 63 79 86 39 67 60 92]
 [ 0 95  7 39  6 36 65 28 48 54 68 26 92 46 86 90 18  4 61 99 24 58 14 73
  26 94 96 79 55 53 57 32  9 74 32 15 18 38 87  3 34 78 54 93 38 49  4 84
  80 76 54 28 97 20 87 47 45 34 54 60 94 29 97 20 72 86 30 57 31 88 94 99
  30 37 24 18 83 96 29 18 21 67 18  2 55 69 76 65 53 17 69  6 33 25 58 25
  41 61 52 61 51 67 11 67 35 59 16 55 20 27 69 90 43 82 78 31 86 89 13 83
  43 74 29 22 20 34 57 94 79  3  5 83 54 55 41 85 75 93 20  8  8 36 17 84
  60 76 40 72 40 12 17  5 80 60 19 26 32  5 38 44 19]
 [ 0 75 49 81 55 33  7 20 40 57 65 42  5 28 40  6 41 39 10 35 39 50 79  4
  13 73 13 70 20 51 30 71 61 23 13 39 89 67 79 77 94 79 56 65 28 62  7 61
   4 53  8 84 14 53 59 56 47 25 23 59 86 53 90 60 18 67 35 64 26 20 51  2
  47 24 15 86 74 74 22 43 63 53 43 29 55 70 21 76 16 29 38 30 27 13 93 50
  16 89 24 25 24 39 15 51 93 18 53 91 77 39  3  5  3 65 42  6 47  2 53 72
  99 15 83 65 87 27 98  2 58 42 94 30 24 36 42 53 23 95 20 26 82 46 46 32
  61 51 74 41 92 27 86  5 48 13 77 53 85 11 34 43 40]]
 job2fam
 [[1 0 0 0 0 0 0 0 0 0 0 0 0 0 0 0 0 0 0 0 0 0 0 0 0 0 0 0 0 0 0 0 0 0 0 0
  0 0 0 0 0 0 0 0 0 0 0 0 0 0 0 0 0 0 0 0 0 0 0 0 0 0 0 0 0 0 0 0 0 0 0 0
  0 0 0 0 0 0 0 0 0 0 0 0 0 0 0 0 0 0 0 0 0 0 0 0 0 0 0 0 0 0 0 0 0 0 0 0
  0 0 0 0 0 0 0 0 0 0 0 0 0 0 0 0 0 0 0 0 0 0 0 0 0 0 0 0 0 0 0 0 0 0 0 0
  0 0 0 0 0 0 0 0 0 0 0 0 0 0 0 0 0]
 [0 0 0 0 0 0 0 0 0 0 0 0 0 0 0 0 0 0 0 0 0 0 0 0 0 0 0 0 0 0 0 0 0 0 0 0
  1 0 0 0 0 0 0 0 0 0 0 0 0 0 0 1 0 0 1 0 0 0 0 0 1 1 0 0 0 0 0 0 0 1 0 0
  0 0 0 0 0 1 0 0 0 0 0 0 0 0 0 1 0 0 0 0 0 0 0 0 0 0 0 0 0 0 0 0 0 0 1 0
  0 0 0 0 0 0 0 0 0 0 0 0 0 0 0 1 0 0 0 0 0 0 0 1 0 0 1 0 0 0 0 0 0 0 0 0
  0 0 0 0 0 0 0 0 0 0 0 0 0 0 0 0 0]
 [0 0 0 1 1 1 0 0 0 0 1 0 0 0 1 0 0 0 0 0 0 0 0 0 0 0 0 0 0 0 0 0 0 0 0 0
  0 0 0 0 0 0 0 0 0 0 0 0 0 0 0 0 0 0 0 0 1 0 0 0 0 0 0 1 0 0 0 0 0 0 0 0
  0 1 0 0 0 0 0 0 0 0 0 0 0 0 0 0 0 0 0 0 0 0 0 0 0 0 0 0 1 0 0 0 0 0 0 0
  0 0 0 0 0 0 0 0 0 1 0 0 1 0 0 0 0 0 0 0 0 0 0 0 0 0 0 0 0 0 0 0 0 0 0 0
  0 0 0 0 0 0 0 0 0 0 1 0 0 0 0 0 0]
 [0 0 0 0 0 0 0 0 0 0 0 0 0 0 0 0 0 0 1 0 0 0 0 0 0 0 1 0 0 0 1 0 0 0 0 0
  0 0 0 0 0 0 0 0 0 0 0 0 0 0 0 0 0 0 0 0 0 0 0 0 0 0 0 0 1 0 0 1 0 0 0 0
  0 0 1 1 0 0 0 0 0 0 0 0 0 0 1 0 0 0 0 0 0 0 0 0 0 0 0 0 0 0 0 1 0 0 0 0
  0 1 0 0 0 0 0 0 0 0 0 0 0 0 1 0 0 0 0 0 0 0 1 0 0 0 0 0 0 0 0 0 0 0 0 0
  0 0 0 0 0 0 1 0 0 0 0 0 0 0 0 0 0]
 [0 0 1 0 0 0 0 0 0 0 0 0 0 0 0 1 0 0 0 0 0 0 0 0 0 0 0 0 0 0 0 0 0 0 0 1
  0 0 1 0 0 1 0 0 0 0 0 0 0 1 1 0 0 0 0 0 0 0 0 0 0 0 0 0 0 0 0 0 0 0 0 0
  0 0 0 0 0 0 0 0 0 0 0 0 0 0 0 0 0 0 0 1 0 0 0 1 0 0 1 0 0 0 0 0 0 1 0 0
  1 0 1 0 0 0 0 0 0 0 1 1 0 0 0 0 0 1 0 0 0 0 0 0 0 0 0 0 0 0 0 0 0 0 0 0
  0 0 1 0 0 0 0 0 0 0 0 0 0 0 0 0 0]
 [0 0 0 0 0 0 1 0 0 0 0 1 0 0 0 0 0 0 0 0 0 1 0 0 0 0 0 0 0 0 0 0 0 0 0 0
  0 0 0 0 0 0 0 0 0 0 0 1 0 0 0 0 1 0 0 0 0 0 0 0 0 0 0 0 0 1 0 0 0 0 0 0
  0 0 0 0 0 0 0 0 1 0 0 0 0 0 0 0 1 0 0 0 0 0 0 0 0 0 0 0 0 0 0 0 0 0 0 0
  0 0 0 1 0 0 1 0 0 0 0 0 0 0 0 0 0 0 0 1 0 0 0 0 0 1 0 0 0 0 0 0 0 0 0 0
  0 0 0 0 0 0 0 0 0 0 0 0 0 0 0 0 0]
 [0 1 0 0 0 0 0 0 0 0 0 0 0 0 0 0 1 1 0 0 0 0 0 0 0 0 0 0 0 0 0 1 0 0 0 0
  0 0 0 0 0 0 0 0 0 1 0 0 0 0 0 0 0 0 0 0 0 0 0 0 0 0 0 0 0 0 1 0 0 0 0 0
  0 0 0 0 0 0 0 0 0 0 1 1 0 0 0 0 0 0 0 0 0 0 0 0 0 0 0 0 0 0 0 0 0 0 0 0
  0 0 0 0 0 0 0 0 0 0 0 0 0 0 0 0 0 0 0 0 0 0 0 0 0 0 0 0 0 0 0 0 0 0 0 1
  0 0 0 0 0 0 0 1 0 0 0 0 0 0 1 0 0]
 [0 0 0 0 0 0 0 0 0 1 0 0 0 1 0 0 0 0 0 0 0 0 0 1 0 0 0 0 1 0 0 0 0 1 0 0
  0 0 0 0 0 0 1 0 1 0 0 0 0 0 0 0 0 0 0 0 0 0 1 0 0 0 0 0 0 0 0 0 0 0 0 1
  0 0 0 0 0 0 0 0 0 0 0 0 1 0 0 0 0 1 0 0 0 1 0 0 0 0 0 1 0 0 0 0 1 0 0 1
  0 0 0 0 0 0 0 0 1 0 0 0 0 0 0 0 0 0 0 0 0 0 0 0 0 0 0 0 0 0 0 0 0 0 0 0
  0 0 0 0 0 0 0 0 0 1 0 1 0 0 0 1 0]
 [0 0 0 0 0 0 0 0 0 0 0 0 0 0 0 0 0 0 0 0 0 0 1 0 0 0 0 0 0 0 0 0 0 0 0 0
  0 0 0 0 0 0 0 0 0 0 0 0 1 0 0 0 0 0 0 1 0 1 0 0 0 0 1 0 0 0 0 0 1 0 0 0
  0 0 0 0 0 0 0 0 0 1 0 0 0 0 0 0 0 0 0 0 0 0 1 0 0 0 0 0 0 0 0 0 0 0 0 0
  0 0 0 0 0 1 0 0 0 0 0 0 0 0 0 0 1 0 0 0 0 0 0 0 0 0 0 0 0 0 0 1 0 0 0 0
  1 1 0 0 1 0 0 0 0 0 0 0 0 1 0 0 1]
 [0 0 0 0 0 0 0 1 0 0 0 0 0 0 0 0 0 0 0 1 0 0 0 0 0 0 0 0 0 0 0 0 0 0 1 0
  0 0 0 0 0 0 0 0 0 0 0 0 0 0 0 0 0 0 0 0 0 0 0 0 0 0 0 0 0 0 0 0 0 0 0 0
  0 0 0 0 0 0 0 0 0 0 0 0 0 0 0 0 0 0 0 0 1 0 0 0 1 0 0 0 0 0 0 0 0 0 0 0
  0 0 0 0 0 0 0 0 0 0 0 0 0 0 0 0 0 0 0 0 1 0 0 0 0 0 0 0 0 0 0 0 0 0 1 0
  0 0 0 0 0 1 0 0 0 0 0 0 0 0 0 0 0]
 [0 0 0 0 0 0 0 0 0 0 0 0 0 0 0 0 0 0 0 0 0 0 0 0 0 0 0 0 0 0 0 0 0 0 0 0
  0 0 0 0 0 0 0 0 0 0 0 0 0 0 0 0 0 1 0 0 0 0 0 1 0 0 0 0 0 0 0 0 0 0 1 0
  0 0 0 0 1 0 1 0 0 0 0 0 0 1 0 0 0 0 1 0 0 0 0 0 0 0 0 0 0 0 0 0 0 0 0 0
  0 0 0 0 1 0 0 0 0 0 0 0 0 0 0 0 0 0 0 0 0 1 0 0 1 0 0 1 0 1 0 0 1 1 0 0
  0 0 0 0 0 0 0 0 0 0 0 0 1 0 0 0 0]
 [0 0 0 0 0 0 0 0 0 0 0 0 0 0 0 0 0 0 0 0 1 0 0 0 1 1 0 0 0 1 0 0 0 0 0 0
  0 1 0 1 0 0 0 0 0 0 1 0 0 0 0 0 0 0 0 0 0 0 0 0 0 0 0 0 0 0 0 0 0 0 0 0
  0 0 0 0 0 0 0 0 0 0 0 0 0 0 0 0 0 0 0 0 0 0 0 0 0 1 0 0 0 1 0 0 0 0 0 0
  0 0 0 0 0 0 0 1 0 0 0 0 0 1 0 0 0 0 1 0 0 0 0 0 0 0 0 0 0 0 1 0 0 0 0 0
  0 0 0 1 0 0 0 0 1 0 0 0 0 0 0 0 0]
 [0 0 0 0 0 0 0 0 1 0 0 0 1 0 0 0 0 0 0 0 0 0 0 0 0 0 0 1 0 0 0 0 1 0 0 0
  0 0 0 0 1 0 0 1 0 0 0 0 0 0 0 0 0 0 0 0 0 0 0 0 0 0 0 0 0 0 0 0 0 0 0 0
  1 0 0 0 0 0 0 1 0 0 0 0 0 0 0 0 0 0 0 0 0 0 0 0 0 0 0 0 0 0 1 0 0 0 0 0
  0 0 0 0 0 0 0 0 0 0 0 0 0 0 0 0 0 0 0 0 0 0 0 0 0 0 0 0 1 0 0 0 0 0 0 0
  0 0 0 0 0 0 0 0 0 0 0 0 0 0 0 0 0]]
