params：
 weight-->(1, 10)
 proc_times-->(1, 100)
 setup_times-->(15, 30)
 delivery_times-->(100, 200)
 job_rate-->8

start:
alpha_1
8
 alpha_2
0.5
 mach
20
 job
160
 fam
12
 weigh
 [[0 7 4 7 2 1 3 4 4 9 5 9 4 5 1 9 5 7 8 3 1 9 7 3 2 9 1 1 5 5 4 2 3 2 6 1
  4 7 7 3 6 5 6 1 6 7 3 1 3 5 7 8 9 1 2 5 3 6 4 4 4 5 7 7 4 5 7 6 2 8 5 6
  3 1 8 9 5 4 9 5 7 6 6 7 1 5 5 3 1 7 2 3 3 3 4 4 1 9 7 3 4 9 4 1 9 3 8 6
  4 2 8 5 5 6 7 6 7 6 1 5 4 2 4 4 1 4 4 5 5 6 7 4 8 3 5 9 5 6 8 3 3 5 7 5
  7 8 7 9 6 2 3 1 3 1 1 3 1 6 1 2 1]]
 proc_times
 [[  0  15  69   2  64  53  33  23  80  53  83  79  52  29   9  79  31  77
   29  49  45  20  23  80  79  33  10  74  68  82   4   9  58  31  36  88
   14   7  87  38   3  85  61  60  36  88  93  99  85  94  54  46  55  47
    3  93  51  44  52  47  79   5  79  40  76  76  75  46  78  63  40  12
   53  45  59  56  96  36  35  80   7  53  31  96  33  22  82  86  80  62
   25  52  14  21  54  50  53  38  55  94  64  75  35  77  63  46  62  24
   66  68  42   6  80  24  66   9  89  72  37   7  77  29  46  29  69  62
   17  63  45  88  99  50  94  52   3  82   9  45  32   6   3  13   8   9
   32  13  28  97  77   9  68  57  53  39  34  47  57  86  72  48  82]
 [  0  48  69   3  49  74  45  82  17  37  54  36  62  82  29  32  82  83
   42  38  25  77  88  86  69  98  73  87  65  37  54  91  53  56  29  76
   59  28  84  40  13  56  47  90  36   4  48  74   1  27  72  53  87  37
   88  55   3  59  25  72  43  60  75  54  56  75  35  51  61  77  10  61
   32  86  72  28  30  14   5  82  87  15  24  91  14  29  85  12  10  17
   51  64  82  64  63  29  19  23  37  51  65  94  51  65  52  66  65  63
   18  34  96  53  21  91  15  67  28   3  61  76  32  95  25  18  36  28
   84  99  85   6   6  33  43  14  58  96  68  39  17  33  88   6  24  23
   33  41  15  77  43  59  65  58  83  39  79  63  45  28  32  71  82]
 [  0  31  76  29   6  83  35  19  85  37  15  12  99  45  80   8   2  20
   89  65  12  13  50  19  25  88  82  40  33  36  60  65  33  13  83  69
   94  96  24  92   6  65  88  28   3  61  92  54  78  78  60  69  63   8
   79  61  60  76  85  63  79  48  78  98  95  36  76  17  96  58  61  44
   24  13  22  43  24  30  14  47  60  29  36  37  60  97  70  74   4  73
   95   2  47  36  68  74   3  59  52  16  22  49  32  15  14  95  95  89
   37  58  25  44  96   9  29  12  51  13  95  51  39  19  53  27  16  57
   50   6  38  43  95  72  33  53  58  38  46  52   8  23  84  27  42  73
   13  55   9  74  15  39  93  78  51   4  36  34  59  89  39  38  81]
 [  0  93 100   2  92  83  97  34  81  12  76  56  58   8  45  64  37  22
   59  13  70  46  41  95  19  44   6  58  40  62  49  68   7  55  21  45
   12  56  85  44   4  91  76  36  44  55  83  80  84   9  75  53  47  26
   65 100  64  64  99  77  42  76  85  58  90  92  35  47  95  99  13  28
    1  54  92   5  51  87  23  30  57   7  17  92  31  92  13  19   7  52
   40  54  77  60  58   6  21  48  98  94  98  54  79  32  16  24  49  38
   72  18  85  54  27  58  96  56  22  93  79  59  97  95  45  15  89  43
   25  77  67  51  53   2  91  60   6  89  37  81  62  13  66  68  17 100
    6  71  86  98  21  74  52  63  76  50  58  76  51  99  90  23  86]
 [  0  90  69  83  88  69  96  87   4  30  65  85  18   9  69  10   6  62
   52  14  10  60   4  14  14  68  36  34  17  97  73  80  65  69  63  62
   27  44   9  80  83  20  97  65  98  29  56  38  14  61  66  49  80  31
   76 100  34  33  78  62  43  17  20  98  59  62  98  58  11  96   4  28
   51  35   1  59   1 100  72  36  90  54   5   7  89  25  99  81  80  58
   77   1   7  25   3  82 100  72  59   3  93  47   7  88  94  23  81  99
   42  85   7  58  88  15  17  62   9  23  99  45  80  56  61  79  47  28
   36  37  46  73  58  86  32  71  26  61  93   6   3  93   4   1   7  27
   17  47  83  30  96  83  41  96  25  53  17  94  59  55  45  89  28]
 [  0  35  98  91  47  70  32  43  25  89  10  81  32  11  25  58  77   9
   30  30  89  91  69  17  40  76  74  83  36  80  45  90  73   9  12  24
   52  21  91  72  19   9  72  89  90  92  92  80  65  54  27  70   4  66
   13   1 100  87  70  31  19  34  52  92  97  81   9  96  89  45 100  61
   93  10  69  10  19  73   8  40  25  54  15  81  86  81   1   3   1  65
   91  34  34  67  60  84  30  77  60  10  97   3  81  20  37   5  18   4
  100   7   4  59  96  45   4  85  43  81  37  21  45  24  55  72  95  80
   59  71  39  19  73   2  58  95  80  83  93  17  43  69  38  12   7  35
   93   2  45  80  43  13  60  45  12  58  94  58  94  92   5   9  46]
 [  0  73  80  59  47  51  73  46   2  12  26  10  96  25   7  31  38  84
   13  52  98  80  84   2  86  75  82  88  87  15  43  75  25  56  46  70
   65  30  46  37  71  13  22  82  56  76  21  33  92  49  35  14  65  92
   78  96  76  97  72  67  32  85  81  35  80   5  11  88  79  77  44  41
   66  22  31  34  28  14  52  37  16  65  23  61  24  39  85  24   4  60
   26  90  57  34  34  36  67  83  45  18  36  55  39  75  80  70  43  47
   86  25  99  51  71  27  97  72  92  87  92  46  84  99  18  48  77  80
   79  20  79  11  46   8  56  67  37  47  47  24  61  20  80  87  53  20
    2  32  12  53  93  75  72  32  16  12  35  63  53  87  34   2  75]
 [  0  39  11  18  39  40  53  57   6  60   3   9  64  14   2   7  66  70
   85  60  91  55  75   3  77  45  84  81  42  61  80  70  27   6   9  93
   17  39  59  70  47  14  63  77  20  43  75   7  89  92   8  44  45   7
   18  56  75  56  65  16  58   5  43  29  29  45  25  33  24  72  65  76
  100  44  23  92  66  84  68  69   8  76  38  52  44  35  39   5  47  47
   83  64  52  53  20  25  60  70  53  42 100  79  65  29  42  19   8  99
   87  49  10  15  69  76  73  10  42  65  80  48  54  32  93   4   8  76
   79  90  61  47  58  44  38  22  75  98  93  45  92  50  41  80  92  13
   45  79  79  60  60   3  31  77  94  68  38  46  40  17  85  31  63]
 [  0  55  12  40  27  25  43  49  10  57  77  93  83  60  69  52  50  42
   64  53  93   6  36  30  29  80  31  70  89  96   8  42  57  28  37  57
   83  17  15  99  28  26  82  99  18   8  76  70 100  15  81   9  67  62
   42  55  45  99  15  58  10  92  38  85  73  87  14  10  27   6  77  58
   45  15  30  83   1  82   4  28  14  88  62  88  39   9  27  47  34  54
   80  43  23  51  43  98  93  27   3  94  30  74  38   2  63  18  12  47
    4  84  71  77   5   3  32  21  73  30  80  52  34  30  42  15   1  30
   54  41  21  58  11  44  21  87  86  20  52  45  37  91  23  86  13  49
   54  22  58  92  20   3  74  52  68  89  17  36  28  72  76  39   7]
 [  0  33  56  41  17  54  63  86  23  15  35  48  44  94  38  95  57  82
   49  36  87  29  16  36  76  44  54  12  95  73  38  42  50  57  17  84
   29  10  87  74  39  42  27  80  20   5  42  75  78  13  74  39  49  64
   29  66  54  96  38  93  58  65  54  88  66  87  15  16  98 100  45  32
   52  25  48  12  99   9  83  62   9  68  92  61  80  51  60  70  26  42
   22  81  12  41  32   1  58  77  54  20  86  98  74  51  63  10  11  15
   80  73  72  79  74  63  73  42   3  40  96  80  86  84  29  89  32  51
   87   4  36  29  95  70  85  57  28  16  94  26  96  74  16  57  67  74
   55  46  30  52  11  34  36  20  49  59  35  93  29   5  27  53   7]
 [  0  33  40  91  35  27  42  24  77  32  17  49  46  10  88   7  70  83
   38  12  48  33   7  94  76  94  39  26  73  20  26  75  20  63  39  18
    2  23  85  10  28  71  69  11  77  25  37   6  92  47  13  94  82  95
   65  84  56  64  99  54  99   9  33  73  45  45   9  51  94  62  36  58
   32  95  51  79  75  76  62  80  11  17  94  27   1  40  85  88  50  65
   60  55  62  56  44  97  34   4  14  72  56  28  74  23  45  49   1  31
   92  27   4  95  56  39  64  95  23   2  24  52  51  33  53  60  52  52
   14  66  17  70  56  70  89  83   9  17  87  22   3  52  24  32  80  96
   51  48  46  90   1  11  76   2  85  14  55  72  22  60  88  28  66]
 [  0  28  37  84  14  60  35  86  37  88  20  78  61  64  89  62  82  25
   91  71  80  66  34   6  50   5  67  49  41  81  78  99  52  55  22  69
   53   8  47   2  99  91  76   6  15  84  90  53  29  74 100  58  29  70
   52  74  60  89  71  51  22  17  38  35  91  24  94  80  42  92  70  62
   51  97  21  26  23  68  34  37  47  41  70  24  88   3  78  60  91  45
   60  84  63  63  47  21  66  72  15  95  41  52  75   3  14  35  67  22
   42  26  50  94  58   8   5  46   5  34  11  99  30  71  84  41  96  25
   17  18  36  33  54  54   9  32   1  96  47  81  58  18  14  43  27  88
   18  14  33  51  65  82  11  81  54  55   2  92  49   2   2  36  96]
 [  0  36   7  71  16  74   5  31  55  54  24  15  34  37  17  33  93  68
   12  98  43  63   6  32  78  15  13  56  35  14  44  91  29  41  27  50
   83  67  57  41  50  83  41  21  24  16  52  71  22  27  19  49  87   8
    6  49  29  48  83  23  68  84  62  63  92  52  24  74  17  74  23  48
   56  59  36  83  51  36  51  55  56  83   9  22  21   3  88  72  28  55
   56   4  90  62  98  22  41  96  89  59  37  31  83  10   9  56  20  32
   36  66  51  39  41  23  61  75  44  64  93  71   1  20  44  11  48  48
   71  68 100  99  49  87  71  13  41  14   8  77  95  22  33  93  22  97
   36  49  86  31  31  36  95   1  55  36  95  48  61  97   4  40  94]
 [  0  47  18  57  90  22   6  20  34  83  54   1  33  58  44  41  74  13
   23   6  25  80  26  99  99  16  48  57  52  65  74  73  50  58  44 100
   17  48  49   8  61  29  42  39  92  47  51  66   2   9  46  81  52  36
   39  64  71  42   3  93  75  27  66  37  17  94  69  36  54  58   1   7
  100  31  31  46  38  64  38   2  24  83   9  75  35  50  42  41  10   6
    5  61  55  30  79  35  18  72  54  54  34  64  99  74  19  75  29  22
    2 100  78  34  34  13  22   6  40   2  51  99  28  18  50  80  70  33
   66  87  76  63  26  50  92  16  31  88  43  40  61  68  57  81  41  34
   36  30   3  56  92  27  21   3  67  32  30  55  34  30  35   1  81]
 [  0  56 100  43  72  29  31   9  30  68  97  66  38  55  86  73  18  66
   68  99  11  39  69  18  25  51  15  31  43  92  46  18  60  15  21  86
   87  19  56  34  27  88  48  53  67  66  36  53  21  59  66  79  32  73
   37  57  24  31  78  15  22  52  53  26   8   4  98  58  71  71 100   1
   94   8  30  30  85  12  91  97  38  48  95  20  76   2  75  73  89  15
  100  78  83  37  46  24  59  58   5  55   3   4  47  36  76  98  95  31
   22  69  52  84  97  19   9   7  69  15  39  44  20  52  20  57   9  82
   69  83  19  43   3  13  51  19  22  59  32  75  31  39  37  36  34  18
   16  37  78  26  53  73  54  28  55  87  10  98   6  86  68  21  53]
 [  0  64   9  41  38  33  58  83  79  36  39  74  11   7  64  56  76  71
   51 100  90  97  90  90   3  97   5  56  10  83 100  30  60  17  14  88
   39 100  23  27  16  98  50  95  37  13  69  14  89  47  41 100  15  83
   11  25  99   8  35  77  49  80  40  73 100  34  15  55  45  62  46   3
   50   1  39  64   4  38  67  59  29  51  40  45  75  98  68  53  64  94
   90  71  19  95  57  65  31  49  56  41  44  53  96  71   3  31  55  93
   20  19  10   4  32 100  49  55  68  55  32  79  53  45  65  92  81  81
   88  56   5  14  23  95  63  13  10  93  38  49  30  70  53  97  24  36
   66   1  13  79  34   9  70  44  18  83  83  28  41  98   9  23  58]
 [  0  19  67  89  55  79  74  44  88  79  43  15  29  99  82  71   1  12
   37  58  34  36  65  51  53  25  87  44   8  43   9  71  94  75  10  84
   28  90  16  80  22  55  79  44  75  26  72  75  94  81   3  77   8   3
    9  87  53  11  15  95  24 100   7  26  86  41  50  95  41  90  82   2
   50  33  88  79  61  12  33  41  39 100  47  27   2  85  13   5  65  22
   13  23  36   6  25  70  37  70   3  80  74  50  80  57  78  83   2  42
   54  97  39  78  99  56  29  17  37  23  49  51  39  75  49  65  85  64
   60  75  92  54  40  77  19  87  19  17   1  45  68  84  53  74  57  46
    9  93  37  41  12  65  37  29  71  25  51  64  52  68  33  10  70]
 [  0  89  17  56  16  90  37  16  38  29  94  34  78  77  64  66 100  48
   48  34  71  73  73   3  95  62  20   4  14  67  56  41  19  72  16   6
   63  68  13  13  16  95  28  82 100   2  85 100  51  64  53  26  25  85
   11  13  59  37  88  54  72  58  31 100  59  53  69  66  66  74  91   9
   69  59  82  75  36  55  92  36  86  24  79  87  90  16  82   7   8  94
   58  56  49  61   3   9  64   9  10  97  16  57  72  53  77  51  70  51
   12  44  60  85  93  76  43  73  50  54  31  76  71  78  41  16  30  77
   22  43  37  27  42  81  38  15  55  68  96  72  59  69  33  42  33  91
   91  48  95   5  97  70  54  86  35  61  13  73  72  83  34  27  36]
 [  0  94  66  96   8  65  58  54  90  27  28  12  72  87  48   3  56  94
   57  13  42  44  71  58  87   3  33  71  15  31  54  42  96  54  11  18
   74  86  95  48  10  76  43   6  25  13  45  86  28  84  64  83  39  57
   80  85  20  53  45  60  96  50  65  27  26  27  24   6  75  48  72 100
   92  24   5  72  99  81  49  75  44  63  60  59  70  30   8  98  39  59
   74  97  39   4  37  96  93  53  89  64  43  30  95  21  68  49  94  46
   80  28  27  56  83  18  34  85  47   4  73  46  24  24  46  68  74  69
   38  32  20  95  18  71  24  43  46  46  67  63  82  26  45  41  44  54
   83  55  21  20  57  91  24  46  23  70  71  35  79  82  41  22  90]
 [  0  10  79   9  87  33  72  35   2  81  99  88  77  96  25  94  41  34
   13  84  16  32  47  72   5  55  24  49  57  68  65  11  83  23  47  24
   72  94  49  32  43  18  17  54  53  65  62  97  66  72  28  38  80  63
   58  87  70  63  43  94  73  75  70  22  12  75  98  90  26  14  41  91
   43  92  14   9  33  68   7  30  68  25  21   1   3  54  39  52  41  58
   19  40   1  30  64  26  54  50  75  85  69  55 100  96  36  75   7  65
   90   9  14  60  70  60  16  75  25  38  70  37  39  38  57  89  15  82
   89  38  15  77  96  85 100   7   5   2  17   2  86   7  18  45   6  57
   47  87   6 100  91  76  77   2  65  90  53  77  78  58  22  31   9]]
 setup_times
 [[[ 0 24 23 29 17 15 21 20 23 24 22 15 20]
  [ 0  0 23 23 21 28 22 17 24 19 29 15 26]
  [ 0 26  0 21 19 27 29 26 24 23 23 28 18]
  [ 0 20 18  0 27 26 27 28 24 25 27 16 18]
  [ 0 16 29 24  0 29 18 29 23 22 16 19 16]
  [ 0 21 21 20 26  0 27 22 24 24 23 27 27]
  [ 0 17 17 28 25 23  0 28 23 25 15 20 29]
  [ 0 27 28 21 21 27 24  0 18 25 29 27 26]
  [ 0 25 26 18 25 28 19 15  0 20 16 22 29]
  [ 0 16 15 16 24 23 20 20 26  0 26 26 22]
  [ 0 20 25 27 22 18 20 20 18 24  0 17 25]
  [ 0 27 15 19 24 18 24 27 20 21 19  0 22]
  [ 0 16 23 28 27 22 25 28 16 21 16 18  0]]

 [[ 0 20 27 25 29 20 26 17 17 19 16 19 29]
  [ 0  0 21 28 23 23 24 15 24 17 16 20 27]
  [ 0 22  0 28 27 23 23 20 19 16 29 26 15]
  [ 0 24 16  0 21 27 24 20 22 16 28 22 24]
  [ 0 25 20 28  0 23 19 25 21 29 29 20 29]
  [ 0 18 24 22 27  0 27 17 21 25 23 22 23]
  [ 0 28 17 24 15 28  0 18 25 25 29 27 21]
  [ 0 26 27 23 22 27 20  0 29 24 24 29 26]
  [ 0 21 29 27 21 20 21 27  0 26 29 28 23]
  [ 0 21 29 27 16 19 26 27 17  0 23 22 26]
  [ 0 17 29 15 20 15 22 17 23 25  0 15 27]
  [ 0 19 18 28 21 23 25 17 20 16 19  0 16]
  [ 0 22 28 23 29 24 15 15 25 17 16 17  0]]

 [[ 0 27 29 17 20 22 27 18 24 27 17 20 18]
  [ 0  0 20 27 27 26 21 28 18 27 21 26 24]
  [ 0 19  0 29 20 23 23 18 26 16 19 21 21]
  [ 0 18 22  0 29 20 16 18 16 22 20 26 28]
  [ 0 24 28 16  0 18 18 21 21 17 22 24 28]
  [ 0 25 20 24 23  0 16 25 18 16 28 25 19]
  [ 0 23 24 27 23 27  0 19 17 18 23 19 16]
  [ 0 28 22 16 22 16 22  0 17 27 18 28 16]
  [ 0 23 24 28 15 27 25 16  0 25 21 15 25]
  [ 0 15 29 15 20 27 20 27 17  0 27 19 24]
  [ 0 26 16 18 16 21 25 16 18 19  0 25 24]
  [ 0 27 26 23 28 20 16 24 21 27 17  0 16]
  [ 0 17 26 28 15 28 22 18 22 23 20 26  0]]

 [[ 0 15 19 25 15 22 24 21 22 26 18 22 19]
  [ 0  0 24 19 28 23 23 29 15 29 28 20 18]
  [ 0 19  0 17 17 20 15 25 28 28 26 28 16]
  [ 0 21 23  0 15 15 21 17 20 26 17 29 17]
  [ 0 18 21 15  0 25 25 27 25 28 24 16 21]
  [ 0 20 21 18 18  0 15 28 17 24 21 23 16]
  [ 0 15 21 24 27 25  0 23 26 21 23 15 15]
  [ 0 28 21 28 23 23 17  0 17 27 20 19 19]
  [ 0 29 17 24 17 27 27 27  0 22 18 19 15]
  [ 0 21 16 22 18 29 24 20 22  0 19 25 18]
  [ 0 27 29 28 21 24 18 16 23 25  0 21 22]
  [ 0 21 24 29 18 23 24 24 29 15 24  0 20]
  [ 0 17 20 20 20 27 24 16 26 16 15 19  0]]

 [[ 0 24 28 27 23 16 28 16 15 26 19 20 15]
  [ 0  0 27 16 18 16 25 23 27 19 27 23 15]
  [ 0 15  0 26 23 21 16 22 28 21 20 16 24]
  [ 0 19 20  0 23 21 19 19 16 16 25 23 22]
  [ 0 24 20 15  0 28 22 24 18 20 20 20 29]
  [ 0 16 19 22 22  0 22 24 21 23 24 26 15]
  [ 0 21 26 17 25 27  0 19 22 26 20 27 17]
  [ 0 23 21 27 26 15 19  0 27 26 16 28 23]
  [ 0 29 19 21 17 16 23 26  0 18 20 24 28]
  [ 0 15 23 29 24 26 15 20 25  0 20 17 20]
  [ 0 21 19 19 17 18 23 19 28 15  0 29 16]
  [ 0 29 19 16 27 15 28 29 22 29 23  0 15]
  [ 0 16 24 20 16 26 15 18 24 27 26 26  0]]

 [[ 0 25 22 18 20 18 17 19 28 20 19 20 18]
  [ 0  0 19 16 17 22 27 22 27 17 26 16 28]
  [ 0 27  0 25 18 28 17 26 18 25 15 27 15]
  [ 0 20 22  0 18 29 18 23 19 27 25 27 21]
  [ 0 28 24 23  0 23 23 24 19 15 20 21 27]
  [ 0 25 28 25 21  0 28 28 23 29 28 19 22]
  [ 0 15 21 16 25 28  0 23 18 23 19 16 15]
  [ 0 28 26 26 20 17 28  0 17 22 25 27 15]
  [ 0 28 19 26 27 20 20 22  0 24 26 19 22]
  [ 0 24 20 23 21 28 20 20 27  0 21 16 28]
  [ 0 17 21 24 20 28 20 20 24 29  0 27 16]
  [ 0 23 27 17 24 23 23 24 21 23 19  0 15]
  [ 0 23 25 17 25 22 22 23 19 20 22 21  0]]

 [[ 0 15 16 28 16 23 23 28 28 16 17 16 22]
  [ 0  0 16 19 24 23 26 23 21 17 22 20 23]
  [ 0 18  0 16 28 22 20 16 26 28 29 21 16]
  [ 0 23 21  0 18 17 27 28 22 15 21 21 25]
  [ 0 26 17 28  0 23 16 20 16 19 15 16 23]
  [ 0 27 25 25 24  0 17 23 15 29 16 16 25]
  [ 0 25 26 24 21 22  0 25 16 25 21 17 17]
  [ 0 21 22 26 18 21 19  0 17 20 26 26 18]
  [ 0 15 27 26 18 27 28 24  0 19 26 21 28]
  [ 0 24 24 24 20 17 17 22 19  0 18 27 22]
  [ 0 26 15 22 21 21 21 26 22 17  0 20 23]
  [ 0 20 16 17 23 16 24 18 27 21 27  0 15]
  [ 0 27 28 20 25 19 26 25 18 23 28 20  0]]

 [[ 0 28 15 20 15 16 28 16 24 20 18 16 24]
  [ 0  0 28 29 15 23 17 17 28 22 25 27 22]
  [ 0 23  0 28 22 28 17 27 29 16 24 25 17]
  [ 0 27 21  0 19 18 19 26 20 23 20 16 27]
  [ 0 28 27 29  0 28 17 19 25 19 24 17 25]
  [ 0 21 20 16 18  0 26 24 15 22 21 15 27]
  [ 0 20 25 20 29 22  0 21 25 28 28 29 28]
  [ 0 18 25 17 27 24 25  0 26 18 27 28 23]
  [ 0 26 24 24 15 29 24 25  0 21 19 29 19]
  [ 0 24 23 18 28 24 29 27 28  0 19 28 25]
  [ 0 26 15 17 22 29 23 16 24 19  0 26 21]
  [ 0 21 26 29 20 15 17 27 20 21 16  0 29]
  [ 0 26 23 25 29 26 16 23 19 15 25 22  0]]

 [[ 0 16 25 22 16 19 16 16 17 19 27 21 25]
  [ 0  0 27 17 27 24 15 22 29 27 28 22 21]
  [ 0 23  0 22 25 16 22 17 18 22 27 23 23]
  [ 0 23 27  0 29 24 21 28 17 16 20 29 22]
  [ 0 25 26 23  0 27 22 22 18 25 22 18 25]
  [ 0 27 24 28 19  0 15 26 17 21 22 21 18]
  [ 0 21 26 22 20 28  0 17 15 23 29 19 21]
  [ 0 28 18 24 25 18 26  0 20 18 17 21 21]
  [ 0 22 24 19 16 17 19 23  0 28 29 29 21]
  [ 0 15 15 15 20 23 16 23 17  0 25 21 20]
  [ 0 16 22 16 22 26 28 17 26 29  0 20 27]
  [ 0 29 19 29 24 23 29 23 20 16 17  0 27]
  [ 0 23 16 18 21 19 17 25 18 19 17 15  0]]

 [[ 0 26 15 19 22 21 22 22 27 17 16 19 25]
  [ 0  0 20 24 24 22 19 29 24 25 29 21 20]
  [ 0 22  0 24 17 18 18 25 18 22 21 18 25]
  [ 0 19 20  0 19 27 18 27 27 24 28 23 28]
  [ 0 16 18 26  0 28 25 19 27 24 27 28 16]
  [ 0 22 21 26 18  0 15 25 25 23 24 16 23]
  [ 0 27 29 27 27 18  0 23 29 20 23 27 27]
  [ 0 25 24 19 25 28 29  0 20 21 28 17 29]
  [ 0 16 26 20 25 15 15 27  0 25 26 26 20]
  [ 0 27 17 29 27 24 21 29 25  0 15 15 18]
  [ 0 26 21 23 19 22 21 15 24 20  0 19 29]
  [ 0 25 15 24 23 19 22 27 20 23 25  0 27]
  [ 0 16 17 20 25 18 24 27 25 25 23 22  0]]

 [[ 0 18 27 17 27 19 22 15 16 22 18 27 24]
  [ 0  0 15 16 24 16 23 15 28 23 18 21 19]
  [ 0 16  0 16 28 23 18 29 15 29 25 27 25]
  [ 0 29 19  0 19 24 23 22 24 15 28 27 17]
  [ 0 16 23 22  0 28 27 17 28 29 26 25 15]
  [ 0 25 24 15 29  0 25 22 19 26 29 27 21]
  [ 0 15 16 21 15 28  0 18 21 22 21 27 24]
  [ 0 22 26 16 27 25 19  0 17 23 27 20 18]
  [ 0 27 19 21 20 21 18 16  0 15 17 21 29]
  [ 0 29 15 28 24 29 15 24 25  0 27 19 23]
  [ 0 28 29 25 21 28 22 18 22 21  0 16 15]
  [ 0 28 15 23 19 21 18 26 26 27 24  0 25]
  [ 0 18 25 24 21 17 27 19 29 25 27 28  0]]

 [[ 0 18 19 22 16 29 16 18 27 21 16 22 29]
  [ 0  0 22 22 24 26 21 28 24 28 28 26 18]
  [ 0 18  0 29 27 27 29 15 17 23 25 26 25]
  [ 0 16 17  0 18 20 18 20 24 26 29 23 15]
  [ 0 27 15 25  0 25 29 29 19 19 26 15 21]
  [ 0 27 26 25 18  0 22 25 23 21 29 17 26]
  [ 0 29 27 24 27 18  0 19 17 18 20 19 15]
  [ 0 21 29 27 22 15 16  0 21 18 25 22 16]
  [ 0 29 22 28 21 16 24 18  0 21 18 20 24]
  [ 0 21 18 23 29 27 17 26 23  0 21 21 27]
  [ 0 19 24 27 17 29 22 26 23 20  0 19 17]
  [ 0 27 21 22 19 23 24 26 17 23 18  0 24]
  [ 0 26 22 29 28 15 28 24 23 25 21 20  0]]

 [[ 0 28 16 16 26 29 28 28 29 19 22 29 23]
  [ 0  0 24 20 29 15 26 23 15 23 24 16 16]
  [ 0 24  0 26 27 19 22 18 17 26 16 19 29]
  [ 0 24 21  0 27 24 15 15 21 18 27 20 20]
  [ 0 19 25 21  0 24 23 29 27 25 24 24 28]
  [ 0 25 25 23 27  0 23 16 26 29 20 15 22]
  [ 0 20 19 20 29 28  0 22 19 27 22 28 19]
  [ 0 19 22 16 25 26 19  0 15 29 16 29 18]
  [ 0 27 21 16 20 24 28 26  0 29 24 26 25]
  [ 0 18 16 24 27 26 28 29 28  0 27 20 15]
  [ 0 22 19 16 17 21 16 25 28 24  0 20 29]
  [ 0 24 23 24 28 29 24 25 18 21 16  0 22]
  [ 0 22 28 15 29 17 20 15 19 23 18 25  0]]

 [[ 0 20 15 22 27 17 22 21 21 28 26 15 24]
  [ 0  0 20 22 16 22 24 19 22 17 24 27 26]
  [ 0 25  0 18 15 17 22 23 21 18 17 19 18]
  [ 0 23 25  0 21 21 20 18 20 27 17 23 19]
  [ 0 18 21 27  0 17 26 28 25 23 26 22 24]
  [ 0 23 21 25 17  0 28 28 22 19 20 29 18]
  [ 0 25 24 19 15 26  0 20 17 29 18 18 29]
  [ 0 22 29 19 29 20 24  0 16 29 19 20 23]
  [ 0 25 25 23 28 16 17 20  0 24 20 18 19]
  [ 0 27 24 27 22 19 26 19 27  0 15 21 29]
  [ 0 21 26 22 16 26 23 29 23 23  0 23 28]
  [ 0 16 17 15 18 19 20 27 22 26 24  0 26]
  [ 0 28 18 21 24 27 25 17 18 15 20 28  0]]

 [[ 0 15 20 18 24 23 19 20 26 15 25 28 29]
  [ 0  0 19 28 22 26 19 26 20 25 25 17 17]
  [ 0 24  0 25 25 25 28 27 22 19 16 29 25]
  [ 0 24 25  0 19 26 21 24 17 17 18 26 29]
  [ 0 28 26 19  0 23 16 16 20 28 26 29 20]
  [ 0 17 15 16 29  0 26 23 25 21 24 24 22]
  [ 0 17 17 15 17 28  0 18 26 19 17 28 28]
  [ 0 26 27 23 23 28 19  0 24 18 27 29 18]
  [ 0 26 20 29 18 25 27 17  0 22 15 15 21]
  [ 0 23 23 24 27 15 19 18 18  0 22 27 20]
  [ 0 19 28 29 21 27 18 28 22 23  0 15 19]
  [ 0 29 21 22 28 24 23 24 29 24 22  0 18]
  [ 0 16 20 26 23 21 24 18 23 27 28 23  0]]

 [[ 0 24 18 19 16 22 20 28 19 27 27 26 18]
  [ 0  0 17 17 22 19 29 18 26 26 19 29 22]
  [ 0 17  0 24 25 25 26 24 25 25 26 25 19]
  [ 0 26 23  0 20 25 28 25 28 16 16 28 23]
  [ 0 28 26 28  0 20 16 17 18 25 16 22 29]
  [ 0 24 26 28 26  0 23 16 21 29 20 28 17]
  [ 0 15 21 28 16 22  0 20 16 16 28 25 26]
  [ 0 23 21 18 24 20 24  0 29 19 28 24 20]
  [ 0 21 16 21 18 26 24 23  0 29 21 28 21]
  [ 0 22 15 24 28 25 15 19 24  0 20 21 20]
  [ 0 16 19 27 18 22 20 16 18 17  0 15 20]
  [ 0 22 18 27 25 22 18 17 27 15 27  0 24]
  [ 0 17 20 16 23 28 19 20 28 23 15 24  0]]

 [[ 0 27 16 20 21 27 29 19 23 17 27 18 24]
  [ 0  0 15 22 15 20 25 18 23 17 18 27 27]
  [ 0 17  0 19 28 25 24 24 18 22 24 22 18]
  [ 0 16 23  0 17 17 17 19 28 16 18 15 19]
  [ 0 22 29 17  0 28 27 21 21 23 19 24 24]
  [ 0 21 16 23 15  0 29 24 19 26 24 20 15]
  [ 0 20 28 28 20 29  0 27 26 26 17 15 22]
  [ 0 21 28 16 23 25 23  0 16 24 27 26 22]
  [ 0 24 24 24 15 23 17 17  0 21 28 19 26]
  [ 0 28 23 18 24 28 21 27 20  0 28 26 23]
  [ 0 15 26 20 28 25 23 19 20 16  0 21 28]
  [ 0 23 23 26 26 22 23 25 22 29 19  0 21]
  [ 0 29 17 24 22 17 25 23 28 20 21 29  0]]

 [[ 0 15 21 23 17 24 21 21 17 21 15 21 28]
  [ 0  0 29 21 29 28 25 22 21 25 22 20 25]
  [ 0 27  0 24 26 15 24 27 16 18 26 29 23]
  [ 0 28 28  0 24 16 25 25 19 22 22 25 25]
  [ 0 21 25 22  0 20 26 29 26 18 15 25 22]
  [ 0 19 25 23 28  0 26 29 27 24 23 22 27]
  [ 0 22 20 27 17 27  0 19 24 21 20 28 26]
  [ 0 29 20 28 26 27 24  0 25 20 28 26 28]
  [ 0 18 22 24 18 29 24 19  0 28 15 25 28]
  [ 0 21 21 28 21 29 19 16 21  0 24 29 21]
  [ 0 22 27 17 18 17 18 15 26 18  0 18 22]
  [ 0 27 20 22 22 26 16 20 25 29 27  0 18]
  [ 0 26 16 29 27 21 19 24 17 23 17 29  0]]

 [[ 0 16 22 26 27 28 20 16 21 23 26 17 16]
  [ 0  0 23 24 19 19 23 26 18 21 16 25 22]
  [ 0 17  0 29 18 19 29 25 15 19 18 15 17]
  [ 0 15 29  0 22 22 19 17 17 25 25 22 26]
  [ 0 22 21 24  0 28 15 20 28 16 18 20 27]
  [ 0 19 21 18 29  0 16 16 20 16 25 19 21]
  [ 0 28 15 17 18 29  0 21 16 16 17 26 24]
  [ 0 20 25 29 21 23 25  0 28 22 20 17 20]
  [ 0 16 27 28 26 17 25 21  0 22 24 29 24]
  [ 0 17 22 20 18 20 28 16 19  0 15 26 29]
  [ 0 24 23 25 27 20 17 26 27 27  0 20 26]
  [ 0 22 21 26 24 27 20 15 24 22 26  0 15]
  [ 0 22 19 21 25 22 17 22 15 21 23 20  0]]

 [[ 0 16 26 17 21 15 27 18 25 29 24 23 20]
  [ 0  0 20 16 19 24 26 28 29 16 19 24 18]
  [ 0 23  0 26 19 26 25 18 23 23 23 19 20]
  [ 0 20 28  0 19 21 25 19 24 28 27 23 16]
  [ 0 23 26 23  0 18 20 28 18 17 19 17 20]
  [ 0 15 28 18 27  0 18 17 15 20 22 18 17]
  [ 0 29 15 26 28 29  0 15 19 27 22 21 29]
  [ 0 26 29 20 24 18 24  0 15 25 21 19 22]
  [ 0 21 17 23 29 25 27 24  0 21 19 19 23]
  [ 0 19 17 21 29 20 19 29 22  0 16 18 19]
  [ 0 18 26 15 19 19 25 24 18 29  0 26 28]
  [ 0 18 20 24 26 29 18 28 24 27 25  0 15]
  [ 0 29 29 22 22 29 27 25 21 27 19 19  0]]]
 delivery_times
 [[  0 181 125 169 152 128 124 117 157 104 177 177 181 128 101 187 107 106
  164 157 196 195 105 159 103 191 127 157 101 101 113 168 132 177 191 147
  139 117 178 186 195 138 141 136 119 133 117 149 166 108 157 143 152 159
  122 139 143 138 182 151 172 152 113 161 140 104 149 124 133 107 128 123
  143 164 177 136 144 197 176 144 112 174 152 133 104 187 199 137 111 125
  187 134 184 114 127 187 134 164 195 110 197 123 132 179 158 183 109 118
  197 194 125 173 148 168 147 157 183 175 175 145 173 143 119 103 192 130
  119 177 115 142 140 149 138 192 174 196 190 153 124 139 100 134 148 132
  179 103 153 100 111 199 180 190 183 168 154 138 117 142 114 159 177]
 [  0 108 145 148 152 122 193 187 183 173 155 125 169 199 180 107 131 169
  141 161 190 188 116 133 147 188 169 169 151 103 138 108 118 106 148 111
  145 179 144 163 114 135 121 141 146 149 175 178 112 129 198 102 134 103
  115 161 145 156 169 182 134 179 183 161 195 107 102 150 194 152 174 193
  163 128 175 124 106 124 111 129 168 161 185 118 196 150 170 132 179 174
  137 168 129 162 123 193 150 160 152 191 138 106 125 102 161 187 130 151
  111 109 157 194 162 157 183 129 185 114 179 162 100 114 170 146 158 179
  125 124 173 175 190 182 198 130 133 196 163 190 162 161 196 188 163 113
  123 120 170 198 195 132 171 197 109 104 116 174 130 148 135 162 104]
 [  0 186 126 107 133 163 174 103 158 188 116 148 195 172 116 146 131 126
  153 111 128 177 174 160 145 181 136 184 138 162 159 196 123 183 199 120
  124 188 157 170 106 114 128 169 101 167 164 168 182 190 181 194 114 132
  196 107 167 185 135 119 177 129 199 134 164 161 192 113 140 115 155 148
  153 137 198 171 169 174 140 191 129 160 186 180 111 136 130 142 195 172
  100 111 194 150 173 158 119 140 136 120 111 124 138 160 118 148 164 170
  147 109 196 117 151 192 193 113 110 125 137 137 130 133 117 145 199 114
  150 141 153 164 199 193 111 198 108 146 193 123 113 181 187 148 137 114
  188 179 159 173 166 164 136 175 192 152 186 103 166 146 189 195 153]
 [  0 194 194 143 130 160 199 178 194 155 119 111 165 123 183 185 144 184
  131 189 172 114 170 154 181 179 139 157 128 148 178 145 132 102 105 140
  173 199 184 120 168 122 139 127 139 179 193 114 122 163 108 159 164 162
  100 186 139 158 176 116 173 188 102 168 181 124 108 107 152 155 186 153
  166 126 197 195 106 190 137 115 117 192 123 132 199 132 125 187 117 152
  110 103 162 106 116 171 152 175 106 130 137 107 195 141 149 192 173 180
  177 128 143 169 175 153 155 154 192 162 198 111 173 132 169 186 190 167
  195 124 104 168 180 177 109 116 177 133 139 174 146 184 160 135 146 158
  199 105 137 188 145 176 176 165 103 190 113 187 125 187 108 181 162]
 [  0 131 191 183 173 127 130 103 157 145 153 147 120 111 190 177 181 157
  143 136 188 172 130 149 182 145 156 157 176 155 199 116 151 111 106 129
  159 122 163 110 132 121 159 120 175 150 189 182 182 149 164 192 130 111
  185 161 115 188 131 109 171 103 142 169 193 192 113 159 110 120 146 139
  132 172 102 170 169 140 146 157 150 190 166 115 174 137 176 127 114 108
  190 177 143 168 158 173 141 196 152 186 127 196 116 130 116 139 191 112
  109 174 154 108 176 178 162 100 121 137 102 122 190 198 160 191 135 194
  124 151 151 187 134 130 177 123 112 176 117 188 147 182 132 197 101 117
  199 198 106 104 120 124 180 194 109 135 168 137 138 151 107 192 188]
 [  0 125 111 183 178 133 161 105 141 104 133 193 102 151 145 116 186 156
  151 152 105 167 184 109 123 174 145 181 195 156 118 144 154 141 159 168
  141 105 147 151 119 152 188 160 187 191 121 101 146 194 113 152 101 156
  179 118 146 117 163 139 114 194 127 151 175 198 178 195 189 167 162 120
  110 128 115 182 132 170 171 129 122 147 144 170 126 130 139 124 127 169
  141 126 146 193 180 139 189 145 124 115 100 160 155 141 183 160 164 133
  144 198 169 154 177 145 189 174 176 168 100 133 125 121 182 167 155 113
  139 192 157 119 159 119 118 185 138 108 110 177 128 194 190 181 103 113
  106 199 113 133 103 139 163 100 186 182 195 165 153 124 189 157 112]
 [  0 134 195 126 102 151 178 143 190 130 181 150 127 138 152 130 171 100
  116 123 168 178 172 157 142 137 133 199 162 134 185 154 157 108 154 188
  138 138 195 160 177 195 190 186 143 189 149 176 110 113 184 162 118 184
  112 159 143 123 143 118 183 196 148 160 161 135 198 110 116 136 134 161
  123 102 127 183 155 189 115 177 179 153 166 188 171 114 170 151 104 195
  191 173 152 139 137 196 187 122 198 125 177 153 166 169 179 109 122 193
  181 125 189 183 133 119 196 140 126 112 114 139 136 103 194 196 199 148
  113 139 177 176 144 168 161 171 102 134 139 128 124 150 143 158 161 136
  173 179 198 155 184 141 185 155 183 186 156 147 134 161 111 192 176]
 [  0 195 118 175 173 111 104 149 111 154 113 128 184 176 160 179 140 131
  158 143 106 133 163 142 169 130 167 162 150 181 164 139 158 196 181 148
  108 107 188 107 116 111 119 100 169 197 128 177 190 101 146 181 146 199
  127 131 184 108 116 160 101 174 140 135 138 149 183 130 183 180 156 159
  160 186 124 131 112 131 157 154 112 168 199 141 120 148 100 110 108 199
  116 102 112 103 116 117 141 111 122 183 151 167 107 151 140 159 158 159
  173 188 176 153 188 142 174 118 138 174 115 135 129 164 157 116 153 195
  164 186 189 171 166 186 108 139 175 169 181 149 188 144 175 150 199 140
  153 111 104 173 111 121 112 103 178 176 155 193 167 194 116 133 195]
 [  0 110 132 114 182 140 161 105 166 112 172 181 140 136 134 106 182 196
  163 146 124 180 170 141 177 180 153 169 161 152 143 173 173 152 100 122
  169 198 159 189 141 101 104 197 150 145 176 160 141 143 132 196 196 178
  198 104 176 131 165 105 105 109 130 100 149 159 146 185 127 114 140 132
  190 191 123 171 113 164 111 181 149 113 116 119 155 125 165 119 147 124
  195 116 110 132 152 117 161 105 135 106 141 134 194 156 163 184 113 182
  167 192 197 120 162 149 186 121 168 105 124 151 157 162 190 152 140 116
  151 130 161 116 189 163 145 130 195 173 174 113 140 158 143 146 137 140
  119 158 182 182 159 193 147 132 164 164 184 167 134 135 190 165 130]
 [  0 114 120 122 139 128 195 126 119 197 125 145 174 166 112 121 199 134
  188 165 164 149 157 103 198 132 130 157 158 143 175 113 144 174 105 167
  120 194 199 142 120 157 164 175 166 193 140 178 164 191 146 110 158 152
  185 183 116 104 129 159 131 140 121 168 154 140 133 168 142 169 181 103
  150 115 123 126 125 182 155 142 159 164 118 101 151 169 162 141 136 160
  189 128 107 197 192 168 136 136 133 198 188 142 186 143 179 110 173 105
  131 192 171 164 125 199 197 139 187 100 107 179 101 183 176 154 182 121
  179 121 145 197 172 129 142 177 145 153 115 150 164 181 148 148 155 150
  100 102 107 173 176 187 136 164 172 103 168 123 183 177 161 171 153]
 [  0 148 103 112 142 112 185 101 177 138 164 165 119 136 148 196 127 158
  173 176 168 142 162 154 112 114 138 124 160 115 159 128 112 184 100 187
  186 181 102 181 178 196 131 144 183 152 146 151 111 155 183 170 190 139
  139 143 154 133 154 188 101 162 181 188 174 152 160 197 184 142 168 135
  157 142 166 182 132 185 112 149 194 142 126 164 184 155 113 136 165 130
  175 110 114 155 192 174 110 175 109 153 141 176 183 104 155 103 173 103
  168 193 131 159 168 179 147 118 139 166 188 167 142 138 165 102 151 120
  125 188 171 129 165 173 115 116 143 158 168 169 157 152 145 189 196 154
  195 114 132 132 117 199 170 149 161 183 151 176 175 159 154 126 114]
 [  0 127 165 129 178 182 177 116 188 193 122 121 113 104 146 155 107 118
  136 160 147 197 105 163 107 152 142 176 189 111 172 144 134 188 186 165
  173 128 107 174 169 197 164 167 190 115 103 100 194 123 129 141 100 118
  148 104 153 119 197 167 135 111 177 196 118 145 137 199 123 113 188 108
  181 143 127 112 115 182 182 143 178 100 126 163 103 158 129 114 167 150
  156 116 100 136 125 115 188 130 197 161 174 163 198 113 121 167 169 155
  102 104 130 160 156 129 138 196 105 151 141 154 108 122 154 150 189 194
  165 146 108 108 113 159 168 117 142 185 120 110 198 144 113 108 141 170
  174 192 113 127 142 137 143 198 103 190 196 165 183 115 135 103 172]
 [  0 123 146 121 183 109 117 178 126 143 160 190 188 101 154 190 139 158
  140 110 143 101 134 103 125 177 182 122 159 134 121 132 146 151 135 157
  179 183 115 155 167 150 184 191 149 196 192 197 191 140 133 105 136 119
  144 107 157 112 158 199 127 155 137 186 166 168 126 167 166 166 120 177
  158 124 180 110 179 161 169 146 128 106 136 138 144 132 121 183 130 148
  130 172 191 124 108 149 175 129 173 172 120 111 150 179 106 184 179 149
  178 178 173 127 189 152 130 117 154 137 178 158 109 178 179 165 199 192
  171 165 176 154 117 100 145 183 132 181 154 176 114 149 167 103 160 162
  137 189 167 110 126 166 140 189 147 196 100 106 105 154 192 123 175]
 [  0 184 185 173 123 190 179 192 121 106 108 168 132 190 170 136 161 136
  109 163 176 197 179 153 188 129 197 152 121 111 162 198 157 139 158 180
  177 196 171 119 191 124 110 165 182 192 178 192 164 135 169 177 166 113
  194 138 191 109 157 160 144 146 181 146 139 137 188 168 149 163 193 177
  199 197 150 157 183 160 156 150 186 171 167 144 177 188 147 134 149 103
  130 113 128 192 133 170 127 151 132 130 195 118 140 107 142 105 160 184
  193 135 182 111 188 169 179 157 183 180 196 198 143 178 143 157 191 195
  165 117 188 101 126 104 129 112 123 183 101 106 104 157 196 125 111 186
  187 129 123 162 135 104 180 189 101 185 106 174 124 188 171 146 140]
 [  0 191 103 137 108 163 141 192 186 151 157 117 156 175 101 121 131 149
  178 111 179 151 171 156 187 175 148 193 156 115 165 174 160 113 109 188
  166 176 125 176 125 184 122 107 185 177 113 108 119 154 100 185 170 169
  114 158 178 175 122 136 185 110 127 155 167 138 143 172 131 104 106 117
  176 177 162 184 146 158 115 177 118 116 199 109 136 193 112 192 162 156
  111 172 193 148 123 192 102 195 127 156 132 150 135 149 119 123 128 151
  150 106 152 137 140 154 173 145 196 132 127 144 184 159 169 164 126 178
  184 118 142 125 118 132 177 143 118 165 145 171 159 197 173 184 195 142
  143 141 198 107 158 131 128 181 128 142 116 172 151 117 168 165 162]
 [  0 119 122 106 151 109 147 115 182 179 114 106 137 164 186 131 145 110
  103 131 149 184 112 139 153 149 129 134 177 159 177 153 145 160 152 102
  167 153 134 131 159 163 195 109 110 189 105 173 145 181 133 143 108 174
  142 100 110 162 142 144 171 111 165 186 126 165 111 120 162 134 168 156
  136 198 127 154 196 129 102 115 100 176 156 117 155 112 144 132 104 120
  139 133 175 153 143 161 145 133 131 173 177 139 138 104 174 194 175 138
  187 124 170 123 111 101 147 127 194 116 144 150 132 103 133 136 142 170
  151 136 117 198 154 188 135 103 112 117 110 158 134 135 147 136 117 178
  142 120 184 142 194 169 162 162 117 138 137 152 155 144 178 180 143]
 [  0 140 134 153 146 169 179 105 180 169 126 181 131 159 197 137 173 139
  161 181 116 167 176 151 131 123 198 119 137 101 104 195 124 168 128 145
  179 101 169 156 122 181 106 133 165 122 144 140 116 189 153 195 161 173
  105 101 136 105 186 164 143 176 135 185 197 152 141 168 129 134 103 132
  149 170 167 130 151 184 128 157 156 161 130 182 181 143 130 137 147 176
  170 106 175 198 136 114 172 137 151 102 133 110 148 108 144 124 175 155
  152 156 107 141 132 146 120 110 113 150 164 195 152 139 177 181 177 138
  169 148 188 115 134 179 123 178 110 134 182 100 115 147 135 110 195 121
  149 192 132 136 185 113 103 188 157 197 172 125 138 117 162 199 187]
 [  0 103 118 135 197 162 111 187 128 157 119 145 193 121 119 132 190 114
  163 100 141 151 168 199 177 108 166 176 150 144 139 145 174 153 158 124
  187 103 134 198 145 122 170 134 136 156 187 173 134 181 160 133 157 132
  147 180 130 127 167 190 132 114 185 167 156 178 179 101 153 150 134 157
  124 113 186 112 167 155 198 136 191 158 101 111 102 199 144 156 123 179
  148 129 109 197 102 183 118 157 165 139 138 154 195 136 124 152 124 144
  164 104 186 137 103 102 120 109 192 145 172 140 110 129 116 199 143 106
  190 159 139 184 112 187 103 126 107 195 156 138 156 105 103 152 124 104
  119 113 154 118 172 164 110 152 191 169 187 149 104 186 188 182 123]
 [  0 163 198 102 104 115 135 139 199 127 138 192 176 118 120 162 109 140
  184 156 151 187 137 133 193 148 143 132 190 112 159 151 125 178 148 171
  182 188 199 190 142 175 192 185 198 118 127 156 183 122 139 100 186 150
  128 155 101 133 109 166 137 190 174 168 122 192 150 154 196 196 157 126
  190 125 106 197 187 163 139 143 113 124 111 141 164 114 160 192 164 145
  129 191 194 186 165 136 117 181 137 186 199 163 151 190 139 100 162 135
  192 186 186 167 136 168 149 122 160 171 120 174 115 127 179 185 142 134
  139 196 194 100 148 112 163 164 167 182 176 183 150 102 172 164 164 161
  187 186 117 161 139 163 111 193 142 104 111 126 148 174 152 107 122]
 [  0 131 143 103 130 191 160 186 197 192 111 170 130 183 198 190 127 101
  107 101 192 107 123 188 142 162 193 162 161 105 140 193 139 145 138 154
  112 103 184 125 120 111 183 124 113 141 108 142 166 129 137 135 179 197
  102 197 182 157 170 199 193 196 144 104 185 199 166 172 192 162 123 120
  119 169 166 187 114 177 118 174 121 181 141 177 153 172 118 168 167 114
  114 111 134 126 109 167 143 185 126 179 199 154 103 120 197 148 123 114
  181 164 142 191 156 191 135 129 143 133 153 148 166 159 181 153 184 137
  117 167 107 161 102 153 174 141 113 104 195 189 126 149 133 155 113 165
  174 144 127 189 190 131 190 141 184 196 167 134 130 100 100 107 175]]
 job2fam
 [[1 0 0 0 0 0 0 0 0 0 0 0 0 0 0 0 0 0 0 0 0 0 0 0 0 0 0 0 0 0 0 0 0 0 0 0
  0 0 0 0 0 0 0 0 0 0 0 0 0 0 0 0 0 0 0 0 0 0 0 0 0 0 0 0 0 0 0 0 0 0 0 0
  0 0 0 0 0 0 0 0 0 0 0 0 0 0 0 0 0 0 0 0 0 0 0 0 0 0 0 0 0 0 0 0 0 0 0 0
  0 0 0 0 0 0 0 0 0 0 0 0 0 0 0 0 0 0 0 0 0 0 0 0 0 0 0 0 0 0 0 0 0 0 0 0
  0 0 0 0 0 0 0 0 0 0 0 0 0 0 0 0 0]
 [0 0 0 0 0 0 0 0 0 0 0 0 0 0 0 0 0 0 0 0 0 0 0 0 0 0 0 0 0 0 0 0 0 0 0 0
  1 0 0 0 0 0 0 0 0 0 0 0 0 0 0 1 0 0 1 0 0 0 0 0 1 1 0 0 0 0 0 0 0 1 0 0
  0 0 0 0 0 1 0 0 0 0 0 0 0 0 0 1 0 0 0 0 0 0 0 0 0 0 0 0 0 0 0 0 0 0 1 0
  0 0 0 0 0 0 0 0 0 0 0 0 0 0 0 1 0 0 0 0 0 0 0 1 0 0 1 0 0 0 0 0 0 0 0 0
  0 0 0 0 0 0 0 0 0 0 0 0 0 0 0 0 0]
 [0 0 0 1 1 1 0 0 0 0 1 0 0 0 1 0 0 0 0 0 0 0 0 0 0 0 0 0 0 0 0 0 0 0 0 0
  0 0 0 0 0 0 0 0 0 0 0 0 0 0 0 0 0 0 0 0 1 0 0 0 0 0 0 1 0 0 0 0 0 0 0 0
  0 1 0 0 0 0 0 0 0 0 0 0 0 0 0 0 0 0 0 0 0 0 0 0 0 0 0 0 1 0 0 0 0 0 0 0
  0 0 0 0 0 0 0 0 0 1 0 0 1 0 0 0 0 0 0 0 0 0 0 0 0 0 0 0 0 0 0 0 0 0 0 0
  0 0 0 0 0 0 0 0 0 0 1 0 0 0 0 0 0]
 [0 0 0 0 0 0 0 0 0 0 0 0 0 0 0 0 0 0 1 0 0 0 0 0 0 0 1 0 0 0 1 0 0 0 0 0
  0 0 0 0 0 0 0 0 0 0 0 0 0 0 0 0 0 0 0 0 0 0 0 0 0 0 0 0 1 0 0 1 0 0 0 0
  0 0 1 1 0 0 0 0 0 0 0 0 0 0 1 0 0 0 0 0 0 0 0 0 0 0 0 0 0 0 0 1 0 0 0 0
  0 1 0 0 0 0 0 0 0 0 0 0 0 0 1 0 0 0 0 0 0 0 1 0 0 0 0 0 0 0 0 0 0 0 0 0
  0 0 0 0 0 0 1 0 0 0 0 0 0 0 0 0 0]
 [0 0 1 0 0 0 0 0 0 0 0 0 0 0 0 1 0 0 0 0 0 0 0 0 0 0 0 0 0 0 0 0 0 0 0 1
  0 0 1 0 0 1 0 0 0 0 0 0 0 1 1 0 0 0 0 0 0 0 0 0 0 0 0 0 0 0 0 0 0 0 0 0
  0 0 0 0 0 0 0 0 0 0 0 0 0 0 0 0 0 0 0 1 0 0 0 1 0 0 1 0 0 0 0 0 0 1 0 0
  1 0 1 0 0 0 0 0 0 0 1 1 0 0 0 0 0 1 0 0 0 0 0 0 0 0 0 0 0 0 0 0 0 0 0 0
  0 0 1 0 0 0 0 0 0 0 0 0 0 0 0 0 0]
 [0 0 0 0 0 0 1 0 0 0 0 1 0 0 0 0 0 0 0 0 0 1 0 0 0 0 0 0 0 0 0 0 0 0 0 0
  0 0 0 0 0 0 0 0 0 0 0 1 0 0 0 0 1 0 0 0 0 0 0 0 0 0 0 0 0 1 0 0 0 0 0 0
  0 0 0 0 0 0 0 0 1 0 0 0 0 0 0 0 1 0 0 0 0 0 0 0 0 0 0 0 0 0 0 0 0 0 0 0
  0 0 0 1 0 0 1 0 0 0 0 0 0 0 0 0 0 0 0 1 0 0 0 0 0 1 0 0 0 0 0 0 0 0 0 0
  0 0 0 0 0 0 0 0 0 0 0 0 0 0 0 0 0]
 [0 1 0 0 0 0 0 0 0 0 0 0 0 0 0 0 1 1 0 0 0 0 0 0 0 0 0 0 0 0 0 1 0 0 0 0
  0 0 0 0 0 0 0 0 0 1 0 0 0 0 0 0 0 0 0 0 0 0 0 0 0 0 0 0 0 0 1 0 0 0 0 0
  0 0 0 0 0 0 0 0 0 0 1 1 0 0 0 0 0 0 0 0 0 0 0 0 0 0 0 0 0 0 0 0 0 0 0 0
  0 0 0 0 0 0 0 0 0 0 0 0 0 0 0 0 0 0 0 0 0 0 0 0 0 0 0 0 0 0 0 0 0 0 0 1
  0 0 0 0 0 0 0 1 0 0 0 0 0 0 1 0 0]
 [0 0 0 0 0 0 0 0 0 1 0 0 0 1 0 0 0 0 0 0 0 0 0 1 0 0 0 0 1 0 0 0 0 1 0 0
  0 0 0 0 0 0 1 0 1 0 0 0 0 0 0 0 0 0 0 0 0 0 1 0 0 0 0 0 0 0 0 0 0 0 0 1
  0 0 0 0 0 0 0 0 0 0 0 0 1 0 0 0 0 1 0 0 0 1 0 0 0 0 0 1 0 0 0 0 1 0 0 1
  0 0 0 0 0 0 0 0 1 0 0 0 0 0 0 0 0 0 0 0 0 0 0 0 0 0 0 0 0 0 0 0 0 0 0 0
  0 0 0 0 0 0 0 0 0 1 0 1 0 0 0 1 0]
 [0 0 0 0 0 0 0 0 0 0 0 0 0 0 0 0 0 0 0 0 0 0 1 0 0 0 0 0 0 0 0 0 0 0 0 0
  0 0 0 0 0 0 0 0 0 0 0 0 1 0 0 0 0 0 0 1 0 1 0 0 0 0 1 0 0 0 0 0 1 0 0 0
  0 0 0 0 0 0 0 0 0 1 0 0 0 0 0 0 0 0 0 0 0 0 1 0 0 0 0 0 0 0 0 0 0 0 0 0
  0 0 0 0 0 1 0 0 0 0 0 0 0 0 0 0 1 0 0 0 0 0 0 0 0 0 0 0 0 0 0 1 0 0 0 0
  1 1 0 0 1 0 0 0 0 0 0 0 0 1 0 0 1]
 [0 0 0 0 0 0 0 1 0 0 0 0 0 0 0 0 0 0 0 1 0 0 0 0 0 0 0 0 0 0 0 0 0 0 1 0
  0 0 0 0 0 0 0 0 0 0 0 0 0 0 0 0 0 0 0 0 0 0 0 0 0 0 0 0 0 0 0 0 0 0 0 0
  0 0 0 0 0 0 0 0 0 0 0 0 0 0 0 0 0 0 0 0 1 0 0 0 1 0 0 0 0 0 0 0 0 0 0 0
  0 0 0 0 0 0 0 0 0 0 0 0 0 0 0 0 0 0 0 0 1 0 0 0 0 0 0 0 0 0 0 0 0 0 1 0
  0 0 0 0 0 1 0 0 0 0 0 0 0 0 0 0 0]
 [0 0 0 0 0 0 0 0 0 0 0 0 0 0 0 0 0 0 0 0 0 0 0 0 0 0 0 0 0 0 0 0 0 0 0 0
  0 0 0 0 0 0 0 0 0 0 0 0 0 0 0 0 0 1 0 0 0 0 0 1 0 0 0 0 0 0 0 0 0 0 1 0
  0 0 0 0 1 0 1 0 0 0 0 0 0 1 0 0 0 0 1 0 0 0 0 0 0 0 0 0 0 0 0 0 0 0 0 0
  0 0 0 0 1 0 0 0 0 0 0 0 0 0 0 0 0 0 0 0 0 1 0 0 1 0 0 1 0 1 0 0 1 1 0 0
  0 0 0 0 0 0 0 0 0 0 0 0 1 0 0 0 0]
 [0 0 0 0 0 0 0 0 0 0 0 0 0 0 0 0 0 0 0 0 1 0 0 0 1 1 0 0 0 1 0 0 0 0 0 0
  0 1 0 1 0 0 0 0 0 0 1 0 0 0 0 0 0 0 0 0 0 0 0 0 0 0 0 0 0 0 0 0 0 0 0 0
  0 0 0 0 0 0 0 0 0 0 0 0 0 0 0 0 0 0 0 0 0 0 0 0 0 1 0 0 0 1 0 0 0 0 0 0
  0 0 0 0 0 0 0 1 0 0 0 0 0 1 0 0 0 0 1 0 0 0 0 0 0 0 0 0 0 0 1 0 0 0 0 0
  0 0 0 1 0 0 0 0 1 0 0 0 0 0 0 0 0]
 [0 0 0 0 0 0 0 0 1 0 0 0 1 0 0 0 0 0 0 0 0 0 0 0 0 0 0 1 0 0 0 0 1 0 0 0
  0 0 0 0 1 0 0 1 0 0 0 0 0 0 0 0 0 0 0 0 0 0 0 0 0 0 0 0 0 0 0 0 0 0 0 0
  1 0 0 0 0 0 0 1 0 0 0 0 0 0 0 0 0 0 0 0 0 0 0 0 0 0 0 0 0 0 1 0 0 0 0 0
  0 0 0 0 0 0 0 0 0 0 0 0 0 0 0 0 0 0 0 0 0 0 0 0 0 0 0 0 1 0 0 0 0 0 0 0
  0 0 0 0 0 0 0 0 0 0 0 0 0 0 0 0 0]]
