params：
 weight-->(1, 10)
 proc_times-->(1, 100)
 setup_times-->(60, 120)
 delivery_times-->(1, 100)
 job_rate-->8

start:
alpha_1
8
 alpha_2
2.0
 mach
20
 job
160
 fam
8
 weigh
 [[0 7 9 8 2 9 6 8 5 7 9 2 5 1 9 1 3 1 6 4 3 5 5 4 9 1 3 5 1 3 7 7 4 2 5 8
  8 2 4 8 5 5 8 1 9 8 6 2 4 7 3 9 8 7 6 5 5 1 6 2 9 5 3 6 5 4 8 9 5 6 8 8
  5 8 2 1 2 1 5 1 7 9 1 7 1 5 9 8 2 5 1 1 5 3 3 9 3 8 7 6 7 9 7 3 7 6 2 8
  7 6 5 3 8 8 5 4 7 9 7 4 7 2 1 4 5 6 2 4 3 7 1 2 2 2 1 7 4 8 1 6 5 8 3 5
  3 6 3 6 3 4 5 8 6 6 3 3 9 9 7 2 8]]
 proc_times
 [[  0  45  60  20  65  35  99  34  35  71  91  17  59  93  37  40  28  18
   37  37  69  62  10  22  65  20  53   5  48  32  14   1  57  20  27  39
   84  48  14  48  55  80   7  94  95  33  15   9  82  35 100   7  64  64
   29  20  52  89  34  40  48  17  55  92  15  85  52  44  86  22   6  14
   14  11  48  67  22  30  40   1  35  39  44  30  68  10   2  55  83  88
   41  36  24  69  79  73  33  70   7  69  39  59  48  38  29  18   6  22
   44   8  27  89  79  31  53  66  50  75  77  94  86  36  53  33  71   1
   58  52  86  28 100   7  34  31  35  38  54  84  66  81  61  94  42  47
   87  69  45  22  99  40  30  24  82  89  89  72   1  47  21  98  52]
 [  0  27  69  65  73   2  18  30  81  83  42  68  42  27  25  14  36  40
   47  44  96   1  85  93  84  24  34  82  17  90  71  86  80  71  60  44
   74  80  55  33  62  16  84  62  80  13  25  51  57  67  47  88   4  33
   65  16  15  18  94  53  19  37  58  95  13  87  55  87  24   3  52  24
   80  36  46  78 100  33  42   3  25  24   9  39  44  19  76  51  13  73
   49  35  85  11  26  13  85   4  80  97  88  98   6  69  93  49  37  11
   98  89   1  56  65  78  67  69  31  51  33  74  59  95  80   7   1  60
   29   9  76  73  17  85  13  81  45  78  73  37  50  81  55  98  87  31
   41   7  44  73  40  58  10  86  50   8  57  73  71  99  13  81  34]
 [  0  90  46   6  45  11   2  38  78  57  73  63  68  75  49  11  43  12
   30  66  92  70  99  68   7  57  71  97  89  44  63  16   9  65  27  94
   53  45 100  59  60  87  39  77 100   5  31  32  45  77  69  26   7  47
   82  47  57  32  32  94  40  92  88  45  46  40  68  28  37  88  46   7
   76   2  60  48   6  35  37  23  14  91  77  88  78  42  44  56  62  22
   88  62 100  93  65  34  18  58  50  22   2  71  94  81  73  94  19  91
   85  57  27  39   8  42  37  24  45  15  80  63  15  52  18  79  61  26
   80  50  86  31  27  66  11  82  75  42  15   9   9  94  39  11  45  35
   27  63   8  16  74  27  40  73  90  48  87  85  97  85 100  32  67]
 [  0  30  34  77  76  67  98  78  11  62  17  21  24  38  40  90  64  96
   94  37  77  82   1  12  21   3  55  49  46  33  67  21  49  48  72  37
   44  43  84  35  83  82  23  47 100  40  18  93  28  94  78  76  89  58
   42  51  15  11   2  39  53  61  47  38  23  89  43  72  26  21  69  76
   57  95  19  77  91   9  26   3  47  34  98  45  87  24   9  59  56  88
   99  78  87  20  18  64  90  17  14  40  67   8  36  84  49  28  64  28
   35  79  83  78  62  83  37  17  62   7  82  31  54  66  23  84  32  74
   71  67  61  79  93  66  88   7  43  99  87  15  46  89  98  31  81  14
  100  76  86   8  30  24   5  43  28  74  87  89  67  66  90  78  63]
 [  0  96  35  33   6  50  99  64  96  67  93  74  58  50  10  23  99  76
   83  89  79  30   4  78  61  48  83  48  11  90  47  56   4  93   1  88
   53  93  57  62  59  31  63  44  50  81  64  94  97  78  17  93  42  22
    5  77  86  17  43  29   9  83   4   2  60  75   4  99  34  46  19  63
   24  25  31  15  66  29  62  34   6  54  92  27  86  73   1  66  37   3
   60  69  12  15  14  98  69  35  84  98  71 100  15  38  59  78  54  11
   76  95  30  14  31  77  60  30  51  98  73  86  39  74  46  65  95  71
   88  79  55  66   1  20  50   7  46  72  72  81  85  29  78  64   1  54
   40  67   8  78  40  72   9  91  87  93   6   1  87  95  77  16  23]
 [  0  51  53  91  18  85  50  71  93  41  47  51  15   8  53  69  71  71
   30  93  49   6   8  85  60  43  34  37  47  97  46  97  16  59  88  23
   51  75  54  30  36   9  46  50  95  74  84  55  89  86  28  52  93  90
   29  96  52  76  67  14  80  85  70   6  80   2  71   4  12  82   7  91
   81  61  48  52  50  30  89  98  16  86  52  27  47  18  15  56  96  30
   84  73  75  23  90  37  12  74  16  55  68  12  43   5  23  48  18  79
   75  80  12  78  21  40  54  33  60  12  40  63  23  10  46  14  51  53
   65  15  91  46  72  12  74  17  72  64  54  22  43  89  24  12  34  87
   84  28  78  53  66  66  99  22   9  36  36   9  39  20  95  19   2]
 [  0  20  57  25  31  53  30  37  37  59  39  49  20  64  94  14  90  16
   37  15   1  81  12  33  51   5  50  57  48  72   7  45  51  54  64   9
   40  99  48  18   5  27  49  90  65  90  37  84  64  68  44  45  67  94
   18  18  18  85  98  16  91  45  22  67  88  89  51  86  83  56  75   6
   18  68  45  67  54  99  98  33  18  78  41  20  34  76  20  60  31  56
   37  46  87  69  98  16  68  60  55  86  44  79  61  98  67  63   7  64
   96  66  66  32  59  36  41  89  11  30  31  85  15  71  60  16  60  11
   37  74   9  15  71  52  29   2  45  61  97  96  55  69  56  85  54   1
   20  78  60  81  32  16  30  28  17  75  70  25   3  53  95  65  98]
 [  0  83  98  27  56  56  50  93  19  91  62  80   8  12  13  16   8  95
    3  28  24  60  18  26  32  48  42  87  27  95  51  79  39   6  46   2
   40  92  87  16  86   9  66  73   6  16  90  89  44  86   9  79  32  98
   54  94  94  67  79  87  63  54  88  48   1  50  14  34  63  51  80 100
   13  14  44  95  64  61  90  16  23  91  85  68   6  81  27  78  49  71
   18  52  39  21   7  28  56  81  41   8  63  48  76  87  33  18   4  34
  100  84  44  47  72  39  90  33  67  17  83  62  85  78  74   7  97  63
   33  22  30  68  56  77  11  20   7  48  59  24  89   2 100  20  77  28
   94  25  74  22   7  57  63   5  12  39  34  71  14  74  21   5  97]
 [  0  91  64  22  44  66  58   9  45  29  26  53  50  87  21  47  78   3
   20  24  25  42  56  87   8  46  64  59  14  93  60  93  17  92  27  80
   28  88  30  39  48  11  49  54  26 100  50  86  18  60  90   4  54  15
    6  44  19  19  85  31  71  24   5  89  62  89  79   3  83  61  11  81
   95  23  74   4  93  44  71  38   7  24  73  42  97  96  59  34  98  98
    9  41   3  17  99  90  77  69  70  83  24  11  90  84  71  28  34  31
    6   7  88  40  88  42   8   8  66  94  62  78   7 100  72   3   5   1
   14  42   4  92  25  17  82  86  82  28  77  51  29  24  32  60  20  87
   27  44  77  17  93  61  90  97   1  23  60  43  56  30  61  61  59]
 [  0  77  60  74  96  59  19  12  48  76  36   3 100  46  37  47   3  14
   22  24  31  41  53  53  99  16  52  99  51  63  41 100  87  18  53  67
   58  55  19  97  20  31  69  97  34   2   7  93  81 100  37  53  90  17
   85  42  89  25  30  12  54  93  95  26   4  29  83  60  88  28  92  49
   20  88  11  22  61  49  69   5  87  28  16  75  15  60  61   4  84  74
   41  17  40  12  73  35  75  84  15   7  76  33  68  87  83  12  74  85
   90  17  38  38  50  53  10  64  69  84  73  88  45   5  59  41  45  64
   45  51  61   2   8  33  79   2  41  13 100  39  33  18  47  75  96  64
   53  71  29  22  41  25   7  79  13  46  43  57  46  83  21  84  54]
 [  0  27  85  64   4  31  95  27  81 100  45  51  47  36  53  83  96  23
   17  92  78  99  59  91  67  73  59  95  70  41  93  95  34  34  40  85
   89  60  59  95  67  32  98  86  29  91  32  25  74  41   3  55  87  89
   97  31  77  17  96  60  51  16  47  93  75  54  93  38  45  42  54  36
   65  90  18  52  81  88  78  89  71  68  41  62  22  56  99   9  96  23
   10  21  28  24  95  88  23  60  78  24  59  87  45  31  18  88  67  86
   55  38  48  58  87  48  21  75  60  35  98  58  39  56  90  42  90  90
   41  12  23  73  16  34  47   8  31  79  10  23  85  85  90  56  55  52
   67  50  44   3  15  42   7  64  84  34  86  67  53  33  44  43  62]
 [  0  14  78  25  36  98  98  98  25  93  63  97  21   8  11   5  45  23
   12  39   8  60  12  85  84  26  13  57  42  85  89  68   3  34  30  61
   68  24   8  44  61  88  65  36  29  82  61  55  85  42  53  29   5  62
   80  42  17  87  63  77  58  32  96  79  26  11  21  87  44  32  88  42
   10  85   5  95  13  52  22  47  54  61  31  69   9  32  33  54  56  46
   51  93   8  60 100  96  34  71   3  91  93  75  21  57   5  26  37  22
   50  62  91   2  55  47  45  72  97  35  98  82  25  76  21  84  80  64
   71  11  41  68  95  47  12  68  59   3  33  53  76  81  56  26  53  88
   58  48  52  73  56  67  40  80  29  32 100  93  75  85  50  28  49]
 [  0  13  12  20  42  99  39  72  27  73  66  30 100  76  95  29  30  95
   17   1  99  48  43  82   9   2  13  77  19  15  61  18  37  11  74  39
    8  31  57  39  90  32  18  76   7  47  19  49  61  79  18  87  88   8
   34  73  50   6  96  56  79  43  46  34  41  59  99  32  23  75  82  39
   29  42  84  38  29  78  52  16  37  32  10 100  51  43  16  85  42  12
   75   5  97  20  38  48  55  11  64  57  81  15  32  43  41   3  81  31
   47  91   9  64  86  18  70  83  88   8  24  50  20  46  24  90   2  17
   69  10  58  82   5  87  67  53  32  89  48  94  78  63  10  99  97  14
   62  88  21  15  28  44  16  78  98  51  72  70  49  65  63  87  93]
 [  0  12  53  25  44  49  12  25  26  69   9 100  46  74  91  33  11  27
   74  76  99  86  41  54  18  13  77  69  33  66  63  43  16   5  65  25
   62  57  59  85  57  53  43  14  34  61  67  10  73  23  26  63  87  13
   15  35  32   8  84  56  67  99  30  48  57  85  99  36  78  19  30  23
   62  67  54  86  26  92   9  52  23  38  99  23  39  55  95  32  79  45
   23  70  36  21  65  96  79  75  54  76  76  45  74  95  91  78  59  14
   57  27  61  26  64  16  91  35  69  62  21  61   1  46   8  82  46  20
   47  73  52  11  86   7  64  86  22  71  87  72  20  83  77  94  79   2
   78  84   8  35  27  65  70  50  64  60   8  33  37  55   4  23  86]
 [  0  29  65  25  32  37  54  65  80  67  24   3   9  85  56  89   2  19
   99  70  45  48  92  10  33  77  79  36  43  80 100  29  53  67   9  54
   94  71  49  19  33  13  31  35  26  29  37  54  13  85  62  84  28  87
   86  86  36   2  79  74  11  44  40  36  21  72  26  49  20  76  98  56
   81  84 100   5  67  45  47  11  96  59   3  12  64  78  36  40  25  58
   94  50  44  61  13   7  15  15  61  41  45  18  85  66   6  71  24  82
    1  76  30  85  58  75  24  17   3  73  21  79  49  40  96  20  10  68
   59   3  21  27  66  78  36  91  57  54  55   7  52 100  83  11  40  82
   25  67  20  40  97  62  58  61  55  57  54  83  18  87  27  18  75]
 [  0   9  48  23  77  38  90   1  78  97  79  70  33  71  42  59  78  11
   55  26  55  40  27  52  55  62  50  82  17  41  54  68  92  47  77  51
   52  95  63  27  10   8  63   5  81  72  79  91  39  96  90   8  57  41
   36  26  87  53  18   5  13  13  31  35  66  50  87  32  33  48  15  75
   66  42 100  98  59  21  12  17  88  55   7  33  77  37  51  45  34  82
   99  35   5  91   7  30  92  17  69  28  86   3  19   9  80  13  65  23
   88  34  30  46  56  82  52  62  18  79  83  26  81  58  67  84  31  49
   48  32  27  64  68   1  13  38  84  48  36  68  96  16  76  68  42  15
   21  65  93  96   7  13  53  34  25  51  84  20  44  52  38  56  27]
 [  0  13  88  38  81  67   2  38  89  73  36  55  36   3  65   2  95  40
   56   8  66  46  78  33  23  73  14  81  37  93  72  98  10   2  38  50
   98  92  58  18  54  89  38  51  50  98  96   5  51  76  17  11   7  22
   21  56  45  35   7  53  37   1  10  65  97  40  98  79  79  89  80  84
   52   3  93  87   9  25  71  32  48  78  29  66  27  83  63  12  44  43
   38  50  96  57  25  12   5  99  25  72  80  79  58  97  92  43   8  79
   42  54  32  46  72   6  88  53  96  54  36 100  50  78  59  92  99  28
   30  78   5  77  93  27  19  97  33  54  52  64  22  71  95  66  22  42
   27  65  87  96  52  86  26   4   1  25  93  83  51  57  76  42  62]
 [  0  60  15  21  91  25  62  29  75  24   8  13  17  98  75  31  69  43
   66  87  27  23  51  87  15  69  14  72  76  72  27  94  94  11  43  72
    1  76  28  78  85  79  66  92  35  73  86  16  85  47  14  65  52  10
   37  75 100  12   4  46  79  14  13  11   2  16   9  86  64  71  40  20
   19  18  51 100  64   6  57  69  67  87  85  79  41  34  90  53  61  33
   42  11  61  71  69   7  35  21  97  78  16  95  62   1   1  51 100  22
   61  22   5  12  33  24  67  78  44  23   5  98  17   5  92  72  22  86
   59  21  77  53  99  86  94  32  61  31  48  15   7   4  92  87  10  86
   91  65  10  50  60  21  34  98  74  17  66  56  47  67  38  15  79]
 [  0  39  57 100  74  56  80  55  88  28  17  19   8   3  22   3   5  84
    9  38  71  49  44  43   6  88  58  36  77  77  27  87  48  95  76  33
   94  72  29  62  63  41  68  11  48  98  41  98  10  52  34   6  32  80
   87  93  72  70  82   8  32  45  44  92  64  91   7  96  94  18   6  27
   39  71   7  83  31  54   7  68  88  49  72  68  93  17  11  67  22  62
   42  82  34  63  72  66  89  66  20  89  97  69  20  24  33  16   4  37
   65  95  21   2  43  95  95  37   3  71  40   3  21  67  62   2 100  43
   68  63  45  90  21  26  89   8  45  86  30  92   9   2  50  93  69   7
   87   5  62   2  70  71  52  32  15  37  72  51  67  92  49  99  60]
 [  0  15  24  50  62  85  11  41   4  34  62  20  98  52  69  31  90  86
    6  25  51   2  60  39   4   1   4  48  99  47  37  85  84   9  92   7
   23  22  21  28  37  31  56  95  39  20  64  16  21  86  54  79  66  85
   97  84  82  48  63  63  22  16  15  51  97  32  38  11  81  73  42  81
   85  23  45  51  37 100  67  30  79  33  99  41  49  16  19   3  85  73
   79   5   1  43  95  13  34  14  87  84  67  94  17  72  20  84  50  50
   93  68  86  43  18  86  66  34  83  39  81  94  78  35  64  34  51  30
   47  84  48  71  88  40  61  24  52  49  68  20  97  89  38  22  84  52
   71   3  94  31  13  24  25  70  48  94  55  50  93  86  86  51  36]]
 setup_times
 [[[  0 113  93 107  85 107  74  64  80]
  [  0   0  85 115  72  62  70  63 111]
  [  0 109   0  60  63 115  67 104  76]
  [  0 100  69   0 103 106 106 101  91]
  [  0  80 106 111   0  73 118 109  94]
  [  0 105 103  98  62   0  93 109  78]
  [  0  65  79  95 117  72   0  78  94]
  [  0  67  72  64  84 112 100   0  96]
  [  0 106  68 104  76 118  86 107   0]]

 [[  0  81  78  62  95  85  86  98  60]
  [  0   0  69  60  87  77 118  65 101]
  [  0 109   0 103  86  79  64 108  81]
  [  0  68  86   0  74 105  95 119  80]
  [  0 103 105  67   0 105  80 118  81]
  [  0  85  66  82 102   0  75  70  63]
  [  0  94  83 106  87  75   0 111  90]
  [  0 105  76 105 103  76 113   0  61]
  [  0 106 112  84  81  90 104  92   0]]

 [[  0 107 114  64  75  82 117  60  62]
  [  0   0  93 104  70  73  67  91  70]
  [  0  93   0  78 103 103  96  90  79]
  [  0  82  68   0 115  65  96  78  93]
  [  0  77  79  64   0  80 104  72  86]
  [  0  82 119  96  65   0  77  92  81]
  [  0  69  75  73 107  60   0  65  60]
  [  0 105  82  79  98 107  78   0  90]
  [  0  66  68  95  94  83  71  69   0]]

 [[  0  92 119 105  74  97 104  64  86]
  [  0   0  96  98 111  69  78  83 102]
  [  0  84   0  67  95  89  89  76  61]
  [  0  92  61   0  95  61 118 108 106]
  [  0 106  68  94   0  78  60  78 113]
  [  0  97  81 101  82   0  63 108 111]
  [  0  74 108  65  85  94   0 111  84]
  [  0  74  82 109 105 105  97   0 115]
  [  0  96  68  69  72  89  69 102   0]]

 [[  0  67  88  79 106  86  60 112 116]
  [  0   0  67  67  65  88  79  81  69]
  [  0  60   0  77 116  63  82  74  73]
  [  0  92  71   0  92  64  83 109  68]
  [  0  64  97  97   0  82 100 116  98]
  [  0 114  68 109  75   0  75  64  64]
  [  0  81  89  93  73  98   0  73  87]
  [  0  61  70  83  64  82  79   0 119]
  [  0 116  85  74  90  71  71 108   0]]

 [[  0 112 106  93  98 112  60  61  91]
  [  0   0  71 110 109  83  80  63  93]
  [  0  79   0 101  97  71  68  64  97]
  [  0  90  68   0 118  69 107 108 116]
  [  0 119  78  75   0  70  79  84 107]
  [  0  69  96  86 115   0 110 103  84]
  [  0  80  64  75 117  63   0  69 113]
  [  0 110 116  67  70  90  61   0 106]
  [  0  73  65  62  81  78  93 108   0]]

 [[  0 108  98  78 114  66  67  77 118]
  [  0   0  77  68 109 106 116  70  82]
  [  0  95   0  91 103 115 108  67 118]
  [  0  94  87   0  97  65 115  94  80]
  [  0  67  64  74   0 119  96 107 119]
  [  0  80  76  86 115   0  77  86 119]
  [  0  63 105  85  66 106   0 109  91]
  [  0  67 102 101  60  79 111   0  82]
  [  0  70 117  87  64  89 109  91   0]]

 [[  0  94 116  93 115  80 116  73  68]
  [  0   0  96  88  73 102 116  97  88]
  [  0 102   0  61  78 113 102 118  86]
  [  0  85 107   0  68  60 105  85  85]
  [  0 107 115 116   0  69  96  90  90]
  [  0 107  79  95 102   0  73  72  99]
  [  0  85  71  61  72  89   0  98  98]
  [  0 115  97 114 115  74 100   0 111]
  [  0  98 113 101  79  60  63  91   0]]

 [[  0  81  67  73 110  81 109 112 113]
  [  0   0  94  85 104 110  73  69  68]
  [  0  70   0  94 101  83  73  68 106]
  [  0  82  77   0 119  69 107  94  82]
  [  0 118  71 100   0  69  99  62  92]
  [  0 108 111 112 113   0  98  78  70]
  [  0 103 103 106 108  99   0  72  63]
  [  0 119  73  99 102  91 106   0  83]
  [  0 104  72  94 112  94  92  72   0]]

 [[  0 105  94  85 116  93  66  64  95]
  [  0   0  94  60  68 117 118  93  95]
  [  0  80   0  96  64 103 118 118  65]
  [  0  80  89   0  82  64 108 110  90]
  [  0 102  82 113   0  80  62  96 103]
  [  0  70  97  62 107   0  75  66  86]
  [  0  78  68  73 117  78   0 100  70]
  [  0 110  90  87  77 101  94   0  74]
  [  0 108  95  76 107  62  94  78   0]]

 [[  0  79 100 102  84  85  78 117  92]
  [  0   0  97  82  65  91 114 107 109]
  [  0  88   0  90 102  68  75  73 116]
  [  0  95  80   0  90 103 101  61  64]
  [  0  70  75  69   0  64  80  65 108]
  [  0  77 103  91  98   0  60  73  89]
  [  0 112  86 115  73  92   0  85  75]
  [  0  70  90  70 118  64 104   0 112]
  [  0 110 114 103 110  94  86  78   0]]

 [[  0  68 106  97  82 112  92  91  76]
  [  0   0  88 113 119  74  64 108  73]
  [  0 110   0  74  89 114  84  99  70]
  [  0  76 104   0  81 113 119  62  69]
  [  0  90  71 103   0  78  86  99  79]
  [  0 101  65 119  96   0  64  80  98]
  [  0 108  90  96  99  84   0  73  60]
  [  0  66  61  78  90 114  98   0 102]
  [  0  65  77  84  95 101  70 102   0]]

 [[  0  89 117  85  89  85  70  78  74]
  [  0   0  99  62 104 109 115  95  65]
  [  0  87   0  94  66 100 115  65  92]
  [  0  92  90   0  78  68  88 105 113]
  [  0 103  86  70   0 102  90 119 118]
  [  0  65  71  89  77   0  60  94  93]
  [  0  68  93 105  78 106   0  71  90]
  [  0  86  77  72  88  81  98   0  80]
  [  0  70 113  80 100  94 101  74   0]]

 [[  0  95  81  83  71  66  91  72 119]
  [  0   0  77  79 112  69 108  65  65]
  [  0  70   0  93  61  89 102 113  69]
  [  0  97  75   0 100  62  69 104  98]
  [  0  82  83 100   0  92  80  75 113]
  [  0  99  63 102 107   0 108  82 115]
  [  0  83  84 119 118  98   0 103  84]
  [  0  79  68  61  65  99  84   0 117]
  [  0  66 103  62 104 115  60  67   0]]

 [[  0 104  80 115 118  90  79  71  83]
  [  0   0 110 114 100  64  81  79 116]
  [  0  74   0  82  79  67  84  97 106]
  [  0 111 103   0  90  91  69  85  90]
  [  0  82  61  65   0  73 112 119 109]
  [  0  91 101  86 100   0  91  61  70]
  [  0  87  91  85  64  81   0 103  73]
  [  0  67  97 105  69 105  66   0  99]
  [  0 101 102  92  86  65  71 108   0]]

 [[  0  69  91  83  67  83  72 112  96]
  [  0   0  90  73  86  93 110  76  96]
  [  0  85   0  79 108  78  86 116  85]
  [  0 103 102   0  92  83 119  89  79]
  [  0  68  61 102   0  70  60  76  62]
  [  0 114 119 118 117   0  99  92 110]
  [  0  79  69  69 110  60   0  78 118]
  [  0  64 116  69  91  95  83   0 119]
  [  0  88 108  79  78  94  65 112   0]]

 [[  0  70  94  88 112  69  71  60 118]
  [  0   0  61  87  78  78  75  74  86]
  [  0 112   0  73  91  74  77  61  82]
  [  0 116 101   0 101  79  60  99  86]
  [  0 107 104 105   0  87 108 117  94]
  [  0 114  68 100  73   0  80  97 102]
  [  0  74  79  74  77 113   0  89  98]
  [  0  96  98  91  71  97  70   0 117]
  [  0  97  65 107 103  96  90  91   0]]

 [[  0 112  84  96  73  86 110  62  77]
  [  0   0  79 105  95 105  86 113 105]
  [  0  93   0  75 111  61  90  70 108]
  [  0  72  65   0  71  90 108  91 111]
  [  0 112  89  61   0  89  98  66  63]
  [  0  87 115 119  77   0  80  99 102]
  [  0 117  88 117  63 102   0  67 111]
  [  0 111  72  69  63  94  96   0  83]
  [  0 118 106 100 104  82  65 108   0]]

 [[  0  98 119  98  76  89 101  99 108]
  [  0   0  90  62  83 119 100  92  91]
  [  0  64   0 101  82 102 108 118  90]
  [  0  86  71   0  67  95  73  61 114]
  [  0  67 116  74   0  60 102 115 112]
  [  0 104  82  78  92   0  74  61 117]
  [  0 113 100  88  93  89   0 106  83]
  [  0  62  67  66 102  72  80   0  88]
  [  0  70  65 119  98 118  83 107   0]]

 [[  0 110 113  71 107 112  97 112 111]
  [  0   0 106  92 118 118 100  94  89]
  [  0 119   0  76  94 110  96  98 101]
  [  0  99  66   0 104 111  95  64  97]
  [  0  66  61  95   0 106  70  66  91]
  [  0 105  88  86 116   0  83 106  93]
  [  0  83  82  91  63  62   0  62  84]
  [  0 110  92  91 108 117 106   0  73]
  [  0  96  93  83  98  71  74 104   0]]]
 delivery_times
 [[ 0 12 52 73 84 19 82 49 99 42 52 67 89 10 66 63 73 18 40 57 49 17 56  5
  42 46 22 43  7 69 77 85 75 67 54 87 61  1 84  8 76 57 31 66 21  9 82 64
  10 95 88 19 67 67 61 32 83 66 66 38 29 23 41 53 86 69 29 29 29 64 75 77
  35 72 17 46  5 64  1  7 93 84 68 18 93 33 48 44 51  8 35 88 19 72 46 15
  61 69 12 84 36 97 51  7 41 46  9 73 36 80 27 18 10 65 22 98 73 18 62 10
  76 15 82 91 41 73 47 19 38 75 69 12 25 61 91 90 93 53 60 39 41 55  9 11
  51 78 52  4 83 40 16 86 27 65  5  4 16 64 66  7 30]
 [ 0 12  9 68 53 69 31 53 17 53  3 82  2 40  9 67 64 67 16 89 72  7 69 58
   3 35 37 85 40 75 85  1 43 76 67 13 97 39 59 18 71 48 22 30 88 10 74 81
   2 54 60 36 36 91 28 34 98 28 66 49 42 17 45 79 96 51 29 27 48 99 79 93
  27 85 64 31 41 65 52 69 62 27  6 79 37 49 82 91 96 15 26 43 47 39 64 77
  74 18 70  8 71 44 74 74 26 21 41 22 62 95 19 45 70 90 12 15 94 45 42 39
  67 52 72 41 12 47 17 35 19 49 62 75 53 81 28 71 76 45 27  1 81 39 31 16
  53 35 50 21 24 95 50 21 35 31 38 95 52 43 67 84 91]
 [ 0 74 96 16 24 98 45 71 46 73 37 38 81 61 45 89 84 21 97 70 73 31 72 91
  41  5 72 75 61 86 35 10  9 14 77  1 20 99 27 10 82 37 51 65 79 80 42 58
   1 19 90  9 53 14 23 39 10 55 70 39 25 40 18  8 98 15 38 68 69 89 46 34
  33 58 85 73  3 31 55 50  2 44 97 57 98 36 38 23 89 63 59 93 24 77 56 97
  28 73 68 92 13  6  7 72 96 66 70 72 24 38 78 70 85  6 13  1 10 79 71 78
  94  6 23 61 21 43 78 71 38 33 16 75 95 22 51 14 69  1 63 87 52 40  9 41
  18 30 88 14 91 59 99 48 74 57  5 10 70 71 70 72 11]
 [ 0 58 66 76 20 16  1 90  6 16 99 24 45 39 36 43  5 31 77 67 43 95 96 60
  85 63  7 51 86 49 21 68 95 56 62 54 42 63 13 62 36 70 55 16 83 78 26  4
  10 90 45 57 85 49 56 65 33  2 58 19 67 69 60 93 34 25 78 78  4 88 53 64
  94 68 79 69 87 80 94 27 83 42 86 64 43 83 57 54 26 40 85 61 34  3 93 98
  45  2 70 36 46 53 41  5 25 81  5 25 12 72 81 39  6 53 88 39 33 88 39 74
  70 80 20 87 71 27 95  4 11 70 98 57 36 55 98 71 26 60 85 36 87 81 17 55
  12 21  6 39 43 22 39 35 78  8 37 89 98 34 95 35 88]
 [ 0  9 94 24 92 11 25 57 23 93 90 42 16 50 76 17 85 90 14 22  2 18 85  8
  88 43 30 63 26 67 71 73 49 14 53 81 79 33  9 70 90 73 52  2 79 12 24 93
  11 48 28 70 24 26 63 11 92 53 28 81 82 72 44  1 58 61 97 68  3 90 34 40
  46 73 87 22 22 43 27 18  2 52 31 45 57 61  6 61 49 52 42 73 84 98 87  5
  69 80 49 86 68 44 51 41 75 31 93 65 78 77 59 51 69 40 17 47 69 56  9 16
  88 90 95 84 16 78 82 23 81 20 41 70 92 50 77 43 46 53 45 23 57  6 75 21
  65 44 26 54 79 33 76 21 59 18 39 20 85 37 24 66 55]
 [ 0 49 46 73 83 44 23 39 50 90 40 56 57 26 61 12 35 26 62 93 26 50 53 52
  28 66 22 91 95  5 80 16 24 16 38 24 32 84 66 71 44 96 80 43 14 83 58 53
  70 40 94 21 48 29 44 74 43 30 34 76 31 21 74  3 49  4  4 60 52 84 28 78
   2 51 60 28 90 43 25 76 21 84 81 90 62 22 67 90 41 73 88  4 45 13 74 38
  59 63 54 24 18 36 57 59 50  2 96 32 94 30 40 95 72 62 56 52 95 38 66  3
  39 42 96 45 37 90 99 21 40 34 84  7 76 20 49 42 11  3 80 87 75 70 90 21
  56 71 23 42 66 50 56 97 99 49 69 95 78 92 69  4 40]
 [ 0 69 32 66 46 31 96  1 99 87 55 16 52 19 88 27 75 55 96 25 10 79 95 34
  66 27 33 27 80 56 90 29 36 45 88 44 72 62 96 36 79 30 64  1 66 31 82 30
  66 29 36 84 78 76 56 86 70  9 92 84 82 91 65 65 63 24 75 80 72 98 25  5
  49  9 11 52 38 62 15 66 78 53 24 12 77 83 13 18  4 12 61 41 86 73 28 32
  21 53 90 79 12 64 99 82 68 90  2 79  5 28 87 44 33 73 36  4 65 15 96 82
  22  8 56 73 12 60 93 72 87 54 13 65 92 40  8 33 45 49  5  9 60 77 78 88
  49 29 94 68  3 42 34 14  5 81 63 62 37  8 51 98 21]
 [ 0 53 22 37 87 34 26 72 98 61 85 32 96  5 49 45 10 90 14 49 30 57 82 74
   3 76 56 51 69 62 21 67  9 47 43 86 92 33 15 34 83 37 98 54 86 50 85 76
  42 98 80 83 33 92 98 51 64 56 10 90 87 63 66 86 99  4 35 88 88 14 38 79
  78 43 91 71 23 52 73 20 57 83 99 44 24 26 64 18  6 43 97 67  4 63 25  6
  46 64 14 28 87 80 17 12 12 41 40 18  2 78 82 24  3 74 22 72 29  8 69 19
  73 73 83 63 91 55 32 37 21 75 19 90 41 71 56 51  8 71 11 28 77 95 46 76
  51 89  9 93 65 60  7  2 24 13 23 93 32 46 19 77 81]
 [ 0 46 59 18 12 16 58 25 34  4 70 75 37 48  2 54 47 50 65  3  2  5 89 21
  76 47 72 84 16 65 31 88 32 22 99 22 19 65 18 59 12 86 92 85 32 88 47 65
  56 19 36 10 26  3 87 44 93  3 25 10 57 87 29 17 64 32 11 48 76 40 43 72
  33 10 60 17 67 72 19 56 43 15 14 18 56 98 79 84 58 98 15  3 94 32 64 12
  49 95 32  4 81 40 70  6 96 30 11 14 82 18 16 27 29 90 14 13 78 92 70 35
  72 99 64 89 61 34 13 86  4 85 67 45  6 88 67 83 65  3 96 65  9 62 26 45
  99 10 53 12 92 84 23 53 41 86 58 14 76 41 73 77 34]
 [ 0 82 85 65 34 38 17  9 72  7 65 52 25 24 71 82 16 66 95 53 31 42 88 36
  47 72 91 52 10 55 12 21 47  3 48 47 44 24 45 79 56 87 24 34 57 25 69 31
  73 52 75 85 59 35 32 35 23 41 72 43  5 41 63 31 46 50 21 98 30 85 10 16
  42 49 93 97  5 98  3 26 55 31 93 19 22 98 97 69  1 31 93 49 46 16 46 70
  80  7 47  3 98 87 71 87 25 30 45 39 66 79 24 93 59 13 77  3 78  4 14 96
  32 42 18 39  6 77 98 20 32 82 78 65 31 80 94 85 85 39 25 75  5 75 15 77
  69 71  2 64 67 95 58 87 18 89  7 14  8 94 94 61 42]
 [ 0 97 40 96 52 42 91 64 95 40 80 25 77 63 77 41  8 67 25 82 62 14 64  1
  93 57 38 86 23 87 17 57 32 15  7 13 31 28 38 65 83 25 91 30  9 40 71 20
  33 93 12  7 78 12 62 71 53 76 81 14 38 74 34 74 40 68 31 32 46 41 65 97
  23 94 79 20 27 21 44 37 80 39 93 37 89 50 97 33 57 27 86 30 28 45 12 94
  41 33 60 54 84  7 40 63  7 75 12 48 33 15 91 77 94 16 88  9 12 10 74 41
  46 85  1 64 16 88 39 47  3 32 79 73 23 85  1 82 23 51 61 25 70 71 43 41
  63 88 52 25 55 18 93 57 53 92 83 28 50 98 23 35 57]
 [ 0 99 41 11 43 87 94 86 16 11 40 31 19 15 92 33 44 68 22 11 71 63 71 28
  78 95 47 88 33 16 96 71 43 93 21 61 88 30 43  7 79 49 87 34 10 44 73 25
  79 64 89 63 54 88 61  3 57 51 83 73 59 71  7 46 62  9 32 38 45 37 75  6
  74 50 51 78 22 45 95 96 98  5 44 85 23 46 30 64 59  8 81 89  8 91 18 49
  63 46 35 37 78 62 37 70 89 62 21 67 46 71 37 62 41 49 75 86 37 42 79 27
   1 93 68 29 30 55 77 87 56 98 90 73 22  2 25 90  4 55 81 81 98 44 92 70
  85 87 94 79 94 24 99 10 41  9  3 49 65 73 16  9 39]
 [ 0 96 46 67 36 74 35 67 64 34 74 79 66 65 59 65 33 77 10 17 54  5 46 73
  28 11 48 93 51 52 30 54 57 42 51 29 80 42 62 96 44 86 65 90 67 63 19  2
  58  4  3 43  6 20 72 94 82  2 89 20 82 82 29 98 44  5 88 35 53 82 48 95
  89 85 21 98 34 51 73 54 84 55 44 44 76 45 98 36  2 41 60 21 71 15 46 96
  98 52 88 69 11 85 60 56 90 64 47 68 42 56 71 28 95 97 28 21 89 52 43 39
   3 11 14 87 39 80 45 50 24 59 16 86 55 39 90 58 12 43 97 36 78 90 74 53
  38 11 21 90 33 33 33 36 33 54 36 14 40 93  9 66 72]
 [ 0 67 32 39 11 76 12 58  2 59 43 87 41 56 54 29 85 71 56 76 10 62 61 68
  29 74 51 50 63 97 82 69 41 70 41 47 72 75 83  3  2  3 54 53 37 76 80 78
  70 59 66 16 65 11 42 68 83 83  9 68 24 49 53 97 68 39 47 39 10  4 62 90
  51 16 86 54 87 22 84 10  7 27  9 21 10 71 75 68 50  1 46 33 75 58 62 66
  60 61 13 34 10 90  5 49 71 54 95 33 23 14 65 65 56 98 76 29 85 66 60 20
  81 98 39 60 98 93 49 97 75 55 48 57 50 75 63 11 96 41 74 93 79 65 53 28
  13 16 21 92 31 67 36 96 29 72  7 49 55 11 76  2 13]
 [ 0 37 23 36 96 69 76 63 54 73 27 32 98 99 36 82 25 62  6 35 64  7 49 49
  52 95 51 87 43 59 55 88 28 99 98 32 52  4 20 91  4 35 41 54 70 86 68 13
  66 47 30 53 33  1 89 50 48 18 96  9 18 36 82 71 94 92 82 59  7 76 24 29
  86 88 49 36 22  1  3 86 14 58 42 32 10 70 38 19  7 65 68  8  7  6  8 84
  68 66 34 69 22 54 35 51 56  6 39 93 91 32 80 79 56 56 78 53 87 28 89 91
  17 83 26 30 45 14 35 53 22 92 54 22 39 59 91 79 91 57 13 59 89 47 32  8
  55 34 78 71 52 94 87 32  7 81 72  9 42 36 56 98 80]
 [ 0 14 85  1  2 79 53  5 36 94 85 48 52 50 13 79  1 77 81 82 60 12 68 57
  52 54 77  6 17 94 74 86 46 82 76  2 30 73 41  7 77 16 76 70 89 29 58 16
  50 24 14  2 19 67 28 27 41 97  1 88 29  2 15 73  3 90  5  7 52 45 10 16
  56 47 67 52 69 33 36 18 11 82 74 30 27 20 16 51 21 20 79  1  2  1 56 43
   2 23 24 48 90 25 36 42 72 28 89 41 66 61 13 45 67 58 97 82 10 87 66 40
  76 79 87 53 58 76 72 51 79 50 66 54 50 82 87 36 28 50  9 51 67 55 93 69
  49  1 61 77  1 57  7 32 86 67  9 84  4 42  7 77 57]
 [ 0 44 37 96 75 33 71 17 18 78  3 24 93  4 35 70 49 52 24 25 40 54 35 40
  27 25 76 66 97 28 82 11 18 78  9 55 71 48 69 68 83 23 23  3 77 86 81 49
  30 22  2 98 55 30  5 29 34 68 94 77 14 88  4 32 48 22 88 77 66 41 79 97
  24 74 49  8 64 50 57 55 19 89 85 29 89 10 81 49 17  2 92 71  5 45 20 78
  45 46 83  2 44 67 40 47 54 88 82 31 42 52 78 85 62 48 37 66 12 36 76 41
  95 46 24 82 83 55 31 13 29 88 16 87 85 48 94 75 80 52  4 58 67 60 70 28
  22 76 38 90 12 51 48 62  3  1 44 30 43 67 68 62 50]
 [ 0 90 51 63 69 29 29 41 29 47 72 61 69 17 44 77 55 21  5  9 15 33 50 60
  60 74 10 66  8 96 92 83 71 24 37 52 62 21 43 61  4 20 90 73 16 81 23 40
  95 32 86 81 33 99 16 47  4 74 54 92 77 12 19 72  1 35 75 54 49 16 27 52
  14 86 55 96 99 45 28 74 11 51  3 43 67 62 89 93 32 24 62 22 13 93 25 37
  19 31 45 48 11 58  4 83 98 74 68 56  3 69 41 72 23 63 70 41 94 65  2 15
  40 48 74 54 58 87 59 83 15 11 30  8 78 85  9 26  1 48 29 12 15 73 60 94
  31 87 38 68 53 97 82 55 76 51 60 50 14 74 27 40 79]
 [ 0 75 86 57 95 24 19 70 83 86 74  1 74 73 89 77 34  9 80 29 51 36 89 10
  40 65 33 80 66 12 49 89 24 26 42 65 15 74  1 21 37 11 34 10  6 63 18 59
  98 67 54 20 45 72 51 45 90 12  3 58 19  8 37 56 67 84 82 29 23 49 93 55
   2 29 27 13 78 45  9 10 66 29 93 54 37 65 12 40 68 16 60 71 22 19 83  2
  92 77 22 57 53 49 95 20  7 46 25 94 59 55 86 91 83 46 81 35 84  6 17 27
  51  7 86 98 85 61 40 66 78 94  2 51  4 36 66 99 97 65 45 54 77 89 94 81
  26 89 65 16 97 82 45  3 32  3 77 13 76 47 31 25 59]
 [ 0 34 31 95 71 98 50 99 25 58 36 47 30 88 69 28 78 14  7 17 20 32 52 51
   4 82 14 22 47 12 82 31 26 90 12 90 23 68  4 90 89 84 34 32 12 32 29 51
  11  9 45 77 38 62 11 59 81 16  6 39 31 73 23 46 88 87 12 27 49 44 84 40
  62 48 50  2 49 96 26 97 74 75 92 35 75 28 50 57 35 32 27 42 78 36 82 25
  98 12 52 10 27 88 57 68 17 18 28 63 92 63 48 55 61 79 26  1 61 79 45 14
  77 89 72 11 29 42 91 64 66 40 45 48 94 45 79 50 42 49 14 95 70 47 64 53
  36  1  5 49 45 56 86 92 21 51 74 18  3 34 19 98  4]]
 job2fam
 [[1 0 0 0 0 0 0 0 0 0 0 0 0 0 0 0 0 0 0 0 0 0 0 0 0 0 0 0 0 0 0 0 0 0 0 0
  0 0 0 0 0 0 0 0 0 0 0 0 0 0 0 0 0 0 0 0 0 0 0 0 0 0 0 0 0 0 0 0 0 0 0 0
  0 0 0 0 0 0 0 0 0 0 0 0 0 0 0 0 0 0 0 0 0 0 0 0 0 0 0 0 0 0 0 0 0 0 0 0
  0 0 0 0 0 0 0 0 0 0 0 0 0 0 0 0 0 0 0 0 0 0 0 0 0 0 0 0 0 0 0 0 0 0 0 0
  0 0 0 0 0 0 0 0 0 0 0 0 0 0 0 0 0]
 [0 0 0 0 0 0 0 0 0 0 0 0 0 1 0 0 0 0 0 0 0 1 0 1 0 0 0 0 0 1 0 0 0 0 0 0
  0 1 0 1 0 0 0 0 0 0 0 0 0 0 0 0 0 0 0 0 0 0 0 0 0 0 0 0 0 0 0 0 0 0 0 0
  0 0 0 1 0 1 0 0 0 0 0 1 0 0 0 0 0 0 0 0 0 0 0 0 0 0 0 1 1 0 0 0 0 0 1 0
  0 0 0 0 0 0 0 0 0 0 0 0 0 0 0 0 0 0 0 0 0 0 0 1 0 0 0 0 0 0 0 0 0 0 0 0
  0 0 0 0 0 0 1 0 0 0 0 1 0 1 0 0 0]
 [0 0 0 0 0 0 0 0 0 0 1 0 1 0 0 0 0 0 0 0 0 0 1 0 0 0 0 0 1 0 0 0 0 0 0 0
  0 0 0 0 0 0 0 0 0 0 0 0 0 0 0 0 1 0 0 0 1 0 0 0 0 0 0 0 1 1 0 0 0 0 0 1
  0 1 0 0 0 0 0 0 0 0 0 0 0 0 0 0 0 0 0 0 0 0 0 0 0 1 0 0 0 0 0 0 1 0 0 0
  0 0 0 0 0 0 0 0 0 0 1 0 0 0 0 0 0 1 0 0 0 0 0 0 0 0 1 0 0 0 0 1 0 1 0 1
  0 0 0 1 0 0 0 0 0 0 1 0 0 0 0 0 0]
 [0 0 0 0 0 0 1 1 0 0 0 0 0 0 0 0 0 0 1 0 0 0 0 0 1 0 0 0 0 0 0 0 0 0 0 0
  0 0 0 0 0 0 1 0 0 0 1 0 0 0 0 0 0 0 0 1 0 0 0 0 0 0 0 0 0 0 0 1 0 0 0 0
  0 0 0 0 1 0 0 0 0 0 1 0 0 0 0 0 0 0 1 0 0 0 0 0 0 0 0 0 0 0 0 0 0 1 0 0
  0 1 0 0 0 0 0 0 0 0 0 0 0 0 0 1 1 0 0 0 0 0 0 0 1 0 0 0 0 1 0 0 1 0 0 0
  0 1 0 0 0 0 0 0 0 0 0 0 0 0 0 0 0]
 [0 0 0 0 1 0 0 0 0 0 0 0 0 0 0 0 1 1 0 1 0 0 0 0 0 0 0 0 0 0 0 0 0 0 0 0
  1 0 1 0 0 1 0 0 0 0 0 0 0 1 0 1 0 0 0 0 0 0 0 1 0 1 0 0 0 0 0 0 0 0 0 0
  0 0 0 0 0 0 0 0 1 0 0 0 0 0 0 1 0 0 0 0 0 0 0 0 0 0 1 0 0 0 0 0 0 0 0 0
  0 0 1 0 0 0 0 0 0 0 0 0 1 0 0 0 0 0 0 0 1 0 1 0 0 0 0 1 0 0 0 0 0 0 1 0
  0 0 1 0 0 0 0 0 0 0 0 0 0 0 0 0 0]
 [0 0 1 1 0 1 0 0 0 0 0 1 0 0 0 0 0 0 0 0 0 0 0 0 0 1 0 0 0 0 0 0 1 1 0 0
  0 0 0 0 0 0 0 0 1 0 0 1 1 0 1 0 0 0 1 0 0 0 0 0 0 0 0 0 0 0 1 0 1 1 0 0
  0 0 0 0 0 0 0 0 0 0 0 0 1 1 0 0 1 0 0 1 0 0 1 0 0 0 0 0 0 0 0 0 0 0 0 1
  0 0 0 0 0 0 0 1 1 0 0 0 0 1 0 0 0 0 0 0 0 0 0 0 0 1 0 0 1 0 0 0 0 0 0 0
  0 0 0 0 0 0 0 0 0 0 0 0 0 0 0 0 1]
 [0 0 0 0 0 0 0 0 1 1 0 0 0 0 0 0 0 0 0 0 1 0 0 0 0 0 0 0 0 0 0 0 0 0 0 0
  0 0 0 0 0 0 0 0 0 1 0 0 0 0 0 0 0 0 0 0 0 0 0 0 0 0 0 1 0 0 0 0 0 0 0 0
  0 0 0 0 0 0 0 0 0 0 0 0 0 0 1 0 0 0 0 0 1 1 0 1 0 0 0 0 0 0 0 0 0 0 0 0
  0 0 0 0 0 0 0 0 0 0 0 1 0 0 1 0 0 0 0 0 0 1 0 0 0 0 0 0 0 0 1 0 0 0 0 0
  0 0 0 0 1 1 0 1 0 0 0 0 0 0 0 0 0]
 [0 1 0 0 0 0 0 0 0 0 0 0 0 0 0 1 0 0 0 0 0 0 0 0 0 0 1 1 0 0 1 1 0 0 1 1
  0 0 0 0 0 0 0 1 0 0 0 0 0 0 0 0 0 0 0 0 0 0 0 0 1 0 0 0 0 0 0 0 0 0 1 0
  0 0 0 0 0 0 0 1 0 0 0 0 0 0 0 0 0 0 0 0 0 0 0 0 1 0 0 0 0 1 1 1 0 0 0 0
  1 0 0 1 0 1 0 0 0 0 0 0 0 0 0 0 0 0 1 0 0 0 0 0 0 0 0 0 0 0 0 0 0 0 0 0
  1 0 0 0 0 0 0 0 1 1 0 0 1 0 1 1 0]
 [0 0 0 0 0 0 0 0 0 0 0 0 0 0 1 0 0 0 0 0 0 0 0 0 0 0 0 0 0 0 0 0 0 0 0 0
  0 0 0 0 1 0 0 0 0 0 0 0 0 0 0 0 0 1 0 0 0 1 1 0 0 0 1 0 0 0 0 0 0 0 0 0
  1 0 1 0 0 0 1 0 0 1 0 0 0 0 0 0 0 1 0 0 0 0 0 0 0 0 0 0 0 0 0 0 0 0 0 0
  0 0 0 0 1 0 1 0 0 1 0 0 0 0 0 0 0 0 0 1 0 0 0 0 0 0 0 0 0 0 0 0 0 0 0 0
  0 0 0 0 0 0 0 0 0 0 0 0 0 0 0 0 0]]
