params：
 weight-->(1, 10)
 proc_times-->(1, 100)
 setup_times-->(60, 120)
 delivery_times-->(170, 200)
 job_rate-->8

start:
alpha_1
8
 alpha_2
2.0
 mach
20
 job
160
 fam
8
 weigh
 [[0 7 1 1 2 8 2 9 3 9 7 4 3 4 6 9 7 4 1 2 9 4 7 9 8 9 5 9 6 2 4 5 4 7 3 1
  5 4 4 2 8 7 6 5 9 2 2 3 4 4 4 4 4 1 5 6 1 4 4 7 1 6 5 8 6 6 2 9 1 6 9 5
  4 9 3 1 3 4 4 1 5 6 4 6 8 7 8 8 4 7 3 6 2 1 2 5 4 9 7 7 6 7 2 7 9 8 9 4
  2 1 9 1 5 1 6 5 5 3 8 5 3 3 8 6 6 3 4 2 4 8 1 5 5 8 6 7 2 2 7 7 7 1 6 8
  6 8 3 9 2 2 4 6 3 9 4 2 4 3 5 5 4]]
 proc_times
 [[  0  21  96  78  86  80  58  81  22  50  87  50  32   9  31  38  48  35
   99  96  16  24  84  33   9  31  80  38  89  41  32  59  17  65  84  66
   73  79  77  37  23  87  54  80  70  62  81  63  47   1  70  94   2  25
   97   4  48  35  22   7  29  68  90  70  55  25   3  49  72  12  61  41
   32  79  35  75  28  98  13  69  53  48  61  47  45  32  36  26  74  42
   32  25  20   3   9  11  56  59  42   8  32   1  74  57  75  71  65  66
   88   2  68  50  52  54  31  73  67  48  94  38  71  30  11  19  75  26
   60  19  99  55  14  78  99  33  72  66  79  71  72  93  58  29  55  78
   73  67  87 100  93   5  60  36 100  90  61   4  56  40  37   9  10]
 [  0  93  14  63  24  26  53  80  77  51  23   3   9  51  42 100  77  92
   36  16   2  16  37  51  85  95  26  27  66  56  45  85  87   6  33  29
   47  18  85  21  66  25  81  33  38  98  70  51  86  93   9  53  72   5
   31  12  16  91  10  96  13  27  81  37   9  32   5  55  76  26  70  59
   10  43  86  38  15  11  14  47  11  22  82  41   4  54  69  63  26  11
    4  74  88  63  49  84  73  83  52  45  43  19  92  96  84  68  51  14
   80  21  76  56  41  17  79  95  29  80  84  87  67  58  21  25  30  43
   88   8  48  78  72   3 100  23   1  97  44  29  47  22  72  59  23  92
   32  98  49  32  43  90  71  31  36  50  71  56  91  42   2  36   3]
 [  0  71  18  74  26  63  89   5  30  24  48  26  19  80  24  60  28  54
   49  75  88  30   7  47  40  79  63  27  54  84  89  18  22  83   2  81
   50  17  39  15  97  29  57  40  65  21  32  79  76  18   4  54  89  44
   46  29  23  23  79  40  86  79   9  56  34  79  42  61  44  21  69  96
   68  55  69  84  71  48  89  37  49  19  92  45  55  46  75  41  86  71
   10  93  70  68  86  20  12  81  49  94  14  57  85  22  84  42  82  88
   79  52  24  86  31  49  95  57  72  13  86  57  26  63  23  45  89  82
    7  17   8  92  60  29  18  16  42  28  29  38  80  25  61  20  56  74
   79  19  49  52  85  44  99  90  24  20  63  93  42  26  85  39  87]
 [  0  12   3  24  36  65  19  43  84   2  16  98  70  95  98  72  30  65
   28  64  69  91  41  89  47   2   9  36  46 100  62  67  15  58  44  92
   80  39  49  43  10  39   6  44  52  95  12  92  22  56  13  37  15  60
   82  65  15  95  97  59  68  44   8  48  12  29  47  93 100  97  45  70
   53  32  68  23  41  36  17  35  87  62  77  43  78  60  53  84  25  55
   82  79  91  49  33  99  81  58  79  51  60  22   2  22  36  15  75  82
   21  62  30  62  36  79  21  81   3  62  60  83  11  67  57   8   5  66
   94  16  72  40  76  31  26  39  71   2  19  64 100   7  78  48  55  15
   37  24  11  84  91  87  43  85  28   4  75  61  15  98  24  94  78]
 [  0   3  85  53  37  93  89  46  27  30  70  15  70  55  86  86  74  41
   16  74  91  68  92  21  48  59  19   3  45  10  93  38   4  65  73  42
   80  75   2  17  61  27  51   3  96   4  51  30  99  43  53  85  69  94
   34  16   5  51  74  85  60  63  69  41  49  24  38  35  38  34  30  15
   87   7  86   2  98  89  24  35  33  80   1   9  88  77  62  90  56  63
    6  57  13  43  93   4  29  92  10  76  42   9  58  69  28  36  54  48
   85  27  75  75  46  17  98  97  10  31  95   2  89  32   9  56  54  78
   78  34  48  91  94  56  22  65  45  45  25  66  22  73  57  98  57  10
   61  51  38  51  24  31  40  44  94  65  92  84  17  25  14  62  45]
 [  0  57  73  20  76  76  37  72  91  49  18  98  92  91   3   6  21   2
   75  63  60  89  98  88  40  31  77  22  67  61  83  96  13  11  26  25
   83   9  68  82   1  74  63  76  60  43  89  69  49  26  71  67  98  80
   21  22  61  95  89  41  62  30  88  30  32  50  37  58  43  83  18  87
   44  92  78   6  48  73  94  87  72  23  29  22  54   5  70  75 100  11
   73  40  46  55  21  26  96  87  12  11 100  12  49  36  35  74   5  73
   66  20  22  66  21  10  55  21  36  77  98  19  43  45  84  47  16  19
   17  46  88  10  43   2  10 100  13  61  59  43  50  46  33   9  66  26
   33  99  74   3  73  99   5  97  18  49  56  31  16  92  41  42  45]
 [  0  74  40  18  25  35  80  86  92 100  66  61  42  10   3  73  33  77
   87   9  62  86  66  84  20  92  13  87  77  59  42  88  96   7  51  88
   49  75  91  37  85   5  30  42  25  50  71  18  92   6  19   1  52  62
   89  21  20  38  90  91  19  76  74  10  59  84  31  95  71   5  91  85
   62  17  37  21  51  65  27  23  71  69  86  75  86  93  94  63  20  75
   20  50  69 100  30  36  45  80  48  73  60  96  18  23  76  93  69  67
   93  48  51  14  30  61  97  78  40  95  38  76  96  49  18  40  85   9
   98  72  92  41   7  13  30  87  45   3  17  33  92  64  25  62  26  71
   23  37  22   6  49  63  15  33  58  20  78  80  46   9  50  65  32]
 [  0  89  62  49  22  89  64  61  35  90  39  84  17  37  30  11  43  65
    8  18  40  51  15  16  16  63  17   7  11  31  62  62  21  83  31  23
   60  76  52  15  77  22  95  48   4  99  17  30  10  26  78  26  27  99
   43  27  48  46  10  15  63  15  88  83  59  88  95  12  71  73  31  35
    3  17  84  72  83  46  67  93  96  31  12   5  46  82  84   3  81  46
   24  85  34  74  76 100   5  93  20  53  19  34  46  79  75  69  22  39
   21  17  23  65  46  56  42   2  96  44  35  68  55  83  24  40  86  15
   74  74  18  50   5  48  48  54   9  84  83  65  73  26  94  36  57  31
   42  54  48  15  82  41  93  70  36  16  75  22  90  42  75   2  89]
 [  0  12  80  30  82   8  32   1  46  55  14  69  97  61  74  79  68  77
   51   5  82  92  93  58  13  54  52  76   2  49  79   2  68  51  85  95
   54  94  18  51  59  33  53  30  20  86  77  56  87  74  59  15  64  94
  100  65  74  24  50  60  19  55  39  41  63  69  88   1   2  58  14  99
   97 100  12   8  45   2  26  74  50  53   4  54  65  69  91  26  45  88
   20  34  26  21   5  60  63  55  86  78  18  66  13  17  39  53  56  27
    9  49  23  53  58  32  13  98  18  40  51  57  33  95  77  17  32   5
   60  41  25  17  24  44  26  58  58  91  33  71   6  89  20  45  22  95
   81  49  74  48  95  76  16  84  74  93  30  72  39  24  60  84   6]
 [  0  46  54  92  33  24  60  81  51  56  95  70  62   1   1   8  89  83
   29  61  77  94  87   4  25  11  54   4  12  31  74  87  40  45  24  40
    5  51  18  57  43  93  10  66  65  97  23  15  17   2  40  31  82  92
   11  30  27   8 100  88  97   1  93   1  96  93  11  75  99  99  84  49
   47  48   3  91  72  85  42  86  90  43  37  43  36   3  75  67  19  85
   17  33  42  16  28  36  13  78   9  31  73  36  57  11  83  96  93  24
   54  75  72  84  62  75  72  77  57  99  37  99  51  35  67  61   5  78
   48   4  11  68  42  95  92  56  23  24  48  56  64  29  76  72  93  23
   33  35  50   3  91  32  64  75  47  59  80 100  93  53 100  25  88]
 [  0  29  35  45   4  36  47  46  92  50  35  37  87  90  74  20   5  69
   91  23  54  24  21  12  72  30  61  36  80  73  75  72  46  23  41  93
   35  85  48  26  43  79  81  42  91  33   3  10  42  99  69  45  17  62
   28  30  75  60  45   9  50  90  24  95  14  54  11  32  44  74  47  96
   44  97  11  43  41  24  40  26   8  32   3  64  29  20  56  60   5   6
   73  44  13  71  54  27  53  79  40  57  96  98   6  72  10   5  35   9
   42  45  40  53  88  97  30   3  82  85  47  71  59  46  96  26  50  38
    7  84  28  96   9  20  57  71  33  23  57  55  75  90  90  32  29  93
   71  75  99  15  77  32  45   8  74  75  89  32  87  39  60  77  37]
 [  0  90  43   6  50  29  68   2  68  64  74  76  65   7  24  18  42  15
   11   4  72  67  78  82  67  38  24  91  82  94  10  72  12  94  28  96
   77  71   2  29  91  29  20  57  65  50  77  20  24  15   8  99  31  48
   29  70  59  36  19  99  39  60   3  74  10  33  36   9  15  51  25  49
   72  62  25  34   6  62   2  10  40  13  51  63  61  26  65  85  65  42
   84  67  42  85  13  98  22  21  84  12  62  68  74  25  30  86  91  81
   83  57  67  71  62  29  29  53  74  59  93  96  16  32  14  13  63  81
   46  24  43  10  61  18  60   4  90  98  12  10  66  17  43  71   4  75
    6  50  82  38  21  15   2  67  77  84  87  89  26  80  32  30  41]
 [  0  25  30  31  46  38  88  59  90  16  97  82  34  83  11   4  32  77
   34  36  17  28  25  80  32  24  89  53  52  41  65  89  65  22  34  25
   66  66  91  76  91  95  55  64  69  23  67  64  74  97  46  42  24  89
   66  95  33  55  58  81  85  67  67  42  46  45  35  63  84  16  97  47
   51   7  62  94  74  85  70  29   9  56  85  34  30  21  94  87  34  93
   75  96  62  71  95  34  94   3  56  89  90  71  53  20   2  41  11  36
   26  67  61  41  95   5   9  73  62  88  15  75   2  66  63  77  90   4
   69  77  25  15  84   3  14  75  74  64  25  19  32  91  82  74  42  63
    8  90  26  33  15  82  37  39   5  82  90  26   7   3  82  18  98]
 [  0  17  84  83  16  96  18  13  56   9  58  92  76  87  77  62  14   6
   37  26  80  15  18  70  98  76  33  51  99  21  55  76  53  52   6  92
   61   7  42  98   4  84  98  12  68  90  40  29  13  16   4  81  51  60
   34  53  51  86  25  79  10  91  56  15  79  39  29  60  75  72  27  35
   52  75  20  97  46  98  30  45  80  35  16  28  83  44  39  25  21  11
    1  72  41  99  93   3   8  80  35  30  11  29   9   8  14  89  97   8
   55  18  23  55  76  10  84  20  57  39   9  72  81  23  51  49  47  78
    2  71  86  72  94  66  79  29  28  74  20  64   8  12  64  74  79  57
   16  29  70  12  79  52  24  65   5  75  95   3  70  83  81  14  37]
 [  0  13  20  41  17  96  83  62  22  57  46  48  57  81  98  35  75  31
    8   9  17  88  28  72   7  31  61  41  80  98  61  17  72  56   9  54
   40  12  13  73  89  13  84  54  65  56   1  19  52  28  79  85  66  61
   88  58  81  93  97  95  33  11  63  83  68  42  99  26  62  10   6  81
   60   9  11  63  87  86  31  51  59  60  78   7  10  53  83  99  46  29
   32   3  28  42  89  42  16  58  82  88  95  25  44  21  67  45  38  45
   97  80  32  59  30  15  56  62  94 100  96  29  23  18  98  82  49  59
   61  26  59  38  60  55  43  65  27  25  78  29  31   6  22  35  59  15
   99  73  80  76  82  53  49  19  78  38  18  58  74   1  12  54  81]
 [  0  92  64  69  98   7  91  53  42  28  82  53  42  44  98  67  30  54
   76  88  72  34  54  76  72  28  38  19  66  32  50  86  14  48   3  74
   15  51  74  92  62  20  43  91  13  23  80  52  38  81  18  73  58  16
   21  26 100  35  43  76   3  83  40  33  92  26  51  68  99  97  12  45
   89   9   6  20  83  95  79   2  42  58   9  67  43   3  95  72   1  31
    5  64  45  28  26  82  41  40  76  57  21  86  30  99  58  39  57   9
   31  36  43  38  33  85  90  27  81  16  88   2  51  33  24  90  76  40
   53   6   9  70  46  38  57  85  33  27  57  22  35  66   7   8  25  35
   83  46  51  99  63  75  50  70  54   3  45  19  33  96   5  53  52]
 [  0  70  99  16  21  88  14   8  14  46  43   5  31  74  18  87  93  77
   74  10  71  80   6  94  94  21  47  66  68  83  19  66  90  97  62  62
   86  40  38   4  19  52  52  56  68  20  18  84  29  72  73  21  41  90
   35  74  69   2  28  38   6  13  99  29 100  83  78  92  22  88  86  93
   48  27  80  83  49  87 100  89  38  64  58  40  84  99  33  91   8  11
   64  76  17  80  19  39  96  80  65  13  17  10  64  55  57  83  42  17
   79  87  43  19  25  13   7  51  17   8  65   4   5  21  69   7  97  96
   90  71  97  83  10  45  71   9  88  32  39  90  18  78  63  45  17  63
   59  63  94  33  41 100  27  59  72  69  36  77  48  69  53  22  30]
 [  0  44  28  97  82  13 100   5  89  85  58  67   2  48  37  58  58  15
    3  29  64   6  60  70  21   8  94  46  68  31  38  14  68  68  35  69
   98  43 100  77  67   5  37  14  51  40  93  41  13  27  56  99   7  48
   37  10  65  46  41  95  68  95  27  65  22  34  86  13  92  63   8  79
   25  95  19  24  87  56  53  30  98  91   7  69  14  67  14   9   1  90
   46  50  80  46  27  85  42  88  42 100  12  30  56  24  37  69  36  61
   96  13  37  93  14  90  11  93  42  89  12  22  74  20  20   2  95  71
   33  73  43   6  98  23  10  58  78  89  17  75  69  32  29  94  94  86
   39  77  10  67  46  15  59  95  20   1  26  97  17  93   3  29  52]
 [  0   9  95   5  98  25  13  78  20  34  56   1  94  15  28  37  55  91
   58  79  38  58  46  39  23  40  57  51  37  40  84  35  49  44  37   7
   60  31  32  90  75   7  83   4  37  33  87  29  54  17  26  59  17  72
   37  10  79   6  64  49  55  44  60  24  54  83  39  86  16  45  41  51
   29  56  58  43  56  72  81  85  10  75   7   9  27  80  75  19  89 100
   81  90  72  39  38  18   3  39  52  27  70  54  99  91  51  35  61  53
   54  98  21  93  48  36  37  93  31  77  19  50  57  32  22  97  47  14
   78   1  14  93  23  48   8  34  22  56  97  23  59  17  91  57  69  31
    5  10  94   9  50  75  96  99  30  34  84  70  13  67   1  37   2]
 [  0  88  52  48  94  51   1  21  53   3   7  12  26  52  81  99  99  92
   70  67  94  96  53  86  39  13  74  66  21  82  12  33  55  86  17  55
   43  52  51  83  17  61  80  80  26  37  81  63  50  73  38  21 100  55
   52  23  45  59  72  44  65  93  61  26  91  39  57   5  99 100  24  22
   66   4  70  20  68  68  34  26  92  76  84  27  62  23  30  79  41  75
   30 100  21  39  97  76  67  42   2  40  96  70  92  59   1  22  69  23
   50  62  56  91  60   6  57  80  20  45  69  67  55  47   8  63  50  11
    1   7  71  17  33  98  55   4  75   5  77  34  47  84  13  32  10  26
   28  80  33  42  11  77  49  19  93  42  43  37  89  99  51  16  91]]
 setup_times
 [[[  0 114  90  65 114  67  74 112  94]
  [  0   0 101  70  79  86  61  94  65]
  [  0  96   0  93  80  62  78  98  79]
  [  0  85  79   0 116  87  62 104 112]
  [  0  72  65 103   0  92  81  98  67]
  [  0  73  67  92  75   0  97  62  82]
  [  0  91 112 112  71  94   0 110  61]
  [  0  66  69  65  65 110  77   0 107]
  [  0 107 118  68 109 106  85 108   0]]

 [[  0  78 117  68  76  86  88  78 102]
  [  0   0 108 100  63 103  67  76  64]
  [  0  84   0 110  86  68 108  98  73]
  [  0 119 111   0  93  98  73  78  94]
  [  0  98  75 110   0  91 108  95 108]
  [  0 106  99 100  81   0  66  74  91]
  [  0  82 113 103  84  96   0  67 112]
  [  0 100  85  84  71  95 111   0  73]
  [  0  73 105  93  63  76  91 116   0]]

 [[  0  88  95  86  97 116  75  71 113]
  [  0   0  94 110  81  69  88 116  95]
  [  0 116   0  66  66  70 109 112 110]
  [  0  86  96   0  78  95 114  63 102]
  [  0  82  72  71   0  75  96  72 112]
  [  0 114  98 100  75   0 105 117  94]
  [  0  78  82  60  79  92   0  76 118]
  [  0  72  67  60  92  98  72   0  87]
  [  0  67 100  64  65  67  89  98   0]]

 [[  0 103  89  67  85  68 108  77 118]
  [  0   0 101  91  79 113  80 113 106]
  [  0  87   0  72 107  99 100  64  67]
  [  0  89 103   0  85 101  90  68  78]
  [  0 107  61  74   0  93  82  99  61]
  [  0  88  90  96  74   0 105  86 113]
  [  0  71  76  77  80  65   0 118  77]
  [  0  61 103  79 108 119 116   0  62]
  [  0  87 103  82  98  76 101 108   0]]

 [[  0  75  91 106  73  94 103 118  65]
  [  0   0  83  71  80 116 108  60  73]
  [  0  77   0  68 117  70  92  82 114]
  [  0  82  60   0 106  62 117  70  80]
  [  0  77  91  68   0  77  72  95  85]
  [  0  98  85  88  95   0  80 101  69]
  [  0  65 116  79  64 118   0  61  92]
  [  0  86  63  76  67 107  71   0 115]
  [  0  73  60 107  72  93  62  96   0]]

 [[  0  67  87  89  60 105  61  61  67]
  [  0   0 118 110  83  69 103  93 117]
  [  0  95   0 111 117  94  78  61  89]
  [  0  74  94   0  93  71  61 116  99]
  [  0  67  81  62   0  64  92  68 113]
  [  0 117  88  67  95   0  91  63  93]
  [  0 101  97  88  64  78   0  83 115]
  [  0  79  72  85  69 112  96   0 107]
  [  0 114  63 111  80  86  92  62   0]]

 [[  0  83  72  98  83 103 115 109  61]
  [  0   0  99  74  69  89  66 106 106]
  [  0  68   0  78  99  90  70 110  71]
  [  0  70 103   0  72  99 119 107 105]
  [  0  92  93  70   0 116  73  98  81]
  [  0 116 105  90  79   0 113 107  69]
  [  0  66 115 100  84 114   0  68  96]
  [  0  61  88 113 108  92  97   0  70]
  [  0  72  84  60 115 118 103 115   0]]

 [[  0  88 109  65  77  93 108 107  74]
  [  0   0  82  61 110  89  93 101  88]
  [  0  76   0  82  67  84 108 101  63]
  [  0  78  84   0  91  78 115 113  91]
  [  0  81  83 106   0 113  99  75  81]
  [  0 115 106  72 117   0  75 110  66]
  [  0  71  98  60  97 117   0  83 106]
  [  0  92  93  88  87 108  94   0  71]
  [  0 107 114 114 117  75  61 116   0]]

 [[  0 104  68  76  63  60 105 113 101]
  [  0   0  81 107  69 118 101 102  82]
  [  0  77   0  79  63  97  81  73  74]
  [  0  64 101   0 102  78 116  93  99]
  [  0  89 112 106   0 102 112  77  86]
  [  0  78  71  91  60   0 103  99  65]
  [  0  73 119 104 112  64   0 118  61]
  [  0  99 112  70  70  74 111   0  79]
  [  0  83 111  63 114  68  68 104   0]]

 [[  0  90 116  69 105  77  95  88  63]
  [  0   0  83  80 115 105  94  62 106]
  [  0 105   0  61  69 104 110  65  64]
  [  0 119  81   0 105  68 103  95 111]
  [  0 101  63  73   0  70  67 118 114]
  [  0 119  60 119  91   0  92  78  71]
  [  0  71  65 119  64  81   0  68  88]
  [  0  64 103  87 107  82  74   0  80]
  [  0  68  90  94  75 115  64  97   0]]

 [[  0  80  66 118  63 102  63  93 107]
  [  0   0  87  79  64 118 119  65  73]
  [  0  67   0  93  75  67  69  75 119]
  [  0 113  60   0  86 112  68  81 103]
  [  0  90  60  79   0  99 112 103  86]
  [  0  81  68 119 115   0 111  98 101]
  [  0  93  70  86 103 108   0  60  80]
  [  0  95 107  75 114  65 106   0  78]
  [  0 118  83  76  82  88  94  87   0]]

 [[  0 115  99 111  67  98  87  77  99]
  [  0   0 116 100 117  74  74  85  95]
  [  0 115   0 114 108  77  90  88  69]
  [  0  90  77   0  62  99 116 101  80]
  [  0  67  96  78   0  64 101 118  69]
  [  0 104  71 114  69   0 107  66  84]
  [  0 106  82 110 119  98   0 115  92]
  [  0  95 107  89  76 115 114   0  78]
  [  0 116 118  71  83 114 106  60   0]]

 [[  0  85  96  86  83 104  93  78  94]
  [  0   0  97  72  72 118  60  87  89]
  [  0  76   0 119 101  75  83  94  91]
  [  0  96 100   0  72  82  65  71  71]
  [  0  96 103  89   0  78  68  77  77]
  [  0 117 102 108 112   0  95  61  66]
  [  0  67  83  67 101 119   0 107  61]
  [  0 107 116 103  87 114  90   0 114]
  [  0  70 111  75  64  66  68 106   0]]

 [[  0  65 105  96  85  76  83 102 105]
  [  0   0  68  95  91  97  73 117 113]
  [  0  70   0  92 111 119 113 112 111]
  [  0 109  62   0 106  92  60  69 104]
  [  0  81  98 106   0  84  67  83  95]
  [  0 115 112 109  60   0  95  95  65]
  [  0  78  98  94  97 101   0  87  70]
  [  0  96  66  72  92  77  61   0  98]
  [  0 104  71  63  94  97  90  94   0]]

 [[  0  67  72  74  90  81  78 103 109]
  [  0   0  76  91  66 105 100  71  66]
  [  0 100   0  85  75 109 106  88 112]
  [  0  74  73   0  82 105 118 107 111]
  [  0 108 118 108   0  71 110  73  79]
  [  0 116  64  94 105   0 113 116  64]
  [  0  96 105 109  87  99   0 115 103]
  [  0 109 107  69  98  84  75   0  73]
  [  0  92  68 110 102  91  85 116   0]]

 [[  0 101 105 116  76  62  89  70  65]
  [  0   0 103  69  69  71 107  62  68]
  [  0  80   0  80  96  84  77 119 108]
  [  0  67  71   0  75  84  63 118  99]
  [  0  97  91 113   0 104  85 101  72]
  [  0 104 119  72  90   0  95  76 101]
  [  0  76  93 110  66  98   0  71 113]
  [  0  70  93  91 113  89 115   0  95]
  [  0  60  90  89 116  85  61 103   0]]

 [[  0  69 102  98  85  85  68 111  91]
  [  0   0 107  85  74  87  99  63 107]
  [  0  96   0 101  86 108  77  67  90]
  [  0  92 102   0  96  78  97  65  94]
  [  0  87 111 111   0  97  94  90  71]
  [  0 104 102  98  98   0 105  80  92]
  [  0 110  75  69  70  64   0  79  93]
  [  0  65  98  83  96  86  99   0 118]
  [  0  70 106  82  75  78  65 117   0]]

 [[  0  89  80  71  81  67  79  94  85]
  [  0   0 113  90  91 111  95  85  83]
  [  0 117   0  76  92 109  62  71  80]
  [  0  90  76   0  83  80  71 113  76]
  [  0  71  92  64   0  63  79  62  86]
  [  0  82 116  84  93   0  83  94 100]
  [  0 104 106  94  60  71   0  93 114]
  [  0 111  61 115 115 117  72   0 115]
  [  0 108  92 117  81  99  68  81   0]]

 [[  0  67  79  80  93 119 100  84  61]
  [  0   0 105 107  85  61 100 104  64]
  [  0 118   0  75  99  65  76 108 119]
  [  0  92  60   0  81 109  98 117 118]
  [  0 103  94  86   0  73 107  64  96]
  [  0  85 116 114  76   0  67  67  77]
  [  0  88  61  62  99  90   0  64  74]
  [  0 114 100 117  95 101  92   0  62]
  [  0  80 100  76  94  81  66  96   0]]

 [[  0 110 116 118 113  86 112 105 102]
  [  0   0  60  66  66  67  73  83  70]
  [  0 108   0 105  68  61  91  76 110]
  [  0 100  96   0  62 114  65 104  88]
  [  0 104  69  66   0  84  98  63 113]
  [  0  96  70  96 105   0  90  97  69]
  [  0  98 115  78  85 109   0 118  85]
  [  0  82 106  95  75  64  83   0  85]
  [  0  79  96  81  81  71  90 116   0]]]
 delivery_times
 [[  0 188 172 187 172 172 192 186 197 190 188 178 180 172 193 184 183 191
  174 186 192 176 199 197 171 193 175 179 195 188 186 186 180 188 182 185
  189 177 187 171 193 198 172 180 190 173 199 177 180 172 187 199 185 196
  189 172 198 174 190 192 189 188 185 173 190 171 174 191 196 180 180 174
  173 172 188 194 195 192 190 189 177 197 190 199 189 173 179 193 194 193
  186 199 191 170 175 178 194 193 175 182 185 186 195 187 184 197 174 183
  186 176 194 180 184 186 199 186 195 171 175 196 199 197 172 195 198 196
  183 177 177 172 188 186 172 191 191 197 192 190 193 178 193 196 183 196
  183 174 170 192 193 172 170 179 173 177 170 197 196 192 190 194 184]
 [  0 177 170 193 192 171 189 189 196 194 198 183 197 177 194 186 182 175
  185 170 174 199 179 180 197 175 180 180 176 175 182 190 194 188 170 174
  190 179 189 191 187 183 186 197 185 194 176 196 181 196 197 183 174 192
  174 185 196 198 188 199 188 196 186 198 187 170 171 184 199 199 182 180
  175 190 192 186 197 184 182 195 182 197 185 171 176 185 178 185 199 174
  179 172 175 177 186 187 184 173 170 188 189 172 187 170 185 189 171 182
  190 193 189 179 193 185 199 187 191 192 183 177 187 192 171 175 181 179
  175 197 199 181 188 181 170 185 170 175 176 170 176 170 184 173 186 194
  174 180 174 195 175 192 185 193 178 177 185 170 197 188 191 186 190]
 [  0 176 183 183 171 177 170 185 175 170 181 174 194 198 172 194 193 181
  185 178 182 175 186 184 182 187 176 170 198 191 182 183 190 186 181 174
  197 193 174 192 193 177 189 179 196 179 178 175 196 191 174 187 191 182
  173 193 189 193 181 172 172 185 198 195 177 175 172 172 184 172 194 184
  183 176 183 174 176 193 181 183 172 175 197 176 187 178 175 194 186 197
  191 172 172 177 191 189 194 178 192 196 198 174 193 173 183 191 177 174
  185 198 172 189 190 183 174 195 189 180 176 177 183 189 181 190 189 184
  194 179 184 174 170 196 175 191 199 197 189 192 197 171 172 171 198 192
  176 181 177 184 186 171 195 181 199 174 188 178 190 192 183 178 182]
 [  0 189 199 192 184 186 190 180 172 189 189 184 184 189 188 172 192 198
  192 194 188 190 181 180 191 196 176 182 179 190 184 182 191 192 181 178
  177 183 187 175 188 182 172 187 171 182 180 178 190 175 176 189 189 185
  198 194 186 183 194 191 192 188 194 197 179 179 176 197 183 191 181 178
  185 184 174 186 174 197 191 189 180 192 190 196 174 180 176 182 171 173
  171 193 189 183 175 190 172 185 189 170 177 184 199 196 170 189 195 179
  170 170 192 176 175 198 172 195 171 174 190 186 175 188 194 191 195 187
  187 189 183 181 191 197 196 171 188 190 180 198 182 181 199 192 195 180
  179 176 183 180 171 189 189 184 188 170 185 190 182 176 170 195 171]
 [  0 171 196 195 188 186 174 193 171 173 199 171 183 184 177 176 172 181
  182 177 179 185 185 177 177 175 180 180 189 184 174 195 174 171 186 181
  170 187 184 188 171 177 172 183 190 186 188 190 186 178 189 170 180 170
  171 171 188 195 185 198 194 177 186 188 185 193 178 184 178 195 179 179
  175 180 178 190 189 193 195 182 185 199 185 195 172 175 190 198 182 175
  193 171 199 180 180 196 182 182 192 188 184 175 185 176 183 171 198 189
  176 183 196 179 184 196 191 170 199 175 193 196 199 197 189 179 172 182
  195 184 188 190 179 197 198 175 170 171 198 199 199 188 188 179 188 183
  178 178 181 188 170 175 170 184 193 186 197 194 179 176 171 199 190]
 [  0 195 180 176 188 183 173 191 195 189 170 175 191 172 195 181 183 190
  195 193 195 184 177 194 184 185 172 196 197 184 192 185 170 170 182 193
  191 176 199 197 179 184 171 179 176 179 182 181 173 183 183 187 179 172
  185 197 176 181 186 192 171 187 189 173 184 186 177 187 190 186 194 190
  198 197 193 186 198 189 190 175 195 178 183 185 176 179 194 175 193 172
  191 186 172 179 186 187 171 194 186 183 170 181 185 172 181 181 186 179
  172 172 194 193 179 172 195 175 181 199 190 184 196 194 192 190 189 198
  179 199 186 199 177 184 178 188 174 197 193 183 181 188 181 181 183 194
  186 186 170 187 184 198 193 183 193 198 178 193 192 184 195 196 199]
 [  0 176 187 177 175 178 199 171 171 195 185 195 199 178 181 193 197 185
  187 192 185 193 190 193 183 191 173 187 187 188 195 177 198 183 189 189
  196 199 171 193 196 191 195 199 180 198 171 173 198 179 190 196 186 178
  174 183 189 190 197 172 174 174 199 183 178 186 191 199 194 174 198 184
  182 188 171 175 180 176 184 184 199 181 192 171 185 192 170 172 173 174
  187 174 189 198 181 170 189 183 190 190 191 189 183 199 180 186 185 172
  185 181 184 181 180 183 184 176 199 176 179 180 175 184 180 186 190 174
  187 182 177 187 184 177 195 182 182 176 191 174 199 199 183 192 192 172
  176 176 188 174 189 180 186 177 196 182 177 174 171 179 180 187 177]
 [  0 192 188 173 185 179 170 178 196 181 170 186 179 194 182 192 194 187
  198 182 175 185 190 180 192 174 181 185 195 198 185 178 179 184 187 187
  195 196 198 190 195 180 171 180 178 182 183 199 191 178 192 174 175 191
  182 178 197 170 178 187 185 190 173 178 188 191 197 199 184 172 199 188
  189 177 173 193 192 195 192 171 174 175 181 187 184 175 179 187 175 173
  194 185 191 188 182 196 191 198 198 186 188 175 186 198 180 171 178 172
  193 190 189 176 187 186 194 187 189 196 186 180 191 195 194 192 175 189
  189 180 174 182 195 192 185 172 181 190 194 174 174 176 192 187 194 174
  188 177 195 180 182 182 185 190 192 195 170 173 197 197 176 170 197]
 [  0 194 194 174 186 186 178 181 170 173 173 196 176 178 186 177 177 171
  172 191 198 199 197 191 190 191 194 181 188 172 179 186 171 182 175 172
  171 178 182 176 190 188 179 191 178 171 189 198 170 174 190 177 197 180
  187 178 176 172 174 195 191 199 198 182 182 187 197 187 183 188 191 188
  170 184 186 171 172 199 183 196 184 196 188 185 186 179 191 176 187 197
  174 196 193 177 184 177 195 170 198 175 176 188 186 195 194 185 173 177
  181 193 172 174 189 176 194 183 182 173 173 178 174 198 188 170 194 171
  174 191 183 189 190 175 189 186 174 183 176 182 196 180 180 194 170 186
  181 187 186 173 171 175 189 177 177 196 187 186 198 179 176 193 190]
 [  0 177 196 182 191 181 189 182 173 196 192 185 189 186 197 188 180 170
  171 175 199 192 194 175 182 185 172 197 176 171 193 189 183 192 178 180
  198 195 198 181 174 184 182 199 172 170 183 170 195 181 179 176 199 179
  183 171 190 178 187 181 183 170 199 184 185 183 188 170 170 175 196 179
  174 177 187 192 190 189 174 198 195 183 172 191 185 174 173 172 176 189
  195 186 183 189 179 198 172 172 173 180 187 182 183 176 186 180 185 186
  192 173 196 190 191 172 190 170 174 174 173 174 185 171 172 198 189 197
  177 180 184 170 197 170 194 182 186 170 196 174 182 176 182 184 182 170
  192 179 171 180 191 194 174 175 181 186 192 180 175 180 184 188 178]
 [  0 195 183 172 175 191 187 191 198 181 177 199 197 172 195 176 187 195
  181 196 170 179 182 177 186 177 188 194 176 194 176 185 183 186 197 182
  190 199 193 176 186 176 177 187 180 175 185 180 194 189 173 174 197 185
  175 184 173 179 187 170 172 199 175 172 184 176 190 194 174 190 171 179
  179 184 184 198 178 174 175 188 175 179 175 181 184 197 182 199 182 196
  182 195 186 177 188 170 177 198 175 199 179 193 180 191 176 183 190 174
  170 178 188 193 181 179 193 172 198 185 191 185 172 184 175 180 170 195
  188 196 176 172 171 191 193 177 172 188 199 177 181 193 179 173 178 199
  199 190 183 190 182 178 179 179 185 174 181 186 176 181 179 191 183]
 [  0 176 192 171 184 188 185 194 193 179 187 177 187 197 171 197 179 189
  193 188 197 170 177 173 198 187 182 182 196 180 170 191 192 179 176 185
  175 173 199 170 197 172 192 194 196 173 185 181 176 190 197 188 197 190
  175 185 198 173 196 176 186 179 184 199 199 172 182 184 197 174 179 171
  186 177 184 196 185 196 198 182 180 180 177 183 174 180 182 171 191 180
  172 180 199 176 180 194 176 199 198 193 179 189 186 196 181 170 178 171
  191 195 195 171 181 194 177 192 172 187 192 194 181 176 194 194 173 184
  171 196 197 187 176 186 193 180 172 185 173 170 181 188 194 191 193 184
  192 180 188 193 176 195 171 172 181 198 185 171 199 187 177 182 192]
 [  0 188 185 199 172 191 189 193 192 176 186 188 184 178 191 180 190 171
  193 190 193 177 181 190 176 178 192 198 182 190 192 183 178 183 184 189
  195 189 190 175 179 199 184 186 182 199 197 187 174 179 172 199 172 178
  177 181 174 197 176 176 188 182 172 173 195 176 198 177 175 199 186 181
  198 170 177 199 175 195 183 170 189 188 198 194 196 171 191 182 191 174
  192 193 196 183 191 190 179 190 186 197 199 170 174 195 193 196 177 185
  188 195 185 192 171 193 179 174 183 175 180 198 189 194 191 178 190 175
  187 190 182 173 195 191 198 178 199 174 174 177 196 187 192 181 197 173
  188 170 199 191 199 180 195 191 184 184 179 196 184 177 195 173 186]
 [  0 179 191 171 179 196 190 171 189 192 191 197 178 188 173 193 173 196
  180 181 174 178 177 191 182 194 191 177 198 181 195 196 180 181 191 183
  195 180 193 179 186 188 182 172 195 176 178 190 187 191 172 188 180 185
  190 184 175 187 180 186 188 184 184 191 189 177 180 193 197 176 197 177
  194 176 192 172 181 190 197 186 198 191 173 186 191 173 175 195 176 175
  188 177 199 173 190 189 179 192 194 178 186 190 187 178 197 170 198 173
  183 185 181 191 189 191 182 182 192 189 177 183 185 190 187 175 170 190
  189 176 174 179 197 176 170 177 181 174 190 197 180 174 190 190 191 181
  180 180 189 181 197 199 196 197 193 183 178 194 175 177 189 175 180]
 [  0 199 196 170 184 186 179 171 194 173 181 183 192 183 184 186 182 187
  196 175 172 189 180 196 173 187 181 193 193 184 188 181 181 170 172 192
  170 173 193 173 191 192 186 194 172 198 176 187 196 188 187 179 192 197
  190 190 194 181 181 182 187 184 188 181 176 196 195 185 197 181 179 174
  188 194 181 183 197 175 171 177 172 183 192 180 186 189 188 190 188 180
  171 194 194 189 188 172 178 182 185 181 172 175 175 172 174 191 184 182
  178 174 189 192 170 194 177 170 175 192 170 170 183 188 192 179 195 182
  196 196 173 171 189 171 184 175 176 195 188 174 170 193 189 193 176 188
  173 178 174 184 189 196 176 176 183 182 188 191 178 185 183 185 183]
 [  0 179 183 186 172 196 197 185 187 192 194 170 197 170 187 193 196 178
  195 170 189 198 193 196 194 177 188 193 175 184 171 193 175 191 172 196
  194 185 188 193 188 192 181 197 187 179 188 172 192 182 195 194 183 177
  188 193 178 180 176 193 193 183 187 197 194 172 178 194 198 188 193 193
  174 174 173 196 170 190 194 184 194 185 189 187 192 180 184 176 177 176
  173 170 190 197 197 188 171 177 176 178 197 185 172 198 182 192 189 181
  184 172 192 173 182 188 187 172 186 196 179 181 186 185 185 187 178 179
  195 171 180 172 196 186 171 171 177 187 182 189 187 190 182 195 178 178
  192 182 173 198 199 187 175 171 191 177 189 195 185 188 197 176 172]
 [  0 178 187 186 174 181 174 183 183 190 174 190 187 191 187 195 188 197
  196 174 198 190 171 181 197 190 189 194 190 174 197 172 176 188 191 170
  191 171 194 176 175 190 180 199 181 177 195 191 172 192 191 189 172 182
  186 176 172 198 170 189 183 193 185 192 171 179 189 194 199 182 180 187
  172 199 187 179 175 174 194 178 181 175 195 177 198 188 192 198 177 193
  180 185 197 171 194 173 193 182 186 173 188 182 172 178 187 192 183 186
  170 174 178 178 181 182 178 180 180 180 182 189 194 181 195 173 192 172
  183 170 180 182 195 199 188 186 197 191 185 171 193 198 189 182 181 171
  199 174 184 181 170 183 172 172 183 181 180 181 186 174 187 184 180]
 [  0 173 183 179 198 171 176 197 199 191 175 177 180 175 179 183 177 183
  194 181 199 182 183 176 172 189 194 194 185 177 180 174 191 197 191 170
  173 194 190 182 170 172 193 174 190 175 184 196 178 199 185 199 185 170
  176 194 188 188 184 184 177 194 193 182 181 186 184 195 182 177 173 175
  197 181 196 171 178 176 183 191 171 191 170 191 185 192 190 185 199 181
  179 192 184 182 186 192 191 180 171 181 178 174 184 195 185 199 186 181
  191 196 197 178 191 193 180 185 179 181 197 191 189 199 193 171 182 174
  190 195 186 185 199 193 176 188 182 190 174 180 197 170 180 180 195 178
  174 180 175 183 182 189 185 175 177 175 185 179 195 172 194 197 171]
 [  0 174 196 192 196 188 196 179 182 179 173 182 194 177 175 174 190 174
  178 188 189 176 178 186 193 175 170 188 184 174 177 183 181 196 194 194
  179 186 193 179 170 180 171 185 187 179 179 185 178 173 195 171 185 181
  194 172 186 186 173 193 185 170 184 191 191 199 173 189 187 192 177 172
  170 185 179 197 187 192 174 172 184 180 196 174 187 177 171 193 174 183
  181 195 197 195 172 179 178 184 177 194 184 185 193 194 176 192 173 199
  194 185 183 198 199 178 183 176 193 176 196 185 190 196 172 198 199 171
  183 189 181 185 190 192 193 196 186 197 186 184 199 178 175 187 198 171
  178 178 184 185 176 183 193 192 189 185 195 176 175 175 186 175 175]
 [  0 195 180 191 186 191 170 190 194 189 183 188 171 182 176 171 174 180
  176 187 193 195 188 189 190 199 195 190 191 191 183 186 179 170 182 189
  180 199 173 175 196 193 178 172 191 177 188 192 190 187 184 182 170 196
  179 193 199 183 197 187 176 186 171 193 193 197 183 188 184 178 186 189
  190 184 176 198 181 191 183 193 198 184 191 170 181 178 178 195 194 190
  174 176 184 190 198 173 191 184 177 184 178 172 199 199 191 183 191 178
  189 193 172 170 189 173 181 173 175 180 187 179 183 185 170 199 190 188
  178 176 171 171 178 180 185 172 186 189 197 199 197 189 171 178 181 193
  185 190 194 196 184 199 190 170 193 188 172 193 192 173 183 178 190]]
 job2fam
 [[1 0 0 0 0 0 0 0 0 0 0 0 0 0 0 0 0 0 0 0 0 0 0 0 0 0 0 0 0 0 0 0 0 0 0 0
  0 0 0 0 0 0 0 0 0 0 0 0 0 0 0 0 0 0 0 0 0 0 0 0 0 0 0 0 0 0 0 0 0 0 0 0
  0 0 0 0 0 0 0 0 0 0 0 0 0 0 0 0 0 0 0 0 0 0 0 0 0 0 0 0 0 0 0 0 0 0 0 0
  0 0 0 0 0 0 0 0 0 0 0 0 0 0 0 0 0 0 0 0 0 0 0 0 0 0 0 0 0 0 0 0 0 0 0 0
  0 0 0 0 0 0 0 0 0 0 0 0 0 0 0 0 0]
 [0 0 0 0 0 0 0 0 0 0 0 0 0 1 0 0 0 0 0 0 0 1 0 1 0 0 0 0 0 1 0 0 0 0 0 0
  0 1 0 1 0 0 0 0 0 0 0 0 0 0 0 0 0 0 0 0 0 0 0 0 0 0 0 0 0 0 0 0 0 0 0 0
  0 0 0 1 0 1 0 0 0 0 0 1 0 0 0 0 0 0 0 0 0 0 0 0 0 0 0 1 1 0 0 0 0 0 1 0
  0 0 0 0 0 0 0 0 0 0 0 0 0 0 0 0 0 0 0 0 0 0 0 1 0 0 0 0 0 0 0 0 0 0 0 0
  0 0 0 0 0 0 1 0 0 0 0 1 0 1 0 0 0]
 [0 0 0 0 0 0 0 0 0 0 1 0 1 0 0 0 0 0 0 0 0 0 1 0 0 0 0 0 1 0 0 0 0 0 0 0
  0 0 0 0 0 0 0 0 0 0 0 0 0 0 0 0 1 0 0 0 1 0 0 0 0 0 0 0 1 1 0 0 0 0 0 1
  0 1 0 0 0 0 0 0 0 0 0 0 0 0 0 0 0 0 0 0 0 0 0 0 0 1 0 0 0 0 0 0 1 0 0 0
  0 0 0 0 0 0 0 0 0 0 1 0 0 0 0 0 0 1 0 0 0 0 0 0 0 0 1 0 0 0 0 1 0 1 0 1
  0 0 0 1 0 0 0 0 0 0 1 0 0 0 0 0 0]
 [0 0 0 0 0 0 1 1 0 0 0 0 0 0 0 0 0 0 1 0 0 0 0 0 1 0 0 0 0 0 0 0 0 0 0 0
  0 0 0 0 0 0 1 0 0 0 1 0 0 0 0 0 0 0 0 1 0 0 0 0 0 0 0 0 0 0 0 1 0 0 0 0
  0 0 0 0 1 0 0 0 0 0 1 0 0 0 0 0 0 0 1 0 0 0 0 0 0 0 0 0 0 0 0 0 0 1 0 0
  0 1 0 0 0 0 0 0 0 0 0 0 0 0 0 1 1 0 0 0 0 0 0 0 1 0 0 0 0 1 0 0 1 0 0 0
  0 1 0 0 0 0 0 0 0 0 0 0 0 0 0 0 0]
 [0 0 0 0 1 0 0 0 0 0 0 0 0 0 0 0 1 1 0 1 0 0 0 0 0 0 0 0 0 0 0 0 0 0 0 0
  1 0 1 0 0 1 0 0 0 0 0 0 0 1 0 1 0 0 0 0 0 0 0 1 0 1 0 0 0 0 0 0 0 0 0 0
  0 0 0 0 0 0 0 0 1 0 0 0 0 0 0 1 0 0 0 0 0 0 0 0 0 0 1 0 0 0 0 0 0 0 0 0
  0 0 1 0 0 0 0 0 0 0 0 0 1 0 0 0 0 0 0 0 1 0 1 0 0 0 0 1 0 0 0 0 0 0 1 0
  0 0 1 0 0 0 0 0 0 0 0 0 0 0 0 0 0]
 [0 0 1 1 0 1 0 0 0 0 0 1 0 0 0 0 0 0 0 0 0 0 0 0 0 1 0 0 0 0 0 0 1 1 0 0
  0 0 0 0 0 0 0 0 1 0 0 1 1 0 1 0 0 0 1 0 0 0 0 0 0 0 0 0 0 0 1 0 1 1 0 0
  0 0 0 0 0 0 0 0 0 0 0 0 1 1 0 0 1 0 0 1 0 0 1 0 0 0 0 0 0 0 0 0 0 0 0 1
  0 0 0 0 0 0 0 1 1 0 0 0 0 1 0 0 0 0 0 0 0 0 0 0 0 1 0 0 1 0 0 0 0 0 0 0
  0 0 0 0 0 0 0 0 0 0 0 0 0 0 0 0 1]
 [0 0 0 0 0 0 0 0 1 1 0 0 0 0 0 0 0 0 0 0 1 0 0 0 0 0 0 0 0 0 0 0 0 0 0 0
  0 0 0 0 0 0 0 0 0 1 0 0 0 0 0 0 0 0 0 0 0 0 0 0 0 0 0 1 0 0 0 0 0 0 0 0
  0 0 0 0 0 0 0 0 0 0 0 0 0 0 1 0 0 0 0 0 1 1 0 1 0 0 0 0 0 0 0 0 0 0 0 0
  0 0 0 0 0 0 0 0 0 0 0 1 0 0 1 0 0 0 0 0 0 1 0 0 0 0 0 0 0 0 1 0 0 0 0 0
  0 0 0 0 1 1 0 1 0 0 0 0 0 0 0 0 0]
 [0 1 0 0 0 0 0 0 0 0 0 0 0 0 0 1 0 0 0 0 0 0 0 0 0 0 1 1 0 0 1 1 0 0 1 1
  0 0 0 0 0 0 0 1 0 0 0 0 0 0 0 0 0 0 0 0 0 0 0 0 1 0 0 0 0 0 0 0 0 0 1 0
  0 0 0 0 0 0 0 1 0 0 0 0 0 0 0 0 0 0 0 0 0 0 0 0 1 0 0 0 0 1 1 1 0 0 0 0
  1 0 0 1 0 1 0 0 0 0 0 0 0 0 0 0 0 0 1 0 0 0 0 0 0 0 0 0 0 0 0 0 0 0 0 0
  1 0 0 0 0 0 0 0 1 1 0 0 1 0 1 1 0]
 [0 0 0 0 0 0 0 0 0 0 0 0 0 0 1 0 0 0 0 0 0 0 0 0 0 0 0 0 0 0 0 0 0 0 0 0
  0 0 0 0 1 0 0 0 0 0 0 0 0 0 0 0 0 1 0 0 0 1 1 0 0 0 1 0 0 0 0 0 0 0 0 0
  1 0 1 0 0 0 1 0 0 1 0 0 0 0 0 0 0 1 0 0 0 0 0 0 0 0 0 0 0 0 0 0 0 0 0 0
  0 0 0 0 1 0 1 0 0 1 0 0 0 0 0 0 0 0 0 1 0 0 0 0 0 0 0 0 0 0 0 0 0 0 0 0
  0 0 0 0 0 0 0 0 0 0 0 0 0 0 0 0 0]]
