params：
 weight-->(1, 10)
 proc_times-->(1, 100)
 setup_times-->(60, 120)
 delivery_times-->(170, 200)
 job_rate-->8

start:
alpha_1
8
 alpha_2
2.0
 mach
20
 job
160
 fam
8
 weigh
 [[0 8 4 6 1 4 9 5 5 7 6 5 7 3 6 3 8 4 4 4 3 7 8 6 2 1 5 3 6 2 9 1 2 7 3 5
  5 3 6 7 1 9 6 9 1 7 4 9 1 3 5 8 4 5 6 4 9 6 9 1 6 2 8 3 8 9 2 4 7 1 2 5
  5 8 1 9 5 9 6 8 6 4 5 5 4 6 1 1 8 1 1 7 5 8 2 9 3 7 9 7 1 6 5 1 3 8 2 6
  4 8 7 4 9 9 6 7 9 3 3 1 4 1 9 8 7 8 5 4 1 6 1 6 6 4 1 8 6 1 3 9 6 7 5 4
  5 9 2 8 6 9 8 3 7 8 9 9 9 5 9 8 1]]
 proc_times
 [[  0  13  68  12  91  34  79  92  36   8  39  84  67   4  92  56  91  97
   84  60   4  54  30  88  69  96  99  80   7  77  71  20  88  81  35  51
   97  73  24  35  97  67  49 100  87  21  23   2  90  49  66  64  22  56
   67  25  86  98  15  75  73  13   1  46  76  10  75  25  19  99  82  97
   77  73  23  93  93   4  88  21   1  84  55  13  60  80  91  59   6 100
   66  95  98  47  81  46  55  96  57  81  55  30   4  89  13  56  24  79
   29   8  54  26  79  69  75  30   1  34  65  98  80  93  11  85  57  45
   43  37   7  82  61  51  88  56  32   1  28  80  57   3  63  29  73  25
   59  84  99   4   1  90  85  21  95  77  99  57  60  50  79  14  77]
 [  0  21   7  60  76  82   4  17  23  31   6  22  60  50  66  68  86  84
   30  90  88  20  53  80  45  69  82  72   1  67  86  96   1  55  29  97
   58  42  26  36  35   5  25  79  87  99  69  64  60  37  20  76  60  86
   23  47  71  61  24   4  12  87  83  41  90  44  68  83   3  94  24   4
   11  87  58  98  15   2  47  97  31  93  61  69  50  30  95  76  66  65
   62   1  84  26  43  45  54   3  43  79  50   3  29  96  65  93  58  44
   22  23  22  60  29   7  77  40  27   2  64  49  40  33  75  99  24  66
   73  79  10  27  99   2  29  70  58  95  25  97  76  19  88  56  47  55
   22  16  73  58  55  87  32  65  69   6   1  77  78  37  72  63  92]
 [  0  83   8  75  24  11  60  76  47  26  78  99  81  36  99   4  92  81
   45   8  18  75  37  82  47  62  91  86  72  85  91  66  81  47  83  60
   40  97   4   3  14  46  55  39  58  84  82   1  72  99  19  53  47  72
   25  31  97  46  19  21  12  98  95   9  99  36  84  13   6  62  87  73
   86  43  60  34  16  24  70  44  58  50  88   3  57  19  12  88  94  41
   85  87  55  79   1  11  98   6  86  34  87  33  14  47   3   4  91  74
   96  13   4  60  20  13  42  89  25  77  18  68  62  84  41  49  63  33
   42  52  52  73  69  22   8   8  88  90  27  25  72  88  89  80  58  34
   56  89  21  46  31  89  52  36  74  91  53  11  96  83  73  13  18]
 [  0  51  26  26  27  85  66  87  15  36  44  57  40  12  13   1  23  67
   74  13  70  17  53  37  66  50   7  90  84  70   8  74   8  71  86  76
    4  66  45  68   8  33  47  47  96  61  24  81  97  14  79 100  92  52
   45 100   6   1  70  44  38  74  25  49  72  80  75  94  61  33  30  91
   59  21  38 100  20  60  88  40  77  77  40  70  25  28  51  51  44  41
   45  35  82  94  16  19  65  34   5   8  40  71  38  19  25  65   2  26
   82  49  94  14  75  21 100  87  89  25  28  42  76  98  85  33  82  66
   85  87  69  22  50  89  37  32  66  18  90  77  35  89  11  99  91  80
   70  29  95  43  26  81  32  51  33  68  89  25  75  87   2  72  82]
 [  0  22  55   6  66  13  46  50  34   6  30  75  50  87  18  45  67  44
    5  36  48  37  37  26  48  74  50  22  35  47  45  33  57   4  36  23
   95  42  42   5  16  53  59  60 100  44   6  78  93   2   6  11 100  37
    3   3  44  58  21  60  56  10  64  24  29  54  41  27  92  32   8   3
   21  16  28  65  88  99  99  28  15  41  88  45  97  41  90  60  63   4
   92  57  18  17  61  76   3  89  12  30   7  55  77  56  36  53  59  98
   67  59  30  29  51  75  47  22  35  57  49  61  58  46  29  98  78  54
   31  30  29  50   4  80  17  12   7  61  49  67  74  38  90  11  32  43
   75   9  33  31  42  92  90  15  26  27  70  61  37  81  24  13  62]
 [  0  86   8  56  84  33  86  61  21  43  21  46  19  55  37  11  32  73
   97  91  89  23   5  26  97  91  67  18  29  16  68  70  75  71  53  25
   28  58  76  49  95   9  84  15  77  94  16  95  17  18  98  83  23  91
    5  78  85  44  93  45  78  31   5  72  26  39  28  60  28  55  37  67
   62   6  95  66  54  98  82  69   3  86  50  56  74  13  45  55   6  16
   60  63 100  23  98  92  17  26  12  69  41  60  63  33  53  35  23  91
   28  81  19  85  23   1  88  80  10  68   1  65  81  11   1  55  29  87
   23  14  93  65  80  54 100  30  91  29  40  58  62   6  26  30  50  12
   89   1  20  89  80  61  95  71  80  69  95  39  83  64   2  89   9]
 [  0  98  90  41  44  76  40  79   1  55  68  33  98  41  44  79  18  20
    5  21  62  98   4  95  20   2   4  79  32  90  68  73   3  44  57  41
   11  48  39  58  99  11  78  10  41  31  88  53  73   5  72  98  10  61
    5  48  80   3  83  88  78  48  93   5  48  79  84  57  44  74  85  23
  100  92  40  50   7  70   6  70  63  70  26  77  92  40  50  56  23   5
   20  87  90  31  32  93   3  73  93  43  75  87  11  83  84  17  98  34
   97  24  92  46  50  68  74  80  32  66  60  75  61  54  32  89  62  22
   21  63  43   9  87  70  90  81   7  67  85  98  43  77   4  83  61  50
   43  69  24  24  25  94  17  27  63  25  54  10  90  65  95  48  26]
 [  0  70  25  48  64  76 100  52   9  68  90  29  69  36  83  32  49  57
   41  64  62  65  19  22  20  73  82  61  95  86  96  83  87  33   7  35
   44  43  64   6  35  98  62   8  63  51  64  11   8  43  49  81  90  22
   95  37  26  26  39  21  67  95  79  64  13  83   5   1  29   5  95  32
    8  14  87  25  56  61  54  40  76  30  86  10  86  30  59  31  44  16
   49  70  24  40  19  88  69  89  55  35  40  34  44  47  69  18  84  36
   86  63  25  86  33  21  56  79  96  38  70  39   8  44  25  24  52  87
   42  97  58 100  67  31  41  25  44  95   9  86  85  19  23  47  95  90
   75  79  92  31  12  61  91   8  95  81  79  10  33   4   2   9  74]
 [  0   6  77  57  48   5  37  84  39   7  55  65  71  21  54  89   4  26
   88  90  36  43  97  83  15  26  42   3  27  48  44  74  13  23  69  11
   30  65  55  71  36  75   1  65  14  71  35  25  97  14  65  65  32  93
   55  92  33  15  65  47 100  28 100  72  60  12  75   9   2  37  82  42
   96  98  24  38  99  95  41  82  35  41   7  22  38  17  89  79  80  27
   23   2   1  11  16  10  69  53  78  69  18  32  10  52  50   8  44  42
   77  96  78  40  89  86  99  12   7  87  72  56  48  35  37  84  86  59
   46  11  14  79  52  81  81  23  21 100  87  26  86  44  41  53  96  89
   14  47  55  77  81  52  99  76  15  43  71  19  88  99  39  46   2]
 [  0   4  14  13   5  64  15 100  49  51  28  66   7   2  43  23  74  49
   55  84  66  46  76  25  56   9  41  71  66  76  49  21  71  55  42   2
   67  95  70  60  96  38   5  96  19  64  42  18  16  46  70  67  90  61
   51  20  93  31  26  91  21  62 100  50   9   5  55  75  10   3   2  90
    7  67  50  21  48  12  51  83  50  46  87  72  25  41  69  42   9 100
   68  57  77  75  91  94  76  41  86  55  29  23  74  91  58  34  95  22
   78  43  79  13  95  61  57  90  59  18  33  97  46  51  17  25  21  47
   99  76  62  77   9  17  36  91  84  82  26  77   9   2  24 100  56  62
   54  62  35  93  73   2  16  38  54  88  32  87  17  55  95  12  87]
 [  0  16  33  70  23  62  68   6  92  55  20  51  81  79  63  24  83  68
   46  71  92  73  21  54  85  15  15  96  89  12  45  28  34  87  96  91
   96  32  68  79  14  79  53   4   3  93   2  36  50  34   5  77  82  57
   85  84  25  24  17  38  92  70  10  89   9  24  59  96 100  61  88  69
   26  36  38  61  89   1   1  21  88  66  87  66  39  34  81  46  21  55
   62   2  41  25  47   2  21  37  17  81  58  35  61  95   8  72  85  99
   78  20  28  45   1  19  83   9  37  23  35  97  50  97  12  50  79  93
   65  12  61  55  55  91  25  90  88  58  94  48   8  83  82  41  53  86
   84  32  80  60  63  90  87  69  50   5  30  31   5  69  68  65   8]
 [  0  12  17  14  90  13   4   1  45  52  23  58  29  43  51  95  75  23
   70  89  92  37  99  27  55  47  86  45  39  73  56  13  28  13  42  56
   98   2  24  67  10  68  57  73  56  20  35  71  47   8  57  82  85  74
   89  71  30  74  37  64   8  77  38  16  76   5  21  63  82  45  44  11
   26  74  30  14  25   8   2  23  82  39  72   4  34  15  50  54   2  19
   40  45  23  44  77  79  43  11   9  20  32  52  14  19   1  66  79  51
   91  80   3  79  31  45  72  30  94  16  72  42   3  84  23   1  52  68
   14  58  61  31  15  67  85  35  26  38  23  61  22  36  99   1  92  25
   91  30  35  38  55  70  55  42   2  30   9   2  40   4  89  92  25]
 [  0  98  11  41  71  38  18  42   2  48  69  49  71  78  65  43  81  75
   71  12  52  53  14  18  78  11  27  89  37   1  80  20  73   7  62  52
   44  70  39  65  53  96  28  11  26  92  23   8  21  19  68  81  88  58
   29  93  69  22  67  14  89  51  49  44  65  63  90  25  99  24 100   8
    8  61  30  75  50  87  60   2  68   2   9  78  35  58  91  51  47  89
   52  12  60  95  97  69  66  59  67  21  55  60  59  29  76  14  90  88
   75  74  29  17  97   8   6  23  25  15  92  50  89  45  28  33 100  96
   98  67  30  77  46  37  99  98 100  33  92  25  88   5  65  35  52  81
   29  95  37  60 100  68  68  89  23  86  21  74  77  72  82  92  42]
 [  0  60 100  84  61  96  99  18  93  60  79  86  78  75   6  96  79  27
    6  70  53  53  74   7  31  87  52   6   3  49  64  96  91   5  14  18
   81  50  75  15  66  25  46  47  85  80  11  13  53  16  70  15  36  45
   18  39  24  56  62  17  82  20  55  57  93  32  15 100  16  79  25  23
   53  23  61  26   7  71  62  20  40   7  37  85  50  88  94   9  98  10
   22  47  65  70  27  42   8   2  42  68  70  68  93  13  50   6  80  39
   90   3  80  54   6  63  39  81  97  29  91  45  43  46  69  55  30  33
   28  26  59  63  47  57  15  85  91  72  36  34  66  39   1  28  85  71
    6  11  98  22  54  48  71  23  62  99  93  84  58  87  97  55  64]
 [  0  14  52  83   9  12  22  16  57  98  74   8  10  65  66  28  82  82
   18  70  39  19  70  95  22  44  18  63  32  27  34  62  38  70  77  50
   50  56  84   4  77  96  30  92  91  61  23  96   9  61  68  65  55  37
   90  31  95  32  23   6  99  15  46   2  53   2  35  19  66  64  80  30
   25  72  77  61  98  72  75  38  46  28  39  62  32  23  98  63  45  30
   31  22  49  21  15  52  90  49  79  40  89  61  48  71   8  63  76  22
   51  64  27  33  62  29  21  95  90  97  82  79  31  63  21  49  63  87
   16  92  21   3  66  60  85  60  25  27   5  69  16  76   8  98  75  35
   36   2  24  74  24   4  93   9  45  39  68  15  43  27  13   3  94]
 [  0  64  93  89   4  79  35  57  96  89  42  39  67  61  52  99  83  67
   46  61  95  10  48  72  21  57  65  93  94  71  92  77  14   5  12  18
   67  40  89  92  43  40   8  49  55  74  58  81  47  36  88  10  62  78
    8  93  75  50  32   1  14  30  76  66  79  81  30  54  87  35  90  61
   53  67  38  79   2  98  66  48  37  83  36  31  11  91   2  55  24  94
   56  48  99  65  70   2  38  51  45  87  83  64  88  98  82  93  51  59
   67  51  32  36  88 100  61  68  37  29  65   8  86  40  75  30  90  88
   16  31  53  75  97   5 100  51  95  52  88  34  26  13  79  33  19  50
   41  62  34  75  46  38  67  56  69  23  57  41  13  82  90  46  93]
 [  0  30  90  73  90  28  65  93  19  70  17   8  47  95  88  73  47  20
   65  57  65  84  76  99  78  35  17  36   1  23  17  41  31  20  33   4
   31  25  83  84  49  59  64  53  22  28  76   3  15  38  98  73  74   4
   77  87  19  75  31  99  63  22  49  62  65  20  56  78  35  29  76  73
   30  44   5  76  17   1  75  21  58  86  15  63  63  52  10  37  81  87
   49  48  50  31  75  88  22  96  71   4   1  44  89  42  22  79  28  53
   69  77   5  22  41   5  57  16  47  77  17   1  34  87  35  51  80   3
   99  83  45  85  91  27  39  65  73  61  76  90  99  64  19  60  11   9
   80  24  33  95  67   6  13  10  87  70  56  56  16  83  92  51  51]
 [  0  62  87  51  35  99  18  37  11  82  96  50  61  46  97  96  23  57
   34  94  66  49  31   2  95  89  73  68  95  72  48  56  31  84  29 100
   77  82  60  55  43  46  56  37  37  77  29  43  91  57  67  13  29  51
   11  55  61  18  54  96  33  55  11  90  94  33  92  94  19  78   7  71
   64  80  73  17  43  94  89  34  83  26  88  18   8  37  97  66  83  48
   48  53  45  43 100  49  80  21   9  16  79  46  61  31  47  11  34  40
   18  84  39  75   7  98   2  33  15  58  69  61   9  44  62  31   5  65
   76   3  20  95  86  58  89  53  75  70  23  58  94  96  57  50  74  40
   84  95  41  45   5   6  21  81  98  10  27 100  64  69  67  66  81]
 [  0  28  96  45  74  58  19  57  36  33   8  31  90  27  67  33  99  70
   72  78  41  87  93  54  33  68  95  90  97  40  19  75  70  24  12  40
   36  83  81  60  24  50  89  38  54  17  77  91  47  56  33  80  89   4
   91  14  66   4  24  36  51  34   5  20  20  31  10   1  76   4   3  76
   94  21  28  18  65   5  28  42  61  85  38   5  99  70  31   7  62  66
   22  30  27  76  67  38  90  75  78  50  37  14  64  27  48  85  23  68
   40  49   6  48  70  52  23  94  22  64  73  70  17  11  69   3  11  36
    9  87  20  34  42  51  53   9  25  75  83  64  97  78   7  64  24   9
   47  92  89  98  28  85  19  93  91  22  83  52  77  66  11  87  77]
 [  0  26  72  45  16  85  75  83  85  43   8  73  25  57  53   3  12  62
  100  52  40   8   6  19  64  99  31  28  84  56  66  74  46  55  54  47
   16  58   4  13  98   7  61  92  98  69  77  87  53  73  61  70  28  79
   88  84  51  79   3  16  46  94  91  47  22  18  51  69  86  14  14  73
   55  99  59  50  22  55  95  54  90  44  58   2  76  89  88  74  47  34
   39 100  58   5  92   6  73  55  95  43  12  38  58  38  39  16  39  70
   48  92  28  68  65  25  11  54  44  56  60  91  86  16  97  85  11  84
    6  35  28  68  43  16  25  29  80  69  21  34  44  72  34  75 100  94
   11  82  41   7  54  34  37  59  34  10   1  26  49  82  13  28  25]]
 setup_times
 [[[  0 118  83 108  62  77  82  76  91]
  [  0   0 111 103  84  78  86  79  62]
  [  0  91   0  75  81 104  86 119 118]
  [  0  95 114   0  62  99  89  92  90]
  [  0  64 103  80   0  98  75  81 104]
  [  0 110  92  91 104   0  63 113  80]
  [  0 103  69  96 106  90   0 114  77]
  [  0  83  68  73  62  88  78   0  62]
  [  0  89  75 104 104  64 117  67   0]]

 [[  0 115 111  68  80 107 103  85 104]
  [  0   0 111  86 108 104  75  62 110]
  [  0  74   0  72  60  62 117  67  70]
  [  0  66 103   0  92  64 112 107 100]
  [  0  99 119 106   0  84 108 109  63]
  [  0 109  88 105 112   0  96  66  90]
  [  0  82  97  74  73  89   0 108 107]
  [  0 117  91 118  80  72 112   0  95]
  [  0 106 105  62  72 108 119  75   0]]

 [[  0  74 109 104  84  90  64  79  78]
  [  0   0  88  96 102 110 114 106  72]
  [  0  65   0  89  65 105 106  79 103]
  [  0  84 109   0  66  83 101  84 111]
  [  0 115  81  96   0  94  83 118  62]
  [  0  80  93  83  81   0  95  98  92]
  [  0  64  79 114 109  66   0  73  74]
  [  0  87  78  60 118  73  75   0  68]
  [  0 113  60  63 115 105  77  75   0]]

 [[  0  70 103 117  97  60  83  79  97]
  [  0   0  98  72  96 118  71  87 116]
  [  0 110   0  81  94  97 104 118  98]
  [  0  96  85   0  99 116 110 119 106]
  [  0  80  94  87   0  63  91  66 101]
  [  0  86  99 104  79   0  71  74 115]
  [  0 101 118 111 117  96   0 117  72]
  [  0  83  85  81  89 101 116   0  74]
  [  0 102  72 109  98  88  60 102   0]]

 [[  0  70 103 118  76  75  86 100  69]
  [  0   0  79  83 106 101  78  88  99]
  [  0  62   0  87 113  71  92  74 104]
  [  0  73  84   0  98  86  92  69  97]
  [  0  78  83  64   0  91  71  90  79]
  [  0 114 117  62  91   0 110  99  74]
  [  0 112 106  93  89  84   0  61 117]
  [  0  95 108 116  73  75  88   0  62]
  [  0 100  79 113  91  70  88 114   0]]

 [[  0 116  84  72  89 103  66 106 102]
  [  0   0 105  88  99  63  71  75  80]
  [  0  97   0  82  96 104  80  78  94]
  [  0  89 115   0  83 105  97 101  67]
  [  0  71  90  93   0  76  75 114 117]
  [  0  90 119  70  61   0  72  98  95]
  [  0  65 100  81 103  80   0 110  94]
  [  0  63  90  62  87 104  96   0  92]
  [  0  86  94 103  73 105  96  93   0]]

 [[  0  85  86 117  61  89  61  84  83]
  [  0   0  64  66  72  77 103  90  80]
  [  0  62   0  72 107 114 115  62  70]
  [  0  89 107   0 119  77  74  60  93]
  [  0  93 110  78   0 114  66  62  93]
  [  0  80  82 107 108   0  89  69  67]
  [  0  91  79 102  72 117   0  70  67]
  [  0  94 104  71 117  87  98   0  69]
  [  0  94  72 107  89 113 111  85   0]]

 [[  0  90  73 111  88 116  77 107  90]
  [  0   0  62  65  97  87 110  92  91]
  [  0  88   0  82 115  71  81  85 107]
  [  0 110  60   0 114  64 115  79  60]
  [  0 103  78  71   0  64  93 102  71]
  [  0  91 106  99 105   0  99  90  77]
  [  0  89 109  87 113  99   0 119 109]
  [  0 106 112  66  98  91 116   0 116]
  [  0  87  98  68  91 105  89  81   0]]

 [[  0  99  77 113  76  72 108  64  80]
  [  0   0 116  63  69  61  71 111  94]
  [  0 117   0  68  72  82 114 113  87]
  [  0  79  73   0 116  95 113  60 116]
  [  0  66 105  61   0  98 116 103  74]
  [  0  95 106  78  98   0  69 109  97]
  [  0  63  83  89 108 102   0  69 100]
  [  0 115  87  81  67 109  93   0 100]
  [  0  73 111  81  78 115  98 110   0]]

 [[  0 101  61 111  61  81 104  60 106]
  [  0   0  80  63  67  98 101  97  78]
  [  0  65   0  89  68  95  86  61  98]
  [  0 109  70   0  85  94 114  75 103]
  [  0 109  75 115   0 109  77  71 112]
  [  0 117  78  88 119   0 106  76 115]
  [  0  83 100 108 102 114   0  91  81]
  [  0 104  70  96  77  86  68   0  62]
  [  0  61  70  66  81  63 100  80   0]]

 [[  0  66  93  64 113  62 107  72  84]
  [  0   0  67 100  88  87  66  78  96]
  [  0  94   0 102  63  73  73  68 114]
  [  0  82  91   0  88  60 119 113 105]
  [  0 115  92  81   0  92  73 113  71]
  [  0  66  75  87  89   0  89 111  78]
  [  0  84  90 113  88 111   0 111  89]
  [  0  61  85  87  99  67  71   0 105]
  [  0  95  94 100 100  98 116  92   0]]

 [[  0  66  96 112  95  60  79  73  92]
  [  0   0  77  96  65  85  70  70 118]
  [  0  80   0  68  94  79  87  97  66]
  [  0 100  96   0  79  97  92  98  67]
  [  0  60  88  85   0  66  84 115  85]
  [  0  74  95  79  60   0 104 105  78]
  [  0  72  65  83  74  91   0  61  60]
  [  0  84 113  83  89  75 117   0  88]
  [  0  78  60 103  64 103  95 112   0]]

 [[  0  97 103  62  67 108  81 101  94]
  [  0   0 116  90  78  85  90 110  64]
  [  0 102   0 112  88  63  89  75 101]
  [  0  84 107   0  61 107  86 106 118]
  [  0  80  85  65   0  71  88 109  92]
  [  0 108  67  61  86   0  88  78  89]
  [  0  83  95  93 110  81   0  70  63]
  [  0  78  79 100 104 104  93   0  81]
  [  0  69  81 117  67  94  93  61   0]]

 [[  0  95  74  65 112  94  96  91  80]
  [  0   0  84  98 115 108 106  96 104]
  [  0  74   0 108  73  90 111  98  78]
  [  0  76  67   0  64  83 114  93 114]
  [  0 116  82 100   0  76 109 110 117]
  [  0  62  93 113  96   0 110 111 100]
  [  0 113  70  99 103 110   0 119 100]
  [  0  78 105 100 108  86  72   0 111]
  [  0 113  65 114  83  83 111  90   0]]

 [[  0  71  65 118  95 119  98  90  71]
  [  0   0  78  79 114  90  70  74  73]
  [  0  86   0  82  77  86  70  68  81]
  [  0  74  72   0 103  79  88  82  65]
  [  0  89  83  80   0  61  79  88 111]
  [  0  62  86 116  77   0 109  88  71]
  [  0  77  70  85  97 111   0 100  63]
  [  0  80  60  69  75  95  97   0 110]
  [  0 102  70  84  93  64  77  95   0]]

 [[  0  77 116 112  72  85 107  67 118]
  [  0   0 113 106  61  80  61  60  61]
  [  0  96   0  97 106 114  89 106  69]
  [  0  63  97   0  77  71  80  64  92]
  [  0 107 106 110   0  82  70 108 117]
  [  0  70  86  68 116   0  86  67 101]
  [  0 110  78  72 103  75   0  90 116]
  [  0  70  78  86  68  73 114   0  81]
  [  0 119  68  90  83  78 117  74   0]]

 [[  0 100 108 113 118 111 107 104  86]
  [  0   0  74 102  99 112 111  93 111]
  [  0 117   0 112 100  71 102  90  93]
  [  0  83  82   0  63 109  69  62 116]
  [  0 102  67  88   0  87 112  92  84]
  [  0  99  65  82 117   0  63  67 113]
  [  0 116  85  60  74  85   0  85  84]
  [  0  61 102  70  72 116  76   0 103]
  [  0 105 104  83  80  70  66  62   0]]

 [[  0  92  85  86  91  63 101 115 113]
  [  0   0  99  84  75  82  94 101 115]
  [  0  98   0  90  60  83 105 106  88]
  [  0  99  86   0  84  83  90 106  89]
  [  0  72  71  93   0 115  67 112 102]
  [  0  95 116  93 118   0  81  72  65]
  [  0 116 119 102  86  61   0  69  82]
  [  0  92 113  93  99 111 107   0 104]
  [  0 100  82  92  71  93  99 106   0]]

 [[  0 118  98  72  76 109  77 105  96]
  [  0   0  82  61  91  99  65  75  69]
  [  0  86   0  70  89  89  81 101  77]
  [  0  75 106   0  70 115 116  61  65]
  [  0  88  69 101   0  82 114  63 107]
  [  0 118  91  72 109   0  64  67 100]
  [  0 115 111  85 118 104   0 100  96]
  [  0  62  85  73  91 109 115   0  78]
  [  0  80  68 113 101  78  72  69   0]]

 [[  0 106  95  92  61  90  84  77 103]
  [  0   0 100 108 111  72 106  68 103]
  [  0  98   0  61  68  60  61  73 107]
  [  0  71  73   0  74  60 100 113 115]
  [  0  80  95  64   0  79  69  92  69]
  [  0  61  79  86  68   0  86  79 118]
  [  0  95 118 118  86  88   0 116  61]
  [  0  82  96  90 112  69  71   0  83]
  [  0 106  68  75  62  73  80  67   0]]]
 delivery_times
 [[  0 194 175 180 182 199 179 175 194 170 188 179 190 179 196 186 183 177
  186 193 178 186 193 170 196 177 185 174 179 179 195 193 173 170 195 174
  196 184 199 177 185 199 199 195 186 194 174 193 171 199 175 179 175 198
  177 189 183 175 187 195 175 177 190 195 183 192 192 194 194 192 188 177
  171 190 195 170 184 188 170 178 185 178 179 173 179 196 173 187 179 186
  177 196 188 195 178 192 173 184 198 188 177 192 192 171 185 198 176 195
  179 184 188 172 192 179 183 174 173 173 198 179 191 179 192 181 177 173
  198 199 174 188 183 170 184 183 179 171 176 174 190 198 182 184 186 177
  193 184 173 195 187 178 170 185 181 176 198 192 191 172 190 177 183]
 [  0 171 191 197 172 170 177 181 183 183 178 188 199 181 196 176 188 172
  184 175 174 181 187 181 171 185 189 185 171 178 176 177 188 199 199 198
  193 172 189 196 175 172 194 192 191 170 180 194 187 189 174 181 182 199
  196 181 172 190 184 187 176 199 191 192 188 172 186 182 191 180 195 180
  180 181 190 177 193 196 184 198 187 174 198 170 194 198 199 195 199 173
  178 173 175 189 187 181 191 187 192 192 199 171 198 188 189 173 188 198
  198 195 170 174 197 193 195 179 182 182 192 198 189 176 197 188 185 183
  184 184 181 180 176 195 186 176 175 183 192 181 180 178 198 177 195 179
  188 195 179 199 197 195 198 190 174 171 196 193 173 191 188 184 194]
 [  0 185 173 171 172 199 177 197 191 180 190 180 173 189 177 192 180 170
  187 173 193 193 197 175 173 172 198 193 189 183 197 178 192 199 177 195
  177 170 194 175 193 184 199 170 180 177 195 199 181 195 180 192 178 172
  195 178 180 186 178 188 188 182 190 184 192 174 189 173 181 198 199 195
  191 170 178 182 175 190 178 178 173 193 198 185 176 170 195 188 174 188
  184 199 179 182 175 179 187 175 183 179 174 178 197 195 183 191 186 198
  196 189 198 198 196 197 194 174 193 190 197 174 199 183 199 178 180 190
  190 182 195 195 170 180 179 195 177 185 183 187 170 174 183 196 183 196
  185 181 190 191 197 171 192 173 184 180 191 172 190 185 172 189 199]
 [  0 187 172 170 191 188 185 189 184 186 170 175 194 182 187 197 178 186
  178 185 184 171 173 194 185 173 184 180 172 180 186 173 179 174 173 175
  175 192 172 173 174 179 184 176 195 190 171 193 193 179 195 175 172 189
  199 173 190 176 188 185 196 192 183 192 193 185 178 180 189 187 177 186
  197 181 175 199 188 174 186 182 192 171 174 173 183 193 199 190 181 186
  198 194 180 195 190 177 198 183 196 189 198 173 172 172 174 186 174 186
  171 175 171 170 195 176 198 176 177 198 175 195 195 198 191 186 177 178
  182 192 170 175 195 184 197 175 173 190 186 185 179 191 179 199 182 172
  175 183 190 180 183 178 198 171 191 174 178 174 172 192 180 179 175]
 [  0 184 182 195 190 199 179 191 176 184 199 181 199 190 181 186 181 181
  190 194 193 171 183 194 196 176 172 181 199 199 195 195 196 186 195 185
  175 192 177 174 184 191 198 195 189 189 188 170 183 184 172 171 174 198
  179 178 170 185 199 197 179 178 188 188 180 170 177 175 196 187 199 198
  189 190 187 192 180 188 187 184 177 185 185 172 190 172 175 177 178 180
  173 176 196 188 171 182 176 192 186 182 175 197 190 172 180 186 198 188
  179 196 177 190 195 189 181 196 195 179 174 194 186 177 176 188 194 176
  191 192 185 182 194 184 192 190 183 192 197 172 180 192 180 182 192 178
  193 196 196 181 178 199 195 190 174 178 196 183 179 184 189 187 170]
 [  0 173 189 173 191 197 178 177 175 188 177 171 194 182 172 188 181 188
  179 191 199 184 188 175 178 180 176 174 172 187 176 178 197 190 174 174
  187 188 181 171 183 192 174 171 198 182 186 173 185 182 183 192 186 188
  188 183 182 197 173 173 196 183 195 192 195 170 196 195 185 186 178 188
  186 177 198 192 188 198 175 182 187 185 190 191 175 176 182 187 188 184
  176 195 199 175 170 196 175 199 186 180 174 175 185 183 199 188 181 182
  173 185 175 181 175 189 175 174 176 177 194 188 183 189 186 193 197 194
  182 194 175 186 188 171 199 178 187 196 187 198 176 173 196 185 195 180
  178 184 174 184 192 191 174 171 191 181 178 170 186 183 189 174 185]
 [  0 171 175 177 176 177 191 199 192 177 197 196 179 177 186 171 187 185
  187 198 196 181 185 171 170 178 176 199 186 185 195 172 174 193 193 177
  191 196 192 178 189 186 175 190 183 185 171 199 196 174 192 195 178 193
  183 179 178 183 199 196 195 199 178 196 170 191 197 191 171 192 196 174
  190 199 180 189 185 184 172 179 172 192 179 197 188 176 171 197 189 187
  181 192 175 190 176 199 188 180 181 197 178 190 191 189 177 193 188 170
  173 185 183 171 182 182 194 176 174 178 188 176 195 174 191 196 173 172
  188 193 197 173 181 191 194 197 174 193 186 186 186 188 191 198 170 178
  189 192 196 192 184 175 195 196 188 193 188 176 183 170 182 191 193]
 [  0 171 180 180 175 179 197 181 183 186 191 197 170 190 182 175 170 170
  186 179 190 183 179 177 193 195 175 178 187 195 197 178 191 181 184 185
  189 195 184 189 196 183 196 179 192 172 183 182 196 194 171 181 188 181
  185 177 175 191 176 198 185 194 187 177 175 189 178 191 190 187 171 171
  171 197 172 173 179 172 177 182 191 191 194 182 199 186 172 199 180 171
  185 170 182 180 185 188 197 185 190 188 175 183 185 171 175 184 175 192
  185 173 195 197 199 178 182 187 199 195 193 187 196 185 172 172 194 196
  195 186 178 170 197 193 186 184 187 194 189 181 170 191 191 195 175 175
  186 189 176 199 188 187 172 172 182 199 175 188 197 191 194 190 192]
 [  0 184 189 178 177 197 172 197 195 177 180 180 188 177 173 196 196 172
  175 194 178 198 193 194 182 180 177 172 175 197 172 192 193 189 173 193
  194 195 174 176 192 184 170 182 192 181 187 196 176 199 180 181 199 198
  188 196 177 194 199 180 174 186 172 171 196 192 197 186 175 194 185 192
  195 176 179 196 170 188 192 184 181 196 199 183 172 173 179 177 187 172
  195 194 179 187 192 186 181 196 187 176 171 173 173 171 193 185 188 184
  176 184 177 196 189 198 182 198 176 174 195 172 188 196 189 190 191 175
  185 184 181 173 192 181 189 187 170 192 193 191 195 187 197 176 194 181
  191 195 197 186 175 194 176 173 176 182 186 190 179 180 171 186 185]
 [  0 187 177 170 190 177 180 194 195 184 199 178 186 198 179 177 185 176
  184 184 191 195 185 180 195 177 195 186 170 181 184 195 179 171 185 184
  171 177 193 192 173 192 183 196 185 186 172 179 186 188 172 189 197 193
  178 192 178 184 178 180 194 198 173 170 199 181 194 195 172 192 195 197
  192 190 172 179 197 176 171 194 175 193 194 185 173 199 183 184 195 174
  173 199 182 179 186 185 182 171 197 178 189 198 193 174 195 193 183 182
  192 184 194 184 172 186 182 187 196 197 174 176 171 195 194 188 182 193
  173 194 193 187 191 195 195 170 197 183 172 187 179 185 186 192 175 177
  196 181 181 174 192 193 199 173 181 191 171 198 180 199 190 184 170]
 [  0 184 171 172 171 194 178 186 170 175 198 172 185 186 170 194 181 173
  170 199 179 183 170 192 196 185 190 189 193 188 179 171 182 170 181 180
  198 188 198 177 195 182 193 191 170 196 183 179 171 173 197 176 171 195
  198 183 175 180 173 173 184 199 193 195 194 186 196 179 190 192 174 184
  196 189 186 196 198 187 184 197 194 192 197 185 174 172 195 173 172 197
  189 198 198 170 189 188 189 186 175 176 193 178 178 187 189 179 182 181
  189 176 190 193 196 171 196 194 187 191 198 183 176 171 174 177 190 177
  198 175 174 188 191 188 184 193 173 190 181 182 178 184 181 193 193 197
  170 183 176 192 192 191 189 190 182 195 199 175 180 170 177 190 187]
 [  0 194 174 170 171 182 171 186 177 186 183 185 170 182 187 186 186 199
  179 184 182 172 187 183 174 194 188 198 199 182 197 172 199 187 199 183
  190 196 193 192 185 190 178 183 172 185 178 176 196 198 176 187 180 173
  190 180 179 175 198 196 198 195 182 170 197 175 189 184 188 195 176 186
  185 197 199 174 186 199 187 187 192 172 174 192 198 171 189 173 193 183
  179 175 199 178 171 176 174 192 190 172 180 189 183 191 195 198 177 195
  183 184 170 187 183 181 177 197 190 174 176 182 190 187 181 194 177 193
  180 183 184 178 186 187 193 172 193 184 196 186 183 198 195 178 174 178
  189 196 170 193 199 172 180 194 183 196 199 173 182 178 171 179 171]
 [  0 177 178 190 184 181 175 185 187 174 184 197 173 184 195 194 172 195
  189 192 194 171 192 186 176 194 195 174 186 188 198 194 173 186 198 194
  198 186 195 186 184 172 192 184 193 183 192 177 199 179 177 180 194 176
  193 187 189 187 181 178 171 193 178 182 176 180 188 176 186 170 182 180
  171 183 181 171 188 191 195 196 188 179 179 196 196 190 194 193 177 185
  192 171 181 190 174 196 186 177 182 196 185 186 170 198 195 196 186 173
  183 173 174 174 191 183 188 192 190 195 171 177 175 196 172 172 182 191
  194 179 171 192 189 171 180 195 171 187 191 181 178 195 190 170 181 194
  189 192 190 191 195 176 185 185 189 180 174 181 185 185 197 172 191]
 [  0 179 191 197 174 198 177 187 191 174 177 180 173 189 189 186 192 196
  194 191 182 185 176 170 170 189 190 182 191 180 189 190 199 192 170 171
  180 187 196 196 197 185 176 179 195 180 187 179 170 175 190 178 187 178
  171 170 195 199 172 181 177 183 199 196 188 186 190 192 194 187 197 190
  196 195 189 186 191 187 177 185 192 193 179 177 175 186 181 185 174 186
  185 172 184 175 191 197 193 182 195 171 178 197 192 198 198 192 197 191
  197 182 193 177 173 172 186 180 184 188 175 192 197 187 190 192 194 195
  176 185 175 193 197 170 192 194 184 192 192 174 179 170 195 178 192 170
  183 187 199 194 187 175 178 198 190 173 180 184 190 171 181 196 191]
 [  0 191 187 174 195 190 173 184 171 195 194 189 189 171 197 180 194 171
  182 195 171 180 170 181 195 191 181 197 174 192 189 173 188 170 176 188
  190 189 184 198 185 170 181 199 197 199 198 188 186 182 170 181 178 172
  175 186 187 174 172 181 182 197 188 172 191 184 183 198 189 198 197 188
  178 181 174 171 182 191 198 196 171 198 193 178 199 189 175 195 173 180
  179 198 180 190 172 184 191 196 180 197 175 179 177 185 194 199 178 177
  198 182 172 174 170 198 171 197 172 181 188 176 175 180 170 178 178 184
  192 172 178 194 172 193 178 184 178 174 174 180 189 178 184 176 193 170
  176 199 186 186 186 187 188 177 190 198 175 194 197 184 183 199 175]
 [  0 175 199 196 185 177 194 183 170 189 182 170 172 180 181 175 178 171
  171 189 193 175 174 189 182 199 179 176 185 196 177 190 188 174 180 173
  185 190 195 172 194 175 176 182 197 198 170 199 184 195 175 187 185 185
  173 195 182 196 186 193 194 182 190 188 179 195 185 186 179 199 170 189
  183 197 198 188 182 188 193 184 173 187 174 197 183 194 196 190 187 171
  190 190 179 171 187 172 182 198 170 185 181 191 178 173 196 191 195 178
  181 174 177 177 198 194 182 186 173 177 188 172 189 181 175 190 195 178
  180 194 177 185 195 192 182 193 183 185 185 196 189 189 180 173 189 193
  171 191 170 195 171 188 188 192 176 178 174 183 182 190 190 180 196]
 [  0 188 185 197 196 187 183 180 193 199 197 172 189 172 180 175 194 196
  194 198 177 178 172 171 178 180 193 177 188 174 181 194 192 185 199 197
  194 183 177 182 188 180 191 175 197 184 174 183 181 189 199 188 190 182
  196 183 174 198 179 193 178 195 195 190 188 197 194 177 198 177 195 192
  172 195 176 183 198 186 192 182 184 183 174 186 192 198 178 185 186 181
  177 190 191 196 187 170 189 177 197 185 193 176 176 184 185 188 176 195
  185 172 177 184 187 197 191 187 196 176 199 178 187 182 195 170 197 194
  198 199 193 195 180 182 192 193 172 184 188 193 192 184 180 196 195 195
  181 196 196 187 170 192 170 172 189 187 183 188 178 191 179 176 173]
 [  0 190 178 198 185 184 185 186 190 192 193 175 188 180 189 180 170 189
  177 189 182 181 183 174 171 191 187 181 175 176 191 188 196 195 173 174
  198 187 174 189 191 195 173 185 180 199 177 197 172 193 196 199 185 173
  176 173 182 194 185 174 175 184 196 194 189 176 196 170 187 198 193 189
  182 189 183 181 189 171 197 171 188 190 194 189 181 182 196 195 197 189
  190 190 191 187 192 192 198 171 192 187 177 187 180 197 171 199 197 190
  192 199 187 193 180 175 182 194 196 180 175 185 188 170 188 199 182 183
  187 190 191 195 177 186 188 189 185 197 171 189 172 196 195 198 196 194
  191 194 173 177 187 178 197 189 180 185 174 186 184 196 174 184 188]
 [  0 196 179 185 184 171 194 193 193 194 174 173 185 176 170 185 186 174
  173 195 179 195 197 174 170 171 181 194 184 182 180 188 198 170 193 174
  184 172 187 191 174 183 182 177 178 184 183 172 171 198 192 184 174 173
  171 197 196 179 198 196 170 173 186 190 190 190 188 185 183 183 174 180
  194 171 199 174 192 177 190 170 181 184 181 171 197 187 174 191 198 185
  170 196 188 194 183 170 197 183 178 189 192 173 179 171 196 171 197 182
  192 177 190 191 173 184 191 182 185 172 180 191 179 177 177 181 198 181
  199 172 185 187 178 186 192 193 183 185 179 185 198 181 189 170 177 193
  183 181 197 176 191 195 174 189 183 184 183 177 185 187 171 173 198]
 [  0 177 182 182 183 193 181 180 189 192 177 176 172 189 197 190 172 175
  185 174 193 181 199 181 190 199 192 170 180 183 191 171 192 194 174 186
  195 183 178 171 178 173 171 191 199 176 194 184 198 190 188 196 171 170
  176 192 199 191 170 183 177 186 199 197 176 174 177 172 197 196 188 194
  194 187 193 188 174 199 193 192 176 195 199 181 181 199 171 193 190 195
  199 194 199 182 182 181 183 198 191 179 173 170 190 187 196 196 177 192
  176 198 185 192 186 189 194 175 185 184 173 181 190 185 189 170 176 185
  175 185 192 176 191 188 182 175 176 186 174 184 184 190 176 175 194 189
  192 187 186 191 179 188 190 187 177 191 188 173 187 194 197 185 171]]
 job2fam
 [[1 0 0 0 0 0 0 0 0 0 0 0 0 0 0 0 0 0 0 0 0 0 0 0 0 0 0 0 0 0 0 0 0 0 0 0
  0 0 0 0 0 0 0 0 0 0 0 0 0 0 0 0 0 0 0 0 0 0 0 0 0 0 0 0 0 0 0 0 0 0 0 0
  0 0 0 0 0 0 0 0 0 0 0 0 0 0 0 0 0 0 0 0 0 0 0 0 0 0 0 0 0 0 0 0 0 0 0 0
  0 0 0 0 0 0 0 0 0 0 0 0 0 0 0 0 0 0 0 0 0 0 0 0 0 0 0 0 0 0 0 0 0 0 0 0
  0 0 0 0 0 0 0 0 0 0 0 0 0 0 0 0 0]
 [0 0 0 0 0 0 0 0 0 0 0 0 0 1 0 0 0 0 0 0 0 1 0 1 0 0 0 0 0 1 0 0 0 0 0 0
  0 1 0 1 0 0 0 0 0 0 0 0 0 0 0 0 0 0 0 0 0 0 0 0 0 0 0 0 0 0 0 0 0 0 0 0
  0 0 0 1 0 1 0 0 0 0 0 1 0 0 0 0 0 0 0 0 0 0 0 0 0 0 0 1 1 0 0 0 0 0 1 0
  0 0 0 0 0 0 0 0 0 0 0 0 0 0 0 0 0 0 0 0 0 0 0 1 0 0 0 0 0 0 0 0 0 0 0 0
  0 0 0 0 0 0 1 0 0 0 0 1 0 1 0 0 0]
 [0 0 0 0 0 0 0 0 0 0 1 0 1 0 0 0 0 0 0 0 0 0 1 0 0 0 0 0 1 0 0 0 0 0 0 0
  0 0 0 0 0 0 0 0 0 0 0 0 0 0 0 0 1 0 0 0 1 0 0 0 0 0 0 0 1 1 0 0 0 0 0 1
  0 1 0 0 0 0 0 0 0 0 0 0 0 0 0 0 0 0 0 0 0 0 0 0 0 1 0 0 0 0 0 0 1 0 0 0
  0 0 0 0 0 0 0 0 0 0 1 0 0 0 0 0 0 1 0 0 0 0 0 0 0 0 1 0 0 0 0 1 0 1 0 1
  0 0 0 1 0 0 0 0 0 0 1 0 0 0 0 0 0]
 [0 0 0 0 0 0 1 1 0 0 0 0 0 0 0 0 0 0 1 0 0 0 0 0 1 0 0 0 0 0 0 0 0 0 0 0
  0 0 0 0 0 0 1 0 0 0 1 0 0 0 0 0 0 0 0 1 0 0 0 0 0 0 0 0 0 0 0 1 0 0 0 0
  0 0 0 0 1 0 0 0 0 0 1 0 0 0 0 0 0 0 1 0 0 0 0 0 0 0 0 0 0 0 0 0 0 1 0 0
  0 1 0 0 0 0 0 0 0 0 0 0 0 0 0 1 1 0 0 0 0 0 0 0 1 0 0 0 0 1 0 0 1 0 0 0
  0 1 0 0 0 0 0 0 0 0 0 0 0 0 0 0 0]
 [0 0 0 0 1 0 0 0 0 0 0 0 0 0 0 0 1 1 0 1 0 0 0 0 0 0 0 0 0 0 0 0 0 0 0 0
  1 0 1 0 0 1 0 0 0 0 0 0 0 1 0 1 0 0 0 0 0 0 0 1 0 1 0 0 0 0 0 0 0 0 0 0
  0 0 0 0 0 0 0 0 1 0 0 0 0 0 0 1 0 0 0 0 0 0 0 0 0 0 1 0 0 0 0 0 0 0 0 0
  0 0 1 0 0 0 0 0 0 0 0 0 1 0 0 0 0 0 0 0 1 0 1 0 0 0 0 1 0 0 0 0 0 0 1 0
  0 0 1 0 0 0 0 0 0 0 0 0 0 0 0 0 0]
 [0 0 1 1 0 1 0 0 0 0 0 1 0 0 0 0 0 0 0 0 0 0 0 0 0 1 0 0 0 0 0 0 1 1 0 0
  0 0 0 0 0 0 0 0 1 0 0 1 1 0 1 0 0 0 1 0 0 0 0 0 0 0 0 0 0 0 1 0 1 1 0 0
  0 0 0 0 0 0 0 0 0 0 0 0 1 1 0 0 1 0 0 1 0 0 1 0 0 0 0 0 0 0 0 0 0 0 0 1
  0 0 0 0 0 0 0 1 1 0 0 0 0 1 0 0 0 0 0 0 0 0 0 0 0 1 0 0 1 0 0 0 0 0 0 0
  0 0 0 0 0 0 0 0 0 0 0 0 0 0 0 0 1]
 [0 0 0 0 0 0 0 0 1 1 0 0 0 0 0 0 0 0 0 0 1 0 0 0 0 0 0 0 0 0 0 0 0 0 0 0
  0 0 0 0 0 0 0 0 0 1 0 0 0 0 0 0 0 0 0 0 0 0 0 0 0 0 0 1 0 0 0 0 0 0 0 0
  0 0 0 0 0 0 0 0 0 0 0 0 0 0 1 0 0 0 0 0 1 1 0 1 0 0 0 0 0 0 0 0 0 0 0 0
  0 0 0 0 0 0 0 0 0 0 0 1 0 0 1 0 0 0 0 0 0 1 0 0 0 0 0 0 0 0 1 0 0 0 0 0
  0 0 0 0 1 1 0 1 0 0 0 0 0 0 0 0 0]
 [0 1 0 0 0 0 0 0 0 0 0 0 0 0 0 1 0 0 0 0 0 0 0 0 0 0 1 1 0 0 1 1 0 0 1 1
  0 0 0 0 0 0 0 1 0 0 0 0 0 0 0 0 0 0 0 0 0 0 0 0 1 0 0 0 0 0 0 0 0 0 1 0
  0 0 0 0 0 0 0 1 0 0 0 0 0 0 0 0 0 0 0 0 0 0 0 0 1 0 0 0 0 1 1 1 0 0 0 0
  1 0 0 1 0 1 0 0 0 0 0 0 0 0 0 0 0 0 1 0 0 0 0 0 0 0 0 0 0 0 0 0 0 0 0 0
  1 0 0 0 0 0 0 0 1 1 0 0 1 0 1 1 0]
 [0 0 0 0 0 0 0 0 0 0 0 0 0 0 1 0 0 0 0 0 0 0 0 0 0 0 0 0 0 0 0 0 0 0 0 0
  0 0 0 0 1 0 0 0 0 0 0 0 0 0 0 0 0 1 0 0 0 1 1 0 0 0 1 0 0 0 0 0 0 0 0 0
  1 0 1 0 0 0 1 0 0 1 0 0 0 0 0 0 0 1 0 0 0 0 0 0 0 0 0 0 0 0 0 0 0 0 0 0
  0 0 0 0 1 0 1 0 0 1 0 0 0 0 0 0 0 0 0 1 0 0 0 0 0 0 0 0 0 0 0 0 0 0 0 0
  0 0 0 0 0 0 0 0 0 0 0 0 0 0 0 0 0]]
