params：
 weight-->(1, 10)
 proc_times-->(1, 100)
 setup_times-->(60, 120)
 delivery_times-->(170, 200)
 job_rate-->8

start:
alpha_1
8
 alpha_2
2.0
 mach
20
 job
160
 fam
12
 weigh
 [[0 5 7 5 3 7 6 9 3 8 7 2 9 7 1 4 3 8 2 5 9 4 2 1 6 5 3 9 6 8 8 6 8 6 2 2
  6 1 5 3 4 5 9 5 7 1 8 7 8 4 9 3 8 9 9 7 8 5 4 3 4 7 1 5 4 7 8 9 5 3 6 9
  2 6 4 1 7 1 3 1 6 9 1 8 4 5 1 8 9 3 9 2 8 1 9 2 2 7 7 4 6 9 3 7 3 5 5 1
  5 9 4 2 8 1 8 7 5 4 4 2 3 7 3 9 3 8 9 1 4 3 6 7 8 9 9 1 5 2 3 7 1 1 6 7
  3 5 9 7 8 3 8 1 9 8 8 9 6 2 5 4 5]]
 proc_times
 [[  0  34  41  43  72  94  95  44  71  77  87  42  98  55  80  62  41  74
   24  58  47  94  82  87  52  45  54  76  41  45  94  25  75   4  29  51
   71  46  63   5  63  94  63  46  76  84  54  40  31  48   7  29  27  84
   35   5  26   9  29  93  22  12  60  38   7  21  85   9   7  55  95  59
    6  93  71  41  43  62  15  48  59  56  28   9  45  14  49  64  33  19
   43  46  13   9  87  40  84  56  55  27  88  32  44  73  38  73  54  60
   93  32  24  49  83  35  44  90   9  53  29  73  38  62  79  81  93  64
    6  76  87  70  24  75  67  72  56  37  78  61  78  23  34  88  75   3
   54  48  97   2  63  61  56   3  27  46  40  17  84  55  25  10  37]
 [  0  69  97  79  53  31  37  73   7  73  14  34  37  59  63  76  90  22
    5   6  62  15  65  61  88  58  63  88  34  55   9  69  38  50  83  80
   15  51  67  44  19  32  18  99  72  87  75  96  11  93   3  47  43  96
   12  95  87  25  96  46  96  54  91  77  47   6  97  11  12  14  20  94
   63  16  40   7  54  54  58  68  66  69  89  11  19  36  73  44  95  12
   61  82  85  74  21  90  37  92  95  80  23   8  42  32  17  40  21  69
   56  83  27  19   9  35  91  12  22  71  10  92  35  20   9  63  88   9
   82  90   9  21  74  62  24  86  59  92  20  11  29  86  37   9  64   8
   66  47  88  74   9  71  93   6  20  50  61  39  92  47  93  20  45]
 [  0  36  13  15   5  73  70  60  65  26  28  20  74  68  77  65  22  54
   70  36  12  31  57   6  91  67  59  64  26   8  41  75  32   9  81  43
   27  92  52  87  89  95  56  17  33  55  11  98  25  33  26  32  40  14
   81   1  12   4   7  15  87  46  32  24   1  48  95  90   1  40  13  84
   51  76  38  98  62  59  93  46  30  41   1  91  23  46  70   3  42  86
   83   5  85  90  16  36  10 100  54  79  95  22   5  24  51  52   4  11
   18  66   1  10  89  79  25  15  70  24  71   1  45   3  30   2  86  33
   51  19  64  29  88  67  18  15  34  58  58  46  38  99  29  82  56  67
   27  42  59  21  15  53  65  95  75  90  89  98  73   6 100   3  40]
 [  0  41  10  95  90   2  97   4   5  74   4  42  41  69  57 100  98  37
   79  83  62  23  24  50  53  49  86  27  28  25  13 100  45  97  91  33
   36  11  69  89  10  90  43  33  47  20  57  25  64  28  43  21  45  44
   75  93  60  72  77  48  75  55  67  10   9  56  91  93  12  65  60  76
   18  10   1  50  30  22  91  84  68  29  93  94  25   4  77  66  13  35
   58  72  91  68  39  43   9  19  12  35   4  40  90  42  90  32  96  34
   23  78  88  51  58  15  63  57  75  10  85  84  17  19  35  86  46  79
   78  25  87  48   4  45  81  71  77  84  43  56  91  66  70  68  12  28
   91  37  69  25  35  96  23  61  95  27  53  55  89  25  56  86  52]
 [  0  19  98  74  76  57  26  92  34  64  60  70  90  89  60  67  74   8
   51  76  80  20  67  82  49  76  18  51  61  71  16  89  82  60  27  31
   13  14  20  13  58  65  79  29  12  95  80  17  75  55  24  53  74  26
   55   8  84  21  32  99  37  54  85  78  94   2  89  88   9  92  94  52
   98  54  10  58  71  16  62  19  37  70  22  71  62  99  32  12  56  23
   32  82  65  90  82  61  87   6  48  28  45  70  92  90  85  99  98  74
  100  85  19  83  18  83  24  50  99   8  67  94   6  94  75  53  88  56
   32  46  46  84  28  39  31  73  71  67  88  89  24  81  10  54  99  91
   73  21  17  35  80  23  98  28  44   2   6  75  20  44  96  83  62]
 [  0  17  80  29  23  27  24  59  25   3   9  38  75  91  35  37  35  73
   92  97  31  60   9  51   4  69  59  44   4   9  54  19  66  69  77  21
   54  28  71  59  83  45  26  99  88  92  23  53  16  72  82  93  75  28
   50  73  42   1  70  84  65  16  60  43  86  54  27  96  38   9  84  29
   46  17  32  37  68  24  21  93  71  23  86  90  66  69  38  88  96  55
   48  25  91  84  15  84  58  43   2  58  67  68  25  42  98 100  90  38
   26  24  61  21  49  97  33  22   1  11  33  22  71  68  97  56  56  18
   34  31  68  81  84  36  48  17   4  85  37  26   8  63  43  98 100  59
   65  87  33  29  27  63  83  52  58  46  88  16  25  87   5  69  30]
 [  0  51  36  26  48   9  10   3  64  20   8  88  14  56  76   8  32  54
   54   8  32  73  54  57  93  29   1  23  24  96   2  58  37  87  27  54
    8  19  31  99   8  80  73  25  24  60  40  52  75  84  22  23  13  89
   20  85  17  77   3  37  13  32  31  25  91   8  75  96  58  85  38  80
   18  60  91  30  38  20  85  74   9  92  66  46   8  62  19  49  44  53
   97  19   3  39  46   5   3  57  71  96  65  95  37  69  68  96  85  43
   78  24  64  94  68  25  68  77  90   7  71  44   7  68  51  89  49  84
   61  91  82  54  88  74  62  67  71  18  30  42  98   4  47  99  42  50
   26  53  40  57   1  85  59  33   6  34  57  68  16  65   1  30  83]
 [  0  33  39  88  88  93  83  44  89  36  15  13  47   7  14  30  40  62
   88  88  73  39  60  21  41  60  96  50  10  30  27  21   8  83  95  19
   19  92  61  28  72  68  22  43  47   7  45  70  19  12  89  93  80  23
   47  49  41  15  75  98  67  94  65  34  20  48  35  91  71  81  17  27
    6  12  38  98  22  19  70  40  87   1   3  31  87  70  23  30  70  73
  100  85  88  55  96  20  89  74  18  49  20  51  13  97  36  57  36  39
   93  45   6  65  80  33  15  62  34  48  16  66  75  38  14  24  43  55
   92  35  90  28  60  56  56  50  36  43  41   5  14  96   7  13  10   6
   78  89  45  97   3  83  55  44   5  28  73  16   9  31   1  88  86]
 [  0  24  68  89  17  24  34  93  26  83  85  58  61  83  69  64  92  99
   87   1  21  89  90  19  11  75  79  49  95  92  48  93  44  12   7  18
   70  36  63  17  59  10  81  79  86  24  15  17  35  80  45  84   3  98
   29  35  73  22  11  51  38  67  59  52  51  35  99  96  21  44  44   7
   37  48   6  82  85  84  58  65   1  90   5   2  23  26  31  84  53  35
   99  63  71  45  49  22   5  55  98  76  75   6  74  96  31   5  96  89
   70  82  36  32  98  81  66  79  67  33  76  22  96  18  42   5  10  30
   65  91  80  53  20  36  95   4   5  23  60  52  66  37  62   7  87  90
   14  85  94  66  93  67  30  80  45   5  98  60  44  89  73  13   5]
 [  0   2  51  79  35  71   4  36  34  91  44  91  49  44  85  72   4   6
   11  24  55  66  83  94  32  41  14  81  16   8  95  16  62  14   4  29
   89  71  82   8  97  26  67  31  42  49  33   3  78  44   3  22  40   5
  100  65  87  28  62  35  56  29  96  23  65   4   7  12  65  82  51  28
   64  25 100  14  37  61  99 100  87  65  25  11  93  22  30  27  14  11
   15  39  55  43  30   9  29   9  41  98  16  46  71  72  52  57  93  58
   36  16  34  57  59  61  91  84  67  60  36  68  72  17  95  79  77  82
   79  97  25 100  47  34  48  59  78  46  64  33  40  31  92  28  33  78
   23  42  29  93  70  94  68  99  35  36  91  23  35  47  65  51  17]
 [  0  70   9  47  70  22  43  36  18  68  67  40  82  29  78  64  66  43
   67  21  28  83  16  16  84  82  89  17  41  26  53  91  43  85  18   7
   10  42  18  96  58  83  77  50  56  59   9   1  95  59  54  61  37  11
   94  78  69   1   3  33  37  93  81  21  32  86  38   7  20  45  25  29
   74  38  50  90  24   6  69  55  21  42  13  78  47  99   6   2  64  65
   15  72  84  13  46   7  41 100  45  53  84   7  80  70  73  81  51  80
   97  28  70  16  61  39  11  68  63  94  34  48  19  65  87  22  96  17
   68  63  12  94  58   5  27  93  28  69  78  74  90  85   6  20  71  92
    1  82  54  21  68  38  39  30   1  68  92  49  94  56  21  82  67]
 [  0  99   8  50  82  98  66  98  64  79  88  31  93  88  90  94  33  76
   60   7  20  47  29  76  59  52  14  36  44  64  51  72  58  62  83  24
   60  35  84  40  49  40  23  49  49  82  75   1  29  94  23  85  18  96
   70  64  89  44   2  60  11  39  19  77  86  57  31  38  45  73  58  45
   74  73  87  86  73 100  16  14  75  71  39  79  75  30   5  62  71  98
   78  27   3  91  58  57  10  80  40  69  38  71   6  28  49  21  51  28
   84  75  62  70  68  29  28  59   3  94   9  56  34  27  47  92  68  14
   51  11  67  47   6  68  97  38  27  39  73  62 100  20  34  32  78  67
   94  53   7  42  96  49  67  45  27  35  86  44  10  52  36  72  41]
 [  0  92  26  27  72  40  35  71  23  81  65  50  85  65  44  84  18  39
   91  66  20  85  26  27  52  89  60  62  45  16  19  50 100  63  98  28
   40   3  84   3  89  57  19  68  30  20  75  57  99  95  43  58  32  53
   69  71  12  40  22  11  41  30  78  96  57   8  47  98  24  62  87  65
   70  92  82  60  49  15  60  90  68  72  74  54  44  90  66  61  23  55
   16  40  65  48  63  46  42  36  12  44  73  61  61  25  60  88   9  96
   79   8  47  36  20  60  13  44  94   1  15  18  83  33  90  27  98  42
   90  15  57  71  87  71  97  73  91  19  94  38  87  70  72  99  38  64
   14  63  62  93  87  99  38  52  30  22  30  52  41  69  11  86  49]
 [  0   7  90   1  73  94  55  25  74  29  33  27  47  49   9   1  75  39
   26  44  67   8  51  89  38  56 100  86   2  46  81  99  99   2  50  82
   15  35  28  78  88  38  31  87  34  45  27  97  47  39  73  97  30  41
   48  16  27  35  46   7  54  35  23  43  79  54  14  70  92  93  62  96
   21  45  74  34  53  68  39  29   5  70  85   9  82  34  47  51  68  29
   28  50  59  87  35  59  10  71  92  70  19  97  22  14  63  32  92  42
   16  92  95  47  45  29  81  72  29   7   6  99  39  75  63   7   4  50
   99  48   4  57  66 100   7   5  52  96  85  27  32  23  16  84  79  50
    9  79  43  63  65  22  75  13  44  28  54  34  75 100  44  24  95]
 [  0  75  67  79  23  85  21  84  72  86  90  69  29  24   9  44  83  70
   43  46  15  63  81  62  76  45  57  32  76  70  15  65  15  89  38  70
   71  18   8  88  62  41  12  15  23  83  78  18  83  57  92  53  93  99
   64   4  23  85  36  35  84  52  23  72  57  81  47  14  83  20  54  16
   13  31  29  80  14  64  64  97  55   7   8  22  58  53  66  84  26  56
   16  66  87  22  63  19  31   2  70   4  90  18  70  93  34  45 100  88
   71  18  47   3  59  67  54  75  74  51  55  39   2   2  88  78  86  23
   83   8  29  28  50  23  62  64  33  84  84  90  41  68  58  12   9  94
   17  33  20  70  70  37  53  74  40  52  19  43  53  11  52  49   6]
 [  0  43  73  63  69  35 100  82  77  47  50  85  81  74  36  50  32  67
   72  52  68  58  39  85  40   2  26  64  73  94   6  73  51  90  80  85
   54  11  92  73  30  64  31   3  71  18  43  31  66  73  70  65  81  32
   44  72  55   3  13  19  62  26  19  14  79  90  56  77  29  68  95  62
   57  57  80  54  26  98  44  61  27  64  71   5  21  40  96  97  12  38
  100  17  86  66  29   4  81  24  26  85  86  79  50  18  88  91  93  65
   41  37   9  61  59  90  24  79  93  96  91   4  89  23  35  41  93  19
    2  84  39  84  56  35  10  48  42  48  60  35  91  66  61  22  27  41
   16  14  81  12  99  80  62   7 100  76  27  83  30   5   3  93  51]
 [  0  68  58  19  74  58  12  21  59  91  93  52  61  18  96  26  88  64
   22  65  48  46  63  48  54  19  21   5  26  63  20 100  74  89  97  48
   26  48  68  30  67  51  39  83  58  55  10   2   9  53  25  69  53  89
   55  13  19  21  98  50  54  71  18  85  29   9  78  89  86  43  61  89
   44  77  56  40  53  12  38  53 100  10  92  40  64  74  92  98  60  23
   65  80  55  45  25  44  39  41  45  97  21  63  54  30  76  76  24   8
   30  89  75   8  76  54   8   4  99  38  53  77  49   3  28  80   4  34
    9  34  40  15  71  23  46  83  46  64  50  25  86  58  89  91  59   4
   14  29  16  92  70  70  13  29  38  47  25  91  94  63  70  24  62]
 [  0  46  95  84  12  68  90  89 100  25  51  97  11  21  34  55   4  19
   96  29  72  55  92  69  42  72  27  68 100  12  75   1  18  34  80   9
   46  73  10  55  13  43  61  44  99  37  13  32  11   2  77  48   1  14
    2   8  94  90  88   7  57  42  45  89  39  31  15  29  61  11  51  31
    1  97  28  72  46  43  74   1  18  25  39  32  71  85  75   4  60  40
   45  65  53  20  26   4  38  78  27  51  29  43  73  13  67  75  54  35
   97  58  18  35  99  82  34  50  35  50   4  74   9  70  87  87  18  46
  100  16  37  67  17  55  30  37  82  30  30  98  62  99  74  73   4  29
   22  81  33   4  28  97  31  65  81  30   7  82  17  26  21  25  69]
 [  0  46  26  78  27  64  78  53  35  13  74  17   4  85  31  76  73  36
   22   5  99  88  48  10  50  68  79  88  84  94  73  32  45  69  11  46
   60  26  31  34  81  48  90   8  11  48  44  38  45  33  47  63  56  11
   30  32  14  46  72  22  68  33  85  92  25  56  50  22   3  60  97  59
   37   8  15  76  56  24  85  39  76  20  49  87  44  62  94  10  75  80
   37  30   3  19  54  26  66  23  13  90   9  48  87  98  50  36  52  50
   74   7   5  79  20  35  49  72  80  63  12  56  86   2  17  71  82  29
   30  82  55  11  57  82  99   3  94   1  57  21  78   2  70  20  88  95
   22  39  12  18  53  43  17  85  54  64  19  30  68  70  89  64  31]
 [  0  36  57  70  83  87  17  39  39  24  88  22  55  47  93  17  73  46
   27  59  49  29  92  89  84  37   6  38   1  23  17  52  15  33  51  69
   78   7  56  91   2  67  63  89  39  45  61  83  74  83  86  99  38  15
   57  45  55  89  17  26  40  23  15   9  50   4  32  73  84  30   5  14
   92   6   2   2  46  74  49  96  93   6  23  34  58  23  25  54   5  78
    7  83  67  96  83  20   6  93  17  88  95  21  45  38  32  45  63  59
   70  65  55  85  77  33  65   6  58  94  28  62  30  38  61  29  90  10
   59  69  20  34  67  25   2  64  56  51  85  74  15  93  38   5  65  84
   84  89  81  52  28  55  22  85  90   1   5  73  57  77  94  26  93]]
 setup_times
 [[[  0 113  90 115  85  96  71 103  66 112  75 100 108]
  [  0   0  86  81  90 103  88  77  86  74  73 104 115]
  [  0  77   0 111  68 104 100  93  92  85  65  66 104]
  [  0  98  91   0 112 107  89 110 101 113  94 101 111]
  [  0 112  75 101   0 119  73 114  95  80  92  70 106]
  [  0  97 117  74 107   0  90  74  68  99 114  66 113]
  [  0  95  64  64  85  74   0  75  66 114 108 104  82]
  [  0  98  76  72  79  94  70   0 115  63  80  67 114]
  [  0  98  99 108  65  94  62  71   0  88  92  95 106]
  [  0 115 106 104  84 104 118 109  97   0 115  80 107]
  [  0  63  84  60 102 106 115 108  76  95   0 106  63]
  [  0 117  96 102 112  68 117  80  68  83  99   0  86]
  [  0 117  82  78 111  77  64  68  90  75  66  99   0]]

 [[  0 100  72 116  90  85 110 104  65  85  82  81  83]
  [  0   0  89  86  93 119  83  67  82 112  68  98  69]
  [  0 111   0 104  82  66  92  80  61 109 116  87  89]
  [  0  64  91   0  99  62  95 114  77 100  80  90  64]
  [  0  89 104  85   0  61  95 114  88  77 106  60  83]
  [  0  84  88  72 113   0 104  88 108  72  86  95 118]
  [  0  92  73  93  72 111   0  69  76  82  98  82  65]
  [  0  86  90  67 106  66  68   0  92 110  75 105  66]
  [  0  90  71  62  75 112  85 104   0  63  71  63 104]
  [  0  91  75  93 116  87 111  88  79   0  63  65  78]
  [  0  80  90  76  73  93  72 115 114  79   0  80  96]
  [  0 118  83 100 115 117  93  79 114  73 115   0  65]
  [  0  94  98  86  89 104  67  79 119  71  75 100   0]]

 [[  0  80  69  63 103  68 118 119  74  63  61  75  89]
  [  0   0 110  93 106  62  87 104 107  68 114 115  82]
  [  0  72   0  67  93  61  79  62  86  84  89  89  65]
  [  0  74 108   0  74  99  91  94  62  81  69  85 107]
  [  0  60  65  64   0 100 100 112  61  83  82  65 117]
  [  0  73  79  97  60   0 105  72  72  80  73  66 101]
  [  0 117  96  72 119  75   0  62  79  83  99  98 116]
  [  0  74  84 100  60 105  70   0 116  81  92 101 107]
  [  0 106 102 105  94  94 109  81   0  66  91  60  73]
  [  0 117 118  95  62 112  76  65  84   0  66 104  74]
  [  0 117 104  86  96 104  93 119 118  63   0  66 116]
  [  0 115 100  75  99  66  74  81 116 108  87   0  61]
  [  0 108  90  77  73 116  63  68  92  84 108  88   0]]

 [[  0 102  81  83  76  65  64 102  76 103  83  67  89]
  [  0   0 102  77 104  96 100  84  73  92  98 113  91]
  [  0  95   0 111 107  97 100 105  96 100 113 105  94]
  [  0  93  88   0  76  92  88 111 102  74  69 113 105]
  [  0  98 101 109   0  79 110 106 114  81  93  68  99]
  [  0 113  98 109  87   0  79  95 110  76  97  83 103]
  [  0 104  71  85 105  85   0  93  95  67 104 103  98]
  [  0  74 101  89  96 104  94   0  96  73  97 118 102]
  [  0  88  63  76  94 104 104 112   0 103  70  78  67]
  [  0  82 102 101  89 118  68 100  84   0  99 119 106]
  [  0  69 119  87  95  74  96  63 112  75   0 114  65]
  [  0  92  74 112 108 113  94  79  85 105  88   0 103]
  [  0  66  70  95  90  82 109 106  86  83  96  98   0]]

 [[  0 105  90  90 112  62  78  74  82  81  63 119 119]
  [  0   0 108 110 106 116  61  72  81  99  64  60 115]
  [  0  84   0  85  69 119 118 105 117 111  62 117  64]
  [  0  86 110   0  98  76  70  89 109 119 105 105  81]
  [  0 119 107  84   0 107 108  95  83  91 107  89 117]
  [  0 108  93  95  89   0  92 108  86  60 117 107 119]
  [  0  92  83  81 117 106   0 108 104  96  94 109 103]
  [  0  68 105 118  70 115  81   0  60  76  99 112  95]
  [  0  92  62  98  95  68  64 101   0  69  79 100  77]
  [  0 119 106 103  71 104 118  71  84   0  98 113  81]
  [  0  75  83  86  98  94  75  87  85 104   0  89 101]
  [  0  89 101  88  93  83 102  74 100  96  94   0  64]
  [  0  99 112  72  95 108  69  87  93 106  75 108   0]]

 [[  0  79  90  70  64  92 111  62  90  90 118  82  62]
  [  0   0  99  77  61 119  90  88  91  65 109 115  85]
  [  0 109   0  70  76 114 100  79  62  77  60  88  68]
  [  0 117  71   0  64  63  76  85 116 112  73  65 102]
  [  0 102  79  61   0 116  88 110  60  89 102  86  96]
  [  0 119 113  74  96   0  71  93  91  64 116 103  70]
  [  0  95  76  85  90  87   0  92  63  80 105 101 103]
  [  0  95  95 104  89  61  78   0  87  73  78  62  99]
  [  0 112 104 101  79  99  94  87   0 104  65  76  69]
  [  0  94  68 118  88  97  66  67 112   0  98  87 103]
  [  0  81  67 109  97 118 109 107  64  62   0 115  73]
  [  0  96 105  63  79 117 114 109 105  69  61   0 101]
  [  0  80 110 115  83  61  98 102 111  90 106 119   0]]

 [[  0 119 100  99 101  87  90  87  83 111  75  96  92]
  [  0   0  97  91  80  96  67  62  65  80  97  60 115]
  [  0  79   0  70  62  90  67 117 119  92  65  71 112]
  [  0  92  64   0  77  86  88  72 112  98  97  88 114]
  [  0 104  90  82   0  96  60  88  65  91  86 102  60]
  [  0  71  98  65 113   0 111  90  93  99  96 118  80]
  [  0 111  97  91  86  80   0  73  88  70  91  87 111]
  [  0  99  61  93  95  92  61   0  90  77  73  89  75]
  [  0  96  98  85  81 102  99  72   0  71  90  82  79]
  [  0  67 100  98  67  69  61  83  87   0  81  95  83]
  [  0  90  84  69 113  76 106 110  86  84   0 100 115]
  [  0  60  83  98  85  95  71  83  91 110 115   0  98]
  [  0  85  99 110  87  96 113  70  61  65  89  78   0]]

 [[  0  69  74  74  92  91  87  70  91  78 118 103  99]
  [  0   0 110  61 110  63  68  82 116  64  97 108  95]
  [  0  63   0  78  88 108  85  71  73  79  79  97  83]
  [  0  67  82   0  60 115  79  78  92  95  66  87 118]
  [  0 110  92 118   0  94  81 106  81 119  64 119  73]
  [  0  72  71  76  84   0  88  78 103  76  90 112  60]
  [  0 114  65  85 116 108   0 112 114  84  64 117  70]
  [  0 104  68  85  63  73  75   0 103 114  83 107  99]
  [  0  91  92  72  65  94  89  69   0 117 116  73  78]
  [  0  98  95 106  84 113  96  64 105   0  85  83  74]
  [  0 116  96  97  72 118  95  63  91  98   0  80  81]
  [  0  84  93 115 112  91  68 113 113  63 109   0 105]
  [  0  93  99  77  93 118  85 114  71  77 103  74   0]]

 [[  0  94  84 106 104  82  89 118  93 113 101 114  79]
  [  0   0 101 100  66  71  91 114 119  99  64  95  71]
  [  0 105   0  80  85 101 119  83 100  85  81  73 115]
  [  0 115 107   0  99  68  89  70 112  92 118 111  78]
  [  0  85 106  86   0  60  98 102  72  62  77 113  83]
  [  0 111  92  99 108   0  99 119 109  68  61 116  94]
  [  0  86  72  71 105  77   0 119  90 105  86 110  68]
  [  0 102  82  72  66 100  69   0  67  83  92 111  64]
  [  0  92  76  97  99  92 113 117   0  85  67  79  95]
  [  0 113 119  75  74  63  94  75 117   0 111  97  79]
  [  0  64 112  67  61 104  83  64  76  98   0  61 116]
  [  0  72  83 114  67  90  98 119  93 116  84   0  81]
  [  0  81  61  96  91  91  96  63  81  72  99 114   0]]

 [[  0 110  76 100  97 104  75 119  73 115 109  73  87]
  [  0   0  93 117  83  65  61 114 117  73 109  75  99]
  [  0 110   0  63 108  94 100  91  90 109  90 112 101]
  [  0  99 110   0 104 108  96  87 111  62  62 111 116]
  [  0  91  83  74   0  80  62 114 101  82  88  89  63]
  [  0  94  72 114  95   0 113 108 113  93  79  60  72]
  [  0  86  95 117  86  79   0 102 115  69  71 114  90]
  [  0  75  69 118 117  67 105   0  98  80  93  82  91]
  [  0  81  71 104  76 114  79  66   0 103  92 109 116]
  [  0 108  78  97  72  76 117  82  61   0  67 109  63]
  [  0  99 113  93 114  83 118  93  69  86   0  88  89]
  [  0  80  76 118  93 107  79  76  87  85  82   0  72]
  [  0 115 115  78  91 105  94 113  79 109  95  65   0]]

 [[  0  68  81  82  65  62  62 100 115  90  96  63  73]
  [  0   0 111 109  99  71  61  63 110  99  67  91  95]
  [  0 104   0  72  95  83  95 100  68 103  77 114  93]
  [  0 104  66   0  96  79  93  74 117  94  63 113  95]
  [  0  88  77 107   0 104  95  74 110 106 107 114 113]
  [  0  87 115  64  62   0 108  71  98  78  92 111 117]
  [  0  87  70  81  69 114   0 104  73 104  97  77 117]
  [  0  67  99  92  86 117  67   0  85  90 111 113  68]
  [  0  90  86  62 104 107  77  88   0  74  78  85 106]
  [  0 116  70  80  66 116  85 116  97   0 101  72 113]
  [  0 119  83  69  91  94  96  81  69 109   0  76  74]
  [  0  85 107 112  78 112 111 115 106  91 114   0 113]
  [  0  61 100  83  64  81  71 116  88  64  60  93   0]]

 [[  0 114  83  60 103  62  66  96  63  88 113  87  87]
  [  0   0  70  76  71  85 116  87  71  62  66  82 102]
  [  0  84   0 109  63 112  61  61  76  69  89  70 102]
  [  0  95 116   0  97  77 103 106  89 114  99 108  68]
  [  0  67  73  81   0  74  72  63  73  97  96 119  65]
  [  0 118  67 101  90   0 118  86 107  62  70  86  79]
  [  0  89  96  88 112 100   0  60  60 107 108  79  69]
  [  0  78  76  94  97  90  92   0  76 112 105 115  84]
  [  0  85 101  80 115  60 111  90   0  99  76  95  84]
  [  0  67 113 109  97  84  69 109 101   0  95  67  64]
  [  0  90  80  82  77  70  77 106 111  97   0  70 119]
  [  0  84  75 115  79 114 106  63 112  82  82   0 116]
  [  0  68  71  92  60 106 103  72  82  72  73  74   0]]

 [[  0 101  67  75  75  71 111  63  95 109  85  64  94]
  [  0   0  78  68  67  60  82  92  81 106  74 101  67]
  [  0  66   0  85 101 100  78 103  68  72  64  64 100]
  [  0  78  69   0 114  76 109  69  89 116  83  79  76]
  [  0  76 118 101   0 115  68  94 108  60  84  95 104]
  [  0  95  79  97  89   0  82 107  90 119 119  88  94]
  [  0  76  83  64  96  71   0 119 104  94  60  81  70]
  [  0  82 102 109  87  84  67   0 117  92  76  99 103]
  [  0  90 105  67 101 101  94  97   0  75  91  92  78]
  [  0 110  76 106  93 115 101  67  83   0  62 102  97]
  [  0  97  83 104  78  94  73  95  79  83   0 107 119]
  [  0 117  95 115 100  76 117  98 119 112  71   0  82]
  [  0  90  65  87 117  73  63  96 103 108 103 116   0]]

 [[  0  71  60  90  60  97 111  65 103  93  74  92  83]
  [  0   0 107  87  98 108 109  88 104  79  68 118 114]
  [  0  72   0  95  96 112 105  60  88 100  77  81  90]
  [  0  95  87   0  75  70 112  64  76 106  93  88 105]
  [  0  86 117 117   0 107 112  84 118 118  90  95  65]
  [  0  86  87 102  69   0 111  61 108 113  94  81  78]
  [  0  78  70  96  82 112   0  96  68  84  76  99  69]
  [  0 117  66  98  81 100  92   0 116  96  76  96  85]
  [  0 104  69  73  70  80  90  71   0  66  94 110  72]
  [  0 108 114 105  61 107  74 116 119   0  78  62 107]
  [  0 119  92 107 114 101  99  66  80  85   0 107 102]
  [  0  77 117 113  82  99  92 110  72  80  73   0 107]
  [  0  78 115 112  72  63 100 104  90 111  70  91   0]]

 [[  0  93  64  90  92  92  63  99  83  85 102  65  62]
  [  0   0  95 100 105  96  73 101  91  65 106  85  96]
  [  0 104   0  91  90 100 106  61 119  81  69  80 119]
  [  0 105 114   0  68 105 111 115  72 101  87 105 118]
  [  0 109  87  90   0 105  69  62  82 103  99  90  99]
  [  0 105  78  97 118   0  60  95 119 114  97  98 112]
  [  0  78 102 105  88  87   0 117  61  84  95  70  91]
  [  0  87 117 105  78  63  61   0 100  77 110  97 115]
  [  0 103  63  92 115  91 114  91   0  99  71 114  68]
  [  0  78  70  72  88  77  93  69 113   0 100  75  98]
  [  0  86  72  60  79  87 112  60  80 110   0  98  71]
  [  0  90  78 106 113  89  84 111  99 104  84   0 106]
  [  0  69  78  79  76 104  73  70  73  84  89  77   0]]

 [[  0  93  64 101 111  81 115  78 107 112 109  64  98]
  [  0   0  94 116  86  73 118  69  83 116  68 119  96]
  [  0  69   0  74 107 109  91  84  90 107  87 103 110]
  [  0 103  61   0  64  81  93  94 109 113 111 105  83]
  [  0  63  66 116   0  94  85  77  72 109  99  65  60]
  [  0  90  78  95  99   0  84  78  78  74  61  69  73]
  [  0 101 117  71  74  80   0  98  66 118  95  68  88]
  [  0  71  76  65  75 102 104   0 106 115  83  70 109]
  [  0 110 117 112  71  99  92  73   0 101  88  72 116]
  [  0 107 105  94  79 109 113 116 107   0  86 118  79]
  [  0  66  95 104  90 104  72  60  66  90   0 116 119]
  [  0  99  96  96 112  96  90  60 116 100 112   0 118]
  [  0  65  69 108 113  73  71 104 107 100  94 108   0]]

 [[  0  82  82  75  97  96  88 119  75  61  61  79  81]
  [  0   0  95  79 113 104  89  64 100  81  85  76  98]
  [  0  99   0 117 116  98  80  64 108  90  81  88  69]
  [  0 116 113   0  76  61  62  62 113 119  69 108 111]
  [  0 116  70  96   0  95 112 117  91 100  91 111  88]
  [  0  79 100  70 104   0  80 102 110  88  76 103 108]
  [  0  77 109  80  64  87   0  67  78 102 109 113 118]
  [  0  71  75  60 115  70  66   0 114  80  85 106  93]
  [  0 115  94  88  72  96 106  70   0  60  86 106 108]
  [  0  99 114  94 114  98 101  67  73   0  86  74 105]
  [  0 117  82  83  68  66  73  81  91  94   0  84  70]
  [  0  83  81  68 116 111 114  90  77 112  84   0 105]
  [  0 105  81  94 104 117  61  72  68 106  94  98   0]]

 [[  0 104  64  60 103 113  78  64  77  76  86  81  70]
  [  0   0 109  98  68 103 110  75 117  68  94  85  91]
  [  0 105   0  89  97 111 111 110 108  94  96 103  85]
  [  0  61  73   0 118 103 105  77  81  71  61  61  61]
  [  0  78  76  83   0 112  81  90  76 106  97  76  82]
  [  0 111  70  95  62   0  67  73  97  97  82 107  61]
  [  0  65  62 100  81 116   0  79  94 107  83 115  71]
  [  0  84  66  84 119 111  96   0 116  89  90  67  89]
  [  0  81  69  88  96  92  69  88   0  75  88  61 118]
  [  0  78  95 109  72  74  71  87  94   0  82 102 105]
  [  0 105  80  65  96  90 102  97  64  80   0 119 117]
  [  0 109  94  96  80  84  65  63  93  84 103   0  60]
  [  0 108  68  63  75  78  81 114 104 119  96  79   0]]

 [[  0 109  75 109 108  61 114 111  61 116 109  96  64]
  [  0   0  61  76  78  91 115 113  73  87  86  68 117]
  [  0  90   0  71 115  80 103 107 110 119  61 115 119]
  [  0  83  85   0  71  87 118 114  91 111 109  97  85]
  [  0  68  91  99   0 100  72  61  85  75 108  78  97]
  [  0 110  86 104  64   0  67  84 116  98  96 111 105]
  [  0  88  69  66  82 118   0  74  97  97  82  88  89]
  [  0  89  85  81 115  82 100   0 102  75 109 108 108]
  [  0  70 111  99 100  74  64  77   0  92 106  84  98]
  [  0  80  88  76 102  93  76  60 114   0  94  89 117]
  [  0  78  71  69  66  77 107 107  67  84   0  60  97]
  [  0  97  62  92  85  97  77  63  61 116  79   0  71]
  [  0  62  96  83  93 112  99  86  76 102 110  70   0]]

 [[  0 114 102  66  99  96  76  66 103 102  69  60  81]
  [  0   0  63 109  70  77  74  96 106 117 101  78  93]
  [  0  78   0  71 107 115 110  65 106  99 117  86  72]
  [  0  78  65   0  90  66  98  93  85  73 100 103 118]
  [  0  97 113  87   0  74  77  86 102 114 100  65  74]
  [  0 119  78  72  90   0  74  95  98 116 117  66  63]
  [  0 113  69  99  97  98   0 104  80  77 112  96  92]
  [  0  96  71 111  66  78 112   0  86 100 116 107  72]
  [  0  66  71 116 113  88  85 104   0 113  80 115  66]
  [  0 104  75  87 118 102  61  76 115   0  73  89 102]
  [  0  81 119  82 110  94 102 113  83 104   0  85  82]
  [  0  71  99 100  78  74 112  81  89  66 110   0  80]
  [  0  78 109 107  71 100 100  70 110  86  63 108   0]]]
 delivery_times
 [[  0 185 189 177 197 197 181 198 179 184 189 176 194 185 173 192 174 198
  185 176 175 177 191 186 197 191 172 179 179 195 182 194 178 192 196 191
  187 181 174 181 182 178 179 179 186 187 177 170 195 173 199 192 175 199
  192 174 198 179 181 178 197 173 171 197 185 192 174 190 191 177 183 172
  185 184 184 192 193 182 190 189 176 174 195 178 194 172 198 174 189 189
  187 171 196 179 182 171 189 177 183 189 174 176 176 193 192 197 197 171
  172 172 176 191 170 195 185 195 174 183 197 197 181 170 174 179 199 188
  196 194 189 191 184 199 182 170 180 191 189 198 188 189 176 184 194 181
  177 198 182 173 174 195 187 184 186 182 181 185 182 170 173 199 175]
 [  0 178 186 175 188 171 172 186 191 178 180 194 173 193 193 194 182 199
  190 187 176 171 198 185 190 182 194 192 199 194 197 179 182 182 185 182
  198 185 183 173 184 194 174 199 170 193 190 180 175 181 193 193 183 177
  194 186 198 183 185 191 182 174 171 176 186 192 196 176 180 199 184 179
  198 175 181 187 181 192 178 188 186 183 198 195 199 189 193 192 171 184
  185 173 182 191 176 194 188 176 179 171 191 185 198 173 171 188 173 189
  182 198 190 180 170 180 188 198 191 197 198 178 181 196 177 174 198 193
  175 181 176 176 196 181 182 191 194 171 174 178 172 181 184 179 183 173
  185 185 179 175 190 177 182 176 181 180 182 192 197 193 184 193 196]
 [  0 175 184 172 173 182 198 196 176 171 175 187 189 170 175 178 179 170
  184 182 173 188 189 193 171 178 186 194 185 181 183 190 190 191 184 181
  199 195 170 190 175 184 177 177 182 194 179 170 173 179 195 194 180 193
  192 175 180 189 187 180 177 176 194 185 190 180 175 179 190 185 173 180
  180 185 181 199 186 193 189 198 172 175 182 189 183 171 181 183 187 192
  185 192 185 191 171 187 192 175 175 182 174 195 184 193 197 171 195 180
  173 186 178 192 176 174 192 176 199 195 176 196 198 178 189 187 195 187
  174 192 182 195 188 187 187 190 197 188 170 179 192 172 196 184 174 187
  177 186 184 181 171 181 179 198 194 197 180 182 193 190 180 194 174]
 [  0 173 185 170 173 194 173 198 187 189 180 173 189 194 173 182 199 188
  176 185 179 192 182 175 187 179 199 172 176 196 179 170 170 196 174 179
  173 184 171 176 193 170 184 173 196 197 180 177 177 171 179 178 180 179
  196 195 187 170 186 174 189 184 181 191 173 191 182 183 199 193 171 190
  178 178 182 190 190 192 188 176 171 198 181 181 173 175 179 193 194 173
  190 194 180 181 170 196 172 189 175 177 195 182 172 171 185 177 193 170
  195 182 174 187 188 177 172 177 188 188 193 191 195 192 192 184 198 187
  182 181 189 182 173 183 195 173 174 181 193 171 190 194 181 183 194 198
  187 180 181 178 178 195 173 173 179 199 187 171 193 171 170 177 193]
 [  0 193 183 183 184 175 185 173 180 197 198 178 186 197 195 197 184 174
  197 190 186 184 186 179 198 191 173 197 199 184 197 199 183 192 194 187
  188 190 172 173 176 199 172 177 189 173 189 195 172 174 179 170 197 184
  197 196 177 180 182 173 179 190 174 195 183 196 179 197 196 189 179 177
  185 196 196 170 182 190 170 179 179 192 172 193 184 174 190 178 189 170
  194 193 186 174 184 180 185 193 175 186 187 198 170 183 188 194 189 176
  194 171 192 185 177 182 192 176 195 194 177 184 194 191 180 172 171 186
  183 198 181 199 199 197 190 173 198 177 176 177 179 178 184 189 179 188
  186 190 199 176 175 178 188 185 170 179 198 179 170 171 177 179 199]
 [  0 175 191 185 170 197 192 176 194 198 188 181 182 180 171 172 170 187
  172 188 197 199 183 186 175 186 170 193 182 170 187 175 180 172 199 178
  185 189 185 189 171 179 181 193 199 175 186 186 179 184 199 175 181 179
  188 191 190 174 176 196 186 180 194 191 178 175 196 179 199 175 193 193
  172 187 176 180 196 181 176 183 175 187 195 173 195 179 180 176 190 178
  178 199 176 193 179 171 172 189 173 185 182 193 184 182 196 196 198 185
  172 183 198 177 193 178 188 176 193 182 197 199 183 185 189 186 175 195
  193 197 180 175 171 181 199 178 174 170 196 175 188 174 180 196 193 183
  181 193 196 196 193 195 184 184 178 198 178 190 179 192 184 172 183]
 [  0 184 199 189 194 175 190 199 193 188 187 193 188 171 181 182 174 197
  194 172 182 170 184 177 177 191 171 196 178 199 189 170 176 176 184 180
  175 186 172 193 181 175 187 186 180 189 186 198 195 184 172 170 172 179
  179 191 187 171 195 191 176 174 184 188 174 174 197 181 196 179 193 177
  171 179 170 198 199 191 178 178 176 190 182 190 192 184 174 197 196 186
  177 174 190 186 186 173 196 186 182 183 184 195 198 185 177 189 189 199
  175 176 191 181 171 171 193 175 174 182 181 170 197 191 183 193 175 175
  183 171 180 177 178 187 174 180 186 192 175 175 170 178 187 197 178 190
  182 193 182 184 197 183 176 193 197 194 172 178 191 180 189 183 199]
 [  0 188 198 174 196 181 182 198 188 192 189 194 175 199 183 190 194 172
  177 198 172 173 181 194 193 173 185 191 174 183 193 170 171 186 190 193
  176 173 197 182 195 171 178 190 172 181 183 189 192 185 189 195 175 194
  176 171 180 186 185 170 188 186 185 181 171 191 188 180 176 194 194 199
  197 185 194 186 184 179 195 180 195 197 178 175 187 178 192 173 193 176
  172 184 190 175 184 170 180 173 195 178 185 192 177 175 196 182 186 179
  184 195 192 196 173 181 196 173 180 185 191 190 186 177 174 180 176 179
  172 180 176 170 176 189 194 179 178 188 170 176 172 186 197 179 181 173
  198 198 181 193 175 197 177 194 179 172 192 184 196 170 182 177 173]
 [  0 193 172 193 184 196 188 170 192 179 194 174 190 185 185 175 177 192
  173 188 196 180 172 180 191 177 176 172 184 184 174 177 174 176 177 193
  176 177 176 171 191 181 170 187 185 199 195 188 192 185 195 184 192 194
  187 199 197 196 184 171 177 181 170 189 179 192 199 174 178 192 170 180
  181 192 191 178 189 196 184 178 173 195 189 191 194 193 188 173 182 193
  177 180 199 178 198 183 188 188 177 186 175 179 191 171 181 188 192 188
  188 180 193 194 198 193 181 171 185 170 188 187 198 197 170 174 191 188
  196 180 189 174 199 185 174 188 175 186 170 183 192 177 177 182 198 191
  182 186 173 174 198 191 183 183 184 199 181 180 192 198 193 172 170]
 [  0 194 197 179 170 179 195 190 195 199 191 170 181 196 185 174 198 199
  186 196 186 191 183 188 190 191 172 182 187 176 173 192 196 189 196 171
  194 193 179 198 193 182 191 197 197 190 176 174 176 188 196 170 193 171
  189 196 191 187 195 189 178 190 174 183 188 179 184 196 174 186 178 191
  178 173 193 174 195 186 172 196 177 192 193 188 189 195 178 191 174 186
  197 181 191 190 187 180 177 175 193 173 176 195 192 196 192 181 178 190
  198 186 196 186 181 197 187 173 193 183 197 180 179 189 178 187 178 180
  190 190 179 199 190 173 185 173 175 185 175 178 182 179 180 197 192 194
  184 184 192 183 182 172 198 179 173 198 188 172 187 173 183 181 197]
 [  0 185 175 174 199 198 189 197 197 190 197 179 183 177 198 174 182 190
  193 177 180 184 185 182 179 190 184 178 186 189 187 183 181 197 192 198
  175 192 184 192 193 191 181 179 187 176 171 181 191 174 182 195 186 181
  173 176 185 187 179 187 197 170 189 176 172 176 178 180 179 174 190 199
  179 178 188 180 177 193 191 193 193 189 172 185 176 185 170 192 183 177
  192 193 185 176 187 187 193 192 190 196 176 196 173 195 180 172 197 185
  191 189 199 192 189 199 196 196 199 191 182 173 191 183 172 191 172 186
  184 183 179 197 195 198 170 191 198 171 182 172 199 190 170 181 198 185
  192 190 198 182 182 188 185 189 199 176 170 198 172 196 187 176 196]
 [  0 186 175 182 184 191 188 199 183 189 181 178 192 186 192 194 171 186
  194 180 186 170 196 171 185 197 177 188 198 196 198 188 175 188 199 189
  180 193 184 170 186 186 188 185 173 196 182 179 194 171 199 191 184 198
  174 177 189 193 183 171 197 188 173 197 197 189 184 193 186 195 190 181
  192 172 177 171 181 196 179 171 170 195 190 197 199 174 178 190 170 174
  195 171 188 178 195 174 190 178 170 180 189 197 190 190 196 194 192 194
  188 182 184 179 190 198 176 199 186 183 192 197 184 185 190 190 170 187
  187 185 172 198 177 192 170 187 181 182 187 172 187 171 179 191 177 184
  177 173 175 196 195 184 192 198 171 184 179 174 178 184 192 178 179]
 [  0 192 178 182 186 180 176 179 174 193 185 184 198 183 179 178 179 182
  193 186 184 181 180 196 193 185 181 181 171 179 177 173 171 182 184 199
  197 198 185 182 173 189 170 194 175 192 194 188 177 171 180 190 196 195
  179 189 178 182 173 188 194 186 178 196 192 191 177 185 178 186 183 192
  188 176 192 174 189 186 199 190 174 170 187 185 191 186 194 197 191 189
  197 179 193 195 187 195 174 174 182 172 192 194 180 184 182 188 190 195
  189 189 184 180 195 176 179 171 177 173 191 183 174 184 180 172 185 172
  187 197 188 192 189 171 187 190 198 194 181 177 192 176 184 181 176 193
  199 190 199 176 188 176 199 175 195 180 187 193 194 175 183 194 171]
 [  0 182 184 184 189 189 178 174 192 188 183 196 192 192 182 181 195 181
  195 176 174 198 183 179 185 190 176 176 191 194 195 183 176 173 184 196
  177 191 179 173 187 182 170 184 183 172 190 192 199 186 170 198 186 194
  177 195 187 176 178 177 179 184 171 188 171 185 193 185 193 191 183 189
  180 187 170 195 171 190 188 174 193 186 174 172 173 171 182 177 178 175
  175 180 182 176 193 189 199 188 179 173 178 185 186 194 175 186 172 196
  184 170 174 175 189 187 171 192 170 182 199 190 184 187 187 198 189 178
  185 173 176 193 184 197 171 172 177 188 172 195 178 193 191 199 171 178
  197 176 176 179 170 190 179 188 182 192 195 175 177 193 185 191 180]
 [  0 187 174 176 188 193 190 190 176 179 175 182 173 191 171 182 187 186
  176 174 193 195 179 183 191 186 180 172 173 184 182 173 177 174 188 194
  193 189 183 198 177 175 186 171 189 195 173 171 197 180 181 188 191 199
  184 175 194 177 179 194 195 195 191 180 174 194 187 187 195 193 179 195
  182 184 197 190 176 174 187 191 188 176 199 172 178 181 184 180 172 182
  187 176 196 173 189 198 198 198 185 185 197 179 179 191 178 188 173 177
  187 175 183 190 196 175 185 181 189 199 174 177 171 188 172 197 191 183
  184 175 190 185 181 178 181 192 182 192 190 192 170 184 196 195 185 171
  199 194 193 194 189 193 192 197 173 183 180 189 194 175 178 173 196]
 [  0 179 199 179 182 184 193 187 193 178 193 198 198 174 176 186 191 190
  176 193 188 189 192 182 182 197 183 194 198 197 175 197 184 191 188 183
  174 172 179 191 180 194 178 196 171 192 178 177 199 185 177 192 172 176
  198 187 180 191 199 180 181 171 184 191 198 173 183 188 193 198 179 173
  191 199 176 176 199 191 186 190 197 173 197 193 178 184 174 196 189 192
  194 175 191 174 172 170 171 181 198 184 177 185 198 197 180 191 188 173
  182 199 170 178 172 182 174 196 190 181 196 182 197 182 189 188 194 171
  175 180 170 196 175 174 183 194 189 175 170 189 186 196 194 177 179 171
  189 174 180 188 197 196 196 192 181 186 183 178 187 181 190 193 172]
 [  0 181 178 177 170 199 182 195 176 192 182 199 179 194 198 199 173 194
  191 184 173 192 185 180 196 170 186 196 193 189 192 177 185 195 188 173
  194 190 199 174 170 182 196 186 181 189 175 199 171 198 172 190 198 195
  189 186 198 174 170 175 198 182 184 181 173 176 171 194 180 178 174 170
  192 180 189 194 183 171 194 184 194 174 177 172 185 186 180 175 186 186
  196 196 199 180 178 171 196 197 198 175 184 179 179 195 189 193 177 179
  189 180 189 181 185 186 185 194 174 172 182 172 176 189 191 198 174 185
  182 170 190 190 179 191 194 183 173 199 199 194 195 196 197 199 192 175
  174 192 191 187 178 189 178 194 192 179 170 178 194 185 193 182 181]
 [  0 199 184 176 193 177 184 181 186 199 173 178 176 190 187 193 197 174
  180 176 199 198 188 187 172 184 198 180 181 198 192 175 182 199 188 180
  196 179 192 191 193 183 173 199 196 194 175 189 176 197 194 198 189 171
  187 179 172 198 173 193 189 189 194 183 187 185 184 192 175 191 171 175
  170 171 172 172 193 179 193 188 186 194 176 174 198 175 175 197 181 190
  189 186 174 183 182 176 195 194 184 197 183 175 185 185 198 175 184 195
  179 171 199 185 184 183 173 174 191 189 185 196 193 180 187 184 199 171
  190 180 183 171 183 189 196 192 187 182 180 170 188 198 190 193 187 184
  185 192 180 179 196 182 181 198 173 174 185 197 183 180 182 191 170]
 [  0 182 188 188 186 197 188 196 190 181 182 173 179 172 189 177 178 191
  191 173 176 190 181 171 174 177 170 172 178 184 187 184 178 182 172 173
  175 192 170 171 194 196 173 175 195 195 174 190 189 189 193 196 184 180
  186 179 187 194 191 188 179 196 194 193 195 180 185 176 195 193 182 188
  180 183 178 171 198 185 171 170 191 173 185 186 185 175 184 175 186 171
  193 181 170 178 176 190 175 170 185 190 176 193 191 188 188 178 175 174
  192 185 198 175 195 193 196 194 196 177 193 194 185 193 190 178 180 178
  194 176 188 187 174 175 179 176 189 176 172 177 176 187 186 182 184 194
  175 186 196 186 193 197 170 182 195 185 172 198 178 196 186 184 183]
 [  0 185 181 180 186 179 188 181 195 199 174 179 191 198 181 178 184 179
  174 193 172 198 180 179 173 199 175 172 177 195 186 197 187 175 193 174
  188 181 180 178 173 175 198 181 198 198 189 188 183 186 185 181 179 173
  197 196 185 192 176 195 172 185 189 183 177 198 189 185 175 180 173 188
  199 177 196 199 192 195 182 198 178 195 187 181 189 183 183 199 186 190
  189 199 173 183 180 194 191 191 173 193 178 191 186 183 173 192 178 195
  180 189 182 176 179 195 196 195 179 179 189 178 186 170 187 173 175 176
  189 180 187 174 170 179 180 186 173 184 196 199 185 181 172 181 184 199
  178 174 175 195 189 175 185 193 193 198 175 197 197 198 176 190 195]]
 job2fam
 [[1 0 0 0 0 0 0 0 0 0 0 0 0 0 0 0 0 0 0 0 0 0 0 0 0 0 0 0 0 0 0 0 0 0 0 0
  0 0 0 0 0 0 0 0 0 0 0 0 0 0 0 0 0 0 0 0 0 0 0 0 0 0 0 0 0 0 0 0 0 0 0 0
  0 0 0 0 0 0 0 0 0 0 0 0 0 0 0 0 0 0 0 0 0 0 0 0 0 0 0 0 0 0 0 0 0 0 0 0
  0 0 0 0 0 0 0 0 0 0 0 0 0 0 0 0 0 0 0 0 0 0 0 0 0 0 0 0 0 0 0 0 0 0 0 0
  0 0 0 0 0 0 0 0 0 0 0 0 0 0 0 0 0]
 [0 0 0 0 0 0 0 0 0 0 0 0 0 0 0 0 0 0 0 0 0 0 0 0 0 0 0 0 0 0 0 0 0 0 0 0
  1 0 0 0 0 0 0 0 0 0 0 0 0 0 0 1 0 0 1 0 0 0 0 0 1 1 0 0 0 0 0 0 0 1 0 0
  0 0 0 0 0 1 0 0 0 0 0 0 0 0 0 1 0 0 0 0 0 0 0 0 0 0 0 0 0 0 0 0 0 0 1 0
  0 0 0 0 0 0 0 0 0 0 0 0 0 0 0 1 0 0 0 0 0 0 0 1 0 0 1 0 0 0 0 0 0 0 0 0
  0 0 0 0 0 0 0 0 0 0 0 0 0 0 0 0 0]
 [0 0 0 1 1 1 0 0 0 0 1 0 0 0 1 0 0 0 0 0 0 0 0 0 0 0 0 0 0 0 0 0 0 0 0 0
  0 0 0 0 0 0 0 0 0 0 0 0 0 0 0 0 0 0 0 0 1 0 0 0 0 0 0 1 0 0 0 0 0 0 0 0
  0 1 0 0 0 0 0 0 0 0 0 0 0 0 0 0 0 0 0 0 0 0 0 0 0 0 0 0 1 0 0 0 0 0 0 0
  0 0 0 0 0 0 0 0 0 1 0 0 1 0 0 0 0 0 0 0 0 0 0 0 0 0 0 0 0 0 0 0 0 0 0 0
  0 0 0 0 0 0 0 0 0 0 1 0 0 0 0 0 0]
 [0 0 0 0 0 0 0 0 0 0 0 0 0 0 0 0 0 0 1 0 0 0 0 0 0 0 1 0 0 0 1 0 0 0 0 0
  0 0 0 0 0 0 0 0 0 0 0 0 0 0 0 0 0 0 0 0 0 0 0 0 0 0 0 0 1 0 0 1 0 0 0 0
  0 0 1 1 0 0 0 0 0 0 0 0 0 0 1 0 0 0 0 0 0 0 0 0 0 0 0 0 0 0 0 1 0 0 0 0
  0 1 0 0 0 0 0 0 0 0 0 0 0 0 1 0 0 0 0 0 0 0 1 0 0 0 0 0 0 0 0 0 0 0 0 0
  0 0 0 0 0 0 1 0 0 0 0 0 0 0 0 0 0]
 [0 0 1 0 0 0 0 0 0 0 0 0 0 0 0 1 0 0 0 0 0 0 0 0 0 0 0 0 0 0 0 0 0 0 0 1
  0 0 1 0 0 1 0 0 0 0 0 0 0 1 1 0 0 0 0 0 0 0 0 0 0 0 0 0 0 0 0 0 0 0 0 0
  0 0 0 0 0 0 0 0 0 0 0 0 0 0 0 0 0 0 0 1 0 0 0 1 0 0 1 0 0 0 0 0 0 1 0 0
  1 0 1 0 0 0 0 0 0 0 1 1 0 0 0 0 0 1 0 0 0 0 0 0 0 0 0 0 0 0 0 0 0 0 0 0
  0 0 1 0 0 0 0 0 0 0 0 0 0 0 0 0 0]
 [0 0 0 0 0 0 1 0 0 0 0 1 0 0 0 0 0 0 0 0 0 1 0 0 0 0 0 0 0 0 0 0 0 0 0 0
  0 0 0 0 0 0 0 0 0 0 0 1 0 0 0 0 1 0 0 0 0 0 0 0 0 0 0 0 0 1 0 0 0 0 0 0
  0 0 0 0 0 0 0 0 1 0 0 0 0 0 0 0 1 0 0 0 0 0 0 0 0 0 0 0 0 0 0 0 0 0 0 0
  0 0 0 1 0 0 1 0 0 0 0 0 0 0 0 0 0 0 0 1 0 0 0 0 0 1 0 0 0 0 0 0 0 0 0 0
  0 0 0 0 0 0 0 0 0 0 0 0 0 0 0 0 0]
 [0 1 0 0 0 0 0 0 0 0 0 0 0 0 0 0 1 1 0 0 0 0 0 0 0 0 0 0 0 0 0 1 0 0 0 0
  0 0 0 0 0 0 0 0 0 1 0 0 0 0 0 0 0 0 0 0 0 0 0 0 0 0 0 0 0 0 1 0 0 0 0 0
  0 0 0 0 0 0 0 0 0 0 1 1 0 0 0 0 0 0 0 0 0 0 0 0 0 0 0 0 0 0 0 0 0 0 0 0
  0 0 0 0 0 0 0 0 0 0 0 0 0 0 0 0 0 0 0 0 0 0 0 0 0 0 0 0 0 0 0 0 0 0 0 1
  0 0 0 0 0 0 0 1 0 0 0 0 0 0 1 0 0]
 [0 0 0 0 0 0 0 0 0 1 0 0 0 1 0 0 0 0 0 0 0 0 0 1 0 0 0 0 1 0 0 0 0 1 0 0
  0 0 0 0 0 0 1 0 1 0 0 0 0 0 0 0 0 0 0 0 0 0 1 0 0 0 0 0 0 0 0 0 0 0 0 1
  0 0 0 0 0 0 0 0 0 0 0 0 1 0 0 0 0 1 0 0 0 1 0 0 0 0 0 1 0 0 0 0 1 0 0 1
  0 0 0 0 0 0 0 0 1 0 0 0 0 0 0 0 0 0 0 0 0 0 0 0 0 0 0 0 0 0 0 0 0 0 0 0
  0 0 0 0 0 0 0 0 0 1 0 1 0 0 0 1 0]
 [0 0 0 0 0 0 0 0 0 0 0 0 0 0 0 0 0 0 0 0 0 0 1 0 0 0 0 0 0 0 0 0 0 0 0 0
  0 0 0 0 0 0 0 0 0 0 0 0 1 0 0 0 0 0 0 1 0 1 0 0 0 0 1 0 0 0 0 0 1 0 0 0
  0 0 0 0 0 0 0 0 0 1 0 0 0 0 0 0 0 0 0 0 0 0 1 0 0 0 0 0 0 0 0 0 0 0 0 0
  0 0 0 0 0 1 0 0 0 0 0 0 0 0 0 0 1 0 0 0 0 0 0 0 0 0 0 0 0 0 0 1 0 0 0 0
  1 1 0 0 1 0 0 0 0 0 0 0 0 1 0 0 1]
 [0 0 0 0 0 0 0 1 0 0 0 0 0 0 0 0 0 0 0 1 0 0 0 0 0 0 0 0 0 0 0 0 0 0 1 0
  0 0 0 0 0 0 0 0 0 0 0 0 0 0 0 0 0 0 0 0 0 0 0 0 0 0 0 0 0 0 0 0 0 0 0 0
  0 0 0 0 0 0 0 0 0 0 0 0 0 0 0 0 0 0 0 0 1 0 0 0 1 0 0 0 0 0 0 0 0 0 0 0
  0 0 0 0 0 0 0 0 0 0 0 0 0 0 0 0 0 0 0 0 1 0 0 0 0 0 0 0 0 0 0 0 0 0 1 0
  0 0 0 0 0 1 0 0 0 0 0 0 0 0 0 0 0]
 [0 0 0 0 0 0 0 0 0 0 0 0 0 0 0 0 0 0 0 0 0 0 0 0 0 0 0 0 0 0 0 0 0 0 0 0
  0 0 0 0 0 0 0 0 0 0 0 0 0 0 0 0 0 1 0 0 0 0 0 1 0 0 0 0 0 0 0 0 0 0 1 0
  0 0 0 0 1 0 1 0 0 0 0 0 0 1 0 0 0 0 1 0 0 0 0 0 0 0 0 0 0 0 0 0 0 0 0 0
  0 0 0 0 1 0 0 0 0 0 0 0 0 0 0 0 0 0 0 0 0 1 0 0 1 0 0 1 0 1 0 0 1 1 0 0
  0 0 0 0 0 0 0 0 0 0 0 0 1 0 0 0 0]
 [0 0 0 0 0 0 0 0 0 0 0 0 0 0 0 0 0 0 0 0 1 0 0 0 1 1 0 0 0 1 0 0 0 0 0 0
  0 1 0 1 0 0 0 0 0 0 1 0 0 0 0 0 0 0 0 0 0 0 0 0 0 0 0 0 0 0 0 0 0 0 0 0
  0 0 0 0 0 0 0 0 0 0 0 0 0 0 0 0 0 0 0 0 0 0 0 0 0 1 0 0 0 1 0 0 0 0 0 0
  0 0 0 0 0 0 0 1 0 0 0 0 0 1 0 0 0 0 1 0 0 0 0 0 0 0 0 0 0 0 1 0 0 0 0 0
  0 0 0 1 0 0 0 0 1 0 0 0 0 0 0 0 0]
 [0 0 0 0 0 0 0 0 1 0 0 0 1 0 0 0 0 0 0 0 0 0 0 0 0 0 0 1 0 0 0 0 1 0 0 0
  0 0 0 0 1 0 0 1 0 0 0 0 0 0 0 0 0 0 0 0 0 0 0 0 0 0 0 0 0 0 0 0 0 0 0 0
  1 0 0 0 0 0 0 1 0 0 0 0 0 0 0 0 0 0 0 0 0 0 0 0 0 0 0 0 0 0 1 0 0 0 0 0
  0 0 0 0 0 0 0 0 0 0 0 0 0 0 0 0 0 0 0 0 0 0 0 0 0 0 0 0 1 0 0 0 0 0 0 0
  0 0 0 0 0 0 0 0 0 0 0 0 0 0 0 0 0]]
