params：
 weight-->(1, 10)
 proc_times-->(1, 100)
 setup_times-->(60, 120)
 delivery_times-->(100, 200)
 job_rate-->8

start:
alpha_1
8
 alpha_2
2.0
 mach
20
 job
160
 fam
12
 weigh
 [[0 2 3 3 5 1 1 8 2 9 8 7 2 1 1 3 8 1 2 3 6 5 4 6 1 5 6 3 6 2 1 9 5 8 5 2
  1 5 1 9 9 2 6 4 2 8 5 7 1 4 8 9 5 1 8 9 2 8 6 7 6 9 1 4 2 8 4 5 1 8 9 6
  6 5 3 4 5 7 6 5 4 7 4 4 3 4 1 3 7 3 8 4 9 4 6 7 7 6 1 7 2 2 9 9 4 6 8 1
  4 8 9 8 6 2 2 1 9 8 5 2 2 7 6 7 1 7 4 1 6 8 2 8 2 2 1 2 5 1 3 5 3 2 1 6
  2 4 4 2 5 1 9 9 7 3 5 6 2 2 6 7 1]]
 proc_times
 [[  0  27  69  22  68  20  48  40  45  58  58  69  80  91  77  27  36   1
   67  20 100   3  24   1  36  59  84  31  26  46   7  65   8  25   3  59
   28  72  37  14  34  76  47  46  12  33  41  51  23  76   5  73  70   8
   22  17  93  84 100   4  41  37  40  70  57  22  93  89  32  97  32  57
   36  67  49  54  29  80  67  90   5   3  24   9  47  58  73 100  82  78
   73  29  19  45  39  67  31  88  11  23  28  47  50  16  47  42   6  61
   91  81  90  43  15   1  84  71  54  95  76  85   7  74  93  27  32  75
    1  47  54  29  50  46   7  63  12  73  49  71 100  62  98  11   1  15
   81  51  23  56   6  56  91  75   8  97  43   7  76  61  43  38  22]
 [  0  30  56  83  47  43  49  71  82  20 100  54  24  99  32  17   4  86
   28  68  41  86  56  42  32  86  17  98  53  97  14  24  45  65  52  55
   65  90  62  63  86  18  43  21  29  79  76  80  59   9  65  79  15  83
   32  82  58  32  13  44  43  37  58  73  13  14  89  85  54  21  20  78
   26  95  27   3  84  88  96  21  44  80  72   1  48  61  64  43  21  10
   30   8  43  79  61  64  55  93  95  90  98  88  71  43  39  71  30  98
   75  44  25  11  93  18  47  39  31  70  94  15  53  41  61  87  50  30
   26  76  39  45  49  55  15  76  49  18  38  16  11  58  55  46  38  39
   83  99  59  11  85  15  88  30  22  73  64   4  87  45  93  28  23]
 [  0  26  61  69  19  41  64  12  62  24  20 100  63  68   8  64   3  20
   32  12  19  54  26  42  10  88  66  32  24  77  90   9  75  34  19  27
   46  62  35  52  73  56  14  64  93  86  79   3   4  52  85   5  69  48
   48  19  88  30   9  96   1  49  79  82  26  13  83   5  58   6  80  57
   37  17  41  62  18  52  86  30  20  71  65  57  36  87  28   5  63  68
   35  40  17  72  54  74  45  49  15  51   6  70  51  30   8  39  50  22
   17  76  85  44  83  19   9  70   2  15  50  34  25   3  37  19  73  29
   80  22   9   3  87  18  32   8  31  32  47  67  58  63  58  46  56  17
   52  25  91  11  12  82  51  58  39  84  34  24  17   5  36  51  89]
 [  0  28   5  50  34  61  69 100   4  87  41  57   2   9  27  81  81  19
   59  47  48  57  92  74  76  56  87  16  90  28  87  65  35  49  47  88
   79  15  83  37  35  67  14  99  41  25  41  79  34  38  91  26  92  29
   28  41  26  45  76  24  53  79  67  73  22   1  21  58  72  21  95  71
   60  82  41  16  42   4  77  18  29 100  11  89  31  65  58   5  86  15
   95  46  83   8  58  72   6   7  65  57  20  60  31   7  14  32  89  53
   67  56  91  13  16  95  70  76  75  74  28  33  75  24  57  15  44  99
   20  49  21  44   4  66  80  40 100  76 100  19  69  87  88 100  10  33
   47  38  24  67  85  53  75  64  59  11  69   7  61   6   3  90  96]
 [  0  65  19  13  96  85  47  46  60  70  33  93  39  59  69  36  47  74
   72   7  73  12  21  49  33  54  80  44  27  35  31  42  71  60  99   2
   96  53  91  79  73  25  97  91  69  44   3  98  16  16  61  57  69  85
   69  44   8  31  51  42  26  17  60  46  28  64  41  46   9  95  82  78
   84  28  28  32  12  58  92  35  83   9  98  73  62   4   1  55  41  62
    7  17   9  11  99  76  96  31   4  14   1  92  41  71  26  81  78  39
   96  47  21  12  88  38  60  30 100  33  53  79  13   5  27  55  82  33
   46  58  45  72  62  20  83  30  93  54   9  53  50  87  94  26  59  17
   45  49  20  43  17  75   1  79   1  65  63  75   7  23   1  67  22]
 [  0  40   5  83  52   1  39  84  75  74  15   9  31  64  46  30  88  96
   34  26  77  83  36   9  39  24  36  13  67  38  71  63  87  29  42  97
   74  64  64  85  92  71  65  19  74  41  68  48  49  64  27  35  15  94
   87  58  76  55  56  75  80  35   1  57  18  70   6  48  61  73   9  53
   18  32  81  97  36  25  54  44  70  71  16  20  81  69  53  26   6  48
   98  43  84  62  97  79  26  40  40  62  64  91  14  49  49  78  27   2
    6  83  44  23  60  20  58  60  42  24  39  58  59  17  38  20  36  94
   43  54  27  13  93  90  95  94  23  54  67  74  22  49  57  62  83  37
   36  48  49  55  27  84  40  18   2  14  87  37  34  71   6  92  40]
 [  0  26  82  67   5  38  25  17 100  50   1   3  82  20  89  23  87  71
   95  32  95  77  78   9   7  16  22  66  74   7  13   5  91  51  98   5
   82  44  75  66  76  75  48  78  48  36  55  54  60  76  33  95  35  89
   46  16  39  45  40  26  26  74  55  50   7  65  24  82  88  29  78   4
   78  99  47   7  37  11  29  98  81  92  26  42   2  35  54  20  14  32
   81   3   5  19  85  76  79  33  81  50  27   6  36   1  98  24  66  31
   28  86  92  21  51  38  64  20  40  33  55  38  96  65  30  24  77  34
   11  48  15  78  37  20  90 100  63  28  63  10  31  47   7  77   1  79
   79  25  92   7  14  12  16  26   7  94  56  81   4  70   5  50  89]
 [  0  29  49  52  79  37  60  45  45   3  94  41   4  52  89  61  24  25
   58  33  57  84   7  21  89  91  50   4  23  73  13  89  99  22  74  14
   23  95  92  10  60  73  42   4  11  71  20  77  83  62  62  10  46  82
   53  24  69  66  98  36   7  79  50  72  88  49  18  90  82  51  79  75
   51  96  87  42  24  69   4  88 100  61  15  43  47  13  59  99  18   4
   52  37  11  10  86  48  23  41  56   3  86   9  67  75  38  23  30  10
   93  90  10  35  23  60  24  79  52  14   9  16  36  39  26  91  17  68
   90  84  84  15  27  32  54  81  74  34  22  36  10  88  67  98  78  47
   45  20 100  98   9  73  63  62  67  98  91  54  94  66   3  73  55]
 [  0  51  52   9  22  89  37  29  58   5  55  28  70  36  67   2  18  61
   69  59  22  36  26  99  89  53  65  98  76  61  59  59  14  35   2  53
   22  30  19  50  56  10  49  81  48  63  68   4  48  90  65   4   7  84
   73  41  88  87  94  51  74  86  26  26  52  53  56  68  14  28  11  71
    4  11  40  75  13  14  93  51  76  50  68 100  12  73  82  48  26  12
   73  55 100  52  81  63  62  31 100  24  42  68  84  40  43  25  85  77
   15  38  53  19  42  63   2   1  10  89  18  55  16   3  73  93  68  77
   20  46  93  54  34   3  53  84  21  59  96  14  28  18  21  15  87  25
   45  43  60  97  30  30   1  50   8  71  51  46  73  96  75  64  92]
 [  0  19  47  79   4  91  47  53  12  34  32  33  31  73  16  46  64  51
   89  43  99  51   5  17  77  49  45  41  77  66  90  54  68   7  98  20
   41  40  85  78  99  37  96  19  38  25  60  15  79  21  69  61  39  52
   93  40  55  39  91  77   4  24  57  44  34  18  29  22  29  96  74  28
   81  85   4  26  82   1  51  87  61  87  24  16  33  54  32  74  58  10
   36  97  82   6  67   6  84  91  82  16  90  16  35  42  34  43  50   9
   58  48  38  70  13  37  59  92  65  95  84   2  94  31   6  25   3   5
   66  84  71  41  37  75  64  72  91   9  42  57  14   4  98   9  85  79
   20   9  94  24   5  28  82  29  39  19 100   7  80   7  18   7  65]
 [  0  27  99  29  69  24  73  20  83  88  35  76  65  81  66  30   3  88
    9  26  29  87  83  74  67  38  24  45  17   8  61  89  57  60   7  12
   43  99  25  53  85   9  41  55  89  93  15  99  23  26  47  49  78   7
   86   6  54  26  18  74  99  90  45   1  90  99  76  55  95  59  12  66
   66  82  87  27  25  55  99  10  89  90  68  76   2  19  10  54  56  96
   65  14  59  56  72  89   2  65  87  63  69  25  67  33   2  93  43  31
   21  77  84   9  76   2  80  47   6  26  17  19  88  38   4   7  40  66
   64   8  77  11  61  34  72  73  40  97  98  16  35  38  92  94  69  76
   77  39  75  75  95   8  85  32  29  29  52   2  21  26  94  35   2]
 [  0  25  88  38  42  16   1  74  40  75  83  54  85  43  52  52  84   5
   62  17  58  14  38  47  62  22  72  10  74  71  34  52  10  65  43  17
   76  62  70  27  80  30   5   7  52  91  54  65  36  91  10  73  99  50
   81  60  45   1  39   5  82  97  44  37  38  68  19   6  99  92  10  44
   70  45  16   5  46  34  58  12   4  41  91  16  87  52  42  82  19  41
    9  84  17  28   6  38  97  64  41  61  70  26  15  61   4  13  91  87
   27  38  78  12  82 100  53  65  61  28  24  87  23  65   9  28  40  79
   65   1  98  83  69  81  64  70  34  92   9  93  74  79   9  33  51  75
   76  28  85  51   5  86  99  88  66  38 100  81  17   4  65  40  25]
 [  0  67  44   3  48  72 100  20  71  16  51   3  50  61  34   2  74  53
   43  83  67  48  63  57  16  73  35  17   5  25  69  95  88  78  17  56
   55  16  94  66  34  45   6  10  54  49  97  13  41  85  48  87  67  85
    8  68  12  67  58  57   5  57  42   3  89  81  71  25  12  10  14  94
    3  44  98  66  88  23  72  69  49  58  43  24  64  34   3  37  24  98
   87  12   3  45  43  46   6  15  48   6  90  74  60  93  41  52  58  47
   43  38  59  49  50  46  74  26  15  87  70  77  94  97  27  81  56   1
   86  89  28  80   7  26  92  53  40  73 100   8  49  55  65  76   1  93
   71  37  39  22  96  70  63  95  96  92  25  11  49   8  18  22  71]
 [  0  31  61  96  85  39  37  50  77  68  59  77  56   5  66  29  79  61
   55  87   9  20  87  22  35  64  83  61  98  79   3  92  83  24  86  54
   21  28  89  68  64  49  77  45  23  52  47  19  57  35  55  49  18  62
   96  97  41  80   4  48   8  58  44  84  49  16  37   7  49  75  63   1
   27  91  46  68  88  43  88   9  60  77  67  74   1  33  12  19  22  62
   89  50  55  94  90  18   1  45   5  64  20  63  12  14  46  89  84  72
   62  48  24  49  32  51  62  73  36  88  83  33  70  36  44  67  18  76
   99  19  52  84  71  62  39   8  70  60  18  54  55  35   6  77  38  26
   29  25  85  67  67  31   6  86  68  37  31  71  11  73  90   5  40]
 [  0  69  30  15  92  70  94 100  22  88  17  85  35  91  48  70   1   7
   20  56  77  94  23  64  32  77  63  52  49  57  93  90   1  15   7  55
   87  46  87  18  53  10  24  28  25  14  26  91  54   1  18  37   1  95
   61  92   8   9  34  60  51  34  82   7   9  99  46  97  96  59  19  78
   43  82  49  85  62  50  98  72  55  54  91  37  73  46  99  36  99  51
   31  30  48  68  79  93  62  71   8 100  80  42   3  27  24  28  17  83
   87  89  77  83  33  69  11  71  54  92  94  16  90  76  91   1  96  78
   47  83  29  60  49  59  67  75  59  74  52  57   9  34  10  41   1  20
   16  79  47  21  69  60  87   3  43  73  76   6  41  47  13  58   5]
 [  0  35  97  19  97  79  87  42  87  45  36  66  37  57  49  27  75  78
   69  75  65  16  43  50  28  70  94  24  55  75  89   1  56  28  40  32
   22  24   6  36  44   9  49  97  47  93  96  76  76  77  63  67  18   3
    9  22  75  51  42  97  50  88  27  96  29  31  35  30  29  42  67   9
    5  21  31 100  61  81  32  74  26  14  34  36   5  88   4  14  10  36
   30  32  24  80  99  62  48  94  42  39   5  61  96  62  12  65  64  73
    2  34  42  86  79  31  90  10  27   1  74  66  88   8  97  69 100  43
   96  66  97  37  43  17  97  10  83  40  90  59  88  47  87  43  99  88
   32  64  98  74  98  87  12  23  12  13  42  67  37  76  23  70  90]
 [  0  33  17  51  45  69  74  63  89  24  76  22  59  82  68  10  25  67
   24  32  98  42  31  72  21  69  39  18   2  71  86  99  12  22  22  28
   26   6  45  67  28  13  57  56  44  53  61  97  30  62  66   9  96  96
   69  78  35  84   8  71   2   1  13  81  38  82  39   4  88  79  60  18
   91   9  79  11  21  28  11  26   8  63  88  97  26  26  69  13  35  62
   35  65  92  21  37   5   2  70  54  14  32  35  60   3  30  69  67  80
   96  27  31  22  80  48  17  83  77  95  75  84  37  96  11  74  76  82
   84  68  96  29  18  89  18   7  86  18  69  24   7  44  97  25  51  53
   45  12  81  22  19  92  85  26  88  78  46  79  41  35  45  61  25]
 [  0  80  57  88  85  99  25   6  72  73 100  37  11  13  34  19  12  18
   48  44  58  68  15  54  62   2  94  48  13  53  23  21  15   7  61  17
    5  35  35  34  35  32  90  92  62   3  76  66 100  76  61   4  50  94
   12  16  18  36  67  56  76  54  56  80  19  87  16  79  41  44  18   5
   78  16  66  13  76  51  94  20  70  36  31   1  24  36  37  24  14  58
   51   2  91  58  67  20  57  43  96   6  21   2  61  61  94   5  57  26
    1  25  12  99  66   9  34   5  26  64  14  29  29  89  68  44   1  46
   66  34  32  98  48  20   5  58  36 100  20  59  74  10  37 100  86   4
   45  73   2   2   9  56   2  27  16  60  37  42  20  99  55  56  21]
 [  0  22  65  98  33 100  16  73   3  69  22   7  78  36  22  60  49  61
   19  45  18  80  98  30  91  46  44  48  18  10  90  30  71  12   5  47
   13  38  14  78  19   5  87  84  37   8  59  19   7  50  49  46  66  89
   18  87  53  92  65  78   5   4  34  44  41   3  85 100  25  42  51  28
   46   4  23  30  49  60  94  53  57  61  53  26   5  81   7  17  69   6
   99  33  27  29  64  51  29  19  74   4  47  34  37  23  92  57  53  38
   56  54  11  87  52  58  31  61  78  73   1  48  77  69  28  69  66  92
   31  60  13  45  83  44  46  24  64  14  54  23  98  16  96  69   7  46
   58  41  77   8  49  59  78  96  97  85  19  13  70  62  99  80  45]
 [  0  38  93  57  47   4  80  52  26   9  98  87  55  48  37  86  62  32
   88  30  54  44  38  92  43  32  74  99  79  37  53  76  40  26  14  82
    9  90   3  92  91  32  95  34  98  23  48  46  38  76  22  43  61   6
   25  37  75  57  40   4  79  72  43  92  28  94  70  58  60  97  47  66
   63  46  29  33  94  77  84  93  63  82  32  81  36  39  65   9  76  23
   33  37  22  53  21   3  56  87  70  89   7  21   6  58  15  43  90  44
   43  38  31  87  87  25  23  16  10  16  86  80  78  34  63  78  66  68
   68  76  20  90  65  87  80   2  97  63  10  19   9  92  70  50   7   2
    2  38  42  39  86  96  35  54  16  67  48  50  77  33  81  14  28]]
 setup_times
 [[[  0 118 111  91  71 103  74  73 115  63  83  96  86]
  [  0   0 110  70 112  99 115 104  92  77 119  64 106]
  [  0  97   0 113  91  96  99  84  62 109  86  60 118]
  [  0 113  89   0  78 113  81 108  69 110 110  68  85]
  [  0 103  64  94   0  73  74 115  60 100  98 116  89]
  [  0 113 110  83  94   0  92  85  98  61  61 102  68]
  [  0  90  75  97  94  78   0  78  82  97  93  86  60]
  [  0  80  92  72  74 107 109   0  75 104  62  92 114]
  [  0 112  97  65  72  72  61  75   0  98  73 110  95]
  [  0  74 104  67  78  69  71  88 103   0  93  84  68]
  [  0  85 112  85  79  78 102  79  72 111   0  63 118]
  [  0 114  96  69  90  78  89 110  95  92 101   0  97]
  [  0 102  81  61 112  76  83  79  88 102  62  75   0]]

 [[  0  60  85  69 112  83  61  64 112  71 104  99  85]
  [  0   0  66  61  76 115 112  78  67  74  76 102  74]
  [  0 105   0  82  73  86 103  69 101  75 116 102  75]
  [  0 116 110   0  96 119  76  99  87  65 100  82  62]
  [  0 119 104 102   0 112  82 108 100  90 112  70  65]
  [  0  96  97  69  68   0 113 102  88  73 112  69  83]
  [  0 107  97 105 107  88   0  99  87  85  71  70 117]
  [  0  66  76  78  71  74  74   0  73 108 118 103  65]
  [  0  88  90 115  99  60  93  99   0  78 117  83 103]
  [  0  60 112  98  89  77 113  89 105   0 114 112  63]
  [  0 109 113  90  61 115  84 117  67  95   0  62 112]
  [  0  88 104  77  68 113  61 114 113 100  61   0  98]
  [  0  82 117  98  97  66 104  92  80  87  89 103   0]]

 [[  0 117  76  73  82  71  77 112  66  76  65 118  78]
  [  0   0  84  81  73  86  94  83 112  82  79 112  86]
  [  0  90   0  71  97  63  60  74  73  85  94  71  65]
  [  0  92  65   0  80 109  63  71  73 114  83  79  61]
  [  0 104 109 113   0 107  69  84  84 112 116  70  93]
  [  0  78  72  95 113   0  80  91  68 116  61 100  85]
  [  0 104  95  81 113  96   0  71 103  81 103  73 100]
  [  0 112  96  68  98 112  77   0  98  68  66  61  88]
  [  0 103  83 107  71 112  87  93   0  71  92 119  88]
  [  0 108  82 114  96  63 105  91  86   0 109  60  84]
  [  0 115  76 116  81  70  90  97  92 107   0  64  75]
  [  0 102 119  78  90  62  94 116  95  78  77   0  78]
  [  0 106  72  66 103  60 105  94  90  68 113 118   0]]

 [[  0 106 114 100 113  84  73 103  92  81  69  78  86]
  [  0   0  84  88  65 103  96 109  87 116  69 105 119]
  [  0 104   0  91  63  91  61  68 107  79 109  71  62]
  [  0  88  83   0 111  71 108 103 117  82  84  89  90]
  [  0 115  61  60   0  92 101  95  84  95  76  77 108]
  [  0 115 103  68 119   0  64  84 105 118  99  81  97]
  [  0 102 100 107  92  74   0 107 109  75  83 105  75]
  [  0  99  67 115 103 108 116   0 102  85  98  94 104]
  [  0 104 108  96  88 101  86 103   0  98  88 117 106]
  [  0 110  74  90  99 107  86  75 113   0 102 104  92]
  [  0  61 108  83  90  85  96  94 112  61   0 111  89]
  [  0  79 118  91  63  74  65 103  64  81 113   0  75]
  [  0  80  80  88  67  76  75  67  96  62  89  96   0]]

 [[  0  66  83 104 119  96 114 114  89  79  65 111  96]
  [  0   0  72  66  66  83  69  82 106  97  94 100  64]
  [  0  90   0  78 109 103  87  82 113  95  96  84 113]
  [  0  82  92   0 104  94  65  99  95  84 101 102  74]
  [  0  63  79 107   0  89  78  62  78 106  72 112  96]
  [  0  74 110 115  64   0 118  91  87 110  80  88  91]
  [  0  67  91  94  99 118   0 114  91  89  90 117 102]
  [  0  73 106  91  81 112 114   0  78  95  72  79 116]
  [  0 116 113 114 108  85 113  69   0  83  88  97  98]
  [  0 113  91 115  84 119  82  66 117   0  84 103  66]
  [  0  61  75 104  65 100  91 111 113  96   0 113 116]
  [  0  78 118  67  94  85 104  99 106  63 117   0  85]
  [  0 119  92  95 105  74 108  76  76 107  96  64   0]]

 [[  0  67  97  97  76  77 107  94  95 108 105  86 101]
  [  0   0  98 114 118  64  62 108 104 111  88 101  60]
  [  0  71   0  95  88 106 107  80  94  64  92 113  61]
  [  0  97  74   0  62  88  87  73 113  76  96 104 101]
  [  0  83  77 119   0  79 108  60 102  71 114  74  93]
  [  0  92  92  81  81   0  98 104  82  91  90 105  72]
  [  0 114 104  74  96  77   0  89  74  81  93 118  98]
  [  0  69  67 119 104 119  78   0 116 119  76  66 117]
  [  0  61  70  82  93 114  70  98   0 102 101 118  83]
  [  0  64 114  86  66  98  93 100  89   0  70  98  82]
  [  0 108  90  75  97  65 119  71  68 111   0  64  98]
  [  0  84  75 110  60 118 116  92  88 116  62   0  77]
  [  0 113  89 116  70  93  65  72  69 118 110  80   0]]

 [[  0  61  78  82 104 100 105  69  87  60  86  84  83]
  [  0   0  86  78  63  63  83  84  75 103 101 104  65]
  [  0 102   0  81  89 116  63  91 116 107 106  79  80]
  [  0  64  66   0 109 106 105  83  71  85  99  90  72]
  [  0  68  72 116   0 111  96  95 112 116 110  82  75]
  [  0  83  97  88 107   0  72  77  85 113  94  89 106]
  [  0  68  78  88  87 109   0 119 109  75  87 101  75]
  [  0  65  75  69 102 113 104   0  87 100  66 101  98]
  [  0  77 104  85  80  90 112  83   0  91 110  97  74]
  [  0  93 102  61  82 110  96  81  80   0  78 100  97]
  [  0 112  82  77  75  67 115 105  75 113   0  62  89]
  [  0  64 110  89 103  72  98  71 105  80 107   0  74]
  [  0 117 106  78  67  71  61 107  70 115 102  92   0]]

 [[  0  95 101 115  90  67  84  73  89 103  92  66 117]
  [  0   0 110  72  81  82 104  94  75  61  65 101  95]
  [  0  97   0  72  86  63 105  92 119  99  93  82  76]
  [  0 106 115   0  93 103 100 103 108 115  83  70  91]
  [  0 110  98 104   0  69  89  78  88 118 108 111  97]
  [  0  85  74 102  99   0  73 106  88  60  89  84  82]
  [  0 117 104  92 116  68   0 110  86 105  89 113  63]
  [  0 101  65 113 118  92  88   0  96 113 116  66  79]
  [  0 111 108  89 117  65  89 110   0 111  76 114 115]
  [  0 117 102  85  88 106 110  91  99   0 111  71  69]
  [  0 118 118 106  73  92  84  96 117  86   0  63  67]
  [  0  91  81  91  83 119 100 105  80  73  96   0  89]
  [  0  95  91  91  83  92 104  77  65 102  86 117   0]]

 [[  0  98 112  81  87 117 101  92  91  78 102  99 119]
  [  0   0  71 117  76  99  72  86  87 106  89 109  92]
  [  0  99   0  97  93  79  65 104  61  60 100  98 117]
  [  0  95 103   0 116  68  88  76  61 107  60  81  96]
  [  0  90  88  70   0 109  61 103 107  98 105  84  80]
  [  0  92  84  81  97   0  82  73  71  63  98  94  89]
  [  0  65 119 104 111  69   0  80 116  81 112  88  72]
  [  0  72  61 116  71  64  67   0  70  75  85  77  69]
  [  0  72 119  91 106  91 101 106   0  85  63  72  99]
  [  0 102  75  68  80 105  69  61  65   0  83  84 101]
  [  0 103  85 116  90  85  83  64 106 118   0  82  99]
  [  0  72  68 118  76  96  71  77  78 103  91   0  67]
  [  0  97 115  94  73  80  84 118 115 103 112  64   0]]

 [[  0  62  94  66  74  76  66  89  66  91 108 105  77]
  [  0   0 106  73  79 119  98  98 100  70  91  64  77]
  [  0  88   0 100 101 114  61  98  77  91  82 103 106]
  [  0  88  98   0 108 113  80  98  64  89  82  70  92]
  [  0 118  97  60   0 113 115 111  70 108 114  75  67]
  [  0 101  60 118  81   0  66 112 115 108  65  82 119]
  [  0  66 112  76  73  89   0 118 110 103  99  64  62]
  [  0  79 102 107 113 113  66   0 113  75  93  98  89]
  [  0  94  77  90  93  99  94 116   0 103  89 112  63]
  [  0  67 110 119  77  61  70  89 100   0  69 105 119]
  [  0  71  75  86 106  84  75 110  68  69   0  83  66]
  [  0  63 117  82  67  94  95  68 115 112  86   0  78]
  [  0  74  67  68  79  77  76  64 112  80  69 109   0]]

 [[  0  79 111 104  63  94 104 107  96 117 116  69 104]
  [  0   0  89  78  67  77  71  66 119  63 119 106  66]
  [  0  91   0  81  82 110  75  63 118  67  91 107 110]
  [  0  86 107   0  72  71  80 111  65 105 108  77  88]
  [  0 110  81 114   0  81  74  63  98 101 110  99  99]
  [  0 114 103  75  99   0 113  65 116  93  86 106 112]
  [  0  96  69 105  88  62   0 115  63 108 102 107  78]
  [  0 100  70  75 101 101  82   0  96 104  72 106  69]
  [  0  79 114  67 103 100  81 105   0  61  93  74  73]
  [  0  97 109 104  87  81  77  95  97   0  73 106  88]
  [  0  86  65  76  92  91 117  78  65 112   0 110  68]
  [  0 109  88  90  70 119  91  88 103 107 103   0 119]
  [  0  93 102  87  68 113  97  91  84  99  82  81   0]]

 [[  0  83  76  77  65  68  86  83  71 106  74  71  93]
  [  0   0  71  96 108  62 105  82 106  86 116  80  79]
  [  0  75   0 102  80 103  66  77 118  75  92  95 117]
  [  0  89 119   0  80  73  60 112  81  99  70  89 102]
  [  0 101  98  60   0  88 105  63 108  60  79  64  85]
  [  0  87  93 110  91   0  65  91  61 116  63 112 118]
  [  0  92 106  97 103 103   0 115 101  88  61  95  97]
  [  0 111  67  60  67  66  76   0 106  98  66  66  81]
  [  0  69 116 110 116  83  68 114   0 102  77  94  79]
  [  0  98  68  65  62 105 118  79  96   0  90  75 104]
  [  0  84  77  71 116  71 108  88  72  87   0  69  92]
  [  0 114 116  84  88 115  75  94  85 104 116   0  92]
  [  0  74  98  97  80  74 108  83  70  70  84  61   0]]

 [[  0 103  89 108  75 119  77  80 110  75  75  90  75]
  [  0   0 115 101  63  81 102  82  67 115 101  84  95]
  [  0 100   0  80  97  94  80 118  82  86  72  77  68]
  [  0 100  80   0 109 104  85 118 104 119  88  78  98]
  [  0  71  96  78   0 112 101  68 106 102 105 107 106]
  [  0  84  64 116 110   0 119 119 107  71  71  70 102]
  [  0 107  70  68  79  63   0 119 108  87  74  93  95]
  [  0  99  92 105  63  66 106   0  77 110  70 109  94]
  [  0 100  63  66  70 114  66  71   0  74  87  91  84]
  [  0  74  75  81  81  70 103 102  80   0  85  69  75]
  [  0 119 108 101  70  74 112  81  87  68   0  71  72]
  [  0  80  83  73  97  97  80  65 113  79 112   0  81]
  [  0  71  81  86 111  61 108  89 103  95  82 117   0]]

 [[  0  95  70  72  84 109 104  72 118  61  95  92  70]
  [  0   0  64 101 116  66  69  79  85 107 118  89 118]
  [  0  68   0  79 111 107  90  60  78  74  72  91  94]
  [  0  91  95   0  70 115 100  91  84 111  65  60  82]
  [  0  63  82  72   0  77  68 105 113 116 104  83 101]
  [  0  76  75  88  65   0 106  94  73  63  98 114  82]
  [  0 104  78  62  62  81   0  62  62  65  63 107  60]
  [  0 110  83  94  89  68  72   0 117 110  64  91 108]
  [  0  97 116  78  91  66  68  82   0  90 115  72  63]
  [  0 106 113  72 112  84  82  87  95   0 109  64 113]
  [  0  70  84  90 114 107 102 108 114  83   0  71 119]
  [  0  77  88 111  66 119  83  60  62  93 110   0  61]
  [  0  96  62  66  63  68  69  87  76  85  93  97   0]]

 [[  0  79  92  84  62 114 119  70 113  90 106  67  72]
  [  0   0 100  93  67  81 112  81 108  71 119 101  72]
  [  0  89   0  78  68 117  91 101 112 111 111  69 119]
  [  0 106  87   0  91 113 108 101  95 104  91  63  87]
  [  0 100  77 115   0  80  73  60 107  65  79  63 115]
  [  0  92  71 113  73   0  64  93  81  89  74  95  85]
  [  0 101  70 108 102 104   0 111  73  72  86 113  69]
  [  0 111 118  96  96  75  63   0  89  98 105  77  89]
  [  0  65  95  95 110 101 102  62   0 117 118  72  63]
  [  0  61  90  63  85  75  78  82  73   0  71  69  82]
  [  0  92  85 109  97  85 107  81 113  96   0 117 113]
  [  0 113 116  83  76  67  93  92  92  96  93   0  88]
  [  0 103 101  89 113  90  88  64 118  66  66  76   0]]

 [[  0  63  88  68  99  67  67  87  88  61  66  84 117]
  [  0   0  72 107 103  65  72 117 106 105 110  80  65]
  [  0 115   0  62  80 110  66  93 106 106  62  85  95]
  [  0 112  69   0  84  80  60 106 115 100  64  91  86]
  [  0  76 112  90   0 105  78 117 108 101 119 115 119]
  [  0  88  90  65  88   0  78  98 113  83  93 100  79]
  [  0 100 103  69  72 103   0  72  87 111  81  91  67]
  [  0  99 111 104  73  80  89   0 102  79 106  63  86]
  [  0  89  72  80  92  86  84 106   0  65  71 118 109]
  [  0  66  78  60 115  65  88 117 116   0 103  82  88]
  [  0  61 105  77 117 100  62  83  73  95   0  97  72]
  [  0  85  94 117 108 105  96  76  64 108  88   0  60]
  [  0  64  60 100 113  85  98  94  94 106  63  78   0]]

 [[  0  69 109 108 100  80  61 113  98 113  82  72 105]
  [  0   0  92  79  86  80  60  77  96  67  67  91 114]
  [  0  74   0  65 105  86  98  97  73  95 106  97  82]
  [  0  80 101   0  71  88  80  70 110 106  96  88  70]
  [  0 114  76  87   0  99  98  82  92 114  83 100 119]
  [  0  61  69 113  60   0  67  97  85  96  86  76  93]
  [  0  61 104  98  90 104   0  87 101 106  95  71  86]
  [  0  85  93 100  64  85  74   0  72  92  68  90  99]
  [  0 105  88  61  78 108  88  66   0  74  66  63  88]
  [  0 111  91  96  92  88  87  92  83   0  64  79  74]
  [  0 107  67  97 119  64  81 114 117  72   0 119 107]
  [  0  98  85 119  90  63  95  80  79 112  71   0  74]
  [  0  84  73 104 114 117 111  79 117 109  94  70   0]]

 [[  0 113  93  67  82 116  62 114  85  82  71  78 111]
  [  0   0  73  91  66 100 112  91 110 103 111 107  67]
  [  0 101   0  94  98  71 119  67  94  67  78 107  62]
  [  0 112 103   0  95  94 106  78  60  71  71  61  80]
  [  0  69  95  89   0 105  79  67  75  64 102 102  90]
  [  0  68  92  64 109   0 118  98 110 104 111  91  95]
  [  0 112 100  68  72  78   0 109  92  82  69  78 119]
  [  0  96 106  72 101  65  77   0  97  97  98  78  92]
  [  0 107  68  75  65  99  92 107   0  66 118 118  83]
  [  0  83  61  86  93  77 112  60 109   0  86  76  77]
  [  0 116 105  77 113  73  76  63  91 107   0  67  94]
  [  0  90 109  65  67  91 110  81  67  68  95   0  84]
  [  0  90 107 111  63  94 112 105  68  74 119 111   0]]

 [[  0  84  71  79  97  97 106 102  81 103 102  89 111]
  [  0   0  77  79  68  87  86 118  98  67  83  88  67]
  [  0  85   0  94 116  80  62 106 112 107 106  68  90]
  [  0  75 118   0 112 103  67  93  60 110  63 117  92]
  [  0  93  67  94   0 115 102 118 109  86  97  96 108]
  [  0 117  65  61 114   0  96  67 100 119 117  66 113]
  [  0  70 101 108  94  96   0 109  77 111 110  67 116]
  [  0  68 104  67 110 110  99   0  62  79  90  77  77]
  [  0  76  82 102 108  64 116 107   0 119  61 107 101]
  [  0  73 106  97  95  78 102 101 105   0  99  87 103]
  [  0 118  90  97  93  89  91 112  69  70   0  88  61]
  [  0  91 104  93  92 114  89 116  99  75  68   0  83]
  [  0 102  98  69  82  73 118 106  71  71  93  82   0]]

 [[  0  98  73  87  75  88  93 115  66 101  84  83 118]
  [  0   0  97  79 102  88  75  74  65  84  93  90 107]
  [  0  82   0  64  65 105 110  65  98  89 109  81 103]
  [  0 101 105   0 117  61  60  68 104  78 107 115  91]
  [  0  98  81  66   0  68  77  63  82  85  99 108  84]
  [  0 107  65 112 105   0 111  97  72 110  68  79  75]
  [  0  94  78 115 116 108   0  60  92  85  87 109 116]
  [  0 113 119  65 103  71  69   0 115  84 115  61  71]
  [  0 105 105  76 118 101  84  82   0  81 111 101  68]
  [  0  86 106  71 115  82 113  86 102   0 117  66  91]
  [  0  75  97 118  99  63 101  73 103  68   0  65  63]
  [  0  84  84  78  62  83  63  69  84  65 113   0 105]
  [  0 108  64  84 108  88 116 112 118  71  79  88   0]]]
 delivery_times
 [[  0 103 154 169 155 131 166 127 166 161 133 105 133 134 132 114 131 189
  122 173 117 192 121 165 154 192 181 137 140 105 161 191 179 104 162 171
  132 143 197 145 142 150 190 108 175 139 190 175 166 136 175 105 192 191
  162 104 181 121 119 197 141 179 161 111 104 193 123 193 123 151 104 121
  162 153 103 113 177 152 185 169 193 130 148 152 158 134 118 145 174 186
  199 150 125 124 121 189 138 109 145 136 188 158 105 195 142 114 115 148
  144 172 165 181 103 181 168 156 144 149 112 123 137 170 152 180 112 191
  127 167 124 194 103 164 149 170 148 151 151 126 121 129 155 168 197 171
  155 101 134 141 146 170 184 147 150 160 125 174 122 132 109 139 126]
 [  0 170 165 143 123 129 146 169 163 139 193 134 182 113 196 194 160 168
  155 182 145 122 187 110 140 147 155 153 119 126 168 171 151 114 100 133
  176 192 127 179 179 148 117 187 106 190 124 170 118 154 135 143 169 113
  115 155 145 186 186 124 108 184 116 132 109 116 182 170 106 130 144 196
  131 117 175 199 196 127 176 155 159 154 117 186 178 151 124 192 104 122
  122 167 175 197 129 133 101 183 153 103 128 152 114 177 102 130 124 141
  149 103 175 176 131 107 106 116 131 130 153 151 145 143 100 139 126 143
  169 188 169 137 169 132 196 114 148 118 168 142 191 161 190 177 174 102
  172 130 190 199 123 194 125 106 116 159 196 134 192 134 145 150 107]
 [  0 144 130 157 122 101 158 129 191 109 185 122 144 194 178 152 100 167
  185 128 184 147 180 100 122 185 153 195 108 109 172 126 126 141 162 110
  183 169 138 163 173 108 197 168 133 137 139 138 178 123 125 180 182 107
  136 128 170 179 162 109 147 124 195 190 123 102 105 131 102 141 159 151
  192 155 174 128 150 150 105 116 135 191 174 151 105 158 188 136 116 165
  107 196 199 143 106 127 125 128 162 137 184 185 157 177 110 119 108 143
  123 137 112 184 180 137 136 101 132 186 123 131 196 130 157 184 133 167
  117 105 151 137 121 157 104 164 175 176 170 111 133 170 114 171 148 156
  158 140 130 160 118 119 169 107 141 170 188 122 184 116 159 191 176]
 [  0 195 154 169 145 174 146 171 182 156 113 142 165 120 177 100 143 157
  196 118 122 196 194 153 164 182 178 133 148 108 115 164 140 161 185 118
  104 100 167 110 132 189 151 129 187 180 123 193 134 134 164 131 185 133
  136 113 181 154 132 107 191 114 148 108 185 125 140 134 154 159 190 157
  170 117 191 162 167 125 178 106 103 150 187 106 117 153 167 154 173 132
  106 174 186 101 129 119 105 106 183 119 147 102 124 158 173 188 131 113
  108 197 168 133 190 186 189 161 160 124 177 105 198 166 187 189 136 139
  115 142 140 131 132 182 118 174 197 107 142 175 173 133 192 116 173 173
  140 140 183 113 155 132 107 158 169 193 145 108 112 124 130 134 157]
 [  0 149 155 103 180 152 155 177 119 126 138 125 131 162 168 156 155 154
  141 132 176 194 176 188 100 138 109 105 167 177 182 140 180 124 133 161
  172 147 114 197 134 107 178 166 183 160 111 155 111 102 148 187 155 101
  107 197 130 198 132 146 176 106 142 118 168 116 195 192 119 120 170 106
  164 190 193 123 138 147 131 123 171 182 197 122 159 195 124 184 152 131
  143 105 187 141 123 149 146 118 154 168 124 191 161 149 105 178 159 112
  118 108 195 161 134 117 155 134 176 174 162 114 167 142 184 111 183 122
  182 112 126 160 142 177 135 195 112 184 109 119 149 120 140 139 134 162
  104 192 114 174 176 142 107 118 178 164 140 116 126 117 113 100 192]
 [  0 166 106 175 133 137 134 139 188 117 103 199 194 105 149 117 177 152
  146 159 182 141 145 140 178 168 179 164 109 184 107 133 137 134 175 187
  139 192 170 195 145 132 184 105 113 168 142 144 158 193 121 144 156 161
  104 142 126 138 175 163 166 189 178 187 118 191 183 167 140 178 103 185
  147 180 171 183 197 116 105 173 118 127 113 105 155 175 115 161 135 163
  108 129 107 163 121 197 104 188 143 162 111 181 194 113 175 153 119 150
  164 146 165 109 175 104 114 131 109 156 135 193 133 133 189 152 159 191
  187 108 178 176 105 140 138 198 149 116 143 184 172 131 165 194 160 158
  183 173 191 118 154 187 145 171 150 143 136 161 172 116 153 149 108]
 [  0 174 163 157 199 180 136 129 121 172 142 116 158 196 122 125 119 133
  113 151 155 151 129 184 101 134 161 128 119 168 188 110 101 100 196 128
  193 183 173 181 114 179 136 187 106 117 143 159 129 160 127 130 189 181
  145 172 101 192 124 153 151 190 160 178 178 163 153 107 129 183 192 159
  182 168 169 120 100 183 120 125 141 181 113 142 111 103 105 191 168 120
  120 186 148 151 179 130 124 145 168 116 117 175 185 116 160 190 121 124
  181 180 101 100 101 103 156 119 197 105 115 107 135 109 171 167 142 127
  152 168 188 134 126 184 176 102 104 198 182 186 144 196 169 118 156 126
  121 173 151 135 114 119 186 153 117 142 192 135 182 186 104 142 139]
 [  0 162 132 195 181 102 115 158 174 104 143 104 179 146 196 115 192 138
  167 189 168 133 121 107 164 196 190 190 177 193 170 102 156 162 121 190
  107 195 178 139 144 111 137 116 155 105 115 154 195 116 162 164 124 134
  198 109 116 179 196 114 196 156 162 135 148 149 179 132 128 189 118 157
  108 187 106 140 151 182 140 177 196 143 106 195 151 137 134 110 146 156
  186 182 133 127 109 177 199 178 175 136 177 124 160 133 109 116 135 112
  192 103 167 155 169 173 136 156 113 197 160 112 119 192 130 128 103 192
  199 176 117 114 148 199 115 170 124 133 162 100 199 186 115 144 140 113
  134 133 101 157 184 131 162 106 144 107 198 131 120 174 195 178 114]
 [  0 193 170 141 144 115 149 159 142 187 169 195 165 154 125 170 120 182
  148 121 160 181 183 196 160 127 147 173 180 101 158 163 181 154 131 184
  199 101 172 187 139 162 156 105 184 197 159 160 142 164 149 174 151 156
  106 127 160 155 149 153 186 156 174 136 192 107 128 135 110 194 101 189
  188 170 141 168 118 133 199 177 181 136 109 147 137 117 198 182 149 190
  135 178 189 196 189 190 138 148 125 149 132 174 114 174 187 192 182 197
  135 164 133 179 143 118 170 181 118 183 105 156 105 196 197 135 112 185
  116 120 199 187 173 190 126 124 127 156 118 151 135 115 182 156 168 142
  167 101 186 178 199 155 155 120 185 186 160 146 186 118 178 101 112]
 [  0 146 146 146 170 176 147 115 123 143 147 158 175 120 138 141 178 171
  141 138 165 181 123 182 103 192 178 185 111 117 106 188 128 134 100 127
  168 111 180 104 164 106 162 178 191 105 143 138 188 146 136 178 150 152
  153 156 110 176 138 104 133 176 195 159 115 141 172 134 158 169 136 104
  111 158 171 108 173 108 182 153 174 168 175 103 160 160 166 178 107 180
  148 197 161 126 161 118 142 179 119 136 108 196 197 148 175 133 189 127
  193 142 142 168 118 164 121 112 183 124 111 191 169 131 199 184 113 156
  126 162 112 105 129 164 186 191 103 199 173 116 194 145 150 158 125 107
  107 123 131 111 199 133 167 155 156 187 198 150 143 116 150 195 138]
 [  0 134 121 184 138 187 122 119 112 163 162 193 125 179 179 129 168 171
  119 175 129 135 183 134 165 112 138 153 148 167 191 180 122 113 113 103
  110 101 179 196 160 123 105 174 177 114 127 112 145 199 199 197 158 127
  174 196 110 153 180 130 116 114 115 154 185 149 154 177 103 178 137 193
  142 148 142 113 194 176 151 126 123 106 188 135 113 101 192 153 144 148
  170 116 152 144 128 175 192 103 115 150 117 125 144 126 162 198 165 109
  112 151 110 102 199 147 146 152 151 180 101 114 155 113 155 162 157 116
  120 193 146 123 119 102 135 155 169 167 105 118 118 153 143 135 115 101
  171 126 112 183 180 157 190 133 130 143 169 132 190 184 112 176 101]
 [  0 169 157 135 173 149 149 142 192 182 124 181 104 154 170 130 113 110
  196 163 133 189 177 158 191 135 174 154 149 110 118 132 105 144 135 111
  110 102 101 180 102 133 177 112 169 136 136 113 197 129 124 109 143 100
  109 171 179 183 152 136 172 135 135 144 155 176 158 125 102 190 153 143
  122 186 143 138 177 190 133 170 186 100 147 129 105 101 109 138 140 192
  152 178 161 149 127 187 102 105 155 157 182 122 194 188 188 127 147 180
  161 194 139 107 186 130 162 125 166 159 121 104 147 118 159 114 177 159
  145 102 144 147 196 159 177 144 191 162 128 187 172 126 174 162 146 136
  149 109 198 153 190 160 144 169 129 109 152 179 143 108 137 129 151]
 [  0 131 178 188 166 102 136 180 162 173 193 177 125 145 120 149 183 185
  192 125 149 185 186 131 118 183 128 196 125 124 122 196 188 168 194 170
  127 194 141 120 142 107 185 136 173 100 162 124 140 121 146 162 143 124
  137 130 114 171 106 142 164 194 128 170 195 191 189 112 177 187 110 181
  124 176 173 154 101 196 173 151 159 198 178 126 130 199 120 192 184 111
  134 140 109 123 176 128 157 161 148 132 171 140 116 123 171 165 101 101
  175 120 144 192 114 160 150 124 160 180 117 175 141 179 113 128 127 133
  146 197 133 178 165 108 194 189 170 117 156 188 121 182 107 199 144 191
  156 136 110 137 169 188 151 154 139 109 134 114 173 196 183 199 119]
 [  0 122 140 164 106 161 132 150 189 150 147 178 174 108 126 170 152 179
  199 195 168 148 154 180 120 112 186 102 160 131 191 101 197 193 147 132
  126 165 151 158 187 115 101 113 126 103 132 171 111 114 193 161 174 176
  147 192 182 181 177 144 177 116 197 186 131 152 110 189 175 121 192 189
  100 158 183 172 157 114 136 191 104 185 100 132 154 140 190 135 169 108
  160 195 133 152 161 172 110 138 125 172 195 121 129 187 121 184 104 159
  178 174 133 124 102 109 143 102 162 120 128 194 171 134 192 127 163 166
  160 158 195 137 108 179 194 101 114 187 128 113 118 104 170 160 116 133
  116 171 147 138 167 102 141 182 194 151 181 182 166 156 137 105 163]
 [  0 151 181 135 145 144 168 155 195 185 178 178 194 199 104 170 120 190
  180 180 174 140 103 123 164 188 109 131 168 139 174 168 143 157 123 120
  100 185 184 101 134 133 170 151 175 185 174 146 177 148 167 194 141 162
  115 170 147 175 169 192 100 131 159 138 135 179 166 180 144 172 187 196
  120 165 130 165 135 115 121 165 169 170 192 166 108 141 131 137 190 155
  104 156 104 169 121 118 182 128 182 100 157 160 165 114 106 123 113 118
  141 195 154 141 191 161 139 103 101 137 178 120 196 156 140 131 108 149
  123 155 122 199 129 134 100 188 119 137 143 134 190 119 177 105 135 166
  158 146 192 178 128 198 159 171 147 156 159 148 142 177 178 117 140]
 [  0 108 137 157 152 141 184 196 190 143 100 143 116 156 166 165 182 196
  165 105 117 159 156 197 197 175 101 199 127 165 127 184 107 147 169 129
  124 162 134 160 157 133 163 125 158 175 107 172 128 144 157 103 167 148
  101 136 179 127 107 191 114 158 182 116 142 107 112 137 181 190 101 101
  199 169 117 161 179 157 144 100 197 124 159 101 117 155 184 193 184 122
  162 114 167 117 194 129 195 107 141 163 146 188 170 173 175 169 152 193
  104 166 189 196 159 105 142 195 127 116 144 140 144 182 141 184 183 139
  174 140 124 179 107 159 104 186 139 177 159 146 181 109 171 159 175 163
  168 155 121 107 158 165 191 124 146 195 119 137 195 179 129 188 125]
 [  0 139 126 199 119 127 110 103 190 110 178 175 146 118 158 179 153 165
  161 140 134 137 188 191 169 131 124 164 115 138 137 190 172 121 158 172
  153 155 191 165 123 154 119 195 145 174 157 182 144 192 104 154 100 159
  134 195 185 193 139 177 143 173 108 112 165 163 189 126 146 144 106 164
  111 186 173 176 135 120 191 107 196 153 143 181 134 179 178 123 105 128
  185 160 173 122 164 120 173 169 189 129 122 189 103 176 156 158 185 182
  180 160 151 154 110 100 169 115 103 137 121 162 186 148 180 121 137 102
  143 113 147 136 137 118 175 162 162 182 134 197 171 124 114 114 191 151
  144 115 181 193 165 195 161 153 111 120 142 149 131 196 137 129 127]
 [  0 132 109 139 147 100 108 128 128 164 185 182 112 129 182 155 137 133
  164 118 192 132 124 127 112 187 186 189 123 185 107 116 141 176 107 107
  118 173 164 186 142 123 179 185 169 163 144 185 167 126 196 195 101 180
  181 113 152 166 133 183 138 130 181 157 145 199 177 176 136 191 100 115
  174 142 172 160 116 190 197 172 117 139 170 124 179 119 126 132 194 123
  191 181 183 153 120 115 193 166 155 132 100 140 162 181 139 159 125 150
  120 111 192 171 189 140 105 147 180 174 183 160 145 141 126 189 165 116
  198 191 193 153 168 129 154 137 123 151 154 102 137 131 163 104 180 141
  112 105 130 176 106 180 144 133 157 180 190 175 114 181 129 196 106]
 [  0 197 141 190 172 139 138 130 120 163 103 187 123 193 155 176 188 175
  198 161 108 180 144 103 151 154 101 169 139 187 141 103 150 111 128 194
  173 163 139 139 132 138 170 173 110 118 147 160 194 103 101 164 184 161
  165 135 143 144 131 138 156 188 169 184 137 116 177 175 111 100 152 154
  132 117 151 127 133 158 137 143 199 118 119 190 103 180 102 151 118 197
  194 179 153 170 199 118 125 166 174 119 182 175 174 164 188 182 104 131
  147 114 112 185 102 110 187 158 155 108 114 144 164 194 178 135 136 199
  151 168 100 184 192 166 131 105 149 139 106 136 151 112 106 110 145 138
  187 166 129 114 197 149 102 140 126 187 198 172 121 180 170 150 173]
 [  0 170 122 172 143 174 135 189 147 118 176 133 117 147 185 108 102 158
  173 196 167 158 197 119 152 111 137 186 140 151 124 105 127 185 147 176
  196 199 197 120 132 118 101 126 117 126 129 120 113 157 198 107 126 131
  112 129 131 113 137 145 161 178 190 190 137 104 105 193 163 185 158 188
  183 180 127 193 118 183 110 129 190 174 186 188 126 192 189 198 152 172
  151 121 109 116 168 152 108 161 131 189 141 167 159 184 193 185 130 166
  196 173 185 122 151 130 152 126 135 135 146 165 179 153 147 131 151 103
  193 199 174 186 122 137 173 123 178 194 126 102 144 128 166 153 135 184
  131 141 185 116 149 107 143 138 169 177 148 182 100 170 105 165 110]]
 job2fam
 [[1 0 0 0 0 0 0 0 0 0 0 0 0 0 0 0 0 0 0 0 0 0 0 0 0 0 0 0 0 0 0 0 0 0 0 0
  0 0 0 0 0 0 0 0 0 0 0 0 0 0 0 0 0 0 0 0 0 0 0 0 0 0 0 0 0 0 0 0 0 0 0 0
  0 0 0 0 0 0 0 0 0 0 0 0 0 0 0 0 0 0 0 0 0 0 0 0 0 0 0 0 0 0 0 0 0 0 0 0
  0 0 0 0 0 0 0 0 0 0 0 0 0 0 0 0 0 0 0 0 0 0 0 0 0 0 0 0 0 0 0 0 0 0 0 0
  0 0 0 0 0 0 0 0 0 0 0 0 0 0 0 0 0]
 [0 0 0 0 0 0 0 0 0 0 0 0 0 0 0 0 0 0 0 0 0 0 0 0 0 0 0 0 0 0 0 0 0 0 0 0
  1 0 0 0 0 0 0 0 0 0 0 0 0 0 0 1 0 0 1 0 0 0 0 0 1 1 0 0 0 0 0 0 0 1 0 0
  0 0 0 0 0 1 0 0 0 0 0 0 0 0 0 1 0 0 0 0 0 0 0 0 0 0 0 0 0 0 0 0 0 0 1 0
  0 0 0 0 0 0 0 0 0 0 0 0 0 0 0 1 0 0 0 0 0 0 0 1 0 0 1 0 0 0 0 0 0 0 0 0
  0 0 0 0 0 0 0 0 0 0 0 0 0 0 0 0 0]
 [0 0 0 1 1 1 0 0 0 0 1 0 0 0 1 0 0 0 0 0 0 0 0 0 0 0 0 0 0 0 0 0 0 0 0 0
  0 0 0 0 0 0 0 0 0 0 0 0 0 0 0 0 0 0 0 0 1 0 0 0 0 0 0 1 0 0 0 0 0 0 0 0
  0 1 0 0 0 0 0 0 0 0 0 0 0 0 0 0 0 0 0 0 0 0 0 0 0 0 0 0 1 0 0 0 0 0 0 0
  0 0 0 0 0 0 0 0 0 1 0 0 1 0 0 0 0 0 0 0 0 0 0 0 0 0 0 0 0 0 0 0 0 0 0 0
  0 0 0 0 0 0 0 0 0 0 1 0 0 0 0 0 0]
 [0 0 0 0 0 0 0 0 0 0 0 0 0 0 0 0 0 0 1 0 0 0 0 0 0 0 1 0 0 0 1 0 0 0 0 0
  0 0 0 0 0 0 0 0 0 0 0 0 0 0 0 0 0 0 0 0 0 0 0 0 0 0 0 0 1 0 0 1 0 0 0 0
  0 0 1 1 0 0 0 0 0 0 0 0 0 0 1 0 0 0 0 0 0 0 0 0 0 0 0 0 0 0 0 1 0 0 0 0
  0 1 0 0 0 0 0 0 0 0 0 0 0 0 1 0 0 0 0 0 0 0 1 0 0 0 0 0 0 0 0 0 0 0 0 0
  0 0 0 0 0 0 1 0 0 0 0 0 0 0 0 0 0]
 [0 0 1 0 0 0 0 0 0 0 0 0 0 0 0 1 0 0 0 0 0 0 0 0 0 0 0 0 0 0 0 0 0 0 0 1
  0 0 1 0 0 1 0 0 0 0 0 0 0 1 1 0 0 0 0 0 0 0 0 0 0 0 0 0 0 0 0 0 0 0 0 0
  0 0 0 0 0 0 0 0 0 0 0 0 0 0 0 0 0 0 0 1 0 0 0 1 0 0 1 0 0 0 0 0 0 1 0 0
  1 0 1 0 0 0 0 0 0 0 1 1 0 0 0 0 0 1 0 0 0 0 0 0 0 0 0 0 0 0 0 0 0 0 0 0
  0 0 1 0 0 0 0 0 0 0 0 0 0 0 0 0 0]
 [0 0 0 0 0 0 1 0 0 0 0 1 0 0 0 0 0 0 0 0 0 1 0 0 0 0 0 0 0 0 0 0 0 0 0 0
  0 0 0 0 0 0 0 0 0 0 0 1 0 0 0 0 1 0 0 0 0 0 0 0 0 0 0 0 0 1 0 0 0 0 0 0
  0 0 0 0 0 0 0 0 1 0 0 0 0 0 0 0 1 0 0 0 0 0 0 0 0 0 0 0 0 0 0 0 0 0 0 0
  0 0 0 1 0 0 1 0 0 0 0 0 0 0 0 0 0 0 0 1 0 0 0 0 0 1 0 0 0 0 0 0 0 0 0 0
  0 0 0 0 0 0 0 0 0 0 0 0 0 0 0 0 0]
 [0 1 0 0 0 0 0 0 0 0 0 0 0 0 0 0 1 1 0 0 0 0 0 0 0 0 0 0 0 0 0 1 0 0 0 0
  0 0 0 0 0 0 0 0 0 1 0 0 0 0 0 0 0 0 0 0 0 0 0 0 0 0 0 0 0 0 1 0 0 0 0 0
  0 0 0 0 0 0 0 0 0 0 1 1 0 0 0 0 0 0 0 0 0 0 0 0 0 0 0 0 0 0 0 0 0 0 0 0
  0 0 0 0 0 0 0 0 0 0 0 0 0 0 0 0 0 0 0 0 0 0 0 0 0 0 0 0 0 0 0 0 0 0 0 1
  0 0 0 0 0 0 0 1 0 0 0 0 0 0 1 0 0]
 [0 0 0 0 0 0 0 0 0 1 0 0 0 1 0 0 0 0 0 0 0 0 0 1 0 0 0 0 1 0 0 0 0 1 0 0
  0 0 0 0 0 0 1 0 1 0 0 0 0 0 0 0 0 0 0 0 0 0 1 0 0 0 0 0 0 0 0 0 0 0 0 1
  0 0 0 0 0 0 0 0 0 0 0 0 1 0 0 0 0 1 0 0 0 1 0 0 0 0 0 1 0 0 0 0 1 0 0 1
  0 0 0 0 0 0 0 0 1 0 0 0 0 0 0 0 0 0 0 0 0 0 0 0 0 0 0 0 0 0 0 0 0 0 0 0
  0 0 0 0 0 0 0 0 0 1 0 1 0 0 0 1 0]
 [0 0 0 0 0 0 0 0 0 0 0 0 0 0 0 0 0 0 0 0 0 0 1 0 0 0 0 0 0 0 0 0 0 0 0 0
  0 0 0 0 0 0 0 0 0 0 0 0 1 0 0 0 0 0 0 1 0 1 0 0 0 0 1 0 0 0 0 0 1 0 0 0
  0 0 0 0 0 0 0 0 0 1 0 0 0 0 0 0 0 0 0 0 0 0 1 0 0 0 0 0 0 0 0 0 0 0 0 0
  0 0 0 0 0 1 0 0 0 0 0 0 0 0 0 0 1 0 0 0 0 0 0 0 0 0 0 0 0 0 0 1 0 0 0 0
  1 1 0 0 1 0 0 0 0 0 0 0 0 1 0 0 1]
 [0 0 0 0 0 0 0 1 0 0 0 0 0 0 0 0 0 0 0 1 0 0 0 0 0 0 0 0 0 0 0 0 0 0 1 0
  0 0 0 0 0 0 0 0 0 0 0 0 0 0 0 0 0 0 0 0 0 0 0 0 0 0 0 0 0 0 0 0 0 0 0 0
  0 0 0 0 0 0 0 0 0 0 0 0 0 0 0 0 0 0 0 0 1 0 0 0 1 0 0 0 0 0 0 0 0 0 0 0
  0 0 0 0 0 0 0 0 0 0 0 0 0 0 0 0 0 0 0 0 1 0 0 0 0 0 0 0 0 0 0 0 0 0 1 0
  0 0 0 0 0 1 0 0 0 0 0 0 0 0 0 0 0]
 [0 0 0 0 0 0 0 0 0 0 0 0 0 0 0 0 0 0 0 0 0 0 0 0 0 0 0 0 0 0 0 0 0 0 0 0
  0 0 0 0 0 0 0 0 0 0 0 0 0 0 0 0 0 1 0 0 0 0 0 1 0 0 0 0 0 0 0 0 0 0 1 0
  0 0 0 0 1 0 1 0 0 0 0 0 0 1 0 0 0 0 1 0 0 0 0 0 0 0 0 0 0 0 0 0 0 0 0 0
  0 0 0 0 1 0 0 0 0 0 0 0 0 0 0 0 0 0 0 0 0 1 0 0 1 0 0 1 0 1 0 0 1 1 0 0
  0 0 0 0 0 0 0 0 0 0 0 0 1 0 0 0 0]
 [0 0 0 0 0 0 0 0 0 0 0 0 0 0 0 0 0 0 0 0 1 0 0 0 1 1 0 0 0 1 0 0 0 0 0 0
  0 1 0 1 0 0 0 0 0 0 1 0 0 0 0 0 0 0 0 0 0 0 0 0 0 0 0 0 0 0 0 0 0 0 0 0
  0 0 0 0 0 0 0 0 0 0 0 0 0 0 0 0 0 0 0 0 0 0 0 0 0 1 0 0 0 1 0 0 0 0 0 0
  0 0 0 0 0 0 0 1 0 0 0 0 0 1 0 0 0 0 1 0 0 0 0 0 0 0 0 0 0 0 1 0 0 0 0 0
  0 0 0 1 0 0 0 0 1 0 0 0 0 0 0 0 0]
 [0 0 0 0 0 0 0 0 1 0 0 0 1 0 0 0 0 0 0 0 0 0 0 0 0 0 0 1 0 0 0 0 1 0 0 0
  0 0 0 0 1 0 0 1 0 0 0 0 0 0 0 0 0 0 0 0 0 0 0 0 0 0 0 0 0 0 0 0 0 0 0 0
  1 0 0 0 0 0 0 1 0 0 0 0 0 0 0 0 0 0 0 0 0 0 0 0 0 0 0 0 0 0 1 0 0 0 0 0
  0 0 0 0 0 0 0 0 0 0 0 0 0 0 0 0 0 0 0 0 0 0 0 0 0 0 0 0 1 0 0 0 0 0 0 0
  0 0 0 0 0 0 0 0 0 0 0 0 0 0 0 0 0]]
