params：
 weight-->(1, 10)
 proc_times-->(1, 100)
 setup_times-->(30, 60)
 delivery_times-->(1, 100)
 job_rate-->8

start:
alpha_1
8
 alpha_2
1.0
 mach
20
 job
160
 fam
12
 weigh
 [[0 7 8 4 3 7 6 6 8 3 2 2 4 6 8 4 5 6 4 7 7 6 3 5 4 9 7 8 5 7 2 8 8 5 6 3
  2 6 8 1 5 6 9 2 8 9 2 7 4 4 7 9 4 2 6 2 5 4 7 6 7 7 9 4 4 8 1 4 1 8 6 9
  3 1 2 5 9 4 5 9 5 3 4 4 4 9 6 6 7 5 7 9 5 8 8 1 7 4 3 9 6 7 5 5 6 1 6 3
  8 5 3 2 1 1 1 3 2 9 6 7 2 4 2 5 5 5 5 3 9 2 2 1 4 6 2 5 3 5 2 7 9 3 2 5
  7 3 6 4 9 5 6 6 3 7 8 9 4 4 5 5 4]]
 proc_times
 [[  0  65  47   5  27  20  46  87  87  53  46  70  43  52  98  61  80  49
   99  48  44  14  83  33  35   4  42  72  67  34  70  98  60  41  70  37
   27  33  71  48  40  34  73  27  89  86  55  54  30  47  57  15   4  13
   87  17  75  51  69  40   5  15  86  55  10  71  16  51  37  87  96  74
   28  33  13  65  87  52   7  86  43  18  22  51  66  30  26  69  92  65
   68  93  95  46  49  87  36   6  72  17   1  69  98  79  35  12  61  72
   75  40  21  43  62  87  89  28  24  71  48  80  60  93  65   2   8   7
   39  46  38  58  62  18  66  71  96  68  82  55  10  27  59   1  71  33
   87  20  24   7  21   9  30  39  11  76  49  68  86  20  70   5  60]
 [  0   7  39  64  98  26  84  65  92  72  46  70   8  34   2  31  92  57
    8  78  92  65  22  47  32   2  80  10  32  77  79   1  24  98  66  73
  100  43   5  84  17  45  34  69  31  81   9  56  11  33  34  69  33  51
   25  65  55  14  16  30  60  91  27  96  11  59  84  34   4   1  26  90
   40  82   2  55  31  29  94  19  93  86  44  49  13  62  82  10  20  43
   50  15  21  10  48  85  64  80  48  96  63  43  24  50  13  51  21  42
   44  16  17  67  85  20  13  26  24  38  46  20  26  87  62  26  15  45
   92  69  50   5   1  21  33  14  18  90  52  51  87  82  59  63  23  97
    5  60  55  45  99   1  11  44  71  51  43  53  23  39  36  94  58]
 [  0  23  85  21   9  67  92  44  10  14  58  15  32  31  65  29  51  62
    5  53  65  58  51  99  99  88  92  64  82  56  96  88  61  33  55  56
   31   5  37  41  77  37  69  13  48  20  28  24  99  22  78  80  58  49
    5  65  63  52  50  25  26  17  43  21  13  81  22  15  70  26   9  15
   63  16  28  94  34  22  26  36 100  71  84  86  90   4  89  35   6  55
   95  75  61   4  42  68  98  99  17  32  55  85  65  56  78  29  38   2
   71  92  99  52  69  98  45  65  22  79  67  57  94  49  24  58  94  76
    2  98  10  13  49  50  64  18  79  71  25  81  19  47  51  34  33  55
   86  13   6   4   1  23  44  80  31  98  59  51  41  10  71  58  34]
 [  0  37  98  27  32  36  62   2  25  40  23  31  99  40  51  40  46   2
   44  14  14  27  85   6  50  46  53   4  49  11  24  87  35  19  26  52
   21  63  65  21  84  11  88  45  57  16 100  38  82  40  67  71  41  63
   28  13  27  46  38  27  43  13  10  52  39  73  91   4  39  21  86  75
   14  15  78  25  36   8  56  92  96  65  75  51  74  54  55  82  84  32
   62  15  26  66  70  31  63  46  82  51  65  15   4  78  81  61  54   6
   75  61  30  93  89  52  90  47  84  28  72  71  54  39  29  24  84  75
   85  63  76  80  67   6  29 100  14  75  42  85  49  36  71  66  44  88
   51  22  56  30 100  81  62  65  16  13  11  25  97  15   3  16  16]
 [  0  92  96  51  88  43  10  77  47  77  22  62  22  33  60  51   9  14
   47  31  40  42  86  48  28  96   3  76  57  27  99  44  81  83  81  21
   66  89  41   1  30  17  72  45  65  16  38  70  20  62  16  36   9  30
   60  44   8  61  79  34  54  32  40  39  77  72  77  58  83   8  79  17
   71  48  12  68  66  62  81  78  45  52  29   3  26  57  69  19  68 100
   40  15  67  77  93  36  45  14  83  20   2  41  79  70   7  45   7  30
   25  20  93  42  12  69  72  47  67  72  32  78  48   8  23  71  12  11
   51  28  19  39  48  18  13   9  47  63  73  37  47  18  79  88  72  44
    2  32   1  88 100  69  45  85  61  50  45  58  94  61  31  46   4]
 [  0  37   2  75  85   4  33  73  86  65  85  66  90  25  44  32  55   9
   48  86   8  66  82  99  30  24  50  90  17  79  45  93  39  28  46  19
   77  48  96  44  42  77   8  95  43  36  47  21  45  66  78  65  30  35
   10  48   4  54  62  88  54  17  53  74   1  43  40  22   2  55  30  78
   46  18  71  46  10  68  24  42  47  64   2  19  77  74  25  25  62  61
   78  93  13  39  84  65  33  34   3  90  99   7  59  29  45   7  70  74
   71  67  56  95  50  97  39  69  79  39  89  49  94  81  10  93  53  89
   86  91  37  47  22   5  19  87  92  28  93  52  73  37  36  80  66  82
   79  75  29  67  76  13  91   7  26  81   7  75   1  67   9  86   7]
 [  0  57  51  19  69  47   1  91  38  26  47  93  49  50  19  92  43  61
   95  95  79  56  13  32  70 100  42  45  32  85  97  19  56  43  66  89
   41  26  94  33  70  22  60  43  91 100  52  20  57  24  44  34  10 100
   17  44  98  78  65  59  21  30  15  90  67  41  23  97  80  20  32  64
   11  61  58  54  60  77   7  12   2  13  83  11  73  89  79  46  93  39
    8  93  53  74  61   6  15  80   8  22  94  51  64  55  35   6  25  22
   80  59  74  54  26   6  65  11  51  23   9  65  33  17  90  81  90  39
   85  48  65  70  48  43   9  20  84  70  42  37  28  53  17  96  14  28
   36  62  53  54  18  76  22  71  91  60  48  70  74  45  12   7  33]
 [  0   1  93  36  81  48  47  30  87 100  82  70  75  99  24  43  52  34
   90   5  76  20  25   3  42  69  26  76  76  97  85   7  43   1   6  72
    1  97  64  95  22  14  59  44  49  10  88  12  54 100  70  96  83  98
   36  38  36  54   5  74  98  32   4  88  10  44  16  94  53  47   8  37
   88  25  77  41  32  59  86  79  46  77  99  50  84   4  53  91  55  44
   58  99  28  19  53  51  61  64  11  68  29  33  68  29  11  49  83  46
   42  32  50  12  52  50  56   1  14  66   7  28  93  19  29  12  94  69
   33  97  68   2  10  75  53  75  63   1  35  45  10  12  89 100  85  38
    2  80  75  97  44  20  63  89  72  87   7  61  61  75  91  98  19]
 [  0  36  54  13  87  62   2  55  84  96  54   8  40  95  88  86  71  23
   70  85  99  60  12  44   4  66  66  46  90  45  67  98   4  97  63  35
   23  43  33  30  89  26  90   8  43  31  14  12   6  87  52  71  91  28
   97   3  54  57  20  26  77  75   8  62  94  57  18  47  75   5  18   9
   69  71  30  59  61   5  83  27  85  51  28  99  83  51  45  40  75  78
   40  79   7  44  67   4  83   7  57  55  82  20  78  87   4  58  51  34
    8  11  10  26  85  34  89  81  38  18  66  20  50  16  62  39  76  72
   77  95  39 100   7  57  27  30  77  64  44  59   1  31  49  16  92  20
   44  20   9  15  42  27  15  33  52  17  61  92  32  83  68  60  67]
 [  0  93  51  26  39  77  83  97  13  38  90  81  90  30  48  24   2  67
   70  39  71  76   2  83  66  61  31  63   6  84  35  22  33  86  94  72
   50  74  27  98   1  46  47  86  15   1  19  44  84  97  63  90  40  24
   51  87   5  62  89  45  58  37   8  30  30  10  39  91  31  30  79  14
    4  98   4  57  83  93  32  26  93  89  12  28  50  13  51  51  87  59
   45  19  13  40  36   2  55  63  68  44  24  97  47  18   1  83  85  86
   43  89  74  29  24  35  26  82  78  11  75  75   7  44  41 100   8  36
   65  45  63  57  45  32  30  19  72  43  80  22  47   8  46  17  67  97
   76  89  65  14  95  31  20  44  88  40  62  44  78  76  89   4  24]
 [  0   7   7  98  38  97  69  79  95 100  68   4  97  26  81  88  47  97
   66  72  24  33  12  15  91  52  32  35  58   2  47  24  59  19  65  99
   76  17  62  12 100  69  72  23  14  16  53  34   7  40   8  85  42  34
   77  95  80  19  23  38  88  55  11  95  59  13  89  61  29  45  66  63
   23  42  11 100  85   5  21  93  73  16  49  30  38  28  83  75  21  40
   80  35  92  15  78  23  84  80   2  76   6   3  36  11   7  69   4  30
   28  47   8  76  40  78  38  53  25  25  48  25 100  84  69  51   9   3
   44  48   1  28  28  92  52  76  44  19  10  44  82  30  65  40   1  87
    4  54  59  82  99  40  92  48  98   5  77  43  71  17  67  46  12]
 [  0  37  30  86  28  70  64  50  17  82  41   9  14  35  97  76  65   2
   95  18   8  58  20  32  65  82  82  24  47   3  33  81  67  68   4  91
    7  35  52  93  91  37  97  74  54  78  51  96  49  61  40  98  80  18
   69  37  78  78  91   1  89  61  40  24  63  47  75  46  76  33  33  32
   11  90  72  93  64  64  81  40  61  39  72  41  49  21  66  32  50  16
   69  62  63  65   5  76  61  57  48  44  13  65  30  14  91  54  77  27
   45  43   7  22  68  87   9  82   8  70  13  89  28  19   5  50  25  29
   90  39  50  50  71  30  90  40   6  91  74  63  57  40  36  95  51  10
   73   7  34  57  83  76  13  43  60  16  27  45  44  72  94  86  29]
 [  0  76  36  29   4  74  35  17  22  41  82  11  85  53  22  25   5  58
  100   6  32   1   9  94  72  25  59  99  52  74  66  41  24  42  38  77
   18  45  21  85  20  17  19  99  18  33  97  94  81 100  16 100  65  48
   53  17  86  52  69  64  99  78  41  24  84  36  79  12   3  54  65  51
   30  46  79  84   5  38  79  75  26  91  87  54  14  48  29  63  36  78
   52  23  68  93  34  33  20   4  50  77   8   8  96  51  37  14  16  24
   70  67  92  85  99   7  40   5  93  41  33  58  72  93  99  64  47  12
   92  71  69  81  92 100  97  36  81  46   8  50  58  50   1   8  97  72
   88  31  19  30  68  89  92  79  69  60  75  12  82  75  63  18  43]
 [  0   3  57  91  62  71  69  30  32  24  81  47  66   8  73   4  38  98
    1  86  13  38  66   5  38  38  76  37  65  54  27  56   8  42  22  75
   15  39  54  48  87  48  55  53  26  60  37  24  86  75  35  10  38  75
   45  67  66  86  25  46  33   1  38  27  13  86  43  94  90  85  81  57
   85  12  65  21  83  38  41  87  95   7  44  83  87  56  99  36  48  35
   15  24  55   9  59  18  72  72  58  92   6  75  88  34  56  95  44  49
   36   5  19  71  70  55  31  61  46  39  68  42  81   2  74  45  10  79
   25  74  95  71  29  27  98  63   2  61  62  52  53  91  61  25  81  13
   88  52  97  79  95  69  45   5  61  98  38  38  31  43  20  24  56]
 [  0  95  38  63  27  38  99  57  99  73  38  61  10  80  66  72   4  36
   27  73  93  31  89  56  59  82  26  90  84  32  22  26  35  79  56  54
   16  22  75  77  98  51  61  36  81  46  40  84  22  93  96  52  19  56
   82  80   6  11  35   7  91  54  97  97  24  58  82  97  45  54  24   5
   81  36  35  61  92  96  15  17  99  15  48  26   3  63  71  51  59   9
   32  36  99  91  28  20   3  41  87  42  59  38   5  10  35  93  81   8
   70  12  97  11  65  84  74  24  81   4  94  30  81  66  31  10  51  90
    6  24  78  37  72  25  34  74  79  17  96  29  43  61  51  29  54  34
   99  74  21  31  84  40  44   4  69  58  56  82  47  53  17  95   9]
 [  0  61  21  71   7  57  61  72  85  79  18  70  80  25  64  63  23  11
   26  51  23  70  26  50  60  34  84  84  47  85  93  67  62  54  88 100
   70   3  95  46   1  87  37  79  43  96  33  59  56  44  46  37  93  66
   70  32  57  10  14  48  26  63  83  65  28  69  40  72   8  14  22  68
   57  13  11  39  13  78  84  59   2  11  20  36 100  46  66   9  22  64
   72  16  44  21  28  86  91   3  54  97  30  78  56  63  32  39  29  31
   89  70  87  38  66  49  65  81  23  70   9   3  21  55  92   7  43   8
   87  77  41  62  33   2  89  51  62  78  17  38  20  97  73  45  47  28
   40  21  89  95   1  49  88  18  81  70  32  34  75   1  79  21  13]
 [  0  90  39  46  79  60  37  83  18  50  24  54  63  17  31   5  74  26
   74  38  90  56  16  65  37  84   2  30  65  11  65  36  97  52  93   6
   18  70  75   9  20  58  57  60  58  78  71  34  59  99  29  34  68  53
   42  51  15  84  14  86  77  25  56  99   5  76  70   3  46  78  80  23
   55  96  29  26  26  36  57  75  58  83  70  12  58  67  13  22  33  58
   62  11  82  85  92  87  23  45  45  10  42  27  11  37  93  18  85  89
   91  11  97  33  56  81  90  58  77  59  85  74  77  28  95  57  21  76
   95   4  50  53  68   1  70   1  77  72  69  13  45  68  56  21  91  54
   66 100  44  25  95   2  13  34  97  72  40  52  29  72  69  70  73]
 [  0  95  82  69  62  39  81  74  39  81  74  75  22  63  50  61  52   5
   73  55  80  78  22  44  18   5  75  53  96  53  36  41  95  83  32  56
   11  39  32  32  23  81   7  64  37  94  76  53  98  61  46  94  80  63
   30   1  83  90  30  53  11  52  25  85  61  80  68  47  40  98  73   5
   89   5  58  53   8  18  40 100  69  47  98  75  68  99  75  74  39  85
   69  12  27  99  43  75  52  99  45  19  64  47  12  80  39  35  10  67
    3  32  17  64  54  93   7  99  96  93  15  34  76  23  53  24  20  32
   59  12  22  45  84   2   9  41  56  82  39   7  66  67  47  66  70  84
   48  10  28  61  10  77  74  84  89  82  53  48  72  65  21  44  49]
 [  0  62  45  55  52  46  93  15  76  59  73  96  61   8  89   5   4  48
   98  10  46  16  47  67  77   3  38  59  18  91  27  47  97  78  99 100
   79  19  18  52  36  19  45  60  52  25  48  90  72  28  35   7  69  43
    5  61  39  59  24  68  13  73  72  42  33  38  59  22  87  51  75  23
   37  21  20  10  81  39  26  49   9  18  68  49  81  54  77  37  49  10
    1  44  59  79  42  64  45  31   5  48  70  95  45  36  10   5   5  85
   56  18  20  88  58  31  33  52  35  53  72  45  22  17  67  85  19  58
   65  72  66  37  32  16  46  65  40  79  71  67  35  19  47  22  21   6
   64  41  29  39  41  67  38  43  32  20   1  64  86  61  95  45  10]
 [  0  26  23  71  48  27  17  38  19  39  35  44  92  35  19  30  96   4
   34  65  45  18  27  92  64  13  38  28  66  28  17  74  28  24  38  67
   34  37  35  62  18  49  90  13  90  51  72  41  84  12  49  70  34  71
   83  96  72  62  25  22  25  94  33  47  35  71  24  32  80  82  36  63
   98  60  75  83  45  26  53  54  50  52  28  90  68  32  52  69  91   1
   56  32  90  19  28   2  77  67  52  56  58  50  24  74  11  15  12  27
   25  63  60   6  22  59  10  74  94  57  71  71  62  57  67   1  99  51
   91  94  44  79  52  52  63  92  25  58  28  31  89  47  61  93  31  96
   53  76  65  76  34  55  51   2  15   1  67  11  86 100  15  49  82]]
 setup_times
 [[[ 0 37 47 57 56 49 32 40 43 49 31 33 50]
  [ 0  0 51 31 39 48 43 58 49 58 43 38 45]
  [ 0 55  0 59 31 41 41 54 54 30 47 45 40]
  [ 0 42 45  0 34 53 46 50 54 41 46 56 37]
  [ 0 39 40 44  0 39 41 37 51 36 45 52 57]
  [ 0 37 36 48 59  0 30 54 54 32 32 42 46]
  [ 0 37 53 59 50 58  0 48 58 51 37 44 39]
  [ 0 34 43 59 56 35 59  0 37 46 35 54 33]
  [ 0 57 34 47 33 33 57 53  0 51 54 49 55]
  [ 0 31 58 41 51 58 45 58 38  0 49 51 34]
  [ 0 59 47 47 56 33 37 58 50 30  0 38 44]
  [ 0 38 58 36 50 32 36 40 54 48 35  0 47]
  [ 0 40 42 49 51 49 41 52 51 53 55 37  0]]

 [[ 0 50 58 37 53 58 33 55 45 53 37 31 40]
  [ 0  0 50 49 41 38 54 55 31 52 37 47 57]
  [ 0 42  0 45 58 34 35 37 44 43 36 49 36]
  [ 0 50 33  0 51 31 32 56 30 35 45 52 54]
  [ 0 31 51 50  0 41 40 51 38 54 53 42 59]
  [ 0 38 34 45 40  0 40 38 33 44 31 35 48]
  [ 0 38 34 42 44 55  0 30 50 36 51 44 41]
  [ 0 48 45 48 41 55 33  0 39 50 42 58 52]
  [ 0 34 39 39 56 54 38 33  0 38 41 40 45]
  [ 0 34 35 39 55 55 36 52 49  0 32 47 57]
  [ 0 32 33 32 42 43 34 46 46 53  0 44 59]
  [ 0 49 59 32 33 42 57 51 54 32 43  0 54]
  [ 0 30 35 38 42 50 35 56 43 42 45 48  0]]

 [[ 0 37 43 35 57 54 55 50 38 41 37 45 47]
  [ 0  0 43 32 35 43 55 53 58 55 32 50 52]
  [ 0 49  0 40 52 51 46 44 49 44 40 30 40]
  [ 0 36 50  0 51 44 32 31 42 50 32 34 43]
  [ 0 59 41 51  0 49 33 47 58 47 34 37 56]
  [ 0 45 30 35 55  0 45 49 42 55 54 31 50]
  [ 0 47 49 43 40 51  0 50 43 49 51 47 34]
  [ 0 31 52 35 48 44 30  0 58 31 31 38 36]
  [ 0 45 51 39 39 36 38 50  0 48 37 43 45]
  [ 0 33 34 37 45 40 31 44 35  0 37 48 52]
  [ 0 53 54 31 42 35 51 41 35 32  0 39 32]
  [ 0 43 34 56 55 36 51 55 35 49 42  0 47]
  [ 0 48 33 30 39 41 46 35 31 42 30 56  0]]

 [[ 0 53 54 47 38 31 33 55 45 40 58 36 36]
  [ 0  0 37 39 56 38 34 39 44 36 30 48 33]
  [ 0 41  0 55 47 44 49 53 53 55 35 40 48]
  [ 0 35 41  0 33 40 55 51 46 39 36 44 32]
  [ 0 37 42 50  0 45 35 50 56 50 58 50 35]
  [ 0 55 53 40 38  0 36 46 53 59 37 44 36]
  [ 0 39 48 50 46 46  0 56 30 33 35 45 40]
  [ 0 46 34 32 44 51 59  0 49 55 52 45 51]
  [ 0 58 58 43 43 33 35 51  0 52 58 49 53]
  [ 0 38 59 38 40 39 33 48 41  0 55 52 46]
  [ 0 54 31 36 37 56 34 39 50 43  0 46 32]
  [ 0 40 43 48 37 53 36 57 49 53 45  0 43]
  [ 0 39 53 46 55 40 31 36 35 38 36 43  0]]

 [[ 0 53 44 35 54 45 51 34 53 37 35 52 59]
  [ 0  0 51 30 32 54 39 47 43 36 34 45 52]
  [ 0 42  0 36 57 58 49 38 34 45 58 40 50]
  [ 0 35 54  0 31 37 32 32 57 58 36 44 57]
  [ 0 34 57 42  0 41 39 39 51 43 44 33 50]
  [ 0 31 31 54 31  0 34 34 50 40 58 56 40]
  [ 0 33 50 46 34 40  0 43 32 43 47 58 52]
  [ 0 54 42 53 42 50 30  0 40 54 52 41 47]
  [ 0 46 39 44 41 44 32 50  0 42 38 56 52]
  [ 0 42 31 40 33 48 45 57 49  0 46 36 59]
  [ 0 40 38 39 49 43 37 41 59 48  0 51 39]
  [ 0 55 41 42 57 43 33 37 56 37 59  0 43]
  [ 0 59 33 50 39 49 50 52 32 56 53 50  0]]

 [[ 0 39 30 51 37 40 43 36 51 31 48 39 48]
  [ 0  0 38 38 43 55 36 37 56 54 31 35 36]
  [ 0 53  0 35 30 35 57 49 35 59 47 51 54]
  [ 0 37 46  0 56 58 33 56 53 45 49 33 36]
  [ 0 45 57 34  0 41 40 43 43 30 31 57 38]
  [ 0 51 41 31 36  0 56 38 37 49 31 32 41]
  [ 0 32 57 34 48 52  0 31 33 32 33 37 41]
  [ 0 42 30 34 36 39 59  0 48 48 50 43 48]
  [ 0 51 54 45 41 34 42 51  0 54 42 44 48]
  [ 0 51 48 44 49 34 35 48 51  0 41 49 55]
  [ 0 57 44 48 40 41 40 30 52 30  0 30 33]
  [ 0 51 47 56 44 51 45 45 54 40 40  0 33]
  [ 0 41 56 31 49 56 50 32 53 58 58 53  0]]

 [[ 0 33 37 53 46 32 56 48 48 54 58 47 55]
  [ 0  0 54 50 47 30 46 52 56 50 38 31 44]
  [ 0 41  0 51 49 45 35 33 38 51 36 47 30]
  [ 0 47 53  0 41 37 47 42 57 38 37 35 47]
  [ 0 50 33 52  0 36 58 42 47 41 41 52 31]
  [ 0 51 34 45 46  0 43 33 34 35 47 58 55]
  [ 0 56 33 57 54 36  0 41 44 51 50 47 57]
  [ 0 30 34 33 59 50 45  0 55 43 45 39 42]
  [ 0 41 37 51 40 58 42 47  0 38 42 42 31]
  [ 0 35 41 39 49 47 58 36 52  0 45 45 52]
  [ 0 49 47 57 34 46 34 35 38 30  0 49 59]
  [ 0 58 57 58 30 39 32 43 32 53 57  0 48]
  [ 0 36 56 49 58 34 59 53 48 43 42 42  0]]

 [[ 0 53 43 39 45 37 31 49 30 59 36 58 45]
  [ 0  0 39 54 41 50 43 51 48 53 53 51 47]
  [ 0 51  0 56 46 36 30 33 55 50 51 34 31]
  [ 0 45 41  0 57 47 53 37 31 54 48 43 46]
  [ 0 52 56 57  0 39 48 41 43 46 32 57 51]
  [ 0 47 32 49 41  0 51 50 35 59 51 46 48]
  [ 0 58 57 49 57 38  0 36 42 30 35 50 59]
  [ 0 48 32 52 45 51 33  0 44 42 58 49 48]
  [ 0 35 59 55 57 49 46 30  0 56 50 34 42]
  [ 0 41 37 42 48 36 52 38 34  0 33 44 49]
  [ 0 55 34 48 30 47 52 44 39 39  0 52 47]
  [ 0 57 53 36 51 30 41 49 47 50 52  0 54]
  [ 0 52 36 46 55 57 32 55 53 40 35 47  0]]

 [[ 0 38 44 41 42 38 38 57 56 47 45 37 41]
  [ 0  0 34 36 47 30 54 45 39 52 45 33 33]
  [ 0 32  0 58 50 32 46 55 48 33 34 38 34]
  [ 0 38 58  0 41 40 37 58 49 49 54 56 35]
  [ 0 59 39 40  0 44 58 38 33 57 30 42 33]
  [ 0 36 47 37 43  0 56 33 53 49 46 59 34]
  [ 0 32 51 41 52 45  0 40 36 56 39 45 46]
  [ 0 49 53 54 31 57 48  0 46 57 36 59 47]
  [ 0 43 40 44 54 48 35 55  0 56 36 53 30]
  [ 0 48 46 35 57 43 56 34 53  0 39 43 50]
  [ 0 46 59 58 30 38 48 54 57 42  0 58 49]
  [ 0 44 37 55 52 57 38 52 48 50 44  0 32]
  [ 0 36 56 51 35 44 34 39 37 32 52 34  0]]

 [[ 0 37 57 49 33 46 45 38 35 33 32 48 47]
  [ 0  0 34 53 38 58 53 38 45 40 47 38 53]
  [ 0 56  0 41 46 59 36 56 44 53 57 37 57]
  [ 0 36 56  0 42 38 59 35 35 33 37 46 47]
  [ 0 42 39 33  0 39 50 37 34 52 53 35 55]
  [ 0 55 59 46 31  0 33 40 37 41 50 56 56]
  [ 0 31 34 43 53 37  0 48 39 45 40 34 55]
  [ 0 31 59 39 32 30 39  0 51 32 37 41 45]
  [ 0 39 57 47 53 41 42 43  0 48 42 53 36]
  [ 0 43 43 42 46 45 35 36 33  0 51 33 43]
  [ 0 58 31 38 41 40 38 36 49 48  0 37 30]
  [ 0 46 52 48 52 41 41 58 57 55 33  0 47]
  [ 0 52 40 37 30 31 31 53 30 38 59 45  0]]

 [[ 0 42 40 49 40 58 36 38 46 44 31 53 33]
  [ 0  0 33 48 30 34 32 48 34 37 32 32 47]
  [ 0 57  0 39 38 39 35 48 50 37 53 34 51]
  [ 0 33 59  0 53 33 59 38 56 54 30 40 37]
  [ 0 35 43 50  0 33 50 40 42 36 30 59 37]
  [ 0 40 40 33 42  0 48 33 37 57 40 57 44]
  [ 0 36 38 39 36 50  0 46 37 53 44 48 37]
  [ 0 56 42 55 50 43 50  0 49 51 50 50 35]
  [ 0 51 46 32 45 50 59 37  0 59 58 48 34]
  [ 0 36 42 46 31 36 30 30 36  0 55 59 51]
  [ 0 48 58 50 46 46 33 44 49 51  0 41 51]
  [ 0 44 58 35 45 31 32 53 49 55 39  0 59]
  [ 0 57 50 46 46 37 46 35 47 38 54 54  0]]

 [[ 0 36 53 35 33 38 30 50 38 59 53 35 31]
  [ 0  0 44 41 39 31 32 52 51 43 40 49 40]
  [ 0 47  0 30 31 30 57 31 32 31 48 37 45]
  [ 0 43 42  0 44 59 36 36 46 52 47 45 47]
  [ 0 51 45 51  0 51 36 58 34 30 35 58 45]
  [ 0 49 34 37 59  0 56 56 53 59 46 42 37]
  [ 0 51 37 50 44 54  0 40 56 57 37 48 56]
  [ 0 36 43 49 40 58 53  0 37 32 54 35 47]
  [ 0 32 37 46 41 59 36 40  0 30 37 48 54]
  [ 0 57 40 35 38 45 52 57 40  0 57 37 31]
  [ 0 46 35 53 34 52 47 45 36 49  0 49 58]
  [ 0 59 50 44 44 48 59 42 49 40 36  0 56]
  [ 0 32 41 58 58 42 37 51 42 55 42 46  0]]

 [[ 0 45 52 54 57 50 43 57 50 48 59 47 43]
  [ 0  0 33 54 53 42 34 35 49 38 49 41 48]
  [ 0 43  0 59 59 39 50 51 59 44 54 39 38]
  [ 0 56 42  0 40 37 38 39 41 59 43 49 30]
  [ 0 31 52 31  0 32 46 51 44 56 59 47 38]
  [ 0 48 44 31 50  0 56 52 59 32 49 50 45]
  [ 0 40 55 50 33 55  0 56 30 46 37 32 51]
  [ 0 33 38 49 59 57 30  0 49 37 36 45 59]
  [ 0 49 34 44 40 41 55 58  0 45 43 33 38]
  [ 0 54 54 37 59 42 38 40 35  0 30 57 53]
  [ 0 48 37 50 47 58 35 31 32 55  0 31 41]
  [ 0 45 55 53 50 31 51 36 44 42 35  0 39]
  [ 0 42 47 42 49 46 54 50 46 49 47 30  0]]

 [[ 0 38 40 51 35 43 55 34 50 59 33 31 53]
  [ 0  0 53 46 45 46 37 31 45 39 45 47 37]
  [ 0 50  0 50 56 47 51 47 35 47 51 35 55]
  [ 0 41 35  0 30 51 44 53 39 56 46 31 47]
  [ 0 57 55 31  0 48 47 54 54 54 50 46 55]
  [ 0 54 44 30 53  0 31 36 57 36 37 31 36]
  [ 0 31 35 52 36 54  0 31 33 37 32 36 59]
  [ 0 51 34 36 35 49 39  0 33 39 34 54 34]
  [ 0 33 44 49 46 52 44 36  0 43 51 54 30]
  [ 0 56 39 44 38 53 32 37 56  0 39 48 50]
  [ 0 54 44 44 56 38 38 57 53 43  0 36 48]
  [ 0 45 52 33 48 40 41 52 36 55 58  0 43]
  [ 0 36 39 51 31 38 30 54 49 57 58 53  0]]

 [[ 0 54 38 45 39 36 52 36 41 30 55 56 53]
  [ 0  0 32 34 56 37 38 57 54 49 39 49 51]
  [ 0 45  0 40 54 42 48 48 48 41 55 52 34]
  [ 0 30 51  0 45 53 56 39 39 57 33 36 57]
  [ 0 42 45 42  0 49 54 34 33 57 47 52 35]
  [ 0 56 47 55 54  0 51 54 40 40 50 53 52]
  [ 0 31 31 57 52 51  0 58 59 33 46 30 47]
  [ 0 50 34 46 35 49 32  0 52 36 33 33 48]
  [ 0 57 58 53 45 50 41 51  0 32 38 58 54]
  [ 0 32 50 41 46 44 39 46 35  0 33 33 39]
  [ 0 55 31 48 55 52 52 44 54 44  0 53 42]
  [ 0 59 30 55 32 41 43 37 45 45 59  0 31]
  [ 0 37 50 36 32 58 36 58 42 43 46 52  0]]

 [[ 0 45 51 38 36 48 31 32 32 58 42 31 39]
  [ 0  0 41 48 50 59 31 53 44 54 52 56 52]
  [ 0 57  0 59 31 54 53 48 57 59 55 50 32]
  [ 0 58 41  0 40 59 34 39 35 42 34 35 52]
  [ 0 49 56 31  0 54 38 41 38 32 53 49 53]
  [ 0 31 56 59 46  0 44 52 52 47 58 51 39]
  [ 0 40 52 58 47 36  0 41 35 38 45 48 41]
  [ 0 39 41 45 39 47 44  0 50 50 34 58 48]
  [ 0 38 40 34 49 47 34 40  0 35 35 55 44]
  [ 0 42 42 37 32 53 49 35 30  0 56 57 59]
  [ 0 57 33 36 41 50 31 50 46 52  0 36 32]
  [ 0 43 46 57 53 41 44 58 42 47 58  0 37]
  [ 0 32 49 31 43 46 36 46 33 51 59 42  0]]

 [[ 0 30 54 48 50 32 45 52 49 51 51 51 55]
  [ 0  0 31 55 52 37 34 46 39 34 39 36 57]
  [ 0 52  0 41 52 38 48 47 30 44 48 59 30]
  [ 0 31 50  0 56 41 35 58 49 37 41 46 30]
  [ 0 55 39 52  0 38 44 39 43 53 58 40 34]
  [ 0 56 43 49 57  0 44 54 48 45 41 35 54]
  [ 0 32 58 38 58 59  0 30 57 37 46 36 54]
  [ 0 59 53 56 53 59 54  0 32 41 53 50 46]
  [ 0 44 56 45 32 59 32 41  0 40 50 56 35]
  [ 0 47 59 44 33 50 57 37 42  0 40 59 47]
  [ 0 43 43 45 50 41 59 32 34 45  0 39 30]
  [ 0 42 52 42 59 44 46 30 45 35 44  0 36]
  [ 0 30 51 44 53 39 57 42 30 38 37 43  0]]

 [[ 0 54 32 45 55 51 45 38 40 37 43 38 45]
  [ 0  0 56 40 37 58 57 35 41 32 36 56 35]
  [ 0 55  0 46 37 32 56 49 33 34 52 58 51]
  [ 0 30 58  0 33 41 46 44 50 56 38 54 51]
  [ 0 39 55 37  0 35 51 58 57 55 31 37 36]
  [ 0 38 40 32 58  0 54 55 39 50 49 39 42]
  [ 0 39 34 54 47 33  0 41 43 30 35 30 44]
  [ 0 49 58 42 42 36 52  0 39 52 30 38 50]
  [ 0 57 46 37 31 49 46 37  0 32 53 41 54]
  [ 0 56 38 36 57 51 51 44 54  0 30 55 50]
  [ 0 47 35 48 35 58 43 32 43 54  0 48 56]
  [ 0 35 52 45 34 36 42 53 49 55 49  0 53]
  [ 0 51 44 32 51 47 49 43 51 35 33 45  0]]

 [[ 0 34 31 51 57 58 50 53 49 37 58 56 53]
  [ 0  0 50 35 51 59 45 48 57 52 59 34 42]
  [ 0 39  0 34 58 50 45 34 51 58 56 31 43]
  [ 0 50 39  0 30 36 51 50 53 38 46 38 30]
  [ 0 47 41 42  0 40 34 43 42 42 59 40 43]
  [ 0 40 54 47 30  0 35 59 36 58 41 47 42]
  [ 0 30 54 34 59 51  0 58 46 49 44 47 31]
  [ 0 52 44 45 50 33 52  0 45 50 34 43 55]
  [ 0 54 35 51 40 35 46 42  0 36 33 38 33]
  [ 0 55 38 40 49 49 48 37 35  0 32 47 30]
  [ 0 38 32 51 45 33 57 35 32 48  0 39 55]
  [ 0 50 30 54 41 57 52 58 36 56 41  0 37]
  [ 0 47 36 47 36 54 32 36 51 31 32 38  0]]

 [[ 0 34 48 31 59 39 32 33 33 46 42 57 33]
  [ 0  0 42 49 56 40 49 49 53 37 32 59 52]
  [ 0 47  0 30 37 50 32 50 40 33 57 33 53]
  [ 0 40 44  0 47 34 52 37 59 50 58 56 35]
  [ 0 50 45 40  0 44 33 54 52 58 45 45 30]
  [ 0 37 45 36 31  0 48 58 33 37 32 41 30]
  [ 0 31 33 58 55 45  0 48 57 49 35 46 51]
  [ 0 54 47 57 58 30 33  0 54 47 49 48 30]
  [ 0 59 31 47 59 38 36 34  0 42 59 47 39]
  [ 0 50 49 37 36 53 42 47 43  0 52 33 57]
  [ 0 44 52 32 54 42 50 40 38 57  0 54 53]
  [ 0 42 43 39 38 51 36 50 48 59 35  0 42]
  [ 0 54 53 58 38 53 42 53 40 57 49 41  0]]]
 delivery_times
 [[ 0 20 94 35 72 69 89 42 73 82 85 64 52 76 11 91 25 15  8 96 70 24 30 40
  61 78 24 68 35 78 86 14  4 66 47  3 90  4 36 67 16 86 19  3 79 33 94 79
  49 32 67 64 13 65 50 77 53 36 56 71 74  7 96 76 83 41 13 18  2  7 15 41
  57 21 83 77 62  2 24 36 70 50 54  5 53 92 34 22 65  2 53 34 63 53  3 34
  40  5 88 81  3 75 99 47 71 10 45 90 22 86 47 18 19 36 60 81 55  4 39 82
  75 23  7 31 47 81 41 96 21 58 29 62  1 29 90 47 91 34  2 33 16 78 93 98
  69 71 52 49 37 18 24 41 64 46 58 83 78 55 45 29 75]
 [ 0 13 17 43 46 24 25 83 84 74 21 11 78 98 24 90 78 88 56 96 89 71 81 12
  45 90 51 37 75 46 34 43 77 89 30  9  1 34 70 13 76 47 42 43 91 60 70 49
  48 27  6 29 71 24 38 64 78 75 23 71 79  6 68 86 21 25 79 58 97 16 41 94
  94  6 29 66 73 67 38  4 17 84 46 25 55 75 80 89 31 17 81 17 94 93 40 16
  45 35  5 59 23 26 63 27 61 35 17 33 29 38 72 95 95 31 57 47 81 89 70 60
  47 78 60  7 55 35 81 81 90 70 16 89 61  1 17 68 67 21  3 88 35 35  5 18
  60 16 30 44 14 75 15 62 57 72  6 30  7 63 76 40 34]
 [ 0 29 55 87 82 59 47 56 76 20 62 96 30 58 60 80 56 91 18 12 27 64 72 90
  37 39 14 73 52 27 49 38 57  4 58 36 49 65 33 35 29 63 24 66 90  5 78 33
  44 69 95 75 34 60 68 15 35 66 76 37 42  2 50 27 33 84 40 80  2 49 79 27
  80 43 91  1 87 16 59 70 29 41  8 56 41 15 31 58 53 31 29 15 81 68 95 19
  75 68 18 51 98 83 81 76 18 26 13 25 89 49 34 96 71 57 35 74 75 69 42 86
  76 44 13 61 57 23 58 86 90 91 20 74 82 13 45 64 60  9 35 74 66  3 43 34
  65 29 46 42 92 64 39 63 84 90 90 98  5 67 82 57 53]
 [ 0 68 92 35 75  4 50 77 27  1 26 55 39 46 84 71 39 23 38 64  9 91  7 28
  65 34 46 20 94 13 91 42 51 74 51 16 66  5 75 66 51 14 71  1  7 31 17 92
  35 36 33 93 64 23 36 50 21 20 76 46 60  3 50 32 83 15 73 15 39 81 52 74
  34 25 68 43 19 79 11 19 65  7  7 26 69 42 75 89 85 23 28 71 54 27 66 21
  72 43 70 69 93 51 88  6 35 19 82 41 62 47 85 57 86 90 54  3 74 89 10 25
  41 37 35 18 35 32 32 62 36 49 60 89 96 80 47 45 14 77 40  8 30 53  2 12
  56 32 38 98 73  6 35 36 11 88 99 32  6 90 49 42 67]
 [ 0 26 52 65 62 13 24 35 94 86 46 32  9  4 63 54  7 62 33 89 92 67 59 77
  45 10 88 35 82 22 32 34 77 17 61 53 87 44 26 82 54 15 28 13 63 23 98 60
  13 51 95 43 69  7 83 26 29 50 86  7 37 93 31 68 20 17 59 54 77 10 55 88
  80 38 51 89 57 87 85 11 97 48 64 45 20 55 56 12 76 54 59 83 91 87 11 85
  77 78 95 35 83 17 62 91 62 40  6 89 12 92 26 71 70 14 35 58  3 56 80 70
  32 41 14 29 67  6 69  2 96 54 21 90 68 81 48 90 97 87 96  3 53 47 28 50
  59 31 76 43  6 99 42 58 84 55 12  3 64 54 14 34 41]
 [ 0 67 14 95 16  3  2 16  6 96 40 86 13 37 44 60 31 80 99 30 90 43 81 28
  41 19 23 47 39 19 98 42 86  8 67 96 52 85 86 30 23 20 40  4  3 41 68 12
  27 87 20 79 69 67 66 91  9 97 51 96 95 64 81 11  8 65 10 66 97  1 46 51
  63 13 82  7 82 55 41 46 60 63 13 51 92 23 15 39  2 72 41 69 28 27 33 88
  63 81 38 62 52  5 53 55 67 77 95 88 65  6 47 75 85 36 83 20 36 38 48 50
  96  3 89 25 78 70 27  4 69 11 96 39 78 20 63 25  1 58 34 78 28  5  7 75
  93 75 81 88 35 92 75 35 82 51 33 91 12 81 53 43 19]
 [ 0 14 83 66 20 25  2 44 28 66 58 68 35 80 38  6 75 68 61 79  5 30 80  7
   6 27  3 37  5 82 65 62 23 90 51 74 53 53 16 80 69 98 60 79 50 14 27 67
  35 64 39 96 86 23 80 66 33  7  4 17 78  3 69 11 19 34 68 63 90  2 65 19
  18 72 46 10 49 30 34 70 32 44  7 39  8 17 90 89 49 48 37 57 41 30 94 87
  54 54 90  2 19  5 68 78 64 69  9 83 68 11 45 17 63 16 16 57 20 52  8 92
  26 81 47 33 75 21 45  8 78  4 42 72 46 99 93 66 15 99  9 94 67 12 22 57
  60  4 26  5 26 94 26 96 71 56 50 95 95  8 74 52 29]
 [ 0 15 79 58 44 28 52 15 29 34 87 89 30  7 13 61 97 34 67 58 60 22 70 45
  57 28 26 65 78 32 55 64 46 18  3 64 38 47 48 23 20 76 96 53  4 64 81 89
  71 96 32  3 46 59 76 39 85 95 63 74 21 26 36 73 74 27 68 82 24 80 14 91
  65 64 57 59 45 82 38 20 62 97 78 63  6 10 50 78 46 86 98 94 46 68 70 31
  18 21 75 86 54 67 27  3 76 87 48 68 34 90 92 18 72 12 91 39 91 73 45 25
  19 43 96 55 37 60  9 77 26 76 19 29 26 57 67 27 74 59  6 22 87 47 22 78
  97 73  2 64 58  9 44 55 37 18 63 57 61 22 56 56 33]
 [ 0 38  9 43 97 37 91 95 83 45 44 92 55 62 25 81 35 40 82 91 61 90 84 20
  32 68 90  2 12  6 35 90 27 14 47 74  8 92 18 79 82 98 84 90 52 37  7 74
  28 41 38 84  8 12 49 20 83 63 79 20 18 47 72 15 51 17 22 81  7 31 73 42
  12 34  5 45 55 80 36 36 26 36 46 61 48 10 85 87 76 50 64 41 13 14 35 29
  71  4 82 59 91 23 34  3 60 18 64 80 39 18 58 24 37 34 12 45 19 73 59 95
  77 51 21 88 61 82 46 53 57 26 95 55 54 47 97 36 50 99 88  1 47 26 94 49
  14 55 17 38 71 58 87 58 21 74  7 89 27 19 67 65  7]
 [ 0 69 52  3 64 39 64 10 92 84 96 11 72 76 88 49 55 18 83 66 79 49 58 20
  80 62  6 48  1 63 15 67 57 80 13 49 74 31 32 34 85 27 36 74 91 83  2 33
  35 71 21 93 28 63 36  4 73 58 20 86 82  3 82 99 39 15 10 41 68 37 86 89
  54 28 91 18 49 78 58 67 44 17 18 23 18 45  2 24 91 21  6 82 58 92 56 82
  66 75 54 39 84 43 31 48 76 72 11 17 11 56 19 65 29 76 29 83 13 73 77 75
   5 83 79  5 32 39 63 23 30 25 92 94  7 46 82 82 11 12 71 58  2 84 12 58
  38 25 40 36 99 44 32 57 47 19  6  3 31 35  2 78 39]
 [ 0  8 97 92 77 96 76 99 13 57 36 36 25 10 47 68 22 10 27 67  3 95  5 26
  53 30 33 49 65 72 89  9 97 39 31 51 97 69 24 36 39 57 60 78 76 12 28 11
  47 80 67 95 23 97 21  8 92 62 60 27 65 58 60 43 98 91 62 15 54 17 89 63
  17 36 73 22 67 28 63 19 40 41 32 31 11  4 29 97 65  5 36 75 25 15 16 61
  69 29 37 28 19 33  7 28 19 23 49 11 45 23 23 28 44 53 99 43 35 49 90 86
  78 54 45 64 83 71 62 19  9  7 33 33 38 74 83 69 79  1 46 18 19 84 41  9
  47 68 97 86 34 16 31 27 71 85 91 58 33 95 20 29  9]
 [ 0 47 96  4 86 47 33 96  6 78 97 22 66 39 62 19 22 54 35 73 75  2 89 26
  73 72 10 60 23 98 53 65 78 68 39 93 49 24 70 30 69 33 56 10 81 89 67 96
  88 42 73 85 70 30 58 15 48 46 37 21 22 36 75 65 33 99 71 24  5 19 10 80
  49 20 89 11  8 20 23 46 61 70 35  8 80 40 31 19 55 96 19 31  9 45 39 77
  44 34 93 19 78 15 44 16 96 58 40 62 37 83 81 66  1 50 24 57 64 97 79 34
  19 65 40 11 67 67 59  5 27 46 20 50 26 39 73 65 94 77 20 49  9 50  2 92
  86 16 58 45 13 84 67 90 87 53 81 72 76 10 84 54 36]
 [ 0  9 25 52 72 49 60  4 19  7 97 84 56 62 71 60 97 60 63 44 70 75 48 22
  10  2 12  4 27  5 92 31 17 31 11  2 45 98 99 88 60 67 38 55 46 95 58 58
  74 21 34 87 73 57 14 98 51 54 55 94 45 83 99 21  1 17 82 75 53 80 99 69
  56 27 55 73 60 30 50 82 54 18 41 59 30 46 91 16 37 75 13 85 28 36 67 20
  79 88 90 75 76 94 30  1 71 64 42 81 60 98 63 19  3 57 82 45 24 13 83 86
  74 12 53 93 71 38 97 10 75 50  7 22 78 24 82 32 75 36 23 90 24 40 92 67
  47 83 46 14 44 72 43 33 48 22  6 34 11 29 48 93 11]
 [ 0 76 56 40  9 67 13 19 51 16 14 56 15 29 99  2 90 25 70 76  8 36 43 27
  78 24 15 64 43 98 20 24 88 61 52 47  2 89 15 77 37 37 94 46 80 14 29 48
   2 13 62 39 73 22 96 50 73 74 34 46 99 67 24 87 58 50 39  7 86 92 79 21
   6 50 19 58 61 22 59  8 34 83 36 63  4  4 54  7 47 98 97 66 41  1 52  8
  52 16 21 15 54 61 57 18  5 14 66 57 43 80 77 48 12  6 42 44 44 89 71 90
  68 73 78 55 63 67 60 88 56 27 18 97 63 88 26 92 25 42 88 20 49 96 97 22
  82 35 24 66 23 49 56 83 14 13 87 71 41 57 20 99 67]
 [ 0 51 89  1 93 41  7 64  6 39 20 38 81 24 46 60 59 10  4 94 70 22 79 70
   6 39 74 98 93 90 57 92 42  5 58 13 97 26 70  8 91 55 99  5 21 46 52  4
  15 46 63  3 92 71  1 36 55 19 84 55 72 89 54 13 98 71 45 13 46 24 50 55
  65 33 70 33 37 76 14 22 68 65 11 42 62 28 79 25 69 81  8 48 36 45 54  2
  71 83 13 22 83 47 96  1 60 97 12 36 39 36  8 83 77 65 10 19 27 76 96 42
  88 41 98 12 89 93 76  2 27 32 12  3 29 72 80 50 96 41 69 58 36 51 29 78
  81 61  2 97  3 66 25 75 13 85 93 74 38 83 71 89 12]
 [ 0 82 49  8 81 92 25 15 75 81  3 99 88  8 94 77 31 17 38 62  3 81 52 30
  23 58 52 51 85 73 79 89 52  4 69 55 88  2  2 22 31 35 25 45 61 50 92 92
  90 88 45 33 43 96 37 22 91 20 51 24 51 97 46 74 74 77 41 54 21 95 20 56
  49 41 98 70 17 89 81 82 60 72 59  8 93  4 40 61 58 60 91 36 29 74 92  3
  96 14 34 22 98 25 12 24 31 47  5 21 42 30 89 52 44 71 64 37 85 91 45 68
  24 15 97 96 67 45 80 59 57 73 63  2 57 29 39 28 28 70 57 89 76 10 95 97
  97 87 98  5 27 70 46 32 94  9 32 32 50 79 77 89 44]
 [ 0 84 25 34 48 80 53 33 41 42 49 91 14 24 75 37 97 89 35 20 96 40 54 97
  56 92 62 91 37 98 21  7 49 61 81 97 53 10 30 27 47 11  8 64 82 79 76  3
  64 42 56 70 88 64 18 69 89 70 46 19 59  5 60 67 51 79  9 51 63 71 77 12
  15 97 99 67 34 81 57 34 61 62 93 45 25 76 64 85 46 99 13 99 63 77 27  7
  96  8 56 78 94 67 19 21 98 65 71 73 29 15 98 56 48 94 69 95 16 41 96 10
  57 12 61 95 71 48 44 60 46 65 97 99 25 76 83 66 66 50 98 50 23 62 68 79
  44 59 27 52  8 36 79 13 47 73  4 59 12 51 72 26 25]
 [ 0 55 58 60 49 18  1 59 98 52 52 86 85 34 90 97 43 45 97 41 87 24 19 76
  74 26 36 31 18 25 23 46 11 14 86 10 87 17 75  7 46  4 61  2 22  8  7 85
  44 78  6  8 45 70 97 30 48 85 59 31 28  2 58 37 54 71 95 81 39 71 90 92
   7 30 35 33 79 50 42 58 71 43 40  7 98 52 83  6 60 97 97 87 11 82 53 16
  85 33 14  1 79 17 18 69  8 91 99  5 87 10 81 21 86 30 76 74 97 68 56  1
  13 48 15 53 29 46 86 92 13 31 35 27  7 23 81 78 59 82 19 26 72 80 15 25
  60 89 60 73 89 25 36 79 96 84  3 71 71 46 98 84 80]
 [ 0 52 18 12 39 52 96  9 19 32 63 18  9 44 26 80 19 69 85 70 25 71  4 43
  58 58 83 99 56 18 32 76 30 39 25 72 76 26 10  6 27 40 12 47 59 70  7 32
   7 35 58 38 58  9 47 23 87  3 48 65 14 91  3 85 36 64 23  1 61 48 72 93
  19 89 43 19 19 47 20 32 88 50 38  9 61 99  5 22 50 20 88 64 60 40 47 23
  63 15 11 84 11 34 52 79 91 77 82 89  7  3  9 51 53 45 29 95 94 79 54 48
  42 74 50 21 84 20 19 62 95 17 76 84  3 91 46 96 32 82 88 99 77 70 51 72
   6 36 14 71 95 90  8 41 47 10 69 17  1  1 12 62  5]
 [ 0 60 79 41 55 47 13 25 17 60 15 80 93 55 92 90 34  4 70  3 68 37 30 12
  44 79 15 47 30 88 55 76 37 30 57 59 39 69 37 34  5 49 28 93 88 46  3 17
  55 21 53 75 77 45 32 42 43 66 22 35  5 28 17 59 95 40 94 84  4 11 58 26
  29 67 55 12 19  4 37 28 99  2 55 95  3 79 16 26  9 44 18 14 22 92 64 35
  33 45 37 49 78 53 79 26 27  2  8  3 37 10 24 34 88 55 64 45 66 20 71 95
  46  5  6 24 32 52 26 49 11 61 52 68 95 30 74 71 45 97 92 23 54 28 31 97
  11 27 90 95 28 34 75 43 50 10 61 92  4 56 76 40 88]]
 job2fam
 [[1 0 0 0 0 0 0 0 0 0 0 0 0 0 0 0 0 0 0 0 0 0 0 0 0 0 0 0 0 0 0 0 0 0 0 0
  0 0 0 0 0 0 0 0 0 0 0 0 0 0 0 0 0 0 0 0 0 0 0 0 0 0 0 0 0 0 0 0 0 0 0 0
  0 0 0 0 0 0 0 0 0 0 0 0 0 0 0 0 0 0 0 0 0 0 0 0 0 0 0 0 0 0 0 0 0 0 0 0
  0 0 0 0 0 0 0 0 0 0 0 0 0 0 0 0 0 0 0 0 0 0 0 0 0 0 0 0 0 0 0 0 0 0 0 0
  0 0 0 0 0 0 0 0 0 0 0 0 0 0 0 0 0]
 [0 0 0 0 0 0 0 0 0 0 0 0 0 0 0 0 0 0 0 0 0 0 0 0 0 0 0 0 0 0 0 0 0 0 0 0
  1 0 0 0 0 0 0 0 0 0 0 0 0 0 0 1 0 0 1 0 0 0 0 0 1 1 0 0 0 0 0 0 0 1 0 0
  0 0 0 0 0 1 0 0 0 0 0 0 0 0 0 1 0 0 0 0 0 0 0 0 0 0 0 0 0 0 0 0 0 0 1 0
  0 0 0 0 0 0 0 0 0 0 0 0 0 0 0 1 0 0 0 0 0 0 0 1 0 0 1 0 0 0 0 0 0 0 0 0
  0 0 0 0 0 0 0 0 0 0 0 0 0 0 0 0 0]
 [0 0 0 1 1 1 0 0 0 0 1 0 0 0 1 0 0 0 0 0 0 0 0 0 0 0 0 0 0 0 0 0 0 0 0 0
  0 0 0 0 0 0 0 0 0 0 0 0 0 0 0 0 0 0 0 0 1 0 0 0 0 0 0 1 0 0 0 0 0 0 0 0
  0 1 0 0 0 0 0 0 0 0 0 0 0 0 0 0 0 0 0 0 0 0 0 0 0 0 0 0 1 0 0 0 0 0 0 0
  0 0 0 0 0 0 0 0 0 1 0 0 1 0 0 0 0 0 0 0 0 0 0 0 0 0 0 0 0 0 0 0 0 0 0 0
  0 0 0 0 0 0 0 0 0 0 1 0 0 0 0 0 0]
 [0 0 0 0 0 0 0 0 0 0 0 0 0 0 0 0 0 0 1 0 0 0 0 0 0 0 1 0 0 0 1 0 0 0 0 0
  0 0 0 0 0 0 0 0 0 0 0 0 0 0 0 0 0 0 0 0 0 0 0 0 0 0 0 0 1 0 0 1 0 0 0 0
  0 0 1 1 0 0 0 0 0 0 0 0 0 0 1 0 0 0 0 0 0 0 0 0 0 0 0 0 0 0 0 1 0 0 0 0
  0 1 0 0 0 0 0 0 0 0 0 0 0 0 1 0 0 0 0 0 0 0 1 0 0 0 0 0 0 0 0 0 0 0 0 0
  0 0 0 0 0 0 1 0 0 0 0 0 0 0 0 0 0]
 [0 0 1 0 0 0 0 0 0 0 0 0 0 0 0 1 0 0 0 0 0 0 0 0 0 0 0 0 0 0 0 0 0 0 0 1
  0 0 1 0 0 1 0 0 0 0 0 0 0 1 1 0 0 0 0 0 0 0 0 0 0 0 0 0 0 0 0 0 0 0 0 0
  0 0 0 0 0 0 0 0 0 0 0 0 0 0 0 0 0 0 0 1 0 0 0 1 0 0 1 0 0 0 0 0 0 1 0 0
  1 0 1 0 0 0 0 0 0 0 1 1 0 0 0 0 0 1 0 0 0 0 0 0 0 0 0 0 0 0 0 0 0 0 0 0
  0 0 1 0 0 0 0 0 0 0 0 0 0 0 0 0 0]
 [0 0 0 0 0 0 1 0 0 0 0 1 0 0 0 0 0 0 0 0 0 1 0 0 0 0 0 0 0 0 0 0 0 0 0 0
  0 0 0 0 0 0 0 0 0 0 0 1 0 0 0 0 1 0 0 0 0 0 0 0 0 0 0 0 0 1 0 0 0 0 0 0
  0 0 0 0 0 0 0 0 1 0 0 0 0 0 0 0 1 0 0 0 0 0 0 0 0 0 0 0 0 0 0 0 0 0 0 0
  0 0 0 1 0 0 1 0 0 0 0 0 0 0 0 0 0 0 0 1 0 0 0 0 0 1 0 0 0 0 0 0 0 0 0 0
  0 0 0 0 0 0 0 0 0 0 0 0 0 0 0 0 0]
 [0 1 0 0 0 0 0 0 0 0 0 0 0 0 0 0 1 1 0 0 0 0 0 0 0 0 0 0 0 0 0 1 0 0 0 0
  0 0 0 0 0 0 0 0 0 1 0 0 0 0 0 0 0 0 0 0 0 0 0 0 0 0 0 0 0 0 1 0 0 0 0 0
  0 0 0 0 0 0 0 0 0 0 1 1 0 0 0 0 0 0 0 0 0 0 0 0 0 0 0 0 0 0 0 0 0 0 0 0
  0 0 0 0 0 0 0 0 0 0 0 0 0 0 0 0 0 0 0 0 0 0 0 0 0 0 0 0 0 0 0 0 0 0 0 1
  0 0 0 0 0 0 0 1 0 0 0 0 0 0 1 0 0]
 [0 0 0 0 0 0 0 0 0 1 0 0 0 1 0 0 0 0 0 0 0 0 0 1 0 0 0 0 1 0 0 0 0 1 0 0
  0 0 0 0 0 0 1 0 1 0 0 0 0 0 0 0 0 0 0 0 0 0 1 0 0 0 0 0 0 0 0 0 0 0 0 1
  0 0 0 0 0 0 0 0 0 0 0 0 1 0 0 0 0 1 0 0 0 1 0 0 0 0 0 1 0 0 0 0 1 0 0 1
  0 0 0 0 0 0 0 0 1 0 0 0 0 0 0 0 0 0 0 0 0 0 0 0 0 0 0 0 0 0 0 0 0 0 0 0
  0 0 0 0 0 0 0 0 0 1 0 1 0 0 0 1 0]
 [0 0 0 0 0 0 0 0 0 0 0 0 0 0 0 0 0 0 0 0 0 0 1 0 0 0 0 0 0 0 0 0 0 0 0 0
  0 0 0 0 0 0 0 0 0 0 0 0 1 0 0 0 0 0 0 1 0 1 0 0 0 0 1 0 0 0 0 0 1 0 0 0
  0 0 0 0 0 0 0 0 0 1 0 0 0 0 0 0 0 0 0 0 0 0 1 0 0 0 0 0 0 0 0 0 0 0 0 0
  0 0 0 0 0 1 0 0 0 0 0 0 0 0 0 0 1 0 0 0 0 0 0 0 0 0 0 0 0 0 0 1 0 0 0 0
  1 1 0 0 1 0 0 0 0 0 0 0 0 1 0 0 1]
 [0 0 0 0 0 0 0 1 0 0 0 0 0 0 0 0 0 0 0 1 0 0 0 0 0 0 0 0 0 0 0 0 0 0 1 0
  0 0 0 0 0 0 0 0 0 0 0 0 0 0 0 0 0 0 0 0 0 0 0 0 0 0 0 0 0 0 0 0 0 0 0 0
  0 0 0 0 0 0 0 0 0 0 0 0 0 0 0 0 0 0 0 0 1 0 0 0 1 0 0 0 0 0 0 0 0 0 0 0
  0 0 0 0 0 0 0 0 0 0 0 0 0 0 0 0 0 0 0 0 1 0 0 0 0 0 0 0 0 0 0 0 0 0 1 0
  0 0 0 0 0 1 0 0 0 0 0 0 0 0 0 0 0]
 [0 0 0 0 0 0 0 0 0 0 0 0 0 0 0 0 0 0 0 0 0 0 0 0 0 0 0 0 0 0 0 0 0 0 0 0
  0 0 0 0 0 0 0 0 0 0 0 0 0 0 0 0 0 1 0 0 0 0 0 1 0 0 0 0 0 0 0 0 0 0 1 0
  0 0 0 0 1 0 1 0 0 0 0 0 0 1 0 0 0 0 1 0 0 0 0 0 0 0 0 0 0 0 0 0 0 0 0 0
  0 0 0 0 1 0 0 0 0 0 0 0 0 0 0 0 0 0 0 0 0 1 0 0 1 0 0 1 0 1 0 0 1 1 0 0
  0 0 0 0 0 0 0 0 0 0 0 0 1 0 0 0 0]
 [0 0 0 0 0 0 0 0 0 0 0 0 0 0 0 0 0 0 0 0 1 0 0 0 1 1 0 0 0 1 0 0 0 0 0 0
  0 1 0 1 0 0 0 0 0 0 1 0 0 0 0 0 0 0 0 0 0 0 0 0 0 0 0 0 0 0 0 0 0 0 0 0
  0 0 0 0 0 0 0 0 0 0 0 0 0 0 0 0 0 0 0 0 0 0 0 0 0 1 0 0 0 1 0 0 0 0 0 0
  0 0 0 0 0 0 0 1 0 0 0 0 0 1 0 0 0 0 1 0 0 0 0 0 0 0 0 0 0 0 1 0 0 0 0 0
  0 0 0 1 0 0 0 0 1 0 0 0 0 0 0 0 0]
 [0 0 0 0 0 0 0 0 1 0 0 0 1 0 0 0 0 0 0 0 0 0 0 0 0 0 0 1 0 0 0 0 1 0 0 0
  0 0 0 0 1 0 0 1 0 0 0 0 0 0 0 0 0 0 0 0 0 0 0 0 0 0 0 0 0 0 0 0 0 0 0 0
  1 0 0 0 0 0 0 1 0 0 0 0 0 0 0 0 0 0 0 0 0 0 0 0 0 0 0 0 0 0 1 0 0 0 0 0
  0 0 0 0 0 0 0 0 0 0 0 0 0 0 0 0 0 0 0 0 0 0 0 0 0 0 0 0 1 0 0 0 0 0 0 0
  0 0 0 0 0 0 0 0 0 0 0 0 0 0 0 0 0]]
