params：
 weight-->(1, 10)
 proc_times-->(1, 100)
 setup_times-->(30, 60)
 delivery_times-->(170, 200)
 job_rate-->8

start:
alpha_1
8
 alpha_2
1.0
 mach
20
 job
160
 fam
12
 weigh
 [[0 8 9 4 9 2 9 9 6 2 7 9 5 5 3 7 4 2 1 1 7 9 4 3 3 4 3 6 7 2 5 8 1 7 8 3
  2 4 4 8 3 5 2 8 3 2 2 9 3 8 7 7 2 3 5 3 9 8 6 2 5 8 5 2 1 2 3 4 5 5 6 4
  9 8 1 6 3 4 4 1 1 3 2 3 6 7 1 7 6 1 9 2 1 6 4 9 4 7 6 8 4 6 3 3 7 5 5 2
  8 4 1 9 1 4 7 8 3 3 8 2 2 6 6 4 8 1 9 5 9 7 9 1 3 6 5 2 5 8 2 2 5 4 5 3
  7 9 1 2 8 8 1 1 6 3 6 5 1 7 1 9 6]]
 proc_times
 [[  0  46  87   1  99  24  21  49  66  41   8  77  55  50  26  56  18  20
   27  83   8  34  47  74  30 100 100  22  94  17  79  73  80   7 100  80
   53  60  66  78  32  20  51  79  14  31  59  64  41  62  10  38  59  67
   77  77  63  81  68  55  22  95  86  98  55  79  72  31  46  81  34  99
   37  83  53  52  55  46  67  50  22  69   2  11  19  86  41  51  53  33
   60  64   4   5  32  51  33  49  12  58  70  65  32  93  17  66  93  86
   94  51  25   1  74   8  47  44  71  50  86  92   9  78  19  56  65  92
    2  24  20  51  28  29  53  70   4 100  17  14  92  70  16  28  54  66
   15  41  23   4  82  17  59   3  98 100   4  66  58  72  41  76  24]
 [  0  68  84  82  26  36  13  49  99  65  76  32  58  19  20   1  79  37
   20  70  53  51  96  93  87  60  72  35  74  57  95  94  30  33   5  63
   64  60  73  86   9  30  80  48  63  13   3  33  56  19  35  43  38  11
   95  28  48  68   2  68  28  12  65   3  56  73  38  37   4  55  48  29
   43  62  17  31  44  70  72  86  79  15   6   5  40  24  79  32  34   4
   47  99  48   8  52  98  93  78  68 100  33  83  42   7  40  92  56  10
   35  47  66  30  24 100   2  73  96  25  45  28  76  89   9  50  18  13
   31  14  39  10  82  58  89  97  16  96   1  54  49   1   2  42  92  43
   90  15  79   1  68  14  84  83  93   1  32   5  56  51  26  13  51]
 [  0  59  28  16  91  99  36  51  87  93  45  29  68  33  63  71  18  48
   58   8  78  94  94  23  36  63  95  27   2  42  33  77  54  84  51  70
   18  21  50   3  47  79  25   7  63  12  66  71  38  75  82  22  89  90
   16  15  49  48  85  62  43  25  34  82  96  13  64  54  17  13  49  70
   46  58  94  69  35  44   5   6  93  94  51  33  86  55  54  18  93  84
   26  25  41  84  98  45  95  87  97   9  10  60  29  55  89  78  92  83
   57  76  75  15  22  38  21  22   9  40  28  79  47  88  35  84  63  55
   91  49   7  63  70   8  60  89  86   1  17  38  21  58  56  69  94  37
   83   7  76  47  84  46  52  30  70  82  10  98  78  71  45  15  63]
 [  0  72  88  54  88  82  66  65   4   8  99  13  20  51   7  73  68   5
   12  99  34  54  99  41  25  63  91  65   4  27  99  81  29   9  65  13
   61  62  64  56  75  34  99  59   7  11  17  83   4   7  63  90  66   4
   70  39  35  38  32  88  90  80  55  45   6  85  68  92  37  26  17  72
   95  97  86  80  22  31  12  55  79  46  42  45  72  75  68  34  19  97
   88  78 100  29  86  51  88  89  66  29  89  88  42  27   3  85  83  75
   21  76  42  92   3  21  43   1  52  17   7  23  89  62  80  54  47  33
   60  50  67  66  58  64   9  51  33  90  56  73  13  24  22  55   8  57
   94  10  50  49  77  81  95  55  45  66  76  63  84  87  95  66  93]
 [  0  82  52  71  74  11  65  13  99  15  79   8  67  87  12  74  81  87
   23  86  69   2  29  34  96  44   5  95  21  18  53  68  23  78  99   6
   94  27  60  59  58  99  44  17  83  24  27  11  42  21  49  34  65  26
    9  48  49  79  34   4  53  58   3  39  72  38  14  93  25  77  48  38
   44  47   1  84  31  26  37   6  93  74  77  75  76  39  22  12  26   4
   67  68  58  14  40  63  56   2  27  52  61  20  73  10  33  55  89  49
   40  77  62  70  84  74  17  79  70  15   3  32  94   8  93  72  81  73
   58  76  19  63  75 100  90  59  45  59  19  34  22  14   7  45  80  38
   22  57  70  38  95  79  68  31  32  24  88  85  50  73   9  87  46]
 [  0  81  35  53  44  56  71  16  30  78  53  70   2  78  58  39  43  12
   94  80  11  95  88 100   3  18  17  14  80  71  89  73  81  42  21  49
   29  91  29  63  81  15  58  63  41  61   1  13  85  86  48  13  43  21
   20  80  33  29  37  12  81  45  96  46  66   1  82  98   5   9  66  65
   25  88   4  20  70  50  26  35  63  40  83  22  79  28  11  27  46  48
   89  92  83  79  43  70   4  89  79  64   9  23  59  15  36  11  64  52
   55  31  95  59  25  12  42  99  68  24  27  92  10  14  43  85  35  27
   69  70  68  49  28  56  48  30  99  13  44  94  57   8  15  57   9  28
   85  96  91   9  50  42  68  97  32  64  55  95  57  20  32  99  90]
 [  0  46  51  71   3  28   5  48  85  66  24  89  79  43  92  17  62  10
   89  51  37  25  83 100  85  13  75  32  23  18  33  18  46   3  14  14
   12  70  36  39  95  44  64  30  90  55  71  33  83  96  21  17  92  77
   27  95  82  44  54  87  50   7  34  67  55  11   6  20  91  43  53  43
   76  74   6  49  46  45  45  53  31   7  48  73  17  90  65  67  76  67
   21  88  90  96  38  82  25  58  50   2  75  46  87  74  81   9  59  91
    4  40  21  68  64  56  40   4  32  80  69  65  70  89  86  45  22  95
   97  53   9  27  51  30  52  54  43  72  99   1  42  33  94  36  51  86
   92  78  86  71  11  66  23  58  74  25  69  98  52  49   4  47  88]
 [  0  11  95  80  90  47  30  26  19  40  72  76  50  46  61  64  57  65
   68  62  78  77  73  11  10  84  83  74  16  34  55  36  49  95  15  98
   92  25  45  51  77  45  62  90  41  93  46  24  58   1  94  48  37  25
   79  48  72  89  78   1  44  45   1  24  12   2  83  43  36   5  91  38
   16  47  67 100  26  10  23  67  37  30  59  51  55  68  88  65  57  55
   84  46  89  12  96  84  25  44  56  25   2  19  93  81  45  76  47  15
   31  82  77  25  40   1  36  53   5   5  27  52  60  27  36  23  32  19
   69  89  49  25  13  87  53  54  74  36  14  27  86  97  76  64  56  31
   30  94  68  68  70  32  36  80  19  12  67  85  64  62  44  46  15]
 [  0  29  96  44   5  50  24  24  61  46  91  84  78  76   4  82  28  32
   86  87  25  18  93  65  55  61  12  21  33  38  89  73  47  42  59  99
   98  32  86   1  87  76  25  57  87  48  61  32  60  62  12  81  33  63
   68  62  88  61  50  79  67  79  43  57   9  19  81  86  42  81  18  53
   28  62  36  35  41  26  96  73  74  40  44  16  57  30  34  35  39  79
   13   1  32  78  83  67  89  58   3  47  94  40  88  27  85  90  32  55
   53  34  45  52  89  44  83   4  94  24   8  41  37  41   2  56  12  98
   18  13  41  35  42  75   5  72  29   4  80  43  63  48  82  64  49  91
   14  85  81  56  80  38  81  71  69  17  49   8  48  23  74  50  85]
 [  0  92  52  61  49  27  98  50  54  79  44  98   4   2  44  58  38  59
   92  11  56  71  13  17  46  58  99  54  44  60  59  14  35 100  16  46
   63  37  56  26  62  77  39  29  26  78  19   1   2  46  42  74  47  79
    8  17  27  79  76  80  83  83  45 100  33  38   1  68  69  52  37  28
   29  82  77  98  12  49  83  23  29  41  33  34  77  39   9  86  24  89
   47  24  32  78  24  45  11  42  13  91  17  63  40  36  39  32  93  62
   72  25  95  65  51  12  18  93  36  39  61  22  66  27  26  64  15  21
   71  21  88  23  43  28  16  21  92  19  66  96  53  73  55  23  19  10
   54  34  87  62  28  55  31  24  76  30  67  58  75  27  56  10  74]
 [  0  57  64  16  82  32  92  17  28  90  11  18  64  20 100  85  66  44
   62  16  32  63  32  63   5  85  89  65  15  78  26  56   3  75  11  30
   45  57   5  36  82  91  17  15  46  44  44  37  50  87  62  41  34  18
  100   9  90  52  57  77  92  26  41  27  88   5  25  31  31  47  96  74
   15  49  43   4  27  39  21  22   5  28  49  79  18  40  19  78   4  94
   64  98  52  74  81  58  42  60  61  85  37  28  72  51   5  59  55   3
    1  80  49  68  75  37  61  63  26  98  60  17  39  16  84  49  49  20
   41  54  28   5  92   2  16  94  96  27   5  13  22  14  70  39  16  52
    7  84  28  17  85  86  88  87  49  13  86  65  49  97  42   4  59]
 [  0  41  31  88  78  43   7  73  32  13  43  20  57  70  13  78  16  97
   27  90  64  19  51  49  61  33  41  31  12  63   8   8  15  24  85  65
   15  28  25  90 100  93  88  31  78  59  44  22  15  49  99  47  42  52
   88   1  79  73  83  81  20  83  43  14  78   4  16  51  29  96   4  47
   60  14  38  68  14  66   4  55  38  32  53  66  40  65  81  29  59  30
   43  12  22  31   7  14  62  32  10  71  91  99  90  20  54  65  73  59
  100  59  16  93  76  75  95  80  15  61   2  30  58  72  34  29  44  33
   70  36   4  58   3  79  89  30  72  12  74   4  99  27  50  37  58  58
   85  44  92   1  93   3  72  41  30  70  74  68   6  27  26  75  40]
 [  0  86  65  82  98  62  18  61  99  30  88  23  51  19  39  38  74  86
    7   2  67  17  44  19  59  73  42  77  12  26   4  51  72  24  90  71
   56  28  11  77   2  39   6  12  42  19  51  98  48  15  77  24  49   2
   80  18  43   8  95  86  62  10  91  14  36  89  26  43  90  47  40  80
   11  74  42  28   8  91  14   4  66  51  64   4  94  19  67  34  43  33
   85  65  48  32  98  41  87  37  67  41  77  90  16  48  86  88  22  32
   40  45  97  59  49  65  63   1  18  17  64  87  50  41  46  93  25  93
   36  31  37   4  11  29  92  34  54  63  38  56  81  61  47  49   3  76
   58  58  93  68  46  53  78  84  86  62  77   3  44  99  44  24  73]
 [  0  23  28  60  72   2  57   6  68  98  62  82   7  75  84  27   7  76
   42  78  79  68  78  54  89  61  89  79  55  54  98  20  50  43  52  21
   65  78  51  22  46  43  82  61  30  86  76  25  18   5   1  95  59 100
   20  79  73   2  88  20  17  41   6  12  86   9  64  27  10  42  64  28
   91   4  50  90  66  59  39  89  22   4  22  79  44  21  43  43  75  39
   11  20  10  95  99  77  18  44  64  12  34  29   6  54  50  79  24  84
   92  66  13  62  86  38  90  66  71  96  83  60  86  77  82   5  52  89
    5  70  34  92  25  26   7  17  88  54   9  79  26  58   4  21  80  33
   35  14  80  81  68  85  35  64  20  61  46  20  31  92  63  50  27]
 [  0  41  60  34  22  88   3  94  41  78  14  98  61  68   8  72  59  93
   16  31  40  41  88  29  52  73  71  76  75  74   1  11  55   1  38  37
   39  54  92  99  89   8  26  26  59   3  63  37  67  91  72  25  25  14
   44  52   9  31  83  73  98  53  33  22  41  80  24 100  58  16  44  46
   41  92  50  11  23  42  44  81  23  75   3   6  49  80  53  80  39  41
   33  84  36  87  45  59  41  24  33  63  25   4  62  28  91  68  52  73
   37  70  81  48  76  13  86  52  69  91  78  17  32  93  88  96  92  36
   96  96  82  93  66  70  29  53  20   2   2  63  55   7  50  14   8  65
   42  10  41  86  27  46  66  60  37   9  75   2  93  24  60   9  10]
 [  0  62  14  95  90  56  76  39  38  86  48  33  30  10  63  32  79  59
   86  74   8  33  62  14  56  35 100  83  76  94  33   3  18  34  98  25
   97  76  29  42  63  89  57  54  50  54  78  90  92  62  92  26  16  59
   10  52  90  45  20  32  82  49  77  86  35  96  41  13  86  67  42   5
   39  10  71   9   6  64  41  85  74  72  28  62  92  74  99  42  66   4
   65  50  13  58   5  48  36  84  19  67  83  73   3  66  65  38  75   1
    8  34  11  40  96  10  83  78  66  81  55  31  94  25   9  81  21  88
   99  34  61  11  24  85  82  11  86  42 100  30  30  20  23  73  63  39
   66  99  66  96  16  73  15   8  52  45  63  11  14  14  76  44  13]
 [  0  55  32  65  73  22  95  41  80   5  32  86  54  92  50  93  45  33
   44  64  54   2  20  44  88  80  63  19  83  33  94  73  83   8  10  94
   88  40  90   1  40  39  18  15  51  35  76  71  62  28   2  59  90  33
   86  85  45  52  37  43  18  30  56  81   5  29  34  56  28  58  33   6
   14  53  74  14  94  23  43  78  46  40  73  85  94  47  44  49  48  58
   16  82  81  13   5 100  57  34  68  65  56  33  18  47  35   2  22  84
   47  38  23  92  46  18  18 100  27  48  31  32  58  62  75  54  88   9
   50  42  61   7   5  30  62  25  63  11  65  27  14  47  89  87  32   8
   14  72  18  52  23  85  81  10  18  96  65  91  61  14  28  91  95]
 [  0  43  34  48  12  89  98  34  17  65   1  26  43  56  74  92  16  23
   26  13  89  82  89  94  30  93  38  92  54  68   3  42  49  54  37  77
   29  44  82  85  93  11  34  19  20   4   4  96  77  97  43  62  42  72
   31  81  68  42  29   3  89  32  70  55  52  62  49  11  12  64   8  55
   78  90  64  65   4  81   3   4   4  42  89  52  85  84  45  40  90  30
   94  99  87  50  33   3  48  65  80  39  47  41  88  53  75  79  62  59
   53  98   1  65   3  66  65  95  80  25  86   5  66  23  75  97  43  22
   93  90  49  13  86  35  93  13  43  21  25  49  24  48  16  80  60  59
   69  64  83  68  26  18   9  30  82  60  53  70  71  96  94   1   6]
 [  0  87  35  10  33 100  61  87  10  59  30  49  16  24  26  81  46  96
   86  32  78  84  71  65  64  92  55  36  74  90  13  31  57  18  77  89
   10  27  79  84  56  46  45  35  43  47  70  81  48  62  17   8  58  32
   11  27  84   6  77   1  55  49   3  30  21  91  58 100  98   4   9  80
   14  67  33  54  43  54  23  36  16  41  52  21  10  99  99  83  49  74
   54  73  86  59  67  43   4  27  88  22  78   5  64  14  15  86  97  61
   89  59  12  48  18  26  75  52  74   8  18  99   6  97  12  64   1  83
   44  56   6  96  17   8  43  41  90   9  63  93  57  36  92  83   1  73
   13  87  94  90  25  39  52  80  35   6  52  27  93  90  82  54  18]
 [  0  90  96  13  33  53   6  87  56   2  66  88  58  76  38  12  39   6
   70  31  24  52  79  82  95  17  61  60  26  25  92  39  66  63  91  94
   15  11  12 100  43  89  12   5  36  63  82  34  94  52  53  32  42   3
   95  28   1  10  69  90  30  16  70  78  50  31  28  98  19  28  60  51
   51  29  94  73  62  57  65  38  46  22 100  14  81  17  99  76  44  12
   11   4  47  75  32  48  37  74  99  95  73  21  71  25  96  29  76  63
   35  34  50  16  47  72  17   5  20  77   4  90  76  99   2  18  14  94
   16  91  83  69  61  12  88  19  29   3  22  40   1  39  54  34  91  25
   94  46  41  79  16 100  36  31  85  38  45  47  11  24  81  79  76]]
 setup_times
 [[[ 0 36 52 40 48 55 40 55 56 56 32 32 37]
  [ 0  0 37 48 54 31 56 32 39 55 51 31 37]
  [ 0 45  0 58 45 30 43 56 42 47 41 31 35]
  [ 0 40 31  0 46 55 30 33 58 50 49 58 58]
  [ 0 52 45 48  0 36 45 36 34 30 34 36 53]
  [ 0 49 47 51 40  0 59 49 52 30 40 32 35]
  [ 0 31 39 57 50 59  0 56 45 57 32 35 50]
  [ 0 48 32 55 38 32 39  0 38 33 43 52 56]
  [ 0 56 54 49 58 32 47 54  0 30 34 31 30]
  [ 0 40 44 52 39 39 52 58 47  0 31 36 45]
  [ 0 49 30 30 58 57 32 32 33 47  0 43 35]
  [ 0 30 57 47 47 51 58 35 57 52 33  0 46]
  [ 0 42 58 46 56 40 45 36 43 47 58 36  0]]

 [[ 0 34 59 31 42 43 34 49 41 54 42 50 31]
  [ 0  0 41 58 35 50 35 38 40 50 30 59 32]
  [ 0 54  0 45 42 57 47 43 38 36 47 38 55]
  [ 0 44 59  0 37 44 53 47 53 45 51 35 56]
  [ 0 54 58 42  0 51 54 39 50 32 46 39 33]
  [ 0 55 38 44 45  0 55 56 44 53 41 57 57]
  [ 0 35 37 45 33 39  0 52 58 43 37 32 44]
  [ 0 41 46 43 56 30 50  0 43 52 43 33 33]
  [ 0 47 36 59 59 59 39 40  0 55 54 34 34]
  [ 0 40 40 52 59 33 59 50 56  0 39 58 42]
  [ 0 47 51 41 31 56 41 41 52 50  0 31 33]
  [ 0 31 45 46 39 36 56 42 53 57 32  0 47]
  [ 0 43 43 54 49 35 33 49 35 38 54 37  0]]

 [[ 0 42 56 34 55 58 33 56 49 44 52 48 40]
  [ 0  0 40 52 44 52 34 34 40 30 57 40 37]
  [ 0 57  0 52 49 52 48 36 37 49 43 33 39]
  [ 0 45 38  0 59 53 33 31 37 30 35 38 52]
  [ 0 50 48 41  0 35 40 43 32 32 38 44 54]
  [ 0 49 37 56 40  0 39 59 45 49 43 56 33]
  [ 0 53 54 49 35 37  0 38 44 45 58 43 49]
  [ 0 55 42 42 44 33 37  0 33 50 34 36 35]
  [ 0 43 52 36 37 35 53 43  0 56 36 42 59]
  [ 0 48 53 48 52 37 48 58 47  0 41 37 41]
  [ 0 31 49 33 39 41 59 39 57 51  0 58 44]
  [ 0 58 45 45 57 58 48 54 57 58 39  0 49]
  [ 0 59 47 33 48 48 51 52 56 36 46 55  0]]

 [[ 0 33 46 37 58 45 37 35 42 55 52 58 30]
  [ 0  0 50 52 42 46 38 44 39 34 59 37 48]
  [ 0 32  0 40 53 47 50 56 53 49 45 54 40]
  [ 0 38 34  0 34 37 32 40 42 35 43 51 44]
  [ 0 55 48 34  0 41 55 50 51 39 58 48 45]
  [ 0 33 47 51 35  0 47 31 34 54 36 49 49]
  [ 0 33 49 47 30 36  0 32 37 39 32 37 49]
  [ 0 49 34 33 38 31 31  0 55 51 37 40 55]
  [ 0 51 42 34 32 42 31 58  0 37 34 44 59]
  [ 0 48 34 30 54 39 51 41 53  0 42 42 57]
  [ 0 35 31 47 36 56 55 45 52 46  0 45 33]
  [ 0 44 30 41 52 40 46 53 30 46 39  0 47]
  [ 0 41 47 30 55 38 48 53 58 35 54 56  0]]

 [[ 0 49 45 47 56 42 42 45 31 56 40 43 44]
  [ 0  0 44 35 49 32 45 41 46 40 57 33 47]
  [ 0 42  0 33 38 51 56 36 31 55 57 34 36]
  [ 0 31 42  0 35 55 57 36 30 50 37 37 50]
  [ 0 34 53 55  0 30 32 50 59 46 39 44 32]
  [ 0 59 59 42 32  0 46 31 50 30 52 52 36]
  [ 0 41 37 36 49 55  0 59 58 51 57 52 30]
  [ 0 52 35 56 44 51 42  0 52 52 44 47 43]
  [ 0 43 32 41 32 40 35 42  0 58 44 35 57]
  [ 0 43 51 43 50 48 45 50 49  0 53 53 59]
  [ 0 55 35 32 46 54 42 52 40 51  0 46 31]
  [ 0 44 30 58 57 39 56 47 51 49 39  0 40]
  [ 0 46 57 37 42 55 51 48 45 41 50 38  0]]

 [[ 0 32 44 53 51 39 34 55 38 33 37 54 43]
  [ 0  0 45 56 48 36 38 34 36 46 51 58 43]
  [ 0 46  0 31 43 36 33 32 51 41 33 31 30]
  [ 0 55 42  0 37 39 54 50 30 47 55 59 47]
  [ 0 35 40 36  0 44 41 56 57 38 42 44 55]
  [ 0 38 48 40 38  0 42 42 32 45 39 44 51]
  [ 0 41 47 54 38 32  0 32 56 52 43 36 46]
  [ 0 49 48 47 47 44 52  0 45 55 52 51 58]
  [ 0 46 54 32 52 54 55 33  0 58 30 31 35]
  [ 0 51 59 39 40 39 51 55 44  0 55 44 52]
  [ 0 49 53 36 47 54 33 44 44 59  0 38 41]
  [ 0 37 33 35 45 32 32 36 33 37 40  0 55]
  [ 0 32 44 56 44 49 48 42 51 54 38 47  0]]

 [[ 0 45 43 49 40 44 39 45 35 30 30 47 30]
  [ 0  0 56 46 56 54 54 43 33 32 31 53 48]
  [ 0 41  0 35 52 54 54 59 42 35 52 41 38]
  [ 0 56 48  0 48 35 33 55 54 56 51 59 39]
  [ 0 42 57 43  0 57 33 46 33 43 46 44 36]
  [ 0 49 37 53 49  0 38 43 41 58 56 39 49]
  [ 0 45 56 42 55 37  0 39 56 48 55 59 39]
  [ 0 44 50 52 59 33 35  0 37 33 52 46 43]
  [ 0 57 33 51 54 53 53 30  0 41 36 54 47]
  [ 0 53 33 34 37 36 32 40 57  0 48 52 32]
  [ 0 46 38 51 58 35 48 39 34 37  0 44 34]
  [ 0 30 41 45 55 58 39 39 58 51 58  0 43]
  [ 0 49 48 53 47 56 42 49 56 49 33 57  0]]

 [[ 0 40 35 46 30 59 43 56 57 45 30 33 37]
  [ 0  0 53 30 50 31 59 44 32 42 54 51 32]
  [ 0 40  0 38 59 48 32 38 46 36 53 52 52]
  [ 0 48 42  0 39 51 48 31 36 42 48 55 38]
  [ 0 49 44 42  0 34 43 54 41 35 36 57 46]
  [ 0 43 57 40 36  0 32 32 30 41 57 59 31]
  [ 0 42 31 53 55 55  0 30 39 39 35 57 59]
  [ 0 36 41 48 47 55 42  0 56 33 51 39 48]
  [ 0 53 55 32 55 57 41 44  0 58 43 44 37]
  [ 0 45 30 35 52 43 59 48 53  0 48 35 39]
  [ 0 42 33 32 43 30 45 46 56 57  0 44 42]
  [ 0 50 31 50 41 40 40 46 47 31 42  0 38]
  [ 0 50 39 33 56 47 45 36 46 59 58 47  0]]

 [[ 0 30 51 32 30 56 57 50 33 32 51 38 52]
  [ 0  0 40 57 37 53 46 32 31 37 30 32 54]
  [ 0 44  0 59 36 59 32 57 42 59 37 51 51]
  [ 0 40 34  0 35 34 49 51 47 44 46 40 56]
  [ 0 33 43 37  0 52 51 53 35 56 45 33 34]
  [ 0 58 38 31 58  0 49 40 56 34 49 42 59]
  [ 0 56 55 43 45 38  0 37 57 35 58 47 34]
  [ 0 41 46 35 57 50 32  0 34 53 57 47 43]
  [ 0 37 42 44 46 49 58 35  0 30 36 42 59]
  [ 0 48 32 35 57 41 48 52 51  0 45 58 37]
  [ 0 59 52 59 41 56 58 44 54 53  0 49 51]
  [ 0 32 58 38 40 36 57 32 34 57 42  0 38]
  [ 0 41 49 56 54 31 42 35 40 32 45 39  0]]

 [[ 0 45 44 53 33 46 44 55 36 44 59 30 57]
  [ 0  0 33 59 59 37 35 52 49 45 51 37 44]
  [ 0 45  0 30 31 38 58 59 56 57 56 36 40]
  [ 0 44 57  0 50 51 55 54 38 55 53 56 46]
  [ 0 58 33 49  0 44 32 33 36 56 49 56 52]
  [ 0 36 48 46 30  0 52 52 40 54 58 34 33]
  [ 0 36 37 38 35 53  0 56 42 34 32 57 42]
  [ 0 30 59 44 50 37 50  0 42 51 46 58 52]
  [ 0 54 50 45 34 44 31 55  0 59 45 32 36]
  [ 0 58 57 39 41 47 32 36 56  0 43 35 53]
  [ 0 39 39 39 51 30 49 42 35 52  0 31 51]
  [ 0 53 58 40 54 45 35 35 53 30 47  0 33]
  [ 0 30 39 55 59 43 46 31 43 50 45 52  0]]

 [[ 0 49 44 50 55 54 37 44 30 50 56 40 34]
  [ 0  0 47 37 38 46 34 49 44 50 32 33 31]
  [ 0 50  0 44 44 50 42 31 49 41 36 38 41]
  [ 0 45 57  0 36 41 48 33 43 40 56 47 33]
  [ 0 56 40 41  0 46 39 51 58 43 50 35 43]
  [ 0 41 53 36 58  0 32 50 56 38 39 34 38]
  [ 0 58 46 36 31 43  0 48 50 59 55 31 44]
  [ 0 48 50 46 58 48 35  0 59 38 30 47 40]
  [ 0 56 44 42 44 47 33 39  0 51 49 53 55]
  [ 0 47 57 56 40 46 45 53 33  0 49 52 37]
  [ 0 48 55 52 54 44 52 56 46 47  0 52 54]
  [ 0 39 34 48 54 46 59 45 38 43 50  0 33]
  [ 0 48 33 33 49 57 42 49 41 31 31 38  0]]

 [[ 0 50 33 33 47 58 31 57 38 42 30 32 47]
  [ 0  0 32 56 45 34 54 41 30 48 42 31 45]
  [ 0 49  0 38 48 39 36 58 54 42 38 33 38]
  [ 0 48 59  0 40 54 32 51 49 40 50 34 48]
  [ 0 57 44 45  0 47 52 48 47 35 57 51 38]
  [ 0 53 35 53 34  0 40 58 44 43 42 56 52]
  [ 0 54 34 35 59 59  0 38 34 47 47 36 30]
  [ 0 33 35 32 33 39 37  0 56 41 57 30 40]
  [ 0 56 52 38 47 59 35 49  0 36 45 42 39]
  [ 0 48 59 54 53 39 56 57 41  0 32 39 42]
  [ 0 58 43 55 58 35 53 56 58 54  0 56 58]
  [ 0 57 52 55 57 38 46 31 30 50 45  0 41]
  [ 0 48 36 55 50 56 34 53 38 45 55 43  0]]

 [[ 0 34 46 37 42 59 53 31 33 31 52 37 48]
  [ 0  0 46 53 34 47 34 56 47 40 39 56 46]
  [ 0 52  0 35 32 48 45 54 55 59 30 36 36]
  [ 0 49 35  0 46 45 54 39 30 53 50 49 58]
  [ 0 42 39 56  0 33 58 39 36 59 53 31 40]
  [ 0 48 31 37 51  0 36 56 30 57 55 42 51]
  [ 0 46 43 51 56 58  0 55 51 55 38 42 33]
  [ 0 37 35 57 38 56 55  0 46 44 45 35 32]
  [ 0 44 33 46 52 57 49 47  0 44 30 55 43]
  [ 0 36 53 34 51 51 46 34 45  0 34 48 44]
  [ 0 48 53 34 45 58 55 45 57 56  0 30 50]
  [ 0 52 37 37 50 31 38 49 44 54 49  0 57]
  [ 0 47 56 39 58 48 42 42 59 44 34 32  0]]

 [[ 0 52 45 49 59 55 40 40 58 53 46 47 48]
  [ 0  0 48 47 30 40 37 30 33 49 36 35 31]
  [ 0 45  0 30 35 56 32 57 49 38 43 58 57]
  [ 0 54 48  0 37 43 37 54 41 42 32 35 56]
  [ 0 54 59 43  0 44 58 37 41 54 30 47 37]
  [ 0 47 43 59 58  0 52 37 51 50 39 54 51]
  [ 0 45 54 33 42 39  0 47 59 53 36 30 37]
  [ 0 35 44 40 53 57 45  0 37 55 35 34 35]
  [ 0 41 41 43 35 53 30 31  0 40 31 52 57]
  [ 0 46 44 33 42 42 49 38 34  0 51 38 37]
  [ 0 57 54 47 46 42 41 44 48 46  0 57 42]
  [ 0 50 54 43 56 39 32 47 52 44 47  0 47]
  [ 0 35 55 49 35 34 34 40 40 54 54 53  0]]

 [[ 0 38 54 45 32 59 53 44 54 37 59 48 37]
  [ 0  0 39 59 49 50 30 40 41 59 33 37 49]
  [ 0 37  0 30 40 43 35 55 35 41 59 39 50]
  [ 0 53 30  0 32 42 54 59 50 50 43 35 49]
  [ 0 31 31 49  0 55 49 48 56 40 35 53 58]
  [ 0 45 50 48 39  0 54 53 32 52 49 47 53]
  [ 0 58 38 47 42 33  0 39 42 35 51 48 52]
  [ 0 36 34 30 47 30 33  0 56 37 50 58 32]
  [ 0 58 50 50 59 53 37 54  0 33 53 35 58]
  [ 0 47 58 38 32 42 48 34 46  0 38 32 30]
  [ 0 48 53 46 45 48 43 35 33 36  0 43 56]
  [ 0 51 45 36 55 56 33 35 51 36 32  0 44]
  [ 0 36 45 45 42 46 50 50 57 37 43 56  0]]

 [[ 0 33 56 55 41 58 34 30 54 35 44 48 43]
  [ 0  0 44 41 33 34 39 31 47 43 34 58 34]
  [ 0 52  0 50 56 42 58 57 42 54 59 46 43]
  [ 0 57 49  0 39 37 35 53 32 44 52 43 36]
  [ 0 53 59 37  0 44 52 48 30 47 42 55 44]
  [ 0 48 51 31 53  0 40 50 56 47 55 59 33]
  [ 0 33 51 58 54 57  0 48 58 59 33 31 40]
  [ 0 31 54 41 52 34 55  0 31 54 49 36 41]
  [ 0 44 40 48 30 34 50 42  0 47 44 35 52]
  [ 0 47 32 31 55 41 54 54 56  0 35 43 40]
  [ 0 35 33 32 37 47 31 40 46 35  0 55 39]
  [ 0 40 45 41 41 48 38 55 53 34 53  0 42]
  [ 0 39 49 30 49 33 48 30 53 54 38 58  0]]

 [[ 0 58 50 51 44 46 36 53 36 54 59 33 54]
  [ 0  0 50 34 46 43 56 56 47 33 54 46 30]
  [ 0 52  0 38 37 53 33 34 53 38 52 53 53]
  [ 0 38 55  0 34 39 42 58 39 59 59 59 50]
  [ 0 55 49 45  0 32 40 42 50 50 30 41 51]
  [ 0 44 38 47 46  0 51 41 58 36 59 31 40]
  [ 0 54 49 43 52 33  0 31 43 58 31 56 47]
  [ 0 51 37 58 54 44 38  0 35 57 37 35 40]
  [ 0 51 57 30 57 35 41 56  0 39 42 59 56]
  [ 0 34 58 56 43 45 39 38 51  0 49 55 35]
  [ 0 59 43 55 48 40 35 46 57 37  0 37 49]
  [ 0 33 55 35 41 46 50 41 30 47 33  0 54]
  [ 0 58 59 54 36 58 55 47 31 45 58 31  0]]

 [[ 0 46 45 52 36 46 32 54 46 46 44 30 32]
  [ 0  0 34 30 40 59 32 42 53 59 33 49 52]
  [ 0 44  0 30 32 33 30 41 36 38 51 34 31]
  [ 0 56 51  0 58 44 52 58 53 44 59 58 43]
  [ 0 33 32 41  0 58 38 58 43 49 47 41 32]
  [ 0 59 54 53 53  0 39 35 43 45 53 50 33]
  [ 0 50 52 45 48 56  0 42 54 51 35 54 41]
  [ 0 38 42 41 56 58 33  0 50 41 50 39 35]
  [ 0 36 36 31 34 37 53 47  0 39 51 35 39]
  [ 0 41 42 41 34 46 33 40 48  0 49 42 48]
  [ 0 30 53 33 59 33 45 40 57 57  0 54 59]
  [ 0 58 40 45 36 55 58 56 53 38 35  0 41]
  [ 0 45 50 39 57 47 35 46 31 37 47 34  0]]

 [[ 0 59 34 47 39 37 59 56 30 55 37 58 30]
  [ 0  0 44 48 52 46 30 33 35 57 41 32 49]
  [ 0 34  0 55 55 34 59 49 36 40 56 37 54]
  [ 0 59 56  0 43 34 40 46 43 46 51 59 33]
  [ 0 39 54 43  0 43 46 31 41 55 31 54 43]
  [ 0 49 31 56 51  0 42 39 51 49 41 32 34]
  [ 0 58 46 48 56 53  0 56 59 57 48 31 34]
  [ 0 48 31 52 59 58 52  0 56 39 30 42 41]
  [ 0 45 57 46 34 57 50 36  0 35 33 59 37]
  [ 0 34 56 31 44 35 42 31 52  0 48 41 39]
  [ 0 54 37 37 50 32 53 47 48 40  0 51 53]
  [ 0 57 32 36 54 51 45 44 41 47 30  0 57]
  [ 0 42 48 33 38 38 58 59 43 50 44 51  0]]

 [[ 0 45 38 45 41 38 47 56 59 58 38 51 46]
  [ 0  0 33 43 50 34 47 49 53 54 30 36 51]
  [ 0 58  0 52 46 58 57 48 49 42 56 48 37]
  [ 0 44 50  0 44 36 59 44 41 36 45 36 36]
  [ 0 59 53 59  0 32 59 37 59 50 58 45 38]
  [ 0 48 48 40 57  0 37 45 57 45 58 42 33]
  [ 0 34 51 37 48 58  0 46 45 30 35 57 32]
  [ 0 52 33 36 44 30 37  0 38 35 35 47 56]
  [ 0 39 57 41 41 39 49 45  0 39 42 44 42]
  [ 0 45 39 46 51 47 39 51 39  0 30 54 49]
  [ 0 30 57 50 44 52 47 37 58 52  0 36 51]
  [ 0 59 36 56 46 45 38 44 46 40 44  0 43]
  [ 0 41 53 57 59 42 59 36 33 35 32 51  0]]]
 delivery_times
 [[  0 190 186 197 182 174 196 172 184 195 171 176 196 172 177 178 178 190
  194 174 172 192 171 190 194 174 181 186 193 182 177 179 172 199 180 184
  177 171 193 197 192 189 183 184 171 191 178 189 191 187 185 171 174 191
  192 171 198 178 185 192 180 196 175 192 190 193 185 174 193 170 188 177
  171 171 185 173 192 185 187 173 183 176 177 194 197 197 172 181 199 199
  184 187 172 170 198 191 182 175 181 173 178 189 188 171 173 193 189 197
  194 196 175 191 175 172 193 181 176 196 177 196 190 188 189 174 196 173
  174 174 171 187 192 188 189 175 191 191 191 191 188 177 195 179 187 171
  196 172 195 194 173 188 189 175 192 191 182 195 181 176 195 186 190]
 [  0 196 188 172 191 179 176 194 180 185 192 171 172 184 177 175 195 194
  174 187 173 170 173 197 188 191 177 197 178 188 171 177 189 197 175 181
  175 194 183 196 184 192 196 178 176 193 186 177 189 182 185 198 188 194
  172 193 171 186 189 180 191 193 176 197 184 181 180 177 180 188 190 180
  198 178 182 173 183 170 185 199 180 181 186 197 187 191 199 192 197 192
  197 184 170 170 183 179 177 177 185 178 177 190 185 183 199 178 176 178
  181 197 181 172 171 174 188 170 199 179 190 189 170 185 199 192 178 187
  184 186 196 171 173 184 187 184 173 171 186 177 193 189 175 183 174 178
  177 172 190 183 183 180 172 182 197 178 182 184 186 199 172 182 177]
 [  0 193 194 193 193 180 199 181 187 193 182 186 186 199 174 171 190 194
  195 178 186 173 186 177 192 178 174 195 179 178 175 191 176 176 197 191
  188 176 170 192 185 178 194 195 193 194 185 187 170 178 178 195 185 173
  197 172 171 176 184 181 189 188 192 183 184 183 179 193 188 172 173 185
  185 173 171 190 187 194 183 199 196 183 196 184 184 174 199 197 191 198
  196 199 192 189 190 192 174 189 175 179 185 197 197 178 188 193 187 189
  197 178 190 193 198 194 186 177 190 181 186 175 196 199 175 198 199 181
  196 188 177 198 198 186 184 193 189 193 180 195 178 179 195 185 189 186
  176 190 181 199 189 195 176 194 181 189 182 197 176 170 189 197 175]
 [  0 184 176 170 170 174 176 175 185 181 180 182 177 194 184 188 189 184
  189 190 178 194 171 171 170 183 187 188 170 187 189 181 189 181 177 199
  180 180 188 175 192 180 197 170 194 170 188 188 175 171 178 186 189 191
  177 174 176 197 190 187 178 199 197 187 185 178 174 189 197 178 170 176
  170 186 184 187 178 191 193 197 190 191 198 191 191 175 175 178 196 181
  189 176 194 192 198 181 184 180 176 180 193 195 194 173 198 188 175 179
  189 184 182 197 171 172 197 185 183 182 188 198 171 171 194 191 196 187
  185 187 197 176 179 181 175 172 192 182 196 196 172 184 172 189 177 186
  183 183 177 181 178 194 193 187 189 180 186 181 173 179 171 190 170]
 [  0 199 190 195 187 197 199 181 186 194 188 199 198 189 175 190 185 170
  192 183 174 172 190 183 192 171 184 171 191 196 171 186 196 192 198 170
  183 195 174 181 191 193 196 176 182 193 187 171 194 185 193 182 182 180
  193 170 174 188 170 190 183 196 194 183 196 181 193 192 185 184 175 177
  178 176 187 199 179 184 171 188 177 193 189 198 198 198 199 179 194 182
  180 196 199 195 196 180 171 198 182 193 196 192 172 187 176 191 171 199
  193 181 182 191 171 175 177 185 185 180 179 191 170 189 192 188 199 193
  174 170 186 176 199 180 199 179 172 171 195 179 176 172 193 186 179 192
  180 183 192 194 184 171 193 190 174 171 195 170 195 177 187 174 179]
 [  0 183 184 179 192 186 186 181 190 173 197 195 191 173 178 199 178 192
  173 173 178 195 174 180 176 176 180 185 191 189 189 188 197 175 171 188
  170 194 171 185 187 197 192 195 177 182 198 173 192 191 171 189 186 196
  177 192 183 188 184 193 175 171 171 182 185 176 195 187 177 185 179 174
  194 195 173 194 177 190 188 170 180 185 171 183 184 197 173 178 183 174
  189 173 182 185 196 187 192 180 199 192 189 193 181 183 179 194 188 188
  179 199 176 186 194 190 186 194 197 188 195 179 195 181 191 174 171 180
  187 191 171 176 192 192 171 199 180 175 194 180 179 198 196 174 195 199
  179 199 181 192 189 176 197 181 180 175 185 174 175 177 186 180 197]
 [  0 189 180 171 172 174 199 187 189 192 177 189 171 172 180 178 182 194
  180 172 184 195 190 176 181 176 188 196 181 189 196 191 196 188 198 183
  188 194 197 195 194 171 198 187 182 189 188 199 195 175 186 186 199 176
  177 179 185 170 183 180 174 189 178 189 173 175 178 194 190 189 181 192
  173 195 170 187 191 186 189 188 185 177 195 199 175 194 175 191 171 176
  198 170 193 199 186 174 170 177 199 198 196 178 178 188 193 177 196 174
  190 192 193 176 188 183 172 185 191 187 177 187 175 191 187 189 181 173
  181 170 196 190 180 178 187 183 180 181 186 177 198 171 195 197 191 198
  170 174 179 188 194 190 178 197 198 194 183 199 182 195 170 184 171]
 [  0 178 176 185 191 199 190 174 182 191 189 181 189 196 174 199 177 194
  192 172 172 195 176 183 177 172 176 199 177 197 192 199 177 180 197 183
  173 171 174 171 183 185 174 195 194 186 193 184 183 189 196 193 195 180
  180 188 192 187 181 179 172 190 197 183 194 199 182 198 170 185 180 193
  194 187 189 170 188 196 171 195 186 193 173 187 180 176 187 188 178 179
  184 180 199 181 190 199 181 182 175 190 192 187 175 174 196 195 180 172
  173 194 198 183 173 171 194 180 191 190 193 180 194 177 183 176 176 196
  174 191 178 175 170 176 198 185 172 180 193 184 197 174 197 173 174 195
  197 175 198 174 176 190 191 179 179 183 193 171 191 185 176 192 181]
 [  0 194 193 192 173 189 195 170 185 175 180 190 187 191 189 170 198 186
  195 178 186 177 180 197 185 191 173 185 191 176 171 191 197 189 170 193
  191 177 176 177 181 187 178 195 194 192 184 184 193 198 183 182 190 192
  184 178 197 196 177 180 198 190 176 177 189 198 184 183 199 179 186 180
  188 197 196 197 174 198 185 178 173 174 197 190 176 192 170 179 178 178
  193 170 187 181 172 179 179 194 192 192 178 179 170 186 176 197 188 195
  194 179 190 176 193 199 197 198 184 180 173 187 199 181 184 173 194 189
  175 183 174 195 174 194 187 195 179 198 170 193 197 174 172 173 170 192
  193 185 179 189 188 170 176 181 182 193 196 185 188 186 198 171 196]
 [  0 173 199 197 185 197 196 176 180 181 170 187 193 171 178 170 198 179
  176 182 194 188 182 180 183 172 179 181 181 199 198 193 191 187 197 173
  174 178 173 181 199 191 176 199 184 197 191 181 193 179 197 170 186 199
  199 195 198 171 184 185 191 176 192 198 174 199 170 172 180 187 175 198
  193 194 176 194 189 182 170 182 185 172 177 176 175 198 185 184 177 181
  185 186 186 198 186 188 188 197 173 179 193 198 183 183 189 196 184 174
  172 185 197 182 176 184 175 170 174 199 177 186 183 198 174 196 170 195
  174 191 171 185 181 196 199 191 196 176 170 186 185 185 197 171 170 180
  199 198 188 184 180 195 192 191 175 180 182 174 184 192 198 184 185]
 [  0 178 196 181 182 194 189 191 196 188 193 186 170 188 187 198 173 173
  194 171 184 193 180 178 197 183 184 179 187 171 189 196 179 190 173 172
  184 179 175 198 180 182 173 178 197 186 188 179 197 185 197 198 193 199
  199 182 184 194 193 193 193 183 199 190 199 187 170 178 179 193 185 177
  192 172 176 171 193 197 178 196 170 194 175 177 171 198 188 189 192 192
  181 179 177 183 185 180 171 190 196 187 180 170 191 197 180 197 184 176
  171 172 186 185 181 175 177 177 171 180 184 199 195 189 197 194 193 183
  172 195 191 183 177 190 194 176 182 185 180 181 184 191 178 191 198 183
  193 174 197 183 180 191 179 182 197 197 186 179 182 187 170 185 179]
 [  0 178 177 192 174 196 177 187 175 194 190 172 177 176 171 186 190 173
  188 171 176 198 189 198 185 174 181 192 182 170 176 194 197 182 184 170
  185 173 173 190 176 170 183 192 181 170 185 179 182 194 190 182 194 190
  198 177 177 193 178 181 171 187 176 198 191 179 177 190 178 188 191 172
  183 191 179 179 180 176 172 187 175 188 183 188 199 195 185 173 192 193
  182 196 178 183 198 189 170 182 195 198 170 189 182 197 183 194 180 177
  180 176 184 186 176 186 181 176 170 190 196 182 195 195 175 198 197 170
  196 187 197 179 170 189 196 190 179 194 187 186 180 178 191 174 191 176
  190 177 174 186 178 179 172 190 183 173 190 190 191 191 199 193 194]
 [  0 186 170 179 193 195 196 173 181 176 194 190 184 178 194 192 192 174
  190 191 194 195 183 170 188 187 184 187 176 171 180 176 180 178 197 174
  195 194 180 194 191 185 177 196 181 197 170 172 197 187 186 197 191 176
  196 173 176 196 171 175 198 176 180 173 189 198 178 183 197 180 172 176
  190 171 186 198 178 178 183 176 196 175 189 182 174 173 171 192 191 183
  181 199 187 185 182 198 192 176 176 192 187 179 184 180 194 171 189 190
  171 172 186 173 183 180 176 195 189 193 179 198 180 180 196 174 179 181
  196 186 182 186 178 177 185 177 195 181 171 192 174 189 199 181 187 173
  184 184 178 178 176 195 184 198 177 189 188 183 179 173 193 192 197]
 [  0 175 193 172 182 174 177 196 189 195 195 170 183 187 181 187 190 187
  184 174 177 174 173 178 184 187 194 189 199 192 181 191 178 176 181 196
  195 176 195 177 197 177 183 171 185 199 180 170 175 189 170 170 180 191
  198 172 197 184 174 189 187 171 186 172 191 189 195 199 181 187 196 177
  195 192 185 191 182 180 170 175 175 178 184 187 180 190 171 183 188 195
  172 177 197 172 174 187 171 184 199 187 183 183 172 198 198 198 173 174
  173 190 194 171 172 181 171 185 171 183 192 177 191 191 185 191 179 177
  193 189 192 185 176 191 185 179 198 194 172 174 196 197 181 170 199 191
  177 188 172 177 184 191 184 197 199 183 171 189 192 175 194 193 176]
 [  0 187 189 189 198 170 177 184 181 192 183 192 192 183 170 197 174 189
  196 192 178 185 199 184 176 179 185 181 196 178 196 194 184 184 188 189
  193 178 173 199 188 180 182 171 195 179 188 183 187 178 181 198 179 196
  179 178 195 170 178 185 191 173 185 186 188 171 184 197 176 198 176 178
  181 172 177 183 188 198 190 172 185 187 173 175 191 171 181 184 184 185
  173 192 172 196 181 186 171 197 186 190 198 188 186 171 182 172 181 185
  189 198 199 197 185 197 197 173 171 177 196 177 176 197 185 174 192 179
  191 195 194 173 170 178 195 174 197 184 190 183 189 183 175 183 194 196
  174 176 182 198 184 196 194 173 179 182 173 195 198 186 179 196 183]
 [  0 190 197 186 184 170 175 195 179 196 198 195 173 185 179 177 188 199
  193 181 179 185 187 180 179 187 187 184 188 186 197 177 194 177 187 194
  174 194 193 195 175 178 191 185 194 173 177 182 194 175 190 187 173 177
  193 196 188 196 181 170 196 176 181 182 187 190 186 198 174 184 198 192
  198 197 178 184 192 184 180 170 174 173 190 171 180 191 198 196 184 177
  173 182 199 180 194 180 193 188 186 170 174 192 192 191 174 196 187 183
  196 189 186 194 176 178 179 181 191 183 174 182 194 181 191 188 189 187
  198 190 193 186 191 182 190 178 179 184 184 196 179 193 186 187 175 194
  190 178 179 173 179 190 182 173 197 178 174 180 194 178 192 191 179]
 [  0 188 182 180 183 193 174 199 199 171 179 195 194 182 170 187 179 199
  181 195 175 190 192 194 184 184 178 188 180 178 195 180 174 195 196 197
  179 175 185 180 190 180 172 178 173 180 176 191 188 187 185 187 183 193
  187 171 181 174 184 176 196 191 181 180 171 177 193 189 194 179 193 188
  176 171 177 198 181 198 189 187 196 180 176 175 184 177 184 181 195 185
  175 195 186 173 187 183 189 198 192 173 196 189 192 171 170 171 187 179
  179 181 178 184 177 199 185 188 195 187 182 192 170 190 183 194 170 181
  188 173 195 196 196 173 192 192 172 188 194 174 189 175 187 185 195 171
  177 178 179 178 194 180 179 187 198 197 175 186 198 198 186 197 178]
 [  0 176 173 174 179 172 178 194 177 171 186 171 181 198 181 186 189 182
  192 179 194 198 184 192 181 190 195 186 179 184 171 185 189 197 170 188
  184 192 194 199 187 189 184 179 189 192 198 182 192 172 185 176 195 176
  195 181 190 180 190 183 189 187 170 188 179 180 198 192 186 180 190 170
  170 183 178 181 187 180 185 185 180 194 189 192 176 178 174 195 188 176
  178 198 180 171 179 197 181 180 191 170 185 197 191 179 195 195 173 193
  179 198 195 171 185 180 173 193 177 184 172 177 189 174 173 180 198 181
  177 176 198 192 180 173 175 177 178 193 184 175 199 172 186 189 170 173
  170 188 182 171 170 187 184 170 176 184 198 186 198 194 185 186 178]
 [  0 195 182 193 177 175 189 176 192 192 191 188 196 191 186 190 199 177
  199 173 183 175 199 172 177 178 186 193 170 190 193 180 180 181 188 180
  184 192 175 186 171 191 182 175 176 187 191 189 175 177 175 183 172 183
  188 197 186 187 189 173 179 177 186 176 174 188 192 192 176 176 176 172
  193 187 187 181 188 176 180 192 182 177 198 183 188 184 176 179 189 184
  171 174 188 171 182 173 172 174 184 196 180 191 189 174 187 176 170 188
  195 182 186 187 199 192 173 186 197 197 185 189 192 186 170 186 185 178
  173 197 183 178 184 189 175 181 185 191 184 181 179 173 170 196 179 198
  191 172 197 197 184 199 195 185 189 185 192 191 185 178 191 175 198]
 [  0 190 171 189 188 192 182 181 194 175 179 175 171 181 185 187 180 198
  178 189 185 176 175 199 198 194 170 197 180 189 172 172 170 183 177 179
  184 176 176 173 170 194 178 186 173 192 176 187 179 198 183 183 189 199
  184 174 196 179 186 172 190 186 170 184 178 181 191 188 178 176 178 191
  196 184 195 194 177 189 196 191 177 181 170 178 186 177 197 197 170 176
  171 197 193 178 177 175 189 186 188 170 175 192 183 182 183 199 170 184
  172 179 188 173 191 199 173 181 198 196 183 192 194 197 176 177 190 179
  199 177 172 170 196 173 193 182 170 185 197 191 170 180 190 171 181 185
  186 173 186 173 176 176 190 175 176 184 186 199 170 197 176 188 184]]
 job2fam
 [[1 0 0 0 0 0 0 0 0 0 0 0 0 0 0 0 0 0 0 0 0 0 0 0 0 0 0 0 0 0 0 0 0 0 0 0
  0 0 0 0 0 0 0 0 0 0 0 0 0 0 0 0 0 0 0 0 0 0 0 0 0 0 0 0 0 0 0 0 0 0 0 0
  0 0 0 0 0 0 0 0 0 0 0 0 0 0 0 0 0 0 0 0 0 0 0 0 0 0 0 0 0 0 0 0 0 0 0 0
  0 0 0 0 0 0 0 0 0 0 0 0 0 0 0 0 0 0 0 0 0 0 0 0 0 0 0 0 0 0 0 0 0 0 0 0
  0 0 0 0 0 0 0 0 0 0 0 0 0 0 0 0 0]
 [0 0 0 0 0 0 0 0 0 0 0 0 0 0 0 0 0 0 0 0 0 0 0 0 0 0 0 0 0 0 0 0 0 0 0 0
  1 0 0 0 0 0 0 0 0 0 0 0 0 0 0 1 0 0 1 0 0 0 0 0 1 1 0 0 0 0 0 0 0 1 0 0
  0 0 0 0 0 1 0 0 0 0 0 0 0 0 0 1 0 0 0 0 0 0 0 0 0 0 0 0 0 0 0 0 0 0 1 0
  0 0 0 0 0 0 0 0 0 0 0 0 0 0 0 1 0 0 0 0 0 0 0 1 0 0 1 0 0 0 0 0 0 0 0 0
  0 0 0 0 0 0 0 0 0 0 0 0 0 0 0 0 0]
 [0 0 0 1 1 1 0 0 0 0 1 0 0 0 1 0 0 0 0 0 0 0 0 0 0 0 0 0 0 0 0 0 0 0 0 0
  0 0 0 0 0 0 0 0 0 0 0 0 0 0 0 0 0 0 0 0 1 0 0 0 0 0 0 1 0 0 0 0 0 0 0 0
  0 1 0 0 0 0 0 0 0 0 0 0 0 0 0 0 0 0 0 0 0 0 0 0 0 0 0 0 1 0 0 0 0 0 0 0
  0 0 0 0 0 0 0 0 0 1 0 0 1 0 0 0 0 0 0 0 0 0 0 0 0 0 0 0 0 0 0 0 0 0 0 0
  0 0 0 0 0 0 0 0 0 0 1 0 0 0 0 0 0]
 [0 0 0 0 0 0 0 0 0 0 0 0 0 0 0 0 0 0 1 0 0 0 0 0 0 0 1 0 0 0 1 0 0 0 0 0
  0 0 0 0 0 0 0 0 0 0 0 0 0 0 0 0 0 0 0 0 0 0 0 0 0 0 0 0 1 0 0 1 0 0 0 0
  0 0 1 1 0 0 0 0 0 0 0 0 0 0 1 0 0 0 0 0 0 0 0 0 0 0 0 0 0 0 0 1 0 0 0 0
  0 1 0 0 0 0 0 0 0 0 0 0 0 0 1 0 0 0 0 0 0 0 1 0 0 0 0 0 0 0 0 0 0 0 0 0
  0 0 0 0 0 0 1 0 0 0 0 0 0 0 0 0 0]
 [0 0 1 0 0 0 0 0 0 0 0 0 0 0 0 1 0 0 0 0 0 0 0 0 0 0 0 0 0 0 0 0 0 0 0 1
  0 0 1 0 0 1 0 0 0 0 0 0 0 1 1 0 0 0 0 0 0 0 0 0 0 0 0 0 0 0 0 0 0 0 0 0
  0 0 0 0 0 0 0 0 0 0 0 0 0 0 0 0 0 0 0 1 0 0 0 1 0 0 1 0 0 0 0 0 0 1 0 0
  1 0 1 0 0 0 0 0 0 0 1 1 0 0 0 0 0 1 0 0 0 0 0 0 0 0 0 0 0 0 0 0 0 0 0 0
  0 0 1 0 0 0 0 0 0 0 0 0 0 0 0 0 0]
 [0 0 0 0 0 0 1 0 0 0 0 1 0 0 0 0 0 0 0 0 0 1 0 0 0 0 0 0 0 0 0 0 0 0 0 0
  0 0 0 0 0 0 0 0 0 0 0 1 0 0 0 0 1 0 0 0 0 0 0 0 0 0 0 0 0 1 0 0 0 0 0 0
  0 0 0 0 0 0 0 0 1 0 0 0 0 0 0 0 1 0 0 0 0 0 0 0 0 0 0 0 0 0 0 0 0 0 0 0
  0 0 0 1 0 0 1 0 0 0 0 0 0 0 0 0 0 0 0 1 0 0 0 0 0 1 0 0 0 0 0 0 0 0 0 0
  0 0 0 0 0 0 0 0 0 0 0 0 0 0 0 0 0]
 [0 1 0 0 0 0 0 0 0 0 0 0 0 0 0 0 1 1 0 0 0 0 0 0 0 0 0 0 0 0 0 1 0 0 0 0
  0 0 0 0 0 0 0 0 0 1 0 0 0 0 0 0 0 0 0 0 0 0 0 0 0 0 0 0 0 0 1 0 0 0 0 0
  0 0 0 0 0 0 0 0 0 0 1 1 0 0 0 0 0 0 0 0 0 0 0 0 0 0 0 0 0 0 0 0 0 0 0 0
  0 0 0 0 0 0 0 0 0 0 0 0 0 0 0 0 0 0 0 0 0 0 0 0 0 0 0 0 0 0 0 0 0 0 0 1
  0 0 0 0 0 0 0 1 0 0 0 0 0 0 1 0 0]
 [0 0 0 0 0 0 0 0 0 1 0 0 0 1 0 0 0 0 0 0 0 0 0 1 0 0 0 0 1 0 0 0 0 1 0 0
  0 0 0 0 0 0 1 0 1 0 0 0 0 0 0 0 0 0 0 0 0 0 1 0 0 0 0 0 0 0 0 0 0 0 0 1
  0 0 0 0 0 0 0 0 0 0 0 0 1 0 0 0 0 1 0 0 0 1 0 0 0 0 0 1 0 0 0 0 1 0 0 1
  0 0 0 0 0 0 0 0 1 0 0 0 0 0 0 0 0 0 0 0 0 0 0 0 0 0 0 0 0 0 0 0 0 0 0 0
  0 0 0 0 0 0 0 0 0 1 0 1 0 0 0 1 0]
 [0 0 0 0 0 0 0 0 0 0 0 0 0 0 0 0 0 0 0 0 0 0 1 0 0 0 0 0 0 0 0 0 0 0 0 0
  0 0 0 0 0 0 0 0 0 0 0 0 1 0 0 0 0 0 0 1 0 1 0 0 0 0 1 0 0 0 0 0 1 0 0 0
  0 0 0 0 0 0 0 0 0 1 0 0 0 0 0 0 0 0 0 0 0 0 1 0 0 0 0 0 0 0 0 0 0 0 0 0
  0 0 0 0 0 1 0 0 0 0 0 0 0 0 0 0 1 0 0 0 0 0 0 0 0 0 0 0 0 0 0 1 0 0 0 0
  1 1 0 0 1 0 0 0 0 0 0 0 0 1 0 0 1]
 [0 0 0 0 0 0 0 1 0 0 0 0 0 0 0 0 0 0 0 1 0 0 0 0 0 0 0 0 0 0 0 0 0 0 1 0
  0 0 0 0 0 0 0 0 0 0 0 0 0 0 0 0 0 0 0 0 0 0 0 0 0 0 0 0 0 0 0 0 0 0 0 0
  0 0 0 0 0 0 0 0 0 0 0 0 0 0 0 0 0 0 0 0 1 0 0 0 1 0 0 0 0 0 0 0 0 0 0 0
  0 0 0 0 0 0 0 0 0 0 0 0 0 0 0 0 0 0 0 0 1 0 0 0 0 0 0 0 0 0 0 0 0 0 1 0
  0 0 0 0 0 1 0 0 0 0 0 0 0 0 0 0 0]
 [0 0 0 0 0 0 0 0 0 0 0 0 0 0 0 0 0 0 0 0 0 0 0 0 0 0 0 0 0 0 0 0 0 0 0 0
  0 0 0 0 0 0 0 0 0 0 0 0 0 0 0 0 0 1 0 0 0 0 0 1 0 0 0 0 0 0 0 0 0 0 1 0
  0 0 0 0 1 0 1 0 0 0 0 0 0 1 0 0 0 0 1 0 0 0 0 0 0 0 0 0 0 0 0 0 0 0 0 0
  0 0 0 0 1 0 0 0 0 0 0 0 0 0 0 0 0 0 0 0 0 1 0 0 1 0 0 1 0 1 0 0 1 1 0 0
  0 0 0 0 0 0 0 0 0 0 0 0 1 0 0 0 0]
 [0 0 0 0 0 0 0 0 0 0 0 0 0 0 0 0 0 0 0 0 1 0 0 0 1 1 0 0 0 1 0 0 0 0 0 0
  0 1 0 1 0 0 0 0 0 0 1 0 0 0 0 0 0 0 0 0 0 0 0 0 0 0 0 0 0 0 0 0 0 0 0 0
  0 0 0 0 0 0 0 0 0 0 0 0 0 0 0 0 0 0 0 0 0 0 0 0 0 1 0 0 0 1 0 0 0 0 0 0
  0 0 0 0 0 0 0 1 0 0 0 0 0 1 0 0 0 0 1 0 0 0 0 0 0 0 0 0 0 0 1 0 0 0 0 0
  0 0 0 1 0 0 0 0 1 0 0 0 0 0 0 0 0]
 [0 0 0 0 0 0 0 0 1 0 0 0 1 0 0 0 0 0 0 0 0 0 0 0 0 0 0 1 0 0 0 0 1 0 0 0
  0 0 0 0 1 0 0 1 0 0 0 0 0 0 0 0 0 0 0 0 0 0 0 0 0 0 0 0 0 0 0 0 0 0 0 0
  1 0 0 0 0 0 0 1 0 0 0 0 0 0 0 0 0 0 0 0 0 0 0 0 0 0 0 0 0 0 1 0 0 0 0 0
  0 0 0 0 0 0 0 0 0 0 0 0 0 0 0 0 0 0 0 0 0 0 0 0 0 0 0 0 1 0 0 0 0 0 0 0
  0 0 0 0 0 0 0 0 0 0 0 0 0 0 0 0 0]]
