params：
 weight-->(1, 10)
 proc_times-->(1, 100)
 setup_times-->(30, 60)
 delivery_times-->(1, 100)
 job_rate-->8

start:
alpha_1
8
 alpha_2
1.0
 mach
20
 job
160
 fam
12
 weigh
 [[0 7 3 9 4 3 2 8 3 9 6 6 3 6 7 5 7 8 9 9 1 8 8 1 6 2 4 9 7 6 7 8 4 8 4 5
  9 5 1 8 6 3 8 2 5 9 9 8 7 5 7 9 7 4 3 9 3 9 4 5 5 6 4 9 8 6 4 5 5 4 8 4
  5 9 5 3 4 4 8 9 2 9 9 4 2 5 9 3 7 1 1 4 5 1 7 8 1 6 1 6 3 7 8 5 2 9 3 1
  2 8 6 3 5 1 4 3 8 4 1 7 3 7 5 4 7 1 6 2 9 2 1 3 4 9 9 6 4 3 3 1 6 5 7 9
  6 1 5 8 2 6 6 7 6 7 8 7 1 8 6 5 6]]
 proc_times
 [[  0  80  36   8  68  12  79  64  94  85  34  77  48  15  49  63  76  78
   38  41  65  90  82  26  55  13  82  83  58  25   9  15  88   7  29  25
   67   4  45   1  97  38  86  59  54   6  96  59  21  44  94  92  41  46
   40  67  33  45  65  18  67  32  62  73  92  32  71  55  83  53  46  40
   19  92  13  60  71  77  20  54  60  89  56  56  40  83  72  39  38  30
   57  47  67  71  40  81  15  94  25   6  52  12  22  80  53 100  60  92
   76  87  22  98  82 100  50  23  19  37  54  47  45  91  77  11  53  70
   20  68  37  97  15  10   1  99   7 100  25  21   6  11  56  20  46  10
   22  91  26  60  10  19   6  60  93  92   7   1  25  52  52  28  59]
 [  0  80   9  22 100  17   8  81  21  31  88 100  88  84   1  41  58  34
    3  38  55  19  23  39  92  40  19  45  73  47  72  43   5  91  90  28
   15   5  75  53  47  63  84  67  77  48  70  26  38  74  25  22  27  42
   21  65  83  36  99  23  34  33  75  52  29  68  54  81  98  83  10  93
   97  26  65  94  71  70  25  56  19  64  97  98  38   9  30  81  18  96
   17  88  55  25  56  88  73  59  66  24  42  79   3  55   2  24  39  27
   97  46  69  19  20  87  99  65   9  55  79  11  50 100  40  39  84  12
   35  86  22  78  67  62  73  14  56  85  69  91  67  30  15  95  60  40
   27  63  49  65  75  78  13  47  94  13  43  24  83  57   8  90  19]
 [  0  98  44  81  98  21  38  18  75  43  31  18  37  12  39  71  85 100
   85  43  99  41  97   7   7  90  44  57  49  35  27  82  82  10  61  70
   98  81  19  13  15   2  96  44   3  52  16  22  10   9  36  84  63  91
   76  82  54  47  88  20  84   2  22  69  42  24  67  31  94  95  92  99
   60  74  39  83  45  13  75  39  42  66  98  39  12  90  50  59  67  82
   31  62   6  73  16  39  35  95  23  30  82  66  28  71  38  92  13  40
   67  60  95  29  29  53   8  52  55  29  43  80  16  96  67  10  37  86
  100 100  50  61  36  67  72  85  28   6  41  76  71  34   9  43  45  15
   51  81  27  91  10  91  69  30  20  36  69  81  79  49  83  35  40]
 [  0  63  64  28  10  69  53  86  13  20  43  83  35  28  53  94  96  80
   21  47   5  24  51  80  31   1  64  69  69  35  55  40  85  47  87  25
    2  31  95  94  85  81  61  21  90  75  40 100  96  57  77  50  28  80
   45  25  74  46  53  42  54   4  98  31  77  26  63  70  15  52   5  37
   66  84  76  33   5  62  71  33  48   2  79  64  85  37  92  85  30  27
   29  71  15  81   9  44  98  31  12  59  71  68  49  57   2   2  58  81
   25  82  49   3  29  75  51  76  33  75  88   2  53  47  88  97  38  93
   91  43  74  77  51  14  77  89  46  93  79   3  13  14   9  55   6  85
   46  27  45  66  79  54  96  88  23  86  86  70  28 100  98  16  54]
 [  0  39  83  66   2  61  22  17  84  35  66   5  35  91  73  30  52  66
   29  12  84  90  85  63  37  71  75  15  63  85  76  73  62  78  48  73
   38  55  95  33  57  64  18  69  31  88  98  57  11  23  44  99   1  40
    6  83  76  86  29  25  52  43  11  27  24  76  94  45  14  80  54  34
   58  51   6  46  99  29  59  83  18  50  66  48  17  38  18  64  10  91
   90  78  23  70  50  89 100  38  44  96  25   4  62  29  41  20  55  94
   35  14 100  47  72  55  66  23  44  43   9  28  79  17  84  46  83  43
   69  86  71  44  65  52  41  46  75  75  41   2  39  67  49  43  73  72
    7  68   8  15  74  80   8  73  83  65  15  79  10  69  31  88  66]
 [  0  61  24  10  47  74  71  74   9  47  59  30  20  57  25  22  50  85
   71  88   9  54  11  47   5  20  71  12  84  16  64  66  29  41  24  22
   71  30  50  92  91  33  94  84  36  60   6  25  40  84  54  30  83  35
  100  87  57  67  17  91  98   4  47  83  92  25  77  13  92  33  93  75
   64  28  90  89  65  73  12  39  24  48  64  61  22  19  64  11  96  34
   90  81  41  98  50   8   5  61  96  97  41  69  17   8  28  64  41   6
   61  82  47  34  48  45  11  40  13  20  93  54  87   2  98  50   6  64
   52  64  79  96  10  24  73  74  70  62  10  29  31  15  20  66  35  65
   57  13   9  74  36  55  64  20  13  97  88  76  85  87  17   8  95]
 [  0  35  19  83  47   3   2  46  79  10  91  64  51   8  60  44  17  51
   61   7  11  92  84  81  93  27  69  69  16  82  57  90  61  65  90  83
   68  36  13  42  60  83  65  16  10  61  12  49  54  94  83   6  32   5
   26  93  34  11  41  65  98  98  77  88  99  28  87  75  63  82  31  79
   10  32  99  28  73  95  71   4  36  48  91  62  38   3  60  83  39  93
   46  74  75  99  55  13  82  68  96  31  99   5   4  21   5  95  90  91
   39  33  36   6  18  51  93  79  71   2  68  43  33   2  92  16  27  79
   31  76   7  58  73  39  82   3  50   6  49  16  63  22   4  71   6  99
   95   4  41  66   1  23  72 100  81   7  30   7  44  20  52  32  43]
 [  0  20  57  92  86  39  53  62   4  74  20   3  77   4  75  22  77  98
   94  74  21  19  95  99  23  12  25  49  71  60  65  41  93  14  90  35
   69  61  71  54   3  62  38 100  49  36  76  88  50  21  80  86  39  94
   73  97  55  35  92  69  26  33   6  98  53  46   6  65 100  69  11  31
   27  51  82  50  56  74  46  21  74  70  81  96  81  68  23  31  24  37
   53  87  80  98  86  58  47  48  84  79  28  30  85  86  64  15  83  59
   45  31  18  66  60  58   4  48  96  65  13  44  51  82  46  24  70  41
   86  78  67  49  59  53  45  17  98  46  61  60  46  47  64  66  95  52
   97  41   2  47  32  71  70  63  84  58  10  14  99  60  68  32  74]
 [  0  59  69  10  41  76  90  81   1  34  69  12  89  99  70  23  29  25
   86  77  72  10  95  93  79  11  68  27   2  11  14   9  49   3  49  93
   38  83  56   5  32  73  84  51   3  93  47  22  42  91  91  44  69  18
   87  19  47  18  92  47   1  59  91  47 100  60  12  74  57  16  74  65
   36  81  89  73  84  58  89  55  73  91  80  34   1  72  80  37  57  15
    6  83  80  57   1  52  27  91  11  30  15  15  45  15  68  83  74  70
   11  15  85  23  27  21  62  31  27  21  65  47  87  35  64  76  58  69
   11  45  40  50  10  95  41  95  10  18  99  25  53  41  34  95  98  74
   75  16  28  68  16  87  24  24  86  26  80  34  88  93  95  73  98]
 [  0  10  52  67   6  17  14  57  39  35  56  95  74  85  34  17  41  27
   51   2  88  68  65  14 100  69  35  45  21  23   1   8  68  82  27  67
   13  13  10  23  72  21  78  47  64   1  91  60  90  95  29   7  43   3
   42  19  95  59  29  85  12  55  92  51  63  76  20  84 100  25  35  28
   79  61  91   1  49  19  80  61 100  23  26  34  69  48  62  31   4  18
   36  42  39  84  35  33  96  31  55  95  22  98  31  74  83  97 100  72
   45  78  91  42  95  46  65  50  17  31  98  65   9  13  70  32  62  33
   43  25  35  30   4  26  48  63  11  39  38  23  16  31  26  59  59   5
   94  57  27  97  60  12  56  17  67  62  42  44  20  82   5  71   7]
 [  0  45  24  63  44  85  58  97  37  62  40  13  19  98  20  23  31  67
   66  52  52   2  99  76  79  41  42   3  13  53  48  51  29  31  14  40
   36  15  95  79  13   4  34  54  80  42  40  42  87  21  79  94  49  89
   67   1  87  28   9  41  52 100  82  10   4  10  62  80  65  11  77  69
   46  60  87  57  98  38  46  85  11  76  99  41  15  95  73  68  19  43
   49  16  74  15  11  50  86  64  91  99  34   2  46  88  16  11  92  75
   94  98  26  19  97  40  26  84  32  27  70  19  96  26  24  72   5  35
   27  63  37  58  34  72  54  93  76  40  26  89  26  70  14  43  90  67
   89  41  55  45  84  50  90  12  22  27  50  54  15  83  10  68  85]
 [  0  39  25  44  55  31  33  37  98   5  22  14  90  74  22  56  69  83
   76  83  80  30  60  24  96  96  80  31  72  30  40  91   9  45  24  13
   20  39  87  22  95  14  14  34  53  70  70  50  18  42  73  37   2  76
    6  89  84  37  41  75  88  68  65  89  69  50  22  52  27  23  53  13
   76 100  49   5  55  36  67  73  48  40  81  77  42  48  75  27 100  80
   30  51  19  88  58  49  96  65  33  11  22  13  71  41  25  91  45  97
   93  80  23  17  75   6   1  49  54  49  51  47  91   6  73  36  36  51
   96  62  74   6  51  91  29  52  25  29  88  53  73  56  87  27  97  97
   39  89  46   2  51  62  56  47  80   8  71  55  29   1  84  22  49]
 [  0   2  68  91  74  97  67  83  28  80  13  47  55  15  18  32   6  95
   86   3  79  16  98  97  89  30  62   6  63  82  11  76  70  80  60  79
   47  83  62  41  97  87  33  28  81  30 100  25   8   3  24  82  75  48
   56  14  13  72  99  49  70  57   9  69  52  47  14  32   1  78  18  37
   17  45  73  32  93  48  44   4  33  13  33  77  92  68   1  63  85  45
   41  40  95  19  48  30  88  45   8  26  57  79   2  50  23  87  80  28
   52  99  73  45   8  97   1  61  52  20   3  36  13   2   7  71  15  71
   76  11  14  90  49  68  32  99  18  49  69   1  60  68   5  88  92  47
   63  15  86  96  53  74  63  80  66  46  41  27  74  50  92  38  14]
 [  0  71  72  89  10  69  63  20  37  37  47  11  70  31  88  30  10  46
   89   3  50  21  20  16  40  85  89  70  15  53  30  52  85   4  63   2
   97  47  59  37  97  32  51  45  53  73  64  11   1  86  40  73  67  81
   17  62  57  36  30  68   7  10 100  18  70  92  52  28  83  40  19  88
   75  14  11  48  59  90  23  11  85  32  79  26  42  24  37  33  86  48
   47  71  12  87  11  75  66   4  13   4  97  95  44  27  64  26  96  55
   63  68   7  53  76   3  54  82  63  23  60  81  56   7  78  24  38  56
   91  18  90  74  24  50  69  22  72  37  74  68  97  96  89  88  13  37
   26  28  27  60  47  81  32  92  76  67  67  27  95  92  27  82  25]
 [  0  62  68  68  45  61  13  78  85  10  37  68  83  49  37  69  34  54
   61  41  78  67  38  52  94  41   5  15  27   1  93  84  87  37  82  81
   25  44  37  16  95  20  61  90  90  30  64  54  13  29  49  67  34  46
    1  53  72  89  92  64  96  41   8  45  51  81  95  83  63  27  39  37
   62   3  80  26  36  19  43  63  40  58  28  76  46  25  17  23  49  79
   51  63  80  80  71  19  45  86  73  23  57  42  55  15  95  69  47  55
   80  97  30  73  91  67  28  52  55  43  36  73  74  32  76  90  56   3
   75  11  71  84  20  13  90  25  86  71  63  34  64   9  97  95  19  16
    5  13  20  80  60  71  50  20   8  84  34  94  82  74  12  19  57]
 [  0  36  83  84  36  88  55  13  37   6  41  22  61  75  69  90  44  29
   53  97  48  96  77  53  29  75  76  81  79  28  88   3  87  69  26  19
   86  39  88   9  47  67  39  29  49  24  72   2  53  78  93  92  79  61
   92  10  82  74 100  59  28  32   8  17  75  13   9  49  88  90  29  76
   63   7   3  59  14  16  96  49  83  31  61  91  77  67 100  20  34  88
   29  67  36   9   5  73  27  16  80  87  44   4  47  82  50  40  89   9
   25  57  78  84  39  25   5  62  53  61  10  17   6   4  25  31   3  23
    9  83  28  58  86  75  47  68  49  10  84  71  14  71  78  29  28  51
   36  30  19  37  16  45  94   2  59  40  56  49  67  45  13  59   2]
 [  0   1  63  82  54  51  41  62  55  27  23  33  93  98  27  23  60  52
   26  22  96  78  62  70  59  79  82  66  65  61  81  15  53  23  29  58
   28  33  53  42  62  49  97  20  16  83  80  64  38  85  24  80  57  53
   36  49  18  64  50  46  62  20  56  79   1  80   8  64  27  62  15  48
   35  18  23  31  57  38  52  57  45  13  31  32  63   1   8  37  14  48
   68  95   2  26  85  69  10  19  14  95  84 100  41  14  23  80  62  27
   15  58   4  74  14  77  98  35  94  21  64   2  52  92  88  33  32  25
   82  51  11  22  86  95  83   4  99  75  62  44  51   6  99  37  48  89
   84  92  18  57  51  11  63   4  20  79  69  65  29  61  57  43  16]
 [  0  44  83  46  31  43  32  27  25  32  13  60  59  95  58  54  64  81
   73  58  73   2  75  10  91  25  69  94  95  68  29  28  86  45  85  13
   52  31  98  93  90  69  96  30  64  67  12  20  15  53  35  37  87   9
   23  91  10   8  83  53  82  54  37  22  52  96   7  59  90   6  37  16
   82  32  79  40  91  95  32  53  87  95 100  76  80  93  23  66  48  11
   71  71  38  37  80  46  90  85  21  74  38  26  22  65   2  23  53  47
   75   9  85  22  90  35  98  37  46  10  63  69  64  12  98  55  24  36
   30  58  35  43   2  13  70  90  95  63   5   6  23   9  88  88  35  22
   78  86  92  14  67  99  34  19  89  34  88  78   2  92  78  30  71]
 [  0  25  94  76  65  18  87  90  77   2  44  25  83  98  43  26  56   8
   28  12  75  43  21  25  35  77  89  95  56  12  77  25  28  10  89  41
    4  21  50  38  66   5  49   6  59  46  72  53  48  23  38  74  66  13
   73  41  75   8  94  33  69  73  17  30  43  34  39   1  47 100  54  43
    4  73  67   3  51  87  92   4  47  38  37  40  54  71  69  74  87  42
   27  43   5  16  21  83  94  92  19  85  48  85  38   8  69  71  21  42
   15   6  32  66  87  68  40  38  18  87  88  87  75  54  37  20  33  38
   32   2  21  59  70   7  45  25  74  47  55  49  72   8  49   2  33  45
   87  63  45  37  91  72  82  66  83   6  42  84  80  30  32  58  34]
 [  0  83   7  74  30  88  51  66  79  91  43  61   7  13  81  47  34  16
   77  56  90  30  81  77  11  97  12  55  35  18  22  63  30  96  38  99
   64  70  67  96  67  59  70   8  31  62  53 100  41  38  53  40  13  24
   52  40  12   8  50  81   4  38  99  23  56  97  81  18  35  30  79  34
   20  62  65  51  63   7  46  99  95   7  27  58  31  84  36  69  73  64
   68  31  57  81  39  63  68  74  27  69  95  87  91  39  24  10   5   3
   61  24  97  71  76  39  99  68  27  14   6  13  34   7  40  88  92  81
   39  97  20  82   4  36  61  60  11  35  20  45  90  91  54  22  27  15
   18  29  19  37  31   8  11  27  15  19  13  81  29  73  98  69  55]]
 setup_times
 [[[ 0 48 31 39 41 52 55 45 44 31 58 40 32]
  [ 0  0 40 44 30 41 40 31 34 57 43 43 33]
  [ 0 39  0 55 58 59 33 54 46 51 31 50 36]
  [ 0 42 36  0 51 37 35 56 45 32 32 38 32]
  [ 0 45 33 36  0 53 33 51 42 38 47 46 43]
  [ 0 45 37 50 53  0 55 54 36 51 56 54 33]
  [ 0 30 56 55 39 36  0 34 46 31 37 48 59]
  [ 0 42 46 38 41 44 36  0 49 31 30 57 37]
  [ 0 51 53 41 52 45 57 33  0 44 30 38 36]
  [ 0 31 46 38 45 30 30 44 55  0 41 43 46]
  [ 0 53 45 49 49 30 50 39 36 45  0 44 48]
  [ 0 38 32 56 54 37 55 35 53 36 30  0 52]
  [ 0 38 31 38 47 49 44 47 46 56 51 47  0]]

 [[ 0 31 48 41 31 58 49 50 33 44 56 56 51]
  [ 0  0 45 37 56 57 47 58 31 56 31 34 55]
  [ 0 37  0 41 37 58 30 57 37 46 47 43 50]
  [ 0 40 42  0 50 55 48 38 41 38 33 42 51]
  [ 0 48 48 31  0 54 42 53 38 56 46 30 30]
  [ 0 35 41 57 50  0 43 30 36 33 53 53 45]
  [ 0 56 49 56 46 57  0 36 50 43 39 47 49]
  [ 0 33 34 58 44 44 52  0 57 53 34 44 53]
  [ 0 34 52 42 33 51 45 34  0 54 35 58 33]
  [ 0 38 43 44 42 33 46 45 49  0 34 49 53]
  [ 0 31 35 47 41 48 54 54 39 38  0 36 30]
  [ 0 50 47 50 39 37 58 34 49 52 40  0 59]
  [ 0 59 44 56 39 52 33 58 31 53 54 55  0]]

 [[ 0 37 38 41 35 52 38 40 39 34 43 37 47]
  [ 0  0 56 57 33 58 33 43 45 42 33 54 38]
  [ 0 49  0 46 54 48 31 42 39 32 58 54 44]
  [ 0 35 44  0 51 35 58 37 59 56 53 37 35]
  [ 0 45 42 32  0 41 38 34 31 58 52 32 56]
  [ 0 32 33 36 46  0 43 44 53 56 48 31 37]
  [ 0 30 55 44 49 55  0 55 56 38 49 40 53]
  [ 0 34 52 59 34 34 52  0 42 32 44 51 50]
  [ 0 39 55 58 53 49 54 33  0 44 35 42 37]
  [ 0 36 58 37 42 46 44 48 51  0 31 33 52]
  [ 0 30 37 58 38 33 53 34 39 42  0 46 40]
  [ 0 52 57 48 30 53 38 59 33 55 45  0 36]
  [ 0 45 56 33 57 44 59 35 47 57 40 38  0]]

 [[ 0 57 49 31 31 44 35 49 54 54 37 39 44]
  [ 0  0 32 43 59 56 50 48 47 55 53 38 52]
  [ 0 56  0 46 34 59 44 42 44 58 48 56 44]
  [ 0 50 42  0 49 32 32 53 39 30 30 54 50]
  [ 0 58 51 59  0 47 57 56 45 53 48 39 37]
  [ 0 40 56 57 36  0 44 36 39 46 39 58 31]
  [ 0 39 44 30 35 40  0 57 45 55 58 58 52]
  [ 0 56 34 32 30 42 31  0 42 32 55 49 39]
  [ 0 36 44 36 48 44 42 49  0 33 49 39 36]
  [ 0 38 35 36 31 42 36 40 46  0 54 41 57]
  [ 0 31 42 32 49 51 59 36 57 47  0 54 33]
  [ 0 50 55 54 58 59 39 44 52 38 41  0 56]
  [ 0 44 59 47 47 56 36 43 30 57 42 53  0]]

 [[ 0 36 59 34 54 31 53 45 57 30 31 35 46]
  [ 0  0 30 49 59 34 58 41 40 55 42 51 57]
  [ 0 33  0 37 44 49 36 52 47 44 48 47 52]
  [ 0 44 56  0 57 59 56 49 59 58 40 43 53]
  [ 0 49 51 41  0 31 31 54 46 35 34 48 46]
  [ 0 50 48 44 30  0 59 59 55 53 51 42 38]
  [ 0 38 36 44 55 52  0 47 54 42 56 48 51]
  [ 0 41 43 51 41 57 51  0 46 56 46 40 54]
  [ 0 38 30 47 54 31 39 48  0 53 46 53 39]
  [ 0 40 36 35 49 36 58 35 35  0 33 57 37]
  [ 0 45 44 47 52 40 55 51 45 38  0 58 44]
  [ 0 30 56 35 31 33 58 49 33 44 30  0 54]
  [ 0 40 30 42 54 31 43 38 36 38 54 36  0]]

 [[ 0 44 31 43 35 57 41 50 50 59 50 48 55]
  [ 0  0 39 39 30 54 39 56 56 34 50 40 55]
  [ 0 31  0 53 35 57 50 43 34 44 52 32 45]
  [ 0 49 43  0 36 54 33 41 39 57 36 50 59]
  [ 0 59 31 45  0 58 58 49 51 42 50 48 35]
  [ 0 49 56 48 56  0 38 48 53 56 56 41 34]
  [ 0 42 30 57 54 57  0 50 37 53 38 46 50]
  [ 0 55 38 44 55 52 57  0 54 56 39 48 41]
  [ 0 52 38 33 44 56 58 57  0 43 32 32 45]
  [ 0 46 35 50 33 41 52 51 53  0 48 36 37]
  [ 0 44 52 36 32 40 43 55 48 52  0 54 49]
  [ 0 48 52 36 47 54 48 56 52 59 51  0 31]
  [ 0 55 57 30 45 44 57 47 57 38 48 38  0]]

 [[ 0 42 54 36 51 57 42 51 43 43 36 37 48]
  [ 0  0 33 45 34 32 52 33 33 51 44 32 32]
  [ 0 43  0 45 52 55 31 47 42 48 48 41 59]
  [ 0 31 54  0 34 39 41 37 38 34 39 55 36]
  [ 0 47 52 40  0 56 59 54 51 32 30 44 46]
  [ 0 47 37 34 31  0 50 30 33 54 30 55 32]
  [ 0 30 33 40 48 31  0 30 31 45 56 34 42]
  [ 0 49 43 46 58 59 30  0 51 43 31 51 52]
  [ 0 57 57 39 30 53 39 33  0 35 41 54 41]
  [ 0 46 44 49 59 40 44 42 49  0 38 54 41]
  [ 0 54 46 31 31 30 42 48 40 34  0 50 49]
  [ 0 45 54 41 47 53 49 42 34 59 54  0 57]
  [ 0 54 36 30 45 44 31 54 42 55 54 49  0]]

 [[ 0 56 39 59 50 58 47 52 37 43 32 47 39]
  [ 0  0 32 59 56 50 47 43 56 32 42 48 41]
  [ 0 39  0 48 36 32 49 32 56 48 44 44 41]
  [ 0 58 45  0 30 55 31 45 39 37 46 43 40]
  [ 0 30 31 55  0 50 54 45 30 56 59 30 38]
  [ 0 51 54 53 44  0 55 39 30 57 40 57 31]
  [ 0 44 35 35 50 46  0 40 30 58 39 52 59]
  [ 0 47 33 55 50 49 40  0 38 45 42 50 39]
  [ 0 40 39 31 32 39 44 36  0 50 59 41 33]
  [ 0 52 43 31 50 56 52 46 54  0 45 59 34]
  [ 0 42 53 36 37 56 47 56 57 49  0 57 56]
  [ 0 59 53 57 33 35 39 30 31 57 46  0 45]
  [ 0 46 33 43 43 57 45 44 30 53 45 36  0]]

 [[ 0 58 58 31 41 30 51 55 35 50 52 53 36]
  [ 0  0 35 50 40 33 46 51 38 41 59 50 54]
  [ 0 38  0 55 44 46 41 42 39 59 43 38 54]
  [ 0 51 52  0 57 30 57 55 32 32 46 44 52]
  [ 0 33 46 35  0 45 41 54 35 58 53 35 34]
  [ 0 59 53 46 38  0 53 42 33 46 55 45 34]
  [ 0 46 59 56 30 47  0 51 40 42 43 38 44]
  [ 0 44 40 54 44 30 53  0 46 55 48 51 52]
  [ 0 48 54 41 50 50 34 30  0 48 37 34 58]
  [ 0 42 41 54 51 46 36 40 35  0 59 43 55]
  [ 0 56 41 30 55 43 31 47 38 38  0 54 41]
  [ 0 53 50 51 38 32 49 50 40 53 41  0 59]
  [ 0 50 37 38 44 56 37 36 46 42 30 35  0]]

 [[ 0 52 31 49 38 42 42 52 36 43 53 40 33]
  [ 0  0 42 59 35 54 35 32 52 52 33 58 41]
  [ 0 39  0 33 40 41 45 36 48 58 33 46 59]
  [ 0 41 30  0 40 42 54 50 36 55 59 59 36]
  [ 0 55 42 33  0 39 32 42 40 30 53 42 52]
  [ 0 57 34 59 53  0 46 53 45 36 46 33 42]
  [ 0 35 37 49 57 48  0 33 52 56 46 48 37]
  [ 0 31 47 49 52 58 49  0 32 43 31 58 49]
  [ 0 56 58 30 43 48 49 50  0 59 45 46 53]
  [ 0 59 49 30 52 46 40 49 31  0 58 49 39]
  [ 0 32 35 35 56 49 47 42 41 43  0 57 35]
  [ 0 31 47 59 50 59 57 40 56 50 39  0 53]
  [ 0 40 35 45 45 43 37 34 45 42 35 36  0]]

 [[ 0 32 31 55 58 50 30 32 36 48 44 32 43]
  [ 0  0 42 57 40 32 51 52 59 47 35 54 44]
  [ 0 54  0 52 42 34 52 45 41 34 35 34 47]
  [ 0 51 33  0 35 43 45 32 33 49 49 31 34]
  [ 0 57 32 50  0 57 52 58 35 32 47 40 37]
  [ 0 40 54 56 54  0 41 44 33 41 54 42 46]
  [ 0 52 39 42 56 40  0 58 42 46 35 37 51]
  [ 0 39 35 47 54 49 51  0 53 37 31 37 36]
  [ 0 39 50 54 54 36 53 58  0 35 43 37 44]
  [ 0 32 44 32 38 44 50 51 35  0 31 54 49]
  [ 0 53 49 46 33 32 55 38 42 42  0 37 47]
  [ 0 34 37 40 42 41 30 57 52 57 35  0 48]
  [ 0 50 58 31 31 42 58 58 50 35 39 57  0]]

 [[ 0 44 45 48 41 50 53 44 53 59 47 58 33]
  [ 0  0 30 48 41 35 59 47 58 39 52 46 36]
  [ 0 43  0 53 34 36 55 44 50 52 48 45 59]
  [ 0 32 53  0 56 31 45 36 35 40 34 51 54]
  [ 0 39 56 42  0 39 50 35 39 49 44 41 46]
  [ 0 49 39 36 49  0 54 51 58 59 45 51 45]
  [ 0 55 52 54 30 34  0 59 59 35 51 47 48]
  [ 0 40 48 38 34 32 36  0 34 59 59 51 30]
  [ 0 39 36 43 34 37 41 33  0 39 38 37 53]
  [ 0 49 56 56 49 51 42 53 55  0 34 35 42]
  [ 0 54 47 39 52 57 32 51 53 37  0 39 44]
  [ 0 39 44 47 49 38 33 48 50 52 48  0 59]
  [ 0 32 48 46 56 30 50 43 38 30 43 55  0]]

 [[ 0 41 40 31 44 44 43 32 51 44 56 48 37]
  [ 0  0 56 59 47 50 40 31 41 45 55 38 48]
  [ 0 38  0 39 36 46 36 49 57 34 36 58 59]
  [ 0 34 45  0 44 59 31 53 35 38 37 32 40]
  [ 0 44 53 47  0 30 46 53 46 48 49 31 35]
  [ 0 46 47 50 59  0 56 47 50 57 42 48 48]
  [ 0 44 33 55 32 41  0 54 48 38 49 33 40]
  [ 0 51 32 35 48 46 32  0 32 55 31 36 42]
  [ 0 58 38 44 51 56 45 48  0 58 36 39 36]
  [ 0 37 52 49 50 38 47 31 32  0 32 47 52]
  [ 0 41 40 41 40 56 46 52 40 57  0 52 57]
  [ 0 35 53 31 40 42 34 53 45 56 48  0 57]
  [ 0 31 56 41 51 32 48 45 31 36 58 42  0]]

 [[ 0 51 49 55 45 32 40 37 39 30 45 34 30]
  [ 0  0 55 38 48 36 34 44 30 57 57 52 44]
  [ 0 50  0 41 59 59 33 49 36 59 53 50 41]
  [ 0 38 51  0 31 53 34 42 46 44 51 36 41]
  [ 0 52 47 56  0 37 41 44 59 39 45 37 54]
  [ 0 49 30 46 31  0 54 35 59 52 41 31 33]
  [ 0 58 35 38 54 35  0 43 38 43 42 47 53]
  [ 0 44 46 57 53 34 34  0 38 42 52 43 58]
  [ 0 42 57 59 35 41 46 51  0 47 56 30 51]
  [ 0 37 30 40 47 37 42 51 37  0 33 38 39]
  [ 0 44 49 37 39 40 39 52 35 45  0 49 30]
  [ 0 45 53 44 43 35 35 30 53 45 40  0 44]
  [ 0 30 38 35 33 57 41 53 49 55 50 54  0]]

 [[ 0 45 54 32 47 49 31 30 31 36 47 49 41]
  [ 0  0 50 52 47 59 47 54 57 31 49 48 39]
  [ 0 53  0 52 58 33 34 53 53 43 30 58 55]
  [ 0 39 42  0 58 52 36 44 34 32 58 37 41]
  [ 0 38 41 30  0 34 39 56 55 46 46 45 36]
  [ 0 52 48 35 48  0 39 40 51 42 36 55 47]
  [ 0 56 55 46 56 32  0 43 46 47 39 59 38]
  [ 0 32 38 53 43 32 59  0 37 53 41 51 37]
  [ 0 50 38 46 48 58 37 58  0 39 34 46 49]
  [ 0 52 57 36 54 45 50 54 56  0 46 32 36]
  [ 0 51 48 44 31 48 35 50 47 33  0 37 33]
  [ 0 33 42 57 54 45 45 43 55 55 56  0 39]
  [ 0 53 38 51 38 30 31 41 48 56 40 45  0]]

 [[ 0 33 32 36 58 55 42 34 34 59 44 54 39]
  [ 0  0 34 35 33 38 32 56 46 53 55 51 34]
  [ 0 39  0 52 53 30 32 31 37 56 50 43 47]
  [ 0 57 33  0 46 44 47 39 30 45 46 53 35]
  [ 0 54 30 55  0 35 41 45 51 36 43 46 45]
  [ 0 45 56 36 32  0 47 44 50 37 45 35 40]
  [ 0 49 59 53 41 31  0 59 34 43 47 35 57]
  [ 0 57 31 56 52 54 54  0 31 50 37 44 38]
  [ 0 41 38 44 44 56 49 57  0 45 52 36 46]
  [ 0 38 49 58 39 54 40 49 41  0 51 32 44]
  [ 0 38 48 37 58 47 37 56 44 46  0 38 34]
  [ 0 39 56 59 46 51 32 52 50 43 42  0 46]
  [ 0 55 56 49 35 34 42 59 45 34 51 38  0]]

 [[ 0 33 52 47 33 53 32 53 57 51 47 43 42]
  [ 0  0 46 32 33 46 55 49 55 57 38 33 44]
  [ 0 34  0 44 37 49 51 55 53 38 30 32 44]
  [ 0 37 51  0 34 32 34 56 45 59 55 50 56]
  [ 0 50 31 45  0 41 53 36 47 32 37 31 41]
  [ 0 47 59 45 40  0 42 41 45 52 37 34 47]
  [ 0 48 48 39 46 57  0 42 43 35 59 56 47]
  [ 0 46 41 57 30 34 46  0 39 51 46 58 57]
  [ 0 30 37 58 31 59 32 52  0 57 49 47 33]
  [ 0 59 57 35 40 55 58 30 57  0 53 49 49]
  [ 0 45 47 56 31 37 57 55 57 40  0 47 31]
  [ 0 43 49 51 36 47 47 51 31 46 31  0 32]
  [ 0 41 32 33 48 57 34 34 45 37 51 47  0]]

 [[ 0 58 37 58 49 31 58 38 47 31 39 44 36]
  [ 0  0 47 58 33 56 51 45 30 47 35 30 56]
  [ 0 49  0 38 36 40 58 52 57 30 30 47 40]
  [ 0 41 42  0 43 47 55 39 37 40 59 53 58]
  [ 0 40 57 55  0 36 59 32 43 33 30 49 48]
  [ 0 41 42 56 59  0 55 47 40 38 56 30 46]
  [ 0 52 56 42 33 33  0 47 59 52 46 30 50]
  [ 0 32 30 34 37 46 52  0 56 39 49 46 48]
  [ 0 31 45 49 46 52 48 52  0 55 35 44 34]
  [ 0 38 46 35 58 36 43 48 34  0 57 44 44]
  [ 0 38 59 51 35 47 49 42 56 39  0 49 30]
  [ 0 43 49 59 44 40 33 59 38 42 45  0 43]
  [ 0 47 30 33 50 30 58 35 35 46 57 37  0]]

 [[ 0 31 56 53 57 44 57 54 31 41 57 57 56]
  [ 0  0 36 41 41 59 55 59 56 56 33 57 59]
  [ 0 42  0 42 30 54 40 55 38 56 35 45 42]
  [ 0 30 46  0 56 34 57 53 51 57 32 56 30]
  [ 0 32 35 47  0 45 49 31 58 57 52 56 31]
  [ 0 45 46 32 38  0 45 56 49 46 31 40 49]
  [ 0 48 36 48 58 49  0 35 47 32 45 47 32]
  [ 0 46 31 59 44 38 52  0 40 49 36 48 30]
  [ 0 46 51 30 43 52 52 59  0 35 41 52 34]
  [ 0 32 46 49 32 49 43 49 37  0 43 54 43]
  [ 0 53 50 42 33 34 30 36 50 41  0 46 40]
  [ 0 36 51 49 49 40 42 53 36 55 49  0 58]
  [ 0 44 42 53 54 41 58 36 58 39 45 37  0]]

 [[ 0 34 54 56 45 43 44 36 59 54 47 45 58]
  [ 0  0 32 58 51 30 33 44 56 38 57 35 39]
  [ 0 32  0 59 39 43 31 40 35 43 40 52 51]
  [ 0 52 52  0 40 33 44 45 53 53 52 51 50]
  [ 0 52 46 53  0 45 37 53 49 58 46 46 34]
  [ 0 37 33 50 55  0 35 37 30 35 37 47 56]
  [ 0 35 37 38 52 41  0 55 55 49 50 37 33]
  [ 0 49 59 50 50 50 51  0 49 53 35 42 49]
  [ 0 49 54 57 40 56 37 32  0 58 50 59 55]
  [ 0 53 33 37 43 51 51 58 53  0 54 39 41]
  [ 0 55 31 41 38 39 34 40 46 42  0 50 42]
  [ 0 42 47 37 52 37 57 49 35 43 42  0 50]
  [ 0 31 42 36 35 40 59 50 51 46 38 40  0]]]
 delivery_times
 [[ 0 59 72 40 77 71 35 56 97 11 13 95 13  9 58 14 73 48 34 66 45 37 57 69
  27 77  4 75 64 55 73 42 59 11 96 26 60  9 96 75 53 53 78 38 67 22 92 81
  89 36 55 22 48 74 59 54 56  7 37 19 25  3 50  8 45 36 78 60 96 47 95 41
  87 39 43 99 97 24 33 70  4 51 43 93 91 50 88  8  1 56 66 81 48 52 29 19
  64 13 17 32 58 73 81 25 74  7 58 27 85 49 48 33 65 72 59 99 51 29 24 41
  85  4 20 45 65 31 76 82 94 25 75 61 88 89 63 26 88 95 91 40 90 62 62 25
  54 74 59 99 48 77 10 75 65 33 21 28 82 21 80 70 64]
 [ 0 64 83 51 96 60 90 91  3 98 19 26 23 83  3 13 55  9 61 49 47 92 18 25
   3 99  2 92 33 50 62  6 90 79  5 95 87 10 23 97 84 28  5 17 33  3 99 38
  43 92 29 20 45 68 92 55 52 71 22 99 74  5 44  3 18 24 37 32 53 12 63  2
  15 68 28 31 21 40 63 25 28  5 81 97 56 26 63 53 44 49 29 10 59 26 85 43
  54 61 51 27 94 30 67  3 13 42 73 18 95 71 94 52 96 89 44 53 77 88 32 26
  20 72 49 61 16 32 31 50 64 43 94 70 16 57 57 47 64 91 32 19 73 40 11 31
  17 74 12 45 18  3 75  1 52 64 37 16  4 15 34 56  7]
 [ 0 64  3 13 81 15 87 97 61  8 39  5 78 69 46 37 54 71 80 21 24 75 83 37
  38 47 38 66 76 88 24 80 80 61 19 51 26 38 67  7 61 47 21 23 18 66 60 62
  93 17 27 51 78 98 77 35  6 51 43 48 60 18  8 82 91 30 76 55 16 15 41  4
  43 19 69 75 50 51 94 52 85 91  1 63 93 65 34 24 39 81 57 53 17 32  9 67
  77 59 68 35 34 76 58 54 57 54 98 47 24 88 26 77 62 51 17 15 54 22 22 63
  30 43 93 60  4 97 31  4 24 41 53 72 48  3 35 25 12 21 90 80 73 62 28 94
  65 10  1 33 57 87 42 32 56 75 71 50 18 25 52 80 26]
 [ 0 71 64 74 19 13 10 43 69 18 97  4 26 84 47 50 88 76 13 79 64 83 68 51
  52 63 82  7 70  2 48 66 34 52 90 73 64 75 23  4 33 80  6 69 86 62 71 32
  95 88 26 99 96 82 41 58 36 64 69 20 29 78 55 99 23 17 38 73 10 91 66  9
  31 55 39 79 43 48 93 87 98  5 46 22 22 71 58 98 79 42 56 72 48 59 77 33
  40 19 55 35 51 86 80 28 27 58  3 14 48 58 27 71  7 52  5 74 74 28 99  3
  82 41 31 20 25 26 14 39 21 62 94 31 63 70  8 44 22 14 89 46 55 82 18 87
  88 29 12 18  1 32 18 74 33 93 97  6 26  6 81 41 87]
 [ 0 44 43 71 23 19 18 24 70 87 17 70 99 38  5 18 14 17 43 98 83 16 66 59
  84 71 58 35 78 98 15 87 26 14 49 61 53 85 29 67 94 88 53 91 44 73 14 90
  25 29 72 31 57 80 39 36 57 95 20 92 13 26 86 23 48 15 75 83  1 34 87 94
   7 96  4 97 86 40 36 66 49 75  9 59 41 27  2 66  4 87  1 49 15 87 38 74
  18 61 89 55 74 43 39 35 81 22 50 35 22 59 78  6 47 63 28 16 92 95 35 11
  90  7 96 50  5 56 68 90 12 70 60 84 66 31 24  1 62 66 86 79 44  1 52 48
  28 40 53 98 52 17 26 15 57 14 54 50 26 34 12 21 59]
 [ 0 14 44 21 71 71 45 55 90 76 24 64 92 67 72 84  3 34  1 45 90 92 15 23
  17 85 55 25 88 38 15  4 44  2 29 39 75 57 69 17 15 94 14 76 42 68 57 13
  62 80 12 15 93 74 60  2 42 70 47 68 73 25 62 12 30 10 57 23 72 45 63  5
  17 61 12  7 20 43 47 14 97 82 75 25 58 71 60 32 66 52 44 18 33 52 95 39
  20 53 78 13 67 96 57 23  6 43  8 57 25 29 42 31  2 76 63 42 73 66 20 33
  45 59 58  5 77 97 63 90  5 54  3 44 64 88 64 37 89 21 85  9 59 85 10  4
  44 77 83 84 68 70 90 55 81 41 34 43 28 49 59 79 80]
 [ 0 25 33 48 94 38 65 61 26 95  6 53 94 62 17 97 71 88 38 35 46  7 55  8
  79 43 12 41 97 38 65 87 70 97 60  2 64 68 67 43 73 22 27 83 34  9 82 14
  31 34 12 38 95 51 83 36 50 91 74 82 27 56 86 42 74 49 91 99 22 87 87 92
  78 55 35 93  7 89 84 27  4 47 27 60 30 89 11 46  9 34 47 86 76 23 96 83
  59 71 87 53 93 72 68 15 73 71 63 55 10 27 37 82 81 76 66 62 52 83 12 30
  16 50  2 79 30 97 27 98 74 30  3 26 78 79 25  3 57 21 52  1 55 64  3 10
  83 50 48 92 69 39 90 76 89 26 75 63 56  2 62  1 55]
 [ 0 74 39 94 64 82 45 34 83 43  3  8 64 15 62 54 57 17 41 14  9 20 80  6
  91 45 93 79 88 23 43 57 97 81 65 49 88 71  9 71 93 97 47  2 32 49  2 32
   8 76 99 67 94 22 12 69 87 45 44 77 93 53 90  9 97 68  6 82 48 54 18 92
  32 25 57 53 16 97 31 41 97 11 82  8 76 29 54 10 56 19 82  5 59 77 22 55
  69 14 89 84 79 77 23 31 69  4 25 73 85 80 99 76 63  8 34 56 53 74 50 25
  70 54 37 41 47 73  7  4 42 50 84 69 37 37 83 15 30  2 99 34 38  2 24 63
  38  6 23 18  8 29 18 68 73  1 45 13 34 28 16 41 27]
 [ 0 30 52 32 57 69 36 60 90 35 78 64 11 52 22 20 87 97 87 15 16 40 63  1
  85  5 37 35 37 81 83 91 93 95 57 94 47  2  4 13 49 20 29 72 96 58  4 93
  48 46 18 97 70 82  4  8 18 37 24 34  8 84 95 27 86 47  3 65 70 37 96 19
   5 94 16 67 49 65 17 82 82 86 96 69  3 65 31 76 59 39 88 68 44 61 59 51
   7 95 55 79 76 40 68  5 79 42 20 59 84 75  9 23 39 93 18 95 35 13 31 62
  76 81 19 20 78 38 11 54 52 45 34 25 47 33 52 16 54  6 82 29 90 29 96 73
  87 84 79 82 25 29 87 29 68 32 44 82 61 47 17 92 21]
 [ 0 34 92 51 78 12 63  3 34 64 49 56 93 23 71 96 28 68  6 95 21 25 85 95
  71 71 21 76 50 77 80 21 28  3 70  7 57 63 71  5 25 35 19  1 42 54  6 24
  22 65 86 67 11 16 44 99 91 55 74 52 35 93 65 91 66 17 63 75 90 35 27 57
  96 82 69 70 34 36 36 63 73 15 40 56 27 35 34 95 20 79 71 23 27 74 61 76
  89 88 65 10  4  2 45 21 20 59 51 70 88  1 70 85 18 46 39 64 47 50 50 71
   1  7 85 33 39 18 25 32  7 43 93  5 79 17 77 85 43 86 78 79 83 94 96  1
  31 23  3 68 82 65 92 74 23 39 16 16 94 45 92 70 55]
 [ 0  3 48 89 24 39 58 86 12 21  7 42 70 54 77 27 76 44 15 48 89 52 84 43
  44 39 53 64 84 48 97 26 64 52 32 96 51 64 68 77  1 48 44 64 26 28 57 70
  87 82  7 38 34 49 51 27 71 48 25 55 97 88 21 70 51 50  7  9 43 82 73 71
  92 46 13 20 14 37 27 60 85 91 34 55 66  6 21 96 60 45 67 26 10 10 65 15
  61 86 82  8 99 28 12 99  6 52 34 52 75 21 28 74 95 76 80 75 12 39 34 64
  62 91  2 64  9 55  3 28 53 72 97 58 61 74 46 35 86 86 22 41 67 51 96 91
  88 73 78 84 34 36 43 62 17 61 35 83 90 71 81 66 54]
 [ 0 37 51 80 74 80 44 27 53 18 64 41 35 61 82 65 48 78 60 43 92 60 83 93
   1 65 93 68 60 12 12 48 17 72 49 69 72 96 72 23 35 44 24 58 92 32 92 83
  83 31 69 99 44 90 89 22 42 16 29 77 21 90  5 76 55 81 94 99 11 30  1 44
  15 19 63 22 40 82 87 20 48 97 58 16 66 70 70  5 57 78 25 35 67 75 60 74
  59 29 45  9 33 68 77 56 31 82 29 77 46 74 85 23 83 24 41 37 13 47  1 16
  61 32 64 55 67 52 37 21 20  6 70 23 67 52 17  1 64 97 84 55 73 26 32 82
  22 96 17 40 11 48 11  5 35 26 13  6 37 65 11 32 60]
 [ 0 76 63 39 23 67 97 72 80 89 52 97 52 99 82 73 50 18 63 27  5  9 52  5
  28 62 83 20 51 47 73 94 50 77 73 44  6  2 26 29 57 10 96 59 22 35 44 71
  54 11  6 32 22 90 87  3 44 85 47 57 45 54 77 97 21 71 54 77 43 11  9 99
  13 43 17 16 81 34  9 97 63 67 50 77 86  1 39 96 91 81 68 18 85 83 61 36
  72 29 61  5 19 99  5 90 21 41 69 56 75 41 44 47 75 79 86 40 64 96 66 37
  23  2 27 25 47 88 56 30 58 55 62 38 16 25 68 79 26 34 29 13 58 22 58 51
  64 79 11 70 50 79 59 63 98 71  6 50 28 79 10 25 40]
 [ 0 52 56 39 60 37 58 83 13 85 99 28 32 36 36 46 76 37 24 26 67 34 94 61
  90 43 24 96  3 70 36  5 15 58 62 95 66 15 61  9 36  9 46 54 72 17 81 83
   5 22 10 91 59 46 55 18 74 20 76 21 22 71  2 75 57 17 94  5 24 29 11  5
  76 12 31 78 44 77  6 37 97 39 73  8  8 24 16 54 80 40 20 19 56 32 23 68
  42  2  3 75 54 98 57 55 40 46 46 85 57 75 82 21 79 42 61 81 14 96  5 97
  88 81 31 71 35  1 36 81 26 26 86 61  1 54 54 48 53 17  5 65 75 59 75 44
  98 27 21 85 31 46 44 93 10 32 91 24 63 58 31 46 60]
 [ 0 88 91 53  1 88 82 87 49 62  2  2 47 20 87 39 52 47 66 34 52 31 32 54
  52 84 34 45 90 39 37  8 22 30 31 60 37 45 18  5 28  6 58 89 42 89 46 25
  59  3 72 93 54 56 27 90 94 32 74 98 75 99 55 25 30 28 59 90 98  5 51 40
  60 17 16 17 13 89 73  8 54 34 74 14 20 61 31 36 19 14 91 11 32 94 97 15
  57 19 41 91  7 81 45 16 33 77 75 60 96 21  8 26 92 53 72 20 95 27 23 71
  84  3 14 73 79 99 63 17  1 14 62  3 64 14 86 78 66 62 77 70  3 69 19 29
  57 45 56 46 85 15 39 78 12 44 36 18 99 27 87 47 76]
 [ 0 30 82 32 83 58 63 81 67 20 96 35 10 31 22 35 60 40  9 27 60 94 55 69
  96 10 11 49 53 32 19 87 69 85 89 38 97 62 57 99 66 18 63 89 75 74 73 90
  56  6 99 16 44 30  5  7 66 45 83 35 65 67 42 74 44 40 18 91 63 17 44 81
  45  8 47 76 72 23 35 40 73  4 20 84 35  7 30 75 18 95 32 48 83  1 74 51
  31 37 12 65 63 89 40 82  4 11 14 47  8 66 52 75 44 63 12 75 25 14 46 65
   4 54 27  7 43 98 41 63 47 85  1 34 45 21 51 45 12 60 98 85  1 22 96 99
   7 53 73 74 14 19 64 72  2  7 77 87 74 29 78 23 16]
 [ 0 95 60 63 92 88 20 10 64 37 63 18 67 85 98 70 89 88 71 95 32 28 42 16
  81 22 45 77 80 81 68 53 25 30 94 31 80 16 56 41 48 10 30 29 55 61 45 74
  76 22 75 51 56 30 44 44 84 45 65 23 99 32  9 90 54 52 71 88 10 56 43 52
   6 34 82 93 12 53 27 65 11 52 13 48 63 37 68 92 85 60 38 70  2 23 88 10
  34 35 87 31 33 76 91 46 46 87 41 85 30 93 45 39 25  9 83 40 58 77 92 14
  33 45 36 72 35 24 28  5 47 14 99 24 33 34 46 13 25 69 10 95 67  8 32 18
  46 44 19 10 35 36 77 76 32 96 21 71 90 58 46 95 55]
 [ 0 45 12 72 93 12 76 89 44 33 62 85 77  7 34 88 33 87 34 20 59  1 93 59
  92 14 51 16 21 84  4 76 95 56 53 24 37 54 99 62 86 81  1 74  5 67 57 35
  61 86 83 14 63 55 64 43  2 72 33  2 85 23  9 62  7 24 19 23 93  3 16 19
  92 18 16 70 41 60 94 67 71 69 66 15 33 41 87  7 42 11 23 39 47 64 85 13
  60 95  8  2 91 39 39 62 23 76 40 14 63 21 19 51 65 74 44 67 37 55 60 74
  79 85 94 50  6 64 80 27 37 62 59 91 22 98 13 86 93 73  3 47 15 27  7 88
  90 59 74 17 13 42 56  1 88 63 37 89 49 36 73 61 67]
 [ 0 17 77 17 55 64 37 64 74  2 76 29  6 56  5 53 47 10 83 29 67 48 45 37
  46  2 58 74 83 42 18 51 75 92 54 51 47 29 86  2 53 30 92 87 29 78 94 57
  45 17 85 23 70 97 49 16 12 12 39 73 89 13 22 58 90 58 17 37 84 26  2 28
  46 83 28 23 22 22 47 37  9 15 44  8 40 96 14 46 65 94 68 35 84 70 89 78
   9 79 59 99 32 14 50 54 56 16 96 43  6 84  2 58 40 56 83 43 97 74  3 54
  39 36 78 20 65 37 76  7 21 35 53 69 12 33 55 37 11 85 69 37 63 30 98  7
  52  7 63 35 32 28 59 13 41 32 79 91 14 72 55 10 12]
 [ 0 86 43 49 53 48 58 76 28 18 76 55 88 24 83 65 52 58 82  1 32  5 57 19
   3 11 25 62 75 52 50 57 16 35 14 51 42 37 37 51 77 81 62 83 30 27 26 37
  30 75 84 75 90 81 20 46 25 94 13 92 15 96 92 98 32 55 91 41 20 88 61 98
  33 11 58 11 34 17  2 58 25 34 54  7 40 20 92 12 14 33 64 47 36 99 96 86
  57 25 45  9 30 52 44 67  1 28 63 22 94 31 72 72  5 16 22 96 85 48 64 43
  25 50 55 99  2 61 91 15 16 76 17 12 39 60 41 59  6 40 10 15  3 48 13 51
  51 20  1 61 21 55 64 59 85 72 94 17 20 69  7 40 55]]
 job2fam
 [[1 0 0 0 0 0 0 0 0 0 0 0 0 0 0 0 0 0 0 0 0 0 0 0 0 0 0 0 0 0 0 0 0 0 0 0
  0 0 0 0 0 0 0 0 0 0 0 0 0 0 0 0 0 0 0 0 0 0 0 0 0 0 0 0 0 0 0 0 0 0 0 0
  0 0 0 0 0 0 0 0 0 0 0 0 0 0 0 0 0 0 0 0 0 0 0 0 0 0 0 0 0 0 0 0 0 0 0 0
  0 0 0 0 0 0 0 0 0 0 0 0 0 0 0 0 0 0 0 0 0 0 0 0 0 0 0 0 0 0 0 0 0 0 0 0
  0 0 0 0 0 0 0 0 0 0 0 0 0 0 0 0 0]
 [0 0 0 0 0 0 0 0 0 0 0 0 0 0 0 0 0 0 0 0 0 0 0 0 0 0 0 0 0 0 0 0 0 0 0 0
  1 0 0 0 0 0 0 0 0 0 0 0 0 0 0 1 0 0 1 0 0 0 0 0 1 1 0 0 0 0 0 0 0 1 0 0
  0 0 0 0 0 1 0 0 0 0 0 0 0 0 0 1 0 0 0 0 0 0 0 0 0 0 0 0 0 0 0 0 0 0 1 0
  0 0 0 0 0 0 0 0 0 0 0 0 0 0 0 1 0 0 0 0 0 0 0 1 0 0 1 0 0 0 0 0 0 0 0 0
  0 0 0 0 0 0 0 0 0 0 0 0 0 0 0 0 0]
 [0 0 0 1 1 1 0 0 0 0 1 0 0 0 1 0 0 0 0 0 0 0 0 0 0 0 0 0 0 0 0 0 0 0 0 0
  0 0 0 0 0 0 0 0 0 0 0 0 0 0 0 0 0 0 0 0 1 0 0 0 0 0 0 1 0 0 0 0 0 0 0 0
  0 1 0 0 0 0 0 0 0 0 0 0 0 0 0 0 0 0 0 0 0 0 0 0 0 0 0 0 1 0 0 0 0 0 0 0
  0 0 0 0 0 0 0 0 0 1 0 0 1 0 0 0 0 0 0 0 0 0 0 0 0 0 0 0 0 0 0 0 0 0 0 0
  0 0 0 0 0 0 0 0 0 0 1 0 0 0 0 0 0]
 [0 0 0 0 0 0 0 0 0 0 0 0 0 0 0 0 0 0 1 0 0 0 0 0 0 0 1 0 0 0 1 0 0 0 0 0
  0 0 0 0 0 0 0 0 0 0 0 0 0 0 0 0 0 0 0 0 0 0 0 0 0 0 0 0 1 0 0 1 0 0 0 0
  0 0 1 1 0 0 0 0 0 0 0 0 0 0 1 0 0 0 0 0 0 0 0 0 0 0 0 0 0 0 0 1 0 0 0 0
  0 1 0 0 0 0 0 0 0 0 0 0 0 0 1 0 0 0 0 0 0 0 1 0 0 0 0 0 0 0 0 0 0 0 0 0
  0 0 0 0 0 0 1 0 0 0 0 0 0 0 0 0 0]
 [0 0 1 0 0 0 0 0 0 0 0 0 0 0 0 1 0 0 0 0 0 0 0 0 0 0 0 0 0 0 0 0 0 0 0 1
  0 0 1 0 0 1 0 0 0 0 0 0 0 1 1 0 0 0 0 0 0 0 0 0 0 0 0 0 0 0 0 0 0 0 0 0
  0 0 0 0 0 0 0 0 0 0 0 0 0 0 0 0 0 0 0 1 0 0 0 1 0 0 1 0 0 0 0 0 0 1 0 0
  1 0 1 0 0 0 0 0 0 0 1 1 0 0 0 0 0 1 0 0 0 0 0 0 0 0 0 0 0 0 0 0 0 0 0 0
  0 0 1 0 0 0 0 0 0 0 0 0 0 0 0 0 0]
 [0 0 0 0 0 0 1 0 0 0 0 1 0 0 0 0 0 0 0 0 0 1 0 0 0 0 0 0 0 0 0 0 0 0 0 0
  0 0 0 0 0 0 0 0 0 0 0 1 0 0 0 0 1 0 0 0 0 0 0 0 0 0 0 0 0 1 0 0 0 0 0 0
  0 0 0 0 0 0 0 0 1 0 0 0 0 0 0 0 1 0 0 0 0 0 0 0 0 0 0 0 0 0 0 0 0 0 0 0
  0 0 0 1 0 0 1 0 0 0 0 0 0 0 0 0 0 0 0 1 0 0 0 0 0 1 0 0 0 0 0 0 0 0 0 0
  0 0 0 0 0 0 0 0 0 0 0 0 0 0 0 0 0]
 [0 1 0 0 0 0 0 0 0 0 0 0 0 0 0 0 1 1 0 0 0 0 0 0 0 0 0 0 0 0 0 1 0 0 0 0
  0 0 0 0 0 0 0 0 0 1 0 0 0 0 0 0 0 0 0 0 0 0 0 0 0 0 0 0 0 0 1 0 0 0 0 0
  0 0 0 0 0 0 0 0 0 0 1 1 0 0 0 0 0 0 0 0 0 0 0 0 0 0 0 0 0 0 0 0 0 0 0 0
  0 0 0 0 0 0 0 0 0 0 0 0 0 0 0 0 0 0 0 0 0 0 0 0 0 0 0 0 0 0 0 0 0 0 0 1
  0 0 0 0 0 0 0 1 0 0 0 0 0 0 1 0 0]
 [0 0 0 0 0 0 0 0 0 1 0 0 0 1 0 0 0 0 0 0 0 0 0 1 0 0 0 0 1 0 0 0 0 1 0 0
  0 0 0 0 0 0 1 0 1 0 0 0 0 0 0 0 0 0 0 0 0 0 1 0 0 0 0 0 0 0 0 0 0 0 0 1
  0 0 0 0 0 0 0 0 0 0 0 0 1 0 0 0 0 1 0 0 0 1 0 0 0 0 0 1 0 0 0 0 1 0 0 1
  0 0 0 0 0 0 0 0 1 0 0 0 0 0 0 0 0 0 0 0 0 0 0 0 0 0 0 0 0 0 0 0 0 0 0 0
  0 0 0 0 0 0 0 0 0 1 0 1 0 0 0 1 0]
 [0 0 0 0 0 0 0 0 0 0 0 0 0 0 0 0 0 0 0 0 0 0 1 0 0 0 0 0 0 0 0 0 0 0 0 0
  0 0 0 0 0 0 0 0 0 0 0 0 1 0 0 0 0 0 0 1 0 1 0 0 0 0 1 0 0 0 0 0 1 0 0 0
  0 0 0 0 0 0 0 0 0 1 0 0 0 0 0 0 0 0 0 0 0 0 1 0 0 0 0 0 0 0 0 0 0 0 0 0
  0 0 0 0 0 1 0 0 0 0 0 0 0 0 0 0 1 0 0 0 0 0 0 0 0 0 0 0 0 0 0 1 0 0 0 0
  1 1 0 0 1 0 0 0 0 0 0 0 0 1 0 0 1]
 [0 0 0 0 0 0 0 1 0 0 0 0 0 0 0 0 0 0 0 1 0 0 0 0 0 0 0 0 0 0 0 0 0 0 1 0
  0 0 0 0 0 0 0 0 0 0 0 0 0 0 0 0 0 0 0 0 0 0 0 0 0 0 0 0 0 0 0 0 0 0 0 0
  0 0 0 0 0 0 0 0 0 0 0 0 0 0 0 0 0 0 0 0 1 0 0 0 1 0 0 0 0 0 0 0 0 0 0 0
  0 0 0 0 0 0 0 0 0 0 0 0 0 0 0 0 0 0 0 0 1 0 0 0 0 0 0 0 0 0 0 0 0 0 1 0
  0 0 0 0 0 1 0 0 0 0 0 0 0 0 0 0 0]
 [0 0 0 0 0 0 0 0 0 0 0 0 0 0 0 0 0 0 0 0 0 0 0 0 0 0 0 0 0 0 0 0 0 0 0 0
  0 0 0 0 0 0 0 0 0 0 0 0 0 0 0 0 0 1 0 0 0 0 0 1 0 0 0 0 0 0 0 0 0 0 1 0
  0 0 0 0 1 0 1 0 0 0 0 0 0 1 0 0 0 0 1 0 0 0 0 0 0 0 0 0 0 0 0 0 0 0 0 0
  0 0 0 0 1 0 0 0 0 0 0 0 0 0 0 0 0 0 0 0 0 1 0 0 1 0 0 1 0 1 0 0 1 1 0 0
  0 0 0 0 0 0 0 0 0 0 0 0 1 0 0 0 0]
 [0 0 0 0 0 0 0 0 0 0 0 0 0 0 0 0 0 0 0 0 1 0 0 0 1 1 0 0 0 1 0 0 0 0 0 0
  0 1 0 1 0 0 0 0 0 0 1 0 0 0 0 0 0 0 0 0 0 0 0 0 0 0 0 0 0 0 0 0 0 0 0 0
  0 0 0 0 0 0 0 0 0 0 0 0 0 0 0 0 0 0 0 0 0 0 0 0 0 1 0 0 0 1 0 0 0 0 0 0
  0 0 0 0 0 0 0 1 0 0 0 0 0 1 0 0 0 0 1 0 0 0 0 0 0 0 0 0 0 0 1 0 0 0 0 0
  0 0 0 1 0 0 0 0 1 0 0 0 0 0 0 0 0]
 [0 0 0 0 0 0 0 0 1 0 0 0 1 0 0 0 0 0 0 0 0 0 0 0 0 0 0 1 0 0 0 0 1 0 0 0
  0 0 0 0 1 0 0 1 0 0 0 0 0 0 0 0 0 0 0 0 0 0 0 0 0 0 0 0 0 0 0 0 0 0 0 0
  1 0 0 0 0 0 0 1 0 0 0 0 0 0 0 0 0 0 0 0 0 0 0 0 0 0 0 0 0 0 1 0 0 0 0 0
  0 0 0 0 0 0 0 0 0 0 0 0 0 0 0 0 0 0 0 0 0 0 0 0 0 0 0 0 1 0 0 0 0 0 0 0
  0 0 0 0 0 0 0 0 0 0 0 0 0 0 0 0 0]]
