params：
 weight-->(1, 10)
 proc_times-->(1, 100)
 setup_times-->(60, 120)
 delivery_times-->(1, 30)
 job_rate-->8

start:
alpha_1
8
 alpha_2
2.0
 mach
20
 job
160
 fam
12
 weigh
 [[0 6 5 5 8 7 5 7 7 1 9 2 3 2 2 8 8 5 7 8 2 5 2 2 1 4 6 3 1 2 4 7 5 4 2 4
  1 9 5 2 6 1 3 6 8 1 7 5 8 8 2 1 9 5 8 2 3 1 4 6 4 4 2 2 9 6 1 8 5 5 1 7
  6 3 2 9 4 6 6 9 8 8 1 6 7 7 8 1 2 9 1 6 7 1 7 1 3 3 5 1 7 1 3 5 8 9 1 8
  4 3 4 4 6 8 5 9 6 8 2 5 5 1 1 3 4 5 7 4 8 3 8 9 1 3 4 8 5 3 2 9 9 5 7 4
  6 9 8 2 5 3 3 6 1 9 4 4 9 7 9 2 2]]
 proc_times
 [[  0  63  67  17  73   1  69  75   3  99  17  33  88  63  81  72  54  45
   47   7  40  22  50  82  42  36  52  86  12  15   2  97  78  93  65  23
   52  54  49   2  53  96  27  61  69  46   8  39  72  63  20  85  11  70
   25  63  58  53  15  79 100  43   5  18  24  47  41   7  31  14  99  69
   89  11  89  99   9  11   5   1  23  67  66  45  40   8  58  65  79  46
    3  74  40  78  66  25   3   5   6  29  62   1  84  62  39  57  60  82
   98  55  67  22  92  14  34  95  72  63   6   8  99  89  15  40  79  24
   74  82  97  48   7  85  99   9  65  21  46  75  88  58  52  89  36  20
   33  99   2   8  54   6  46  64  67  66   4  15   3  32  15   3  51]
 [  0  31   1  55  69  24  71  13  76  87  37  96  74  14  23  56  52  43
   76   8  54  65  96  98  87  36  87  66   1  39  49  39  65  85  83  14
   25  79  17  14  70  48  49  10  86   7  80  72  95  22   8  70  11  72
   93  75  47  76  88  68  33  66  14   5   7  55  18  88  94  92  22   7
   14  66  73  45  75  10  39  85  69  40  85  74  90  98  13  84  57  31
   79  89  52   5  90  45  58  63  55  85  46  56   7  59  60  44  27  37
   28   7  19  83  41   2  19  38  96  48  58  32  80  77  14  76  87  51
   42   1  65  13  98   8  51  97  35  30  70  79  33  26  18  84  46  75
   98  64  15  82  97  15  15  38  52  17  92  42  32  69  65  10  42]
 [  0  82  25  94  38  80   2  82  46  54  80  79  64  94  95  85  29  34
   26  98  44  89  36  61  25   6  94  24  71  46  62  51  10  83  84  55
   24  49   3  61  86  56  29  66  18  94  98  67  29  15  16  77  47   2
   44  61   5  86  65   5  89  55  73  77   1  62  74  33  22  43  95  36
    5   7  55  61  51  85   2  96  77  17  36  96  22  42  51  59  45  98
   32  59  75  28  56  62  25  26  39  19  11  35  35  47  89  12  69  29
    1  47   7  24   9  94  76  57  22  65  47  18  71  35  47  69  54   7
    9  74  55  84  86  73  70  55  36 100  78  27   7  81  83  27   3  57
   99  95  65  26   4  45  72  49  20  96  61  25  47  39   5  63  57]
 [  0   6  67  91  12  76  29  70  55  90  35  85  93  23  43  63  38   2
   62  77  17  40  18   2  72   3  24  22  41  44  60  79  14  72  90  22
   24  31  68  71  43  33  35  87  81  15  31  89  20  10  76  97   5  80
   12  31  84   7  86  44  15  53  80  86  91  48  22  44  74   8   2  72
   42  18  82  49   6  61   8  77  55   2  84  86   3  84  41  62   3  46
   78  62  32  47  75  13  48  41  61  74  86  93  64  39  50  90   4  43
   18  36  59  46  53  99  46  69  28  13   1  46  53  39  53  91  31  89
   47   8   9  72  25  79  31  54  86   4  82  59  99  91   3  36  99  39
    7  30  46  32  10  93  12  67  24  18  94  14  47  40  10  74  53]
 [  0   8  18  69  41  26  98  39  93   1  42  25  27  52  40  57  48  12
   41  33 100  97  60  11  19   2   3  48  18  68  82  39  17  87  10  59
   78  95  59  55  49  97  83  49  36 100  51   7  37   1   7  37   7  85
   56   1  56   7  34  18  47  59  84  35  13  42  96  46  70  94  63  71
   55  26   7  23  62  88  57  48  96   4  16  92  76  75  84  75  23  88
   81  45  11  11  31  38  92  49  62  44  34  88  83  85  10  97  74  45
   28  21  32  60  10  97  62   1  42  61  71  29   1  77  63  34  71  48
   22  87  23  18  63  18  31  27   6  97  91  62  13  89  26  66  63  42
   66  32  79  60  60   9  28  47  23  61  73  69  16  99  69  53  23]
 [  0  68  73  63  19  36  62  26  86  17  77 100  86  76  79  29  74  89
   94  86  21   4  47  39  66  15  69   5  88  22  37   5  32  83  34  56
   82  61  27  15  76  51  36  50  42  10  23  50  99  86  80  93  60  65
   30  47  92  85  61  24  50  98  54  73   6  62  26  62  34  13  64  41
   75   6  91  44  24  78  40  78  24  98  34  15  52  44  75  84  15   3
   92  75  22  93  85   1  48  31  93  77  70  80  29  24  32  86  94  25
   99  36  13  25  44  23  94  30  65  54   4  87  58  45  22  85  63  23
    9  78  44 100  44  46  63  99  37  93  82  23  14  24  31  67  88  38
   99  22  28  63  25  46  80  54  54  29   4  83  39  45   7  72  60]
 [  0  40  69  65  85  75  34  30  88  28  10   1  66  89  85  58  93  60
    6  20  18  72  17  13  16  10  50  37  70  21  45  31  20  20  44   4
    6  29   5  33   4  97  37  85  99  87  30  30   9  84  31  36  86   5
   43  49  56  31  89  87  16  41  74  50  71  81  94  32  61  62  65  43
   72  65  68  22   1  41 100  81  27  77  39  53  73   3  79   5  51  81
   51  44  96  36  46  20  81  58  46 100  50  44  70  24  84   4  14  45
   31  62  18  57  82  78  50  18  15  90  60  91   9  57  62  62   4  90
   35  57  40  70  51  85  66  82  25  67  63  77   1  46  33  47  56  68
    4  91  83  81  26  64  88   3  14  22  45  72  70  14   3   1  84]
 [  0  92  42  37   6  96  59  16  30  72  88  95  43  77  69  69  68  87
   72  30  49  44   2   5  78  92  21  88  92  31  19  81  19  60  81  33
   46  93  79  28  91  49  16  82  21  47  71  21  18  84  20  34  36  31
   83   3  25  64  28   4  40  46  90  65  63  54  59  37  30  91  41  69
   20  71 100  77  70  53  48  44  52  25 100  57  34  22  53  24  43  45
   53  49  38  70  23  97  99   5  48  55  16  25  92  29   1  40   5  93
   35  96  65  34  54  89  32  41  24   5  52  71  43  34  70  90  83  34
   34  88  10  15  89  93   7  18  83   7  12  58  33  59  68  25  22  85
   57  87  27  25  92  54  49  80  20  18  76  72  61  74   3  77  15]
 [  0  64  88  44  28  38  53  24  66  86  50  82  29   2  62  11  61  60
   60  66  18  38  21   8  79  46  78  11  23  49  44  10  89  19  55  84
   43  37  86  88  63  70   6  17  28  13   2  55  42  12  43  70  67  58
   12  22  78  97  44  82  73  71  57  20  27  80  15  73  16  92  38  85
   48   4  70  12  75  13  87   1  67  10   2  98  47  94  64  51  23  63
   55  51  67  27  77   6  42  71  62  16  97  81  28  56   4  31  97  56
   69   8  19  25  18  19  46  93  93  76  27  39  49  60  75  96   1  32
   56  28  10  72  23  22  53  59  72  31  17  10  38  30  93  33  59  41
   16  84   4  86  78  46  40  47  32  11   9  57  92  21  35  44   1]
 [  0  20  38  38  37  15  35  71  51  30   2  38  68  26  49  68  80  55
   99  70  67  15  32   3  54  25   1  30  51  46  18  41  64  82  25  67
   20   4  27  12  26  78  14  18  52  79  24  90   2  48  23  15  37  20
   61  91  98  53  14  30  76  91  16 100  39  21  20  63  79  20  66  17
   35  54  47 100  40  97  94  61  75  15  39  30  79  17  75  19  34  25
    9  26  50  46  96  71  50  93  45  51  28  60  53  68  53  43  88  21
    1  52   9  56   6 100  92  22  27  41  24   6  72  47  68  11  27  97
   30  27  78  80  22  12  56  60  12  67  95  61  39  47  16  25  89  88
   86  87  46  47  90   5  55  72  31  34  95  36  50   8  55  14  48]
 [  0  81  38  47  84  95  57  54  83  34  87  96  91  20  82  81  47  62
   85  85  75   3  44  68  13  15  32  18  64  42  93  83  71  43  25  49
   97  23  36  68  85  73  58  81 100  84  17   3  74  44  67  78  79  27
   43  79   9  10   4  77  21  24  67  78  69   6  12  74  61  99  94  67
   46  39  20  18  78  25  81  83   2  49  94  27  72  80  61  84   5  40
   14  69  83  61  31  15  45  85  85  92  58  86  43  19  94  83  58  61
   71  97  79  96   6  58  46  50  55  94  64 100  89  52  92  95  59  62
   81  30  82   5  57  11  46  66  59  20   3  53   8   7  89  86   8  62
   58  20  40  39  33  87  91  46  70  94  78  34  82  48  66  52  55]
 [  0  94  60  32   8  63  67  90  64  42  94  63  83  23  79  71  22  16
   97  43  78  92  93  85  32  71 100  23  84  54  55  64  22  90  91   6
   40  51  62  40  87   3  40  31  61  40  94  52  97  81  20  89  26  70
   20  29  76  44  20  54  29  93  69  62  82  11  34  78  93  30  68  26
   35  79  38   6  59   8  66  80  90  79  86  36  44  42  73  57  48  80
   44  20  76  73  74  66  51  57  82  64  85  57  38  42  49  15  96  20
   13  70  55  80  60  75  97  94  20  26 100  97  60  85  21  85  95  70
   65  63  28  25  31  75  91  94  42  30  80  75  78  15  11   7  44  18
   37   4  87   1  95   4   7  80  54  21  38  62  70  66  96  95   6]
 [  0  68  73  75  16   2  17  38   5  94  38  16  23  20  27  63  61  50
   87  59   3  57  66 100  46  41   3  23  84  52  44   1  43  95  47   5
   52  89   8  33  52  20  58  43  11  58  15  39  24  99  41  25  24  24
   83  15   7  92  50  86  53  61  50  82   4  72  74  42  94  15   4  43
   35  76  76   6  15  72  28  89   6  95  68  23  17  54  97  16  67  47
   76  51  98   1  54   9  77  79   9  30  47  17  34  71  33  48  90  28
   88  34  63  88  69  98  86   3  41  20  68  74  68  45  37  81  53  39
   90  72  41  98  55  41  71  67  89  16   9  90  30  61  13   8  43  95
   80  56  50  75  30  64  36  94  58  21  79  50  86  26   2   9  31]
 [  0  80  29  39  78  16  55  31  16  14  11  46 100  24  61  47  44  78
   26  71  53  66   6  63  41  19   5  68  60  68  53  38  42   9   9  94
   43  26  48  12  62  13   1  16  37  40  35  76  66   2  34  64  80  44
   89  14  16  60  18   1  27  84  75  41  60   7  88  50  26  46  25  90
   14  89  63  59  64  60  12   3  84  79  99  49  66  75  78  22  91  28
   88  57  71  13  38   2  53  18  35  14  27  99  14  27  25  70  63  22
   96  93   5  58  95  14  64  57  44  44  73  97  64  44  79  18  51  57
   99  28  41   5  18  19  71  82  70  67  79  81  39   2  21  95  61  36
   41  25  91   2  23   1  61  93  31  13  21  89  67  17  48  14  33]
 [  0  84  34  73  76  12  61  84   6  52  69  99  96  20  20  78  86  63
   63  34   9  79  43  11  39  58  16  94  94  56  45  87   6  55   5  84
   69  63  11  59  49  37  12  38  80  38  49   6   3  97  64  66  88  76
   94  82  10  39  66  28   3  36  46  71  47 100   2  16  81  89  37  16
   19  39  55  85   9  83  54  74  67  83  14  61  92  20  94  35  57  45
   58  41  87  64  48  66  19  77  23  90   3  35  70  25  85  70  37  84
   43  48  44  94  31  13  50  49  68   2  67  93  50  33  30  26  21  51
   24   1  56  33  27  97  18  70  70  54  32  73  75  50  43  78  20  40
   20  81  61   2  76  76  11  88  18  74  64  94  75  20  36  48  70]
 [  0  31  52  76  60  39  64  92  67  80  13  50  18  43   9  27  16  66
   92  51  89  46   1   2  76  68  95  76  77  38  36  57  97  27  71  21
   66  65  35  54  67  64  83  78   7   2  65  32  29  73  35  80  65  37
   55  33  96   7  14  83  72  74  46  38  75  17  86  80  80  64  27  74
   90  79  13  28  25  31  81  22  53  98  88  84  37  54  15  63  67  42
  100  92  10  23  99   2  97  33  75  59   6   1  59  86  85  15  98  96
    2  82  86   4  55  80  40  29  14  23  91  78  43  35  11   8  93  33
   88  24  71  71  87  51  58  85  44  13  91  49  52  80  43  76  44  99
   19  21  22  57   8  26  20  73  64  72  20   8   3  88  54  13  90]
 [  0  83  95  52  59  55  51  86  87  47  70  80  41  23  91  55  83  43
    7  77  89  13  13  63  79  21  99  84  31  52  39  23  13  24  51  64
    9  30  93  93  56  66   7  82  32  21   7  23  38  44  57  47   6  55
   96  48   9  89  37  12  89  92  87  97  53  84  62  43  38   4  80  94
   12  12  68  84  92  20  85  53  99  75   9   8  71  29  37  35  73  40
   87  62  49  53   7  22  34  52  92   7  97  93   1   6  27  34  85  68
    3  90  74   6   7  34  39  50  26  84  76  47  67  37  71  67  25   4
   49  11  14  67   5  87  88  10  70  18  39  94  19  92  73  81  77  47
   34  87  12  26  15  59  49  21  55  55   9   6  66  12  74   1  79]
 [  0  30  22  32  67  44  30  13  96   3  77  49  75  81  35  22  87  89
   37  78  74  67  37  59  19  52  21  15  68  45  69  77  46  24  89  90
    5   9  73  30  34  69   2 100  20  40  18  94  48  48  94  28  61  65
   46 100  72  58  30  92  46  96   7  88  21  14  32  90  13   2  13  97
   19  81  11  70  56  70  45  12  23  51  70  20  62  28  99  45  19  22
   32  10  26  59  13  72  46  86  10  25  45  57  19  46  20  84  49  67
   74  75   7  78  74  88  99  39  34   7   1  95  32  13  50  78  13   1
   73  72  48  86  88  91  23  57  67  68  53  43  85  48  15  25  93  70
    5  85  39  88  51  77  46  28  86  52   4  56  15  30  52  11  33]
 [  0  94  44  45  67  74  50  48  60  27  57  83  36  78  59  72  90  96
   35   8  54  62  25  94  72  86   3  65  36  64  95   7  67  12  54   8
   30  56  98  48  97  89  82  54  13  88  60  75  32  44  69  79  22  43
   65  95  14  95  81  29  38  35  83  33   1  23  24  22  35  60  32  21
   65  49  47  24  43  67  13  81  73  64   1  81  13  79  80  12   8  41
    3  43  33  17  99  51  59  77  34  71   2  21  61  66  57  73  84  65
   82  45  57  44  52  27  90  71  97  13  43  12  32  91   8 100  68  72
   90   8  92  91  73  86  90  50  74  90  24  97  24  47  89  48  85  91
   55  23  22  23  35   4  69  58  12  90  57   7   3  21  62  80  54]
 [  0  90  99  35  27  21  55  98  57  73  33  32  20  72  25  70  52  78
   12  32  45  51  17  57  56  26  26  81  82  64  99  33  80  88  62  13
   59  23   5  47   1  91   6  22  19  31  92  84  65  16  95  80  84  89
   60  83  68  97  29  63  36  67  62  87   4   2  34  58  41  36  80  34
   62   7  31  83  48  46   1  14  98  62  24  62  97  19  51  98  27   2
   21  74  80  50  61  64  13   2  42  52  27  80  15  75  46  76   3  81
   57  49  49  89  74  92  13  15  56  28  55  45  27  47  76  70  87  15
   68  71  40  64  83  59  77  28  18  79  67  59  77  34  43  92  22  24
   26  79  73  42  51  51  36  24  97  35  23  87  51  30  55  13  37]]
 setup_times
 [[[  0 103  97  66 113  69  79  66 117  70  82 107 102]
  [  0   0  67  93  85 119  84  69  79  70  83  97  94]
  [  0 106   0  81  81  78  80 115 119 111  79  88  60]
  [  0  87 119   0  66  86 114  84  91  71  84  99  69]
  [  0  67 116 101   0 112  95  78 113  72  60 105  86]
  [  0  93 105  82  65   0  80  65  99 102  74  62  91]
  [  0 103  90 102  89 104   0  64  85  96 101 114  96]
  [  0  88  68 109  62 112 112   0  86 107  93  95  94]
  [  0  83 109 115  61 100  72 109   0  93  82  76  79]
  [  0 101  60 107 118  95  89 104  96   0 114 109  77]
  [  0  88  64  61  89  76  81  84  94  86   0  76 102]
  [  0  99  82  69  81  69 105  79 111  62 111   0  77]
  [  0 116  70  78  81 102 102  78  63 109  95  64   0]]

 [[  0 114 106  84  60 106 118  90  87  89 107  90  82]
  [  0   0 113  63  67  81 105  85  62 101  61 113  79]
  [  0 105   0 101 104  82  76  94 102  95  83  78  99]
  [  0  66 118   0  85 114 114  87  90 113 110 105  67]
  [  0  63  91  96   0  92  74 104  75  94 106 107 113]
  [  0 119 110  93 115   0  84 113 103  85  65 109  95]
  [  0 114  76  71  81 113   0  82  71 116  89  84  60]
  [  0  94 112 111  69  60  95   0 105  69 115  84  72]
  [  0 101 117 104  89  77 114  74   0 106 119  72  96]
  [  0  76  94  63 109 105 116  72  74   0  72  96  94]
  [  0  75  74 101 114  99  83 107  60  84   0 113  74]
  [  0  78  93 110  69 109  74  61 104  87  74   0  61]
  [  0 112 109  86 116  74  66  80 101  66 113  69   0]]

 [[  0  89  87  72  62  83  65 108 109  67  67 102  97]
  [  0   0  65  80  89  93 119  74 110  72  95  85 116]
  [  0  98   0  75  88  97  69 114  83  99 100 103 100]
  [  0  85  82   0  83 113 115  95 104  93  79 103  66]
  [  0 104  89  76   0  63  92  88  81  71  76  79 102]
  [  0  88  70  60 119   0  98  89  86  90 116  94 104]
  [  0  99  63  96 104 114   0  74 111  72  99 114  91]
  [  0  77  92 113  65 107  85   0 104  92  84  64 108]
  [  0  93 103  97 115  86  68  92   0 111  93  75 103]
  [  0  99  64  93  87  86  99  73  78   0 101  64  67]
  [  0  87 116 107  89 111 105  94 112 119   0  96 119]
  [  0 110  80 102 109 104 107  65 115  87 105   0 116]
  [  0  61  71  69  92 103 119 110  90  95  95 118   0]]

 [[  0 113  91  96  94 100  89 119 108  93  61  92  67]
  [  0   0  81 107  85  76 110 100  99  97  78  85 104]
  [  0  92   0  67  77 117  72 117  87  75 103  99 112]
  [  0 109  91   0  65  77  69  74 100  82  88  63  72]
  [  0  70 104  71   0  93  73  94 102  71 118 113  60]
  [  0 106  72  96  84   0  79 107 105 112  93 103  87]
  [  0  86 100  64 102  72   0  65 108  73  89  72  68]
  [  0  98 109  87  87  89 104   0 108  92 100  99 118]
  [  0  72 104  89  64 113 118 110   0 107  92 102 111]
  [  0  82 114  99  61 101  65  87 113   0  67  95  61]
  [  0  83  61  70  65  61  99  62 119  74   0 103 113]
  [  0 101 105  76 108  69 104  95  90  93  92   0  74]
  [  0 107  64  68 114  93 102  61  61  91 112  90   0]]

 [[  0  74 100  74  73 116  82 107  67  83  80  90  71]
  [  0   0  86  95 108  80 110 113  69  94 102  72 110]
  [  0  93   0 110  96 114  98  90 114 103  93 117  91]
  [  0  99  97   0  66  62 119  93  91  80  94 100  73]
  [  0  98 112  65   0  65  89  80  95  67  96  71  75]
  [  0  76 117  60  95   0  91 102  63 101 116  64  96]
  [  0  81  65  99 105 112   0  84  61  99  82  88 119]
  [  0  62  82 108  64  89  96   0 117  89  69  88  78]
  [  0 112  90  97  62 106  76 112   0 100  71  84 108]
  [  0  91 117  77  66  74 114  85 119   0  73 119 103]
  [  0  99  85  98  61  76  76  82 118 111   0  90  61]
  [  0 104  95  82  75 110 113  76  85  82 105   0 118]
  [  0  85 118  66 108 105 112  84  78  84 100  62   0]]

 [[  0  87  87 106 116 113  77 112  62  96  79  73  97]
  [  0   0 115 103 105  67  73  62 105 105  82  75 114]
  [  0  85   0  76  84  76  65  98  77 111  60  75  77]
  [  0  66  62   0 109  79 101 116 101 111  68  68 109]
  [  0 118 100  63   0  67  71  71  71  93  81 118 112]
  [  0 117 102  89  92   0  88 100  78  62 104  90  82]
  [  0  91  87  74 105  61   0 106  71  90  76 112  82]
  [  0  77  85 117  78  71  70   0  84  97 104  75  76]
  [  0  66  98  81  75  66  66  73   0  80  90  94  76]
  [  0  63 101  77  93 114 105 102  93   0 118  66 107]
  [  0  81  70 101 100 113  63  62  69  85   0  81  86]
  [  0 119  89 119  97 104  78 116  84  85 117   0 114]
  [  0  84  97  71  72  98  66  93 111  83 112  66   0]]

 [[  0  96 118  61 105 100  77  98  94  80  94 118 104]
  [  0   0 109  72 109  95 118  88  72  74 110 106 107]
  [  0 106   0 114 100  79  95  66 107  63  60  90  72]
  [  0 118  73   0  96 118  63 111 108 105  85  95  63]
  [  0  74  61 118   0  68  77  80  70 113  98 118  84]
  [  0  80 108  92  83   0  79  63 119  87 105 110  60]
  [  0 112  67  66  86 110   0  74  94  88  67  71 105]
  [  0  78 101 108  93 109  67   0  83 103 100 106  67]
  [  0  64 114  68  61  92  66  88   0  99 118  97  80]
  [  0  97  64  88  73  79  72  94 107   0  64  80  86]
  [  0  67  85  92 108  90  84  75 119  77   0 116 113]
  [  0  98  80  93  71  89 103  70 114  71  76   0  99]
  [  0  61  87  83  77  92  61  99 113 111  96 111   0]]

 [[  0  77 105 115  99  91  78  91  72  60 107  63 100]
  [  0   0  82  98  70 100  62  84 102 117  83  79  91]
  [  0  64   0  87  66 113 101 112  68 104  78  93  64]
  [  0 103  91   0 101  61 109  84 117  62 100  66  76]
  [  0  93  60  82   0  72  94  76 117  66 111 104 101]
  [  0  65  72 106 110   0 105 114  60  92  89 115  73]
  [  0  80  85  82  75  84   0 108 105 112  61  97  99]
  [  0 104 118 103  88 111  95   0  63  69  77 100  83]
  [  0  77  88  80 113 114  96 109   0 102 113 100  61]
  [  0  93  87 118  96 114  88  78  71   0  73  88  97]
  [  0 115 100  64  98 116  67  98 108  71   0  60 118]
  [  0  62  77 117  87  93  70  98  97  62  84   0  86]
  [  0  61  96  60  78  91  70 105  87  72 116 113   0]]

 [[  0  75  64  88 115  99  75  60  62  69  85 114  95]
  [  0   0  99 111  75  80 107 109 105 118 114 119  84]
  [  0 114   0 102 116 116 117  70 108 117 109  79  84]
  [  0 110 108   0  98  83 105  83  83  80 102  95  98]
  [  0  89  80  82   0  70  93  72 104  78 108  81  62]
  [  0  63  74 107  78   0  91  71  92 101 100  76  85]
  [  0  80  60 112  87  66   0 111  92  69  64  67 101]
  [  0  72 111  71  70  81  67   0  97  77  82 102 102]
  [  0  87  76  73  69 102 105  63   0  66  74  91  82]
  [  0  61 115 111  60  66  80  82 102   0  63 117  91]
  [  0  85 106  90  77 117  62  66  64 116   0  84 105]
  [  0  82  64  97  80  61  67 104 107  90 112   0 102]
  [  0  94  80 111 105  91  72  88  85  92 113  98   0]]

 [[  0  78 118  81  81  90 105  84  82  79  81  90 118]
  [  0   0  70  97 119  75 116  75 104  68 107  78  92]
  [  0  71   0  66 112  73  65 106  90 115  65  99  81]
  [  0  67  86   0  87  63  64  61  86  79  86 107  80]
  [  0  66  67 118   0  63  74  93  99  81 107  85 118]
  [  0 115  88 108  67   0 110 116  71  72  60  73 101]
  [  0  66  84 106  63  91   0  70 112 107  94  79  65]
  [  0 101  74  90  82  94 100   0  66  86 110 102  82]
  [  0  85 117  96  69 115  87  60   0  67 101 113 106]
  [  0  60 118 119  77  73  62 112  60   0  92  77  85]
  [  0  86 114  98 114 115  67  84 100  71   0  66  98]
  [  0 102  77  92 109 103  98  60 111  66 100   0  89]
  [  0 116 106  62  68 117  96 103  91  70  97  77   0]]

 [[  0  80 109  71  92 103  86  80  63  97 105  70  96]
  [  0   0 118 116 102  63  67  83  83  82  84 117 114]
  [  0  78   0 114  75 114  62  67  63 100 101  61  63]
  [  0  66  99   0  75 114 114  80  90  66 103 109  69]
  [  0  81  92  88   0  89  95 116  77  99  86  78 116]
  [  0 113  60 111 111   0  69 108  79  96 115 111  66]
  [  0  68  99  64 104  68   0  83  76  68  85 119  87]
  [  0 107  97  80 119 113  91   0  74  97  73 103  72]
  [  0 114 115  97 117 118 108 110   0 115  82 109 115]
  [  0  67  66  70  97  97 110  64  84   0  66 103 118]
  [  0 109  68 113  64 116  72  70  63  70   0  78 101]
  [  0  64  79  90  93 101 100  64  87  95  94   0  68]
  [  0  68  82  70  91 118  79 101  73  78 110  88   0]]

 [[  0  69 119  95  87 104  90 117 112 113 115  85  69]
  [  0   0 105  82  79  98  69  63  62  62  96  73 117]
  [  0 109   0  92  88  74  72  82  61 103 108 109  60]
  [  0  71  73   0  73  73  81 107 106 113 101  69 113]
  [  0  94  63  98   0  70  98  92  69  72  79 108 112]
  [  0 116  87 112  76   0 109 103  76  64  80  74  94]
  [  0 114  98 105  88  88   0  97  66 112  70  60  82]
  [  0  78  83  63 113 115  76   0  61 107 111  96  80]
  [  0  95 103  88 103  77  95 104   0  92  90  66 102]
  [  0  62  67  72  81  85  67  70  74   0  96 111  83]
  [  0  62 107 108  86  90  92 109 102 117   0  73  78]
  [  0 114 107  62 112  70  89  99  90 113  66   0 110]
  [  0  75  79  84 108  65  61  90 107 116 117  63   0]]

 [[  0 119  72  91 107  69  69 111  70  81  88  69  90]
  [  0   0 109 103  74  79 103 114  85  73  90 110 108]
  [  0  97   0 100 104 109  97 115  63 115  77 112  78]
  [  0  98  98   0  68  88  73 104  82 104  70  79  94]
  [  0 105  96  88   0 116  61  60  68 107  94 115  68]
  [  0  84 109  90  97   0  96 103 111  87  70 117 116]
  [  0  82 115  73  66  87   0 109 106  63  68 116 103]
  [  0  78 103  74  99  73  86   0  93 107  64  66 116]
  [  0 105  90  74  74 101 109  77   0 113  78  62  87]
  [  0  80  93  98 100  67 114  81  67   0  64  78  94]
  [  0  74  94  77  86  82  75  80  81  60   0  68 113]
  [  0  92  60  80  92  72  61 104  71  97  75   0  91]
  [  0 106  97  76  75  79 116  86  85 113  74 113   0]]

 [[  0  80 102  71  68  84 102  77  72 114  70  66  96]
  [  0   0 110  89  64 100  71  95  87 118  89 113  72]
  [  0  93   0 119  83  98  74  61 105  84  85 117  97]
  [  0  61  79   0  82  64  72 101 119  87 100  69  80]
  [  0 111 107  65   0 106  90  70  64 117  64  64  98]
  [  0  71  90  93 107   0  65  88  77 110 101 105  98]
  [  0  84 105  66  85  60   0  64  65 104  60 117  89]
  [  0 102  89  72  61  88 104   0 116  90  98 103  76]
  [  0  75  78  95 116  62  80 113   0 119  80  79 114]
  [  0 115  73  76 113 101 109  60 102   0  85  63 107]
  [  0 110  60 101  82 114  62 100  87 113   0 102  75]
  [  0 102  72 114  92  88  78 114 109  62 101   0  90]
  [  0  82  92 111 115  64  83  67  69 101  65  84   0]]

 [[  0 106  62  75  80  91  94  74  77 102  84  89 114]
  [  0   0 111  90  95  83  94  96  78  93  97  76  61]
  [  0 111   0  60 100  72  63 103  70  93 113  90  82]
  [  0  87  89   0  99  90  63  94 116  81  97  88  72]
  [  0  62 105  97   0  95  98 111 111 105  72  95  91]
  [  0 113  97  62 112   0  80  92  75  83  80  98  90]
  [  0  92 103 110  62  76   0  77 105  76 106  88 116]
  [  0  87 102 104  82 114  92   0  62  69  71  81  79]
  [  0  83 105  89  96 114  78 111   0 111  61  74 119]
  [  0  79  97  70  99  82  77 104  83   0 107  92  98]
  [  0 106  95  87 103  94  73 112  85  90   0  99  63]
  [  0  60  85 109 103 119  98  89  78 114  86   0  89]
  [  0 119  62  92  96  73 108 115  60 109 100 100   0]]

 [[  0 105  95  97  96 117  72 116 109 106  88 102  83]
  [  0   0  65  91  68  96 103  89 114 110  84  81  93]
  [  0  72   0  63 118  73  63 108  98  73 110  66  97]
  [  0  65  98   0 101  78  85 115 105 113  89 117  87]
  [  0  75  82  62   0 114  94 102  80 105  89  77 107]
  [  0  85  87 114  95   0 100  76  91 104  98  60  90]
  [  0  93 101  80 110  68   0  76  92 112  82 110  86]
  [  0  78  91  88  95 112  60   0  90  70  79 118  73]
  [  0  91  96 111  91  69  72  65   0  88  98  91 112]
  [  0  86  96 117 109  91  63 107  75   0  88  69  60]
  [  0  64  87  74 103  93  61 103  81  78   0  94 103]
  [  0 110  75  89  80 111  70 100  61  83 110   0  98]
  [  0  72  65 110  72  95  93  89 106  80  86  80   0]]

 [[  0  88  77  94 104 106  73  67 105 106 102 110  71]
  [  0   0  82  79 106  93 103 114 109  84 103  68  82]
  [  0  63   0  96  71  90  80 117  79  80  61  72 117]
  [  0  67  66   0  76 114  92  87 100 114 104 100  85]
  [  0  73  80 114   0 118  75  91  72 118  69 114 118]
  [  0  82  81  68  95   0  92  67  70  64 102  88  85]
  [  0 107  78 100 119 111   0  80  71  71  85  85 116]
  [  0 111 104  82  78  66 100   0  89 114  78  93  86]
  [  0  98  71 104 107  91  95  91   0 115  85 118  98]
  [  0  64  85  63  86 113  61  72  71   0 116  92  65]
  [  0 101  77  91 106  91 103  79 114  92   0  90  84]
  [  0 107  77 110  78  88  64  88  63 115  63   0 117]
  [  0  94  72 102  79 114  64  89  86  80 110 110   0]]

 [[  0  91  98  98  87  83  98 115  82 112  62 100  76]
  [  0   0  74  70  84  95  80 116  78 117 107 102 105]
  [  0  63   0 116 115  78 118  65  64 103 113  61  76]
  [  0  73  93   0  99 107  60 112  72  65  97  61 115]
  [  0  89 104  67   0  87 109  67  95  62  82 104  96]
  [  0 119 116  64  65   0  94  93  98  93  69  80  71]
  [  0  86 116  95  97 108   0  80 117  99  87  64  78]
  [  0 109  62 104  87  89  60   0  90 108  72  87  65]
  [  0  86 114 118  91 113  77  69   0  97 116  98  77]
  [  0  84  68 107 116 103  94  87 110   0  76  90 113]
  [  0  89 105  80 119 115  82 109  62  98   0  80  77]
  [  0  83 102  66 118 104 105  99  86  76  74   0  80]
  [  0  63  74 107 114  76  72 107  95  97 101  63   0]]

 [[  0 116 115  76  85  90  84  81  91 119  81 118  85]
  [  0   0 101  91  62 101 107  88  74  64  97  96  96]
  [  0 111   0  81  89  69 104 104  62  97 103  68  72]
  [  0 105 107   0 117 117  90  98  85  86  70 116 116]
  [  0  60  92 116   0 105  62 109 100  92  66  82  69]
  [  0  90  67 118  84   0  95  82 118  78 100 107  68]
  [  0  63 105  96  71  97   0 106 102 119 113 117  93]
  [  0  92  94 112  90  65 103   0  69  87 115  77 119]
  [  0  86  77  99  92  84 105  78   0 115  77  87  90]
  [  0  70  76  87  88  70  66  91  73   0 107 112 119]
  [  0  91 100  83  76  95 110  68 112 100   0  86 118]
  [  0 106  86  86  70  78  97  76 106  99 103   0 110]
  [  0 117  77  65  81  88  79  78  60 105  98  95   0]]

 [[  0  89  93  96 113 116  85 110 112 110  87  66  78]
  [  0   0 100  92  65  75 108  90 109 111  75  72  93]
  [  0  87   0  85 113  90 104  86  97 107 113  70  68]
  [  0 108  67   0 113 118  73  78 117  73  87  95  97]
  [  0  94  81  69   0  85  65  97  76  77  77  79 100]
  [  0 109  81 102  75   0  71  87  89  84 114  89  62]
  [  0 105  89  91  77  83   0  96  78 119  67 113  62]
  [  0  89 114  60 119 119  78   0 119  79  95  95  76]
  [  0  65  75  82 107  76 108 110   0  91 119  64  95]
  [  0 114  64  74  64  77 108 108 113   0 103 105  77]
  [  0  66 104  92 107  71  61 105 114  84   0  89  76]
  [  0  76  93  63 117 104  76  60 115  93  70   0  82]
  [  0  88  78 110 106  63 105  73 100 109  85 112   0]]]
 delivery_times
 [[ 0  7  6  6 13  7 24 26 19  6  6 16 22  4 23 10 25 15  7  7 13 17 12 15
  16 23 20 22  6  8  9 13 20 18 13  7 29 25 29 18 21 26 23 13 19 18  5 29
  25 12  1  9 26 24 14 17 19  6 26 25  5 14 14 27 12  6  4  2 19 13  2 16
  24 27 28 20 21  1  7  7 23 22 26 18 22  4  2 22 22 15 16 13 14 12 24 11
  18 17 26 10 27  7  9 19  4 11  6  7 27  9  7 10 18 14 26 29 19 12 16 10
  19 24  1 15 25 17 21  9  9 17 15 26  9 14 19  6 18 13  2 11  3  5 23 21
   4  7 23  1  9 21  8  7 21 21  8 21  9  3  1 25  8]
 [ 0  1  5  7 15  8  2 14 20 10  6  8 19  3  7 10  2 29  1  4 16 14 16  1
   1 18 24 23  6  6 24  3  8 22 25 18 26 17 14 18 23  8 11 26  8  5 22  4
  22  6 29 25  3 14 26 28 22  9 14 19 18 27  4  3 10  7  8 18 11 18  7 27
  14 21 22 12 28 28 23  1  4 21 23 19 22 28  9 22 23 17 19 12  4 22  8 27
   6 28 25 23 14 19 16 22  5  7  3 18 29 29 26  2 10  8 20 17 12  7 29  2
  28 22 25 25 19  7  8 22 20 17 12 23 16  3 17 19 16  8 21 23 19 16 29 15
   4 19  4  9 12  7 10 20  2 23  7 29 22 21  4  9 15]
 [ 0 29 10  7  6 27 10  8  7 29  3 27  3 14  4 12 22 11 28 15 25 24  7  6
  11 21 12 12 13 21 28  7 21 28 11 29 13 23 17 24 25  8  6 22  4  3 19 17
  14  4 12 19 13 15 21 24 15  1 19 14 22 17 19 10  3 17 25 13 21 21 21 12
   3  6  4 29  2 25  8  3 11 19  3  6 12 10  9 16 14  5 27 16 28 19 20 19
  17  4  5  8 27 12 26 26 25 18  1 13  6 28 15 10 25 24 16 16 15 27 13  4
  29 16 10 12  6 14  4 13 12 22  1 13 17  4  9 13  2 15 22 24 17 13 14 20
  19  7 17 10 25 11  4 17 12 20 21  4  6 16 23 26 20]
 [ 0 28  6 29 19 14 22 26 27  7 18  6 22  8 22  7 18 29 15 29  4  5 20 22
  11 14 10 19 17 10  8 17 21  7 25  9 21 16 19 21  2 12  6 24 27 12 16  3
  20  9 29  2  7 13 29  2  5 11  9 18 24  6 20 12 13  5 14 21 11 13  6 27
  22 16 29 28 11  2 22 29 25 23 25  4 21 25 27  6 29 24 26 23 26  9  9 20
   5 19  8  3 12 24  8  9 29 10  1 12 28 29  1 27 17  3 11 11 14 22 14 27
  24 23  6 20  8 20 14  5 19 17 18 13 22  8 15  2 16 17 19 11  6  3 22 11
   3 12 28 25  9 11 11 28 11  2  9 25 12  7 12  9 25]
 [ 0 14  4 18 22 17 22 14  7 26 26  6 23  2  7 15 19 10 24 16  8 11  7 29
  25 15 21  7 22 25  3 26 16 12 25 27 25 17  2 12  2  7  3 13  6 18 13 11
  18 28 26 17 22 28 15 19 16 20 12 19 28 16 25 13 12 26 20 25 17  1  9 17
  24 16 28 25 14 17 21  5 28 11 15 13  9 27  5  1 23 10 16 27 17 26  5 22
  12 14 10 29 28  6 26 22 10 21 21 26 11 25 22 22 10  5  1  4 16 17  2 15
   3 17 20 11 21 10 17 13  8 16 27 13 20  2  1  3  6 27 18 14  8 26 21 24
  11 23 18 25 29 11 20 27 16 15 13 24 26 17 12 10 18]
 [ 0 19  8  3 24  4 20 19 25 27 29  9 18 23 15 25 28 25 29  7 17  5  7  5
  13 19 17  3  6 15 12 26 16 29  9 24  1 25 15 20 24 11  5 18 25  1  4 20
  19  2 24  2  9 17 28 14 15 22  9 16 16 13 11  4  5 14 22 21  8  9 23 20
  26  2 15 13 15 22 15 13 16 15 15 17 22  6 22 18  1 25 23  3  4 24  4 14
  18 24  1 18 16  2 28 16 10 13 14  7 12 26 13 26 25  1 22 14 24 11 13  2
   9  1  4  3 19 27  9 21 29 24 27 23 17 10 19 27 26 23 12 20  8 11  8 17
  11  6 17  5 13 14  8 13 16 28 22 16  2 11 26 12 11]
 [ 0 29 14  7 12 24 29  3 10 25 22 23 27 24 28 29 24 28  6  4  8  5 20 17
  10 17  5  7 26 16 16 28  5 13 23  5 17  8 22 20  3 18 15 17  6  3 21  9
  20 23  3 19 12  3 26  7 18  4 22 19 29 18  2 29 28 16 14 12  2  4  9  8
  14  9  9  4  5 17 16 18 19 18 18 19  8 25 23  1 22  6  4 16 26  3  4 21
  27 12  9 11 27  1 27 18 16 14 23 20 11 17  3  8  9 20 26  1 16 15 27 22
  11  6 12 23  8 19 27 10 27 12  1  1 20  3  7 26  7 27 20 29 24 15 14  6
  20 13 29  9 10  6 15 18  3 17 10 16  8 24 23 14  5]
 [ 0  5 16  6 29  3 20 12  1  8  5  4 29  5 19 11 17  3 14 26 17 13  4 29
  27  5  2  8 19 25 27 22  7 14  1  6 21 25  6  8  8  3  4 16  5 10  7  5
  25 29  6 26 20 24 25 20 28 19 26 15 11 16 21 17  3 22 27 24 16  8  2  4
  26  6 22 15 14 23 15 14 27  1 11 13 19 27  7  6  4 29 14  6 19 10  1  7
  29  7 10 27 29 13 18 12  1  6 13 10 26  7 22 15  5  3 27  2 16  9  2 21
   8 14  5 14 28 10 26 28  8 24  8 13  1 17 14  4  7 20 23 14 13 27 19 28
  28  5 23 18 23  1 12 14  9 18 23 26  3  4  2 13 21]
 [ 0 12 17 24 29  4  5 12 19 23 16  3 21 25 23 18  2 26 22 19  7 26 19 13
  17  5 11  8 22 18 11  3 26 22 21  4 12  1  2  6 21 15 15 20 21 12  6  4
  22 13  7 18  5  1 10  3  7 25 10  7 22  4  1 22  5  4  5 15 25  8  6 20
  23  8 16  7  9 16 16  9 14 24 26 22 12 16  8  7  2 19 20 29  5  2 15 11
  27 14 16 28  7  7 23 18  1  4  9 12 21 16  7  5 29 13 25 24  9 12  6 27
  27  8 14 12 26  3  2  4  5  7  2 28 13 23  7 12  2  2  3 10 23 12 23 29
  21 25 15 20 22 11 13  9  9 17 16 27 14  1  8 24  2]
 [ 0  9 23 29 27  7 18  4 16  7 21 27 26 15 10 25  8 26 15 19 19 20  2  8
   1  1  7 14  2 24  8 16 17  7 26 28 13  5  2 12 29 26 26 11 14 14  2 10
  12  4 11 14  6 17 15 23  5 18  7 16 11  6  8 18  5 28 29  2 15 24  3  9
  24 17 21  3 15 20 26  7  4 11  4  5 10  3 21 22 13 20 28  9 26  6 26  4
  16 24 13  5  9 24  2 27 13 15 28 13 28 21 13 18 23  3 29  8 19 12 23 10
  10 14 27  1 19 22  9 22 26  4 23 15 15 27 21 22 29 11 13 29 24 29 11  3
  20 29 18 16 29 25  1  6  6 16 28  2  8 27 28  4 29]
 [ 0  5  2 21 19 17 15  7 24  4  9 11 12 11 28 17 11 19 24 23 27 29 26 16
  10  2  7 26 18 17  8 23  3  6 24 11 26 16 20 17  3  9 23  9 12 26 28 21
   2  6 24 19 18 21 18 21 27  3 13 28 11 24 12 15  4  2 16 14  9 14  2 10
   9 18 18 11  9 23 13 18  3  6 27  4 28 13 17  9  9 19 25  6 19 21 18 11
   9  2 20 28  3 29 12  9 15  8 26  7 23 19 28 25 27 23 23  2 14 29 27  6
   7 17 10 26 20 29  6  3 20 29  2 24 17  7 15  7 25 10 10 23 21 14 11 16
  16 12 29 26  9  3  8  2 14  9 25 13 27  3 15  2 12]
 [ 0 25 23 17 21 22 25 10 16  9 14  9 12 28 28 20 22 28  9 11 24 15 15  6
  10 11 26 18 12 22  6 22  1 20 16 18 10  6 18 11  3 23 11 12  8 14 11 28
  23 23 26 18 19 25 21 22 22  3 16 22  3  8  9 27  6 23 21 14 16  5  9 28
  25 29  9  4 10 24 20  8 20 29 16  6 29 10 10  2  8 18  8 13 11  7  6 16
  13 17 15  9 16 17  6  7  3  8 12 25  1 27  1 27 15 29 23 22 20 29  1 29
  21 21 15  8 16 19  1 17 24 23 25 12 29  9 11 10 25 12 10 15 14  2  3 12
  20 17 20 12 13 19  8 16 27  4  6 14 12 15  6  6  4]
 [ 0  3 27  9 29 10  1  4 16  1 21 20  1 20 14 16 21 29  2 26 18 29 15 13
  16 19 19  9  8  3 28  5  3 11 20  6 14 14  5 18  6  8 15 20 15 24 21 22
   3 25 10 15  8 15 23  6 25 19  3 20 22 28 29  9 20 27 29 19 28 18  1  7
  22 13 17  7 25 22 23 12 21  2 10 10 17 24 23  6  3 19 12 26  4 28 16 27
  18 29  1  8 22 18 18 17 28 27  6 22  1  1 27 10 10 22 26  7 14 23 10 15
   8  2  9 24 14 29 26  7  4  5 11 15 29 21 29 23 19 12  8  7  3 15  2 13
  25 15 12 17 24  4  9 14 28 19 11 10 21  6 26 24 11]
 [ 0 10 18 24  1 28  6 20  7 26 11  2 29  8  8  5 26 22 21  5 13 19  6  3
  26 16 29 22  9 15 13  6 28  5 24 22  1 21 28 12 15  6 28 12 19 15 23  1
   6 15 12 14 13  9 13 24 24 28 29 21 15  7  8 13 19 27 14  1  4  9  5 28
   7 18 28 24 29 29  2 28 18  9  2 12  2 24 20 22 17 26 23 20 11 18 11  7
  11  5 29 22  4 26 22  5  8 26 17 13 28 15 15  2 16 26  6 23 26 11 19  3
  29 14  3 24 24 21 24  8 10 13 29  2  8  2  4 11 12 11 19  7 19  3 21 21
  19  1 22 12 19  9 26  2 25 19 27 16 28  7 28 27  6]
 [ 0 16 21 17 14 18 28  5 17 12 13 25 22 27  8  9 21 11  8 13  4 13 21 17
  27 13  1  2 26 21 15 23 21 22 18 11 16 17 11  8  6 15 18 18 26 13 10 27
  22 12 25 27  4  6  5 24  6 29  2  9  8 15  1 22  3 27  6 18 12  5 23 11
   7 11  8 14 17 14 10  1 22 11  6 11 21 13 18 24  5  6 19 21  1 28 17 26
  26  6  8  1 27 14 26  2 12  1 14 26  9  8  4 10 24 19  9 20  1  2  2  8
  25  2  7  3  4  6 26 14 10  4 16  3 27  5 15  6 19 23  9 28 18 29 17  5
   1  8  6 29  6 29 19 12 19  3 21  8 20 18 22 25 16]
 [ 0 20 25 20  2 26 24 14 13 23  6 20 15 25 28 26 16  9  4 27 23 29 28 13
  21  8 28  9 27 22 11 27 18 16 28 26 28  4 13 10 11 16 11 11 13 19  2 10
  15 16 15  4 20 22 26 10 27 29 18 28 18  3 13 21 19 14 28 25 21 11  1 28
  18 14 12 20  5 21 29  1 18 23  2  7 20 21 28 19  6 22  2  6 22 11  7  9
  12  2 24 21  2 25 21 19  9 24 27 13  6  9 17  7 14  5 16 16 18 18 24  3
   4 15 24  5  2 28  3  6  5  9 29 21 28 28 24 18 28  2 26 11  2 26 23 29
  21  6 12 28 10 29 23 13 19 19  7 15  2 22  6 21 14]
 [ 0 27 24 27  3 27  1 25 29 21  2 26 15  9 15 13 19 10  2 25  1 19 20 15
  24  4 27 17 14 20 22  8  8  8  4  7 22  3  3 14 18  1 18 16 17 22 12  7
  21 23 24 19 23 26 10 11 26 22 11 19  2 19 27 11  2 27 16  5 25  4  8 22
  29 11  9  5 24 20 12  8 11 11 12 14 25 10  5 23 11  6  1 10 24 20 24 11
   7 18 27  9  8 22 26 14  6  4  1  4 15  9 12 12 20 17  9  2 27  7  4 16
  27 16 23  3 27  7 25  7 23  8 14 18 25  8  7 17  3 20  9 26 28 11  3 15
  12  3 17  3  3 21 15  1 29 27  8  8 15  1 17 18  4]
 [ 0 10 23 28  9 24 16 11 18 29  8  1  4 12 14 28  9 27 14 24 17 14  1  3
  27 18 21  2 25  2 20 16 27  7  5 23 18 28 24 10 25 12  3 18 23 17 18 26
   9 16  1  5  2 18 19  7  6  6  9 10  1 13  7 23 20 13 17 28 17  1 21 28
   3 13 23 10 21  4 29 29 19 12 14 18 12 27 23 23 19 24 20 18 26  7 27 24
  21 14 11 14  6  4  9  1 17 13 25  7 11 13 27 22 23 19  9  2 23 25 22  9
  13 14  7 11 11 13  2 24  3 14 27 14 12  7 28 10 19 29 13  2 24 26 19 14
   2 25 10 22 22  8  8 19  3 10 10 26  2 16 25 10 17]
 [ 0  4 17  8 24 12 21  5 13 22 18  7 10  3 12 10 23 29 11  8  2 21  5 24
  26 10 14  6 10 21  7 25 11 21 24  6  8  1 27  4 17 28 29 28  1 18  3 27
   6  3 26 26 17 26 22 16 27 21  9  2 19 29  8 12 23 29  7  6  2 13 12  1
  16 29 11 20 18 16 17 22 20  1  1 21  7  5 13  3 25 26  6  9 27 27  8 26
   7 27 20 20 16 26  6 14 29  9  6 18  8 12 13  7 23 24 11 22  2 16 22 18
   5 29 29 15 12 29 23 29 13 13 10  9 29  7  9 11 11  5 24 12 19 24 18 26
   8 13 27 12 22  7 16  6 10 13  8  7  5 14 27 20 19]
 [ 0 15 16  4  3  8  1  4 20  2 24 28 26  5 25 11 22  5  5 27  4 25 23 18
  15 20 29 17  4 24  7  3 18 19 13  6 12 12  3  9  5  5 17 12 15 20  8 13
  14  8  2 17 15 21  7 18 27 11 19 16  4  6 17 13 23  4  6  8 22 12 24 27
   1 28 24  7 28 20 16 14 17 13 27 22 29  7 12 24 22 24  2 23 21  7 16  1
  23 14 18  8 22  9 19  8 21  5 17 10  3  3 17 13  5 28  9 25 17  5 16 19
  19  6  8 27 28  2 12 12 26 25 23 12 20 29 27 24 17 21 20 12  7 19 10  2
  25 16 21 12 28 28 16  7 16  7 15  8 25 17  5  8 17]]
 job2fam
 [[1 0 0 0 0 0 0 0 0 0 0 0 0 0 0 0 0 0 0 0 0 0 0 0 0 0 0 0 0 0 0 0 0 0 0 0
  0 0 0 0 0 0 0 0 0 0 0 0 0 0 0 0 0 0 0 0 0 0 0 0 0 0 0 0 0 0 0 0 0 0 0 0
  0 0 0 0 0 0 0 0 0 0 0 0 0 0 0 0 0 0 0 0 0 0 0 0 0 0 0 0 0 0 0 0 0 0 0 0
  0 0 0 0 0 0 0 0 0 0 0 0 0 0 0 0 0 0 0 0 0 0 0 0 0 0 0 0 0 0 0 0 0 0 0 0
  0 0 0 0 0 0 0 0 0 0 0 0 0 0 0 0 0]
 [0 0 0 0 0 0 0 0 0 0 0 0 0 0 0 0 0 0 0 0 0 0 0 0 0 0 0 0 0 0 0 0 0 0 0 0
  1 0 0 0 0 0 0 0 0 0 0 0 0 0 0 1 0 0 1 0 0 0 0 0 1 1 0 0 0 0 0 0 0 1 0 0
  0 0 0 0 0 1 0 0 0 0 0 0 0 0 0 1 0 0 0 0 0 0 0 0 0 0 0 0 0 0 0 0 0 0 1 0
  0 0 0 0 0 0 0 0 0 0 0 0 0 0 0 1 0 0 0 0 0 0 0 1 0 0 1 0 0 0 0 0 0 0 0 0
  0 0 0 0 0 0 0 0 0 0 0 0 0 0 0 0 0]
 [0 0 0 1 1 1 0 0 0 0 1 0 0 0 1 0 0 0 0 0 0 0 0 0 0 0 0 0 0 0 0 0 0 0 0 0
  0 0 0 0 0 0 0 0 0 0 0 0 0 0 0 0 0 0 0 0 1 0 0 0 0 0 0 1 0 0 0 0 0 0 0 0
  0 1 0 0 0 0 0 0 0 0 0 0 0 0 0 0 0 0 0 0 0 0 0 0 0 0 0 0 1 0 0 0 0 0 0 0
  0 0 0 0 0 0 0 0 0 1 0 0 1 0 0 0 0 0 0 0 0 0 0 0 0 0 0 0 0 0 0 0 0 0 0 0
  0 0 0 0 0 0 0 0 0 0 1 0 0 0 0 0 0]
 [0 0 0 0 0 0 0 0 0 0 0 0 0 0 0 0 0 0 1 0 0 0 0 0 0 0 1 0 0 0 1 0 0 0 0 0
  0 0 0 0 0 0 0 0 0 0 0 0 0 0 0 0 0 0 0 0 0 0 0 0 0 0 0 0 1 0 0 1 0 0 0 0
  0 0 1 1 0 0 0 0 0 0 0 0 0 0 1 0 0 0 0 0 0 0 0 0 0 0 0 0 0 0 0 1 0 0 0 0
  0 1 0 0 0 0 0 0 0 0 0 0 0 0 1 0 0 0 0 0 0 0 1 0 0 0 0 0 0 0 0 0 0 0 0 0
  0 0 0 0 0 0 1 0 0 0 0 0 0 0 0 0 0]
 [0 0 1 0 0 0 0 0 0 0 0 0 0 0 0 1 0 0 0 0 0 0 0 0 0 0 0 0 0 0 0 0 0 0 0 1
  0 0 1 0 0 1 0 0 0 0 0 0 0 1 1 0 0 0 0 0 0 0 0 0 0 0 0 0 0 0 0 0 0 0 0 0
  0 0 0 0 0 0 0 0 0 0 0 0 0 0 0 0 0 0 0 1 0 0 0 1 0 0 1 0 0 0 0 0 0 1 0 0
  1 0 1 0 0 0 0 0 0 0 1 1 0 0 0 0 0 1 0 0 0 0 0 0 0 0 0 0 0 0 0 0 0 0 0 0
  0 0 1 0 0 0 0 0 0 0 0 0 0 0 0 0 0]
 [0 0 0 0 0 0 1 0 0 0 0 1 0 0 0 0 0 0 0 0 0 1 0 0 0 0 0 0 0 0 0 0 0 0 0 0
  0 0 0 0 0 0 0 0 0 0 0 1 0 0 0 0 1 0 0 0 0 0 0 0 0 0 0 0 0 1 0 0 0 0 0 0
  0 0 0 0 0 0 0 0 1 0 0 0 0 0 0 0 1 0 0 0 0 0 0 0 0 0 0 0 0 0 0 0 0 0 0 0
  0 0 0 1 0 0 1 0 0 0 0 0 0 0 0 0 0 0 0 1 0 0 0 0 0 1 0 0 0 0 0 0 0 0 0 0
  0 0 0 0 0 0 0 0 0 0 0 0 0 0 0 0 0]
 [0 1 0 0 0 0 0 0 0 0 0 0 0 0 0 0 1 1 0 0 0 0 0 0 0 0 0 0 0 0 0 1 0 0 0 0
  0 0 0 0 0 0 0 0 0 1 0 0 0 0 0 0 0 0 0 0 0 0 0 0 0 0 0 0 0 0 1 0 0 0 0 0
  0 0 0 0 0 0 0 0 0 0 1 1 0 0 0 0 0 0 0 0 0 0 0 0 0 0 0 0 0 0 0 0 0 0 0 0
  0 0 0 0 0 0 0 0 0 0 0 0 0 0 0 0 0 0 0 0 0 0 0 0 0 0 0 0 0 0 0 0 0 0 0 1
  0 0 0 0 0 0 0 1 0 0 0 0 0 0 1 0 0]
 [0 0 0 0 0 0 0 0 0 1 0 0 0 1 0 0 0 0 0 0 0 0 0 1 0 0 0 0 1 0 0 0 0 1 0 0
  0 0 0 0 0 0 1 0 1 0 0 0 0 0 0 0 0 0 0 0 0 0 1 0 0 0 0 0 0 0 0 0 0 0 0 1
  0 0 0 0 0 0 0 0 0 0 0 0 1 0 0 0 0 1 0 0 0 1 0 0 0 0 0 1 0 0 0 0 1 0 0 1
  0 0 0 0 0 0 0 0 1 0 0 0 0 0 0 0 0 0 0 0 0 0 0 0 0 0 0 0 0 0 0 0 0 0 0 0
  0 0 0 0 0 0 0 0 0 1 0 1 0 0 0 1 0]
 [0 0 0 0 0 0 0 0 0 0 0 0 0 0 0 0 0 0 0 0 0 0 1 0 0 0 0 0 0 0 0 0 0 0 0 0
  0 0 0 0 0 0 0 0 0 0 0 0 1 0 0 0 0 0 0 1 0 1 0 0 0 0 1 0 0 0 0 0 1 0 0 0
  0 0 0 0 0 0 0 0 0 1 0 0 0 0 0 0 0 0 0 0 0 0 1 0 0 0 0 0 0 0 0 0 0 0 0 0
  0 0 0 0 0 1 0 0 0 0 0 0 0 0 0 0 1 0 0 0 0 0 0 0 0 0 0 0 0 0 0 1 0 0 0 0
  1 1 0 0 1 0 0 0 0 0 0 0 0 1 0 0 1]
 [0 0 0 0 0 0 0 1 0 0 0 0 0 0 0 0 0 0 0 1 0 0 0 0 0 0 0 0 0 0 0 0 0 0 1 0
  0 0 0 0 0 0 0 0 0 0 0 0 0 0 0 0 0 0 0 0 0 0 0 0 0 0 0 0 0 0 0 0 0 0 0 0
  0 0 0 0 0 0 0 0 0 0 0 0 0 0 0 0 0 0 0 0 1 0 0 0 1 0 0 0 0 0 0 0 0 0 0 0
  0 0 0 0 0 0 0 0 0 0 0 0 0 0 0 0 0 0 0 0 1 0 0 0 0 0 0 0 0 0 0 0 0 0 1 0
  0 0 0 0 0 1 0 0 0 0 0 0 0 0 0 0 0]
 [0 0 0 0 0 0 0 0 0 0 0 0 0 0 0 0 0 0 0 0 0 0 0 0 0 0 0 0 0 0 0 0 0 0 0 0
  0 0 0 0 0 0 0 0 0 0 0 0 0 0 0 0 0 1 0 0 0 0 0 1 0 0 0 0 0 0 0 0 0 0 1 0
  0 0 0 0 1 0 1 0 0 0 0 0 0 1 0 0 0 0 1 0 0 0 0 0 0 0 0 0 0 0 0 0 0 0 0 0
  0 0 0 0 1 0 0 0 0 0 0 0 0 0 0 0 0 0 0 0 0 1 0 0 1 0 0 1 0 1 0 0 1 1 0 0
  0 0 0 0 0 0 0 0 0 0 0 0 1 0 0 0 0]
 [0 0 0 0 0 0 0 0 0 0 0 0 0 0 0 0 0 0 0 0 1 0 0 0 1 1 0 0 0 1 0 0 0 0 0 0
  0 1 0 1 0 0 0 0 0 0 1 0 0 0 0 0 0 0 0 0 0 0 0 0 0 0 0 0 0 0 0 0 0 0 0 0
  0 0 0 0 0 0 0 0 0 0 0 0 0 0 0 0 0 0 0 0 0 0 0 0 0 1 0 0 0 1 0 0 0 0 0 0
  0 0 0 0 0 0 0 1 0 0 0 0 0 1 0 0 0 0 1 0 0 0 0 0 0 0 0 0 0 0 1 0 0 0 0 0
  0 0 0 1 0 0 0 0 1 0 0 0 0 0 0 0 0]
 [0 0 0 0 0 0 0 0 1 0 0 0 1 0 0 0 0 0 0 0 0 0 0 0 0 0 0 1 0 0 0 0 1 0 0 0
  0 0 0 0 1 0 0 1 0 0 0 0 0 0 0 0 0 0 0 0 0 0 0 0 0 0 0 0 0 0 0 0 0 0 0 0
  1 0 0 0 0 0 0 1 0 0 0 0 0 0 0 0 0 0 0 0 0 0 0 0 0 0 0 0 0 0 1 0 0 0 0 0
  0 0 0 0 0 0 0 0 0 0 0 0 0 0 0 0 0 0 0 0 0 0 0 0 0 0 0 0 1 0 0 0 0 0 0 0
  0 0 0 0 0 0 0 0 0 0 0 0 0 0 0 0 0]]
