params：
 weight-->(1, 10)
 proc_times-->(1, 100)
 setup_times-->(30, 60)
 delivery_times-->(1, 30)
 job_rate-->8

start:
alpha_1
8
 alpha_2
1.0
 mach
20
 job
160
 fam
12
 weigh
 [[0 4 6 5 8 3 8 2 1 5 7 1 9 1 9 9 2 2 5 5 5 1 1 7 1 9 7 1 7 4 9 6 2 7 5 3
  9 3 8 2 9 6 5 6 3 5 5 3 3 2 3 8 6 1 1 3 7 4 4 2 6 9 9 2 3 8 1 4 1 1 8 8
  7 3 3 6 4 4 8 7 5 3 2 9 5 6 5 5 3 9 4 3 8 7 3 5 8 8 9 1 4 1 5 9 6 3 7 3
  7 5 9 9 4 8 9 3 5 7 7 4 7 4 1 6 7 5 9 1 6 2 2 9 9 1 1 4 7 6 5 4 2 5 1 6
  4 7 5 4 2 4 4 7 8 9 5 4 2 2 5 1 7]]
 proc_times
 [[  0  92  92   9  86  98  33  43  22  16  98  48  73  60  83  69  75  50
   44  29  47  10   3  16  24  46  34  99  86  33  40  74  78  11  90  27
   87  93  14  34  19  49  40  90  43   5  92  87  46  33  70  90  57  81
   35  56  47   4 100   9  22  63  41  98  45   8  77  56  90  71  85  71
   41  74  51  90  47  59  49   6  84  67   6  54  58  41  93  30  30  74
   88  73  51  77  60  78  22   1  63  52  40   8  63  87  42  52  54  68
   82  13  19  28  19   7  26  11  30  91  75  21  51  59   7  27  51  95
   52  97  39  89  76   9  37  46   9  77   9  85  50  19  34  72  87  51
   64  55  23  51  74  69   6  13  59   5  93  54  77  46  94  73  11]
 [  0  21  78  21  69  19  97  85   5  75  93  67   1  44   2  36   4  41
   59  36  77   3  77  50  50  23  75  84  93  35  26  45  81  67  53  13
   15  30  36  58  58  72  68  31  21  35  35  43  23  78  81  31  93  93
   14  64  14  50  31  53  27 100   8  41  26  50  23  59  26  34  40  71
   58  80  12  39  68  76  36   4  91  88  34  26   4  15   8  53  49  28
   79  70  76  72  61  63  55  24  54  24  63  65   3   2  27  87  89  36
   48 100  44  37  90  35  94   9  71  13  53  32  63  72  28  38  38  66
   78  89   4  76  74  12  11  77  49  81  91  82  96  27  59  44  23   8
   60  79  28  47  12  17  81  98  68  41  54  82  14  39  28  22   9]
 [  0  69  50   2   2  56  75  11  34  37   1  72  35   4  22  56  76  72
   27   7  12  64  52  60  82  27  87  10  41  71   6  38  28  15  80  87
   35  81  80  47  55  13   8  45   2  32  42  24  57  71  55  31  51  25
   38  77   9  94  78  19  69  47  97  93  42  97  94  10   7  10  87  63
   14  64  14  99  29  92  70  87  13  83  96   6  95  86  22  39  58  90
   44  17  94  78  30   5  71  72  45  88  31  49  90  63   6  63  98  64
   59  35  88  66  20  45  15  21  68  97  74  24   4  28  22  74  29   6
   40  36  98  94  64  12   1  96  28 100  26  30  88  45  74  20  18  81
   23  66  85  50  47  86  54  25  92  88  12  75   4  70  47  62  52]
 [  0  49  91  93  58  74  85  56  82  82  35  83  19  96  46   2  95  65
   77  54  76  59  95  46  40  13  68  79  58  21  25  50  57   3   1  55
   14  24  44  24  51  18  99  52  43  34   3  67  50  92  73  32  19  90
   60  97  54  28  31  89   3   3  81  19  96  29  76  96  70  77   2  96
   77  26  94  69  30   3  13  95  99  14  31  87  85  11  25  32  54  94
   45  54  29  50  64  94  57  72  52  61  41  85  77  63  11  31   4  98
   67  53  79  22  28  60  26  94  20  12  76  15  28   1  90  73  45  11
   14  20  62  30  37   7  73  65  24   2  39  76  61  46   4 100  49  90
    6  36   8  84   3  37   5   4  86 100  40  34  95  62  17  16  40]
 [  0  34  77  94  31  24  20   9  87  23  17  81  87  44  55  53  55  63
   48  38  54  27  87  43  20  82   9  82  27  63   3  38  46  77  61  46
   76  52  17  26  22  23  49  17  31  39  21  27  79  83  45  33   5  62
   42   9  99  29  57  51  61  11  98   7  22  32  65  33  39  33  33  78
   30   8   8  86  29  86  39  94  69  78  22  95  38  51  64  49  94  39
   96  67  58  25  32  50  74  99 100  95  35  74  43  45  10  85  48  87
    8  91  70  33  67  66  64  40  34  60  82   5  89  38  27  90  59  93
   93  84  47  37  25  59  14  87  89  58  67  10  57  81  83  14  54  45
   43  69  58  28  13  56  63  69  97  82  66   3  21  20  88  93   6]
 [  0  93  31  19   4  39  61  48  60  40  14  86  96  52  89  15   8  27
   22 100  23  44  61  46  21  36   7  93  40  99  64  58   9  28   8  77
   24  91  27   6  21  28  33  97  95  23  36  94  95  60  63  17  50  74
   35  92  52   1   4  38  64  11  85  60  81  70  85  76  77  24  26  27
   38  73  61  70  29  19  34  29  51  29  98  78  77   5  53  79  51   7
   25   1   8  78  30  31  44  84  46  85  10  20  78  89  37  73  86  97
    8  44  87  29  96  90  50  28  22  71  12  75  48  53  97  37   7 100
   80  56  22  62  16  98  67  47  23  83  71  34   4  66  42  14  18  94
   78   4  34  60  35  83  49  58  35  41  87  90   5  78  55  13  87]
 [  0  51  37  65  18   4  40  53  19  68  37  98  73  59  25  27  57  43
   25  63  95  84  79  48  30  34  49  57  52  69  43  16   2  52  56  45
   60  33  69  41  92  88  31  11  64  31  11  39  30  78  59  37  18  22
   16  85  47  55  91  59  38  86  73  29  44  38   4  77  91  95   5  17
   67  66  65   1  35  50  66  12  92  63  93  16  33  52  94  76  56  86
   32  75  47  91  10  55  93  73  45  52  43  12  16  30  58  71  59  19
   67  98  17  88  88  76  77  12  47  25  68  36  21  31  83  68  31  13
   82  40 100   1  10   8  29  60   4  21   5  55  83  18  95  90  78  97
   40  14  52  96  49  24   9  46  91  72  66  25   7  13  77  79  71]
 [  0  56  15  50  32  60  31  83  96   7  21  49  42  79  36  60  94  43
   64  76  79  97  87  24  35  24  36  49  89  74   9  45  98  75  39  70
   71  71  22   3   6  51  33  91  41  48  92  22  41  76  14  33  27   7
    2  30   2  30  12  32  15  23  46  75  36  39   9  24  50  12  10  76
   26  22  64  72  44  82  48  57  63  44  69  63  74  89  54  57  88   6
   84  50  44  95  34  12  37  76  96  59   5  42  17   3  39  51  84  82
   24   2  48  22  99  24  47  24  97  46  42  90  18  40  76  93  21  94
   20  71  17  61  10  16  36   2  66  23  86  84  12   8  13  88  32  89
   43  10  41  19  65   4  10  16  15  71  22  25   5  32  45  98  98]
 [  0   4  60  83  27  50  63  56 100  75  17  83   9  61  33  14  59  56
   27  93  63  65   4  12  28  89   5  78 100  23  83  91  16  22  51  89
   45  37  22  30  80  19  60  76  10  70  68  57  16  51  69  89  99   5
   95  53  53  84  80   3  18   6  64  79  46  41  63  15  86  82  63  63
   73  48  95  20  16  13  25  90  33  18  17   2  97  72  15  52   7 100
   50  17  41  13  12  36  57  63  34  52   4  62  89  44  26  42  57  34
   32  81  32   4  22  64  57  57  98  71  65  98   7  58  48  58  88   5
   49  14  12  21  47   4   5  41  17   5  75  93  58  49  48  75  46  95
   84   1   7  31  50   6  99  79  45  99  34  21  40  60  79  72  16]
 [  0  24  94  38  14  18  69   5   8  55  68  40  61   9  59  16  54  52
   39  32  64  96  78  55  57  50  55  25  40  51  38  86  40  11  24  60
   69  50  70  56  14  28  76  32  36  81  28  79  65  37  49  26   2  32
   97  71   2  85  61 100  29  67  62  67  52  21  17  55  90  94  36  84
   96  64  84  91  17  81  11  66  83  11  15   7  14  73  59  66  83  33
   63  77  43  18  20  47  46  16  48   4  59  85  59  25  53  80  12  63
   40  97  19  98  23  83  85  29  93  26  94  77   7  79  81  87  31   4
    2  49  81  10  29  58  57  16  35  69  11  64  72  30  16  49  79  82
   60  98  47  11  98  84  24  96  43  22  82  15  57  82  42  88  60]
 [  0  12  10  58  99  92  25  58  24  45  38  80  83  54  65  60  72  52
   73  43  54   1  37  30   1  87  68  91  31  12  48  53  58  42  87  79
    4  10  85  97  38  61  51  99  11  44  12  55  28  54  39  90  64  16
   17  10  30  22  91  35  81  49  12  26  40   4  30  67  56  89  60  65
   40  22  74  69  39  39  19  63  66  74   4  22  18  47  66  41  46  37
   15  77  76  27  48  59  85   3  81  93  43  58  21  51  11  99  23  29
   90  23  54  33  20  99  16  88  86   9  37  58  87   7  97  76  20  56
   85  90  65  71  24  60  97  29  50  33  20  48  56   1  62  84   3  64
   22  73  30  91  84  57  85   3  72  57  19  49  46  70  33  48  86]
 [  0  95  17  84   7   1  31  21  15  10  34  19  68  16  86  92  88  90
   56  31  36  64   9 100  12  84  47  77  80  66  71  88  48  73  71  88
   22  74  26  97  87  78  69   2  24  32 100  25  17  89  91  14  34  30
    9  29  63  61  18  15  11  47  44  48  74  58   2  58   5  86  99  33
   85  21  52  52  32  79  13  74  98  46  36  30  82  90  45  71  25  35
   91   6  62  49  16  31  85  49  91  89  70  40  76  70  82  75  41  54
   58   6  29  30  79  50  77  56   7  25  60  22  44  59  70   5  50  61
   79  66  57  20  24  45  79  87  21  95   8   6  45  54  20  76   1  31
   16  17  45  26  86  18  66  71   1  20  56  44  57  31  31   8  56]
 [  0   3  44   3  18  25  24  47  71  51  88  21   6  20  70  40  64  15
    8  17  16  61  10  18  56  73  82   8  12  46  37  16  98  88  53  38
   79  79  35  89   2  55  77  54  75  65  20  33  83  18  12  35  25   2
    5  40  98  23  28   6  49   2  30   8  28  10  97  29   7  86  81  81
   11  89  42  64  13 100  24  76  83  85  53  24  38  40  41  96  55  76
   50   4  59  85  87  74  44  67  15  87  72  79  34  19  12   3   2  44
  100  83  52  64  49  95  87  94   6  84  90  25   3  53  84   2  29  66
   72  29   7  65  78  31  20  28  84  64  15  33  10  62  60   1  68  89
   54  99  96  23  26  59  96  26  94  79   8  96  92  74  51  78 100]
 [  0  37  45  55  34 100  73  20  47   5  26  49   5   1  58  57  70   2
    9  20   1  87  90  63  77  24  95  33  53  50  32  58  92  25  34  91
    7  89  14  48   3  96  80  39  19  37  63  92  16  34  89  65  14  81
   44  60  95  68  72  45  32   7  52  66  89  33  25  96  81  74  86  17
   12  14  66  31  16  25  39  62  69  82 100  60   3   3  86  42  79  98
   53  78  76  73  83  39  78  83  99   9  39  35  91  87  93  18  21  96
   65   6  34   8  46   4  86  77  16  33  65  46 100  86  57  61  88  48
    7  83  94  34  71  16  77  25  21  52  83  62  45  48  68  49  38  11
    4  80  44  57  25   9  36  30  46   5  71   5  55  24  51  87  93]
 [  0   7  16  92  60  12   1  18  54  94  25  68  41  23  47  98  59  79
   88  67  64  13  47  53  22  25  54  25  39  23  81  66   5   8  48  20
   99  46  47  53  49  37   7  87  89  36  12  76  55  38  94  99  98  72
   36  50  78  40  60  62  29  22  12  81  19  68  65   7  46  33  65  57
   70  10  48  40  92  53  55  45  99   4  78  29  95  80  50  86  39  98
   12  77  70   5  39  40  91  32  77  19  57  39  56  23  33  20  82  62
   49  27   4  11  51  41  41  47  58  89  28  76  77  55  86   7  63  67
   95  63  80   2  52  42  40  45  51  27  67  54  95  65  61  83  34   6
   47  25  48  46  35  39  17  34  14  40  55  49  22  43  97  84  21]
 [  0  36  30  45  14  36  54  24  37  40  43  59   2  39  41  78  12  72
   39  52  57  16  33  14 100  21  84  46  18  14  69  31  70  43  98  93
   21  15  32  67  41  70  90  63  63  99  99  44  15  30  59  24  38   1
   87  35  22  15  70  84  62  48  98  69  37  59  10  79  64  76  84  48
   35  50  46  87  21  23  97  90  57  22  96  29  13  62  72  51  24  66
   48  33   1   6  60  63  66  22  99  44  89  56  27  79  76  67  62  62
   17  68  53   1  57   9  73  54  99  15  70  42  35  15  30   1  94  95
   17  13  10  40  77  95  77  61  15   1  42  86  49   7  11  77  49  75
   77  59  39  73  54  48  24  96  60  74  44  15  19  95  18  91  12]
 [  0  82  51  74  88  62  58  25   8  52  16  26  11  37  40  96  56  33
   30  48  43  80   8  47  50  65  43  98  67  22   7  54  84  26  93  79
   20  26  82  49  78  11  13  66  80  93  45  55  71  33  68  12  44  26
   89  73  53  45  53  22  31  34  53  53  98  61  12  22   8   5  74  25
   63  20  74  89  63  71  93  38  55  51  98  79  86  98  37  11  87  77
    6  84  88  12  61  61  19  58  10  19  75 100  37  86  50  66   1  85
   41  78  42  37  83  76  86   7   3  51  15  36  73  26  20  65  64  43
   23  11   7  49  17  11   7 100  62  48  57  42  60  59  97  53  17  30
   31  65  73  56  65  27  50  11   7  86   2  32  93  74  99  41  83]
 [  0  51  28  38  72  85  69  71  80   4  48  41  94  19  91  68  39  42
   10  68  52  80  98  10  83  85  31  12  63  13  53  65  78  34  77  61
   79  91  91  32  45  63  31  85  42  96  44  15   7 100  77  59  94  42
   25  72  67  34  35 100  53  18  39  22  30  65  33  86  23  69  20   2
   61  79  49  89  94  47  28  42  73  37  74  84   4  64  24  53  18  85
   20  97   8  70  69  22  34  21   6  86  40  40  39  17  36  20  75  74
   99   6  29  38  71  10  86  38  50  34   8  70   2  22  70  98   5  21
   31  57  40  79  23  85  96  19  83  40  35 100  73  94  94  24  46  30
   36   3  88  33  21  80  67  36  82  45  81  94  83  40  90  98  62]
 [  0  83  10  89  95  68  83  42  79  29  62  59  79  31  96  84  68  12
   75  58  97  51  76  91  97  85  99  12  32  70  81  83  88  53  87  84
   11  86 100  47  24  23  26  73  34   2  41  97  25  61  32  25  28   5
   80  47   9  12  26  74  27  55  67  56   4  36  43  91  40  14   8  19
   98  26  72  10  88  24  74  77  12  11  97  41   5  58  47  79  19  64
   60  17  76  71  39  45  92  98  96   2  16  84  57  95  12  48   5  12
   77   3  49  62  30  33  38  21  10  37  56  51  26  48  98  34  93  87
   71  11  37  93  56  97  43  30   9  46  78  21  86  69  91  83  41  70
   12  68  95  93  38  39  37  35  65  46  51  50  70  65  28   1  64]
 [  0  19  12  71  24  91  75   7   4  94 100  39  57   9  15  57  60  60
   27  69  55  28  65  51  25  16  48  94   5  44  12   3  28  77   5  96
    6  42  44  76  13  97   7  66  81  65  56  10   8  53   4  34  18  51
   56  54  74  79  53  41   5   8  71  44  18   4  79  14  11  15 100  81
   12  80  64  98  62  54  90  74  39  71  50  34  81  61  28  68  38  35
   12  64  74   1  64   5  50  35  60  39  89  16   2  41  63  82  57  25
   77  76  24  36  99  56  97  40  85  60 100  63   4  21  72  69  33  20
   15  51  13  16  57  88  65  56  97  12  96  24  88  74  18   8  65  86
   32  49  60  10  91  14  88  40  29  28  19   1  59  42  91  11  75]]
 setup_times
 [[[ 0 56 56 44 32 41 33 38 30 49 39 38 30]
  [ 0  0 55 45 34 36 53 39 42 44 30 36 44]
  [ 0 48  0 33 46 40 50 58 51 54 32 41 58]
  [ 0 39 42  0 59 40 45 35 34 39 43 41 40]
  [ 0 43 51 50  0 43 43 44 49 38 38 53 59]
  [ 0 59 55 50 53  0 59 55 41 32 57 42 45]
  [ 0 36 33 31 50 48  0 36 53 52 50 47 44]
  [ 0 31 37 36 40 53 50  0 55 51 47 47 43]
  [ 0 33 58 55 48 41 56 57  0 40 44 36 39]
  [ 0 43 37 56 52 30 47 39 46  0 51 32 54]
  [ 0 40 37 41 35 52 52 34 51 33  0 57 52]
  [ 0 31 44 42 47 47 34 47 38 53 35  0 48]
  [ 0 46 39 52 36 32 55 37 59 37 46 48  0]]

 [[ 0 41 54 43 43 50 31 30 42 34 31 49 52]
  [ 0  0 50 38 47 57 49 40 53 52 40 55 56]
  [ 0 41  0 53 51 53 37 36 57 53 58 31 55]
  [ 0 48 31  0 43 55 59 52 55 43 55 30 58]
  [ 0 31 30 31  0 52 39 38 31 39 59 56 48]
  [ 0 51 44 48 33  0 51 54 59 47 33 38 46]
  [ 0 35 47 45 36 51  0 32 39 37 54 49 54]
  [ 0 39 38 50 53 39 32  0 31 32 41 31 51]
  [ 0 54 58 55 32 51 39 36  0 55 57 42 33]
  [ 0 42 46 43 47 42 46 57 31  0 50 39 39]
  [ 0 36 30 46 37 57 33 32 41 50  0 50 50]
  [ 0 45 41 36 53 36 56 59 55 49 56  0 49]
  [ 0 43 42 38 51 51 33 57 34 36 43 57  0]]

 [[ 0 30 37 39 43 46 42 48 46 46 55 54 40]
  [ 0  0 46 34 59 36 34 30 42 42 38 49 35]
  [ 0 45  0 50 57 55 44 57 31 51 59 40 51]
  [ 0 32 32  0 43 59 54 59 47 57 41 53 32]
  [ 0 31 48 43  0 54 34 30 37 45 41 41 44]
  [ 0 58 48 46 36  0 37 48 55 58 40 51 50]
  [ 0 54 36 54 57 52  0 43 43 33 41 37 54]
  [ 0 35 51 49 52 49 55  0 49 35 56 53 37]
  [ 0 47 55 59 44 30 55 34  0 55 48 35 52]
  [ 0 30 49 38 54 44 42 39 46  0 46 39 32]
  [ 0 59 37 39 37 39 51 31 56 54  0 58 34]
  [ 0 39 35 36 47 46 46 47 49 34 38  0 50]
  [ 0 53 56 43 33 32 45 41 51 47 49 37  0]]

 [[ 0 36 42 46 32 35 31 53 43 32 49 55 40]
  [ 0  0 45 30 33 30 36 50 44 46 31 49 57]
  [ 0 32  0 45 46 43 52 55 36 39 51 33 34]
  [ 0 47 38  0 48 35 31 53 44 33 50 43 47]
  [ 0 51 45 48  0 51 44 57 39 36 54 41 32]
  [ 0 43 58 35 44  0 52 58 51 50 51 52 39]
  [ 0 49 55 36 48 46  0 32 40 32 45 42 39]
  [ 0 35 46 40 39 37 51  0 49 49 34 53 59]
  [ 0 59 54 58 36 51 51 54  0 38 35 33 57]
  [ 0 40 58 46 37 52 58 43 38  0 42 37 38]
  [ 0 50 57 31 31 49 31 36 58 37  0 49 38]
  [ 0 40 35 55 36 44 38 56 41 43 51  0 38]
  [ 0 47 40 59 30 40 32 34 47 50 38 52  0]]

 [[ 0 45 41 53 51 33 54 30 44 39 59 31 34]
  [ 0  0 52 30 49 59 54 42 49 47 34 58 35]
  [ 0 37  0 44 36 41 59 50 48 33 37 54 32]
  [ 0 57 45  0 58 33 38 52 33 41 51 34 42]
  [ 0 59 35 55  0 30 53 52 39 43 43 49 41]
  [ 0 51 37 46 37  0 58 49 37 52 30 43 38]
  [ 0 59 37 36 41 38  0 48 58 49 31 47 40]
  [ 0 50 45 56 31 49 52  0 51 54 44 49 45]
  [ 0 33 51 55 44 32 38 55  0 30 35 36 39]
  [ 0 46 34 54 56 57 38 30 54  0 55 43 31]
  [ 0 59 37 44 41 56 34 55 43 54  0 55 42]
  [ 0 36 37 35 57 36 57 53 46 54 50  0 58]
  [ 0 59 54 48 44 56 31 34 52 33 37 55  0]]

 [[ 0 52 49 30 37 35 47 47 52 48 40 45 33]
  [ 0  0 53 37 58 41 42 30 47 42 52 48 34]
  [ 0 38  0 41 59 48 56 59 49 54 44 40 52]
  [ 0 49 46  0 56 33 37 30 35 54 42 47 43]
  [ 0 34 38 36  0 46 54 51 53 52 51 38 35]
  [ 0 40 40 43 47  0 57 40 58 40 41 46 53]
  [ 0 37 32 59 59 35  0 33 48 39 55 34 41]
  [ 0 48 36 49 43 33 43  0 37 52 52 39 56]
  [ 0 53 36 55 47 42 39 47  0 50 45 41 47]
  [ 0 54 45 51 57 43 51 44 34  0 42 51 41]
  [ 0 58 45 53 56 33 32 41 31 47  0 57 47]
  [ 0 55 51 56 39 57 41 35 53 42 46  0 35]
  [ 0 53 49 41 33 32 49 54 33 31 42 38  0]]

 [[ 0 47 55 30 33 58 32 34 59 57 40 53 47]
  [ 0  0 57 51 32 39 58 43 48 33 42 41 37]
  [ 0 47  0 30 58 45 54 52 44 40 54 46 52]
  [ 0 31 43  0 46 49 57 44 57 55 55 58 43]
  [ 0 56 39 35  0 58 55 32 39 36 56 32 46]
  [ 0 59 36 37 51  0 51 54 47 44 55 50 52]
  [ 0 47 58 52 59 47  0 37 59 37 44 50 37]
  [ 0 47 42 57 43 36 30  0 58 56 37 41 41]
  [ 0 56 31 35 57 46 36 53  0 54 59 47 51]
  [ 0 33 52 58 56 36 44 55 44  0 43 59 51]
  [ 0 40 56 48 48 53 50 39 36 34  0 55 53]
  [ 0 48 31 32 51 36 31 54 36 53 51  0 56]
  [ 0 39 36 49 46 49 48 41 46 32 59 46  0]]

 [[ 0 42 53 30 41 49 54 45 36 53 30 51 33]
  [ 0  0 30 34 51 55 41 59 44 51 36 57 42]
  [ 0 39  0 53 32 51 36 40 40 32 42 49 57]
  [ 0 44 45  0 34 37 57 38 50 46 48 36 56]
  [ 0 50 39 38  0 45 54 57 30 55 42 37 54]
  [ 0 57 44 44 44  0 36 36 59 48 58 31 31]
  [ 0 45 50 52 48 33  0 57 37 49 37 30 35]
  [ 0 32 44 55 50 54 48  0 53 34 56 34 48]
  [ 0 51 59 34 44 49 49 30  0 58 53 35 51]
  [ 0 41 44 40 55 45 50 51 52  0 53 46 54]
  [ 0 45 59 59 45 38 47 47 41 47  0 39 52]
  [ 0 43 57 54 59 32 46 45 53 34 47  0 40]
  [ 0 40 44 53 34 45 51 38 54 50 33 34  0]]

 [[ 0 34 59 34 39 40 49 47 36 59 34 40 35]
  [ 0  0 46 45 43 38 47 50 41 34 49 30 50]
  [ 0 33  0 51 36 31 47 39 48 36 46 33 38]
  [ 0 57 51  0 58 32 50 40 59 45 50 38 56]
  [ 0 39 41 59  0 44 51 52 58 30 39 46 46]
  [ 0 59 59 53 53  0 59 54 55 57 48 55 56]
  [ 0 32 57 40 54 35  0 53 57 46 30 50 30]
  [ 0 45 41 54 35 36 51  0 30 35 44 57 43]
  [ 0 32 53 54 51 37 58 52  0 50 44 35 38]
  [ 0 57 46 48 44 49 58 57 52  0 31 35 34]
  [ 0 43 33 58 46 57 36 54 37 53  0 33 35]
  [ 0 44 35 33 42 49 52 43 43 33 37  0 44]
  [ 0 59 57 47 47 35 48 59 57 59 58 48  0]]

 [[ 0 51 35 55 45 49 49 54 30 40 47 54 46]
  [ 0  0 32 58 36 30 48 58 52 41 41 58 48]
  [ 0 44  0 50 55 40 39 58 59 31 36 37 56]
  [ 0 36 46  0 37 41 36 43 45 54 41 49 36]
  [ 0 34 55 44  0 57 38 54 41 41 51 55 34]
  [ 0 30 40 33 52  0 47 56 37 57 54 45 45]
  [ 0 58 38 40 58 53  0 48 58 59 50 46 41]
  [ 0 37 48 59 58 33 53  0 46 53 51 34 37]
  [ 0 43 39 36 54 52 44 47  0 58 55 49 50]
  [ 0 49 55 45 34 58 50 49 58  0 39 43 33]
  [ 0 33 58 42 50 55 37 57 30 41  0 34 31]
  [ 0 45 39 53 54 40 49 58 51 41 36  0 59]
  [ 0 51 51 48 32 57 45 40 37 34 46 38  0]]

 [[ 0 33 42 42 58 33 40 42 35 43 46 50 37]
  [ 0  0 32 30 54 51 40 36 45 55 32 39 43]
  [ 0 58  0 38 34 38 59 51 59 32 57 46 55]
  [ 0 32 49  0 55 55 32 43 30 47 31 48 44]
  [ 0 41 30 33  0 41 54 53 43 48 59 36 56]
  [ 0 38 43 30 55  0 36 55 44 55 48 48 42]
  [ 0 34 33 56 36 51  0 51 57 40 54 37 38]
  [ 0 42 59 33 32 51 43  0 41 30 44 56 41]
  [ 0 42 44 30 46 40 41 39  0 56 30 40 53]
  [ 0 39 39 50 35 51 31 41 41  0 37 49 38]
  [ 0 35 52 37 59 53 58 57 48 48  0 45 42]
  [ 0 42 46 33 34 34 32 47 48 52 45  0 54]
  [ 0 30 41 30 31 55 56 45 38 47 53 56  0]]

 [[ 0 32 39 39 43 47 44 31 54 54 59 38 35]
  [ 0  0 41 33 58 30 47 46 56 40 39 38 52]
  [ 0 48  0 41 37 32 47 45 54 44 55 55 44]
  [ 0 57 48  0 48 47 48 39 56 44 55 52 31]
  [ 0 56 59 47  0 55 55 38 54 44 52 36 42]
  [ 0 55 52 52 59  0 49 40 58 39 48 33 43]
  [ 0 35 40 51 54 58  0 41 37 46 36 37 31]
  [ 0 36 54 57 43 59 31  0 35 51 31 37 48]
  [ 0 34 51 40 46 47 40 58  0 47 48 51 52]
  [ 0 44 51 58 56 57 31 34 50  0 46 51 54]
  [ 0 32 40 34 57 41 31 32 40 42  0 50 51]
  [ 0 31 51 43 30 46 52 58 59 55 37  0 53]
  [ 0 57 56 57 50 56 44 45 42 48 42 56  0]]

 [[ 0 58 44 55 36 33 41 44 51 55 37 35 47]
  [ 0  0 34 40 41 38 42 47 49 34 37 36 39]
  [ 0 46  0 39 51 54 44 55 35 36 53 57 57]
  [ 0 38 36  0 44 42 34 32 33 52 47 57 41]
  [ 0 55 38 47  0 55 58 49 57 59 47 38 39]
  [ 0 46 56 58 56  0 40 53 32 58 38 39 32]
  [ 0 50 33 36 30 53  0 49 47 45 30 41 46]
  [ 0 38 34 34 57 43 45  0 58 54 35 44 32]
  [ 0 52 39 52 54 54 38 45  0 54 54 44 49]
  [ 0 54 30 47 51 31 43 38 52  0 56 38 46]
  [ 0 30 52 39 42 36 59 40 52 39  0 48 58]
  [ 0 34 42 50 33 48 38 54 37 45 55  0 57]
  [ 0 59 33 44 36 58 30 58 40 36 34 30  0]]

 [[ 0 41 59 53 40 48 33 43 47 32 35 57 42]
  [ 0  0 33 58 59 57 57 37 56 49 44 56 44]
  [ 0 46  0 52 31 32 57 39 53 44 50 42 31]
  [ 0 59 54  0 43 49 40 59 46 40 38 40 42]
  [ 0 39 53 44  0 49 42 38 36 54 40 54 44]
  [ 0 30 35 51 35  0 32 43 49 58 32 56 36]
  [ 0 57 33 47 45 46  0 43 34 42 48 32 57]
  [ 0 34 41 52 35 50 51  0 44 32 47 59 41]
  [ 0 48 37 51 37 32 47 31  0 39 55 33 42]
  [ 0 53 38 50 37 59 43 41 31  0 32 56 53]
  [ 0 48 50 50 38 56 45 40 40 59  0 39 48]
  [ 0 42 41 30 42 43 53 59 32 45 30  0 57]
  [ 0 34 38 34 53 55 41 48 36 55 37 30  0]]

 [[ 0 56 54 57 36 36 40 56 50 53 31 37 56]
  [ 0  0 42 44 49 36 35 43 50 36 55 50 30]
  [ 0 36  0 50 33 41 47 36 37 59 51 46 56]
  [ 0 37 43  0 45 37 39 40 31 58 38 59 37]
  [ 0 39 36 52  0 41 31 53 36 40 38 34 45]
  [ 0 59 45 51 44  0 52 46 58 32 57 30 34]
  [ 0 47 35 55 33 43  0 33 46 35 32 37 30]
  [ 0 44 57 46 53 35 32  0 57 49 51 37 50]
  [ 0 34 52 53 34 58 42 56  0 57 46 35 55]
  [ 0 32 58 40 58 38 54 52 53  0 36 49 31]
  [ 0 42 55 41 39 47 58 52 41 42  0 39 43]
  [ 0 39 44 53 41 48 47 55 42 45 33  0 42]
  [ 0 32 43 58 50 32 33 42 34 59 38 52  0]]

 [[ 0 46 47 52 30 38 49 43 38 38 55 40 45]
  [ 0  0 35 43 54 33 59 43 59 57 32 53 51]
  [ 0 50  0 53 33 32 41 57 48 40 48 59 56]
  [ 0 53 58  0 32 34 45 35 59 44 43 30 57]
  [ 0 46 53 40  0 55 41 55 52 58 43 32 33]
  [ 0 51 53 32 38  0 51 42 37 34 43 45 55]
  [ 0 37 51 35 35 39  0 36 48 47 48 59 47]
  [ 0 36 41 56 55 41 30  0 33 49 43 37 35]
  [ 0 34 51 32 30 53 47 40  0 59 52 48 53]
  [ 0 49 30 49 56 55 35 32 30  0 31 34 54]
  [ 0 40 52 36 39 36 38 31 44 34  0 44 36]
  [ 0 42 59 30 55 33 59 46 53 58 33  0 38]
  [ 0 36 43 40 44 45 50 34 57 37 34 57  0]]

 [[ 0 40 30 47 41 49 38 50 56 34 38 36 38]
  [ 0  0 34 46 31 36 34 53 58 33 43 44 37]
  [ 0 31  0 38 44 36 48 35 30 31 32 32 47]
  [ 0 49 46  0 40 41 57 45 52 56 59 58 37]
  [ 0 43 52 45  0 46 30 49 57 34 52 44 39]
  [ 0 44 33 35 30  0 51 40 54 33 56 52 31]
  [ 0 56 32 45 39 39  0 39 53 30 56 36 39]
  [ 0 30 53 38 58 39 41  0 52 52 45 48 32]
  [ 0 43 43 55 38 45 34 38  0 55 33 37 58]
  [ 0 46 46 50 37 33 42 38 36  0 42 36 47]
  [ 0 54 55 44 47 41 51 32 43 40  0 35 50]
  [ 0 56 53 56 31 50 45 54 56 48 31  0 35]
  [ 0 56 48 50 43 33 54 40 49 45 55 32  0]]

 [[ 0 41 48 30 33 40 36 47 58 54 32 32 36]
  [ 0  0 57 56 56 57 50 43 55 36 40 53 59]
  [ 0 40  0 45 53 32 32 55 32 55 40 54 45]
  [ 0 40 48  0 53 30 45 58 34 43 36 59 42]
  [ 0 59 50 42  0 41 42 53 41 49 42 50 39]
  [ 0 50 53 33 45  0 31 39 50 59 42 49 37]
  [ 0 56 49 52 36 45  0 55 51 42 51 54 36]
  [ 0 53 55 39 50 31 46  0 53 38 31 35 47]
  [ 0 40 36 56 37 35 57 56  0 30 55 39 39]
  [ 0 56 34 37 43 57 44 39 47  0 40 42 39]
  [ 0 50 49 59 30 30 54 47 32 45  0 53 36]
  [ 0 54 44 51 56 41 53 45 37 56 32  0 55]
  [ 0 40 42 37 38 41 58 35 41 45 40 52  0]]

 [[ 0 45 53 33 31 37 32 43 56 33 33 41 37]
  [ 0  0 57 53 57 46 44 54 50 44 49 45 56]
  [ 0 42  0 57 46 41 35 30 42 51 42 46 52]
  [ 0 32 56  0 55 59 55 33 54 50 30 49 37]
  [ 0 42 49 32  0 50 46 46 40 37 32 34 31]
  [ 0 48 34 48 50  0 33 42 35 36 58 36 33]
  [ 0 39 38 46 42 32  0 51 48 34 30 40 47]
  [ 0 33 58 52 52 30 34  0 53 47 39 52 59]
  [ 0 38 37 37 57 52 49 51  0 44 39 51 52]
  [ 0 58 57 48 53 36 38 40 45  0 58 48 52]
  [ 0 37 59 44 57 39 42 58 40 34  0 57 38]
  [ 0 48 53 33 46 58 56 48 43 36 42  0 45]
  [ 0 58 48 38 52 52 46 45 43 45 50 36  0]]

 [[ 0 42 49 47 37 38 37 41 32 47 54 44 35]
  [ 0  0 41 54 42 38 43 33 43 37 47 43 58]
  [ 0 47  0 42 56 47 51 45 58 49 34 56 32]
  [ 0 40 45  0 49 52 49 45 42 35 56 44 36]
  [ 0 33 44 32  0 31 58 58 59 51 31 44 53]
  [ 0 42 41 31 34  0 44 47 42 36 56 43 59]
  [ 0 42 53 59 59 49  0 31 53 59 31 55 30]
  [ 0 59 54 44 52 35 43  0 45 36 59 33 49]
  [ 0 53 37 56 56 31 35 57  0 55 33 43 47]
  [ 0 34 30 48 37 42 40 37 51  0 54 51 45]
  [ 0 48 52 45 43 46 49 39 59 50  0 37 46]
  [ 0 37 59 30 52 54 50 40 46 37 57  0 52]
  [ 0 49 33 41 53 45 58 34 44 42 44 31  0]]]
 delivery_times
 [[ 0 11  1 24  9 12  8 20 20 13 25 16 12 18  7 25 10  8 27 21 18 27 16 18
  27 26 13 16 26  8 11 22  2 20 18 24 20  4  9 11 23 21 11  2 14 19 11 18
   6 10 17 16  8  5  2  9 13 16 28  1 13 21  1 23 22 13  2  7 21  1 11 29
  18 23  9  8 15 10  1 17 21 17  3  1 24 13 26 25 11 27  5 22 18 21  6  4
  10 17  4  9 15 27 21 27 17 20 25  9 11 21  1 10  7  3  5 10 26 29  3  3
   3 29  7  7 26 15  7 21 16 15 16 12  6 10 27 24 29 16 24 26 18 15 14  4
  29 26 19  9 10 20 26 18  5 29 23 25 12 21 24 28 13]
 [ 0  2 10  3  5  4 29 19  9  2 25 29 24 10  3 23 10 18 20  4 22 13 17 20
   9 27 24 15 10  8  9 11 18 11 26  7  5 12 11 24 25 23  6  5 22 15 29  4
  18  3  5  2 14  8 20  1 14 27 12  7 22 25 26  1 29 14  1  6 21  6 27  8
  11 13  5  1 24  8  9 20 15 12 11 25 16  6 10 15  9 22 20 21 14 20 10  1
   4  1  1  4 27 27  6  6  7 14 17 16 15 19 18 23  8 12 23 26 24 21 16  5
   9 13  8  3 17 22  3 19 18  9 17 15 11 16 26 23 25 20  8  5  3  8 16 17
  29 19 20 16  5  1 16 14 15 25 11 10 15 26 29 16 28]
 [ 0  4 22  9 17 27 20 16 13 25 11 24  7  6 16 17 17 19  2 27 13 17 13 13
  18 24 17 10 15 24 24  7  7  9 21 15  9  2 16 17  8 18 13 11 17  8  4 18
   9 12  1 11  9  9  8 27 25  7  8  9 10  8  2 11  6 17 13 10 20 15  9 11
  26 27  5 18  5 20 17 22  2 10  1 10 14 17 13  1  4 23 25 24  9 14 15 12
   1  7 28  3 11  9 27  8 28  6 11 27  9  5 17  6 10  7 26 27  9  5 14  3
   1  6 19  9  9 16 23 27 22 12  3  4  8 16 28  4 27 15 22  7 22  1 27 24
   2 29 15 23 24  2 29 24  7 11  8 22 18 12  1 19 23]
 [ 0 29 15  2 20 25  2 23  7 15 12  1  7 12 19  9  7 10 21  6 13 27 17 24
  29 18  2 24  5 10 26 18  4 14 12 28 15 21  2 19  4 15 16 19  7 20 10 20
  20 28 28  9 15  2 24 12 25 21  4 29 11 20  9 27 18  4  1  8  8 11 22 16
  11 11  4  1 23 22 28 28 15 13 18 22 11 15 15 22 29 18 27  7 21 18  8  5
   4 11  7  2 24 22  3 29  2 24 22 13 15 18 27 26 22 24 18 22 11 22 17  3
  25 24 13 17 24 26  3 26  1  1 15 27 20 17 15 18  4 21 21  4 27 26 14 11
   3 15  2 20 28 13  6 25 26 27 12 17  5 16 17 15  1]
 [ 0 25  3 23  6 11  4  9  5 15  4 24  2 15 14  1  1  7 22 29  9 27  9 21
  15 17 26  4  6 23 10 19 29 29 16 25 20 26 18 18  6  8 12 20 17 13 16 24
  26 21 24  2  8 27 21 18 14  9  3 13 28 18  6  2 11 26 16  4 24 29 17 24
  19  7  7 25  5 14 20 10  8 16 25 14 23  5 23 11 25 21  6  1 25 14 10  2
  23 23 26 23 24 26 25 14 23 16 26 21 14 11  8  5 15 12 23 17 27 20 22  5
  27 17 19 10 18 24 29  9 27 16  7 17 12 18 28 11 27  3 23  4 26 20 18  4
  27 18 16  2  5 18 25 17  2  3 23 27 27  5 22  3 16]
 [ 0 26 26 24  5 26  9 21 16 27 25 27 20  7  3  6 18 28  6  8  3  1 24 21
  26 22 18 20 16  1 22 26 20  6 12  1  8 14 19 20  8 24 21 11  3 11 13  7
  18 11 14 10  4 14  4  4  7 22  7  4 18 16 25  4 26 14 26  7 15 29 21 21
  17  4  1 20  5  5 12 14 28  3  4  7  5  5  3  4 18 28  5 24 17 26  3  3
  29 25 17 26 22 22 15 25  3 24 29  2 12 19  2 11  6  3 11 18 28  3 16  9
  11 13 20 13 26 24 24  2  1 26 28 27  7 19 14 18 24 22 28 22 23  4  1  6
  25 13 27 12 29 12 11 25 23  6  8 11 24 29  1 12 21]
 [ 0 15 14  4 27  7 21 12 29 14  3 20  7 25 17  1  1  1 13 15 23 12 16 11
  13 19 18 25 25  8 14 19 22  1 11  7 16  4 10 29  9 16 18 23 21 14  8 27
  14 26 18 25  9 29 17 13 12  8 16 27 14 16 18 10  4 28 13  7 21 19 26 12
  23 26 16 17 18  9 10  4  1 17  4 25 16 21 28 20 27 15 18 18  2  6 28  6
  10 18 11 16  7  6 24 15 21 10 17 11 14 15  6 28 17  7 28  7 29 13  4 22
  23 22 20  8 14 22 11 19  7 20 13  7  9 26 25  4  7 20  3 24 11 17  2  4
  14 21 10 18 20 26  9 16 29 11 14  5  5  2 29 18 27]
 [ 0  4  3 11 12  7 28  5  8 13  8 11  6 18 22 13  7 14  2  7 26 23 17 27
   6 21  8  3 28 18 22 12 12 22 14 29 22 24  9 20  3  4 18 21 18 28  8  1
  21  1 22 24 10 19  1 18 11 18 11 10 13 29 10  5 12 21 26  7 16 26  1 16
   4 17 23 20 15 18 27  6  9 13 29 22 27  1  2 29  2 10 17 29  8  9 24 10
  19 14 18 10 26  7 22 23 21 16 20 22  1 27 24 29  8 19 13 29  9 27 13 14
   1  1 15 27 26 13  8 12 17 20 10 26  5 15 10  2 19 10 10 28 12 10  1  7
   3 21 17 20 10 20  8 11 29 13 21  9 25  6  1 21  9]
 [ 0  8  2  1 23 23  9 10 17 24 14 18 24 28 16  6 22  9 18  2 15 19 18  8
   8  6 29 13 25 23 27  9 21 19 10 15 24 23 18  7 12  4  2 24 25 23 14  8
  13 18 16  1  2 26 12  2  6 24  9 18  8  4  8  8  4 20 12  9 22 21 17  9
  25 27  7 27 17 19 10 13 28  6  4 16 14  3  7 11 14 26  2  1 10 21 22  2
   1 10 10 10 25 14 12  1  7 28 16 24  5 14 23 15 29  9 26 10 16 11  8  9
  17 26 29  5 14  5 21 10 22 10 20  1 16 15 20  3 29 15 28  3  5 23 15  4
   4 18 15 19 15  9 29 19 26 26 27 26 26 27 25  2 11]
 [ 0 25 29  6 24 16  6 17  2 10 17  4 18 13 22 22 21 29 15 14  6  1 16 29
  22  3 12 27  9 25 15 21 24 14 23  3 28  7 20  3 17 27 19 10  2 22  4 19
  14 16 22 26  4 18 14 23  9  7 15 26 29 18 14  9 17 23  5 25  1 22 14  3
  22 19  4 11  5 15  6  4  5 22 21 13 25  6 27  6 11 24  8  5 15 15 19 20
   5 25  3  2 14 22 13 21 24 19 29  3  3 16  2 19  6 26 11 25 28 22 19  4
  29 20 21  6  7 29 29 25 28 24 25 24  7 12 15 15 18 17  2 29  6 25 18 17
  14 18 20 27 26  3 18 17 15 23 19 12 25 23 15 26  3]
 [ 0  9 13  9 12  9  9  5 29 27 16 24 16 27  6 14  9  9 16 23 10  1 19  5
  27 25 27 20 29 16 10 25 17  2 11  6 28  6  7 20  6 23  9  7  5 27 22 16
  29 19 22  9  9  5  7  3 26 29  1  7  4 11  5 12 11 18  8 24  2  6  7  8
  12 13  7 24  5 16 18 13 17  9 16 15  7 10 11  6 14 18 25 11  8  5  5  5
  24 10  1  5 24 21 18  5 21  3 26  1  1 20 16 10 12  4  9 28 15 15  5 17
  18 19 18  6  7 10 13 14 24  9 18 11 12 27 10 26 13 22  6 16 11 13 17  9
  19  2 14 13  5  1 17  4  3 12 29 19 23 26 20 13 21]
 [ 0 14 12 22 27  8 29 22  8  9 25 29 10 19  7 14 27 27  9 13 23 18  4 22
  13  2  6 12 17 13 14 21  3 21 29  2  3  2 18 15  8 18 16  1  3 10  4 14
  24 27 14 15 11  5 17 18 28 18 28  8 20 15 10 28 16 23 11 20 12 23 15 17
  20 18 13 10  3 28  1 18  1 24 25 27 27 20 14 27 22 17 11  4  9 26 24 22
   5 25  4 28  7 22  3 18  9  7  8  8 15  1 14  3  6  7 20  8 24 26 13 27
  24 29  1 21 24 27 29  1 26  2 26 26 11 18 17 26  7 28  4  9  2 18 18 16
  26 21  7 10 26 10 25  4 23 29 27 23  3 14 28  7 10]
 [ 0 15 10 10 29  3 19 25 10 14 11  8  4 11  3 21 14 23 21  4  8  7 19 22
  22 27 11 13 20  9  8  3 12 12 26 18  1 22  2 27 15  1 15 15  3 11  6 20
  23 10  1  3  8  4 10  9 12  6  8  9  8 23 26  5 14 20  3 13 24  9 23 20
   6 18 29 27  6 18  1  3  2  7  6 20 22 21 27 21 23 11 28 22 26 24 21  1
  21 11 13  5 26 18  2 19  1 23 18 14 10 19 15 28 20 24 20 21 27  2 13  3
   1 26 14 21 29  5 19 15 18 29  1 17 27  9 27 12 10 11 27  1  3  9 20 12
   7  5  7 23 21 25  9 24  9 15 26 15 23 23 11 24 14]
 [ 0 18  2 26 11 14 16 22 27 29 29 29 25 23 11 13 19 23 27 16 22 22  2 16
  23  7  1 16  4 26  3 25 24  4  4 10  5 22  4 11 25 20 21  7 26 23 13 28
  27 26  3 12 10 16 14 15 15  1 13 14 12 18  2 12 16  1 24  6 11 21  9 12
   6 29 24 14 18 25 17  2 13 13 29 23 26  2 15  3 23  9  2 13 25  8  4  8
  21  7 29  1 19 23 14 29  1 22 13 12 23  5 27 29 27 17 24 15 16 25 25  4
   5 21  7 15 19 13 11 16 17  8 11 20  3  5 17 26 22 28 24 11 14  7  2  1
  17 21 19 19 27 23 21 20  9  1 17 22  7 15 26 10 15]
 [ 0  4  8 24 25 27 28  3 10 20 21 15 27 23 10 27  9  9  9 13 28  9 25 11
   1  4  8 16 15 17 13 18 15 12 26  5  2 13 25 22  2  6 24 18  3  3 21  9
  12  8  3 26 12 17 14  1 11  3 10 26 25 29  3  9 27 26 25  2  7 26 16 29
  21  2 29 26 24 23 11  5  3  8 23 18 26  4 22  1 19 28 22 20  8  8  5 14
  24 29 17 24  3  6  7 18  4 12  1 26  6 18 24  6 14  5 21 13 11 29 23 20
  15 20 10  4 17  2 21 27 26 12 22  1  4 18 10 28 27 13 19 13 17 22 10 17
  18 24 18 13 13 25 12 20  4 12  7 28 12  1  8 20  5]
 [ 0  2 19 22  3  5 29  4 17 25 13  5 22  1  3 29 19 26 10  2 24  7 29 24
  26 27 16 25  2 14 16  4  5  1 16 11 17 23  9 28 25  4 11 27 19  1 24  7
  15 28  5  1 25  8  1  7  6  7  3 26  4 14  1 10 21  1 23 11 17 12 26 22
  15 14  6  6 27 10 22 23 22  3  8 28 26  3 27 15 13 24 25 28  6 19  7 13
   5  9  6  5 28 26 16 14 13  9 21 19 22 10 10 23 16 29 23 12  1 22 28 24
  24 22 29 21 23  3 22 24 12  8 18 11 10 12  4 22  9 21 10 16 12 26 14 28
  15 10 20 24 25  1 10  1  8  7  3 17 18 26 20 13  5]
 [ 0 10 20 14 27 10  7 18  3  1 15  6 22  4 27  5 27 12  1 24  3 26  9  1
   3  5  1 15 20 29 22  4 13 17  3  9  5 29  6 21 18 12 12  2  9  1 17  8
  27 16 28 27 20 18  8 20 26 22 10  2  7 14  7  6  7  5  7 21 29 22 24 23
  15 24 13 14 22 19 11 23 25 21  1 29 23  4 19 20 19  3  2  2  4  6 16 17
  22  2  7 20  9 19  4 15 11  6 24 10 15  3 15  6  5 11 18 23 27 24 23 29
  28 28  4 13  5  9  6 27 17 13  1 18 19  3 17 24  6  5 11  7  9 19 20  5
   4 13  6  5 11 16 12  3  5 10 18  4  5 10  7  7  4]
 [ 0 24 25 10 17 17 16  8  9 13  7 24 23 25 11  2  7  5 12  9 15 20 29 10
   2 19  3 20 24 10 29 19  7 11 16  2 17 23 23 20 26 16 25 16 29  2  8 11
  12 24 12 15 22  9  3  4 18  3 11 15 26 19 25 17 28 28 24 28 29  4  8 17
   4 26 12  6 15 27  2 23  3  5  7  3 11 27  3 21 24  7 13 10 10 19 28 20
   9 12 29 16 28 25 15 24 17  8  3 11 25  5 28  8 10 12 24 21 22  5 13  8
  19 23  8  5 14 24  2 29  9  9 12 28  4  7 28 12 28  8  7  4 20 11 23 22
   3 14  2 26 19 10  2 16 28  1 11 25 11 23 13 27 27]
 [ 0 23 19  6 17 26  4 13  7 11  8  1  3 21 22 26 19 24 29 20 17 13 12 21
  18 26 12  6 12  7 26 14 16  1 29 21 29  3  4  4 10  1  7 24 16 16  5 22
  21  6  3  5 12  8  3 12 25 24 10 26  2  1 28  5 22 25  8  8 11 10  1  6
  24 28 25 22 17  6  9 15 28 23  9 11 19 23 24  9  3  4 20 20 28 13 18  8
  14  9 15 13  4 10 11 28 18 28  6  6 13 25 13  8 29 29 10  4  3 11 26  2
   7 24 12  9  1 21  4  8 14  8  4 28  2 21 18  5 14 26 13 20 15 25 16 25
  28  1 21 25  7 12  3 18 10 19 14 21  7 11 11 23 20]
 [ 0 21 25  2 26  1 25 20  8 12 22  5 19 16 22  6 10 16 29 28 13 29 29  5
   6 20  7 29  6 18 19 24 25 26 12 25  7 23 13  8 22  5 18 10  9 11 11 11
   6 26 21 29 12 20 22 28  1 19 19 29  3 24 20 27 11 28  8  3  5 10  8  7
  21 21 19  2 11 19 26 14 27 21  1  1 29  5 12 25 15 26 19 25 17  9 16 28
  28  7 13 17 22 16  4 12 25  6 27  3 24 26 14 23  5 18 22  9 20  9  9 28
  22 18  2 28 20  1  5 12  8  2  6  1 18 19 29 14 14 19  3 24 10 20 29 15
  16 28 21 13 19  2  3  9  6  1 22  5  8 24  9 24  1]]
 job2fam
 [[1 0 0 0 0 0 0 0 0 0 0 0 0 0 0 0 0 0 0 0 0 0 0 0 0 0 0 0 0 0 0 0 0 0 0 0
  0 0 0 0 0 0 0 0 0 0 0 0 0 0 0 0 0 0 0 0 0 0 0 0 0 0 0 0 0 0 0 0 0 0 0 0
  0 0 0 0 0 0 0 0 0 0 0 0 0 0 0 0 0 0 0 0 0 0 0 0 0 0 0 0 0 0 0 0 0 0 0 0
  0 0 0 0 0 0 0 0 0 0 0 0 0 0 0 0 0 0 0 0 0 0 0 0 0 0 0 0 0 0 0 0 0 0 0 0
  0 0 0 0 0 0 0 0 0 0 0 0 0 0 0 0 0]
 [0 0 0 0 0 0 0 0 0 0 0 0 0 0 0 0 0 0 0 0 0 0 0 0 0 0 0 0 0 0 0 0 0 0 0 0
  1 0 0 0 0 0 0 0 0 0 0 0 0 0 0 1 0 0 1 0 0 0 0 0 1 1 0 0 0 0 0 0 0 1 0 0
  0 0 0 0 0 1 0 0 0 0 0 0 0 0 0 1 0 0 0 0 0 0 0 0 0 0 0 0 0 0 0 0 0 0 1 0
  0 0 0 0 0 0 0 0 0 0 0 0 0 0 0 1 0 0 0 0 0 0 0 1 0 0 1 0 0 0 0 0 0 0 0 0
  0 0 0 0 0 0 0 0 0 0 0 0 0 0 0 0 0]
 [0 0 0 1 1 1 0 0 0 0 1 0 0 0 1 0 0 0 0 0 0 0 0 0 0 0 0 0 0 0 0 0 0 0 0 0
  0 0 0 0 0 0 0 0 0 0 0 0 0 0 0 0 0 0 0 0 1 0 0 0 0 0 0 1 0 0 0 0 0 0 0 0
  0 1 0 0 0 0 0 0 0 0 0 0 0 0 0 0 0 0 0 0 0 0 0 0 0 0 0 0 1 0 0 0 0 0 0 0
  0 0 0 0 0 0 0 0 0 1 0 0 1 0 0 0 0 0 0 0 0 0 0 0 0 0 0 0 0 0 0 0 0 0 0 0
  0 0 0 0 0 0 0 0 0 0 1 0 0 0 0 0 0]
 [0 0 0 0 0 0 0 0 0 0 0 0 0 0 0 0 0 0 1 0 0 0 0 0 0 0 1 0 0 0 1 0 0 0 0 0
  0 0 0 0 0 0 0 0 0 0 0 0 0 0 0 0 0 0 0 0 0 0 0 0 0 0 0 0 1 0 0 1 0 0 0 0
  0 0 1 1 0 0 0 0 0 0 0 0 0 0 1 0 0 0 0 0 0 0 0 0 0 0 0 0 0 0 0 1 0 0 0 0
  0 1 0 0 0 0 0 0 0 0 0 0 0 0 1 0 0 0 0 0 0 0 1 0 0 0 0 0 0 0 0 0 0 0 0 0
  0 0 0 0 0 0 1 0 0 0 0 0 0 0 0 0 0]
 [0 0 1 0 0 0 0 0 0 0 0 0 0 0 0 1 0 0 0 0 0 0 0 0 0 0 0 0 0 0 0 0 0 0 0 1
  0 0 1 0 0 1 0 0 0 0 0 0 0 1 1 0 0 0 0 0 0 0 0 0 0 0 0 0 0 0 0 0 0 0 0 0
  0 0 0 0 0 0 0 0 0 0 0 0 0 0 0 0 0 0 0 1 0 0 0 1 0 0 1 0 0 0 0 0 0 1 0 0
  1 0 1 0 0 0 0 0 0 0 1 1 0 0 0 0 0 1 0 0 0 0 0 0 0 0 0 0 0 0 0 0 0 0 0 0
  0 0 1 0 0 0 0 0 0 0 0 0 0 0 0 0 0]
 [0 0 0 0 0 0 1 0 0 0 0 1 0 0 0 0 0 0 0 0 0 1 0 0 0 0 0 0 0 0 0 0 0 0 0 0
  0 0 0 0 0 0 0 0 0 0 0 1 0 0 0 0 1 0 0 0 0 0 0 0 0 0 0 0 0 1 0 0 0 0 0 0
  0 0 0 0 0 0 0 0 1 0 0 0 0 0 0 0 1 0 0 0 0 0 0 0 0 0 0 0 0 0 0 0 0 0 0 0
  0 0 0 1 0 0 1 0 0 0 0 0 0 0 0 0 0 0 0 1 0 0 0 0 0 1 0 0 0 0 0 0 0 0 0 0
  0 0 0 0 0 0 0 0 0 0 0 0 0 0 0 0 0]
 [0 1 0 0 0 0 0 0 0 0 0 0 0 0 0 0 1 1 0 0 0 0 0 0 0 0 0 0 0 0 0 1 0 0 0 0
  0 0 0 0 0 0 0 0 0 1 0 0 0 0 0 0 0 0 0 0 0 0 0 0 0 0 0 0 0 0 1 0 0 0 0 0
  0 0 0 0 0 0 0 0 0 0 1 1 0 0 0 0 0 0 0 0 0 0 0 0 0 0 0 0 0 0 0 0 0 0 0 0
  0 0 0 0 0 0 0 0 0 0 0 0 0 0 0 0 0 0 0 0 0 0 0 0 0 0 0 0 0 0 0 0 0 0 0 1
  0 0 0 0 0 0 0 1 0 0 0 0 0 0 1 0 0]
 [0 0 0 0 0 0 0 0 0 1 0 0 0 1 0 0 0 0 0 0 0 0 0 1 0 0 0 0 1 0 0 0 0 1 0 0
  0 0 0 0 0 0 1 0 1 0 0 0 0 0 0 0 0 0 0 0 0 0 1 0 0 0 0 0 0 0 0 0 0 0 0 1
  0 0 0 0 0 0 0 0 0 0 0 0 1 0 0 0 0 1 0 0 0 1 0 0 0 0 0 1 0 0 0 0 1 0 0 1
  0 0 0 0 0 0 0 0 1 0 0 0 0 0 0 0 0 0 0 0 0 0 0 0 0 0 0 0 0 0 0 0 0 0 0 0
  0 0 0 0 0 0 0 0 0 1 0 1 0 0 0 1 0]
 [0 0 0 0 0 0 0 0 0 0 0 0 0 0 0 0 0 0 0 0 0 0 1 0 0 0 0 0 0 0 0 0 0 0 0 0
  0 0 0 0 0 0 0 0 0 0 0 0 1 0 0 0 0 0 0 1 0 1 0 0 0 0 1 0 0 0 0 0 1 0 0 0
  0 0 0 0 0 0 0 0 0 1 0 0 0 0 0 0 0 0 0 0 0 0 1 0 0 0 0 0 0 0 0 0 0 0 0 0
  0 0 0 0 0 1 0 0 0 0 0 0 0 0 0 0 1 0 0 0 0 0 0 0 0 0 0 0 0 0 0 1 0 0 0 0
  1 1 0 0 1 0 0 0 0 0 0 0 0 1 0 0 1]
 [0 0 0 0 0 0 0 1 0 0 0 0 0 0 0 0 0 0 0 1 0 0 0 0 0 0 0 0 0 0 0 0 0 0 1 0
  0 0 0 0 0 0 0 0 0 0 0 0 0 0 0 0 0 0 0 0 0 0 0 0 0 0 0 0 0 0 0 0 0 0 0 0
  0 0 0 0 0 0 0 0 0 0 0 0 0 0 0 0 0 0 0 0 1 0 0 0 1 0 0 0 0 0 0 0 0 0 0 0
  0 0 0 0 0 0 0 0 0 0 0 0 0 0 0 0 0 0 0 0 1 0 0 0 0 0 0 0 0 0 0 0 0 0 1 0
  0 0 0 0 0 1 0 0 0 0 0 0 0 0 0 0 0]
 [0 0 0 0 0 0 0 0 0 0 0 0 0 0 0 0 0 0 0 0 0 0 0 0 0 0 0 0 0 0 0 0 0 0 0 0
  0 0 0 0 0 0 0 0 0 0 0 0 0 0 0 0 0 1 0 0 0 0 0 1 0 0 0 0 0 0 0 0 0 0 1 0
  0 0 0 0 1 0 1 0 0 0 0 0 0 1 0 0 0 0 1 0 0 0 0 0 0 0 0 0 0 0 0 0 0 0 0 0
  0 0 0 0 1 0 0 0 0 0 0 0 0 0 0 0 0 0 0 0 0 1 0 0 1 0 0 1 0 1 0 0 1 1 0 0
  0 0 0 0 0 0 0 0 0 0 0 0 1 0 0 0 0]
 [0 0 0 0 0 0 0 0 0 0 0 0 0 0 0 0 0 0 0 0 1 0 0 0 1 1 0 0 0 1 0 0 0 0 0 0
  0 1 0 1 0 0 0 0 0 0 1 0 0 0 0 0 0 0 0 0 0 0 0 0 0 0 0 0 0 0 0 0 0 0 0 0
  0 0 0 0 0 0 0 0 0 0 0 0 0 0 0 0 0 0 0 0 0 0 0 0 0 1 0 0 0 1 0 0 0 0 0 0
  0 0 0 0 0 0 0 1 0 0 0 0 0 1 0 0 0 0 1 0 0 0 0 0 0 0 0 0 0 0 1 0 0 0 0 0
  0 0 0 1 0 0 0 0 1 0 0 0 0 0 0 0 0]
 [0 0 0 0 0 0 0 0 1 0 0 0 1 0 0 0 0 0 0 0 0 0 0 0 0 0 0 1 0 0 0 0 1 0 0 0
  0 0 0 0 1 0 0 1 0 0 0 0 0 0 0 0 0 0 0 0 0 0 0 0 0 0 0 0 0 0 0 0 0 0 0 0
  1 0 0 0 0 0 0 1 0 0 0 0 0 0 0 0 0 0 0 0 0 0 0 0 0 0 0 0 0 0 1 0 0 0 0 0
  0 0 0 0 0 0 0 0 0 0 0 0 0 0 0 0 0 0 0 0 0 0 0 0 0 0 0 0 1 0 0 0 0 0 0 0
  0 0 0 0 0 0 0 0 0 0 0 0 0 0 0 0 0]]
