params：
 weight-->(1, 10)
 proc_times-->(1, 100)
 setup_times-->(15, 30)
 delivery_times-->(1, 30)
 job_rate-->12

start:
alpha_1
12
 alpha_2
0.5
 mach
20
 job
240
 fam
5
 weigh
 [[0 5 6 2 8 1 4 3 7 1 3 1 2 7 7 3 7 3 3 9 1 9 2 5 9 8 6 8 4 1 8 5 7 8 1 3
  5 3 2 7 3 9 9 9 3 5 1 4 2 5 7 2 6 8 1 4 2 2 5 8 3 6 2 2 2 1 3 3 6 9 6 1
  7 7 5 8 2 3 7 6 7 4 5 1 8 9 4 3 3 3 6 2 5 9 1 8 6 4 5 5 9 1 3 2 7 1 2 5
  8 5 7 4 1 1 7 7 4 9 2 9 4 9 4 4 3 5 5 6 1 9 6 4 8 1 8 7 4 7 3 1 5 1 7 6
  1 2 5 7 8 8 1 3 3 3 4 6 4 9 8 2 7 3 4 5 2 5 6 2 2 1 7 2 5 8 2 4 2 4 3 7
  6 1 9 9 4 6 8 8 2 6 5 1 6 7 6 3 7 5 1 1 2 9 9 4 9 6 5 5 1 2 3 4 3 4 1 2
  7 9 7 3 3 9 1 5 4 7 9 9 1 6 9 1 6 2 2 5 9 2 7 4 4]]
 proc_times
 [[  0  64   1  14  27  82  67  14  28  31   4  44  29 100  44  50  83   6
   90  35  47  91  86  65  59  97  45  99  22  21   4  13  70  11  46  99
   39  34  23  80  15  28  36  79  22  65  52  33  17   4  71  59  85  12
   15  29  19   5  94  22   8  92  32  80  82  54  65  78  63  95  35  16
   83   8  26  94  14  34  82  31  58  32 100  99  56  74  20  88  55  42
   38  21  82  80  42  32  81  26  67   2  73  71  85  25  57  10  94  43
   24  27  43  43  54  32  31  39  73  84  64  49  64  98  31  86  98  56
   87  20  42  11  71  46  26  59  19   4  20  17  60  84  23   3  82  82
    4  73  93  84  41  45  53  76  76  31  65   5  55  44  86  77  96  17
   76  14   5  45  21  49  59  67  98  41  82  35  45  68  24  78   6  24
   48  45   4  95  97  51  93  89   3   8   9   6  15  22  26   2  73  44
    2  60  93   5  95  19  41  18  28  32  92  24  17  36  78  40  94  90
   38  42  17  40  70  70  16  61  19  42  39  60   4   5  60  71  20  81
   65  60  70   2  51  70  12]
 [  0  87  67  97  58  58  80  44  24  68  51  65  51  48  35  37  49  35
   82  55   5  12  30  91  66  56  30   1  67  63  80  49  93  19  34  18
   10  24  10  62  42  32  30  39  92  22   1  69  47  50  85  88  67   4
   76  75  93  11  51  66  27  58  33  86  93  34  45  26  38  37  53  84
   96  50  87   2   6  51  90  72  65  88  48  83  79  18  74  46  92  88
   29  87  59  44  79  11  23  85  36  18  92  15  49  51  83 100  23  27
   31  70  34 100  25  50  93   6  20   6  76  72  38  66   9  85  23  99
   74  91  33  76  83  59  57  72  67  34  20   4  31  86  80  86  90  28
   62 100  75  94  10  99  93  88  97  74   3  26  97  47  96  90  15  87
   26  78  42  70  52  90  40  17  21  54  94  65  62  62  44  71  65  22
    9  65  64  13  56  60  66  94  60  26  70  15  70  78  58  83  18  10
   94  43  76  90  26  40  14  52  68  81  62  11   9  74  65  94  35  99
   33  86  17  95  80   2  12  57   5  87   2  70  38  94  77  23  58  86
   76  53  23  42  56  56  61]
 [  0  72  57   2  31  25  23  81  19  36  30  31  43  54  50  41   5  99
   25   7  75   9  24  86  79  53   7  76  20   9  97  17  20   4  81  35
   95  95  54  19  77  26  56  22  65  83  74  23  91  50  46  90  36  78
    1  53  46  41  22  89  80  36  80  76  90  93  17  30  62  63  68 100
   90  85  60  18  68  24  32  70  98  50  18  51  59  94  18  83  45  60
   53  34  75  72  32  17  13  38   1  61  21   3  41  74  91  92  63  27
   17  43  67  55  35  94  54  15  69  35  36  47  60  96  30  12  61  14
   98  95  29  65  72  23  91  15  32  90  83  36   3  52  50  61  53  92
   79  75  88  11  37   2  44  85  98  32  45  23  66  15  34  63  89  47
   59  85  44  42  36   6  83   2  60  32  18  69  15  46  85  55  95  63
   61  23  75  61  71  61  90  40  36  35  59  28  92   1  83  20  73  17
    3  28  52   1  85  22  25   2  50  24  27  31   8  21  21  59  41  80
   81  21  46   6  44  78  21  35  94  15  71  96  81  25  78   2  57  42
   76  21  22  59  12  51  73]
 [  0  46  54  38  51  38  28  96  19   6   8   6  30  34  21   3  17  78
   33  31  11  17  62  92  21   3  58  17  62  64  52  70 100  61  68  79
   77  17  36  65  77  84   1  94  60  78   4  43  77  24  38 100  22  55
   93  72  21  18  10  54   6  31  65  28  83   1  54  80  85  14  91  72
   34  53   2  87  16  72  54  66   6   9  11  80  85  81  65  40   2  32
   45   7  76  79  98  19  17  48  54  63  70  34  74   9  67  17  15  15
   81  61  99  16   4  74  77  56  18  73  15  23   8  88  65  14   4  87
   11  58   3  54  36  15  86  84  96  48  72  27  48  11  66  51  84  12
   32   6  17  84  23  22  38  22   2  51  99  86  29  96  35  80  66  61
   15  42  50  91  31  27  48  48  10  73  79  42  43  45  59  62  89  47
    6  79  16  45  53   5  78  80  35  17  92  51  15  85  32  33  92  81
   10  92  49   8  44  72  72  55   1  57  87   2   3  75  73  56  53   5
   88  82  26   3  29  29  18  53  80  72  37  64   5  42  29  20  51  77
   56  94   7  48  39  12  27]
 [  0  54  16  54  92  12  47   9  81  72  75   8  10  42  73  91  57  69
   58   9  92  66  58  88  76   9  36  83   6  18  79  50  83  26  12  98
   61  38  38  60  96  59  85  94  86  89  42   2  79  95  34   2  91  75
   85  41   4  56   1  43  91  48  15  38  65   6  12  48  45  46  41  86
   89  92  44  16  38  60  81  27  51  64   7  65  66  93  42  19  68  53
   16  70  90  37  21  57  74   1  52  83  39  55  30  42  94  69  55  25
   14  10  44  48  97  77  42  40  14  92  36  28  64  76  51  97  94 100
   15  36  74  24  37  52  34  23  43  65  10  31  70  97  59  67  15  63
   88  71   4  17  85  36  91  81  14  25  21  41  41  98  17  47  90  87
   56  54  32  50  83  12  17  90  50  39  62  91  98  27  99  34   6   7
   82  66  48   9  86  63  89  59  49  36  82  82  71  21  65   3  53  54
  100  40  44  48  67  15  90  35  36  98  15  65  23  85  25  88  78  86
   61  27  16  10  75   4  44  77  55  11  26  30  79  92  18  72  79  10
   27  85  89  63  55  98   3]
 [  0  77  95  92  17  29  21  34  40  86   4  70  89  23  93  20  91   3
   66  48  19  49  57  75  88  99  38   8  60  92  58   8   1  39   5  82
   20  85  73  32  12  45  46  25  63   1   4  59  24  84  46  46  37   9
  100  67  27  19  31  37  89  88   3  57  16  63  51  96  80  63  86  46
  100  51  62  10  49  44  84  68  65  75  18  39  20  39  29  34  98  63
  100  95  66  80  74  30  97  88  11  14  31  57  90  58   8  80  95  55
   10  75  15  84  19  25   8  15 100  41  18  70  91   4  59  17  64  31
   35  23  44  52  24  97  22  81  12  94  95  64  27  57   3  65  87  20
   99  78  81  61  41  11  36  32   2  69  35  31  25   9   4  23   3   5
   37   4   4  67   3  27 100  24  15  31  25  95  77  80  85  56  72  92
   29  83  27  68   8  77   7  98  67  23   3  91  65   9  42   9  70  66
   60  45  91  87   9  11  48  17  54  11  36  90  49  47  45  29  96  26
   55  27  18  64  49  45  79  90  83  40  12   4  42  19   4  69  62  36
   34  14  35  95  22  56  90]
 [  0   2  23  31  13  41  44  42  11  62  68  53  23  86  33  85  49  87
   23  25  20  92  34  47  98  17  46  97  56  96  76  25  79  66  31  87
   14  54  11  84  90  14  11  23   5  54  28  45  28  74  94  77  83 100
    6  61  61  21  54  32  21  63  82  64  39  23  69  26  57   1  19  22
    8  32   2  64  58  60   2  86  67  48  90  49  87  78  43  81  62  95
    6  49  60  86  92  46  31  24  43  35  92  49  40  35  27  82  82  67
   69  94  98  69  76  16  45  49  70   1  63  69  80  57   1  16  84  75
   74  49  54  99  52  52  40 100   2  94  79  17  41  24  14  17  64  61
   76  57  33  79  24  55  88   8  15  99  30  15  50   2  52  61  18  40
   40  55  24  48  60  16  19   5  83  61  20  22  56  16   6  50  32  13
   73  23  80  10  77  38  55  39  78  14   8  30  28   6  85  56  37  60
   12  38   7  63  72  56  68  56  47  72  96  56  10  47  26  76  64   4
   87  15  68  48  87  97  16   3  31  46  47  25  50  46  57  90  14  56
   74  78  26  24  43  74  36]
 [  0  94  17  11  42  73  52  36  99  50   2  58  21  20  76  88  51  49
   23  40  21  80  63  51  34  31 100  65  99 100  56  21  93   4 100  91
   51  56   6  39  19   2  19  70  46  49  12  21  79  71  24  92  84  67
   27  65   8  49  37  48  83  49   4  18  76  13  61   1  47  27  66  14
   19  26  29  15  21  86  95  82  35  23  81   9  81  58  52  84  67  65
   39  11  71  66   7  25  11  57   2  86  57  55  99  18  60  37  34  73
   12  23  95 100  52  96  78  69  24  72  85  24  37  82  90  31  10  68
   78  65  33  47  76   2  14  12  71  56  61  26  64  58  96  54  92  43
   66 100  93  52  63  52   3  37  47  25   3  22  54  83  88   9  70  30
   82  99  60  11  21  96  46  94   6  37  54  50  55  69  81  78  68  26
   92  22  43  40  79  29  71  13  61  25  91  95  66  29  50  41  19  18
    4  68  96  67   3  28  11  95  68  67  50  96  65  56  96  53  32  35
   94  28  84  45  68  77  67  89  21  31  67  24  36   4  27  59  25   9
   74  27  78  42  51  47  78]
 [  0  36   6  20  22   7  82   6  73  12 100  80  47  88  80  86  16  97
   72  55  83  93  37   7  94  91  44  97  70   9  49  63  63  88  29  44
   63  17  74  38  41  10   4  88  95  82  83   9  71   2  41   1  50  83
   47  88  12  23  17  33  41  33  78   1  52  97  38  36  30  51  73  73
   37  21  45  15  32   5  32  52  26  99  97  97  90  54  33  94  36  62
   43   6  26  12  79  65  49  14  87  99  68  48  11  32  93  20  51  17
   54  73  89  16  27  49  89  88  47  67  11  13  52  74  83  55  57  14
    7  95  10  51  78  64  41  85  40  77   2  50   9  79  22  84  94  11
   62  28  26  13  32  15  25  89  34  93  74  25  54  73   8   3  32  25
   90  91  29  48  42  52  10  95  40  15  50  36  66  61  87  39  26  19
   54  26  29  57  31  42  41  58  85  89  14  49  55  71   6  83  73  42
   87  56  33  45  99  49  73  48  25  60   2  65 100  61  37  48  67  71
    6  71  77  87  34  93  88  40   7  79  79  91  59   1  98  86  85   5
   43  44  90  43  38  51  70]
 [  0  92  39  61  37  25  48   5   4  38  77  82  60  73  86  32  31  29
   99  81  68  33  20  38  96  74  36  76  46  12   7  89  71  49  44  35
   70  42  34  64  93  44  17  89  47  28  99  29  35  11   8  48  48  49
    2  51  56   5  20  39  61  79  17  46  79  66  64  43  37  18  29  76
   65  56  61  62  91  84  96  75  23  71  84  63  87  88  42  58  54  20
   65  88  11  37  13  20  16  48  17  41  29  64  32  14  85  27  36  20
   94  54   1  78  16  51   3  33  59  68  87  32  86   6  46  45  31  75
   34  94  83  11  32  76  43  35  71  55  21  77   2  38  73  28  89  86
   36  55  38  34  48   3  45   5  22  64   8  44  76  28  50  92  67  53
   40  58 100  39  27  16  14   2   6  63  93  12  82   2  62  28  16  54
   43  58  70  20  18  27  19  22  92  55  97  29  94  57  47  18  78   5
    2  72  64  83  19  33  87  68  51  64   7  35  79  70  96  21  37   9
   18  28  16  41  50  94  94  34  46  78  72  52  36  73 100  43   8   9
   13  77  32  36  91  43  52]
 [  0  31  51  34  23  65  75  80  29  39  46  42  53  50  51  54   6  53
   86  39  28  18  34  71  16  89  40  86  18  33 100 100  45   6  32  30
   22  51  75  14  79   6  72  94  91   1  91  52  60  40  93  56  36  46
   89  80  89  41  64 100  68  51  43  25  53  63  72  96  44  21  21  71
   18  73   2  82  90  13  86  17   9  27  17  44  80  89  62  10  64  54
   86  24  22  63  16  77  70   2  31   7  96  42  10  92  96  63  35  53
   93  94  78   8  25  58   9  95  53   7  79  59   8  82  59  94   5  65
   23   7  74  31  77   3  44  42  87  94  31  80  76   3   1  59  88  28
   41  39  28  41  31  29  95  57  45  79  14  83  25  82   5  57  11  85
    5  13  60  40  76  60  23  39   7  79  77   6  14  15  40  54  92  49
   76  78  58  56  16  92  79  85   5  82  20  13  83  69  89  91  57  27
   78  35  97  60  89  51  10   5  15  77   1  83  91  21  43  75  27  72
   78  55  92   5  79  37   1   9  14  32  42  74  74  79  87  24  88  74
   57  16  19  67  37  97  43]
 [  0  20  11  90  76  67  45  98  54  81   7   3  80  22  99  12  81  67
   31  70  30  56 100  67  41  37  83  47  25  63  51   9  70  89  63  23
   10   2  83  99  73   4  27  87  59  99 100  84  39  36  85  88  89  12
   92  41  87  82  21  21  48   7  83  55  93  89  42  88   6  54  93  48
   98   7   5  49  40  96  84  89  91  63   9  48  84  41  66  88  50  92
   41  74  31  29  46  21  38  66  53  38   8  94  11  28  65  84  76  49
   91  62  33  61  91  52  83   3  20  79  60  22  37  67  61  61  60  13
   47  73  85  61  15  92   5  59  63  50   8  61  20  54  70  45  11  94
   11  75  63  28  33  63  49  75  58  54  62  36   8  23  88   3  14  53
   68   3  64  19  20  94  10  97  62  14  43   1  35  35  85  59   8  92
   49  46  88  27  92  38  80  71  85 100  35  91  42  68  77  51  15   6
   44  21  97  80  86  97  12  87  87  39  82  54  34  37  38  49   9  90
   31  14  12  42  23  36   3  14  44  44  65  24  60  67  21   5  23  17
   70  77  34  14  93   3  40]
 [  0  14   6  35   9  72  31  42  55  84  26   6  88  83  42  59  65  47
   82  37  85  95  14  60  39  17  63  78  72  17   2  97  98  44  66  57
   24  13  34  64  63  28  90  79   7  65  17  78  99   1   3  47  27  84
   64   5  28  62  79  28  73  23  22  82  14  94  47  30  81  47  12  81
   17  26  77  64  68  45  18  84  65   4  64  70  87  47  77  26  70  98
    1  79  78  51  30  79  11  98  13  44  66  68  13  41  97  75   6  33
   16  10  59  83  23  81  53   9  61  27  11  74  19  31  41  14  71  66
   41  19  26  19  24  84  83  63  34  80  42  47  43  81  94  69  37  97
    3  42  27  71  33  64  11  65  52  70  40  67  47   7  74  77  51  46
    6  87  81  59  28  10  85  23  76  91  80  20  61  44  45  18  93  58
   30  77  62  87  65  63  12  29 100  15  12  79  90  62  76  85  58   8
    9  87  88  40   8  90  88  51  39  81  36  91  79  98  88  39  89  57
   62  15  40   3  50  34  29  68  54  71  33  57   5  81  73   4  12  21
    6 100  62  64  24  83   3]
 [  0  68  38  58  33  17  58  83  44  40  65  80  58  94  65  19  19  30
    1  46  19  87  66  54  65   6  30  42   5  96  48  10  63  26  41  61
   60  35  19  47  23  43  21  58   7  64  99  10  65  72  35  70  50  96
   28  65 100  73  74  91  53  23  82   3  73  32  28  80   9  16  75   6
   39  98  13  37  72  52  24  26  59  90  23  30  38   4  66  80  84   9
   31  58  46  93  37  15   3  90  90  81  70  81  75  55  32  75  32  55
   22  54  42  12  97  99 100  17  71  69  34  66  67  45  41  63  28  12
   15  81  67  31  38   4  53  98  52  60  86  39  19  82  64  24  26  42
   53  47  45  63  69  74  33  28  57  12  25  50  87  16  30  56  16  11
   66  11  48  37  64  40  42  37  40  83  65  82  49  71   7  82  68  97
   94  89  16  23  34  87  37  50   6  89  48  70  78  21  77  46  64  45
    6  33  96  12  85  47  47  18   5   7  64   3  61  46  97  42  26  54
    4  23  88  91  59  25  42   2  42  15  95  79  31  53   4  62  84  47
   30  78  85  51  47  52  73]
 [  0  53  54  77  53  96  94  31  13   3  28  39  58  87   1  40  51  98
   38  13  84  60   3  13  28   7  63  38  89  72  36  31  79  81  91  65
   37  56  90  29  10  37  59  13  50  23  68  37  88  38 100  69  23  84
   39  83  59  93  18  11  70  26  58  82  92  26  86  81  27  63  99  82
   48  96  26  89   6  31  34   6  97  84  79  84  93  87  35  17  53  65
   92  44  16  82  94  66  75  77   6  72  96  69  86  49  52  82  94  90
   49  84  32  31  85  41  38   1  62  72  82  86  45  39  48  59   3  45
   43  18  58  92  73  52  69   4   6  50  60  52  99  36 100  39   3  46
   65  54  62  58  29  66  84  13  13  36  72  85  41  86  40  36  31  30
   29  11  80   3  64  23  83  80  19  23   5  94  79  82  83  22  74  32
   27  34  36  32  31  94  88  35  34  28  16  83  18  72  35  29  88  52
    5   2  11  30  16   2  46  65  58  16  26  48  50  76  12  29  74  11
   57  85   4  83  11   3  65  93  50  68  26   9  47  27   1  42  25  29
   44  55  85  19  92  72  75]
 [  0  71 100  80  71   6  84  80  23  57  31  10  96   2  98   6  71  25
   36  71  61  68  41  77  60  83  23  35  14  94  52  68  40  88  37  13
   60  54  97  22  48  29  31  51  12  64   1  73  59  55  55  91 100  67
   85  30  50  76  41  85   3  76  34  62  14  49  20  53  28   4  10  75
   34  63   5  33   3  19  93  20  29  53  48  49  12   1  66  48  89   1
   61  33  22  75  74  16  64  81  55  18  77  30  62  39  27  19  78  61
   15  20  98  43  69  16  12   6  45  27  51  93  96  48  34  25  70   3
   83  38  15  46   2  13  19  48  92  92  74  23  75  43  76  46  83 100
   54  46  49  91  89  29  31  32  64  43  50  88  56  69  25  89  73  99
   88  39  88  80  94  81   5  50  62  60  27  27  53  95  73  62   5  26
    2  20  19  93  49  90   1  96  34  26  88  77  53   8  94  96  62  71
   76  34  88  26  25  62  88  54  81  75  70  98  89  86   2  99  42   7
   75  80  34  92  88  74  43  97  61  13  85 100  55  26   2  88  11  54
   31   9  91  79  39  98   8]
 [  0  88  17  59  82  46   8  75  76  73   2  93  92   9  80  92  70  53
   69  36  50  54  51   7  69   5  55  25  84  14  87   4   7  63  51  57
   41  28  55  27  29  92  28  63  58  28  12  80  88  98  60  55  12  30
   50  80  49  70 100  82  80  68  78  47  90  24  61  75  74  93  12  54
   55  88  91  94  89  69  12  72  41  79  79  97  40  70  94  10  29  21
   94   2  94   7  74  73  53  95  57   2  21  46  29  66  96  43  42  58
   11  56  10  70  86  41  51  62  65  41  36   4  68  58  54  58  20   5
   95  78  90  52  85  58  91  22  66  25  12  27  15   6  86  31  41  47
   83  27  16  66  64  17  90  76  12  50  17  54 100  78  74  18  41  99
   50  12  74  38  77  15  47   5  89  46  83  71   2  11  26  55  47  38
   26  71  69  40  46  56  82  69  27  77  32  10  80  86  46  30  50 100
   48  66  11  43  30  64  51  15  92  54  87  79  88   9  42  40  71  75
   29  48  30  82 100   2  28  60  76  81  21  22  80  94  73  91  68  87
    3  58  86  10  79  58  87]
 [  0  63  75  41  26  75  56   5  72  33  27  41  60  94  98  59  48  79
   39  90  96  26  90  37  70  69  78  29  54  50  76  38 100   5  73  87
   74  32  62  70  56  99  88  41  19  82   9  62  30  53  92  56  55  47
    7  84  20  32  44   4  17  22  94  62  42  58  98  28  42   9  35  29
   97   1  35  74  33  77  11  65  75  88  27  18  99  44  29  96  22   3
   32  31  27  74  41  80  43  85  41  47  74  34  93  43  56  17  44  56
   37  94  42   9  46  93  87  46  10  31   3  81  74  91  32  58  20  49
   77  44  74  23  98  80  56  11  22  87  69  92  16  81  62  89  66  24
   50  78  99  33  59  75  71  40  87  87  22  37  98  75  71  54  35  64
   98  24  76  18  66  33  52  47  65  77  45  80  16  17   5  41  22  41
   37  36  19  19  66  20   7  56  18  96  38  80  19  42  66  11  38  16
   26  76  64  50  12  39  22  39   9  99  25  33  53  70  14  59  96   6
   84  18  35  26   8  54  97  47  39  66  82  50  70  53  90  86  40  12
   76  67  94  23  74  80  35]
 [  0  89  73  18  10  55  68  49  31  21  50  35  20  35  15  17  36  51
   34   3  96  25  42  74   8  49  21   8  36  53   1  34  80  55  40  11
   35  55  21  18  27  57  94  67  20   6  92  74  84  22  52  60  18  66
   96  15  82  77  70  90  57  42  81  94  54  59  23  69 100  60  82  66
   83  45  15  23  28  28  80  46  44  22  20  12   4   1  35  48  73  73
   59  46   7  52  54  74  66  72  58  63  43  44  50  49  16  86  92  30
   90   9  69  18  79  56  98  17  83  68  29  88  86  56  14  80  18  46
   92  24  27  17  75  53  58  87  69   2  46  89  14  40  25   7  73  12
   20  43  60  87  37  82  44  44  68  12  72  44  23  59  35  88  16  64
   71  23  54  97  21  43  79  70  60  53  73  40  88  27  63  35   5  23
   80  33  10   1  14  38  57  30  56  93  14  80  27  48  57  58  39   9
   50   7  29  96  61  38  61  42  91  23  23  71  66   1  82  70  43  15
   47  72  22  32  10  90  37  23  10  98  20  64  35  29  47  40  38  94
   34  61  46  57   7  66  57]
 [  0  51  43  75  44  79  93  94  44  40  83  39  83  35  57  39  51  20
   49  31   4  42  22  20 100  23  85  53  46  17   1  73  56  64  52  66
   80  66   2  54  46  68  99  66  83  85  35  76  37  32  32  91  56  85
   45  40  62  96  34  34  90  67  64  13  46  23  39  94  23   2  59  43
   66  15  53  97  66  47  60   3  26  71  28  72  53  70  67  19  78  53
   32  52  85  99  45   7  44  91  90  66  77  97  87  36  72  72  92  25
   63  62   1  21  20  56  38  87  15  18  91 100  55  99  38  40  49  89
   16  13  94 100  53  21  55  95   9  40  92  22  49  90  96  55  68   4
    8  69  37  89  86  50  33  45  26  85  41  87  79  91  15  17  24  73
   48  38  40  82  83 100  59  99  40  47  43  61  67  58  37  41  49  50
   82  41  53   2  85  22  32  12  26  53  77  33  23  17  45  85  36  54
   46  12  76  37   7  77  71  53  53  34  75  33  42  59  57  85  80  60
   67  36   6  40   6  46  96  10  59  66 100  72  91  63  49  23  11  58
   80  92  51  87  42  92  24]]
 setup_times
 [[[ 0 24 25 24 19 18]
  [ 0  0 16 27 20 26]
  [ 0 17  0 21 29 21]
  [ 0 24 23  0 17 24]
  [ 0 26 18 17  0 27]
  [ 0 18 18 22 28  0]]

 [[ 0 15 28 22 29 24]
  [ 0  0 21 19 17 21]
  [ 0 19  0 23 27 24]
  [ 0 25 24  0 25 23]
  [ 0 18 17 16  0 24]
  [ 0 19 25 17 22  0]]

 [[ 0 18 16 21 24 22]
  [ 0  0 27 24 19 18]
  [ 0 23  0 16 18 21]
  [ 0 29 21  0 25 16]
  [ 0 21 15 28  0 16]
  [ 0 26 27 15 16  0]]

 [[ 0 18 20 19 25 27]
  [ 0  0 18 15 19 26]
  [ 0 19  0 26 27 27]
  [ 0 18 26  0 15 20]
  [ 0 17 25 15  0 21]
  [ 0 20 20 15 16  0]]

 [[ 0 22 28 15 29 28]
  [ 0  0 22 28 27 17]
  [ 0 29  0 26 15 26]
  [ 0 22 18  0 22 24]
  [ 0 28 28 21  0 24]
  [ 0 19 28 19 26  0]]

 [[ 0 29 27 17 16 22]
  [ 0  0 25 26 16 17]
  [ 0 26  0 22 22 27]
  [ 0 22 24  0 15 27]
  [ 0 17 19 20  0 17]
  [ 0 16 24 17 18  0]]

 [[ 0 17 23 20 19 15]
  [ 0  0 25 15 18 23]
  [ 0 16  0 16 19 27]
  [ 0 15 26  0 17 21]
  [ 0 18 22 18  0 21]
  [ 0 22 22 18 15  0]]

 [[ 0 21 20 28 21 27]
  [ 0  0 25 25 18 24]
  [ 0 15  0 19 16 22]
  [ 0 29 15  0 25 25]
  [ 0 16 21 17  0 28]
  [ 0 27 22 28 27  0]]

 [[ 0 19 18 24 20 28]
  [ 0  0 17 25 28 29]
  [ 0 20  0 21 22 19]
  [ 0 27 17  0 27 20]
  [ 0 15 15 26  0 28]
  [ 0 19 23 19 21  0]]

 [[ 0 15 26 22 17 28]
  [ 0  0 27 18 18 22]
  [ 0 24  0 25 17 28]
  [ 0 21 21  0 24 25]
  [ 0 15 16 29  0 29]
  [ 0 24 27 28 21  0]]

 [[ 0 25 16 29 17 15]
  [ 0  0 17 24 29 27]
  [ 0 24  0 21 25 16]
  [ 0 27 19  0 25 18]
  [ 0 28 22 20  0 28]
  [ 0 21 15 18 23  0]]

 [[ 0 20 25 17 23 22]
  [ 0  0 27 20 24 23]
  [ 0 16  0 22 23 19]
  [ 0 23 20  0 26 16]
  [ 0 15 27 28  0 24]
  [ 0 22 20 24 16  0]]

 [[ 0 21 20 18 24 26]
  [ 0  0 17 19 17 18]
  [ 0 19  0 29 23 27]
  [ 0 28 17  0 18 24]
  [ 0 23 17 28  0 21]
  [ 0 17 26 15 23  0]]

 [[ 0 28 27 20 20 25]
  [ 0  0 27 25 17 23]
  [ 0 28  0 29 27 23]
  [ 0 20 17  0 20 25]
  [ 0 19 25 19  0 26]
  [ 0 28 28 17 25  0]]

 [[ 0 28 26 24 18 23]
  [ 0  0 15 24 23 26]
  [ 0 22  0 18 18 27]
  [ 0 23 18  0 23 18]
  [ 0 26 18 24  0 27]
  [ 0 29 18 21 24  0]]

 [[ 0 19 21 27 29 18]
  [ 0  0 20 26 27 29]
  [ 0 20  0 24 22 21]
  [ 0 21 19  0 22 22]
  [ 0 27 17 19  0 27]
  [ 0 21 26 18 20  0]]

 [[ 0 29 22 16 19 27]
  [ 0  0 24 17 19 22]
  [ 0 23  0 15 15 15]
  [ 0 17 16  0 20 29]
  [ 0 26 26 27  0 17]
  [ 0 24 18 24 26  0]]

 [[ 0 27 23 20 28 27]
  [ 0  0 19 18 24 24]
  [ 0 18  0 18 20 26]
  [ 0 20 18  0 15 17]
  [ 0 24 16 25  0 25]
  [ 0 26 23 21 19  0]]

 [[ 0 21 29 29 18 17]
  [ 0  0 29 25 17 23]
  [ 0 18  0 24 16 21]
  [ 0 21 26  0 22 16]
  [ 0 29 22 20  0 20]
  [ 0 18 18 26 15  0]]

 [[ 0 28 29 25 26 23]
  [ 0  0 16 21 29 23]
  [ 0 29  0 28 16 24]
  [ 0 29 26  0 29 21]
  [ 0 26 27 27  0 23]
  [ 0 23 23 28 15  0]]]
 delivery_times
 [[ 0  2  8 11  2 16 14 25  4 21 29 22  6  3 27 20 16  6  1 21 13 14 28 12
   7  2 15 18 22  9  7 16 25 26 28 21 12 14 21 24  8 18 21  8 29 11 23  8
  20 23 10 17 15 16 25 13 17 11  2  5 26 27 26  7 16  6 24  4  9 23  3 15
   6 16 18  1 25 28 25 15  6 23  2 13  7 25  4 18 16 11  6  8 14 11 10  3
  13 20 10 25  3 14 11  3 11 20 26 22 18 10 18  2  5  6 16 20 25 26 26  9
  29 17  4  7 24 11 24  8 24 15 29 13 18  2 22  9  6  6  3  2 29  9  7 14
  16 12  8 15  2  2 19  3 11 12 29 23 19  5 25 26 12 22 10 13 28  8 22 14
  21 19  1 28 12  5  1 28 12  9 21  3 26 28 26 11 14  2 13 10  1 28 28 14
  18 20 23 12  8 16 22 14 13  2  5 24 11 12  4 17  1 16  5 24 24 24 21 12
  29 12  9  9 18 19  6 13  4  8  3  8  3  6  7  5 12 25 28  3  3 16  7 23
   6]
 [ 0  6 29 17 11 22 21 25 11  1 19  8  2 21 12  4 21  3  3 15 23 17 25  8
  19  1 14 11  6 29 22  4  5 13 27 12  5 12 18 19  9  4 19 16 10 22 18 21
  17  7  3  8 16 27 14 10 21 18 28 16  8  7 13 18  1 15 24 20 27 24 23  4
  11 10  9  3 20  4 29 25 22 19 19 23  3 21 20 19  4  7 25 27 27 14  3 13
  15 12  9  2 12 15 15 13  9 27 22 19 20 17 24 24 11  5 14  7 23 14  3 18
  25 26 13 19 23 14 14 28 18 15 10 19 27 13 13 23 25 20 21  7 21 10 13 24
  22 24 15 20  9 20  3 13  5  7  4 12 29 16 29  8  7 24 13  3 28 28  9  5
   4 17  6 10 25  7 28 28  7 29 24  3 19  7 23  7  2  9  4  6 12  5 12  9
   7 20 12  1 15 28  4 21 18  1 24 24 29  1 23 27 29 29  2 25 26 14 24 28
  25  7 28 15 29 18 24 22 27  3  8  6 29 23 19 17  9 10  4 13  2 19 25 18
   5]
 [ 0 15 19 12  3 11 11  5 24  7 22 20 23 22 23 12 29  8 28  7 26  6 26 29
  24 20  5 23 22 12 25 19  1  7 26  2 18 18  9 17 21 19 16 14  8 11  1 22
  20 27  5 12 23 14 26  6 15 16  2 18 14 17  3 24 29 28  7 17 17 10 22 25
  11  9 29 14 11 19  7  3  8 15 12  6 25 21 13  6 13 24  3  9  9  9 13  6
   1 26 13 18 23 15 14 11 16  8 16 16 27 22 24 11 16  5  5 18 26 25 25  3
  13 17  2 14 23 15 29 26  5  2 13 16 23 17 11 19 23  1 18 10  4  4  7 23
  16 15  1  7 22  7 16  1  3 17 20 25 17 19 21 20 10 16  1 10 17  8 24 28
  10  5 11 21 16 19  5 22  9 10  7 16 15 25 10  6 10 26 22  7 11 23 28  7
   7  2 19 23  7  3 25  3 25  1 19 27 23 20 16 14  5 14 18 24 19 22  5  9
   8 13  9  4 24 20 27 29 26 22 14  4  4 14 18 14 25 19  7  6 16 21 23  6
  29]
 [ 0 19 20  9 26  2 14 25 18  3 13 29  4 19 11  5  6 16 19 17  7  1  6  3
  14 26 22 24 23 23 18  4 13 17  4 16 27 24 24 18 14 29 17  1 13 17  7 15
   2 28 19  1 24  8 10 29  8 17 13  6  9  8  4 24 22  4 16  5  7  3 29 26
  27  6  4 29 13  6 22  9  2 22 25  3 15 27 13  1  7 23  8 29 22 11 21 10
   8 15 24  2 20  2  2 25 16  6 14  3 11 14 27  2 15 12 24 19 26 21 10 28
  26 16  8 29  2  9  1 21 25  8  2  9 28 10  8 17 15 25 11 11 21 24 10 19
  29  3 29  9  4 15 21 16 20 20  4 29 14 25 10  9  3  3  1 19 12 10  8  4
  17 28 22 27 23  8 17 26 14 28 26 28 13 27 25 27 28 19 14 25 13 16 14 26
  10 28 28  4 26 13  1 24  5 19 14 17 13 17 20 17  2  8 13  3 28 22  9  4
   3  8  7 28 10 22 12  5  9 11 27 28 23  7  1 22 20 12 21 17 23 19 15  8
  28]
 [ 0 19 21  9  7 16  4 16 20 21 29 19  2  4 22 19 14  5 15 23 24 22 25  6
  20 15  1  1  5 28 16 16  6  5  9  2 28  2 18  9 17  1 13 23 20  3  4 10
  27  8 28 28 11 22  1 18  4 17  2 25 10 26 23  1 15  2 29  7  1  6 17 26
  27  3  9 14 12 24 23 29 12  1 19 14  9  4  4 26 22  2 14 19  5  2 20 29
   9 17 10 20  7 21 15  2  6 18 16  9 29  8 15  6  2 22 28 14 11 17 23  9
  21  8  2 11 12 25 14 22 21 25 15 18 24 15  9  7  1  8 26  9 26 29  3 23
  10 20 26  5 10 14 29 22 10  4 26 20  6  8 14  9 11  9 14 14  1 24 22  5
   2 25 12 29 11 24 18 22 13  7 20 22 19  6  5 13 26 26 23 14  4  4 22  3
  26 20 27  7  3  4 15 10 27 19 17 29 24 13  6 10  2 24 21  9 27  9 29 23
  19 26 28 20 20 28 11 20  9 18 26 18 16 12 27  8 22 14 28 26  9 14  4 25
   1]
 [ 0 10 26 14 27 29 20 10 23 21 13  1 14 14  8 29 25  5  6 14 23  9 25 26
  19 29  1 15  5  7 22 24 14 22 17 11 27 19 26 15 14 29 29  4  3  3 19  1
  24  4 20 11 23 18  3 27 20  8  9 13 25 22 20  7  7  7 24  5 14  4 13 28
   1 26  4 14 29 20  7  2 27 27  8 20  4 10  8  2  2 17 26  1 18  1  4  3
   7 28 17 27 21 12 19 16 28 18 23 14  4 21  3 23 15 10 15  1  8 13 24  8
  11 24 22 22 19  1 12 26  7 10 19 12  1  3  6  8 29 22 25 16  9 15 25  3
  28  8 10 24 27 13 20 13 10 26 28 27 15 11 26 27 29 14  1 28 24  1 21 16
  17  7  1 21 13 16 18 24 11  7 16 17  2  8 14 23  9  5 13 17  2 29 12 29
  22 18 15 16 19 24 17  9 11 29 29 19 17  4  1 29  4 20 19 27  2 18 12 20
  25  8 23  6 21  8 12  2  7 15 19 19 24 15  2 15  5  8 16 10  7 26 18  3
  19]
 [ 0 18 15 26 28 19  1 14 23 24 23  6 11  5  8 29  6 15 10 12 23 27 13 21
   6  4 14 16 20 12  8 12  4  1 11 17 18  7 21  4  1 10 27 23 10 25 22 19
   8  9 23 27 11 16 12 21 11  8 11  8 25  7 19  8  3 11 12  2 27 20  2 13
  10  5 27 10  9 17 13 12 21 26 10 15  5 18 16  2 14  5 14 20 12 28 16 11
   1 19 25 18 19 17 20 15  1 12 14 18 19  7 17 14  8 18  4  8 12 29  1 20
  10 15 13 27  9  5 28 23 28 10 21  5 17 15  1 10  3  4  4 27 16  1 21  9
  17 14 13  9  1 26 11 22 21  8 23 20 15  8  3 29 12  6 14 21 20 17 18 29
   8  8 23 25 24 23  8 15  1  3 16  4 18 26  6  8 14 29 17 12 21 23  6 22
  24  1 22  6  1 20 25  3 12 25 12  5  8 10 21  8 17 16 14 27 26  6  4 10
  14  8 24 13 15 26 21  6 20 25 18 14 23  1 10 27  4 28  7 10 14  9  9 12
  26]
 [ 0 10 14 28  5  9  1  1 16 19 22 12  3 22 29  3 11  5 16 14 17 10  4 23
  16 28 25 17 11 14 24  1 18 15 16  7  3 15 28 28 10 16 11 15 15 20 21 12
   1  4 11 27 28 21 16 29 13 29 23  2  2 18 24 23  7 16  5 14  2 16  9 15
   6  5 10  5 25 16 29 10  6  6 23  8 22 20  2 11 22  1 22  3 16 27  2 18
   8  5  1  1 20  4 14 12 15 13 13 14 18 24 20 24 26 13 28 13  7  2 10 10
   7 23 11  2 20 14 10  3 19 22 26 16 26 28  2 18 16 22 26 16 18 28 20 25
  24 24 29 12 11 17 20 24 11 12  6  8 21 24  8 23 25 15  9  3 23 20  5 24
   3 14 25 23 25 21 13  7 21 15  8  2  8 21  1  7  4 28  3 10 15 19  5 17
   7 29  5 27 10 23 17 15 10 18 23  5 20 20 12  9 26  1  8  3 21 29 18 17
  28  1  6 24 22 11  5 24 22  1 13 23 11 11 29 19 17  1 18 12 17 21 16 16
  29]
 [ 0 12 26 23 25 14 11 14  3 14 23  7 14 25  6  4 17  3 25  5 13  9  8 23
   6  7  2 20 22 12 11 16 13  2 14 25  7 28  3 20 20 22  8 26 15  3 17  9
  15 28  2  1 15 28  3  1  8 24 14 22 27  8 24  8 24  1  1 21 18 24 17  7
  21 23  3 21  9 18 13 26  6  8 24  2 17 29  5 14  3  5 25  3  2 19 21 27
   4 20  6 29  2 23  9 11  4  2 12 12  9 14 15 20 14 16 26 10 15 10 14  5
   5  9 15  1 23 16 28  5  5 17 18  6 18 21 14 15  9 24 27  4  6 10  3  5
  26  4  5  5 14 23 28 29  8 26  4  9 16 25 27  9 22 27 25 29  7 24 16  2
  16  2 26 20 29 25 21  1 22 10  7  3  6  5  3  9 25 13 20 14 21  9 28 12
  20  8 23 18  8 29 25 20  8 27 16 28  7  5 17 10  3 23  7  9 15 26  8  4
  24  7 17 21 24 13  4 22 19 11  4  8 12 22 27  1 13 29  3 17 18  5  7 26
   2]
 [ 0 14 25  2 27 21  6 16 29  2  8 26 25 28 14 26  8 23  6  6 23 25 25  4
  20  1 22 12 11 26  4 19 28  3  5 24  6 26 22 28 16 10  5 27  4  1  8 26
  27 24 22 22  7  3 23 21 13 28  4 28  9 17 26 12 17 20 11  2 22 12 26  8
  11  3  9 21  4 21 19 20 25 26 17 21  5 25 12 29 15 16  5 24 17  1 27 12
  26 29 12 16 25  8  4  4 27 14  6 17  5 16 13 25 14  8 13 22 11 15 16 11
  19 22  2 25 19 26  6 28 24 18  1 10 15  5  8 28 19  8 18 14 21 12 24 11
  17 12 12 27 18 15  7  5  3 12 16 16 25 22  6 26 13 10 22 23 11  4  6 21
  25  4  1 28  6 11  3 20 12 22 17 19  4 24 12 13  8 14  1 16 19 19  1 28
  20 25 23 27  3 27  2 22  8 10 28  7 16 13  1  8  7  6  7 18 20 10  1 27
   6 17 19 26 16  4  9 15 20 11 14 13 16 23 27  4  3 14  1 28 10 25 17 19
   9]
 [ 0 14  9 15 11 13 19 10 15 27 20 29 12 15 22 20 12 28  9  6  2  6 16 20
  13 27 15 18  6  2 23 12 27 29  5  4  3  3 29 15 20  4 14 15  5 28  9 29
   6 12  8 21  5 21  5 28 17 16  4 19 25 27 27 20 28 17  3 28  5 23 29 19
   7  6 26 28  7 29  8 22  3 19 28 24  5 22 19 10  6 22 27 16 22 12 24 16
   1  8 22 12 19  3 20 15 27 25  4 26 16 28  6 15  7  6 15 25  4 29 15 16
  23 13  7 26  6 24 26  4 13 17 14  2 10 17 19 22  6 25 15 11  1  8 18 23
   6 29  5 10  7 19  1 25  2 23 28 22 23 17 26 28 24 15 19 27  2 29 24 20
  19  2  5 14 11 14 25 12 22 27  1  8 28 12 14  2  6 23  2  8 23 24 25  5
  14 28 16 24  4 10  2  2 18 15 25 25 19  3  6  3 23 27 28 21 22 29 17 14
  23 29 14 21 14 29 18 26 16  9 19  4 18 23  2 28 14  5 28 29 17  2  5 10
  20]
 [ 0  2 23 18  2 12 28 11 10 11 29 18 25 25 23  9  5  2  5  3 14 13  1 12
  14  6 16 12 29 11 29  1 29 21 26 16  4 17 24 29  3 28 14 17 10 18  6 23
   6  5 12  2 12 17  9 22 21  6 21 23 19 11 11 10 25  1 16  6  4 16 15  4
  21  9 11 15  3  5 25 17 21 16 14  7 23 19  6  4 16  8 19 11 21  1  5 19
   8 29 27  6 28 18 20 17 14 18 25  5  6 21 24 15 21 19  1 21 13 17 17  1
  12 12  4 18 23 13 29 20 10  1 13  2 17  3 19 29 28  3  3 17 23 19 18 11
  24 13 28 25  7 19 14  3  7 23  9 29 29  8  3  6 10 15 10 20 15 22 12 12
  23  6  9 17  5 13  2 15 25  7 24 12  6 29 18  1 26 21 25 10  9 22 20 17
  10 14 28  7 14  5 24 20  6  9 18 21 18  6 19 13 16 14  4 28 19 26 28 19
  20 26 19 26 17  9 10  9 25 16  5  7 21 26 17  7  8  6 11 19  9  6 28 23
   4]
 [ 0 18  6 13  8  5 12 14  8  8 12 12 24 19 14 23  4 29 29 15 11 18  6 20
  21  9  4 14  4 23  5 15 10 17 24  7 10 18 27 20 12 23 29 11 21 13  1  6
  12 12  4 29  1  1 12  3 11 13 16 26 13 17 12  5 20 18 23 26 27 12 18  8
  15 15 14 14 29  4 12 17 12 24 14 10 11  1  3  7 14 18 26  8 27 18 11 22
  26 11 15 16  7  1 29 18 27 22 20 18 25  4 24 20  1  6  7 13 23 13 20 16
   2  3 16 17 23  4 18  8 14 23  6  9  1  9 14 13 11 10 10  1 25 21  6  4
  16  8  4 24 11  7  9  7 25 23  3 18  5 25  7 18 10 20  5  2  3 12 19 23
   3 19  2  7  6 10 21 12  6 16  5 12 16 11  7 18 17 14 11 14 11 13 12 22
   2 26 16 14 14 11 23  8  6 22 21 13  8 24 13 16 12 17  6 19 16 12 15 27
   5  4 14 14  1 10 29 12 14 15 21 25 18 10 18 28 18 22 25  5 20 17 19 23
   9]
 [ 0 29 21  9 25  7 13 29  3 10 14 15  6  7 26 13 16  4 15 11 15 29 11 15
  29 26 20  8  3 27 24  5  2 27 16 22  9  6  7  7  3 19  7 12 23 17 27 20
   2 17 25  7 21  3 24 10 11 11 18  7 21 13 21  6 17 17 29 12 16 29  6 20
   2  6 24 25 20  8  2  4  9 22 20 25  4 23  6 17  8  5  2 26 12  2 24 26
   8 14 18 17 23 26  2  2 17  3 21 20 13 12  1 10 11 27  6 28 11 18 14 20
  20 18 26 13 18 19 26  6 29  9 14  9 28 28  2 23 20 24 13 12 28  1  5  2
  24 15 25 28 27 25  4 22  4 19 25  8 29 18 28  9 29 14 17  8 11  1  9 26
  12 10 13 28 21 25  5 14 16  9 27 13  1  4 12 18 18 26 28 17  2 26 14  9
   4 22  5 24 12  8 28  4  4 22 26 10 21  8 15 24 28  1 27  3 27  6 23 12
  28 15 18 14 29 16 19 10  1  9 24  7 19 16 25 24 14  5 26 19 12 13 23 24
  10]
 [ 0  2  6 29 22  7 27  4  3 11  1 26 16 19 14  3 14 10  7 13  6 23 18  1
   9 27 26 26 13  8 13 17 11 21 27 18 27  3  9  7 22 25  5 17 10 24  1  8
  23  3  6 11 12  5 13 16  6 28  9 15 29  9  7 24 29 22 24 10 23  3 12 13
  26 20  1 20 19  3 17 23 21 20 28 25 23  2 27  9 23 10  7  3 17  2 29 22
   7 15 16 10 25 10 11  7 19 16 29  5 10  6 29 23  7  7 11 13 21  7  6 22
  25  9 27  8 18  4 26 28  6 19  8  1 25 20  1  5 16 12 18 26  4 27  4 15
  20 21 27 19 10 15 10 14 26 17 15 13 10 15 27  9 25 27 21 14  6 12  1 24
  25  4 27 23 19  5  3  9 22 16  5  6  8 21 20 23  8 13 14 26 27 18 22 25
  22  9 18  8  8 25 29  8 23 23  3 10  1 19 14 14 26 17 28 24 27  4  2  1
  23 12 27 11  2 10 24 27 29 25 14 17 11 18  3 15 10  1 19 17  9  6 12  1
  21]
 [ 0 19  6 25 29 25  7 14 29 29 24  7 16 15  3 28 24 19  3 26 17 25 20 13
   7 14 12 24 22 29  8 27 15  1 10 18 23 24  8 26 21  5 29  5 21  4  3 10
   6  2  9 25 21  1  1 11 21 26 25  9 16  1 18 27 15  6 29 12 22 15 11 10
  10 27 16 10 28  2 11  6 26 27 23  3  3 14 12  7 21 28 23 22 13  6  2 21
   4 18 12 15  9 12  6  8  9 25 19  7 12 21 15 23 29 18  8 19 24 20  4  4
  23 26 13  2  1 18  2 20  2  6 16  4 26 18 27 16  6 23 22 22 12 21 14  6
  28 13 12  6  8 17  3  3 12 24  3 10 24  5 21 10 25  3 18 20 28  9 14 10
  25 13 19  3 12  5 24 20 18 21 18 19 19  5 21 22  9  7 12 21 29 13  3 22
  16 26  6 22  6  3 20 25  1  8 22 29 20 11  5 12 26  4  1 13 28 18  8 16
  22 14 19  8  4 10 28 16 10 27  2 11 11 19 10 18 12 27  7  4  9 22 29  7
   2]
 [ 0 21 25 28 18  1 12 22  4 23  5 23 15 24 27 15  5 16 19 23  6  7  4 13
  26 15 17 22 22  3  2  7 26 13  4  2 23  5 18 15 25  2 11 23 10 28 16 18
  27  9 26 15  2  8 23 16 25 13 22  1  2 15  3 16 27 21  3 28  1  3 28 11
  16  4 21 23 26  6 20  9 13 22 20  4  9 22 18 23 13 21 28 12  1 23  5 15
   9  8 11 11 22  7 15 22  9  6 14 11 13  6 10 26 11  4 29 28 29  6 11 22
  15 10  4 11 13  9 14  5 13 17 13 15 26 26 26 21 12 23  8 10  7 27 18  8
  29  1  9 29  3 19 16 22 11  1 27 13 17 14 27  6  1 21 15 17  3 10 13 18
   9 11 28  5 24  8 14  1 23  4 12 10 22 27 24 21 26 14 18  7  6 20  2 12
  15  6 16  1  9 17 22  4 18 21 15 26 18  9 20 23  4 22 23 28  7  1  3 14
  28  7  9 20 20 13  3 25 11 17  6 19 16  8 17 18 28 23 24 29 15 19 19 13
  18]
 [ 0  5  2 26 28 16  4 28  4 16 26 12 19 11  8 11 28  9  7 17 20 24 11 20
  29 11  3 15  2  4 16 28 12 17  4 23  5 21 28 10 20  6 12 15  1 11  5 11
  25  5 28 19 20 17  6 20  9 10  1 11 23  3 25 27  7  3 26 21  4  7 29 23
  21 20 13 13  8 21 21 12 12  4 27 24 15 17 27 26  3  4 26  4 13 11 24 21
  25  8  2 28 14 19 19 10  2 24  5  6 17 29  2 21  8 23 16  9 19  5 15 14
   4 22  1 27 18  5 16  3  1 10 12  4  9 27  4  7  5 26  7  1 12  4 27 27
  27 11  5 21 18  4 28 12 16  3  6 24  8 25 16 29 11 27  3  1 25 22 22 13
  21 10 26 26 11  1  2  1 28 17 14  2  8 15 20 27  6 28 16 11 27 15  9 13
  17 17 27 12 10 28  5  3 23 28 23 24 18 29 13  4 20 27 21 25  2  9  9 11
  10 27 21 24 11 19 13 21  3  4 29 23 20 21 29 20 12 13 15 14 20 13 28 28
  29]
 [ 0 14 17 17 24  7 28 24  3  3 14  4 10 16  4  8 11 20 18 10 28  6 20 17
   6 10  8 10  9 23 18 18  5 10 21 16 25 12 25  4 13 15 17 27 18  8 22 15
  26 19 18  5 25  5 22 27 25 21  6 24  8 12  2 11  3 23  9 13 22 11 19 10
   2 18  3  5 21 10 18 29 13  2  8 25 20 26 10  2 25 21 13 13 23 12 15 11
   1 14 29  6 16 16 19  1  5 24  1 19 13  3 24  6 22 20 22 12  5 28 12 21
  11 28 28  3  2  4 28 27 19 22 23 12 17  1 22 29 13  5 26  1  7 29 28 29
  27  9 14 22 17  7  1 28  7  9 28  6  1 11 10 20 12 18  6  3 11 25 29 16
  20 20 18 23  2 21 17 10 25  9 17  2 17 11  7 19 15 28 19  1 25 13 19 29
   3 15 12 17 18 11 16 11  9 20  2  7  9 18 22 10  5 11 23 11 27 24 26 27
   9 23 10  8  7 15  7 11 19 17 25 10 29 19  3  8 17 25 25 12 29 20 10 10
   7]
 [ 0 11 17 29 15 29 29 12 27 29  4  9  9  2  9 23 18  6 17 23  8 15 20  6
   5 28 14 10  1 16 18 19 14 13 13 28 11 28 19  4 21 10  9 13  3  3  9 23
  19  8  8 24  2 16 12 17 23 19 14 13  7 12  8 14  9  6 19 17  4 19 24  1
  27 15 11 26 28  9  4 18 10  7 13 17 14 19  5 11 15 17 20 28  8  5 16 22
  28 20 12 24 19 29 12 21  2 12 21  7  4  9  7 13 25 19 26 28  9 20 19  2
  24 19  2 25 17 18 14  3 24 15  1 25 16 15 29 11  9 13  9 11 20 19 20 18
  11  1 10 17  3 25 23  6 13  3 27  6  8 26 27 13 27 15  9 22 16 26  5  2
  24 14 17 22 23 10 18 16  5  6 18  6 22 26 28 10  4 17  3  3  9 20  9 15
   7  3 21 20 25 28 14 25  2  6 15 19 24  8 10 22 10 18 11 25 21 24  1 22
  18 18  9 12 23  3 24 22  4  9  5 22 22  7  4 11 26 25 23 19 15 28 17  7
   7]]
 job2fam
 [[1 0 0 0 0 0 0 0 0 0 0 0 0 0 0 0 0 0 0 0 0 0 0 0 0 0 0 0 0 0 0 0 0 0 0 0
  0 0 0 0 0 0 0 0 0 0 0 0 0 0 0 0 0 0 0 0 0 0 0 0 0 0 0 0 0 0 0 0 0 0 0 0
  0 0 0 0 0 0 0 0 0 0 0 0 0 0 0 0 0 0 0 0 0 0 0 0 0 0 0 0 0 0 0 0 0 0 0 0
  0 0 0 0 0 0 0 0 0 0 0 0 0 0 0 0 0 0 0 0 0 0 0 0 0 0 0 0 0 0 0 0 0 0 0 0
  0 0 0 0 0 0 0 0 0 0 0 0 0 0 0 0 0 0 0 0 0 0 0 0 0 0 0 0 0 0 0 0 0 0 0 0
  0 0 0 0 0 0 0 0 0 0 0 0 0 0 0 0 0 0 0 0 0 0 0 0 0 0 0 0 0 0 0 0 0 0 0 0
  0 0 0 0 0 0 0 0 0 0 0 0 0 0 0 0 0 0 0 0 0 0 0 0 0]
 [0 0 1 0 0 0 0 0 0 0 0 0 0 0 0 0 0 0 1 0 0 0 0 0 0 1 0 1 0 0 1 1 0 0 0 0
  0 1 1 0 0 0 0 0 0 0 0 1 0 0 0 1 0 1 1 1 0 0 0 0 0 0 0 0 0 1 1 0 0 0 0 1
  0 0 0 0 0 0 0 0 0 0 1 1 0 0 0 0 0 0 0 0 0 0 0 0 0 0 0 0 0 0 0 0 0 0 0 0
  0 0 0 1 0 0 0 0 0 0 0 1 0 1 0 0 0 0 0 1 1 1 0 0 0 0 0 0 0 0 1 0 0 0 0 0
  1 1 1 0 1 1 0 0 0 0 0 0 0 0 0 0 0 0 0 0 0 1 0 0 1 0 1 0 0 0 0 0 0 1 0 0
  0 0 0 0 0 0 0 0 0 1 0 0 0 1 1 1 1 0 0 0 1 0 0 0 0 1 0 0 0 0 0 0 0 0 0 0
  0 0 1 0 0 0 0 0 0 1 0 0 0 0 0 0 0 1 0 0 1 0 1 0 0]
 [0 0 0 0 1 0 0 0 0 0 0 0 0 0 0 0 1 1 0 1 0 0 0 1 0 0 0 0 0 0 0 0 1 1 0 1
  0 0 0 0 0 1 0 0 0 1 0 0 0 0 0 0 0 0 0 0 1 1 0 1 1 0 0 0 0 0 0 0 0 0 1 0
  0 0 1 0 1 0 1 0 0 1 0 0 1 1 0 1 0 0 0 0 0 0 0 0 0 0 0 1 0 0 1 0 0 0 0 0
  0 0 0 0 0 0 0 1 0 1 0 0 1 0 0 1 0 0 0 0 0 0 1 0 0 1 1 0 1 0 0 0 1 1 0 0
  0 0 0 1 0 0 0 0 0 0 0 1 0 0 0 0 0 0 1 1 0 0 0 1 0 0 0 0 0 0 0 0 0 0 0 1
  0 1 0 0 0 1 1 0 0 0 1 0 1 0 0 0 0 0 0 1 0 0 1 0 0 0 1 0 0 1 0 1 0 0 0 1
  1 1 0 0 0 0 0 0 0 0 0 1 0 0 0 0 0 0 0 0 0 0 0 0 0]
 [0 1 0 1 0 0 0 1 0 0 1 0 0 1 1 0 0 0 0 0 1 0 0 0 1 0 1 0 1 0 0 0 0 0 1 0
  1 0 0 0 1 0 0 1 0 0 0 0 0 0 1 0 1 0 0 0 0 0 1 0 0 1 0 1 1 0 0 0 0 0 0 0
  1 0 0 1 0 1 0 0 1 0 0 0 0 0 1 0 0 1 1 0 1 0 1 0 0 1 1 0 0 0 0 0 1 1 1 0
  0 0 0 0 0 1 0 0 0 0 0 0 0 0 0 0 1 1 0 0 0 0 0 1 1 0 0 0 0 0 0 0 0 0 1 0
  0 0 0 0 0 0 1 0 0 0 0 0 0 0 1 1 0 0 0 0 0 0 1 0 0 1 0 0 0 0 1 1 0 0 0 0
  0 0 0 0 0 0 0 0 0 0 0 0 0 0 0 0 0 1 0 0 0 0 0 1 0 0 0 1 1 0 1 0 0 0 0 0
  0 0 0 1 1 0 1 1 0 0 0 0 1 0 1 0 0 0 1 1 0 0 0 0 1]
 [0 0 0 0 0 0 0 0 1 1 0 1 1 0 0 1 0 0 0 0 0 1 0 0 0 0 0 0 0 1 0 0 0 0 0 0
  0 0 0 0 0 0 0 0 1 0 1 0 1 0 0 0 0 0 0 0 0 0 0 0 0 0 0 0 0 0 0 1 1 1 0 0
  0 0 0 0 0 0 0 1 0 0 0 0 0 0 0 0 1 0 0 0 0 1 0 1 1 0 0 0 0 0 0 1 0 0 0 1
  1 0 0 0 0 0 0 0 0 0 0 0 0 0 1 0 0 0 0 0 0 0 0 0 0 0 0 1 0 0 0 1 0 0 0 1
  0 0 0 0 0 0 0 1 0 1 1 0 0 1 0 0 0 1 0 0 1 0 0 0 0 0 0 1 0 1 0 0 0 0 0 0
  0 0 1 0 0 0 0 1 0 0 0 1 0 0 0 0 0 0 1 0 0 1 0 0 1 0 0 0 0 0 0 0 1 0 1 0
  0 0 0 0 0 0 0 0 0 0 1 0 0 0 0 1 0 0 0 0 0 1 0 1 0]
 [0 0 0 0 0 1 1 0 0 0 0 0 0 0 0 0 0 0 0 0 0 0 1 0 0 0 0 0 0 0 0 0 0 0 0 0
  0 0 0 1 0 0 1 0 0 0 0 0 0 1 0 0 0 0 0 0 0 0 0 0 0 0 1 0 0 0 0 0 0 0 0 0
  0 1 0 0 0 0 0 0 0 0 0 0 0 0 0 0 0 0 0 1 0 0 0 0 0 0 0 0 1 1 0 0 0 0 0 0
  0 1 1 0 1 0 1 0 1 0 1 0 0 0 0 0 0 0 1 0 0 0 0 0 0 0 0 0 0 1 0 0 0 0 0 0
  0 0 0 0 0 0 0 0 1 0 0 0 1 0 0 0 1 0 0 0 0 0 0 0 0 0 0 0 1 0 0 0 1 0 1 0
  1 0 0 1 1 0 0 0 1 0 0 0 0 0 0 0 0 0 0 0 0 0 0 0 0 0 0 0 0 0 0 0 0 1 0 0
  0 0 0 0 0 1 0 0 1 0 0 0 0 1 0 0 1 0 0 0 0 0 0 0 0]]
