params：
 weight-->(1, 10)
 proc_times-->(1, 100)
 setup_times-->(60, 120)
 delivery_times-->(100, 200)
 job_rate-->7.5

start:
alpha_1
7.5
 alpha_2
2.0
 mach
2
 job
15
 fam
3
 weigh
 [[0 9 5 3 5 8 2 4 4 9 5 6 3 4 9 9]]
 proc_times
 [[ 0 78 84 22  8 50 70 24 95 39 24 38 12 95 21 71]
 [ 0 49 16 63 41 16 44 95 74 32 86 26 93 63 49 14]]
 setup_times
 [[[  0 100  65  68]
  [  0   0  74  92]
  [  0 101   0  86]
  [  0 101 103   0]]

 [[  0  96  73 104]
  [  0   0  84  66]
  [  0  90   0 112]
  [  0  97  62   0]]]
 delivery_times
 [[  0 128 124 168 198 173 180 161 102 177 171 121 122 165 102 134]
 [  0 160 192 145 165 152 186 192 136 153 172 178 193 106 164 185]]
 job2fam
 [[1 0 0 0 0 0 0 0 0 0 0 0 0 0 0 0]
 [0 0 0 0 1 1 1 1 0 1 0 0 0 1 0 0]
 [0 0 1 0 0 0 0 0 0 0 0 1 0 0 1 1]
 [0 1 0 1 0 0 0 0 1 0 1 0 1 0 0 0]]
