params：
 weight-->(1, 10)
 proc_times-->(1, 100)
 setup_times-->(30, 60)
 delivery_times-->(1, 30)
 job_rate-->8

start:
alpha_1
8
 alpha_2
1.0
 mach
20
 job
160
 fam
12
 weigh
 [[0 2 4 8 7 2 2 5 4 5 4 8 8 2 2 3 5 3 4 9 4 2 9 7 1 6 6 3 4 8 4 9 3 3 6 3
  8 5 6 4 5 1 1 3 3 7 8 3 5 9 4 1 1 5 6 2 7 3 6 4 8 4 2 5 4 9 5 6 1 6 8 7
  5 6 8 1 8 8 5 7 7 4 6 7 4 3 3 4 3 5 6 1 7 9 1 6 1 7 5 3 8 1 4 6 5 7 1 2
  2 2 8 2 4 5 6 1 6 8 9 3 8 1 7 1 1 7 6 7 9 7 8 7 1 7 4 9 2 5 4 8 6 3 6 2
  4 1 3 3 7 2 6 9 4 5 3 9 9 4 8 5 5]]
 proc_times
 [[  0  62  67   3  33  51  19  46  68  57   6  13  58  27  39  77   9  22
   93  55  75  51  33  12  58  21  90  34  13  20  73  10  69  26  20  34
   36   7  82  96  99  49  42  76  96  64  30  79  59  36   2  39  66  76
   72  78  39  53   9  94   5   1  35  30  64   8  54   5  62  85  82  86
    2  16  57   8  97  18  42  18  69  44  44  91  25  48  74  27  28  63
   97  35  29  90  60  79  62  78   5  56  87   4  94  74   6  65  90  88
   35  42  19  75   2  95  83   7  49  35  13  51  36  66  99  82  27  16
   46   9  74   3   9   5  93  72  47  44  54  76  58  27   3  79  35  93
   32  17  79  46  69  95  43   2  51  79  61  90  32  72  50  50  88]
 [  0   9  77  96  99  63  40  21  32  25  43  70  41  84  98  26  60  22
   97  27  37  86  66  84  17   7  14  58  89  95  68  30  94  68  62  10
  100  41   1  36  74  83  31  82  51  26  67  91  99  24  76  21  75  37
   57  66  53  45  73   9  80  10  95  93  49   7  85  60  82  53  22   5
   10  74  23  91  81   6  18  20  40  72  70  39  49  75  43  79  46   3
   86  76  90  70  82  84  73  81  87  81  45  99  10  65  96  33  17  28
   99  82   2  94  76  30  83  49  48  57  38  59  69  13  30  84  71  72
   87  12  85  47  23  89  77  46  90  89  87  50  18   5   6  84  19  47
   87  26  66  41  92  86  57  53  31  97   9  42  76  15   2  27   3]
 [  0  33  71  81   3  51  28  96  51   5  68  85  50  15  37  87  81  88
   28  57  93  69  96  83  88  55  87  25  82  22  99  18  70  60  98  92
   56  57  11  12  30  93  25  87  82  31  50  55  15  10   6  16  39  28
   56  40  30  19  10  48  36  29  38   8  46  81  24  11  35   7  56   8
   21  89  69  39  74  18  41   8  35  55  32  90  52  19  80   1  49  98
   44  43  10  77  31  66  27  75  24  97  66  74  93  24   1  11  53  37
   24  30  74  70  85  95  80  42  82  15  82  55  65  12  56  12  19  88
   89  31  61  10  76  83  63  42  95  97  62  75   7  97  35  17  95  88
   93   4  10  69  72  42  86  12  38  38  33  70  26  55  71  19  98]
 [  0  81  97  54  32  84  84  57  88  47   1  23  97  51  88  34  21  99
   29  65   9  73  28  63  47  70  79  19  99   5  74 100  16   3  57  21
   93  13   8  41  47  33  37  16  45  93  60  21  35  55  50  76   8  11
   53   3  92  58  66   5  82  68  31  73  91  46  42  10  27  41  98  29
   44  88  21  65  32  36  50  65  96  89  72  33  64  25  14  34  13  30
   98  89  42   2  13  95  86  77 100  87  31  40  20   6  22  58  46  43
   97  71  96  47  94   9  70  21  16  14  73  95  39  75  68  99  33  81
   52  31  33  80  28  13  31  26  19  10  47  74  87  92  37  38  28  85
   15  68  14  60  68  76  38  25   3  75   5  75  69  24  99  54  37]
 [  0 100  54  87  77   4  17  14  59  12  63  88   8  20  77  93  27  28
   71  23  56  19  57  93  28   5  23  57  45 100  21  39  59  70  49  11
   35  96  46  58  73  64  97  62  44  69  89  74  57  82   1  59  93  34
   69  19  50  88  65  20  68  10  87  33  17  33  99  34  12  24  47  91
   61  90  69  70  21  46  52  86   7  90  64  33  67  72  57  55  29  24
   13   1  46   5  63  34  30  94  96  90   4  75  80  53  88  85  53  82
   46  36  99  12  63  64  24  78  95  88  63   3  58  45  97  53  60  14
   61  39  42  24  21  55  98  13  13  74  87  40  22  23 100  87  85  15
   18  86  70  78  44  58  34  99  55  46   8  73  34  34  78  85  92]
 [  0  52  14  40  71  88  81  11   9  46  30  83  71  30  29 100  48  44
   41  32  97  78  72  65  26  37  72  27  57  42  79  73  49  22  35  70
   76  67  37  39  60   7  86  53  42  14   9  54  97  38   1  92  94  42
   18  58  96  45  78  79  91  59  35  80   5  72  90  40  53  16  69  44
   63  24  86  97  63  72  45  26  23  71  43  78  25  49  47  68  59  18
   26  19  95  95  82  19  44  57  33   7  24  13  30  22   5  57  54  26
   13  52  61  15   9  36  67  86  70  32  97  75  28  82   8 100  59   8
   76  90  42  40  86  54  32  80  81  46  30  27  14  58  46  37  82  96
    5  57  22  99   1  15  28   8   1  35  98  39  43  91   1  24  77]
 [  0  58  66  46  12  57  32  74  67  19  27   2  24  39  90  45  98  90
   24  16  81  16  92  96  96  95   1  49  44  32  94   5  77  49  91  84
   95  56  11  25   7  83  24  52  26  60  51  32  89  60  41  80  68  15
   65  42  36  96   1  85  17 100  32  71   4  66  61  45   4  79  70  64
   20  68  65 100  53  83  54  31  66  26  81  76   6  13  29  45   1  53
   31  65  86  29  52  58  71  35  73  25  71   7  31  19   8   9  33  78
   56  82  89  58  19  64  82  51  68  40  67  62  16  75  74  43  47  20
   44  11  39  99  62  62  61  76  63  45  84  15  19  35  53  88  61  21
  100  76  35   8  18  90  33  76  85  33  86  15  42  82  57  29  19]
 [  0 100  24  25  42  50  11  87  58  94  33  45  58  63  22  88  15  26
   74  22  48  40  28  95  78  18  69  81  84  92  29  20  21  18  88  32
   99  28  64  23  47  75  62  43  68  31  70  41  25  13  70  88  55   1
   41  28  80  87  46  46  53  13 100  78  49   3   2  60  63  78  55  32
   92  97  96  66  40  94  15  73  96  15   8  97  84  74  59  27  49   3
   32  64  70  40  82  86  53  25  73  60  49  27  70  27  26  62  20  14
   47  26   2  35  27  33  42  40  58  20  61  78  33  55  60  31  47  71
   86  82  52  70  46  33  86  99  90  93  47  19  17  35  83  90  47  34
    2   4  72  62  91  19  35  59  80  29  14  17  38  29  41  86  14]
 [  0  80  86  45   9   8  94  24  79  37  80   7   7  19  50  38  96  61
   21  13  59  47  17  47  68  77  11  54  65   4  92  17  65  60  89  13
   64 100  57  95   8   6  25  61  36  66  18  69  95  20  21  49 100   3
   10  77  68  65  81  92  40  48  51  71  91  43  85  81  10  15  10  42
   13  64  14   9   3  54  92  59  29  63  67  44  86  18  98   6  89   2
    3  50  25  84  51  15  64  64  56  81  34  34  30  40  91  63  71  99
   63  65  44  36  20  89  42  11  70  59  13  70  83  96  55   9  95  70
   83  97  17  56  22   2  89  68  62  77  55  69  22  30  17  56  84  41
   53  88  66  99  58  47  66  69  77  69  73  27  11  20  21  19  72]
 [  0  42  35  39  94  85  55  93  94  70  45  75  39  66  47  19  10  58
   12  87  98  27  26  68  37  31  40  64  57  67  25  65   5  45  77  13
   12  81  21  91  81  39  32  22  21  71  83  26  38  99  34   2  79  71
   53  94   2  20  66  29   3   2  78   6  96  98  93  31  56  32  48   1
   33   8  44  44  52  78  86  94  98  71  33  35  28  12  42  82   6  43
   29  84  87  23  66  80  71  60  36  85  96  37  82  87  71  34  79   7
   17  73  74  74  41  84  60  99  63  96  41 100  75  58  54  94  30  68
    4   7  73  12  61  67  12  34  51  89  60  78  71  12  60  85  40  82
   11  34  47  93  26  73  69  81  87  13  48  43  15  90  77  82  95]
 [  0  73  21  28  67  10  84  58  75  84  80  42  24  93  46  28  65  15
   62  14  56  93  88   8  27  73   5  66  30  69  23  95  58  82  49  58
   97  73  12  51  59  26  12   7  14  67  27   9  55  29  89   4 100  25
   91  45  41  24  70  22  27  39  60  48  16  40  67  87  62  94  43  86
    2  73  32  77  92  67  84  18   4  41  37  93  64  51  91  89  45  53
   39  17  87  80  10  96  22  35  93   9   3  68 100  11  65  46  84  20
   63  59  60  37  40  90  67  68  84  84  20  83  97  39   3  50  95  97
   54  71  79  55  80  57  73  37  48  27  68  46  80  23  56   3  99  63
    5  58  84  18  87  38   1  37  14  99  35  61  63  95  93  27  96]
 [  0   3  73  25  43  70  75   8  89  99  10  94  95  55  46  33  84  97
   14   3  68  48  59  81  10  48   1  74  13  76  58  56  52  53  44  73
   32   1  51  21  93  54  91  13  69  27  31  34  16  77  82  49  75  84
   66  48  62  72  59  97  12  23  84  61  28  99  44  45   1  90  58  41
   22   6  73  51  79   2  34  32  13  64  24  20  10  70  38 100  96  46
   89  29  99  41  93  89  60  53  58   3  72  98  43  60   2  54  16  91
   58  74  59  23  11  50   6   3  23  31  93  21  38  82  73  46  75  72
   83  84  89 100  74  23  85  74  28  56  30  86  46  39  32  12  61  96
   77  25   7  79  96  33  81  92  74  53  13  99 100  37  31  32  97]
 [  0  60  87  27  69  93  23  70  15  85  94   7  20  63  28  50  22  21
   87  96  72  34   4  47   1  86  62  92 100  60  21  11  13  73  12  48
   52  64  39   5  46  42  53  45  36  28  72  89  99   4  69   4   6  40
   47  83  36  33  48  14  82  95  11  48  72  36  94  43  88  46  31   5
   83  13  45  54  28  16  26   8  49  14  13  13  13  70  64  91  75  33
   32  24  53  36  75   3  30  47  29   9  66  36  78  94  51  32  13  15
   59  96  61  48  87  72   1  58  22  19  15  82 100  69  23  67  22  54
   96  70  71  45  31  55  69  26  51  46  42  19  56  98  57  25  55  45
   42  73  92  10  63  48  82   4  15  19  64  27  48  21  21  67  93]
 [  0  20  28  46  15  50  29  46   4  67 100  93  47  32  80  94  85  40
   65  47  59  10  73  45   9  27  13  13  69  89  19  59  94  28  35  97
   48   6   9  51  11  98  42  56  29  47  66  91  41  11  82  45  21  86
   19  71  75  82  50  26  67  19   4  21  71  65  35  62  62  96  67  21
   52  11  60  49  52  78  72  36  22  77  90  50  48  40  73  42   2  38
   24  39  37  59  74  96  18   3  96  76  58  88  22  98  73  21  15  53
   20  22  71  93  58  99  30  19  87  17  35  79  17  81  46  94  29  51
   89  78  75   8  28  10  16  26  63  33  47  62  28  90  76  50  15  82
   79  20  46  21  81  46   1  27  69  50  24  93  87   8  19  33  69]
 [  0  89  31  13  49  19  10  38  52  49  81  14  11  44  20  59  10  97
   31  42  88  90  52  16  41  37  26  43  78  68  24  38  43  60  27   1
   64  57  41  40  13  70   6  52  22  77  87  88  57  95  64  47  30  90
   59  33  76   3  24  23  39   9  12  39  21  51  70  46  49  92  25  41
   24  10  90   1  58  50  98  36   2  75  76  19  17  60  30  23  99  99
   23  35  84  50  33  65  63  62  49  58  18  22  43  96  82  78  96  88
   25   3  26  22  47  49  42  68  60  21  83  13  28  22  14  43  12  49
   21  76  30  67  54  47  61  83  59  27  39  36  45  82  77  29  10  40
   50  18  93  86  89  99   7  14  59  53  29  11  21  68  90  96  26]
 [  0  13  35 100  76  66  90  47  78  79   3  39  21  26  87  45  29  28
   25   2   6  18  39  86  87  35  50  25  77  61  74  36  36  29  76  44
    1  80  77  75  60  38  58   6  91   4  46  64  11  61   6   7  16  93
   19  81   5  45  88  13  55  86  47 100  88  30  10  59  63  72  34  95
   94  80  43  97  17  46  48  28  39  66  26  31  37  53  80  27  53   8
   88  82  71  44  52   5  47  21  28  67  80  79  85  89   9  36   8  19
   23  50  89  38  50  65  84  99  70  23  66  36  90  94  84  69  56  70
   92  95  51  50  52  74  53  82  52  41  77  24   4  53 100  34  56  30
   93  54  60  20  36  48  87  92  54  17  61  60  82  86   9  60  69]
 [  0  27  31  31  31  59  73  10  75  71  69  71  68  29  15  75  92  84
    3  18  87  69  39  13  69   1  25  11  75  53  95  45  86  68  77  55
   24  46  31  12  36  72  15  83  60  67  17  11  37  91  38   2  99  92
   83  55  49  98  20  48  35   6  74  55  14   2  31  27  30  17  98  97
   97  27  92   7  18  89  89  37  71  81  32  90  54  26   2  12   4  80
   97  81  46  52  51  94  62  17  82   3  55  42  75  56  65  58  53  69
   74   2  94  67  72  90  81  67  34  91  43  94  85  27  93  67  51   2
   28  18  65  69  33  83  36 100  18  22  78  38   9  98   3   5  37  58
   83  14  84  52  24  75  27  76  57  60  97  23  52  17  97  27  61]
 [  0  54  80  42   3  89  66  54  56  31  98  98  62  29  17  17  68  17
   21  88  59  68  27  65  41  68   2  11  46  65  50  96  20  74  38  83
   12  74  18  55  55  36  14  10  71  97  26  78  61  89  89  56  58  86
   14   8  43  28  77  25  86  44  79  24   3  29  79  36  95   6  93  92
    9  88  25  78  23  93  47  49  30  72  74  29  97  67  53  88  39  44
   90  28  71  12  56  94   1  78  43  70  92  28  52  94  79  42  48  87
   40  76  13  42  59  15   9  97  90  68   5  42  16  49  66  33  83  32
   75  23  24  82  22  93  97  97  10  81  20  57  45  17   4  97  16   4
   79  32  65  61  91  76  70  55  75  47  62  14  26  76  90  80  55]
 [  0  70  95  16  27  53  43  39  62  26  84  73  47  48  66  56  75  30
   78  15 100  72  77  13  22  47  84  88  20  18  21 100  23   5  19  71
   26  13  50  35  15  62  51  72  76  86  90   5  64  97   8  63  75  67
   89  29  84  19  38  29  21  96  47  45  95  61  91  95  16  35  93  73
   66  59  17  11  14  77  52  27   9  82  85  43   2  51  54  56  90   1
   60  91  19  55  40   6  19  23  81  75  43  95  81  47  95  98  69  89
   56  79  28  62  25  17  68  84  55  82  53  82   6  25  63  16  77  49
   48  27  69  36  64   5  55  12  17  76   6  87  11  12  29  26   1  12
   98  63  53  73   9  47  37  61  24  31  60  10  91  56  15  96  11]
 [  0  64  15  90  15  65  99 100  41  43  13  60  92  34  59   1  45  93
   59  50   9  39  59  37  46  29  60  33 100  57  58  60  14  26  60   6
   54  73   1  14  57  71  19  79  10  15  76  77  27  54  85  78  24  56
   67  52  85  12  48  85  59  83  91  61  13  33  88  48  67  71  35  10
   14  21  25  39  22  12  86   6  51  68  11  85  35  65   4  86  70  56
   78  87  55  50  25  85  74  19  35  43  63  23  42  92   2  68  33  95
   58  60  28  95  57  92  49  74  96  93  15  81  68  10  46  15  24  27
   51  84  31  57  90  86  21  87  70  80  45  49  94  67  47  62  68  68
   17  59  59  99  78  90   6  36 100  77 100  95  16  11  34   5  66]]
 setup_times
 [[[ 0 50 37 58 40 43 39 38 37 39 30 32 32]
  [ 0  0 55 37 47 33 49 39 45 54 39 41 46]
  [ 0 38  0 34 42 38 56 33 58 40 49 39 42]
  [ 0 56 55  0 42 39 57 43 46 56 40 30 44]
  [ 0 43 54 47  0 31 59 56 54 37 36 52 40]
  [ 0 40 59 56 43  0 58 47 48 30 32 51 44]
  [ 0 52 56 40 41 52  0 44 47 48 49 51 43]
  [ 0 45 38 42 48 47 57  0 45 57 59 51 46]
  [ 0 47 37 31 46 56 45 43  0 56 46 58 52]
  [ 0 42 43 38 54 53 58 48 42  0 46 39 57]
  [ 0 44 44 41 45 38 30 41 43 31  0 48 39]
  [ 0 42 34 58 48 37 41 45 42 37 49  0 33]
  [ 0 52 52 43 46 37 49 48 41 46 36 48  0]]

 [[ 0 41 45 48 54 46 52 44 50 32 30 31 52]
  [ 0  0 41 37 31 55 54 37 32 37 30 35 42]
  [ 0 58  0 33 40 33 45 40 33 35 54 36 48]
  [ 0 47 31  0 33 44 58 56 55 40 51 34 44]
  [ 0 45 30 42  0 46 49 37 52 48 49 48 49]
  [ 0 39 35 46 57  0 57 43 44 42 59 49 48]
  [ 0 32 57 52 34 52  0 49 36 51 42 50 57]
  [ 0 38 32 54 52 31 38  0 33 30 30 34 50]
  [ 0 41 41 57 33 44 36 46  0 54 52 45 57]
  [ 0 35 38 52 30 56 32 44 38  0 43 54 32]
  [ 0 31 40 39 52 40 48 56 38 58  0 43 43]
  [ 0 30 59 55 49 33 35 32 45 45 56  0 58]
  [ 0 36 47 45 31 53 51 44 41 57 41 49  0]]

 [[ 0 53 48 53 42 45 40 36 39 34 31 44 47]
  [ 0  0 44 40 58 49 41 51 40 35 48 44 32]
  [ 0 51  0 56 36 35 57 54 33 40 37 39 59]
  [ 0 33 44  0 36 41 41 59 47 58 51 50 56]
  [ 0 47 35 37  0 56 40 53 42 38 42 43 38]
  [ 0 33 33 46 58  0 39 46 54 45 47 43 50]
  [ 0 45 35 53 44 44  0 37 53 30 35 56 39]
  [ 0 55 33 33 48 59 33  0 44 56 37 56 30]
  [ 0 51 53 53 35 43 49 36  0 31 39 59 58]
  [ 0 46 47 42 39 46 52 41 52  0 37 49 47]
  [ 0 57 44 34 34 37 57 33 55 47  0 44 44]
  [ 0 49 43 34 41 56 53 44 54 48 44  0 49]
  [ 0 43 42 57 45 31 48 37 31 35 36 58  0]]

 [[ 0 48 47 30 57 47 50 44 53 53 34 43 37]
  [ 0  0 53 42 31 51 47 45 47 54 38 47 58]
  [ 0 42  0 51 41 43 43 41 45 52 56 50 37]
  [ 0 59 30  0 36 35 42 41 32 30 44 41 57]
  [ 0 37 43 52  0 49 41 34 54 42 38 34 37]
  [ 0 32 48 31 39  0 49 49 59 54 35 33 44]
  [ 0 48 56 44 39 48  0 45 30 31 44 53 59]
  [ 0 46 31 39 32 39 34  0 50 48 35 31 46]
  [ 0 51 32 39 59 30 33 46  0 34 47 48 51]
  [ 0 57 43 58 40 40 49 34 44  0 43 31 31]
  [ 0 50 59 59 44 53 46 38 56 32  0 39 46]
  [ 0 44 36 38 51 43 33 58 51 37 47  0 55]
  [ 0 41 47 43 55 34 39 30 44 56 38 32  0]]

 [[ 0 58 33 57 37 38 37 38 42 30 30 51 35]
  [ 0  0 42 33 47 56 34 46 32 32 40 48 46]
  [ 0 55  0 59 43 39 51 51 51 58 46 56 40]
  [ 0 47 49  0 37 42 34 41 57 52 58 39 44]
  [ 0 33 45 42  0 39 53 36 55 50 52 30 31]
  [ 0 57 46 31 37  0 58 47 51 51 51 33 44]
  [ 0 45 59 40 31 54  0 38 51 41 54 37 38]
  [ 0 54 51 54 32 36 52  0 30 47 43 55 48]
  [ 0 46 30 41 49 33 35 43  0 32 35 45 47]
  [ 0 33 35 43 34 41 50 49 36  0 55 57 41]
  [ 0 49 58 49 39 55 47 47 56 52  0 35 54]
  [ 0 56 49 50 50 36 40 34 54 51 32  0 54]
  [ 0 31 30 52 44 39 31 58 59 30 35 48  0]]

 [[ 0 35 55 58 34 44 57 55 35 30 47 44 31]
  [ 0  0 42 33 45 46 45 48 30 57 46 56 59]
  [ 0 43  0 56 41 48 57 43 53 46 35 32 40]
  [ 0 59 31  0 59 45 46 46 41 52 56 42 48]
  [ 0 51 49 30  0 30 54 55 39 51 44 43 37]
  [ 0 47 31 53 54  0 43 57 38 55 51 40 39]
  [ 0 46 37 58 41 56  0 58 44 55 31 52 42]
  [ 0 32 43 56 42 47 52  0 33 59 53 42 30]
  [ 0 33 32 39 40 46 51 49  0 50 38 42 56]
  [ 0 35 40 37 33 54 40 45 31  0 55 36 33]
  [ 0 48 39 47 50 59 36 40 57 35  0 54 30]
  [ 0 34 40 34 45 58 52 33 34 54 40  0 46]
  [ 0 53 34 40 45 40 45 31 56 43 45 39  0]]

 [[ 0 52 39 59 54 51 37 55 38 56 57 43 46]
  [ 0  0 33 40 57 35 45 37 34 49 42 43 58]
  [ 0 45  0 32 38 55 38 41 59 37 55 37 42]
  [ 0 36 48  0 50 43 57 44 52 50 50 55 59]
  [ 0 30 48 56  0 36 31 36 50 45 48 48 40]
  [ 0 55 54 34 58  0 34 47 45 49 36 41 33]
  [ 0 40 35 56 31 39  0 49 52 45 33 37 43]
  [ 0 52 39 50 40 48 50  0 37 44 40 30 51]
  [ 0 58 44 39 39 43 58 48  0 32 35 30 46]
  [ 0 49 32 43 44 46 46 49 49  0 59 31 58]
  [ 0 52 42 51 58 32 45 39 44 59  0 46 32]
  [ 0 53 41 56 34 42 34 49 51 42 49  0 32]
  [ 0 45 54 49 45 45 57 41 41 58 45 54  0]]

 [[ 0 46 51 33 54 45 41 32 54 32 55 51 45]
  [ 0  0 51 59 31 47 44 31 58 45 32 33 43]
  [ 0 35  0 33 34 35 37 39 53 41 48 50 49]
  [ 0 55 51  0 33 30 41 43 54 49 53 30 32]
  [ 0 47 32 46  0 39 51 53 51 33 56 45 36]
  [ 0 30 48 43 55  0 34 54 45 42 31 43 32]
  [ 0 59 38 51 48 54  0 56 33 56 48 48 50]
  [ 0 43 59 54 58 38 43  0 52 59 54 33 53]
  [ 0 33 31 49 45 53 37 54  0 31 59 52 39]
  [ 0 37 58 58 50 43 42 32 40  0 37 53 58]
  [ 0 44 52 44 44 57 58 46 48 54  0 58 42]
  [ 0 54 42 40 38 38 35 36 56 32 31  0 55]
  [ 0 52 57 45 46 59 47 57 51 41 56 31  0]]

 [[ 0 55 57 33 39 49 44 49 34 50 30 46 37]
  [ 0  0 41 30 36 31 38 38 31 39 34 43 49]
  [ 0 43  0 32 50 30 54 31 43 35 38 40 35]
  [ 0 51 32  0 35 31 56 32 43 39 41 51 57]
  [ 0 39 31 36  0 42 36 53 52 33 52 32 41]
  [ 0 42 40 53 49  0 45 46 48 38 31 58 48]
  [ 0 41 42 36 52 30  0 53 41 56 39 40 42]
  [ 0 36 42 46 48 52 35  0 55 51 31 38 55]
  [ 0 36 42 59 53 36 51 31  0 30 31 44 54]
  [ 0 54 35 30 37 33 33 55 39  0 50 55 57]
  [ 0 41 57 55 37 56 43 30 39 34  0 39 55]
  [ 0 31 52 53 57 51 59 40 39 31 57  0 33]
  [ 0 31 40 35 52 32 54 49 40 44 55 30  0]]

 [[ 0 35 30 41 48 57 39 58 58 57 39 53 38]
  [ 0  0 43 50 47 39 39 46 42 34 50 50 52]
  [ 0 45  0 35 32 47 38 31 43 47 42 32 34]
  [ 0 38 48  0 46 38 42 59 45 37 59 36 32]
  [ 0 55 59 41  0 51 42 44 49 41 59 49 37]
  [ 0 35 33 48 45  0 48 52 38 51 32 48 35]
  [ 0 40 50 49 51 51  0 59 53 51 48 30 43]
  [ 0 50 34 57 52 30 34  0 41 58 34 38 35]
  [ 0 59 53 39 53 39 58 59  0 31 45 47 57]
  [ 0 44 37 34 59 48 41 31 31  0 51 44 44]
  [ 0 38 32 31 33 47 41 30 52 58  0 34 43]
  [ 0 46 31 48 34 32 34 37 47 37 39  0 40]
  [ 0 49 34 43 55 56 52 40 40 40 36 55  0]]

 [[ 0 32 35 36 39 53 42 34 41 40 31 42 31]
  [ 0  0 44 36 58 44 55 48 50 31 34 52 37]
  [ 0 34  0 37 36 53 30 56 51 49 57 35 51]
  [ 0 36 58  0 33 37 31 35 55 44 34 36 51]
  [ 0 49 38 38  0 47 49 52 32 58 49 31 56]
  [ 0 35 33 56 40  0 53 46 32 39 58 41 49]
  [ 0 43 42 56 49 56  0 33 59 35 50 32 41]
  [ 0 59 51 52 37 55 51  0 58 40 51 52 47]
  [ 0 49 45 50 46 56 54 59  0 59 51 53 36]
  [ 0 54 34 41 46 31 32 30 42  0 51 47 54]
  [ 0 30 40 31 38 32 59 59 59 46  0 52 33]
  [ 0 58 35 39 39 31 33 36 57 33 41  0 37]
  [ 0 50 52 50 41 37 50 54 48 50 35 45  0]]

 [[ 0 41 48 36 35 39 36 39 47 46 44 58 37]
  [ 0  0 39 59 58 35 49 53 34 43 52 56 52]
  [ 0 37  0 30 56 56 46 31 44 52 48 44 58]
  [ 0 42 54  0 43 50 55 43 38 44 53 54 44]
  [ 0 57 55 41  0 52 47 53 48 44 43 44 48]
  [ 0 54 44 42 41  0 30 33 37 40 50 49 53]
  [ 0 59 30 51 36 39  0 40 40 30 49 32 57]
  [ 0 33 56 34 50 41 38  0 42 44 50 46 47]
  [ 0 37 34 36 43 35 40 34  0 46 55 48 48]
  [ 0 37 54 32 48 51 55 49 45  0 33 48 39]
  [ 0 53 41 31 41 51 37 54 42 33  0 53 32]
  [ 0 31 53 53 57 36 45 55 32 55 51  0 50]
  [ 0 43 42 42 50 34 50 43 47 46 43 46  0]]

 [[ 0 54 46 57 54 46 54 49 34 43 54 58 37]
  [ 0  0 59 31 53 54 31 58 37 59 35 50 40]
  [ 0 48  0 49 41 33 46 55 48 58 31 59 41]
  [ 0 51 58  0 38 32 30 57 46 40 30 52 30]
  [ 0 47 53 30  0 36 58 55 54 49 58 43 45]
  [ 0 57 50 48 53  0 51 45 53 43 48 33 38]
  [ 0 36 33 38 44 33  0 58 30 33 34 34 43]
  [ 0 45 46 57 33 49 41  0 34 59 59 30 46]
  [ 0 48 46 30 30 37 31 38  0 54 59 31 56]
  [ 0 54 54 34 54 32 33 52 34  0 33 47 47]
  [ 0 40 38 47 42 54 49 41 43 59  0 45 53]
  [ 0 54 44 33 55 30 30 37 31 31 59  0 37]
  [ 0 38 34 37 58 53 44 47 57 54 45 52  0]]

 [[ 0 35 36 30 43 42 50 45 47 30 42 40 50]
  [ 0  0 41 35 53 58 55 45 32 44 43 38 59]
  [ 0 43  0 39 51 54 33 38 38 52 45 44 54]
  [ 0 34 37  0 47 59 46 32 39 47 58 52 59]
  [ 0 40 55 49  0 32 50 47 31 53 42 33 50]
  [ 0 49 47 41 34  0 45 45 56 54 58 37 59]
  [ 0 44 39 53 49 54  0 46 32 49 31 48 45]
  [ 0 39 55 43 54 52 47  0 33 59 48 40 34]
  [ 0 56 30 43 32 49 56 57  0 37 39 42 51]
  [ 0 54 36 53 45 45 46 38 59  0 32 54 49]
  [ 0 33 49 33 45 51 51 53 30 45  0 46 40]
  [ 0 32 41 58 32 47 59 30 40 45 36  0 49]
  [ 0 52 47 50 37 36 54 30 45 41 56 38  0]]

 [[ 0 57 50 50 52 32 30 32 59 44 49 50 53]
  [ 0  0 34 56 33 35 32 51 33 56 32 35 39]
  [ 0 33  0 50 38 56 34 30 30 41 37 49 35]
  [ 0 35 55  0 35 40 45 31 43 58 55 45 35]
  [ 0 34 56 45  0 44 46 38 35 46 36 36 52]
  [ 0 43 53 47 37  0 59 47 40 41 46 44 54]
  [ 0 59 51 57 44 46  0 49 38 38 56 42 58]
  [ 0 59 32 42 35 52 33  0 43 55 45 38 47]
  [ 0 59 41 47 48 56 33 50  0 34 47 35 42]
  [ 0 50 51 45 40 51 40 35 43  0 39 44 32]
  [ 0 46 51 36 48 42 56 48 47 31  0 49 48]
  [ 0 57 33 48 38 42 33 54 44 43 31  0 33]
  [ 0 31 41 47 36 52 56 49 55 34 55 50  0]]

 [[ 0 32 59 40 40 46 31 41 37 38 38 52 39]
  [ 0  0 46 48 47 57 49 53 57 35 39 48 34]
  [ 0 55  0 31 43 48 35 46 57 42 44 32 51]
  [ 0 30 41  0 39 52 49 49 39 38 54 39 57]
  [ 0 46 35 55  0 30 56 56 35 44 36 32 49]
  [ 0 58 39 47 41  0 32 38 47 46 51 52 49]
  [ 0 47 32 46 32 38  0 53 33 58 58 53 39]
  [ 0 57 42 53 56 37 45  0 45 59 38 47 49]
  [ 0 44 33 30 57 56 57 36  0 36 56 44 53]
  [ 0 53 57 46 55 46 52 44 50  0 41 51 55]
  [ 0 50 48 54 52 36 38 58 50 52  0 36 57]
  [ 0 33 45 36 59 54 30 52 36 35 53  0 47]
  [ 0 54 58 58 45 37 46 44 35 59 41 37  0]]

 [[ 0 30 41 55 37 43 54 58 47 48 47 41 51]
  [ 0  0 35 34 59 48 33 52 53 52 56 57 45]
  [ 0 30  0 53 33 50 56 55 30 32 54 39 37]
  [ 0 47 50  0 34 59 30 47 44 49 52 50 43]
  [ 0 30 53 36  0 36 46 47 31 57 40 33 54]
  [ 0 41 44 30 50  0 39 56 31 51 44 45 54]
  [ 0 49 49 46 48 51  0 41 37 34 58 44 54]
  [ 0 35 38 52 36 59 43  0 50 37 58 41 58]
  [ 0 35 57 57 58 37 32 47  0 41 43 35 59]
  [ 0 43 33 57 53 50 51 47 39  0 57 58 34]
  [ 0 47 46 59 36 59 31 46 54 39  0 57 59]
  [ 0 42 32 46 52 52 33 38 46 33 54  0 42]
  [ 0 34 53 41 59 52 58 33 53 58 31 48  0]]

 [[ 0 46 45 55 54 42 32 54 32 42 32 56 30]
  [ 0  0 40 56 58 53 35 38 59 40 44 54 46]
  [ 0 35  0 30 44 54 55 57 48 37 45 51 57]
  [ 0 59 56  0 50 35 32 31 52 47 30 57 47]
  [ 0 52 48 52  0 44 55 46 30 56 43 38 40]
  [ 0 58 36 44 40  0 35 44 44 31 39 38 34]
  [ 0 36 53 55 59 48  0 46 44 36 58 48 47]
  [ 0 56 45 36 50 59 30  0 56 38 47 59 55]
  [ 0 41 30 49 52 31 46 34  0 59 57 31 57]
  [ 0 45 49 46 32 59 45 49 31  0 56 44 32]
  [ 0 32 47 39 31 51 34 57 56 39  0 43 43]
  [ 0 37 54 41 53 36 41 47 30 42 36  0 50]
  [ 0 59 51 31 59 37 30 41 40 46 59 51  0]]

 [[ 0 39 53 36 41 56 46 36 45 43 33 46 57]
  [ 0  0 34 47 49 35 30 43 51 48 58 48 30]
  [ 0 42  0 45 45 32 57 33 35 43 57 42 54]
  [ 0 58 33  0 54 31 38 54 52 51 51 44 39]
  [ 0 34 43 56  0 51 40 36 46 49 36 53 36]
  [ 0 38 49 54 39  0 30 39 41 30 57 35 50]
  [ 0 56 50 56 38 39  0 53 37 37 44 30 56]
  [ 0 59 40 54 44 33 56  0 41 44 33 36 33]
  [ 0 48 39 59 53 55 44 33  0 31 57 33 47]
  [ 0 45 31 35 39 32 47 35 45  0 47 51 54]
  [ 0 45 58 30 54 50 53 50 44 42  0 49 47]
  [ 0 53 41 41 46 32 49 56 47 57 56  0 54]
  [ 0 57 52 56 32 36 42 44 52 35 31 55  0]]

 [[ 0 42 42 40 41 50 41 34 39 35 41 34 34]
  [ 0  0 51 36 51 45 35 41 45 40 32 41 48]
  [ 0 54  0 38 40 49 35 53 31 36 55 34 41]
  [ 0 55 41  0 54 51 45 49 36 52 41 46 35]
  [ 0 32 35 36  0 50 30 53 53 53 31 58 50]
  [ 0 31 52 37 49  0 50 43 31 30 45 56 56]
  [ 0 41 51 48 52 38  0 30 53 35 52 49 47]
  [ 0 48 46 31 50 50 33  0 45 53 53 36 32]
  [ 0 57 32 53 48 33 37 50  0 59 38 33 36]
  [ 0 52 47 51 34 32 44 30 34  0 37 45 35]
  [ 0 59 43 57 44 37 31 53 37 54  0 48 36]
  [ 0 32 33 40 48 42 30 47 42 37 46  0 36]
  [ 0 31 48 30 44 31 53 44 39 53 36 44  0]]]
 delivery_times
 [[ 0 26 24  1  5 15  5  9 23  5  6 20 13 22 21 20 28 24  1 24 12 12 17  9
   8  3 10 16 15  1 15 19  2  3 10 16  9 22 28  9 16 14 11 14 23 16 23  8
  24 20  8 27 28 24  1 14 18 10 15 25 12 20 17 17 19  8  3 23 12 21 11 13
  15  7 19  6 11 28  1  6 24  3 21 23  9 19 18 14 16 22 16 28  3  7 13 14
  28 17  5 24 27  7 23 17 27  9  9 10  2  2  7  4 26  1 16  3 18 16 24 17
  24 28 14 14 11 11 29 28 14 10 28  9  6 15 27  5  3  8 23 23 26 24  7 22
   5 19  6 28 26 14 20 18  9 20 25 12 14  2 17 22 21]
 [ 0  3 20 29  2  8 18 22 12  8  5  3 26  6 23  7  6  7 23  6 26 23 24  5
   2  1 14 22 27 21  7  2 13  1  2 28 23  8 28 20 18 23  2  7  1 11 24  2
   4 23 12 23 25 29 16  6 20  1 27  4 10 18 28 11 20 22 19 13 24  2  7  2
   9 23 28  2 15 18 25 28  6 21 24  6  7 17  8  6 12 14  2  7  9 23 13  9
  22  3 22 18  4 25  3  8  3 14 20 27 22  1  2 24  8 19 27 24 17 13 20 26
  15 29 15 16 27 16  1 21 13 12 28  7 10  9 16 10 15 26 27 11  8 12 15 12
  26  5 12  1  5  8  9 26  4 25  6 13 28  5 12  9 12]
 [ 0  2  9 14 17 23  9  6 11 11 20 24 28 10  1 13  6  1 15 10  8 21 20 21
  19 19 25 20 12 26  6  6 21 26 27 25 18 13  1 15  3 21 21 25  9  2 17 12
  15  8 28  5 28 26 14 12 27 10  6  9  3  2 19  3  6 27 19  8 22  3 14 21
   1 25  1 12  3 28 13 19  5 22 22  6  1 14  8 25 13 13 13 13 17 23 19 16
  20 26 20 25 21 12 25 18 21 17 14 24  9 26 22 18  9  6 17  7 18 19 21 11
  25  8 23 18 23  5 23  5  4  6  8 28 12  6  7  6 14  1  2 10 14  3 21 20
  15 29  3  5  5  4 28 11 16 29 17 10 12 19 26 10 25]
 [ 0  4 23 15  3 11 21 27  4  5  4 10 17 12 12 20 14 23  9 18 28 21  5  9
  20  2 28  9  8 14 20  6  9 17  6  5  5 29  7  9  5 20 26  7  6  6 23 29
  25  2 23 17 11 28 25  7  5 26 20  9  1 24 26  1 26 24  4  4  8  2 22 18
   3 14  8 19 23 16 18 20 12 18  6 29 28 10 12  7 27 13 12  3  1 25 21  3
  15 29  2 16  5 26  6  8 11  4  7  7 19 23  3 10 15 22 18 26 18 20 21  3
  11 27 16 13  8 19 11  3 18 28 22  1 20 28 25 18 19 26 13 23 16 21 23 27
  17 19 21  7 28 11 21  7 16 26  3 22 26 26 21 29 17]
 [ 0 23 16 20  9 21 11 18 15  6 26  2 19  6 16 13  2 15 14 20 28 29  8  8
  29 22 20 11 18 18 10 21  9 20 13  4 25  8 26 16 24 25 19 18  2 23 16 24
   2 27 29 28 22 10 26 26  2  7  9  4 29 13 29 16  5 22 26  9 21 16 28 29
   8 19 25 13 28 22 28 28 27 14 22 13 12 24  3 25 18 19 15  5  4 14 14 24
  22 11  9  9 20  3 18  4 14  4 25 25  7  7 29 16  9 11  8  9 10 24  2  2
   1 16 24  9 17 11  9  4 21 21 16 11  4  4  7 11  4  9 21  1  3 16  7  7
   6  7 21  9  6 11 29  2 21  3 15 11 14 14 26 28 13]
 [ 0 18 28 20 16 14  1 21  2 24  7 14 15 29  5 15 11 26 22  8  3  6 10 11
   9  1  3  5 21 21 13  5  6 12 20  5 24 25 12 29  2  7 14 17 26  2  7 10
   1 21  7  3 27 19 29 24 29 19 15 12  5  4 10  4 22 21  5  8 24  3 16 26
  12 16 17 21 21 19 21  3 11 10 15 26 17 24 27  6 17 13 17  8 13 21 17  6
  25  1 24  2  4 24 21 22 23 21 22 14 18 27 22 15 16 26 24 10 10 28 11 10
   6 27 14 10 29 12 12 29 12 28 26 14 18 15 18 27 25 21 24 20 13  3 28 25
   1 16 12  1 14 26  1  6 16  1 19  1 21  4 27 21 15]
 [ 0  8 10 24 28 12  6  5 28 23  5 24 27 14  4  5 22 11 18 19 15 25 27 16
   9 21 21 13  2 11 27 20 19 12  7 21  7 14 25  7 13 22 25  5  2 15 13 15
  18  7 18 16 11 28 15 11  6 26 14 28 22 20 11 20  6  4 19 12  4  4  8 16
   9 21 18  8 28  1 10 23 23 13  1 25  8 21 16  9 10 15  8 16 14 12 18 15
  29 11 20 27 18 13 19  5 16  6 18 28 11  1 26 27 16 22  8  6 16  9  1  1
   1 27 22 18 10  2 16  5 18 20 18 28 19 29 12 22  4 25  2 22 27  2  5 22
  28  7  9 11 16  3 15  8 22  4 21  8 13 19  3 21  5]
 [ 0  1 19  8 24 11  7  1  5  7 27  4 11  3  1 18 20 19  6  2 21 28  4 28
  20  5 15 22 11  5 12 18  8  3 28 16 16  6 10 14  6 17 20 16 11 19 14  6
  15  2 28  3 24  4 18 29 23 11  5 10 25 17 15 14 28  3  8  7 13 15 11 22
  12 22 13  7 19  2 19  9 17 26 25  4 16  5 14  5 13 22 22  6  5  8 12 15
  21 12  9 19  8 19 22 21  9 21 11  5 14 22 22 25 23  3 29 28 20 12 18 29
   3  9  2 27 27 29 15 16 10 22  1 14 22  7 11  2 21 22 19 25  2 13 12  2
  12  6  8 19 25 21 15 10 24  8 28 10  5 12  3  9  7]
 [ 0 19 18 12 24 28  2 17 27 17 12  5 25 15 22 25 29 22 25 25  7 28 13 17
  21  2 19  7 22 27  5  4 11  5 23 12 25  7 22  9 15 24 17 17 29  9 25 12
  29  3 12  2 23  9 27  2  8 24 27 14 20 24 16  5 23 20 26 22 25 13 19 15
  12  5  1 28 18  2  3  7  2 28  5 17 16 24 17 29 28 26  4  6  2 14  3 15
  13 10  2  4 20 15 27 19 25 21 19 20 17 17 10  8  6 23  1  2 23 21  8 10
   7  7  3  2 12 26 14  8 21 27 19  3 21 10 24 13 21 17  9 25  2 20  9 12
  24 18 21  9 21 19 27 24 19 29  2 15  2 28 11 17 15]
 [ 0 25 11  7 11  5 28  7 27 20 23 18  3 10 13  9  1 18 20 29 10 23 24 16
   1  2  4  7  1 20 18  5 18 15 10 22 18 13  1 14 18  2 29 20  7 26 23 14
  21 14 11 11  3 21 11 14  5 26 13  5 25 18 26 27  4  6  4  1 10 13 18  1
   7 23 14  6 18  2 24 20  3 27  6  5 22 13  3  2 27 18 14  9 13 13  5  7
   5  3  7 18 19 18 23 21 12  6  7 29 13 22 14  8  3 15 25  1  4 25 29  9
   5 11 20 13 20 16 16  9  7 22 14 29 26  5 20 29  4  4 29  1 14 15 15  1
   3 24 28  8 25 14  4 10  1 19 10  7  4  2 14 10  3]
 [ 0 22 19  4  9 16 25 25 20 28 17 17 16  9 20 16  2  2 22  4  5 21 17  2
   3  9 27 14 20  2 29 21 28 25 25  8 16  2  3 18 19  5 15  2  4 12 20  1
  12  6  5  2  5 11 14 23  5 14 10  3 19  6 22 19 17 13 16 16  2 18 21  9
  23 21 26 18 18 11 10 18 15  1 15  8  2 29  5 20 29 19 19 29 12 21 10  4
   4 14  8 22 11 12  9 25  6  7 14  1 15 13 28  6 28 10 10  6 12  3 19  8
   5 27 11 19  2 24  1  1 26  9  8 28 21  3 24 19  2 28 10 15 14 16  1  8
  20  6 26  7 11 16 15 29 11 28  6 24 23 16 28 16 11]
 [ 0  5 11 15 19  2  9 17 19  6 13 10 10  3 29 18 22 17 17  8 14 26 21 22
   7 29 11 25 29  9  7 21 17 17  1 11  1  4 17  1 11 15 25  7 22  1  1  9
  21 21 23  1 18 29 28 19  8 15  4 21 26 24 22 11 24 22  1 12 23 24 25 10
   4  7 13  8 17 26 25 22 18 15  3 29 25 22  7 14 21 24  6  8 29 23  1 28
   8  5  7 14 28 29 18 23 24  6  5  6 22 26 27 28 20 18 17 10 11 17 10  8
   6  9 25 17 23 21 14 21 13  8 17 20 14 23 14 26  4  5 25  8  6 20  5  6
  14 12 20 25 10 25 22 15 25 22 12 11 11  1 15 26 14]
 [ 0 28 28 25 25  7 24  1  1 23  8 21 13 15 16 19 23  2 11 25 23 29 19 17
  27 26  4 13 28  3 18  7 11 28 15 23 29  1 21  1  3  1 28  5 12 10 18 16
  18 27  9 24  6 12 15 14 18  9 11 17 28 26  6  8  9  3  1 24 10 28 19 11
   7 19 23  7 19 12 29 19 27 11 21 19 20 21 13 11 18 15 21  2  5 27 17  4
  25 25  8  6 20 13  8  9 11 21 15 10 28 20  3 24 25 29 17  1 10  4 20  5
  12 27  9 11  1  6 29 21 23 16  1 27  3 11  2 16 17 27 24  6 10  4 23 18
  13 21 10 18 26 26 20 24 16 10  6 27 11 27  7 27 14]
 [ 0  7  4 14  4 28  8 17  1 10  4 23 17 13 19 22 18 29  8 14  2 11  3 27
  13  2 26 21 26 19 11 24 28 16 21  4 21 20 18 23 21 29  9  8 28  7 17  1
  29 12 17 27 22 15 15 18  4  7 29  4 29 17  3 19 28  2  2 24  3 17 18 11
   6 22 10 23  8  9 26  3 12  4 27  7 14 28 23  3 21  9 21 22 16 24 29 13
  18 19  2  2 13 11 13 23 22  6 11 27 25 29 20 12 15  5  9 18 19 13 21  3
  29 14 18 24 27 23  5 14  7  6 16 28 19  2  4  2 28 12 10  6 11  8  6  5
  12 16 19 16  6  6  4 21 12  1 27 26 27 17 15 13 10]
 [ 0 10  3  3  3 15 24  6 15 14  4 15  8  1 26 29 18 29  2 10  2 13  7  4
  18 17  8  5 29  2 20 11  9 20 27 22  7  8 29  3 11 15  8  4 21 19 14 20
  27 29  3 29 25  4 10 12 12 16  4  9 13 25 15 28 27  4 23  8 21 28  8 12
   9  9  1 23 24 13 15  2 12 22  3 23 11 27  5 13  9  4 28 16  7 22 28  3
   8 10 26 25 22 14  2 27 17  6 29 13 13  8  5  5 20  2 15 27 29 23 29 23
  13  7 12 26 23 18  5  6 23 19 28 20  7 23 23 10  4 13 21 26 27 13 29 26
   7  7  8 23  9 11 14 18  2 19  2 25 16  8  7 18 29]
 [ 0 23 20 14 14  6  7 25 13 29  9 14 15  9 24 27  8  3 26 11  2  2  3 14
  21 18 25  1  8  8  1  2 19 14 11  3 29 12  1 27 17 18  2 23 27 13 16 17
   1  2 17 15 17 14 22  3 14 22 28 15 11 24 12  8 14 22 15 19  4  5 29  6
  27 10  8 20  7 26 20  1 24 19 14  3  4 15 17 22  4 11 11 16 11 10 14 18
  16  3  6 13 24  4  9 11 15 25 16  1  4 21 13 27 26 22 14  5  7 10  8  2
  12 22 12  5  5  5  1 19 24 14  3 18  4 23 11 18 14 22  3 29 22 27 10 12
  12 12 16 16 10 12 17 19 25 23 21 29  7 21 27 23  2]
 [ 0 18 20 19 16 29 21  2 24 16 24 25  1 20 10  4 25  6 20  4 17 15 12 14
   8 29 12 17  8  6 25 14 27 15 11  2 24 17  9  1  4 19 11 18 14 23 26 17
  23 28 23 22 27  3 11  9 21 22 17 28 26  1 21 25  7  8 17  5 24 15  4 18
  29 11  9 19 12 16  7  8  6  7 20  2 22 13  8 26  1 18 11 19 10 28 24 20
  19 24 24 28 11  9  1 22  7 24 24 10  1 12 21 17  5  2 26 20 22 21  7  3
  12 29  5 13  7  3  6 28  2 10 14 10 25 24  6 26 21 15 27  8 22 24  6 13
   6 18 23  5 12 25 21 10  7  6 11  4 14  9 13 19 22]
 [ 0 14  4  9 17  7  6 25  7 10  1 29  6  9 11 24 15 24  7 24  4 29 15 11
  28 17 12  6 11 16  7 13 23  7 21 28 17  5 24 22 28  2 22  8  6  7 29 10
   2  7 22  9 21 24 15 23  5 14  7 19 11 10 22 25 29 18 15  1  5 12 22 19
  18  1  5 28 14 23 25 25 17 17 28 29 20  2 21 18 23  3 10 19  2  1 24 19
  19 27 14 11 10  8 18 26 11  6  9  5 21 18 22 19  5 11  7  7  3  8 23  7
  23 11 14 25 13  6  4 13 19  3 24 26  8 16  7  5 11  2 21 23 20 23  3 23
   3 18 27 17 27 28 22 25 12 10 21 29 18  5  1 23  3]
 [ 0 26 11  4 20  3 15  6  8  6 17 24 12 19 13 29  2  2 21  8 17 16 27  8
  23 25  1 17 18 15 20 16  8 15 13 27 19 12 12 19 25 17 22  3  1 19  2 22
  10 29 18 22  1  2 28 10  4 16  5  3 21 22  8  1  4  2 12 26  5 16 22 25
   1 13 19 17 15 16 11 25  9 22  6  7  3 21 16  3  9  3 10 20 27 24 22 21
  25  1  7  8 10 15 15  4  6 29 24  5 23  8 24 15 10 21  4 11  8  4 27 18
   6 18  6  8 29 19  2 22 19 18  4 10  8  2 22 15 22 20 16  8  2  1 28 11
   9 16 24 11 28 26  5 13 27 11  8 14  9 21 29 15 15]
 [ 0 26 29 29 28 14  1 20 23  7 12  2 19 28 18 13 16 22 11  3  3 18 29  3
  16 23 28 25 18 22 10  6  9 12 16 22 27  1  8 19  3  1 18 25 25 27 24 28
  16 17 28  1 29 28 21 16 23 13 13 18  1  8  7  9  5 18  8  1  4 12 11 12
  14 14 19 29 17  3 24  5  2  8 25 14 13 13 11 12  2 18  4 18 23 25 25 11
  11 17 16 15 15 26 26 14 21 17 27 12  6  8 12 23  6 26 14 19 16  5 10 29
   4 17 23  1 17  7  2 22 26  9  3 19 16  3 24  6 22 23  2  3 10  6  5  1
  22 23 14 10  8 14 21 17 22 13 14 13 11 23 18 18 15]]
 job2fam
 [[1 0 0 0 0 0 0 0 0 0 0 0 0 0 0 0 0 0 0 0 0 0 0 0 0 0 0 0 0 0 0 0 0 0 0 0
  0 0 0 0 0 0 0 0 0 0 0 0 0 0 0 0 0 0 0 0 0 0 0 0 0 0 0 0 0 0 0 0 0 0 0 0
  0 0 0 0 0 0 0 0 0 0 0 0 0 0 0 0 0 0 0 0 0 0 0 0 0 0 0 0 0 0 0 0 0 0 0 0
  0 0 0 0 0 0 0 0 0 0 0 0 0 0 0 0 0 0 0 0 0 0 0 0 0 0 0 0 0 0 0 0 0 0 0 0
  0 0 0 0 0 0 0 0 0 0 0 0 0 0 0 0 0]
 [0 0 0 0 0 0 0 0 0 0 0 0 0 0 0 0 0 0 0 0 0 0 0 0 0 0 0 0 0 0 0 0 0 0 0 0
  1 0 0 0 0 0 0 0 0 0 0 0 0 0 0 1 0 0 1 0 0 0 0 0 1 1 0 0 0 0 0 0 0 1 0 0
  0 0 0 0 0 1 0 0 0 0 0 0 0 0 0 1 0 0 0 0 0 0 0 0 0 0 0 0 0 0 0 0 0 0 1 0
  0 0 0 0 0 0 0 0 0 0 0 0 0 0 0 1 0 0 0 0 0 0 0 1 0 0 1 0 0 0 0 0 0 0 0 0
  0 0 0 0 0 0 0 0 0 0 0 0 0 0 0 0 0]
 [0 0 0 1 1 1 0 0 0 0 1 0 0 0 1 0 0 0 0 0 0 0 0 0 0 0 0 0 0 0 0 0 0 0 0 0
  0 0 0 0 0 0 0 0 0 0 0 0 0 0 0 0 0 0 0 0 1 0 0 0 0 0 0 1 0 0 0 0 0 0 0 0
  0 1 0 0 0 0 0 0 0 0 0 0 0 0 0 0 0 0 0 0 0 0 0 0 0 0 0 0 1 0 0 0 0 0 0 0
  0 0 0 0 0 0 0 0 0 1 0 0 1 0 0 0 0 0 0 0 0 0 0 0 0 0 0 0 0 0 0 0 0 0 0 0
  0 0 0 0 0 0 0 0 0 0 1 0 0 0 0 0 0]
 [0 0 0 0 0 0 0 0 0 0 0 0 0 0 0 0 0 0 1 0 0 0 0 0 0 0 1 0 0 0 1 0 0 0 0 0
  0 0 0 0 0 0 0 0 0 0 0 0 0 0 0 0 0 0 0 0 0 0 0 0 0 0 0 0 1 0 0 1 0 0 0 0
  0 0 1 1 0 0 0 0 0 0 0 0 0 0 1 0 0 0 0 0 0 0 0 0 0 0 0 0 0 0 0 1 0 0 0 0
  0 1 0 0 0 0 0 0 0 0 0 0 0 0 1 0 0 0 0 0 0 0 1 0 0 0 0 0 0 0 0 0 0 0 0 0
  0 0 0 0 0 0 1 0 0 0 0 0 0 0 0 0 0]
 [0 0 1 0 0 0 0 0 0 0 0 0 0 0 0 1 0 0 0 0 0 0 0 0 0 0 0 0 0 0 0 0 0 0 0 1
  0 0 1 0 0 1 0 0 0 0 0 0 0 1 1 0 0 0 0 0 0 0 0 0 0 0 0 0 0 0 0 0 0 0 0 0
  0 0 0 0 0 0 0 0 0 0 0 0 0 0 0 0 0 0 0 1 0 0 0 1 0 0 1 0 0 0 0 0 0 1 0 0
  1 0 1 0 0 0 0 0 0 0 1 1 0 0 0 0 0 1 0 0 0 0 0 0 0 0 0 0 0 0 0 0 0 0 0 0
  0 0 1 0 0 0 0 0 0 0 0 0 0 0 0 0 0]
 [0 0 0 0 0 0 1 0 0 0 0 1 0 0 0 0 0 0 0 0 0 1 0 0 0 0 0 0 0 0 0 0 0 0 0 0
  0 0 0 0 0 0 0 0 0 0 0 1 0 0 0 0 1 0 0 0 0 0 0 0 0 0 0 0 0 1 0 0 0 0 0 0
  0 0 0 0 0 0 0 0 1 0 0 0 0 0 0 0 1 0 0 0 0 0 0 0 0 0 0 0 0 0 0 0 0 0 0 0
  0 0 0 1 0 0 1 0 0 0 0 0 0 0 0 0 0 0 0 1 0 0 0 0 0 1 0 0 0 0 0 0 0 0 0 0
  0 0 0 0 0 0 0 0 0 0 0 0 0 0 0 0 0]
 [0 1 0 0 0 0 0 0 0 0 0 0 0 0 0 0 1 1 0 0 0 0 0 0 0 0 0 0 0 0 0 1 0 0 0 0
  0 0 0 0 0 0 0 0 0 1 0 0 0 0 0 0 0 0 0 0 0 0 0 0 0 0 0 0 0 0 1 0 0 0 0 0
  0 0 0 0 0 0 0 0 0 0 1 1 0 0 0 0 0 0 0 0 0 0 0 0 0 0 0 0 0 0 0 0 0 0 0 0
  0 0 0 0 0 0 0 0 0 0 0 0 0 0 0 0 0 0 0 0 0 0 0 0 0 0 0 0 0 0 0 0 0 0 0 1
  0 0 0 0 0 0 0 1 0 0 0 0 0 0 1 0 0]
 [0 0 0 0 0 0 0 0 0 1 0 0 0 1 0 0 0 0 0 0 0 0 0 1 0 0 0 0 1 0 0 0 0 1 0 0
  0 0 0 0 0 0 1 0 1 0 0 0 0 0 0 0 0 0 0 0 0 0 1 0 0 0 0 0 0 0 0 0 0 0 0 1
  0 0 0 0 0 0 0 0 0 0 0 0 1 0 0 0 0 1 0 0 0 1 0 0 0 0 0 1 0 0 0 0 1 0 0 1
  0 0 0 0 0 0 0 0 1 0 0 0 0 0 0 0 0 0 0 0 0 0 0 0 0 0 0 0 0 0 0 0 0 0 0 0
  0 0 0 0 0 0 0 0 0 1 0 1 0 0 0 1 0]
 [0 0 0 0 0 0 0 0 0 0 0 0 0 0 0 0 0 0 0 0 0 0 1 0 0 0 0 0 0 0 0 0 0 0 0 0
  0 0 0 0 0 0 0 0 0 0 0 0 1 0 0 0 0 0 0 1 0 1 0 0 0 0 1 0 0 0 0 0 1 0 0 0
  0 0 0 0 0 0 0 0 0 1 0 0 0 0 0 0 0 0 0 0 0 0 1 0 0 0 0 0 0 0 0 0 0 0 0 0
  0 0 0 0 0 1 0 0 0 0 0 0 0 0 0 0 1 0 0 0 0 0 0 0 0 0 0 0 0 0 0 1 0 0 0 0
  1 1 0 0 1 0 0 0 0 0 0 0 0 1 0 0 1]
 [0 0 0 0 0 0 0 1 0 0 0 0 0 0 0 0 0 0 0 1 0 0 0 0 0 0 0 0 0 0 0 0 0 0 1 0
  0 0 0 0 0 0 0 0 0 0 0 0 0 0 0 0 0 0 0 0 0 0 0 0 0 0 0 0 0 0 0 0 0 0 0 0
  0 0 0 0 0 0 0 0 0 0 0 0 0 0 0 0 0 0 0 0 1 0 0 0 1 0 0 0 0 0 0 0 0 0 0 0
  0 0 0 0 0 0 0 0 0 0 0 0 0 0 0 0 0 0 0 0 1 0 0 0 0 0 0 0 0 0 0 0 0 0 1 0
  0 0 0 0 0 1 0 0 0 0 0 0 0 0 0 0 0]
 [0 0 0 0 0 0 0 0 0 0 0 0 0 0 0 0 0 0 0 0 0 0 0 0 0 0 0 0 0 0 0 0 0 0 0 0
  0 0 0 0 0 0 0 0 0 0 0 0 0 0 0 0 0 1 0 0 0 0 0 1 0 0 0 0 0 0 0 0 0 0 1 0
  0 0 0 0 1 0 1 0 0 0 0 0 0 1 0 0 0 0 1 0 0 0 0 0 0 0 0 0 0 0 0 0 0 0 0 0
  0 0 0 0 1 0 0 0 0 0 0 0 0 0 0 0 0 0 0 0 0 1 0 0 1 0 0 1 0 1 0 0 1 1 0 0
  0 0 0 0 0 0 0 0 0 0 0 0 1 0 0 0 0]
 [0 0 0 0 0 0 0 0 0 0 0 0 0 0 0 0 0 0 0 0 1 0 0 0 1 1 0 0 0 1 0 0 0 0 0 0
  0 1 0 1 0 0 0 0 0 0 1 0 0 0 0 0 0 0 0 0 0 0 0 0 0 0 0 0 0 0 0 0 0 0 0 0
  0 0 0 0 0 0 0 0 0 0 0 0 0 0 0 0 0 0 0 0 0 0 0 0 0 1 0 0 0 1 0 0 0 0 0 0
  0 0 0 0 0 0 0 1 0 0 0 0 0 1 0 0 0 0 1 0 0 0 0 0 0 0 0 0 0 0 1 0 0 0 0 0
  0 0 0 1 0 0 0 0 1 0 0 0 0 0 0 0 0]
 [0 0 0 0 0 0 0 0 1 0 0 0 1 0 0 0 0 0 0 0 0 0 0 0 0 0 0 1 0 0 0 0 1 0 0 0
  0 0 0 0 1 0 0 1 0 0 0 0 0 0 0 0 0 0 0 0 0 0 0 0 0 0 0 0 0 0 0 0 0 0 0 0
  1 0 0 0 0 0 0 1 0 0 0 0 0 0 0 0 0 0 0 0 0 0 0 0 0 0 0 0 0 0 1 0 0 0 0 0
  0 0 0 0 0 0 0 0 0 0 0 0 0 0 0 0 0 0 0 0 0 0 0 0 0 0 0 0 1 0 0 0 0 0 0 0
  0 0 0 0 0 0 0 0 0 0 0 0 0 0 0 0 0]]
