params：
 weight-->(1, 10)
 proc_times-->(1, 100)
 setup_times-->(60, 120)
 delivery_times-->(1, 30)
 job_rate-->12

start:
alpha_1
12
 alpha_2
2.0
 mach
20
 job
240
 fam
5
 weigh
 [[0 5 8 7 7 7 3 7 3 3 9 9 4 8 1 4 2 9 4 6 6 7 5 3 5 1 3 6 9 3 2 6 2 2 9 9
  3 3 7 9 6 6 6 9 1 7 6 1 5 9 3 4 1 8 8 9 7 7 5 2 4 8 7 6 3 1 9 1 4 4 2 7
  7 9 2 1 2 6 4 4 6 7 9 7 3 2 5 2 2 1 2 1 3 7 3 9 2 2 2 6 2 6 9 9 3 3 6 6
  8 1 1 4 8 7 1 8 1 5 5 3 1 6 7 7 5 4 1 3 5 5 9 2 8 9 7 7 8 4 3 7 2 9 4 5
  4 6 9 2 1 2 1 5 2 6 7 9 4 2 2 3 3 9 5 4 7 4 7 5 3 2 5 6 6 4 4 3 8 8 6 4
  9 7 5 4 9 8 4 2 8 8 3 9 3 2 1 4 8 6 1 6 1 7 1 9 7 6 1 8 2 1 2 3 9 6 2 3
  2 4 5 5 9 2 2 8 7 7 1 9 9 7 2 2 1 3 9 8 5 7 9 6 5]]
 proc_times
 [[  0  58   4  60  76  27  61  20  98  76  29  42  54  14  28  86  62  96
   59  13  41   4  88  47   1  80  78  65  98  43  19  73  59  40  63  85
    9  43  65  90  91  59  62  34  45  92   4  96  76  80  87  61  77  26
   23  45   7 100 100  15  85  19  41  55  98  43  62  50  81  63   9  11
   16  46  24  37  58  46  47  48  38  44  50  60  54   8  89  82  58  59
   83  90  13  91  93  63  98  38   5  62  62  81  25  45  85  39  41  73
   84  28  28  55 100  17  74  46  64  24  53  36  41  50  76  81  11  18
    1  88  16  33  19  19  89  21  38   3  78  99  49  86  93  88  60  83
   99  75  58  81  90  93  46  83  46  99  42  48  65  30  49  17  51   9
   85  59  61  24  30  19  68  33   1   3  25  90  28  80  91  82  32   3
    1  60  13  88  52  41  35  30  72  43  61  44  90  69  72  94  38  30
   20  53  55  25   6  24  95  22  25  80  12  99   1  20  48  43  95  84
   57  22  69  20  60  21  79  14  24  20  24  79  64  86  66  79  53  30
   95  14  18  83  66  17  70]
 [  0  81  81  53  83  23  86  30  22  23  34  91  51  30  10  20  61  79
    5  21  67  45  48  69  47  33  87  84 100  40  68  27  81  67  68  43
   21  22  19  76  49  67   6  55   9  86  48  76  84  73  57   8  74  81
   41  58  81  18  34  72  22  20  36   1  68  23   2  92  31  15  57  98
   23   2   3  18  30  46  20  41  87  90  73  21   2  98  65  90  59  50
   27  12  39  44  95  21  43  48  62  62  14  48  54   7  98  90  85  93
   34  19  10  94  54  33  60  34  92  13  96  44  15  92  85  89  78   2
   42  78  72  87  58  58  26  71  72 100  23  97  37   5  91  76  51   2
   76  78  91  91   4  48  53  88  70  29  90  57  22  79  43  32  61  52
    5  39  34  13  22  94  97  90   9  32  72  71  41  64  80  57  43  27
  100  69  83   9  23  62  35  78  22  20  31  30  74  18  48 100  94  24
   84  96  69  15  17  34  67  74   5  22  93  47   9  46  78  75  59  50
   20  31  10  27  29  28  22  31  97  92  89  11  65  91  19  18  90  99
   93  87  42  34  91  47  29]
 [  0  53  72  52  46  42   3   6  48  73  10  15  83  63  87  54  16  77
   55  38  17  40  28  47  17   1  30  51  27  71  32  61  95  30  27  96
   17  10  38  19  95  27  56  79  16  77   4  38   3  64  35   4  59  68
   69  15  66  99  17  36  36  81  81  93  26  26  66   7  66  26  42  48
   75  89  34  56  52  23  95   9   8  86  18   3   2  35  29  79  24  52
    5  70  18  80  58  70  36  30  98   9  30  84  66  47  36  36  38  63
   67  42  87  31  21  61  79  88  68  65  71  70  61  97  83  68  39  59
   42  61  19  14   6  51  26  73  29  98  83  32  84  83  70  30  98  99
   51  88  49  44  38  39  48  30  36  51  42  18  37  35  34  76  61   5
    7   1  80  13  12  50  34   2  18  56  89   5  22  23  53  42  85  52
   34  43  57  32  23  88  59  14  93 100  75  58  73  68  33  54  75  66
   90  14   5  53  16  89  82  97  78  94  67  58  15  52  94  42  57  15
   85   1   4  27  74  74  83  56  78  48  74  68  56  51  55  83  80  78
   80  16  32  66  34  93  48]
 [  0  43   5  59  47   6  99  13  97  31  61  41  28  47  85  12  52  12
   43  61  73  27  42  13  73  35  89  63  35  31  42  81  74  40  55  67
   37  70  98  56  79  69   7  31  91  88  32  48  69  61  38  40  69  81
   12  15  75  59  80  57  93  23  20  84  63  16  42  57  41  49  63  36
   77  59  32  41  45  97  66  35  17  50  68  62  55  76  46  16  44  49
   26  48   8  86 100   5  28   4  94  78  83  81   8  32 100   9  37  82
   95  96  47   7  77  35   1  53  76  62  18  39  73  28  81  44  71  32
   77  30   5  61  77  57  88  90  22  48   4  24  50  53  88  43  70  96
    8  24  66  40   6  64  94  32  70  51  70  15  56  25  70  15  89  23
   14  36   4  33  61  81  25  62  15  72  98   1  86  74  63  36  44  75
    2  35  71  94  37   4  68  76  41  81  76   3  10  69  36  71  88  43
   19  77  92  88  60   2  22  16   6  83   1  10  15  47  55  12  81  12
   38  85   5  55  96  57  35  76  71  89  23  46  81   3  38  72  85   6
   18  40  50  31  57  42  48]
 [  0  12  22   3  41  78  31  64   9  97  70  85  41  71  89  77  48  59
   67  29  79  86  11  37  99  37  96  54  94  50  69  91  35  69   5  42
   25  34  48  63  47  78  86  81   1  74   1  23  32  57  29  63  19  97
   20  74  98  74  55  22  67  84  35  52  57  44  69  97  67  46  25  48
   66  70  61  31  12  14   4  29  10  50  95  63  92  17  44   3   5  90
   13  20  95  14  58  87  40   9  25  75  52  90  18  76  27  75  76  80
   48   4   4  47  33  18  99  85  87  55  41  33  74  27   4   6  85  20
   23  69  24  70  15  18  17  45  58  27  37  53  95   4  30  70  24  68
   15  84  89  40  56  42  89  99  38  20  78  20  77  54  34  18  93  87
   26  52  64  58  71  45  99  26   1  71  95  23  44  93  56  66  55   7
   48  82  96  31  76   3   3  73  22  83   7  65  54  20  75  60  53  18
   61  54  79  18  13  60  67  24  60  19  21   4   1  79  34   3  56  73
   48  26  23  57  56  87  21  35  46  58  85   3  59  66  31  99  73   8
   88  15  80  50  35  57  53]
 [  0  34  65   8  66  11  17  12  72  92  95  46   8  58  40  87  26  78
   33  53  52  49  94  59  32  37  93  67  70  77  77  22  69  26  26  72
   75  84  81  17  46  93  50  28  53  43  40  21  79  80   5  77  82  63
   40  78  73  22  51  20  69  60  77  33  93  19  60  74  72  60  80  23
   19  58  57  69  76  20  94  89  80  54  22  63  34  52  54  92  21  52
   46  76  79  14 100  79  63  39  84  72  92  75  86   8  93   5  53  26
   39  30  22  92  49   9  24   9   5  68   8  18  91  71  91  90  72  76
   22  29  71  15  41  80  93  14  41   9  22   9  46  74  48  71  88   2
   52  31  68  82  23  14   6   1  90  81  99  42  13  85  90  44  67  92
   67  91  74  51  73  85  99  12  30  48  88  87  68  76  28  82   2  61
   70  60  40  46  83  53  23  52  38  26  19  62  41  86  30  41  45   3
   31  93  91  19  33  63  72  70  82  59  33  96  95  56  81  37  18  93
   97  75  57  90  38  12  91  47  93  17  79  63  37  17  88  91  78  77
   88  48  84  60  58  38  31]
 [  0  39  87  29  90  98   8  85  93  47  22  37  42  62  64  87  48 100
   54  12  35  22  89   9   5  35  79  15  72  99  56  66  17  77  87  98
   88  92  72  85  88  73  19  46   2  98  86  48  37  40  54  17  42  62
   85  13  51  72  91  33  86  88  38  64  56   2  84  32  76   2  62  68
   72  82   9  58  73  19  38  31  19  25  31  31  10   3  24  84  58   1
   59  29  74  43  91   9  34  52  67  97  94  32  54  66  48  19  32  29
   54   2  14  41  78  45  77  22  18  83  44  51  97  79   4  23  64  38
   93  74  60  48  15  69  72  20  21  39  20  89  79  35  94 100  37  53
   31   1  76  39  99  11  70  52  61  21  96  88  98  76  25  63  23  60
   61   8  42  13  54  64  87  65  43  56  23  45  11  94   5  59  96  71
   46  14  27  11  18  20  17  72  65  89  95  18   6  82  60  84  88  66
   98  74   1  97  88  32  81  46  95  30  11  98  59  75  56  23  45  18
   95  16  29  78  41  36   9   1  17  22  31   6  28  80  42  25   9  91
   73  29  83  69  48  70  34]
 [  0  15  44  27  99  87  81  84  74  71  81  25  37  40   3  83  61  43
    8  70  93  98  32  29  28  85  79   2   1  20  88   2   2  69  17  90
   33  61  45  57  58  14  16  51  18  72   3   2  48  20  60  47  38  19
   35  99  82  15  85  52  34  77  84  79  21  74  52  95  91  31   8  72
   18  89  78  17  85  94  45  75  32  39   2  75  67  65  71  68  74  81
   99  92  58   1  48  67  63  41  32  61  38  88  87  69  77   9  11  48
   37  42  12  45   3  87  93  70  53   8   3  83  77  53  22  93  30  22
   48  31  19  88  99  14  16  88  39  51  42  64  64  68  39  66  93  98
   70  52  98   9  75  15  42   6  94  90  55  55  29  23  38  99  35  88
   20   9  99  53  82  97  42  35  76  60  60  43  12  13  77  75  73  85
    1  42  26  57  52  40  26  67  93  25  75  68  50  75  70  93 100  14
   64  39  58  99  69  10   7   5  40  16  31   4   2  16  75  91  89  49
   61  80  33  84  73   5  64  68  91  14  30  43  79  68  57  27   7  97
   43  61  37  18  91  89  48]
 [  0  39  35  29  58  91  11  87  26   1  12  68   5   9  77  77  86  75
   79  81  49  38  66  26  52  76  57  34  73  11  52  46  17  50  59  72
   51  80  16  52  30  71  81  51   1  14  13  62  34  35  90  14  51  18
   37  60  98  63  75  17  84  23  45  32  75  44  48  54  89  51  51  17
   77  74   3  96   6  40  80  91  54 100  79  51  32  19  14   6  73  84
   40  59  52  78  35   4   5  62  72  21  82  37  28  12  21   3  91  34
   91  50  98  72  18  85  67  77  79  94  85  77   3  40  62  51  24  15
   10  89  80  43  47  92  79  45  49  76  68  19  49  70  17  25  18  39
   94  21  30  91  64  33  40  64  33   7  71  77  16   8  21  96  38  91
   70  56  77  62  96  75  47  73  31   3   5   5  78  97  79   2  62  28
   57  68  78  73 100  39  71  23  86  48  71  15  78   8  14   7  30  87
   71  19  66  24  76  69  61  33  38  77  38  67  45   1  72  24  35  57
   18  16  85  61  73  88  79  75  68   7  64  54   5  49  43  63   3  90
   71  90  18  52  17  42  54]
 [  0  50  38  29   6  16  32  33  59  22  25  13  46  21  10  31  34  52
   10  93  85  74  77  95  96  66  61  27  68  42  47  11  72  76  47  72
   95  68  92  89  12  19  43  70  92  89  95  22  37  26  37  84 100  19
   46  56  39  55  14  20  88  59  23  66  64  45  94  67  34   2   2  77
   24   8  77  80  40  44  97  71  78  65  26   2  83  45  56  40  91  59
   66  82  96  68  21  25  10  64  65  36  82  92  96 100  74  97  98  29
    2  75  91  19  16  11  22  84  71  88  39  37  30  43  53  65  17  24
    8  76  94  83  20  13   6  12  34  48  49  85  47  18   7  14  94  14
   19  56  92  76  85  53  51  84  71  25  54  79  52  74  87  86  78  26
   40   4 100  57  62  64  44  61  88  39  98   6  24  69  44  90  48   3
   80  80  65  68  32   9   2   9  26  35  20  34  58   3  59   3  49  91
   88  12   5   1   3  94  71  58  65  95  76  70  60  98 100   6  43  39
   94  18  82  56  29  70  12  28  39  78  43  17  40  14  66  73  72  66
   68  99  67  67  89  31  29]
 [  0  60  36  38  33  24  60   2  97  47  11  91   6  63  65  29  36  16
   23  17  90  35  82  39  36  58  34  96  28  65  51  49  44  96   9  93
   18   9   2  22  80  62  45   2  26  80  13  51  88  97  92  82  87  46
   69  22  78  69  48  52  34  14  60  28  43 100  15   2  37  18  78  46
   73  46  94  90  43 100  90 100  37  51  18  12  66  85  77  77  22  62
   29  48  50  65  48  47  17  61  46  94  22   3  54  49  86  73  86  37
   85  92  78  46  47  49  85   4  52  39 100  14  29  51  84  24  18  87
   80  22  36  41  60  24   8  48  84  78   5  98  62  13  73  97   9  34
   65  93  42  10  78  15  79  45   5  50  33  32  55   5  85  64   6  97
    3  51   7  20  31  91  64  79  66  95  30  17  50  32  93  59   3  27
   10  34  28  68  63  59  46  22  91  27  48   4   3  15  39  21  33  62
   65  70  69  27 100  49  32  41   1  56  49  84  72  16  53  34  17  10
   76  87  87  67   7  98   8  99  98  88  14  31  18  46  43  45  64  48
   38  54  52  68  84  97  42]
 [  0  34  45  82  53   1  76  10  93  69  12  42   2  82   4  51   3  28
   50  26  10  74  79  17  80 100   8  98  46  38  94  78  37  77  13  72
   45  22  76  20  21  88  17  57   4  74  93  87  38  36  79  91  24  95
   31  59  54  20  74  70  41   7  87  48  11  57  29   9  35  38  30  30
   37  68  14  81 100  80  38  12  27   9  75  13  36  91  61  54  26  76
   19  78  37  89  75  16  96  56  76   9  96 100  52  43  68  68  26  26
   16  59  45  56  76   2  93  45  43  90  42  12  84  66   2   8  71   6
   49  15  70  83   2  25  54  88  16  85  13  37  67  52  26  27  95  48
   33  27  25  55  88  65  80  79  13  89  26  83  10  78  33  44  64  30
   73  29  83  23  90  21  53  48  93  94  30  73  60  34  21  21  68  15
   61  53  15   1  18   4  76  18  73  85  52  46  26  49  28  22  82  94
    9  40  50  72  53  74  32  68  17  75  58  72  71  88   4  91  78  16
    5  87  94  40  18  91  23  71  72  37  17  91  48  39  26  24  92  61
   42  30  97  87  67  64  85]
 [  0  77  75  58  18  76  36   6  98  37  75  84  89  36  97  72  18  47
   78  37  82  21  20   1  75   2  57  75  79  89  49  97  11  25  15  28
   45  60  21  43  87  16 100  91  27   5  60  64  28  80  72  66  47  50
   98  77   3  53  59   8  15  19  18  80   1  55  94  76  34  54  39  73
   31  88  10  42  78  99 100  65  31  88  68  82  17  45  15  45  98  47
   35  90   6   7  90  20  60  78  21  43  57  70   3  69  64  33   5  99
   12  89  17   4  55  85  24  63  40  72   7  62  34  69   1  22   1  61
   77  31  54  36  50 100  17  42  92  72  44  70   3  16  98  41  85  72
   90  93  60  50  52  93  75  34  61  81  65  45  90  82  86  46  78  41
   18  51  55  17  63  89  90  50  40  56  39  15  53  25  29  46  11  70
   22  79  72  61  81  69  27  31  75  74  62   3  87  10  42  16  89  47
   38  74  22  87  53  71   2  67  91  29  13  74  56  53  83  66  94  89
   37   6  95  52  91  42  22  29  30  15  18  89  51  16  40   7  94  97
   97  82  35   1  38  96  64]
 [  0  91  22  79  61  34  66  18  21   5  86  41  82   1  79   8  57  56
   45  41  98  34  12  85  52  42  51  63  19   3  42   2  84  91  16  51
    1  98  44   2  67  63  27  75  23  83  27  28  29  74  10  49  37  68
   75  14  80  39  57  99  27  20  45  54  94  81  55   7  36  35  90  33
   53  91  20  58  48  70  81   5  22  81  16  36  83  75   2   4  28  63
   80  23  80  23  68  15   7  13  10  39   7  55  92  78  53 100  18  73
   55  31   4  33  86  67  72  47  65  12  40   5  39  70  35  76  86  75
  100  82  43  92  31  26   2  99  64  40  13   3  42  46  99  84  37  42
   15  28  33  69  96  42  65  50  10  87  99  59  45  32  29  11  29  90
   37  75  34  30 100  51  57  87  54  22   9  80  80   7  33   6  35  14
   21  29  16  92  47  28  96  14  17  63  68  71  88   2  34   4  48  59
    3  21  60  99  87  57  10  59  92  64  57  36  25  24  22  24  71  48
   71  96  73  49  27  68  89  56  81  72  88  90  69  20  58  29  91  20
   77   4  55  71  45  61  53]
 [  0   3  14  64  99  99  92  87  85  74   7  81  45  90  58  35  82  51
   16  80  48  95  76  54  63  74  55  48 100  22  38  90  68  88  99  79
   62  50  40  18  15  90  57  80  88  43  44   9  22  98  56  21  13  55
   61  77  59  94  70  26  51  21  78  33  26  62  41  92  34  36  24  75
   36  40  25  34  50  90  41  11  39  78  83  71  51  45  43  67  96  26
    6  82  94  95  93  99  47  36  35  15  27  81  60  60  98  30  38  96
   36  54  52  92  96  75  23  99  25  25  67  88  49   7   9   9  30  34
   78  51  26  55  60  37  47  65  27  49   7  40  69  87  62  34  66  81
   81   8  22  35  93  17  95   1  31  96  11  79  24  33  34  77  61  61
    1  56  96  73  80  52  65  28  45  71   3   4  47  10   8  87  57  48
   87  55   1  99  38   8  26  46  48   1  84  12  17  76  76  32  31  65
   79  97  11  26  95  76  76  53  25  76  35  58  28  78  97  40  70  73
   24  49  37  61  54  56   3  36  37  65  39  64  42  21  57  20  53  44
   98  35  38  34  14  72  61]
 [  0  90  91  43  66  92  43  45  72  86  57  66  16  97  40  12  27  99
   49  28  56  54  73  58  22  32  85  95  64  99  22  18   4  18   5  23
    9  56  59  38  42  70  81  96  14  76  68  75   7  39  73  69  26   5
   21   2  34  64  88  38  48  20   1  43  75  85  88  97  68  62  15  23
   58  97  38  16  51  42  41  25   1  71  44  53  86  84   3  25  57   3
   78   1  30  88  34  72  50   1  21  36  58  50  40  31  69  68  77  10
   20  33  94  54   7  45  52  21  19  74  85  69  33  80  11  14  35  72
   15  49  25  61  76  34  77  38  13   5  57  66  46  71  85  68  57  78
   12  74  78  89  27   6  21  75  27  68  97  51  54  33  32  66  87  69
   62  57  94  83  69  79  57  18  94  28  31  86  55   2  30  75   4  32
   95 100  19  61  15  94  73  26  41  15  10  17  89  54  26  75  52  58
   27  70  53  66   7  11  70  33  57  67  71  63  50  28  83  33  10   1
   25  79  38  74  10  62   5   3  48  58  55  94  98  33  16  13  86  64
   39  31  26  75  87  27  69]
 [  0  71  40  86  90  28  71  19  72  86  65  37  80  14  81  11  16  28
   40   4  47   3  10  54  23  94  50  68  16  93   5  92  81  22  22  44
   15  69  99  33  52  33  81  36  39  98  73  67  26   5  69  43  75  75
   36  25  27  73  28  19  19  36  17  30  31  66  58  68  98  31  47  24
   29  82   2  22  15  95  64  34  90  46  14   6  23  12   1  56  33  38
   40  34  36  18  94  43  55  16   3 100  25  97  14  40  78  81  79 100
   74  50  81  75  37  78  71  73  77  88  27  23  61  87  42  27  40  85
   15  30  59  95  79  76  54  29  60  31  19   7  52  58  60  77  13  11
   33 100  41  73  24  52  45 100  26   8  75  99   7   9  46  73  73  24
  100  50  47  50  50  43  39   1  11  36  90  23  93  22  53  44  15  28
   10  10  46  75   8  93  80  46  83  32  48  66  88   2  66  95   5  36
   47  78  28  71  45  14  35  42  91  53  45  11  82  38 100  46  31  73
   41  75  94  21  13  92  59  56  30  50  21  98  62  63  49   4  78  94
   17  91  13  13  67  64   5]
 [  0 100  83  34   2  54  97  36   1  38  78   7   5  29  21  58  35  91
   82  63  95  79   7  53   1  60  52  13  38  12  41  47  34  19  49  33
    8  62  73  53  45  55  45  83  97   6   5  51  28  53   8  80  73  80
   30  99  21  72  51  15  79  25  89  68  69  60  97  73  90  57  25  91
   39  89  31  16   4  67  76  10  55  60  48  60  55  78   8  16  20   4
   84  36  25  46  82  71  61  92  96  49  84  91  21  21  50  38  36  73
   92  42  92  51  21  79  46  86  60  55  84  93   6   8  58  66  26  41
   79  21  63  81  30   7  34  35  38  90  94   4  98 100  66  38  57  80
   23  62   7  90  91  88 100  13  31  40  28   2  88  82  26  12  94  61
   21  26  60  50  92  74  83  83  54  55 100  45  55   5   4  74  20  29
    1  38  78  96  11  99  39  54  93  71  14  56  23  80  99   4  64  33
   18  97  69  40  94  15  12  79  71  34  38  60  15  10   2  76  88  68
   13  56  72 100  21  50  15  97  81  81  73  90  99  32  30  34  50  55
   36  75  33  17  97  92  22]
 [  0  93  38  82  21  38  54  34  65  22  41  25  52  88  75  46  25  73
   26  36  52  68  41  26  28  55  78  34  98  41  92  62  57   5  72   9
   17  16  25  41  80  27  52  49  45  24  78  32  33  52  79  85  99  24
   57  32  96  95  76  94  29  38  61  54  27  30  85  22  28  55  80  18
   51  20  73   2  99  26  69  82  93  26  57  94  26  33  12  38  50  90
   46  86  25  18  14  95  39  82  59  79   2  40  54  84  40  97   6  25
   46  65  62  69  77  73  51 100  84  71  66  95   8  61  29  59  23  52
    8  23  30  86  44  65  13  32  63  63  96  39  62   7  53  10  53  84
   23  72  12  67  21   6  43   6  69  71  86  53  91  15  85  38  96  47
   87 100  22  25  75  31  97  78  12  98  35  51  14  79  10  36   4  50
   45  84  59  67  30  78   6  47  60  59  40  13  92  53  39  16  40  17
   93  39  91  71  60  56  12  97  22  28  65  32  24   7  54  84  66  89
   94  89  58  79  80  21  26  32  76  15  31  10   2  24  98  69  51  51
   94  69  29  93  31  48  79]
 [  0  66  99  72  26  99  16  15  60  53  87  17  81  13  44  27  99  82
   73  56   7  22  53   3  83  61 100  91  66  15  80  49  58  67  69  68
   41  23  53  39  38  35  39  57  96  76  40  26  15  98  30  70  10  14
    6  35  26  83  89  78  94  66   4  33  66  70  12  24  35  22  47  61
   52  75  11  25  40  95  92  93  82  21  29  16  40  91  29  24  16  62
   12  38  24  27  78  79   6  32  57  22  11  98  49  66  94  94   3  32
   76  23  48  51  80  21  24  71   3  73 100  80  35  19  24 100   6   8
   16  15  36  67  63  71  17  88  63  13  10  66  31  71  18  22  12  12
   74  23  72  36  71  57  15  52  92  41  58  28  87  33  59  30  62  84
   76 100  63  20  76  72  50  62  22  67  56  77  89  66  82  48  23  44
   93   8  94  91  88  36  24  84  64  45  85  86  62  50  15  26   4  38
   33  45  23  83  88  31  99   6  54  67  13  41  98  24  95  78  79  41
   74  33  24  54  50  39  21  80  41  45   9  54  88  12  35  14  18   4
  100   9  46  70  17   5  69]]
 setup_times
 [[[  0  74  66  69 119 110]
  [  0   0  71  76  89  86]
  [  0  66   0  95 104  63]
  [  0  95  83   0 109 109]
  [  0  84  85  63   0  91]
  [  0  70  78 105 105   0]]

 [[  0 107  62  62 104 102]
  [  0   0  97 102 107  94]
  [  0  76   0  84  67  95]
  [  0  95  82   0 107  71]
  [  0  97  87  78   0 118]
  [  0  80 111  93 100   0]]

 [[  0  60 107  62  89  96]
  [  0   0  66  70  78  66]
  [  0  96   0 112  79  75]
  [  0  95  88   0 108  98]
  [  0 104  90  65   0 106]
  [  0  85  87 109 115   0]]

 [[  0 116 113 103  69 100]
  [  0   0  64 101 100 114]
  [  0 108   0 116  84  65]
  [  0  96  80   0  84 108]
  [  0 118  66  83   0  81]
  [  0  61 107  79  90   0]]

 [[  0  84  74 104  63  97]
  [  0   0 116 102  71  91]
  [  0 111   0 115  79  95]
  [  0  82 101   0  94  81]
  [  0 108  97  75   0  94]
  [  0  62  90 118  80   0]]

 [[  0  87  65 118 114  78]
  [  0   0  78  92 109 114]
  [  0  78   0  85 101  64]
  [  0 118 114   0  98  74]
  [  0  63  82  89   0 113]
  [  0  98 110  84 115   0]]

 [[  0  63 106 103  80  80]
  [  0   0  97  94  72 102]
  [  0 115   0 109 100  60]
  [  0  92  62   0  95  76]
  [  0  94  90 115   0 116]
  [  0 108 107 110  60   0]]

 [[  0  71  84  77  86 105]
  [  0   0  84  87  62  93]
  [  0  60   0  62 117  97]
  [  0 107  76   0  98  86]
  [  0 101 109 112   0  99]
  [  0  80  75 109  66   0]]

 [[  0 100 111  82 119  82]
  [  0   0 102  86  72 110]
  [  0  97   0  76  70  61]
  [  0  86  89   0 100  67]
  [  0 117  90  77   0  66]
  [  0  73 115  79 112   0]]

 [[  0 107  75  82  60  95]
  [  0   0 101  84  78  81]
  [  0 119   0  73 109 105]
  [  0  89 105   0  71 118]
  [  0  90  98 108   0 119]
  [  0  82  60 103  93   0]]

 [[  0  78 113 101  70 119]
  [  0   0  82  96  63  62]
  [  0  60   0  75 119  84]
  [  0  78 114   0  63  95]
  [  0  71  94 115   0  63]
  [  0 102  72  95 116   0]]

 [[  0  88  78 110 115 100]
  [  0   0  85  73  98 106]
  [  0 101   0  83 118  70]
  [  0 106  63   0  79  77]
  [  0  66 117  82   0  98]
  [  0  98  63  99  92   0]]

 [[  0  64 102 113 110 101]
  [  0   0 101  67  86  71]
  [  0  83   0 113  91  75]
  [  0 109  60   0  86  73]
  [  0  96  69  93   0  68]
  [  0 110  70  78  99   0]]

 [[  0  63  84 115  76 111]
  [  0   0  76  87  92  98]
  [  0 100   0  65 118  87]
  [  0 109  69   0  96  87]
  [  0  94  98  78   0  95]
  [  0  62  77  66 107   0]]

 [[  0  81  63 107  79  69]
  [  0   0 105 111  63  82]
  [  0  93   0  86 112  83]
  [  0 114  69   0  72  74]
  [  0 111 117  87   0  77]
  [  0 118 111  69  73   0]]

 [[  0 117 117  82 101 100]
  [  0   0  65  78 101  71]
  [  0  71   0  64  82  69]
  [  0 114  93   0 114 109]
  [  0  66  92  91   0  98]
  [  0  78 117  88 100   0]]

 [[  0  93 101  72  71  73]
  [  0   0  65  98  64 111]
  [  0  68   0  81  80  64]
  [  0  79 107   0 119 108]
  [  0  79 113 108   0  95]
  [  0  69  77  92 111   0]]

 [[  0  70  85  73 112  96]
  [  0   0  94  83  89  75]
  [  0  84   0 102  70  81]
  [  0 109  85   0  70  81]
  [  0  83  69  94   0 106]
  [  0 103 110 105 103   0]]

 [[  0  70  70  78 100 112]
  [  0   0 116 118  72  60]
  [  0  63   0 117 107 105]
  [  0  65 117   0  96  71]
  [  0 114  84 117   0  64]
  [  0 106  82  98  72   0]]

 [[  0  83 106  84  85 114]
  [  0   0  70  83  96  88]
  [  0  90   0 116  77  81]
  [  0  84  96   0 105  60]
  [  0  88  73  99   0  68]
  [  0  88 118  79  70   0]]]
 delivery_times
 [[ 0  4 29  8 11  7 20 18 24 10  8  7 17 19 12 18  9 11 28 14  5 25 16 10
  11  5  3 16 15  1  3 16 11  3 16 10  7  7 11 14  4 21 27 26 13 25 29  4
  22 19 20  5 24 18  2 26 21 17 24 14 15  1  7 26 13  3 11 19 16 22 26 21
  17 15 17 12 18 10 23 14  4 13 15 13  2 25  9 21 12 28 20 18 12 25  2 23
  26  9  4 19 24 11  7 23 28 10  2 18 18 16  4 22 14 25  1 20 24  8  1 13
  10 17 21 10 10  2 18  7 20 27 26 22 10 23  5 25 19 24 26 24 29  2 19 29
  22 18 22 23 13 17  2  6 15  3  5  3 19 19 12 23 28 22 10 15  3 12  2 14
   4 15 19 27 10 14 25 28 10 12 13 25 24  9  8  2 22  2  4 29 15 22  8  8
  27  5  8  2 14  9 16 21 10  1 23 25 11 25 25 23 13 16 11 24  6 11  1  4
   1 27 19 25 21 29 29 24  4 29  7 28 13  2 20 28 17 28 18  6 20  1  6 29
   8]
 [ 0 18 20 23  8 17  1 24  9 22  1 13 18 18 14 13 13 21 24  9 22 14 23 24
  13 17 27  8 28 24 12 28 22 28  3  9  6  2 23 10  6 29 25 25 13  1  3 14
   5 20 17  9  9 19 21 10 11  9 26  6 23  3  4  4 27 28  4  5 22  3  3  3
  12 14  7 14  8 12 25 17 16  7 12  4  4 10  2 21  7 16  4  6 27 18 16  9
  27 15  1 15 25  9  4 16  6 25  9 19 21 27 20 10 21 19 27 17 14 22 25 20
  28 21  9 27 28  6 22  1 17 27 15  5 17 15 28  5  3 21  8  3 20 11  4  6
  22 20 21  2 20 29  9 19 28  5 15 13 17 26 10 11 17  4 27 20 24  9 22  1
   2 13  2  6  9 27 21 25 27  3  4 25 22 22  2 20 17 29 19  2 11  2 16 14
  25 14 22  2 12 10 18 24 17 26  2 28 23  1 15 18 17 20 10 20 13 10 13 19
  27 12 14  1  6 28 27 28 10 27 11 27 11 26  2  9 14  7 18  4 16 17 16 27
  14]
 [ 0  6  3 27  1 21 15 26 15 26 26 23 29  6 22 14 10  2 22 17 23  4 23 28
  16 24  6  6  4  6 18 23 29 22 21 24  6  9 13 13 12 28 10 14  9 19 17 10
   9  7 28 13  2 21 16 10 15 18 26  6 23 29  3  4 27  8 20  2 26  8 16  4
   8  1  3 18  4  1 13 26  4  4  4  1 16  3  8 12  2 12 19 21 27  3  8 12
   5  2 17  7 15  8 23  8  7 29 11 12 15 27 13  7 21 26  6 28 20 22  6 22
  23  9 12 10  2 24 27 24  3  5  6  9 15 21 24 14 15 28 17 29 22 13  2  9
  13 18  7  7 11 22 21 18  7 17 24  3 28 19 17 29 18 16 24  6 21  9 23 10
   8 18 21 17 28 25 19  9 16  5 25 26  6 14 21  5 15 25 20 17  8  8  1 21
   6 27 11 28  9 17  1 13  2  8 25 19 23 13 24 29 12  6 24 13 19 25  6  2
  14  3  5 22 27  5 27 23 24  2 21 10 20 29 29 26 25  5 29  7  6  2  8 21
  24]
 [ 0 22 16 29  4 21  6  7  7 27 22 13 23  6  6  9 24 29 19 25 10 29  1 22
  21  6 17 21  7 21  3  7 28  8 20 16 12 19  9  1 20 15 28 12  9 17  6  1
   4 21 29 22  6 11  8 28  6 20 11  7 16 15  1 21 12 28  5 28 16  1 29 27
   2 18 29 20 18  4  7 14  8 10 22 23 14 27  5 12  7 26 28 16 14  7 25 27
  22 27 23  2  8 19  5 22  7 17 24  4 19 12  3  2 25 20 16 25 26 10 12 22
  11 11  8 24 25 21  1  3  5  7 28 17 21 16  5  6  6 17 25 29  3 22 18 22
   8 26 12 16  2 18  6 28  3 13  3 25 22 23 19 22 10 17 23  4 17  4 27  8
   9 27 27 21  3 10  7 14  6 21 26 19 11 27  7 23 16 23 19 11 10  1 28  7
   6 28 25 28 27 29 21 27 12 24 18 18 12 22 17 11 15 24 27 19 12 29 19 20
   4 21  2 10 17 23 17 26 20 24  6 14 13 17 20 14 25 28  7 10 17  1 11 14
  17]
 [ 0 12 27  3 17 21  9 20 10 18  9  3 21  3 28 26  7  3 27 11  4 26 29 15
  23 13 28 22 11  9  2 17  5 19 18 18 17 13 20  5 20 10 26 15 26 28 13 18
  16  2 21 20  3  4 11 21  5 22 24 25 14 17  1  6 28 23 24  8 28 17 12 13
  10 26 18 23 12 19 29 11  1 18  1 17 13 13 10  2 21  6 10 28 12 25 16 14
  14 16  5  1 19 29 18  1 13  8 25 24 15 29  8 15 13 26  8  4 14 22 23  7
  18  1  7 10 22 17 26 11 18 26  2 16 23  9  4 17 13 25 10 27 29  7 12 28
   8 27  3  8 18  5 22 17  5 12 28 18  4 18 29 10 24 28  9  7 15 22 27  7
  14 10 18 20 12 11 29 18 17  1 16 14 13 29 18  1 11  9  2 13  7 27 20 24
  25 17  9 26 28 24 21  2  4 11 22 22 14 25 25 11  3  8  9 23 11 24 11  9
  21  7 14 10 15 17  6  5 17 27 22 15 18  3 14 20 22  8 27 21 20  4 20  5
  20]
 [ 0 21 14 22 28 21 16 23  9  3 26 12 20 16  8 13 19  1  5 29 15 22 20 22
   8 15  5 19 24  8 29  7  8 11  2 18  8  3 17  1  3 12  5  5  1 12 24 19
  10 27 23 14  5 22 15 29  4 17  7 16 25  2 26  7 27 29  9 24 14 12  7 17
  16 13  9 17 17 27 29 20 22 26  9 18 28 10 13  2 12 19  4 11 10 19 17 29
  25 17 28 27 14  7 22  6 24 25 19 16 14  6 23  5  2  3 22 22  1 25 19 29
   7  1  9 15 25 28  4 10 11 24 14 24 12  5 14 13 13 26  2 29  3  3 18 23
   3  1  4 18 14 16  9 17 12 21 19 16  2 12 19  2 17 10 17 19 27 28 23 24
  16 21  6 14  5 16  3 20 27 19 12 21 26  5 29  4 19 15 17 21  5 29 10  4
  27 18  7 16 19 24 10 22 26 14 16  1 23 24 19  5  2 26 22 23  3 16  6 20
   7  6 14 10 21 20 26 21 16 12 28 13 12 29  3  1  1  2 26 25  5 25 26 27
  23]
 [ 0  9 26 23 24 13  4 11 19 14 10 27 12 15 20 23 12 14 22 17  1  5 19 19
  12 27 28 27 21 21 15 28 19 12 24 11 24 16 25  4 29 11 10 29  6  6 10 16
   2  5  2  3 27 10 12 19 11 26 20 20 28 18 25  2 12 10 29  7 26 15 13 28
  15  8 23  3 24  2 29 17 18 23  1 25  7  3  5 18  9 11  1 16  4  4 14  1
   8  8  8  9 12 26  8 11 21  3 27 23 19  6 24 24 27 14 23  3 11 29 21 20
  18  1  9 13 24 24 17 28 12 22  3 23 15 16 25 22 27 24 29  1 13 21 29 11
  15 14 28 23 14 21  6 27 26 12 19 14 10 25 28 12  1 19  9 24  4 19 18 20
  20 12 18 13 25 19  7 20  7  7  5 21 28  4 27 18  4 10 20 17  7 15 25 24
  28 28 15 18 26 23 11 21  1 15  8 20 23 13  1 18 22 11 24 24 28 23  5 10
  19 23 28 27 19 15 10 25 16 19 19 19  7  5 20 20 12 15 12 23 12  1  1  9
  19]
 [ 0 23  2 15 24 13  3  4 18  2  4 28 15  2 15 27 25  7 10 11  7 27  3 18
  13  5 23  1 27  9 20 20  2  4 18  6 15 18  1 28 19  5 10 28 18 13 12 16
  26 21  5 26  6 16  1  3 12  9 10  4  3 22  9 14 19  3 26  8 13 25  7 29
  16 24  7 22  9 22  5  7 19 14 23  6 22  9 20  1 19  7 20 18 10 21 20  6
  22 28 15 28 10 10 14 29 20 10 29 23 25  5 11  8  7 15 23 12 21 13 26  7
   1  7  3  7 23  2 22 23 22  3  8 10 19  2  1 16 24 23 20 24  9 20 10 14
  27 21 17 17 27 15 12  8 26 18 10  5 25  7 12  7 19 25 11 23 15 11 24  7
  13  9 15 20 14 10  7  1 13  3  1  1 25  3 28 21  6 21 24  7 14 14  7  9
  13 20 28  2 15 15  9 29  9 22 19 19 11  8 12 20  1 16  9  5 11 21 17 19
  10 17 25 16 12 22  4 29 22 21 12 11 19 29 23  7 27 22  2  3  6 18 26 23
  25]
 [ 0 13 29  7  9  2  8  3 10 12 20  8  3  5  8 18 22 17 25 28 25 19 22  1
  18 19 22 21 23  8  9 24 18 27 18 11 18 29  1 28 13  7  9 20 14 26 12 17
   5 27 27 23 21  3 15 10  3  1  4 29 21  6 18 15 13 10 12 22  5  2 17 24
  27  6 17 29  3  1 25  1  8 23 11 27 23  3 27 18 11  2 13 19  7 10 12  5
   4 18 11 16 17 17 18 22 19 23 20  2 25 18 22 16  9 16  1 12 28 16  4 16
  20 24 17 19 19 13 15  6 19  5  2  5 14  2 14 19 22  4 25  7 10 27 17 14
  29  1 19  2  6 10 25 26 27 12  4 21  7 18 28 12 27  5  7 26  7  9 15  1
  13 21 22 20  3 14 27  4  4 22 18 13 29 28 28 14 23  5  3 15  6 15 20  8
  19  3 17 28  1 19 21 19 18  8 14 21 12  3 14  1  1 13 13 19 29  4 24  4
  16 16 28 25 20  7 23 11 23 25 12 26 27 18  8 18 16 11 19 15 15  5 29 28
  15]
 [ 0 23  7 23 28  5 28 25 22 14 16  8 22  5 14  5 23  5  6 18 17  9 20 24
  19  5  5 17 12 10  7 25 28 15 11 22  4 26  8 27  7 17 11 29  7 16 15 14
  20  9  5 18 13 17 13  5 10 17  3 12 27  2  7 12  7 19  7  7 13  5 22 15
  11 29 25 25 15 14 11 11 26 25 26  8 10 26 10  8 29 27 19  4 25 21 20  3
  29 27 28 19 17 23 16  7 13 23 24 19  7 16 22 27 13 15 11 19  3 23 15 22
  20 10 17  4 29 17 22 17 11 14 10  2  5 25 17  7 29  2 17 29 12  4  1 21
  17 19 10 17  3  9  3  6  3 15  8 25 29 27 22  6  7 28 22 18  8  6  2  6
  16 16  8 22 23  6 14 12 21 15  7 10 14  6 21  6 13  3 25 12 13 13 21 17
  10  2 24  7  7  7  8  4 12 20 20 21 26 12 20  5 10 11 12 27 26 10 26 14
   1 16 23  1 25 22 26 25 29 23 25 11 25 29 14  1  4 20 16 25  4 28  6 19
  19]
 [ 0 11  4 28  9  1 12  3 20 16 13  5 18  4  6 21 15  8  8 29 24 27  8 20
  28  2 20  3  4  5  4  1  8 14 19  2  4 10 23 27 10  8 23 15 15  9  7 16
   9 26 13 29 11  6 28 28 10 22 23  8 21 13 15 22  8 25 21 26 11  5 25 13
   4 12 16 20  1 13 17 22 21 22 24  4  1 13  7 11 24  4  8  5 20 26 28 18
  20 19 16 13 19 25 19  6 11  7 16 25 29  5 23 23 20  4 25 13 20 26 29  6
   5 29 18  5 17 23 27 15 26 29  4  5 15 25  6 13 10 13 15 18 17 20 17  5
  18 22 28 25 28 14 18 17  5 21 10 15 13  5 14  8 12  3 10 21 12  8  4 25
   1 16 15  9  3  2 17  2 25 12 20  6 15 12 18 29 25 21 19 29  8  6 27 18
  14 21  2  6 11 18  2  9 27  3  1 10 12  7  6 12 28 21 25  3 23  7 11  8
  26 17 14 29 23 25 24 19 13 22 23 11  7  1  9  3 24  2  5 29 23  8 28  8
  18]
 [ 0  6 23  8 29 28 19 18 21  3 12 26 14  2 27 27 28 24 25  3  3 20 21  9
   4  8 23 17 24 27 29  8 25 18 16 28 21 17  3 17 18 25 27 24 12 29  4 28
  15  2 27 23 27  5 13  6 22 26  8 20 23 12 11 24 20  7 10 25  7 27 24  6
   5  6  6  1  6  3 11 15 25 24 15 16 23  7 20 24 28 25 15 23 10 20 25 15
  17 20 19 29 15 11 13  8 22 14  3 24 12 12  2 29 18 23 19 15 29 28 25 27
  18 26  8 14  4 14 16 11  6 22 10 27 15 22 28 25  3 27 27  6  7 27 11 29
  24 18 29 29 13 23 16 20 14 23 20 15 13 20 24 29  2 16  9 23 12 10 25  8
  29 20 18 10 28 22 22 12  9  6 13  5  6  9 15 10 27  7 27 10 28  7 11  7
  10 11  1 11 14 20 12  6  2 20  2  8  4 18 20 29 21 20 16  4 19 10  3 11
   2 15 11 22 18 12 23 14 12  8 10 20 15 17 22  5 29 21 29 12 24 23 27 27
  23]
 [ 0  7 13 16 16 29 19 22 28 13  9 21 25 28 13 27 22 27 10 12  4  7  1 12
   8 20 26  9 18 13  9 26  1 16 13 23  5 29 11 19  8 26 23  5 10  9 26  4
   6  2 14 27 28 11 14  3 22  7 19 16 12  2 11 27 24 17  1 13 19  6 18  1
  24 22  2 19 15 27  1  8 20  7 12  6 29 28 12 14 27  6 13 15  8 11 18 28
   7 12  3 21  5  4 23 10 14 21 27 15 27 27 19 23  8 17 29 15 18 24 11 16
  15  9 11 10 20 11 25  6 14 24 11  3 15  2  5  2  9 10  8  5 14 27  4 25
  12 26 28 21 18  9 19  9 23 16 29  6 10  6 13 18 25 15  3 24 10 29  1  6
   7 15 22  3 25  4 27 20 23 18 11  3 27 19 11  4  7  1  1  1 26 14 20 15
   6 29 10 12 16  1 10 25 10 27 13  2  8 25  7  8 28  2 18 20  1 24 16 12
  16  1 28 12 21 10  6 12 18  2  4 20 10 26 11 23 15 21 29 20  6 26  7 14
   8]
 [ 0  2 10 26 29 25 21 10 11 12 25 21 14 22 20 17  6  8  9 20 18 23 23 19
  17 10  5  8  5 21 17  1  6 22 13 21 12 28 29 19 17  2  6  3 25  1 11  1
  21 12 10  5  2 24 18 11 12 11 27  3 27 15 24 28 18 10 18 12 22 10 21 26
  14 22 12  7  6  6 20  2 28  7 24 23 11 14  5  5  5 17  8  3 19 14  8 10
  20 17 13 28  4  2 15  3 19 17  3 12 23 24 28 12 25  8 17 17 24  5  8 20
  11 26 16 23 22 28  3 10 22 22 29 28 12 16 10  1  3 10 20  6  5  8 25  1
  27  5 13  3  4 22 20  9  5 21 15 17 20 20 17 27 28 27  2 24 25 17 24 19
  22  9  9 12 11 22  8 15  7 25  3 14 28  6  2 20  3 10  6 25 20  4 15  9
  18  2 12 13 25  1  6 13 23  4  8  1 16  3 13 14 18 16 14 29 25  6 19  8
  21 28  6  1 19 15  1 27 17 15 24  4 22 18 28 16  6  9 21 14 17  5 24 11
   7]
 [ 0  3  2 29  3 24 26  8 29 24 21 17 24 25 22 27 22 29 17 26 25 23 28 24
   1 20 20  4 24 12 18 27  9  6  8 13  6 19 28 20 18 25  7 27 10 18 21  4
  25  7 25 11 20 28  4  3  7 27 17  3  4 12 17 23  9 22 12  6  3 16 27 23
  26  2 17 11 27 15  7 18 17 24 14 24 27 12 21 19 26  9  8 19 16 10 24 23
  26 21  7 10  3 16  3 22  9 11  3 29  9 14  9  6 18 14  5 19 18 20 28 26
  27 18 15 10  5 17 24  7 12 12 13 26 23 14 17  7  9 23 27 14 22 28  6  7
  23 10  8 20 11 23 19  7 22 28 15 14 15 10  9  9 12 19 27 26 22 23 20  1
   2 26 27 24 16 14 27  7 10 24 17 21  7 28 10 15 19  6 13 22 16 16 11 24
  26 17 24 27 22  1 12 17  6 26  7  9 10 21  2 14 25 29  4 28  6 23 14  8
   8 18 13 25 18  4  9  4 21  1 11 29 28  2 17  6 15 14 25  8 18  5  8  4
   5]
 [ 0 23  7 12 16  1 29  6  4 16 18 15 10  6 27  8 15  7  1 21 12 10 13 17
  19 29  7 16  1 29 18 25 19 26 27  2  3  3  8 16 17 22  3 14 29 26  9  9
  13 29 13 13 19 16 23 16  2  6 12 15 10  3  2 22 27  2  4  2 17 22 17 23
  29 15 18  2  7 14 20 29  1 26  4 11 22 25  2  3 16 29  2 14  3 13 16 25
   3  7  5 14 26 17 18 16  8  5  4 16 11 22 23 10 22 15 13  6 10  8  8 18
   3 11 13 11 25 19 28  2 17 21  9 11  4 15  5  2 24 24 20 25 25 21 15 19
   5 11  7 18  2 26 19  2  3  8  5 17 29  6  4 21 10  4 15 28 19  2 28 11
  28 29 17  1 12 16 12  8 27  7 12  4  1 28  9  3  5 24  7 18 23 11 16 11
  10 27  2 25  6 13  7 22  2 28 21 24  7 16  8 15 23 13 25  4 25  3 21  4
  25 19 13 20 13  7 28 14  2 10 19  3  4  1 16 25 24  4  2 22  3 12 14  1
  17]
 [ 0 20 27 13 19 15  4 27 27  4 29 15  5 28 23  3 22 26 11  3 22 12 22  2
  15  8 17 11 23  3  4 12 19 26 25 20 20 16 15 25 13  5 20 14 28  7  3 11
  16 10 20 27 26  8  6 17 17 11 28 29  8 12  8  3 18 29 17  5  7 21  1 29
  12 11  4  2 15 11 18 16 16  4  9 24 16 28  2  4 20  8  8 10 15 14 16 18
  15 14 16  2 27 21  7 10 18 22  2  6  6 16 20  9 22  9  2 18  7  3 19  2
   2  9 12 12 27 14  6 11 12  6  5 17 24 28 22 26  5  7  4 20 29 28 20  8
  21 23 18 28 26 15  2 25  3 24 11 19 13  9  2 29 15 26 27 25  4  3 15 23
  27 11  6 26  8  7  2 29 22 23 19 28 22 22 14 17  2 10 17 19 16  6 12 21
  16 20 24 12 16 22 20 10 22 26 20 20 14  4 10  7  4 25 19 14 19  5 22 20
  29 29 16 11 27 25 11 20 10 12 11 18 26  1 27 14 16 14 14  1 26 16 14 19
  22]
 [ 0 24 21 26  7 24 11  1 12  7  8 26 19 23 27 11  6 28 26  1 21 16  3 24
  24 28 24 20 15  9  4 16 22 16 21  7  4  4 29 27 25 24 10 22 25  4  9  9
  26 16 20 27  6 22  1 19 22 14 18 10  4 20 26 23  7  8 23 26 13 24 14 20
  18  6 14 10  9  9 17 28  9 14 17 11 28 26 19  9 12 19 22 24  8 21  6  1
  13 27  1 24 22 28  5 25  3 15  3 19 20 14 22 14  7  8 21 14  4  6 27  2
  25 22  5  8 22  7  4 16  9  2 26 25  5  8  5 12 16 19 24 15 19 29  3 23
   9 10 21 28 16  3 15 19 23 24 23  8  6  9  2 25 20  6  4 27  8  2  6 17
  10 22 17 14  9 25 26 14 20  5 28  3 24  3 14  1 23 18 19 14 15  2 17 16
  25 24 26  8 22 24 27 18  1  3  5 28  7 17 10 26 18  4  1 19  2 19 21 28
  11 24  1  7 15 25 11  6 18  5 10 19 13  3  9 26 21 27  9 19 12 27 22 15
   3]
 [ 0 22  3 15  2 12 16 20 24  5 13 14  8 23 16 26  2 29 22  2 20  1 11 22
  19 24 18 16 14  5 19 16 19 13  5 14 11 18 25 13 18  9 12 12  6 24 20  2
  15 18 27  8 13 29 19 16  3  1  6 17 12 29  3 27 17  6 15 14 11 28 26 18
  17 12  5 19 19  2  2  5 20  6 20 20 29 26  6  5 29  5 10 10 22 12  3 14
  11  6  6 19 13 18 11  2 17  6 11 18 18 28 26 19  5 27 16 20 12 18  4  6
   2 10  6  3  6 19  9 26  8 21  4 20 24 19 20  2 21  5 19 23 25 29  7 12
   4 17  3 14 25  5 25 20 11 18 27 11  7 26 19 28 26 25  6 28 17 28 13 24
  20  9  7 25  4 16 21 14 11  7  2 15 11 26  2 17  9 11 11  9 19 23 24  1
  28 23 21 25 24 10  2 29  4  1 16 12 22  5 12 17 21 25  3 25 24 29 15  3
   7 25  1 14 26  2  1  5  5  4 17 18 17  4 13 21 21 11  2 23  9 23  3 22
   8]
 [ 0 15 15 16 14 15 11  2 11 26  7  2  1  9  7 27  1 18 20 11 25 29 29 24
  25 25 10 17 21 26 29 23 12  3 22 10  8  3 12  9 18 21 29  5 12  3 26 17
  20 20 19  7  9  8  4  8 19  5 18 18  7 22  2 27 26 21 29 17 23  5 28  2
   6 21  4 12 15 11 20 28 23 15  9 17  5  9 20 22 19 15 27 19 10  2 25 23
   2  1  5 14 21  9 22 26 21 23 23  2 20 28 20  3 28 12  4 24 29  9 25 11
  19 25 15  6  3 11  7 21  5  5  3 13 11 15 20  6  6 15 12 15  6 24 12 28
  14 14  6 22 27 21 28  1 13 18 26 22 23 13  6 12  7  6 20 13 27 25 29  6
   4 15 14  3  4 19 24 16  4 16 14  4 20  4 27 17 13  2 26 21  6  1 18 25
  17 25  8  3  4 29 12 13 23 29 16 19 16  4 28 28 25 27 13 27  3 26  8 20
  29  6 19 12  5 25 18 22 15 22 26 29 11 29 11 15 26 21 10 25 27 13 23 11
   7]]
 job2fam
 [[1 0 0 0 0 0 0 0 0 0 0 0 0 0 0 0 0 0 0 0 0 0 0 0 0 0 0 0 0 0 0 0 0 0 0 0
  0 0 0 0 0 0 0 0 0 0 0 0 0 0 0 0 0 0 0 0 0 0 0 0 0 0 0 0 0 0 0 0 0 0 0 0
  0 0 0 0 0 0 0 0 0 0 0 0 0 0 0 0 0 0 0 0 0 0 0 0 0 0 0 0 0 0 0 0 0 0 0 0
  0 0 0 0 0 0 0 0 0 0 0 0 0 0 0 0 0 0 0 0 0 0 0 0 0 0 0 0 0 0 0 0 0 0 0 0
  0 0 0 0 0 0 0 0 0 0 0 0 0 0 0 0 0 0 0 0 0 0 0 0 0 0 0 0 0 0 0 0 0 0 0 0
  0 0 0 0 0 0 0 0 0 0 0 0 0 0 0 0 0 0 0 0 0 0 0 0 0 0 0 0 0 0 0 0 0 0 0 0
  0 0 0 0 0 0 0 0 0 0 0 0 0 0 0 0 0 0 0 0 0 0 0 0 0]
 [0 0 1 0 0 0 0 0 0 0 0 0 0 0 0 0 0 0 1 0 0 0 0 0 0 1 0 1 0 0 1 1 0 0 0 0
  0 1 1 0 0 0 0 0 0 0 0 1 0 0 0 1 0 1 1 1 0 0 0 0 0 0 0 0 0 1 1 0 0 0 0 1
  0 0 0 0 0 0 0 0 0 0 1 1 0 0 0 0 0 0 0 0 0 0 0 0 0 0 0 0 0 0 0 0 0 0 0 0
  0 0 0 1 0 0 0 0 0 0 0 1 0 1 0 0 0 0 0 1 1 1 0 0 0 0 0 0 0 0 1 0 0 0 0 0
  1 1 1 0 1 1 0 0 0 0 0 0 0 0 0 0 0 0 0 0 0 1 0 0 1 0 1 0 0 0 0 0 0 1 0 0
  0 0 0 0 0 0 0 0 0 1 0 0 0 1 1 1 1 0 0 0 1 0 0 0 0 1 0 0 0 0 0 0 0 0 0 0
  0 0 1 0 0 0 0 0 0 1 0 0 0 0 0 0 0 1 0 0 1 0 1 0 0]
 [0 0 0 0 1 0 0 0 0 0 0 0 0 0 0 0 1 1 0 1 0 0 0 1 0 0 0 0 0 0 0 0 1 1 0 1
  0 0 0 0 0 1 0 0 0 1 0 0 0 0 0 0 0 0 0 0 1 1 0 1 1 0 0 0 0 0 0 0 0 0 1 0
  0 0 1 0 1 0 1 0 0 1 0 0 1 1 0 1 0 0 0 0 0 0 0 0 0 0 0 1 0 0 1 0 0 0 0 0
  0 0 0 0 0 0 0 1 0 1 0 0 1 0 0 1 0 0 0 0 0 0 1 0 0 1 1 0 1 0 0 0 1 1 0 0
  0 0 0 1 0 0 0 0 0 0 0 1 0 0 0 0 0 0 1 1 0 0 0 1 0 0 0 0 0 0 0 0 0 0 0 1
  0 1 0 0 0 1 1 0 0 0 1 0 1 0 0 0 0 0 0 1 0 0 1 0 0 0 1 0 0 1 0 1 0 0 0 1
  1 1 0 0 0 0 0 0 0 0 0 1 0 0 0 0 0 0 0 0 0 0 0 0 0]
 [0 1 0 1 0 0 0 1 0 0 1 0 0 1 1 0 0 0 0 0 1 0 0 0 1 0 1 0 1 0 0 0 0 0 1 0
  1 0 0 0 1 0 0 1 0 0 0 0 0 0 1 0 1 0 0 0 0 0 1 0 0 1 0 1 1 0 0 0 0 0 0 0
  1 0 0 1 0 1 0 0 1 0 0 0 0 0 1 0 0 1 1 0 1 0 1 0 0 1 1 0 0 0 0 0 1 1 1 0
  0 0 0 0 0 1 0 0 0 0 0 0 0 0 0 0 1 1 0 0 0 0 0 1 1 0 0 0 0 0 0 0 0 0 1 0
  0 0 0 0 0 0 1 0 0 0 0 0 0 0 1 1 0 0 0 0 0 0 1 0 0 1 0 0 0 0 1 1 0 0 0 0
  0 0 0 0 0 0 0 0 0 0 0 0 0 0 0 0 0 1 0 0 0 0 0 1 0 0 0 1 1 0 1 0 0 0 0 0
  0 0 0 1 1 0 1 1 0 0 0 0 1 0 1 0 0 0 1 1 0 0 0 0 1]
 [0 0 0 0 0 0 0 0 1 1 0 1 1 0 0 1 0 0 0 0 0 1 0 0 0 0 0 0 0 1 0 0 0 0 0 0
  0 0 0 0 0 0 0 0 1 0 1 0 1 0 0 0 0 0 0 0 0 0 0 0 0 0 0 0 0 0 0 1 1 1 0 0
  0 0 0 0 0 0 0 1 0 0 0 0 0 0 0 0 1 0 0 0 0 1 0 1 1 0 0 0 0 0 0 1 0 0 0 1
  1 0 0 0 0 0 0 0 0 0 0 0 0 0 1 0 0 0 0 0 0 0 0 0 0 0 0 1 0 0 0 1 0 0 0 1
  0 0 0 0 0 0 0 1 0 1 1 0 0 1 0 0 0 1 0 0 1 0 0 0 0 0 0 1 0 1 0 0 0 0 0 0
  0 0 1 0 0 0 0 1 0 0 0 1 0 0 0 0 0 0 1 0 0 1 0 0 1 0 0 0 0 0 0 0 1 0 1 0
  0 0 0 0 0 0 0 0 0 0 1 0 0 0 0 1 0 0 0 0 0 1 0 1 0]
 [0 0 0 0 0 1 1 0 0 0 0 0 0 0 0 0 0 0 0 0 0 0 1 0 0 0 0 0 0 0 0 0 0 0 0 0
  0 0 0 1 0 0 1 0 0 0 0 0 0 1 0 0 0 0 0 0 0 0 0 0 0 0 1 0 0 0 0 0 0 0 0 0
  0 1 0 0 0 0 0 0 0 0 0 0 0 0 0 0 0 0 0 1 0 0 0 0 0 0 0 0 1 1 0 0 0 0 0 0
  0 1 1 0 1 0 1 0 1 0 1 0 0 0 0 0 0 0 1 0 0 0 0 0 0 0 0 0 0 1 0 0 0 0 0 0
  0 0 0 0 0 0 0 0 1 0 0 0 1 0 0 0 1 0 0 0 0 0 0 0 0 0 0 0 1 0 0 0 1 0 1 0
  1 0 0 1 1 0 0 0 1 0 0 0 0 0 0 0 0 0 0 0 0 0 0 0 0 0 0 0 0 0 0 0 0 1 0 0
  0 0 0 0 0 1 0 0 1 0 0 0 0 1 0 0 1 0 0 0 0 0 0 0 0]]
