params：
 weight-->(1, 10)
 proc_times-->(1, 100)
 setup_times-->(30, 60)
 delivery_times-->(1, 100)
 job_rate-->12

start:
alpha_1
12
 alpha_2
1.0
 mach
20
 job
240
 fam
5
 weigh
 [[0 7 8 1 2 2 6 3 3 6 2 5 9 7 4 6 3 6 7 7 4 6 3 6 1 6 1 2 3 4 1 9 2 9 2 8
  2 9 8 2 9 5 2 7 8 1 8 8 1 1 3 8 2 9 1 2 7 8 2 3 9 6 4 6 3 3 7 5 1 9 7 1
  9 4 9 9 9 5 7 8 5 6 3 9 9 8 6 1 3 3 2 6 2 2 2 4 2 9 9 3 7 9 9 5 3 5 7 1
  9 1 1 7 8 6 1 1 4 9 9 6 3 9 4 9 5 3 6 7 6 2 8 6 5 6 4 7 4 5 8 9 3 8 8 3
  5 5 4 7 9 3 4 3 1 2 4 6 4 9 9 1 5 5 4 6 2 4 8 4 8 3 7 7 6 9 7 7 1 5 2 3
  7 1 2 4 5 8 2 6 9 4 4 7 9 7 9 1 6 4 1 2 3 3 5 9 4 4 3 7 4 3 5 4 5 5 6 9
  4 1 1 9 5 6 2 4 9 6 6 5 7 2 2 2 5 9 9 2 9 7 5 2 5]]
 proc_times
 [[  0   1  91  25  77  25  33  63  31  12  61  70  86  13  74  80   4  37
   17  40  90  78  69  15  20  36  51  83  16  88   4  87  28  13  60 100
   30  49  28  92  79  31  20   3  49  25  80  97  23  83  59  54  17   6
    8  75  26  84  71  64  27  31  39  45  20  77  21  73  83  17  34  44
   64   7  46  37  86  92  18   5  73  45  11  54  27  10  26  36  32  47
   25  10  39  68  11  53  38  71  82  24  48  95  89   3  67  74  57  33
   34  89  63  53  27  57  87   1  34  52  95  71   2  48  41   7  51   3
   19  72  58  36  89  73  23  44  46  79   3  38  29  33  98  41   3  77
   37  99  86  23  39  68  43  72  91  87  42  86  39  52  63  35  75  97
   58  25   3  17  63  67  26  78  62  44  68  78  93  58  90  47  20  52
    5  30  76  38   4  52  57  54  22   8  54  27  77  15  53  17  29  37
    1  23  54  99  20  44  96  75   8  71  41   7  23   7  76  50   9  44
   56  16 100  94  29  55  69  45  24  21  16  86  76  39  86   1  95  85
   12   1  37   8  56   2  83]
 [  0  96  81  87  76  16  98  26  84  18   3   4  51  94  14  48  77  97
   48   8  47  92  68   8  22  86  84  10  40   5  96  14  65  21  41  42
   27  69  84  16  77  42  14  62  78  17   1  59  47  14  53  85  33   6
    9  57  70  43  36  49  50   9  45  36  84  31  37  61  10  29  72  76
   44  45  26  72  44  64  23  41  60  17   9  17  60   2  25  20  76  59
   69   5  29  74  83  66  97  36  73  35  65  30   7  30   8  25  16  16
   85  55  58  57  67  96  88  47  63  74  58  63   1  67  15  45  23  95
   81  18  74  46  13  82  50  91  47  50  38  19  36  24  13  56  24   6
   17  87  75  57  75  63  94  65  62  77  31  80  81  12  28  58  45   9
    5  65  81  31   9  24  62  46  33  47  56  65  79  55   3  60  66  17
   76  65  21  37  93  19  33 100  73  29  78  89  69  50  86   4  75  10
   75  75   4  70  24  55  62  99  87  12  78  69   5  69  41  83  42  97
   93  12  36  41  48  35  32  73  30  58  29  48  70  19  32  93  44  86
   61  75  98  38   5  91  81]
 [  0  81  61  25  15  53  50  97  19  10  19  95   3  26  84  57  97  86
   74  30  39  24  54  50  77  25  41  30  55  98  42  60  15  80  86  30
   29  83  54  46  92   8  22   8  40   9  86  16  65  94  60  56  38  78
   51  37   2  94  68  80  73  99  35  97  60  94  52  89  41   4  58  34
   29  63  41  58  88 100  13  91  10  16  76   6  54  45  71   4  49  79
   45   3  94   2  74  36  39  94  89  19 100  70   8  86  98  54  34  62
   38  60  66  22  24  84  64  24  12   3  12  56  48  89  30   3  10  34
   65  89  10  40  78   3  60  82  35  61  35   6   4  69  32  50  87  59
   52  37  44  89  97  30  71  91  64  80  80  21  33   7  74   1  52   9
   28  42  60  99  90  27 100  28  17   6  89  26   2  31  77  60  11  71
   96  89  64  82   6  33   5  68  91  65  79  81  46  50  47  97  49  11
   27  12  48  88  76  20  17   3   7  74  47  32  99  22  58  56  17  90
   70  68  86  77  32  67  33  47  73  26  75  88  52  63  99  97 100  48
   42  37  53  65  81  22  12]
 [  0  58  42  58  45  22  72  24  11  27  98  19  75  63  31  89  46  11
   68  46  32  29  34  26  68   4  55  72  59  18  15  54  43  92  39  59
   68  86  79  13  81  10  29  97  14  23  21  65  33   2  74   4  89  70
    5  45  15  73  15   3  15  44  15  13  98  41  71  65  33  54  46  47
    2  75  51  54  34  92  15  48  63  21  58  17  13  35  76  42  37  73
   16  95  26  63  72  37  77  42  96   8   3  84  85  40  17  22  44  65
    2  22  82  91  58  56  87  61   7  86  88  78  63  83  77  25   4  58
   65  73  50  20  47  55  65  96  45  68  89  71  34   5  14  61  57  32
   23  88  90  14  85  48  98  13  46  30  70  64  44  48  13  75  59  30
   36  73  45  28  40   8   6  31  43  55   3  82  72 100  55  26  34  38
   60  13  76  13  36  71  54  36  49   1  77  21  97  46  65  37  31  53
    7  95  64  42  63  66  29  15  90  61  80  45  61  28  91  95  58  28
    8  12  52  48  79  30   7   6  15  98  78  57  53  89  95  45  32  84
   71  80   4  46  48  80  51]
 [  0  78  62  88  47  18  27  35  14  51  35   1  47  77  31  55  16  92
   82  63  39  74   8  32  58  68  65  82  75  50  59  10  12   7  22  88
   92  75  29  68  96  98  22  67  30  52  77  31  26  53  71  35   8  26
   14  53  31  45  17  64  93 100  73  14  29  22  18  43  36  69 100  22
   62  87  59  90  36  87  25  31  91  17  58  16  97   6  63  87  21  15
   36  10  54  91  38  45  46  14  63  71  26  79  59  71  73  56  35   6
   25  41  33  88  15  15  59  96  50  56  78  56   8  50  24  96  78  71
   26  11  67  30  38  15  12  75  85  45  50  35  19  53  12  72  23  63
   42   9  56  88  18  73  15  82   3  14  90  48   4  79  20  34  60  37
   55  87  11  41  79   6  44  11  87   7  30  56  60  99  77  27  68  88
   27  24  84  15  13  49  40  85  25  26  89  45  62  40  67  39  12  95
   48  68  64  42  14  19  59  75  12  10   1  16  38  92  84  60  47  74
   30  47  16  54  30  91  45   3  55  78  28  66  49  29  84  40  84   3
   40  33  16  45  17  36  82]
 [  0  16  34  28  71   9  29  45  69  98  27  86  44  56  99   5  93  65
   13   4  39  41  58  10  86   1  70  93  46  20  42  88  69  11  21  56
   47   9  80  56  18  49   1  83  67   5  18  71  31  75  38  74   8  70
    3  57  32  62  43  11   1  28  35  66  12  61   8  26  67  32  21  52
   97  99  77  99  99  51  25  48  95  76  70  11   1  61  47   7  53  99
   20  60  44  38  18  50  21  65  51  95  50  48  17  80  57  72   2  20
   97  97  51  79  18  45  77   8  36  17  14   4  82   9  82  44  65  16
   62  61  34  64 100  59  76  87  51  17  89  12  58  82  73  95  75  25
   24  81  50  87   2  66  28  90  53 100  27  14  36  14  41   4  78  62
   31  55  70   2  37  70  10  12  79  51  33  17 100  89  13  22  19  76
   34  15  79  29   5  65  28  29   9  37  97  73  14  17  23  13  36  16
    9  82  91  80  31  83  17  36  12  17  49  89  16  30  22  40  54  36
   24  91  96  37   1   2  44  49  47  57  31  52   1  73  58  66  71  23
   64  79  32  28  60  38  87]
 [  0  39  21  17  47  50  82  38  10  91  35  36   9  15  29  46  17   5
   10  18  13  72  62   3  25  60  46  86  39  50  10   9  87  11  57  14
   47  81  79  77  30  55  42  79   4  67  59  45  73  33  68   7  74 100
   39  32  31  41  23  58  61  50  16  27  67  71  82  29  91  20  94  15
   95  94  35  82   4   1  19  82  52  99  39  25  10  44  92   9   3  69
   21  79  39  98  44  24  59  87  82  20  74  57  15  53  56  34  10  66
   61  49  87  44  22  12  53  33  17  13  24  91  82  43   6   6  93  28
   36  76  88  98  35  37  69  90  49  39  18  69  78  67  74   6  56  55
   94  13  39   3  22  24  58   9  92  22  87  26  42  45  45  56   2 100
   49  61   8  95  37  35  31  23  79  99  47  61   6  22  68  31  58  74
   96  62  84  28  67  35  21  24  75  19  76  28  38  53  28  89  76  36
    1   4  78  15   1  62  82  70  81  49  89  61  67  79   2  66   6  51
   89   7  10  12  55  55  55  73  39  45  82  31  56   7  11  98   7  57
   17  98  56   1  98   1  64]
 [  0  78  62  40  50  54   9  16  95  36  83  64  94  43  20  41  61  98
   41  90  90  28  51  76  96  82  69  40  74  16  30  97  23  91  75  92
   59  61  52  78   4  48  92  99  42  20  28  41  94  93  86  67   1  90
   32  85  42  86  31  68  83  54  96  17  82   1  42  97  68  12  77  56
   96  72  98   4  32  60  30  94  32  26  92  53  49   7  70  41  67  73
   48  38  83   3  13  23  97  15  43  77  52  57  73  72  42  90   6  71
   93  40  85 100  53  34  82  92  52  65   3  49  24  81  91  68  78  78
   49  41  94  63  72  22  28  72  92  82  51  32  88   8  63  33  36  35
   69  96  12  26  64  43  56  87  34  65  70  25  91  74  24  68  60   7
   43  48  26  52  45  92  42  34  41  35  75  94  86  47  78  99  26  25
   95  94  71   3  17  33  63  34  33  85  25  36  21  89   9  59  74  38
    1  81  80  11  68  11  92  61  23  12  31  74  73  92  13   6  96  26
   29  66  60  17  83  87  90  25  91  36  77  50  69   5  35  12  79  45
   54  37  59   7  81  37  76]
 [  0  90  83  64  98  82  79  31   4  98 100  37  26  84 100  28  23   9
   35  50  48  22  43  78  43   4  17  27  28  19   6  95  26  59  96  17
   51  23  55  48  69  53  98  31  96  69  57  82   1  47  86  21  16  82
    5  62  69  84  63  55  83  74  42  29  13  73  64  97  49  54  92  72
    1   2  88  42  95   7  29  41  58   4  40  90  48  32  53  74  98  35
   64  35  71   3  37  17  67  71  95  17  11  80  25  95  59  16  53  72
   47  38  68  19  89  82  93  94  96  49  85   7  88  44  16  22  47  26
    8   3  31  78  34  32  95   7  37  95  45  31  96  82  93  56  13  35
   80  44   4  63  56  20  67  54   7   1  83  16  44  81  89  48  12  43
   84  18  52  82  49  10  16  36   8  89   9  66  41  85   5   2  19  38
   52  92  98  78  67  68  77   4 100  35 100  83  10  35  78  31  75  28
   87  66  68  87  98  91  55  39  24  34  17  77  15  43  19  11  46  73
   30  28  77  40  17  95  77  56  66   7  19  71  64  66  62  72  44  86
   80  78  84  69  86  29  98]
 [  0  33   1  37  63  89   5   1  89  30  33  34  62   2  88  18  74  30
   55  25  11   5  48  48  58  58  50  66   2  46   1   1  48  84   4  32
   34  49  70  65  33  83  18  30  58  35  91  81  31  66  89  85  66  44
   39  83  26  29  32  60  15  50  66  23  50  99  86  72  67  31   4  88
   45  49  79  78  75  67  88  57  50  25  23  63  48  49  51  15  98  65
   25  37  84  34  48  53  67  21  22  80  14   6  10  45  25  61  23  79
   67  85  45   6  95  60  78  53  74  85  23  34  51  52  89  97  42  54
   66 100  60  74  30  71  26  32   5  85  18  22   1  18  40  18  63  38
   59  66  11  43   7  73  40   2   1  52  67  78  19  29  23  50  38  36
   19   4  38  27  67  17  37  64  18  41  79  51  29  79  53  83  48  87
   22   8  73   1  75  62  80  71  56  26  47  76  51  69  29  18  73  21
   82  52  78  60  51  81  49   7  19  46  24  41  42  28  81  40  19  73
   12  61  77  95  28  22  18  52  29  12  45  34   9  13  98  43  90  89
   46   9  42   5  70  37  51]
 [  0  82  66  72  91  66  69  29  55  56  29  63   3  88  88  93  76   7
   65  75   3   1  59  20   4  46  65  27  50  68  85  96  31  73  96  30
   53  15  16   1  84  89  34  10  34  43  31  94  85  82   4  49  71  63
   33  53   2  33  61  51  81  49  68  24  58  65  32  87  38  51  20  14
   79  38  27  33  31  44  87  66  84  67  59  56  39  89  82  77  58  25
   86  20  41  27   7  16  26  54  43  87  58  61  24  23  98  56  48  15
   12  11  18  89  27  24  88  30  35  95  33  87  19  20  72  88  49  98
   55  37  39  88  33  30  75  44  86  43  39  40  15  31  72  27   1  33
   50  25  97  53  25  88  28  46   7  87   6  71  26  15  84   4  57  59
   84  41  75  43  72  57  14  20  35  66  54  26  20  54  27  33  84  47
   82  75  36  57  56  78  52  27   4  32  17  66  21  40  82  68  69   2
   97  46  76  32  38  62  76  23  60  62  40  67  60  22   6  56  86  61
   77  37  14  19  71  73  88  76  30  35   7  66  20  13  72  95  79  52
   17  50   4  70  74  30  53]
 [  0  19  62  51  17  69   2 100  10  79  90  73  10   8  59  32  46  27
   10  88  28  61  80  28  42  78  51  37  38   5  52  64  33  55  34  86
   15  48  46  42  71  29  35  13  73   8  96  85  25  90  70  73  40  91
   11  66  17  94  33  96   9  65  92   7  23  87  51  77  81  18  95  46
   64  63   4  91  72  22  68  66  48  80  42  12  78  28  98  78  26  35
   39  29  45  95   4  30  79  30  20  64  31  62 100  12  35  21 100  44
   44  72  28  62  16   7  97  69  59  67  73  61  99  81  35  40  79  81
   17  24  65   9  96   2  84  72   3  26  89  55   1  66  59   3  40  50
   24  49  74   4  41  64  22  30  52  33  61  98  99  41  63  46  75  30
   43   2  20  17  93  60  88  85  21  38  24  28  10   7  23  31   7  73
   54  91  88  58  49  97   8  48  44  13  58  20  29  46  27  81  30  32
   13  94  40  39  89  81  91  88  98  89  79  39  31  28  85  67  74  41
   72  73  51  20  23  10  90  87  31  81  90  49  13  42  54   3  52  88
    1  82   9  16  81  98  90]
 [  0  97  82   5  37  86  42  96  89   2  98  39 100  60  16  92  38  32
   55  82  32  12  18  61  38  71  36  49  30  20  42  17  17  47  18  44
   90  42  73   9  32 100  61  18  23  23  87  57  39  27   1  28  13  57
   13  43  52  14  17  15  15   1  38  78  83  87  39  84  49  59  61  96
   28  50   8  71  58  81 100  84   8  57   9  70  68  26  13  41  37  82
   36  43  75  54  88  45  57   6  94  57  61  96  12  50   4 100  75   7
   73  74  35  89  41  82  38  28  18  93  93  56  49  82  30  36  23  90
   86  34  28  40  54  51   5  84  58  26  79  99  28  87  51  63  72  33
   73  53  54  75   6  86  93  86   5  77  64  50  66  32   1  93  32  74
   56  82  10  73  94  52  11  18  11  92  93  20  69  29  97  55  16  10
   98   8  39  79  75  15  27  26  39  50  25  39  41   8  45   5  48  29
   75  29  82  98  33  40  71  28  27  27  24  72  78  21  45  13  39  66
   12  84  12  31  32  96  53  41  71  46  18  76  87  80  11  48  28  20
   70  97  29  85  99  89  62]
 [  0  68  34  87  97  74  64  34  32  62  17  61   7  38  78  54  74  50
   81  57  74  15  13  26  63  37  75  57  73  37  59  73  81  84  89  94
   33  20  68  89  45  66  82  24   9  29  93  48  41  88  47  56 100   9
   88  50  86  81  53  65 100  16  93  88  83   2  65  94  72  85  85  91
   37  54   1  74  58   9   8  30  90  90  32  27  60   5  59  84  33   2
   23  93  81  10  31  85  30  93  38  17  90  34  89  67  18  34  70  58
   59  42  28   2  99  12 100  13  53  11  68  14  79  52  31  17  88  61
   48  89  43  76  58  31   7  89  98   6   1  93  17  33  91  22   5  54
   58  99  82  37  23   9  48  45  92  55  84  77  75  46  15  19  85  91
   73  51  74  87  22  31  78  88   2  49  12  62  51  42  66  46  97  60
   22  22  92  59   1  67  49  75  31  77  39  99  46   9  38  90  21  31
   20  79  76  94  57  23  18  86  54  97  60  75  67  94   3  41  43  55
   70  23  95  12  32  45  36 100  25  58  62  56  53  68  63  13  20  82
   82  81  83  36  47  91  99]
 [  0  10  45  55  69  28  16  80  99  65  39  50  62   5  32 100  87  13
   56 100  31  53  24  39  29  68  34  39  97  63   9  37  65  58  91  99
   77  97  41   4  19  24  80  53  18  73  23  84  15  43  79  99  34  59
   86  58  77  61  54   4  42  42  25   6  64  60  23  26  48  72  85  98
    9  69  25  24  30  41  19  81  20  86  78  54  61  34  70   5   6  11
   56  98  59  86  55  42   5  92   6  24  31  21   3  79  56  69  12  75
   55  12  34   4  65  22  28  26  10  65  43   3  18   7  69  51  96  51
   79  48  30  48  43   3  33  97  19  43  14  58  26  16  79  88  75  80
   32  89  45  11  20  29  13  83  55  98  34  37  85  58  30  65  12  69
   20  41  81  80  24  81  98  57  31  78  97   2  72  94  50  95  93  56
   32   6  31  15  26  60  87  90  70  21  26  24  72   7  73  68  25  52
   19  75  86   2  38  44  11  88  60  91  54  16  57  97  94   7  41  22
   58  28  82  22  66  64  65  19   7  50  18  84  34  76  96  13  84  84
   19  94  79  22  89  44  57]
 [  0  99   7  93  83  84  92  95  87  15  66  23  76  26   4  92  20  62
   46  27  11  51  43   2  10  95  61   8   6  65  71  46  55  63  61  28
   54  37  37  53  52  92  59  22  25  76  78  95  85  70  63  96  16   4
   58  97   6  74  54  17  22  52   2  35   1  49  14  36  74  19  39   7
   92  15  39  33  31  53  47  62  75   2  83   4  49  62  50  82   9  94
   44  79  53  28  93   6  86  33  30  26  48  32  33  92  72  36  86  80
   32  25  22  26  98  32  63  70  25  11  64  37  76  94  46  27  79  80
   83  93  77  12  41  48  31  44  38  61  56  29  78  32   6  31  53   6
   33  65  22  73  64  26  34  16  71  52  30  23  15  80  46  15  29  53
    6  72  60  60  85  31  77  72  88  88  87  20  43  69  55  53   1   8
   51  44  85   6  83  19   5  39  18  93  59  49  74  84  73  59  87  63
   50  15  54   5  25  72  74  34  79  81  64  53  48  13  82  60  22  83
   14  42  38  53  73   4  67  30  28 100  48  24  33  59  11  88  62  24
   46  17  17  51  39  39  63]
 [  0  61  38  11   2  70  65  85   5 100  65  13  55  17  19  49  12  86
   16  33   7  21  70  50  47  39  96  54  10  93  57   7  26  14  57  55
   95  73  66  14  35  45  88   8  47  40  55  86  82  99  66  32  98  92
   73  37  64  75  99  57  23   2  53  68  66  10  95   4  22  77  11  19
   72  38  79  46   5  37  26  47  77  43  73  47  93  51  27  89  62  83
    9   4  48  93  31 100  99  38   1  66  32  36  65  62  20   6  29  51
   13  22  34  44  19  11  37  98  62  18  50  73  29  91  29  11  20   3
   17  30  46  83  37  37  79  41  66  54  52   4  84  59  55  17  39  22
   56  73  45  58  49  38  37  63  66  11  83  37  75  43  82  96  34  28
   65  78  84  66  42  30  55  73  28   3  45  29  44  30  91  52  76  17
   63 100  94   2  41   6  30   3  24  86  64  99  56  27   4  12  97   9
    9  65  44  39  68  69  92  97  22   3  18  84  69  21  76  37  42  44
   76  32  41  20   5  70  15  53  55  65  33  23  36  74  76  42  19  97
  100  62   4  93  30  34  92]
 [  0  95  47  22   2  93  38   3  30  60  32  74  91  58  37  51  61  54
   52  30  55  66  35  77  97  33  17  28  95   8  43  38  98  86  68  43
    1  41 100  77  66  61  74  21   5  17  44  29 100  15   9  56  90  17
   12  44   5  55  36  37  42   6   2  62  87  41  33  29  31  40   4  81
   84  69  90  79  13  19  33  72  98  23  97  94  84  97  55  27   2  69
   26  62  45  83  98  11  50  57  26  54   7  94  82  69  56  91  95  25
   23  88  98  40  11   1  65  97  55  62  37  92  25  57  96  52  20   5
   71  44  55  25  17  21  57   3  80   3  25  69  19  63  36  73  96  77
   90  21  79  62  84  62  69  62  21  45  55  96   7  21   8  40  59  71
   13  80   1  41  46  58   3  98  84  63   8  58  17  13  33  66  77  36
   64   4  67  59  75  99  72  12  62  45   8  69  30  10  37   5  40  15
   49  83  93  69  25  46  58  51  38  56  23  38  15   2  80  31  89  63
   62  92  97  20  39  82  83  42  99  26  20  53  74  60  67  61   6   6
   52  49 100  21  97  66  71]
 [  0  87  34  61  56  82  21  62  20  91  66  80  71  95  99  84  13  85
    5  61  54  25  16  34  60  83  95  89  99   7  79   3  16  87  44  87
   47  38  74  90   6  28  86   7  97  40  33  65  29  60   9  11   8   8
   65  14  96  36   8  50  68  74  36  72  15  98  39  11  32  79 100  93
    5  68  29  25  35  27  11  89 100  21   4  54  56  75  53  43  57  12
   32  56   7  82  53  16  90   1  13  70  26  94   1  24  97  19  96  89
   17  56  62  57  37  52  12  20  65  88  88   4  61  60  25  33  21  91
   10  25  40  56  96  65  66  51  12  59  20  88  82  67  47   8  37  46
   43  84  48  93  25  39  23  82  99   1  80  49   4   4  79  77  62  68
   18  41   4  14  62  69  81  48  63  90  41  75  12  11  79  26   6  96
   14  12  18  51  69   1  82  60  63  72  69  26  57  49  43  87  22  15
   28  58  16  60   1  18   1  82  53  58  60  25  10  13  44  33  89   7
   59  19 100  34  26  52  18  29  77  63  32   9  59  95 100  64  79  34
   84  41  25  92  50  94  59]
 [  0  81   5  22  91  64  34  90  47  95  77  97  59  87  98  23  84  87
   39  93  26  42  44  19  40  85  40  79  52  92  13  38  64  16  15  44
   16  61  10  16  78 100  12  84  76  11  31  45   1   9  30  79  66  43
   62  94  21   2  56  14  62  32   3  94  33  62  39  25  42  98  43  35
   79  47  50  25  92  94  40  68  89  78  38  61  48  82   4  74  27  48
   68  54  90  44  49  28  86  94  65  52  60  77  17  26  55  30  20  85
   53  34  11  94  83  32  15  23  54  44  90  16  12  45  53  63  10  27
   78  21  50  16  36  53  82  98  91  22  47  48  64  74  25  35  81  78
   90  60  98  50  21  69  34  30  51  72  92  63  57   2  74   1  54  93
   34  22  99  59  97  41  11  39  79  13  57  74  75  49  51  29  88  23
    7  87  47  57  85  28  96  17  82  33  16  55  60  21  47  63  65  55
   90  68  29  14  84  15  80  65  40  57  56  38  65  40  29  81  90  79
   94   9  89  88  30  46  26   8  34  68 100  92  56  13  35  27  43  66
   13  48  65  95  68  63  54]]
 setup_times
 [[[ 0 40 52 52 46 53]
  [ 0  0 42 51 38 30]
  [ 0 58  0 36 30 38]
  [ 0 49 45  0 33 56]
  [ 0 55 57 52  0 51]
  [ 0 47 33 54 37  0]]

 [[ 0 33 30 57 57 34]
  [ 0  0 42 41 41 31]
  [ 0 46  0 44 38 45]
  [ 0 57 30  0 49 36]
  [ 0 30 47 47  0 33]
  [ 0 47 32 55 49  0]]

 [[ 0 42 46 37 47 45]
  [ 0  0 49 41 30 37]
  [ 0 42  0 41 34 40]
  [ 0 45 44  0 48 50]
  [ 0 43 33 58  0 58]
  [ 0 40 56 42 59  0]]

 [[ 0 50 35 33 57 45]
  [ 0  0 50 35 49 51]
  [ 0 46  0 30 31 34]
  [ 0 41 34  0 38 30]
  [ 0 50 59 48  0 42]
  [ 0 50 57 46 48  0]]

 [[ 0 58 36 30 55 52]
  [ 0  0 32 49 55 42]
  [ 0 42  0 56 45 35]
  [ 0 49 55  0 46 58]
  [ 0 43 53 54  0 48]
  [ 0 33 50 52 50  0]]

 [[ 0 38 30 47 53 45]
  [ 0  0 35 48 58 48]
  [ 0 42  0 45 50 36]
  [ 0 44 31  0 59 48]
  [ 0 56 38 51  0 39]
  [ 0 43 45 50 33  0]]

 [[ 0 59 43 42 59 48]
  [ 0  0 40 56 38 53]
  [ 0 50  0 52 35 39]
  [ 0 34 47  0 41 57]
  [ 0 41 42 49  0 44]
  [ 0 42 38 59 39  0]]

 [[ 0 55 30 46 30 41]
  [ 0  0 48 40 57 49]
  [ 0 56  0 30 38 35]
  [ 0 37 32  0 43 56]
  [ 0 49 52 30  0 37]
  [ 0 48 43 31 32  0]]

 [[ 0 44 48 51 41 55]
  [ 0  0 39 42 36 46]
  [ 0 55  0 53 57 48]
  [ 0 37 41  0 50 49]
  [ 0 57 58 33  0 33]
  [ 0 38 48 32 52  0]]

 [[ 0 33 42 33 46 45]
  [ 0  0 37 42 30 42]
  [ 0 51  0 55 51 34]
  [ 0 50 34  0 37 43]
  [ 0 49 57 55  0 42]
  [ 0 56 44 56 55  0]]

 [[ 0 37 42 33 49 48]
  [ 0  0 56 57 54 33]
  [ 0 52  0 30 55 30]
  [ 0 50 51  0 30 46]
  [ 0 37 39 37  0 54]
  [ 0 46 41 47 45  0]]

 [[ 0 59 52 50 45 33]
  [ 0  0 39 57 47 38]
  [ 0 55  0 33 37 37]
  [ 0 52 38  0 33 42]
  [ 0 31 56 59  0 33]
  [ 0 36 40 54 38  0]]

 [[ 0 56 42 50 46 58]
  [ 0  0 42 51 31 30]
  [ 0 37  0 47 32 46]
  [ 0 54 33  0 43 30]
  [ 0 39 45 36  0 32]
  [ 0 30 32 50 47  0]]

 [[ 0 52 45 38 45 55]
  [ 0  0 55 54 58 30]
  [ 0 49  0 39 48 59]
  [ 0 57 46  0 34 46]
  [ 0 34 46 46  0 39]
  [ 0 56 40 32 56  0]]

 [[ 0 43 36 38 44 49]
  [ 0  0 51 32 38 45]
  [ 0 33  0 48 39 45]
  [ 0 46 34  0 44 59]
  [ 0 38 40 51  0 55]
  [ 0 37 49 35 44  0]]

 [[ 0 41 45 36 30 38]
  [ 0  0 46 45 35 46]
  [ 0 35  0 57 40 53]
  [ 0 41 30  0 40 48]
  [ 0 32 56 33  0 57]
  [ 0 56 31 57 55  0]]

 [[ 0 51 45 55 36 34]
  [ 0  0 54 58 38 31]
  [ 0 35  0 55 40 44]
  [ 0 55 43  0 44 32]
  [ 0 31 39 59  0 48]
  [ 0 58 56 48 39  0]]

 [[ 0 50 34 42 32 32]
  [ 0  0 34 54 56 32]
  [ 0 42  0 51 50 35]
  [ 0 54 54  0 52 31]
  [ 0 41 46 44  0 31]
  [ 0 40 48 31 47  0]]

 [[ 0 34 36 47 31 50]
  [ 0  0 57 39 40 47]
  [ 0 45  0 32 41 51]
  [ 0 38 52  0 31 39]
  [ 0 44 44 30  0 46]
  [ 0 31 32 40 43  0]]

 [[ 0 34 33 32 38 48]
  [ 0  0 54 32 48 46]
  [ 0 57  0 50 49 58]
  [ 0 58 34  0 54 53]
  [ 0 56 34 57  0 59]
  [ 0 36 35 38 33  0]]]
 delivery_times
 [[ 0 29 21 26 94 17 72 67 14 77 46 55 63 19 74 79 62 14 43 72  6  8 38  6
   8 25 41 22 93 44 77 80 59 48 95 80 82 66 24 26 45 77 35 40 91 20 58 94
  94 18 10 54 28  7 84  3 18 34 12 43 86 19 27 82 67 43 21 42 13 23 37 69
  72 40  5 27 33 63 67  8 30 36 80 80  3 92 39 31 25 19 19 88 44 18  3 56
  83  4  8 37 13 87 95 31  2  6 69 78 11 64 19 40 25 66 73 85 10 98 40 88
  38 15 33 60 55 62  3 52 43 54 61  2 26 58 94 35 42 85 94  4 62 37 70 40
  55 24 86 22 42 69 70 55 85 95 15 85 34 24 90 20 55 48 57 80 83 20 75 14
  83 49 54 17 38 33 84 23  3 48 10 49 14 44 72 58 39 17  3 63 33 74 99 29
  75 26 78 46 10 32 91 25 47 34 97 11 48 79 14  3 50 33 64 38 41 31 51 32
  36 57 87 18 98 77 79 98 99 22 16 75 22 76 59 60 93 49 56 48 47 79 72 58
  59]
 [ 0 45 71 67 95 23 78  3 97 85 99 79 14 85 79 95 27 13  4 85  5 83 88 47
  76 91 31 31 38 61 65 28 11 94 26 52 94 79 57 79 31 72 53 24 20 11 27  6
  68 34 23 10 60 20 11 46 62 63 99 86 78 75 27 90 33  5 14 76 67 47 54 11
  55 83 83 42 95 57 74 71 55 94  1 73  2 36 72  4 41 99 73  3 23 57 88 94
  58 78 80 52 33 81 36 91 70 52 64 93 41 90 95  9 11 66 70 63 80 85 33 85
  19 67 11 60 17 38  1 76 68 18  9 70 40 95 49 15 81 61 65 52 21 17 32 44
  84 92 66 53 25 90 56 76 91 51 11 58 26 51 60 69 13 35 21 66 11  3 51 17
  98  6 94 48 62 93 75  8 56 56 61 98 19  1 70 19 42 64 73 41 70 76 58 49
   8 27 51 20 57 63 37 86 14 66  4  2 90 61 70 72 23  2 32 46 89  2 19 49
  52  7 27  5 39 41 78 97 23 37 80 79 12 43 64 25 31 17 51 10 46 90 12 78
  37]
 [ 0 46 55 25 68 54 48 20 90 82 48 58 71 85 97 37 54 38 95  4 73 40 61 76
   4 87 19 84 52 83 92 38 63  3 39 60 14 58 49 85 70 82 98 30  6 34 61  5
  70 45 73 23 39 74 73 30 96 60 38 48 17 81 89 32 60 42 22 50 69 69 80 43
  13 26 12 49  8 40 16 52 37 87 83 66 83 62 56 63 79 22 73 39 33  2 97 41
  74 96 64 77 92 30 53 98 88 67 42 41 42 53 74 15 22 67 24 43 26 21 21 37
   6 79 75 78 97 33 53 52 48 54 58 43 63 42 22 88 48 11 51 85 35 98 49 19
  85 20 46 55 88 38 34 63 20 17  1 65 50 31 76 96 12 75 33 83  2 85 72 79
  92 62 16 98 91 60 75 89 79  3 21 47 63 98 94  7 72 40 91 92 42 27 96 12
  46 45 41 94 88 76 61  7 12  7 82 73 43 23 52 16 24 56 11 39 90 99  4 59
  39 59 68 72 55 88 54 25 26 21 79 20 61 54 64 47 98 67 51 72 16 71 39  1
  13]
 [ 0  2 18 61 16 25 69 26 83 88 67  5 40 50 79 70 26 62 98 42 16 10 37 62
  39 26 23 43 14 40 55 97 77  2 24  1  3 37 69 61 23 71 90 82 57 34  3 20
  91 12 67 81 42 65 26 86 92 29 86 76 46 45 73 95 58 82 37 20 33 44 44 59
  59 25  9 45 35 19  9 92 56 80 76 43 19 99 88 92 41 51 28  8 16  5 11 62
  65 81 64 54 72 64 27 45 45 15 19 65 53 58 57 28  8 72 45 11  1 70 90 12
  19 31 26 87 68 90 81 50 19 60 85 50 31 90 77 25 65 55 49 16 76 25 29  8
  25 65 83 69 45 28 93 82 90 90 51 83 87 41 73 57 72 91 33 60 51 39 21 85
  39 66 98 28 13 91 60 35 84 54 69 74 39 47 28 60 48  5 75 43 30  1 83 68
  89  9 22 75 64 87 67 41  8 81 67 44 45 22 87 58 56  8 27 54 83 93 58 47
  98 66  8 40 42 78 99 21 30 90 91 32 54  7 86  2 23 88 19 39 74 21 59 25
  88]
 [ 0 55 67 41 62 43 34 25 79 23 34 45 58 35 59 56 72 75 67 20 79 44  8 19
  75 58 68 31 11 17 25 34 64 50 87  6 41 91 90  6 96 63 48 44 14 68 74 44
  55 63 36 76 99 30 70 63 61 15 56 45 33 23 75 21 15 39 70  9 37 99 35 74
   5 92 57 27  9 55 27 47 49 50 50 31 61 36 74 19 10 78 63 23 65 41 29 84
  63 60 24 20 80 38 17 87 50 18 71 24 35 66 63 47 91 83 91 26 65 50 58 44
  14 61 18 41 76 60 29 85 47 87 76 47 67 15 73 17 18 14 23 54 53 82 31 92
  15 21 14 70 57 43 16 30 17 27  5 34 73 12 38 73 77 78 24 44 88 59 84 56
  87  8 81 65 92 96 47 90 37 64 11 29 75 10 75 27 12 44 83 58 74 35 61 75
  90  4 11 21 18 69 72 50 86 30 67 53 91 62 98 65 43 31 40 40 33 81 58 72
  18 85 45 74 66 42 28 76 53 49 88 57 37 56 73 95 94 40 52 18 89 87 14 92
  84]
 [ 0 32 51 65 40 36 54 55 49  5 92 78 11 16 40  4 42 81 30  9 72 67 20 87
  79 35 79 17 85 20  3 88 51 52 75 53 67 31 45 44 94 92 97 67 77 15 69 75
  68 78 51 20 41 42 92  6 79 51  6 45 13 75 94 76 71  5 56 59 31 43 20 28
   9 59 14 50 35  1 74 80 16 19 15 27 13 58 46 69 61 29 19 98 80 69 44 71
  74 10 50 94 98 79 34  3 67 58 70 48 19 19 14 44 11 37 96 73 13 97 87 18
  46 87  7 56 40 21 21 86 54 17 16 37 11 54 81 98 78 93 98 46 85 30 21 55
  79 77 65 50 67 49 51 35 38 25 86 18  4 50 52 47 29 60 34  1 71 66 55 72
  74 21 96 99 24 80  4 66 86 13 74 38 25 45 98 64  4 97 84 33 82 61 20 78
  53 47  7 77 69 45 62 22 19  3 47 42 83 67 45 66 67 81 47 98 51 96 30 16
   1 11 46 43 86 77 66 36 55  3 43 70 61 63 37  6 36 78 66 80 20 14 80 52
  89]
 [ 0 90 54 16 12 16 62  7 82 79 27 74 13 86 97 43 15 67 72 59  5  4  1 26
  68 18 65 62 17 63  7 18 18 10 53 35 20 25  8 26 77 80 76 63  4 86 23 64
  68 37 90 59 20 85 60 32  3 22 14  4 27 32 84 19 43 52 35 46 64 12 41 29
  16 68 11 27 62 75 91 81 91 29 51 55 63  2 61 26 82 93 19 70 10 88 78 37
   9  2  1 63 46 89 62 15 51 48 21 50 16 63 24 70 51 35 21 36  6 99 50 40
  38 70 34 74 22 71 85 14 45 39 48 69  4 63 71 79 96 93 22 14 98 68 40 95
  44 48 37 18 11 14 77 18 16 91 23 62 92 44 61 67 61 85  9 85 50 90 73 99
  94 49 17 24 42 75 70  8 29 54 80 49 25 67 45  1 50 90 84 41 99 13 87 40
  94 33 25 57 18 58 34 27 76 49 93 32 55 63 28 30 28 13 96 77 97  3 72 46
  87 89 76 60 25 11 56 49 67 47  3 53 50 73  3 24 97 91  5 31 94  4 23 13
   6]
 [ 0 44 20  1 49 46 41 63 41 70 81 58 69 71 68 23 68 65  2 67 67 69 21  7
  56 62 80 97 21 85 42 34 31  4 86 30 53 40 93 78 25 35 97  4  9 77 68 51
  42 29 19 47 12 32 19 80  2 51 11 43  1 50 28 94 79 22 56 51 60 92 93 23
  90 83 26 25  7 28 67 78 84 41 35 13 54 82 89 96 34 54 80 32 87 84 86 46
  86 81 70 60 24 67 28 39 82 51 76 36 27 17 24 79 23 50 34 61 68 51 19 84
  16 86 17 56 29 45 79 79 53 22 40 43  2 71 42 58 94 70 56 33 73 22 40 65
  62 55 58 81 27 43 22 94 50 92 14 48 58 18 66 96 12 89  8  7 60 53 31 73
  33 29 56 74 55 95  7 29 29 35  2 86 60 75 64 62 95 90 74 28 54 69 41 55
  37 57 87 73 25 62  9 82 80  9 39 38  4 42 91 22 55 27 83 39 29 89 74 69
  47 52 37 90 31 14 83 79 96 57 85  6  9  8 60  3 40 20  3 89 53  1 33 77
  85]
 [ 0 66 25 23 81  4 72 30  9 13 46 13 92 39 72 27 47 89 66 80 86 84 69 97
  22 41  5 30 41 41 60 97 13 79 28 14 65  8 39 98 94 61 79 71 98 53 82  5
  51 62 20 43 20  2 15 97 30 80 49 19 10 72 63 17 37 22 91 45 99 86 50 62
  29 92 68 50 89 12 46 52 14 20 37 61 52 54 80 96 10 51 63 76 29 82  9  2
   6 95 64  3 84 78 55 63 39 10  7 20 78 40 98 35 96 20 41 26 56 88 50 85
  82 48 15 61 11 41 82 63 60 44 96 84 83 84 26 75 38 74 28 35  7 92 90 80
  56 67 10 68 44 49 40 72  9 53 15 32  2  9 26 91 15 64 22 48 90  8 66 43
  35 63 45 90 63 36 68 93  8 75 15 82 72 41  1 24 95 61 23  6 65  6  1 57
  12 47 71 84 40 68 89 24 38 73  1 99 14 29 75 91 21 13 81 88 75 74 41 84
  83 72 13 86 36 97 13 77 48 90 27 80  8 62 59 13 83 83 24 32 75  3 20 88
  46]
 [ 0 10 31 93 64 36 70 27 32 53 91 54 92 43 20 98 91 75 70 83 24 75 44 69
  47 39 45 43 67 43  8 77 28 29 63 49 51 12 39 84 87 79 18 38 45 64 89 66
  22 42 75 61 75 36  5  3 92 56 12 69 21 22 40 11  9  5 71 69 39 81 26 33
   6 48  6 10  3 14 60  4 51 15 12 35 67 95 55  3 64 34 68 39 61 72 70 10
  35 51 71 21 18 60 60 14 55 64  4 35 85 62 39 43 43 21 98 62 45 32  1 72
  55 52 21 76 86 31 54  7 78 64 26 95 29 30 31 95 29 15 14 36 75 98 13 49
  78 92 17 19 34 61 81 15 31 45 84 74 83 59 32 88 44 32 57 87 62 78 55 77
  95 54 78 33 28 91 81 36 64 15 56 73  4 86 56 35 71 68  8 91 79 31 13 32
  96 81 18 76 76  2 96 85 21 14 43 87 94 66  2  9 17 27  4  7 78 87  9 54
  50  4 75 16 60 10 72 13  5 60 37 74 99 72 21 65  9 30 48 79  9 30 34 69
  86]
 [ 0  6 88 69 80 73 30 73 71 58 79 75 77 66 24 25 46 69 95 95 98 53 16 58
  41  3 82 98 59 19  7 20  3 52 78 25 97  7 58  9 14 98 90 50 60 72 97 39
  94 90 22 32 72 45 56 94 57 58 75 46 82 55 14 24 99  4 37 74 33 43 23 82
  68 47 50 89 21 51 22 28  2 65 39 23 86 97 16 39 94 57 19  6 79 98 50 10
  49 28 30 88 32  2 62  6 28 35 86 17 84 14 58 80 11 13  9 19  2 94 96  7
  59 57 17 39 95 64 95 14 20 51 67 35 56 38 16 98 57  7 19 21 67 87 79 51
  65 56 59 21 26 40 23 94 98 36  3 10 86 31 65 84 28  4 25 36 98 52 20 37
  39 55  8 20 91 41 84 76 28 37  8 58 73 71 40 51 37  2 32 74 79 94 23 48
  43 14 77 69 61 48 10 91 90 40 53 60 96  8 30 91 27 89 32 27 36 50  8 11
  84 11 80 57 68 73 87 48 70  1 84 44 39 21 12 20 88 38 95  4 28 58 98 16
  53]
 [ 0 44 81 36 76 42 24 72 43 14 88 25 63 39 35 38 19 76 67 64 18 34 24 49
   3 59 45 51 96 56 43  3 72 53 90 68 30  6  7 82 24 21 59  1 81 14 19 88
  74 59 48 51  2  4 44 12  8  8 64 11  2 60 51 79 24 54 65 60 61 94  1 45
  33 38 68 42 70 92 28 81 69 29  8 33  8 34 54 33 61 44 47 11 58 49 65 90
  97 14  3 36 21 91 60 79 39 85 75  2 50 48 57 87  1 80 87 36 84 46 55 32
  62 66 38 59 92 11 15 37 20 24 83 73  9 51 15  7 44 94 30 59 44 26 49  8
   2 89 32 81 24  6 13 52 10 45 30 76 86  3 20 52 60 33 52  4 65 89 56 28
  58 87 95 27 12 48 93 14 54 36 38 66 36 44 33 50 64 22 89 72 87  2 87 12
  29 92 94 75 23 83 64  3 41 52 76 64 15 74  9 52 47 68 53 68 23 60 54 93
   4 36 26  4  6 25 17 73 66 15 17 58 95 26 76 34 66 64 58 54 19 82 48 41
   7]
 [ 0 62  5 74 65 16 99 44 14 81  8 42 74 33 57  8 26 64 69  9 48 69 43  6
  95 67 38 20 12 43 24 70 57 85 58 67 34 47 69 16 79 26 77 48  7 30 74 46
  12 70 78 84 18  7 91 45 73 94 22 76 23 63  3 93  9 30 90 93 17 39 69 54
  26  7 58 88 38 59  4 41 81 28 69 82 52 99 61  8 61 74 28 76  9 30 30 15
  98 86 49 97 87 46 95 47 66 31 52 45  6  8 31 76 25 28  6 93 55 59 32 28
  54 65 99 69 90 38 25 58 88 86 30 42 43 42 48 82 75 14 22 61 80 96 97 33
  66 73 40 53  7 20 44  5 43 94  3 65 37 26 33 10 33 87 72  5 13 78 96 49
  77  5 74 89 16  5  2 94 25 59 11 31 68 61 55 34 72 72 98 82 47 45 41 68
  94 40 30 88 98 27 31 25 18 75 12 66 17 16 12 91 36 44 46 84 32 12 40 39
  59 92 36 36 34 14 32 64 70 39 14 79 40 18  2 48 48 86 25 99  9 95 11 82
  30]
 [ 0 24 99 97 85 92 26 87 15 89 48 51 79 55 11 40 65  8 18 65 75 99 31 47
  53  4 65 36 51 94  6 59  2 58 80 87 29 19 84 99 95 24 18 79 76 99 24 96
  44 50 32 15 79 88 76 52 85 55  4 78 61 53 57 63 41 48 10 88 57 41 78 68
  33 79 18 47 25 28 27 28  6 91  7 73 58 22 41 10 80 40  9 32 49 76 27 40
  92  2 35 27 95 18 60 15 95 29 88  6  3 38 34  8 32 13 74 65  2 35 71  2
  35 58 28 33 90 99 67 27 58 47 53 69 88 86 78 96 94 80 42 48 31 95 89 22
  90 42 34 49 55 92 91 72 96 81 16 90 52 62 66 48  8 42 94 64 75 76 73 89
  47 37 71 74 22 91 78 68 30 67 70 76  2 61 16 70 61 29 30 20 63 70  9 62
  35 38 96 76 62 29 35 93 44 50 17  4 93  4 68  9 56 12 21 98 18 75 45  6
  88 50 82 99 60 20 25 41 99 46 20 12 58 26 52 40  4 80 27 71 52  3  1 31
  80]
 [ 0 87 61 39 85 26 85 31 31 36 84 36 42 18 10 77 34 96 30 10 75 37 79 50
   6 11 63 57 63 28 76 69 35  8 38 70 88 29 40  6 62 25 99  6 85 18 35 45
  13 24 28 10 16 51  2 54 98 15 12 72 43 67 18  5 79 53 17 13 12  2 86 43
  27  2 16 98 46  6 45 77 90 26 15 81 74 16 81 84 63 53 58  5 50 11 88  1
  16 35 52  8 18 72 20  8 86 44 20 70 11 46 23 75 81 31 46 30 13 71 99 56
  63 30 32 73 40 45 29 26 30 12 57 33 81 32 89 39 22 68 61 85 73  4 46 97
  94  7 55 60 75 29 21 73 63 52 29 80 22  4 49 75 12 44 89 25 44 26  7 81
  77 96 77 15 36 88 74 18 21 25 59 37 49 16 96 49 32  5 74  6 66 92 86 17
   1 43 69 52 29 77  4 15 37 48 92  7 56 28 69 65 81 72 26 10 74 98 27 65
  35 80 23 67 44 38 25 68 58 12 91  6 14 18 74 36 20 62 78 44 84 75 57 56
  57]
 [ 0 18 83 49 11 69 31 80 86 59 87 69 21  6 27 85 79 59 57 65 67 48 96 38
  56 13 60 83 34 51 66 97  4 92 46 65 81 31 24 11 79  9 27 63 72 52 75 96
  51 42 89  8 12 93 93 54  4 31 24 83 68 92 98 66 34 11 70 25  2  7 29 66
  57 95 82 71 12  6 62 19 57 58 67 34  2 45 53 97 71 89  6 12 33 81 55 44
  66 99 72 57  2 30  4 94 36 51 34 15 64 38 29 77  6 28  3 17 74 61 65 16
   6 34 95 33 26 15 79 11 76 49 96 79 15 47 19 83 53 50 77 17 16 88 89 59
  41 43 87 95 39 87 55 94 66 69 62 28 76 95 36 53 79  3  5 65 32 60 10 24
  28 35 72 96 12 94 18 27 92 82 21 79 55 46 72 18 54 23 42 29 93 91  5 86
  66 15 34 48 33 61 74 53 61 36 96 73 77 36  8 29 25 13  8 15 23 93  5 74
  52 41 67 54 18 99 80 17  3 59 95 88 32 17 11 14 90 68 87 56 85  5 32 52
  75]
 [ 0 84 71 34  7 13 60 43 88 53 82 14 72 15 72 85 51 66 55 50 69 33 75 59
  51 50 68  8 36 86 23 27 69 22 95 82 25 64 78 58 87 45 30 79 55  5 78 38
  20 26 92 47 41 20 26 38 38 48 93 12 48 11 72 22  1  9 22 50 15 79 61 82
  63 54 44 18 77  3 37 63 18 82 99 67 33 23 97 55 57 21 92 87 18 90 70 82
  67 33 60 18  4 23 37 42  1 47 79 11 40 33 69 87 95  9 46 51 86 45 39  1
  30  2 65 95 98 85 12 20 94 72 46 63 78 88 93 56  2 78 48 17 21 10 72 41
  56 93 33 47 45 95 11 57 92 23 40 53 25 85 17 53 77 41 98 35 58 77 78 66
   1 74 83 13 47 66 89 16 99 38 10 69 54 65 69 13 61 29 55 55 53 66 17 15
  65 53 81 31 27 90 18 91 22 61 22 27 52 83 71 91 11 45 87 76 41 77 82  4
  27 45 17 50 80 22 74 12 58 38 21 41 39 27  3 13 37 83 66 25 26 36 98 73
  45]
 [ 0 44 10 77 39  3 53 33  3 45 81 94 86 81 15 93 39 59 98 86 28  5 44 11
  65 62 92 16  5 68  2 51 63 35 77 62 17 50 60 45  5 16 60 13 41 11  4 62
  37 34 70 35  6 79 18 85 53 14 33 30 27 60 26 54 85 70 42 83 60 45 87 83
  94 34 61 89 74 37 69 67 82 94 84  8 31  8 16  4 97 45 59 46  8  5 38 86
  39 75 10 63 24 80 96 46 37 82 38 34  7 94 74 14 72 13 36  7 13 21 84 58
  51 44 64  9 37 49 54 47 99 50 78 32 42 38 91 80 24 83 16 98 63 57 17 17
  56 11 96 59 91 13 14 39 32 18 33 73 20 90  6 71 60  5 16 65 17 72  7  6
  36 48 39 42 33 30 51 82 15 59  1 86 12 13 19 77 97 60 82 41 90  5 18 99
  31 84 81 68 42 55 25 84 65 47 65 36 49  6 82 91 42  1 94  4 55 29 34 79
  53 31  8 58 23  8 68 34 95 24 51 56 96 59  7 20 85 91 98 18 36 66 32 41
  49]
 [ 0 66 97 35  6 56 40 46 34 28 78 35 87 39 84 34 25 63 40 51 79 11 77 36
  29 70 52 76 51 36  1 50 63 91  1 32 55 29 12 76 36 60 56 95 73 13  1 50
  32 49 84 41 52 39 98 63 95 34 89  4 85 78 47 42  6 39 18 66 65 29 71  7
  53 89 41  5 31 55 54 53 74 52 82 85 15  4 15 76 35 77  2 96 42 67 78 95
  63 95  3 40 14 76 22 53 93 16  2 68 26 43 17 53 36 98  8 12 18 55 53 66
  75 72 76 70 79 53 28 56 37 76 17  4 50 67 11 95 93 89 31 50 57 59 49 16
  36 90 30 93 58 99 57 91 12 87 86 10 13 87 68 96 22 25 70 31 90 56  4 92
  26  7 93 87 17 70 84 62 14 91 42  6 96 95 48 85 41 97 22 56 84 21 86 93
  49 60 72 49  4 27 29  9 91  7 35 13 68 95 29 82 55  8 48  1 26 29 94 48
  68 27 64 35 39 50 99 43 50 60 18 44 54 34 51  3  3  5 37 77 36 94 97 59
  18]
 [ 0 57 26 83  6 78 42 85 61 29 37 94 42 41 31 63 41 65 41 38 68 59 81 29
  46 96 97 41  2 17 37 89 57 98 68 75 57 92 34 82 55 27 64 44 23 73 51 40
  56 20 39 96 12 89 80 90 61 34 94 71 23 54 99 87 14 25 53 15 67 74 71 96
  54 22 66 97 52 77 44 20 70 96 73 70 90 65 37 19 94 87 84 52 86 86 51 15
  45 53 24 55 28 11 40 60 36 97 47 97 44 57  3 76 68  6 19  5 39 52 59 12
  24  9 35 58 88 33 52 11  6 21  9 56 77 18 98 52  3 12 27 11 20 95 29 58
  34 68 16 88 39 69 36 30 89 84 97 94 68 27 85 36 32 95 21  9 74 56 39 42
  28 89 21 82 61 10 72 17 98 61 32 86 86 90 13 79 11 55 11 92 78 80 94  4
  91 76  3  7 34 80 77 92 34 39 58 47 43 15 66 26 66 44 35 65 35 91 37 48
  84 81 55 37 51 24  2 61 83 74 62 66  5 15  9 46 92 94 57 72 42  1 81 96
  38]]
 job2fam
 [[1 0 0 0 0 0 0 0 0 0 0 0 0 0 0 0 0 0 0 0 0 0 0 0 0 0 0 0 0 0 0 0 0 0 0 0
  0 0 0 0 0 0 0 0 0 0 0 0 0 0 0 0 0 0 0 0 0 0 0 0 0 0 0 0 0 0 0 0 0 0 0 0
  0 0 0 0 0 0 0 0 0 0 0 0 0 0 0 0 0 0 0 0 0 0 0 0 0 0 0 0 0 0 0 0 0 0 0 0
  0 0 0 0 0 0 0 0 0 0 0 0 0 0 0 0 0 0 0 0 0 0 0 0 0 0 0 0 0 0 0 0 0 0 0 0
  0 0 0 0 0 0 0 0 0 0 0 0 0 0 0 0 0 0 0 0 0 0 0 0 0 0 0 0 0 0 0 0 0 0 0 0
  0 0 0 0 0 0 0 0 0 0 0 0 0 0 0 0 0 0 0 0 0 0 0 0 0 0 0 0 0 0 0 0 0 0 0 0
  0 0 0 0 0 0 0 0 0 0 0 0 0 0 0 0 0 0 0 0 0 0 0 0 0]
 [0 0 1 0 0 0 0 0 0 0 0 0 0 0 0 0 0 0 1 0 0 0 0 0 0 1 0 1 0 0 1 1 0 0 0 0
  0 1 1 0 0 0 0 0 0 0 0 1 0 0 0 1 0 1 1 1 0 0 0 0 0 0 0 0 0 1 1 0 0 0 0 1
  0 0 0 0 0 0 0 0 0 0 1 1 0 0 0 0 0 0 0 0 0 0 0 0 0 0 0 0 0 0 0 0 0 0 0 0
  0 0 0 1 0 0 0 0 0 0 0 1 0 1 0 0 0 0 0 1 1 1 0 0 0 0 0 0 0 0 1 0 0 0 0 0
  1 1 1 0 1 1 0 0 0 0 0 0 0 0 0 0 0 0 0 0 0 1 0 0 1 0 1 0 0 0 0 0 0 1 0 0
  0 0 0 0 0 0 0 0 0 1 0 0 0 1 1 1 1 0 0 0 1 0 0 0 0 1 0 0 0 0 0 0 0 0 0 0
  0 0 1 0 0 0 0 0 0 1 0 0 0 0 0 0 0 1 0 0 1 0 1 0 0]
 [0 0 0 0 1 0 0 0 0 0 0 0 0 0 0 0 1 1 0 1 0 0 0 1 0 0 0 0 0 0 0 0 1 1 0 1
  0 0 0 0 0 1 0 0 0 1 0 0 0 0 0 0 0 0 0 0 1 1 0 1 1 0 0 0 0 0 0 0 0 0 1 0
  0 0 1 0 1 0 1 0 0 1 0 0 1 1 0 1 0 0 0 0 0 0 0 0 0 0 0 1 0 0 1 0 0 0 0 0
  0 0 0 0 0 0 0 1 0 1 0 0 1 0 0 1 0 0 0 0 0 0 1 0 0 1 1 0 1 0 0 0 1 1 0 0
  0 0 0 1 0 0 0 0 0 0 0 1 0 0 0 0 0 0 1 1 0 0 0 1 0 0 0 0 0 0 0 0 0 0 0 1
  0 1 0 0 0 1 1 0 0 0 1 0 1 0 0 0 0 0 0 1 0 0 1 0 0 0 1 0 0 1 0 1 0 0 0 1
  1 1 0 0 0 0 0 0 0 0 0 1 0 0 0 0 0 0 0 0 0 0 0 0 0]
 [0 1 0 1 0 0 0 1 0 0 1 0 0 1 1 0 0 0 0 0 1 0 0 0 1 0 1 0 1 0 0 0 0 0 1 0
  1 0 0 0 1 0 0 1 0 0 0 0 0 0 1 0 1 0 0 0 0 0 1 0 0 1 0 1 1 0 0 0 0 0 0 0
  1 0 0 1 0 1 0 0 1 0 0 0 0 0 1 0 0 1 1 0 1 0 1 0 0 1 1 0 0 0 0 0 1 1 1 0
  0 0 0 0 0 1 0 0 0 0 0 0 0 0 0 0 1 1 0 0 0 0 0 1 1 0 0 0 0 0 0 0 0 0 1 0
  0 0 0 0 0 0 1 0 0 0 0 0 0 0 1 1 0 0 0 0 0 0 1 0 0 1 0 0 0 0 1 1 0 0 0 0
  0 0 0 0 0 0 0 0 0 0 0 0 0 0 0 0 0 1 0 0 0 0 0 1 0 0 0 1 1 0 1 0 0 0 0 0
  0 0 0 1 1 0 1 1 0 0 0 0 1 0 1 0 0 0 1 1 0 0 0 0 1]
 [0 0 0 0 0 0 0 0 1 1 0 1 1 0 0 1 0 0 0 0 0 1 0 0 0 0 0 0 0 1 0 0 0 0 0 0
  0 0 0 0 0 0 0 0 1 0 1 0 1 0 0 0 0 0 0 0 0 0 0 0 0 0 0 0 0 0 0 1 1 1 0 0
  0 0 0 0 0 0 0 1 0 0 0 0 0 0 0 0 1 0 0 0 0 1 0 1 1 0 0 0 0 0 0 1 0 0 0 1
  1 0 0 0 0 0 0 0 0 0 0 0 0 0 1 0 0 0 0 0 0 0 0 0 0 0 0 1 0 0 0 1 0 0 0 1
  0 0 0 0 0 0 0 1 0 1 1 0 0 1 0 0 0 1 0 0 1 0 0 0 0 0 0 1 0 1 0 0 0 0 0 0
  0 0 1 0 0 0 0 1 0 0 0 1 0 0 0 0 0 0 1 0 0 1 0 0 1 0 0 0 0 0 0 0 1 0 1 0
  0 0 0 0 0 0 0 0 0 0 1 0 0 0 0 1 0 0 0 0 0 1 0 1 0]
 [0 0 0 0 0 1 1 0 0 0 0 0 0 0 0 0 0 0 0 0 0 0 1 0 0 0 0 0 0 0 0 0 0 0 0 0
  0 0 0 1 0 0 1 0 0 0 0 0 0 1 0 0 0 0 0 0 0 0 0 0 0 0 1 0 0 0 0 0 0 0 0 0
  0 1 0 0 0 0 0 0 0 0 0 0 0 0 0 0 0 0 0 1 0 0 0 0 0 0 0 0 1 1 0 0 0 0 0 0
  0 1 1 0 1 0 1 0 1 0 1 0 0 0 0 0 0 0 1 0 0 0 0 0 0 0 0 0 0 1 0 0 0 0 0 0
  0 0 0 0 0 0 0 0 1 0 0 0 1 0 0 0 1 0 0 0 0 0 0 0 0 0 0 0 1 0 0 0 1 0 1 0
  1 0 0 1 1 0 0 0 1 0 0 0 0 0 0 0 0 0 0 0 0 0 0 0 0 0 0 0 0 0 0 0 0 1 0 0
  0 0 0 0 0 1 0 0 1 0 0 0 0 1 0 0 1 0 0 0 0 0 0 0 0]]
