params：
 weight-->(1, 10)
 proc_times-->(1, 100)
 setup_times-->(60, 120)
 delivery_times-->(170, 200)
 job_rate-->12

start:
alpha_1
12
 alpha_2
2.0
 mach
20
 job
240
 fam
5
 weigh
 [[0 1 4 4 1 8 6 7 3 6 7 5 8 7 8 2 7 8 6 3 5 9 8 5 2 7 2 6 2 4 1 9 9 3 2 1
  7 5 1 5 7 9 5 7 9 6 9 9 6 2 1 5 5 9 9 9 6 4 6 5 2 4 9 5 7 5 3 9 9 2 3 9
  6 4 6 9 8 2 5 1 3 4 2 5 1 9 2 4 6 4 5 5 5 9 4 5 3 2 9 5 3 6 8 3 5 1 6 5
  5 3 6 4 9 4 7 1 5 4 8 3 7 8 7 6 7 2 7 5 8 4 3 2 2 6 9 4 9 9 5 5 9 7 9 8
  3 6 3 3 3 4 4 9 9 9 1 3 8 7 5 8 2 7 1 7 7 5 8 5 6 9 9 3 6 2 1 3 3 2 5 9
  1 9 4 5 8 3 1 6 7 1 1 1 9 9 9 9 3 9 5 4 2 3 6 7 5 3 8 5 5 5 6 1 8 7 9 1
  3 5 5 8 1 6 4 3 5 2 7 1 9 5 2 6 1 3 1 7 2 6 1 2 5]]
 proc_times
 [[  0  94  63   3  16  68  39  71  31  40  45  68  73  95  23  49  42  32
   80  49  77  87  43   1  15  37   4  95  28  70  32  78  36  18  36  34
   34  66  45  71  81  68  73  50  85  51  44  38 100  94  14   9  60   3
   33   9  52  63  84  44  91  44  66  56   3  20  81  40  84  21  52  77
    7  56  86  45  83  44  55  52  71   2  83  32  35  30  37  68   1 100
   66  94   5  18  94  58  54  20  55  11  94  61  42  72  75  24  91  82
   86  27  80  47  88  86  61  44  98  70  13  32  15  72  92  81  21  22
    9  83  13  18  41  11   9   7  48   1  22  98  11  53  41  23  45  20
   88  25  48  18  44  97  51  88  95  34  54  71  46  28   1  90   3  80
   71  37  39  58  50  44  36  49   6  31  33  91  33  87  43  29  46  72
   73  57  22  15   9   9  12   8  33  11  80  16  25  42  11   2  24  25
   19  36  26  72   5  65  14  47  30  11  88  79  15  80  29  61  17  32
   26  26  68  77  57   8  87  57  10   2  52  94  11  29 100  20  62  32
   16  25  18  51  14  10  73]
 [  0  85  66  11  58  17  25  14  69  39  85  41  92 100  46  89  30   2
   98  77  13  42  92  80  51  78  50  45  53  52  40  45  78  81  57  55
   28   9  60  34  38  94  78  27  25  49  24  92  73  33  46  94  77  22
   55   2  48  31  91  42  68  76  86  75  75  18  10   3  96  16  91  38
   30  33  82  75  40  80  53  97  70  82  96  58  82  18  73  45  54  28
   55  70  85  12  46  91  66  58   8  47   7  98  71   6  25  16  74  56
   39  98  34  75  21  25  82  80  23  59  85  84  83  24  60  34  37  10
    2  95  47  65  78  15  62 100  76  93  63  96 100  51  84  49  70  26
   12   5  57  68  68  45  17  13  34  70  54  73  65  81   4  24  84  77
   66  12  14  52  54  22  31  67  64  27  84  78  45  72  25  92  80  71
   76  20  57  65  50  16  26  73  21  76  37  79  20  38  66  63  51  82
   85  91 100  12  21   4  49  55  87  61  38  63   4  14  32  42  95  85
   13  16  41   5  56  14  75  39  26  26  49  25   7  42  50  87  19  54
   61  65   8  81  20  66  84]
 [  0  92   1  53   1  48  94  30  40  80  64  96  56  29  22  86  43  86
   71  83  58   3  11  18  96  75  25  12  41  62  59   1   3  83  27  84
   80  58  41  60  60  31  13  43 100  92  51  35  74   4  15  14  69  19
   96  61  71  96  97  38  59   8  38  81   4  62   8  54  32  86  86  11
   96  29  81  38  15  17  71  58  68  69  76  82  20  87  58  14   4  83
    4  75  16  27  29   1  57  46  25  63  79  64  82  68  49  78  44  78
   34  77  45  30  68  40  61  82   8  54  13  13  41  56  98  61   2  16
   25  17  66  17  34  49  68  39  57  48  52  76  71  58  40  66   1  33
   30  70  98  82  96   2 100  89  87  43  54 100  25  36   9  36  38  70
   81   2  25  96  88  19  42  63  99  18  45  87  51   2  22  52  93  75
   40  95  28  28  28  97  88   3  63  92  33  10  65  93  20  80   4  58
    9  91  89  35  48  67  81  17   7  30  50   1  82  34  86   8  64  95
   55  77  36  97   3  46   6  90  79  56  11  74  52  64  94  67  48  97
   87  51  43  38   8  63  69]
 [  0   3  14  51  40  82  68  97  30  80  32  21  89  59  57  32  95  30
    1  15  17  75  52  91   9  32  85 100  25  10  20  16  54  84  73  19
   57  60  78  86  43  59  49   2  29  13  55  60  95  43  98   9  94  57
   39   8  16  17   5  61  40   3  45  38  26  41  22  72  88  71   5  13
   33  30  67  74  94  87  15  51   7  33   4  78  77  58   3  77  55  88
   72  39  44  33  86  91  79  93  99  98  20  24  40  20  68  63  80  21
    9  11  79  76   9  31  80  59  73 100  95   5  60  17  29  20  83  27
   86  13  40  86  79  10  48  42  91  81  26  55  41  43  80  20  77   1
   67  43  34   7  27 100  31  86  61  44  50  40  43  90  84  72  40  78
   47  37  92  40  51  94   4  29  96   2  85  19  50  73  16  26  20  72
   62   2  88  85   9  30  80   8  79   7  16  54  39  61  59  84 100  46
   61  45  44  22  65  33  52  58  54  94  75  93  57 100   5  84  99  44
   39   7  10  24  50  64  82  48  36  12  54   2  31   5  72  70  11   1
   20  71  67  20  33  74  20]
 [  0   4  42  77  84   4  34  11  70  12  91  12   2  87  72  79  75   1
   51  65  88   8  82  14  28  81  47  23  45  37  63   8  29  15  30  16
   23  45  27  25  96  79  74  19  14  82  50   3  86  37  15  93  68  98
   72  49  24  45  64  49  83  71   3  78  62  51  98  53  29  71  67  36
   89  64  75  31  27  46  74  24  74  26  66  57   2   8  18  65  29  73
   60  26  68  10  42  82  28  53  59   5   2  94  54  78  88  10  24  52
   61  79  75  49  91  34  13   3  75  77  64  61  97  23  92  17  77  29
   52  45  61  36  18  75  91  34  20  35  15   9   3   2  20   4  80  42
   53  27  99 100  10  63  43  28   1  24  50   8  56  89  45  84  80   5
   21  29  56  79  73  84  86  93  78  91  14  19   2  20  69   5  37  59
   19  87  56  43  14  28  93  22   9  89  76  73  69  76  12  41  13  74
   94  69  33 100  33  17  55  76  56  77  49  22  13  40  26  61  61  67
   75  23  41  98  24  65  46  99  32  65  56  58  60  62  16  59  28  91
   60  59  54  61  91  19  18]
 [  0  42  58  83  57  88  70  70  33  44  76  84  59  56   7  36  17  50
   59  59  46  91  60  87  35  30  31  39  90  32  14  87  94   7  24  38
   76  34  82  65  67  62  46  26  61  32  53  20  76  25   2  25  66  34
   60  50  16  86  90  94   7  87 100   1  34  13  10  11  63  69  33  52
   64  68  54  63  61  91  39  72  36  20  93  70   7  34  51  55  33  44
   39  23  39  29  97  91  15  62  68  56  74   5  79  99  17  42  50  29
   48  81  29  36  91  57  42  26  12  90  17  96  62  28  58  99   4  18
   19  26  45  30  98  89  29  10  22  11  51  41  42  57   8  70  46  88
   69   1  81  59  13  92  96  59  11  99   3  22  75  14  89  51  99  69
   40  38  23  80  69  24  60  45  72  55  12  37  59  30  39   6  38  80
   31  60  57  10   8  84  40  79  76  16  20  43  13  55  28  94  25  47
   15  58  95  40  58  41  17  94  49  15  50  15  98  95  13  86  58  37
   46  52  94  15  42  42  14  61  33  13  59   1  80  66  97  70  52  86
   24  63  68  18  69  90  47]
 [  0  31   5  33   1  27  98  80  49  12  15  10  80  24  55  98  17  57
   16  32  59  91  80  79  55  88  49  53  76  65  50  35  55  80  55  69
   70   8  76  21  99  99  97  18  89   6  69  50  52  66   8  50  57  30
   73  18  79  79  25  79  43  48  67  16  97   1  55  76  10  59  89  95
   21  85  21  39  36  85  22  16  47  54  47  99  31  85  95  86  93  79
   36  67   2  55  80  13  56  82  93  56  66  14   4  35   4  28  57  33
   14  49  89  67  24  70  29  57  18  96  50  99  29  88  67   5  31  56
   10  20  50  12  82   4  94  34  84  13  81  29  84  24  17  17  92  57
   66   9  58  25  98  75  43  21  69  11   2  17   2  46  74  27  46  45
   68  82   8  12   1  49  45  94  43  15  43  97  49  93  59  57  42  17
    1  81  40  77  71  25  56   5  25  60  83  55  48   5  64  81  41  62
    2  25  19  71  76  20   4  85  23  87  19  36  91   6  70  95  33   3
   91  74  61  57  11  61  66  46  65   3  57  85  20   1  95  94  17  19
   40  97   8  33  50  39  40]
 [  0   3  31  57  94  81  39  68  67  93   5  68  59  73  18  91  32  56
   33  16  92  15  79  25  69  85  61  20  65  52  50  74   2  53  86  23
   55  39  16  58   7  94   7  32  42  55   8  77  58  67  61  23  27  38
    4  18  65  38  31  16  28  12  60  59  81  17  23  36  15  78  59  68
   19  44  93   1  40  64  96  18  77  74  40  84  35   3  81  54  39  21
   86  26  78  32  52  35  33  77  48  84  92  73  17   1   5  11   1  45
   74  41  76  54  82  97  69  24  35  63  33  49  78  27  58  47  36  35
   97  54  22  35  27   4  80  31  77  11  74  32  48  20  47  62   4  95
   85  94  21  49  26  25  24   5  51  89  71  40  29  77  57  29  88  82
   91  74  92  51   8  96  23  39  29  17  87   7  79  46  70  12  77   3
   59  51  64  64  83  34  99  12  20  27  29  95   1  19  48  37  82  82
   77  70  50  44  68  83  98  77  55  42  72  60  53 100  65  15  53  92
   93  51  38   8  52  55  60  82  58 100  95  48  54  72  41  95  22  73
    4  58  23  85  25  53  87]
 [  0  69   4  90  31  68  42  73   7  54  28  99  97  53  97  44  49  61
   92  88  66  42  80  75  41  13  58  53   2   2  65  75  91  57  77  88
   46   5  95  89  12   6  68  74  33  28  59  92  22  43  42  23  39  11
   13  99  11   8  92  98  76  23  10  47  98  71  22  54  95  22  27  40
   16   4  73  71  99  80  39  77  14 100  51  33  97  90  10  52  69  20
    1  90  80  40  72  77  67  92  19  83  37  91  80  84  67  95  10  25
   87  76 100  31  29  93   8  35  60 100  82  49  46  53  33   5   6  61
   75  81  34  12  51  55  55   9  65  28  54  74  78  51  30  57  87  35
   84  81  67  38  45  28  31  46  93  72  92  34  99  72  76  45  42   2
   52  31  27  93  53  46  90  60  71  18  71  12  55  38   5  85  53  22
   17  44   3  15  60  60  18  21   3  10  73  81  68  96  37  96  10  43
   36  18  23  79  12   6   4  21  71  63  19  27  68  41  49  90  97  95
   32  12  23  54  18  68  25   8   5  68  92  23  90   2  59   7  48  25
   78  47  63  10  40  37  57]
 [  0   1  92  52  92  39  74   7  75  30  75  45  20  28  35   9  84   7
   17  79  48  93  20  30  83  86  29  87  77   8  70 100  15  73  50  57
   44  75  59  57  18  76  12  58  96  90   2  87  78  29  63  37  75  48
   27  20   5  16  47  68  92  88  26  64  49  13  77  19  59  87  32  69
   74  44  85  62  25  33  13  25  36  80  84  55  83  34  79  14  34   4
   92  83  45  51  73  31  60  82  18  81  99  33  29   7  93  39  74  89
   32  99  79  45  88  48  12  66  25  13  92  78  97  67  85  10  35  61
   77  65  34  10  67  85  10  45  82  80  99  86  33  24  63  43  31  16
   82  80  12  53  96   5   4  65  25   6  75  48  43  40  55   6  79  73
   66   1  70  81  79  63  86  57  40  51  31  73   6  86   3  89  41  86
   38  86  28  54  48  65  47  50  28   4  43  25  99  64   5  49  22  28
   25  76  56  71  72  44  25  96  92  98   9  97  17  21  73  68  52   8
   33  32  54  42  30  78  17  17  17  74  62  22  62  26  98  85  58  65
   71  46  53  68  43   3  18]
 [  0  11  47  11  84  50  97  83  40   6  11  33  61  45  46  93  63  23
   12  44  89  31  44  72  16  31  97  74  64  18  13  18  57  11  71  94
   88  19  11  86   4  66  38  57  99  56  66  49  58  54  51  93  64   7
   47  18  14  87  70  55  60  89  59  97  58  28  23  65   3  73  16  65
   49  12  60   6  57  88  64  34  97  75  71  90  32  51  22  68  53  43
   62  75  31  54  34  87  26  60  17  85  52  63  68  50  51  75   1  52
   37  58  63   5  20  32  93  51  59  65   8  11  98  22  91  17  15  40
   56  58  77   4  29  20  29  43  16  32  98  32  44  25  92  28   1  46
   19  92  48  54  46  67 100  89  66  15  25   5  42  88  18  85  28  91
   85  14  49  81  77   3  42  59  69  68  67  58   5  14  84  97  44  93
   49   8   2  27  23  27   8  42  40  21  94  15  88  57  47  63  54   2
   14  65  41  87  62  42  79  29   4  88  51  64  66  76  15  59  73  83
    1   6   6  62  76  64  10  27  24  51  70  87  67  19  70  77  65  35
   91   7  61  58  90  32  99]
 [  0  19  75  36  55  11  85  88  81  15  48  62  60  47  81  53  97  83
   42  78  98  32  40  47  74  68  27  41  76  76  92  64  78  86  56   9
   48  23  38  56  80  17  91  40  43  51  14  48  56  77  70  27  81   2
   87  62  17  96  88  84  59  22  79  74  63  73  12  53  21  58  63  26
   89  31  41  95   7  72  78  13  94  34  33  44   9   7  51  57  87  10
   90  49  60  32  74  44  65  28  18  10  61  41  93  76  12   7  10  20
   75  92  66  31  43  41   6  96  11  25  85  53  24  83  28  61  98  32
   93  12   4  63  48  14  44  59  14  72   4  23  17   3   8  82  39   1
   12  34  45  96   5  91  78  42  83  90  83  31  30  51  80  22  34  23
   36  67  63  88  73  78  33  55  77   5  88  28  63  42  91  60  36   7
   17  43  20  17  46  77   8  84  96  66  94  18   7  96  17  39  44  58
   22  44  35  93  47  83  59  46  36  19  38  31  40  17  80  72   3  53
   47  59  28  96  74   1  60   4  95  40  70  47  49  60 100 100  62  59
   19  47  37  83  94  38  68]
 [  0  16  78  38  76  60  45  98  29  30  10  48  78  47  20  14  49  78
   44  21  88   6  36  95  37  67  19  85  76  54  94  54  71  32  33  75
   57  93  94  74  13  31  11  48  92  22  88  23  18  95  49  35  34  44
   72  32  50  84  76  94  90  57  81   3  57  12  68  31   3  29  76  88
    4  10  34  64  86  70  29  19  70  98   8  28  90  94   1  57  71  72
   55  90  14  47  84  36  97  67  40  18  77  98  63 100  49  79  49  94
   51  75  92  99  18  82  90  24  35   6  26  19  86  79  91  22  96  16
   20  95  44   9  86  67  31  40  46  94  21  23  82  21  32  82  90  84
   45  81  11  88  87  86  14  25  87  38  65  97  84  70  53  42  33  62
   12  98  39  90  12  95   9  51  57  99  37  12  84  37  34  72  59  52
   66  77  27  69  92  57  77  89  86  94  32  59  14  84  29  32  65   9
    4  47  42  63  32  91  55  76  53  94  60  17  68  75  50  81  26  59
   46  49  84  19  41 100  20  68  30  40  91  46  46  93   7  19  35  62
   13  99  94  60  64  94  64]
 [  0  41  39  95  51  81   3  58  53  52  51   8  45  26  67  41  40  11
   67  67  49   6  55  97  44  39  34  27   1  34  78  60  39  22  57   4
   87  81  33   6   5  37   7  14  29  37  25  61  22  35  46  84  46  83
   34   9  89  90  90  78  99  28  17  33   8  69  15  59  55  99  89  25
   37   7  83   7  17  73  91  53  45  36  38  47  72  84  82  99  42  97
   99  49  51  67  92  74  91   2  21  56  93  80  10  70  29  49   3  77
   54  24  48  55  14  93  48  27 100   5  58  53  35   3  27  52  91  76
   81  33  20  96  69  90  79  29  40  51  68  89   6  20  46  45  93  31
   17  36  49  91  76  37  64   4   7  80  90  74  84   9  32  34  47  81
   11  87  51  95  54  96  26  70  94  35  86  75  18  33  41   1  80  84
   80   9  63  89  77  31   5  10  20  77  84  86  50  10  55  61  85  79
   56  46  90   7  28  57  32  36  89  10  82  31  54  76  32  56  19  58
   16  31  64  60  91  71  28  35  80  78  92  95  26  61  59  49  11  27
   96 100  19  82  47  87  40]
 [  0   3  89  67  77  75  14  20  83  23  31  20  94  61  95  37  12  47
   15  60  16  10  39  60   1  48  65  21  22  26   6  33  78  93  35  24
   51  88  21  52  18  43  40  75  23  69  47  64  43  55  83  87  79  92
   81  58  62  42  22  33  63  94  75  32   8   3   2  21   9  24  68  51
    4  87  56  89  61   4   9  90  47  42  21  34  91  16  47  17  75  57
   72  17  78  35  13  18  89  40   6  63   9  17  32  14  53  21  31  71
   62  34   5  42  54  30   5 100   5  26  75  73  87  98   6  11  48  64
   80  15  87  90   4  16  59  31  42  71   9  34  53  64  87  64  49  77
   22  11  80  43  60  10  46  99  43  82  27  63  28  59  93  53  54  25
   71  42  99  90   1  13  74  81  40  67  38  39  65  59  10  29  76  77
   96  20  22  26  73  29  66  59  17  29  91  27  49  82  40  69  42  78
   36  65  49  92  53   2  37  88  78  32   2  31  27  68  99  25  15  98
   94  77   1  55  52  98  37   5   8  86  90  67  14  98  64  40  59   8
   94  22  56  25  39  27  92]
 [  0  10   9  15  31  55  14  28   8  25  36   2  93  27  91  71  43  41
   98  86  89  61  78 100  34   1  47  67  79  42  92  15   1   8  68  47
   76  50  24  44  92  25  62  70  72  17  58  33  77  57   3  86  50  60
    2  22  37  28  63  35  23  77  76  32  90  13  68  57  82  29  49  73
   69  56  32  77  63  75  17  91  96  17  42  98 100  70  21  31  28  96
   88  91  68  96  49  99  57  11  75  64  72  76  12  32  53   8  50  17
   70  22   7  92  63  28  31  33  25  19  53  96  68  68  98  86  67  71
   44  55  79  60  95  25   6  33  38  19   3  17  13  75   4  24  40  83
    3  20  32  68  16   7  49   9  28  67  20  60   1   6  36  46  40  17
   62  57  69  45  63  50   1   1  21  85  91  34  82  57  87   3  55  61
   84  80  98  97  22  49  65   5  21  58  48  95  92  14  36  37  25  44
   49  79  34  39   1  78  62  28  82  36  43  69  26  39   1  63  37  93
   85  98  60  43  92  38  87   3  54  50  46  41  50   4  17  80  60 100
   26   1  59  20  38  14  54]
 [  0  27  81  33  53  10   9  11  26  13   9  43  94  73   7  78  32  73
   80  99  67  83  81   4   5  76  67  96  14  35  48  42  54  77  93  33
   29  60  11  26  63  94  30  45  82  28  67  86  28  16  89   6  87  56
   15  75  46  14  26  96  81  94  96  14  87  36  13  33  62   6  18  27
   60  72  81  48   4  93  11  20  74  79  98   7  48  30  97  73  19  60
   66  66  89  72  29  52  31  17  30  95  70  32  81   2  23  77  92  77
   87  42  94  41  88  31  55  14  84  76  11  71  10   5  28  40   1  32
    6  66  32  31  24   5  24  92  15  23  51  62  65  23  11  49   3  86
   23  74   2  32  77  49  39  62  61  64  39  85  12  59  42  88  49  93
   82  52  90  88  37  92  20  44  10  43  64  89  35  32  40  15  86  36
   30  30  94  20  78  21  58  44  16  94  64  21  14  70  90  31  32  90
   87  36  59  61  40  34  68  22   5  47  18  74  64  38  44  30  86  55
   26  41  86  16  72  67  37  29  18  83  43  94  33  52  15  41  97  85
   69  62  88  80  18  90  80]
 [  0  98  52  38  91  76  86  41  67  32  52  16   2  14   9  14  20  26
   89  87  46  87  44   7  93  61  51  44   4   6  54  29  40  82  57  74
   85  71  99  11  11  50  96  59  12  73  55  41  75  41   9  89  61  51
   31   3  88   3  25  76  58  83  96  71  64  35  59  52   5  53  16  58
  100  61  29  31  22  45  43   4  14  80  45  21  72  35  58  14  57 100
   51  53  63  93  99  60  24  84  33  39  15  20  84  79  69  48  78  13
   65   1  42  61  48  56  69  39  12  23  50  11  31  39  97  46  12  13
   74  84  89  70  84  83  94  88  26  32  35  56  79  22  79  83  32  95
   30  18  33  48  94  48  25  43  59   9  86  34  58  85  33  49  42  20
   22  94  84  29  97  35  69  85  92  50  79  18  17  47  58  31  71  18
   61  68  76  73   5  39  16  83  59  78  39  39  52  56  28  48  59  70
   94  83  61  52  79  81  33  52  44  70  21  87  79  83  14  92  28  27
   89  13  67  67   9  93   1  70  27  53  67   7  19   6   3  76  72   9
    6  92  82  20  23  45  53]
 [  0  13  53  82  86  27   7  41  65  91  36  57  53   1  69  98  53  97
   12  90  95  40  29  54  87  73  75  26  70  58  94  90  89   3  39  67
   21  82  11  25  54  64  41  91  49  41  58  72  73  39  24  14  52  14
   52  48  56  41  10  61  26  55  85  22   3  80  89  99  30   6  13  47
   87  34  61  16  92  89   9  79  57   3  26  96  73  74  10   2  84  96
    2  58  11  80  97  84  70  53  74  21  61  99  10  69  44   4  20 100
   65  14  71  95  45  19  75  15   2  93   9  22   9  31  11  97  38  82
   85  33  82  84  41   6  74  36  64  24  81  60   2  23   8  12  65  99
   36  24  15  37   4  67  70  94   3   6  63  75   1   7  77  27   7  55
   98  83  74   1  86  78  23  58  20  21  41  28  22  69  41  75  66  83
    1  27  41  15  93  94  37  16  68   4  64  12  11  42  42  42  15  20
   67  74  24  39   7  71  81  55  44  98  86   4  76  67  21  56  39   9
   91  40  24   6  58  44  39  32 100  84  47  40  27  90  85  65  66  97
   93  56  99  50  40  20  42]
 [  0  99  98  54  93  70  53  74  33  39  20  14  88  18   4  37  59  50
   96  52  41  55  52  85  52  45  26  53  32  78  91  91  66  46  38  59
   53  11  15  45  76  10  16   5  69   3  55  27  98  65  38  30  65  52
   43  93  52  96  16  41  34  16   1  22  39  86  58  87  36  79  24   6
   59  17  19  56  63  55  25  74  20  86  26  51  23  35  83  62  88  94
   78  94  60  71  98  28  69  65  39  97  88  29  97  63   1  30  38  95
   16  39  62   2   2  30  96   3  97  12 100  73  83  67  77  50  36  93
   82  69   1  79  37  38  44  95  13  84   5  84  51  16  55  97  52  85
   69  50  29  72   6  46   9  30  87  78  66  90  83  11  51  30  37  40
   62  41  14  86  58  35   6  56  51  42  13  52  83   7  30   9  68  16
   22  89  72  66  56  96  24  52  94  78   3  90  44  72  85   8  49 100
   58  65  25  99  22  68  62  52  88  58  89  43  52  20  41  33  14  43
   67  49  30  29  77  12  29  52  39  67  49  46  15  23  28  74  38   6
   12  95  28  67  91  80  13]]
 setup_times
 [[[  0  62  84  65  86  62]
  [  0   0  71 102  86  93]
  [  0  91   0  91  65  88]
  [  0 105 108   0  66  76]
  [  0 102  86  95   0  71]
  [  0  65  77  85  92   0]]

 [[  0  94  89 107  75  93]
  [  0   0  70  61  94  82]
  [  0  92   0  83 107  67]
  [  0  79 107   0  85  92]
  [  0  82 102 115   0  97]
  [  0  95  96  94  75   0]]

 [[  0 117  67  80 112  68]
  [  0   0  70  91 114  86]
  [  0  66   0  77 118 116]
  [  0  83  95   0 100  64]
  [  0 118  78  79   0  64]
  [  0  88  94  60  68   0]]

 [[  0  68  62  67  94 100]
  [  0   0 117  95  74  71]
  [  0  74   0  93 119  92]
  [  0 117 118   0  83  73]
  [  0 108  84 118   0  74]
  [  0  64  68  62 114   0]]

 [[  0  68 110  82  61  62]
  [  0   0 111  92  64  64]
  [  0  99   0  92 113  62]
  [  0  69  62   0  92  71]
  [  0  78  68 114   0 110]
  [  0  91  88  94 105   0]]

 [[  0  63  83  89  63  76]
  [  0   0 116 112  74  74]
  [  0  97   0 113  71  61]
  [  0  63  94   0 118 116]
  [  0  73  98  75   0 116]
  [  0 111  91 103  91   0]]

 [[  0 107  93  72  97 119]
  [  0   0 112  90  84  99]
  [  0  68   0  99 108  84]
  [  0  77  91   0  75 100]
  [  0  65 106  86   0  68]
  [  0  83  76  87  87   0]]

 [[  0  88  65  74 109  67]
  [  0   0  92 100 104 115]
  [  0  67   0 100  82  84]
  [  0 117 118   0  72  67]
  [  0  75 104  70   0  76]
  [  0  86 114  74  74   0]]

 [[  0  71  91 118  76  65]
  [  0   0 102 115  87  83]
  [  0 114   0  76  63  65]
  [  0  72 103   0 115  60]
  [  0 116 104  82   0 107]
  [  0 108  74  93  80   0]]

 [[  0 112  69  83 116  99]
  [  0   0  73 105  65  89]
  [  0 102   0 118 119  93]
  [  0  65 108   0 112 118]
  [  0 119  80  85   0  98]
  [  0  96  94  92  67   0]]

 [[  0  78 112 108  78  92]
  [  0   0  81  72 116  65]
  [  0  96   0  90  76  63]
  [  0  83  92   0  89  85]
  [  0 107  72  85   0 119]
  [  0  95  84  78  77   0]]

 [[  0 108  75 118  78 103]
  [  0   0  69 113  78  65]
  [  0  63   0 112  61 110]
  [  0  84  76   0 103  61]
  [  0 113  94  91   0 116]
  [  0 106 108  79 118   0]]

 [[  0 109  82  90  99 119]
  [  0   0  95  73  84  78]
  [  0  99   0  74 114 107]
  [  0  75 119   0 103 114]
  [  0  81  92 115   0 111]
  [  0  92  88  88 101   0]]

 [[  0 118  68  84  67  98]
  [  0   0  92  75  89  92]
  [  0  84   0  84  65 112]
  [  0  81 101   0  90  61]
  [  0  62  61 110   0 107]
  [  0  98 117  84  61   0]]

 [[  0 102  75  93 111 117]
  [  0   0 101  71 100  95]
  [  0  99   0  86  84  74]
  [  0 109  63   0 117  93]
  [  0  87  60 111   0  96]
  [  0 104 119 118 106   0]]

 [[  0  86  64 102  93  63]
  [  0   0 116  74  99  64]
  [  0 110   0  97 119  88]
  [  0 112  89   0  97 111]
  [  0  97  94  77   0  61]
  [  0  62 101  77 104   0]]

 [[  0  70  61  97  83  74]
  [  0   0  61  86 109 104]
  [  0  65   0  72  91 112]
  [  0  71 101   0 113  78]
  [  0 111 104  94   0  68]
  [  0 104  77 102 101   0]]

 [[  0 115 105  86  97 119]
  [  0   0  72 105 103  80]
  [  0  93   0 110 118  62]
  [  0  84  84   0  63  67]
  [  0  96 104  64   0  99]
  [  0  85  64  93 101   0]]

 [[  0  78 108  89  67  63]
  [  0   0  92 118  94  86]
  [  0  87   0  97 102  98]
  [  0 101  97   0  82  99]
  [  0  96 117  62   0  99]
  [  0  62  74 105  75   0]]

 [[  0  93  90  68 104  72]
  [  0   0  89  65  81  61]
  [  0 103   0  99 113 102]
  [  0  95 114   0 119  78]
  [  0  90  80 112   0  70]
  [  0  84 112  94  60   0]]]
 delivery_times
 [[  0 188 177 192 184 172 192 199 188 183 195 199 179 190 182 173 175 179
  193 185 194 182 175 170 176 183 176 181 172 194 197 181 170 196 196 172
  172 176 174 182 190 191 193 188 192 199 176 190 176 179 170 198 191 187
  196 170 198 188 174 181 188 198 185 177 170 181 199 185 180 198 179 190
  182 172 174 189 192 198 187 186 186 187 194 174 177 188 186 170 173 183
  183 190 178 184 182 199 193 188 189 192 190 184 179 195 190 188 197 174
  173 192 172 196 186 181 171 192 196 194 175 190 196 189 188 184 184 177
  186 176 195 186 179 183 175 181 170 190 187 170 199 174 193 189 196 185
  172 171 177 187 191 177 183 187 186 195 184 195 176 185 192 196 197 182
  199 172 183 187 182 196 199 187 175 179 176 187 199 189 199 177 173 199
  179 176 170 189 197 172 194 188 192 199 182 187 177 173 179 184 198 191
  182 182 173 197 173 189 184 193 195 175 185 174 170 185 173 179 196 171
  190 191 175 171 187 194 171 192 171 179 176 198 174 178 197 180 174 195
  182 197 196 196 182 182 182]
 [  0 191 173 175 183 182 190 179 171 199 176 176 179 197 194 199 179 190
  176 176 173 180 193 195 177 173 176 171 189 192 192 193 174 181 198 173
  182 171 199 180 195 177 178 171 182 172 199 196 179 191 198 176 186 174
  174 188 176 174 192 191 195 195 192 197 189 194 193 188 192 193 186 172
  171 180 174 197 188 172 174 190 185 171 199 172 187 195 179 188 179 194
  176 189 190 184 175 199 176 194 172 187 199 171 194 173 178 190 185 196
  178 182 193 178 190 184 181 191 176 183 189 175 199 180 190 177 173 192
  174 191 180 194 178 197 198 188 171 184 170 185 197 173 195 186 187 190
  195 176 196 199 178 197 189 187 180 181 196 194 192 182 183 176 199 175
  180 197 178 193 186 173 187 173 197 197 189 180 183 192 181 189 191 199
  193 178 196 176 174 181 172 183 175 191 181 182 189 198 191 194 193 191
  175 186 197 180 181 177 183 189 192 195 182 182 196 197 175 172 199 178
  174 186 171 198 195 179 172 196 185 192 185 177 181 173 184 193 179 170
  197 192 176 197 180 175 179]
 [  0 184 179 188 183 189 171 185 183 199 187 191 199 183 199 197 194 174
  189 186 191 193 188 173 195 181 193 199 188 192 187 186 198 187 184 172
  175 191 193 186 198 197 183 178 180 171 180 187 190 179 173 172 184 177
  175 193 174 178 182 178 181 181 185 171 196 180 170 187 188 182 173 186
  183 190 195 187 186 188 186 183 190 180 198 174 178 173 177 194 171 187
  198 195 186 193 183 176 185 189 186 194 193 192 182 194 174 172 190 178
  192 192 192 194 187 190 185 177 189 197 184 191 199 187 170 181 184 172
  199 171 170 196 195 197 198 181 174 198 176 193 197 181 172 176 188 189
  176 190 180 189 189 193 173 193 180 178 184 193 178 194 183 175 182 182
  186 177 196 188 179 181 171 177 183 177 183 195 181 198 185 194 185 196
  171 192 171 199 191 174 179 184 186 195 181 193 185 178 180 176 174 192
  181 173 172 181 171 181 186 193 182 198 197 185 196 186 186 172 196 182
  199 179 189 181 195 173 181 181 171 199 190 179 171 184 192 187 188 176
  170 194 170 174 198 197 173]
 [  0 196 199 193 175 188 190 183 188 181 178 173 196 186 181 194 187 178
  190 172 186 170 188 198 190 186 191 188 182 199 170 199 196 191 181 184
  196 179 170 190 176 179 177 188 197 188 174 196 170 191 183 199 196 179
  189 199 183 179 180 180 193 189 189 170 181 199 172 193 189 192 185 171
  183 180 170 170 180 195 177 175 187 190 178 195 179 182 186 170 186 196
  176 196 186 197 174 189 182 186 185 182 187 193 198 191 185 181 176 193
  172 199 191 182 197 182 171 181 198 186 194 178 187 198 194 180 170 175
  181 195 182 189 185 192 181 194 170 178 186 182 174 187 185 189 171 189
  178 185 192 177 184 189 173 182 190 193 185 182 170 190 172 174 194 197
  199 177 188 190 181 183 197 189 179 187 180 192 186 177 197 177 197 172
  175 188 176 197 179 172 177 174 170 196 191 192 173 199 170 196 189 188
  196 182 180 183 190 182 196 181 177 195 183 183 198 192 195 193 194 184
  194 178 178 176 189 172 187 172 196 185 196 187 194 187 171 190 186 182
  184 180 194 179 171 197 194]
 [  0 194 195 171 191 174 195 189 172 193 183 197 193 181 199 177 198 193
  170 189 175 182 171 174 197 170 196 188 180 173 176 198 192 191 170 187
  199 191 184 183 173 185 178 177 192 193 195 191 186 194 192 195 190 178
  182 196 196 197 191 196 187 189 197 185 186 194 177 180 187 186 170 197
  194 188 179 174 172 183 196 199 177 180 198 188 179 191 177 170 170 174
  192 189 176 172 180 170 173 190 198 193 192 183 170 190 180 189 177 187
  176 179 190 187 180 189 195 189 198 171 190 176 193 191 195 175 198 174
  182 184 192 178 185 189 180 199 178 193 179 181 194 195 175 195 170 177
  198 173 174 179 192 193 183 176 174 175 192 178 184 180 171 179 185 172
  176 178 185 181 188 172 176 179 191 176 175 184 193 187 197 197 177 197
  195 173 180 192 198 199 192 195 173 184 192 198 186 175 183 195 176 189
  172 173 185 176 171 191 199 199 180 193 194 196 186 176 186 181 172 177
  195 183 180 186 185 198 194 176 190 193 193 193 197 188 197 170 194 193
  181 186 179 190 193 185 181]
 [  0 170 195 192 183 190 183 185 180 194 179 170 188 195 170 185 199 191
  185 177 177 187 174 184 193 196 195 176 198 174 186 196 178 194 178 176
  197 174 184 183 195 172 188 177 189 172 171 188 195 196 175 170 199 186
  191 172 187 181 173 182 191 182 189 181 180 194 196 186 195 179 185 175
  196 198 183 184 183 192 193 193 184 175 199 173 174 177 183 183 182 178
  192 172 185 188 185 197 189 187 171 178 199 178 177 186 197 194 187 190
  190 194 185 187 174 177 196 185 179 188 193 193 190 173 173 198 185 197
  199 191 180 185 194 184 170 196 179 178 176 194 182 176 187 177 177 175
  177 185 178 173 170 194 178 199 188 173 182 188 181 175 193 185 193 170
  195 199 177 172 197 189 185 184 193 176 190 171 195 184 175 183 178 196
  178 195 183 176 185 186 174 198 171 193 194 178 194 199 171 198 184 186
  196 178 199 174 196 194 190 193 172 193 192 190 180 198 194 193 177 189
  187 179 178 183 188 179 180 197 196 192 186 198 193 176 186 172 177 172
  198 195 180 182 173 197 194]
 [  0 181 174 174 189 171 197 188 175 181 173 183 194 178 188 181 195 180
  175 172 174 199 184 197 188 175 195 187 170 175 197 194 184 191 194 182
  198 190 179 186 179 172 178 170 171 185 185 195 199 191 173 179 180 174
  199 178 183 183 197 199 170 178 190 191 181 176 185 173 179 178 198 177
  188 181 197 183 193 184 170 173 182 190 194 181 176 179 175 179 199 192
  190 179 181 181 175 195 194 185 173 196 175 194 195 199 179 173 172 182
  173 185 178 189 190 189 180 198 192 173 192 191 171 175 190 193 189 190
  178 181 185 180 180 176 174 195 175 181 174 198 189 198 179 170 186 191
  187 177 183 195 174 172 190 179 178 198 193 182 195 177 195 178 182 193
  172 173 184 172 181 177 174 193 173 197 175 181 194 190 173 173 197 197
  198 183 173 190 186 194 187 185 194 185 175 173 174 190 182 189 171 188
  193 177 174 185 177 192 197 189 181 191 187 175 198 188 196 186 177 186
  170 172 182 180 195 193 193 181 172 197 190 170 189 183 197 195 178 172
  182 172 170 171 170 193 174]
 [  0 198 170 186 182 171 174 175 197 195 183 171 176 179 170 186 199 177
  186 188 177 181 194 189 179 188 172 196 182 170 191 177 199 171 181 192
  185 182 188 179 176 189 187 186 189 193 187 186 184 189 186 184 179 181
  180 183 179 197 173 180 195 180 188 199 188 170 184 187 182 173 190 194
  191 189 176 191 198 197 199 199 175 199 176 186 172 174 188 199 194 175
  188 196 189 197 183 184 199 182 173 193 170 184 198 197 183 190 191 190
  172 179 187 199 173 195 190 180 180 189 193 179 188 199 176 184 175 185
  199 198 199 180 187 180 195 173 198 178 174 175 184 175 195 183 190 192
  184 175 175 179 192 185 190 170 174 197 183 185 189 174 187 187 185 181
  173 176 185 191 192 186 181 186 180 191 177 188 194 189 197 194 176 192
  183 182 179 189 188 192 179 194 177 183 195 176 174 187 177 181 198 170
  190 195 195 188 187 171 170 196 185 183 195 194 182 192 178 190 195 181
  191 170 193 172 191 190 173 187 179 193 199 175 197 199 189 177 195 185
  199 180 194 199 193 170 174]
 [  0 171 181 175 176 190 176 195 197 179 194 182 177 185 178 179 184 197
  176 184 174 176 190 198 190 174 177 188 183 191 182 198 183 193 172 173
  181 176 183 187 192 181 184 171 179 189 189 193 179 172 192 188 195 174
  178 180 187 173 173 174 195 194 193 194 197 178 188 184 196 177 179 187
  187 176 188 196 199 194 193 174 189 183 186 187 170 192 184 174 186 188
  193 171 191 174 186 196 184 199 183 190 183 175 185 186 170 198 192 180
  184 198 173 190 172 185 188 192 177 175 195 198 172 180 182 177 199 170
  178 188 196 183 178 182 190 198 190 181 177 199 174 170 182 193 179 199
  194 199 192 184 193 174 185 189 197 189 185 189 194 187 182 184 180 180
  198 181 188 176 198 174 173 177 198 180 195 181 199 196 187 182 175 174
  175 193 194 172 191 189 199 179 198 180 174 176 186 179 180 191 192 172
  183 195 190 183 184 183 192 178 176 180 189 190 177 191 199 182 189 190
  182 176 190 180 179 176 186 182 197 178 179 180 175 170 181 195 185 189
  189 175 177 182 185 176 183]
 [  0 194 187 185 179 182 178 182 177 188 185 183 175 178 184 172 191 172
  178 180 188 199 195 181 180 187 192 179 197 170 172 172 193 174 185 196
  176 188 180 185 172 181 189 177 182 196 196 188 173 191 188 191 174 188
  176 194 185 179 177 191 173 178 194 193 175 187 194 186 188 184 196 191
  185 180 194 190 193 174 172 197 177 195 198 178 184 175 195 184 193 194
  193 196 193 194 174 198 183 177 172 199 186 190 175 177 179 198 193 187
  193 170 191 199 174 176 179 170 178 174 174 176 172 180 182 189 174 183
  171 188 171 184 197 193 172 187 194 191 173 186 173 190 198 172 198 185
  178 194 184 181 183 187 196 173 185 184 173 183 177 186 185 185 174 170
  179 185 194 185 177 196 176 188 179 173 182 178 184 182 188 178 184 180
  179 199 170 176 189 178 191 177 173 186 172 184 198 184 179 197 194 198
  191 195 193 188 195 198 188 170 171 195 181 177 198 171 189 183 176 194
  181 177 181 197 198 193 174 183 185 194 172 174 179 179 182 192 196 199
  178 191 179 174 195 196 176]
 [  0 181 185 193 197 170 196 176 187 176 189 182 179 179 174 189 199 177
  184 199 184 173 199 185 181 174 187 199 185 188 191 197 197 179 179 199
  186 184 184 174 188 179 191 185 197 181 192 173 173 187 196 178 190 182
  170 186 199 173 179 175 187 199 182 179 188 180 194 191 186 176 175 178
  197 188 180 186 176 183 191 173 185 178 192 171 172 195 195 172 176 181
  180 188 183 194 194 196 186 189 196 184 186 187 197 183 188 186 180 183
  174 181 185 181 183 172 185 179 199 195 185 177 196 195 195 177 198 173
  196 194 181 173 177 179 180 170 178 186 177 192 180 192 181 181 171 192
  181 196 184 185 182 188 194 177 182 171 185 194 177 192 196 194 172 199
  197 195 171 193 171 181 173 176 198 174 196 192 186 174 174 198 173 197
  170 191 186 194 186 187 185 175 194 182 183 195 180 189 176 180 195 192
  190 178 174 172 187 184 182 180 195 195 198 179 184 191 184 176 185 171
  190 172 177 182 178 179 181 170 196 196 175 188 172 197 193 191 171 178
  171 185 174 187 184 190 175]
 [  0 175 178 172 177 179 180 177 180 199 198 196 181 188 171 192 170 190
  186 174 180 178 173 175 184 185 179 178 185 173 180 190 196 199 184 194
  171 195 186 185 199 195 183 196 177 198 190 175 179 195 190 177 187 174
  178 182 194 179 197 174 197 198 176 192 194 177 177 195 177 193 194 178
  171 193 173 188 176 196 199 199 183 172 170 194 179 182 175 179 174 178
  178 184 186 171 188 172 179 198 176 193 174 171 182 188 192 176 198 178
  172 189 199 170 183 178 195 181 192 188 198 182 170 176 170 198 196 195
  186 170 178 172 178 187 186 192 192 189 176 173 195 176 173 194 182 176
  181 193 185 189 197 174 192 197 198 185 196 173 174 199 172 180 180 196
  191 173 197 195 196 179 180 186 178 179 173 176 177 187 184 183 172 187
  177 192 179 187 198 192 178 195 193 178 181 183 177 185 196 184 192 197
  175 185 187 170 170 178 184 186 179 184 177 190 174 181 170 195 177 188
  181 174 191 173 190 199 188 196 184 185 177 182 185 184 188 198 173 170
  185 175 172 186 170 172 173]
 [  0 195 185 188 198 183 190 174 170 171 176 196 172 186 179 187 199 196
  175 191 171 175 196 183 184 196 182 192 184 174 193 191 186 188 176 171
  193 199 187 188 182 181 196 172 197 181 170 180 198 177 178 174 193 184
  195 185 186 190 189 171 177 170 185 184 190 194 179 181 191 170 191 196
  184 188 183 185 180 171 199 185 194 180 178 178 181 172 188 178 181 171
  183 187 178 197 196 174 198 197 185 178 194 175 178 192 194 177 195 188
  172 197 180 198 174 175 199 180 197 175 178 170 185 179 177 186 172 179
  189 190 182 187 177 193 172 192 182 187 193 174 197 196 172 172 194 195
  180 173 176 196 198 193 177 190 179 185 191 199 196 195 191 191 190 187
  181 199 173 185 178 199 183 188 187 194 196 193 180 194 198 180 195 187
  174 182 193 189 174 185 179 171 187 183 177 176 186 176 173 198 180 199
  182 181 192 191 199 192 180 196 174 190 194 174 188 181 194 191 193 193
  186 190 188 188 188 195 198 198 196 175 189 171 178 186 195 187 190 186
  171 195 194 184 185 172 197]
 [  0 170 182 184 175 194 172 176 170 195 173 170 199 175 174 189 170 180
  176 180 197 174 183 183 174 197 197 178 175 178 171 194 188 179 173 171
  178 189 193 182 186 178 184 176 199 188 184 171 176 174 175 197 194 185
  192 175 172 172 175 177 178 182 176 183 197 197 178 196 193 193 170 190
  194 189 176 189 191 183 172 171 182 178 171 179 191 172 183 193 195 180
  173 175 177 190 190 190 181 170 189 173 173 175 177 175 188 175 187 193
  194 196 185 173 173 174 198 175 173 191 185 176 199 182 194 175 190 184
  188 190 186 194 191 174 171 172 187 195 188 183 180 180 185 173 187 175
  187 172 197 186 186 170 194 179 197 182 196 194 177 192 192 177 183 177
  182 191 175 197 197 189 199 171 188 189 194 189 176 195 182 172 174 190
  188 198 185 198 190 184 175 180 177 188 181 179 184 191 191 193 178 174
  177 175 188 198 188 186 183 173 174 186 199 194 193 183 187 190 172 187
  198 180 197 178 198 172 195 170 196 193 188 173 177 172 178 174 184 187
  182 173 181 185 198 185 180]
 [  0 194 179 192 192 184 194 188 186 178 178 172 174 199 178 177 190 190
  197 181 198 195 177 172 176 187 190 199 188 199 197 197 179 170 197 179
  195 197 188 198 183 171 177 178 187 189 175 199 182 173 176 174 172 173
  189 188 199 170 194 172 195 190 197 192 192 194 183 174 194 197 173 196
  180 198 198 179 192 170 193 174 180 189 182 197 181 184 199 194 192 198
  180 182 198 187 195 184 176 174 199 194 192 178 180 183 187 194 185 180
  177 195 184 195 176 185 191 180 175 187 195 198 180 185 179 184 183 185
  184 188 199 197 175 186 180 175 170 179 176 191 176 183 175 197 198 194
  191 197 183 190 184 184 170 184 174 183 177 189 191 199 192 170 173 171
  186 174 189 198 176 199 183 174 176 186 193 191 170 186 173 180 183 173
  193 174 177 183 185 171 175 179 191 170 199 197 195 173 177 170 182 177
  182 186 177 179 187 193 187 193 184 172 179 176 179 174 171 196 198 188
  181 175 180 191 198 180 194 188 182 187 172 180 178 182 179 181 191 193
  191 186 181 180 172 172 188]
 [  0 170 186 186 195 193 176 181 177 184 190 176 189 170 192 171 171 192
  186 195 183 173 175 178 198 185 187 195 194 176 191 194 186 187 172 183
  185 183 186 170 193 184 194 197 172 183 170 197 182 194 179 175 178 191
  170 198 173 193 181 185 196 176 177 183 176 195 191 171 198 199 187 186
  198 199 183 190 193 176 199 192 191 182 175 189 178 189 177 183 194 175
  185 177 176 176 171 196 187 187 189 193 190 187 199 172 187 185 198 175
  178 195 177 187 171 181 174 176 185 198 187 195 193 175 194 192 177 180
  178 172 189 171 197 179 188 186 189 182 176 192 195 181 180 177 198 187
  193 185 182 170 180 178 181 199 196 180 185 198 198 174 183 195 177 170
  185 198 194 179 199 186 185 178 195 173 190 178 171 190 182 177 191 193
  176 183 195 195 185 176 178 194 173 189 192 193 186 195 174 172 175 193
  192 173 182 188 185 199 184 177 193 172 188 185 182 170 179 174 199 185
  195 174 184 191 170 189 174 190 191 170 179 186 199 173 196 188 194 189
  177 180 181 183 182 199 182]
 [  0 193 198 178 172 175 177 176 184 180 171 192 184 182 174 189 183 197
  175 192 196 199 176 189 193 172 191 188 194 193 199 190 179 198 187 181
  186 176 174 175 179 197 197 175 195 190 186 196 190 180 185 184 177 171
  181 188 179 177 194 185 176 179 181 198 182 182 179 186 193 179 173 182
  175 191 184 196 171 170 176 186 198 171 174 172 176 198 172 187 192 189
  196 190 177 191 192 196 196 177 198 181 184 192 197 172 174 189 199 175
  191 199 173 189 186 182 174 191 199 195 172 190 175 194 180 189 188 170
  198 184 177 191 198 182 170 192 179 199 189 178 173 187 183 186 195 174
  183 189 195 177 177 190 188 183 188 186 195 189 193 178 186 183 180 197
  179 186 172 172 170 198 171 178 198 181 196 191 196 176 190 170 181 187
  185 198 181 198 180 180 172 175 198 171 178 170 180 188 198 170 180 171
  176 185 171 172 171 170 186 196 197 183 187 187 192 187 176 178 172 192
  176 194 170 197 195 170 191 198 196 174 171 191 190 175 195 192 188 197
  184 177 172 178 175 198 199]
 [  0 199 173 185 177 191 192 171 175 192 188 176 187 199 173 175 191 197
  179 181 182 186 173 184 190 197 177 175 180 179 181 184 192 196 184 171
  188 178 177 190 178 192 195 195 187 195 177 199 171 196 178 170 174 187
  171 184 182 193 198 170 188 173 181 193 171 184 189 198 181 191 176 177
  174 177 180 171 198 192 186 192 190 185 180 187 187 182 175 177 188 192
  194 192 198 199 175 188 191 180 171 188 189 183 182 192 193 170 170 196
  172 174 199 191 187 195 172 189 170 184 193 180 170 189 172 183 193 191
  170 170 186 172 195 185 196 170 188 178 177 190 190 173 179 192 175 188
  181 193 179 199 195 170 173 175 183 176 196 180 188 181 199 185 193 170
  192 172 175 194 193 172 199 172 182 188 179 184 188 172 170 181 184 191
  180 170 185 186 185 183 185 194 178 195 191 171 181 183 190 184 184 185
  183 198 184 176 198 199 199 190 179 195 175 196 198 186 173 188 180 170
  182 185 195 185 171 198 186 172 177 181 182 170 198 181 185 172 192 189
  181 184 184 189 195 182 186]
 [  0 183 187 197 196 180 182 189 187 178 189 176 187 194 188 174 190 190
  183 177 198 199 184 173 189 197 197 175 189 186 191 180 172 171 194 170
  194 187 172 185 176 183 182 190 177 180 173 187 179 190 180 189 187 182
  183 195 187 196 177 193 183 195 170 173 182 182 177 189 171 191 185 195
  180 170 184 185 193 195 188 194 191 197 192 187 180 177 179 171 190 182
  196 184 179 190 174 196 183 197 192 194 182 185 196 185 173 181 172 172
  173 173 194 181 179 191 173 199 192 199 193 186 189 184 180 192 192 191
  194 196 174 188 182 184 172 171 196 177 185 181 172 188 180 189 170 193
  183 190 191 196 170 178 180 187 189 184 172 188 174 188 191 189 192 194
  188 176 196 194 197 181 171 189 198 186 199 189 174 183 171 183 191 199
  187 186 184 198 181 178 188 181 189 174 178 173 192 189 173 185 193 190
  173 191 193 177 181 173 181 199 172 195 171 171 192 184 180 185 190 195
  197 190 177 187 173 184 183 192 193 170 176 190 198 177 174 196 187 179
  198 175 188 186 185 183 194]
 [  0 171 174 193 184 182 184 172 197 196 190 197 175 183 192 178 181 177
  190 178 180 173 172 192 180 194 178 187 171 183 184 171 197 182 182 193
  192 182 180 196 171 181 171 189 178 178 186 197 171 197 182 196 177 191
  184 196 170 191 187 194 183 199 177 178 199 187 181 175 183 184 173 177
  189 179 175 192 176 170 197 177 191 178 179 170 171 177 193 176 199 192
  180 186 177 192 190 189 187 198 171 197 189 194 186 183 195 193 192 198
  193 186 188 193 181 193 189 188 174 192 179 182 170 193 190 198 176 173
  181 183 176 179 179 197 191 181 181 197 184 172 175 171 196 195 181 188
  199 181 193 179 176 190 185 186 186 187 186 177 176 175 181 194 188 179
  199 178 171 186 196 170 173 188 186 191 198 199 189 185 191 174 198 194
  199 182 193 184 185 189 194 181 193 172 196 186 181 181 189 185 174 183
  171 190 187 195 188 178 186 181 187 170 171 199 186 197 170 197 183 172
  184 183 183 174 177 170 179 182 185 193 173 187 183 177 181 185 179 191
  196 197 185 189 188 197 195]]
 job2fam
 [[1 0 0 0 0 0 0 0 0 0 0 0 0 0 0 0 0 0 0 0 0 0 0 0 0 0 0 0 0 0 0 0 0 0 0 0
  0 0 0 0 0 0 0 0 0 0 0 0 0 0 0 0 0 0 0 0 0 0 0 0 0 0 0 0 0 0 0 0 0 0 0 0
  0 0 0 0 0 0 0 0 0 0 0 0 0 0 0 0 0 0 0 0 0 0 0 0 0 0 0 0 0 0 0 0 0 0 0 0
  0 0 0 0 0 0 0 0 0 0 0 0 0 0 0 0 0 0 0 0 0 0 0 0 0 0 0 0 0 0 0 0 0 0 0 0
  0 0 0 0 0 0 0 0 0 0 0 0 0 0 0 0 0 0 0 0 0 0 0 0 0 0 0 0 0 0 0 0 0 0 0 0
  0 0 0 0 0 0 0 0 0 0 0 0 0 0 0 0 0 0 0 0 0 0 0 0 0 0 0 0 0 0 0 0 0 0 0 0
  0 0 0 0 0 0 0 0 0 0 0 0 0 0 0 0 0 0 0 0 0 0 0 0 0]
 [0 0 1 0 0 0 0 0 0 0 0 0 0 0 0 0 0 0 1 0 0 0 0 0 0 1 0 1 0 0 1 1 0 0 0 0
  0 1 1 0 0 0 0 0 0 0 0 1 0 0 0 1 0 1 1 1 0 0 0 0 0 0 0 0 0 1 1 0 0 0 0 1
  0 0 0 0 0 0 0 0 0 0 1 1 0 0 0 0 0 0 0 0 0 0 0 0 0 0 0 0 0 0 0 0 0 0 0 0
  0 0 0 1 0 0 0 0 0 0 0 1 0 1 0 0 0 0 0 1 1 1 0 0 0 0 0 0 0 0 1 0 0 0 0 0
  1 1 1 0 1 1 0 0 0 0 0 0 0 0 0 0 0 0 0 0 0 1 0 0 1 0 1 0 0 0 0 0 0 1 0 0
  0 0 0 0 0 0 0 0 0 1 0 0 0 1 1 1 1 0 0 0 1 0 0 0 0 1 0 0 0 0 0 0 0 0 0 0
  0 0 1 0 0 0 0 0 0 1 0 0 0 0 0 0 0 1 0 0 1 0 1 0 0]
 [0 0 0 0 1 0 0 0 0 0 0 0 0 0 0 0 1 1 0 1 0 0 0 1 0 0 0 0 0 0 0 0 1 1 0 1
  0 0 0 0 0 1 0 0 0 1 0 0 0 0 0 0 0 0 0 0 1 1 0 1 1 0 0 0 0 0 0 0 0 0 1 0
  0 0 1 0 1 0 1 0 0 1 0 0 1 1 0 1 0 0 0 0 0 0 0 0 0 0 0 1 0 0 1 0 0 0 0 0
  0 0 0 0 0 0 0 1 0 1 0 0 1 0 0 1 0 0 0 0 0 0 1 0 0 1 1 0 1 0 0 0 1 1 0 0
  0 0 0 1 0 0 0 0 0 0 0 1 0 0 0 0 0 0 1 1 0 0 0 1 0 0 0 0 0 0 0 0 0 0 0 1
  0 1 0 0 0 1 1 0 0 0 1 0 1 0 0 0 0 0 0 1 0 0 1 0 0 0 1 0 0 1 0 1 0 0 0 1
  1 1 0 0 0 0 0 0 0 0 0 1 0 0 0 0 0 0 0 0 0 0 0 0 0]
 [0 1 0 1 0 0 0 1 0 0 1 0 0 1 1 0 0 0 0 0 1 0 0 0 1 0 1 0 1 0 0 0 0 0 1 0
  1 0 0 0 1 0 0 1 0 0 0 0 0 0 1 0 1 0 0 0 0 0 1 0 0 1 0 1 1 0 0 0 0 0 0 0
  1 0 0 1 0 1 0 0 1 0 0 0 0 0 1 0 0 1 1 0 1 0 1 0 0 1 1 0 0 0 0 0 1 1 1 0
  0 0 0 0 0 1 0 0 0 0 0 0 0 0 0 0 1 1 0 0 0 0 0 1 1 0 0 0 0 0 0 0 0 0 1 0
  0 0 0 0 0 0 1 0 0 0 0 0 0 0 1 1 0 0 0 0 0 0 1 0 0 1 0 0 0 0 1 1 0 0 0 0
  0 0 0 0 0 0 0 0 0 0 0 0 0 0 0 0 0 1 0 0 0 0 0 1 0 0 0 1 1 0 1 0 0 0 0 0
  0 0 0 1 1 0 1 1 0 0 0 0 1 0 1 0 0 0 1 1 0 0 0 0 1]
 [0 0 0 0 0 0 0 0 1 1 0 1 1 0 0 1 0 0 0 0 0 1 0 0 0 0 0 0 0 1 0 0 0 0 0 0
  0 0 0 0 0 0 0 0 1 0 1 0 1 0 0 0 0 0 0 0 0 0 0 0 0 0 0 0 0 0 0 1 1 1 0 0
  0 0 0 0 0 0 0 1 0 0 0 0 0 0 0 0 1 0 0 0 0 1 0 1 1 0 0 0 0 0 0 1 0 0 0 1
  1 0 0 0 0 0 0 0 0 0 0 0 0 0 1 0 0 0 0 0 0 0 0 0 0 0 0 1 0 0 0 1 0 0 0 1
  0 0 0 0 0 0 0 1 0 1 1 0 0 1 0 0 0 1 0 0 1 0 0 0 0 0 0 1 0 1 0 0 0 0 0 0
  0 0 1 0 0 0 0 1 0 0 0 1 0 0 0 0 0 0 1 0 0 1 0 0 1 0 0 0 0 0 0 0 1 0 1 0
  0 0 0 0 0 0 0 0 0 0 1 0 0 0 0 1 0 0 0 0 0 1 0 1 0]
 [0 0 0 0 0 1 1 0 0 0 0 0 0 0 0 0 0 0 0 0 0 0 1 0 0 0 0 0 0 0 0 0 0 0 0 0
  0 0 0 1 0 0 1 0 0 0 0 0 0 1 0 0 0 0 0 0 0 0 0 0 0 0 1 0 0 0 0 0 0 0 0 0
  0 1 0 0 0 0 0 0 0 0 0 0 0 0 0 0 0 0 0 1 0 0 0 0 0 0 0 0 1 1 0 0 0 0 0 0
  0 1 1 0 1 0 1 0 1 0 1 0 0 0 0 0 0 0 1 0 0 0 0 0 0 0 0 0 0 1 0 0 0 0 0 0
  0 0 0 0 0 0 0 0 1 0 0 0 1 0 0 0 1 0 0 0 0 0 0 0 0 0 0 0 1 0 0 0 1 0 1 0
  1 0 0 1 1 0 0 0 1 0 0 0 0 0 0 0 0 0 0 0 0 0 0 0 0 0 0 0 0 0 0 0 0 1 0 0
  0 0 0 0 0 1 0 0 1 0 0 0 0 1 0 0 1 0 0 0 0 0 0 0 0]]
