params：
 weight-->(1, 10)
 proc_times-->(1, 100)
 setup_times-->(15, 30)
 delivery_times-->(1, 100)
 job_rate-->12

start:
alpha_1
12
 alpha_2
0.5
 mach
20
 job
240
 fam
8
 weigh
 [[0 5 8 8 1 5 5 9 9 7 2 8 5 2 2 1 7 2 2 9 4 4 8 8 7 5 9 9 8 1 9 5 9 3 6 4
  3 7 9 2 8 6 2 7 6 7 3 4 9 1 9 4 5 4 7 1 7 4 9 2 7 8 7 2 8 7 1 9 5 5 7 1
  3 2 4 3 5 7 2 1 5 2 5 7 6 9 6 2 4 6 7 6 1 9 7 7 2 4 3 5 8 8 7 6 4 4 3 7
  3 5 7 9 3 2 6 8 1 6 7 8 8 5 9 1 4 7 3 5 7 5 4 1 5 8 7 7 8 7 9 7 6 8 1 3
  8 8 4 7 2 6 5 4 4 7 5 5 5 8 5 1 3 1 2 7 1 4 3 3 8 7 3 7 8 6 6 9 9 2 7 7
  6 2 9 8 1 8 8 7 7 3 3 8 9 6 1 6 4 8 6 6 9 7 3 2 7 5 9 2 7 6 2 6 4 8 8 3
  4 7 3 1 6 7 4 6 6 3 9 8 3 1 6 6 4 6 1 2 8 5 2 6 2]]
 proc_times
 [[  0  38  46  38  51  57  18   4  83  26  29  35  19  78  23  59  31  54
    6  99  32  15  19  86  54  61  72  26  35  86  79  38  81  42  82  87
   84  59  79  56  32  35  21  14  76  18  19  90  52  78  16  91  82  41
   48  85  64  12  15  11  61  21  10  34  99  32  96  64  20  54  62  47
   65  30  89  49   3  74  47   2  51  42  64  12  15  49  61  19  71  98
   13  92  99   2  97  18  13  11  62  91  70  75  78  57  46  57   6  85
   41  19  38  34  10  78  68  69  47  81  59  36  39  12  26  70  29  78
   25  39  66  23   9  31  80  42  22  54  90   3  29   8  28  65  97  16
   96  96  66  66  38  70  54  22  73  42  99  83  51  30  19  11  86  98
   14  13  51  26  64  70  28  96  42  99  29  19  38  94  51  67  50  93
   62  20  85  65  34  45  84  49  61  58  61  51  82  22  35  96  42  91
   30  20  50  74  76  78  46  62  97  54  83  39  91  96  69  68   5  18
   54  57  68  37  49  91  11  12   2  45  82  16  58  25  64  53  25  52
   64 100   4  68  44  72  93]
 [  0  22  53  71  90  28  36  56  57  28  17  51  11  26  70  29  63  96
   38  66  85  22  94   1  78  99  10   4  50  60  50 100  63  16  81  44
   73  21 100  11  43   4  54  81  99  99  96  16  27  62  16  92  56   4
   22  96  17  65  26  63  25  19  24  39   3  74  13  71  14   6  15  81
   91  78  43   6  79  64  29  31  97  74  20  29  21  19  56  22  71  83
    6  14   4   1  65  17  71  94  39  75  98  64  65  14  14   7   7  86
    3  21  88  51  77  66  64  37  92  38  90  44  89  99  80  13  65  86
   32  60  70  20  38  74  48  74  12  41  68  49   1  41   5  86  60  17
   96  86  33  27   4  23  68   8  59  67   1  17  99  31  25  67  22  67
   27  61  28  96   6   6  70  66   6  32  16  68  70  86  74  71  72  29
   44  81  69  46  32  60  76  24  23  18  77  36   2  89  76  94  16  11
   95  23  27  64   8  23  46  22  75  86  27  95  30  84  46  22  91  78
   75  33  58  67  73  82  31  95  52  39  59  87  41   5  99  83  22  14
   30  77  46  79   7  26  64]
 [  0   2  68  59  42  38   9  51  37  99  84  17  37  29  99  54  17  47
   12  31  17   1  21  75  82  72  55  28  54  46  74  50  57  96  46  59
   91  29  82  65  50  49  72  99  73  65  71  81  33  67  65  27  58  46
   31  45  49  24  52  72  22  85  34  85  45  55  34  97   6  94   8  28
   74   3  71  42  12  16  35  60  21  89  84  39  32  12  57  57  52  64
   80  31  10  32  74  49  86   4  80  12  76  66  41  73  11  57  35   2
   27  68  39  97  83  97  38  46  37   6  19  74  53  69  14  26   1  88
   42  36  10  18  91  38  53  73  76  51  67  62  99  28  33  36  44  55
   15  31  88  34  75  84  76  83  61  50  34  16  54  19  95  81  36  15
   30  82  96  27  43  85  28  82  89  25  97  96  30  50   1  50  12  44
   13  18  25  50  23   4  38  63  21   7  87  71  34  55  26  71  40  21
   31  34  52  97  20  36  41  61  28  66   2  36  19   3  62   5  75  82
   55  96  25  24  78  39  60  24  92  73  30  92  77  33  87  42  71  55
   56  29  98  77  11 100  19]
 [  0  58   2  27   5  82   7  40  97  73  53  55  32  96  20  73  60  23
   44  55  85  75  19  85   9  73  22  36  45  27  83  19  11  25  26  81
   49   5   6  54  75  51  83  20  31  25  50  85  77  67  42  82  61   4
   54  53  85  80  96  70  50  51  26  58  42  40  17  72   7  56  73  95
   78  36  88  22  40  21  64  83  72  11  72  42  84  62  89  40  60  47
   68  22   1  61  35  84  75  36  41  22  63  56  74  80  37  30  87   4
   69   1  80   3  20  37  60  71  83  61  12  67  87  63  71   8  78  49
    4  61   8  18  73  21  44  60  23  53  39  66  21  11  33  21   5   6
   73  82  78  44  52  93  79 100  36  88  52  60  55  99  95  59  24  26
   75  78  35  54  43  29  84  87  59  19  65  72   2  38  94   4  33  37
   11  14  69  74  95  21  95  74  60  98  92  68  29  65  74   3  56  78
   38  82  43  64  80  51  67   4   9  34  89   8  90  95  87  23  25 100
   65  63  63  12  37  78  40  50  50  83  33  90   4  43  58  47  72  57
   56  52  16  36  80  93  35]
 [  0   9  20  89  66  99  78  68  97  45  73  39  68  96   7  84  45  41
   71   4  40  80  35  18  18  15  97  78  65  79  13  84  47  93  47  93
   68  88  34  33  36  50  72  26  91  71  98  11  74  85  12  28  21  19
   15  76  72  94  80  52  52  83  77  22  53  96  31  98   6  77  51  42
   80  33  33  97  32  88  23   2  89   5  66  34  54  51  36  37   8  25
   26  33  26  50  53  55  47  20  15  28  26 100   8  72  95  94   8  42
   79  24  71  33   7  84  46  44  23  97   5  90  53  47   6  43   2   1
   26  76  88  51  73  97  55  83  46  95  20  96  95  72  27  60  49  71
   85  54  89  30  47  92   1  27  79  88  24  35  20  34  37  21  63  96
    9  26  71  50  86  61  30  71  87  92  43  91  17  71  18  23  86  63
   67  97   8  65  92  14  17  30  96  86  73  57  87  20  60  34  99   1
    8  54  90  52  76  10  17  51   8  31  53   4  14  16  57  17   4  12
   40  25  52   1  63   6  83  97   8  76  31  42  44  42  76  12  36  54
   12  30  68  16  89  62  95]
 [  0  25   8  14  59  85  61  44  38  98  87  99  13  80  76  60  68  57
   65  82  34  56  63  38  67  70  20  72  98  11  66  44  20  29   4  85
   48  69  92   2  90  70  53  90  67  35  46  79  28  98  50  48  16  72
   75  29  56   2  87  64  98  24  12  12  56  67  61  46  94  55  72  96
   98  23  67  71  14  89  20  50  97  64  58  89  40  31  12  92  42  88
   57  78  17  36  53  49   4  27  87  79  79  32  73  25  33  58  42  74
   69  25  24  38  82  17  79  61  98  44  30 100   6  79  73  69  85  23
   57  59   2  89  71  83  88  13  44   5  75  91  29  16  61  73  19  96
   51  18  86  11  41   2  54  99  93   2  53  84   3  86  78  17  20  28
   77  50  79   4  72  33   7  24  18  87  31  70  69  30  57   1  73  69
   43  32  49  90  16  64  83  98  23  75  73  20  45  14  64  78  62  30
   65  41  22  47  61  19  21  38  42  95  31  22  20  27  63  94  72  59
   91   6  48  32  57  88  71  43  66  24  37  96  40  27  94  50  81  97
   18  78  40  36  61  18  36]
 [  0  91  59  23  89  45  50  71  30  56  75   7  69  11  49  35  22  15
   19  47  79  41  87  51  55  89 100  91   6   6  82   5  87 100  94  36
   37  97  55  22  27  71  67  25  62  39  82  69  53  46  85  74  67  17
   48  30  25  73  38  31  49  39  70  66  29  24  23  22  30  24  56 100
    2  63  17   4   8  79  99  97  89   5  26  36  82  76  72  46  34  41
   99  78  26  59  13  38  26  77  80  86  12  99  52  23  82  76  81  55
    4  90  81  33  96   4  46  27  84  72  18   4  84  78  86  22  42  17
   99  17   4  73  15   9  62  22  90  89  41  69  90  11  37  54  65  77
   38  77  25  24  16  62  37  91  14  41  58  64  16  49  92   9  16   1
   45  22   6  75  32  79  57  62  50  78  84  80  58  21  50  97  92   3
   41  22  86  49  95  31  99  24  95  25  79  87  68  22  56  71  67  86
   93   8  69  37  31  50  29 100   9  61  11  65  80  36  96  61  43 100
   51  58  32  90  40  73   1  37  72  20  51  12 100  85  50  55  34  17
   40   4  96  26  36  75   5]
 [  0  21  88  20  52  34  78  14  81  24  34  46  74  58   6  66  12   2
   52  57  30   7  58  62  56  86   1   6   9  49  92  97  96  20  15  60
   32  87  19  99  61  73  86  70  97  74  56  57  53  84  23  13  70  51
    4  17  51  37  78  56  82  22  66  27  23  62  28  55  13  62  87  78
   62  41  85  43  54  34  58  33   3  39  87   6  92   5   5   7  87  64
   22  82  60  76  16  70  81  48  19   5  74  45  72  42   8  34  90  56
   83   1 100  29  18  18   8  45   8  57  79  94  88  64  34  98  46  80
   11  41  99  37  39  12  38  72  59   1  81   1  40  75   7  83  71  32
   12  56  11  38  33  47  70  26  54  57  72  76  95  23 100   8  60  68
   16  86  25  63  47  54  23  57  91  97  59  77  90  57  44   1  36  89
    5  12  69  31  63  63  72  82  35  22   1   2  90  43  38 100  45  37
   18  56  20  15  71  68   6  96  85  36  79  46  44  57  44  94  31  92
   62  24  22   5  16  84  27  56  48  91  90  75  77  64  88  51  36  98
   59  14  10  28   2  66  19]
 [  0  33  91  22 100  67  35  17  76  35  78  11  67  60  94  55  18  35
    2  91  32  69  27  34  36  78  56  26  46  59  67   6  82   4  22  25
   77  35  95  96  34  78  80  99  60  58  55  21  88  28  97  40  36  94
   67  87  82  54   2  17  22  40  97  34   8  76   4   1  16  32  54  27
   29  75   3  74  91  97  87  97  62   3  85  25  15  27  53  62  61  42
   19  24  47  96  79  49  36  38   2  26  23  90  97  40  22  56  23  64
   19  21  72  39   4  52  69  54  40  71  32   9  35  60  78  60   7   4
   50  75  16  94  35  42  46  54   5  22  41  28  18  71  60  23  99  94
   31  92  88  57  40  28  33   7   3  65  35  68  26  32   1  26  85  84
   48  91  61  16   4  36  78  98  94  14  54  85  82  79  12  72  80  63
    5  38  78  27  81  30  40  89  90  84  25  90  66  63  23  80  42  83
   79  47  89  81  84  34   7  56  66  46  91   1  76  22  60  58  92  61
   23  12  48  63   4  84  99  28   1  61  19  58  45   6  54  74  45  24
   73  39  95  21  57  23  25]
 [  0  23  36  50  78  64  73  40  19  91   3   7  89  79  98  42  38  42
   95  96  97   7   6  15  14  82  42  79  25  60  79  11  12  76  72  18
   87  64  18  60  18  40  63  25  64  27  35  73  93  12  16  52   7  84
   67  72  49  76  74   3  99  71  44  11  36  97  47   9  68  70  33  94
   12  86  15   5  56  47  16  59   2  35  48  56  33   8  19  54  59  23
   96  37  18  84  13  21  28  71  24  17  27  98  86  59  92  42  60  34
    8  25  67  43  11  13  16  98  32  19  31  47  81  28  83  32  70  46
   20  44  12  44  86  55  32   9  12  67  16  64  28  55  29  16  12  62
   79  86  17  78  70  96  33  85  73  86  72  14  34  97   1  51  64  86
   92  91  16  43  11  96  69  76  73  40  69  16  37  28  20  75  99  94
   59  93  26  80  92   7  43  43  69  99  87  97  36  29   4  32  10  50
   86  54  80  48  82  76  87  60  99  90  72   2  56  36  26  88   3  94
   41  89  38  97  45  53  68  14  72  98  78  98  42  48  82  71  61  46
   67  42  79  50  35  62  11]
 [  0  95  21  59  57  91  53  53   9  80  27  51   8  66  11  63  16  65
   49  30  28  43  82  89  31  21  10  70  83 100  42  10  78  44  38  92
   12  45  95  52  21  92  57  20  34  87   3  16  26  78   8  87  66  52
   61  93  37  16  33  14  67  52  96  22  33  30  69  29  39  81  89  35
   19  11  21  84  76  82  25  95   7  73  14  58   5  19  20  65  15  80
   63  84  81  21  74  78  61  90   4  29  61  79   9  34  78  95 100  86
   48  22  15  77  57  19  10   7  22  83  15  25   3  71  53  36  94  19
    6  52  66  32  52  49   1  69  33  30   6  51  87   9  70  89  39   8
    3  29   7  53  46  57  56  95  68  58  21   7  83  52  92  48  33   5
   88  40  15  59  13   8  32  99  22  17  97  61  52  13  53  49  10  43
   82  80  74  92  46  27  69  89  39  15  86  38  50  69  42   2  30  50
   41   5  40  93  28  90  41  99  85  32  20  16  63  22  80  22  89  95
   45  59  62  81  39  88  14  61  74  80  92  30  70  23  31  83  35   1
   27   4  87   2  82  27  91]
 [  0  23  56  44  45  69  56  32  58 100  23  89  76  26  53  76  21  28
   57  76  32  28 100  23  73 100  18  45  68  22  65  85  47  87   3  87
   44  44  81  43  27   6  48  69  51  28  14  27  51  46   2  36  66  34
   57  97  12  93  17  56  70  87  57  17  46  64  33  58  57  45  71  19
    3  84  18  96  95   4  21   1  22  51  19  32  54  24 100  32  69  50
    1  64  50  92  90  55  73 100  32  76  64  54  11  72  44  97  63  79
   96  43  49  35  77  24  63  31  23  81  70  29  71  94  55  60  87  33
   77  80  12  12  16  64  10  92  17  98   2  94  23  38  25  19  71  19
   30  12  20  99   8  10  45  52  93  57  15  85  28  36  18  38  55   9
    7  11  22  58   6  60  74  91  45  31  28  94  63  17  76  55  13   9
   93  87  50  58  37  44  83  30  74  74  75  97  93  58  80  36  80   8
   91  43  74  29  11  14  85  25  12  75  83  35  64  12  84  19  49   4
   55  63  80  74  34  49  38  31  93  18  99  19  20  52  86  28  30  56
  100  65  53  72  50  36  34]
 [  0  19  51   6  83  65  58  43  28  78  80   1  15  40  22  64  24  68
   83 100  20  82  78  96  77  72  66  85  66  93  73  13   9   8  27  78
   62  95  29   1  94  13  64  72  45  74  97  48  75 100   6  39  24  98
   80  42  32   7  86  75  45  31  64  86  38   3  37   8  86  30  99  89
   51  38  56  92  11  12  72  75  18  20  43  56  66   6  20  34  78  74
    4  15  84  58  11  99  46  16  80  99  16  22  47   1 100  63  35  54
   67  60  69  10  79  69  44  77  66  10  69  80  31  44   8  53  52  81
   73  13  98  62  40  10  74  80  34  49  65  41  68   8  15  92  52  35
   92  84   2  82  89  42  28  83  98  38  26  92  79  89  53  78  97  86
    1  78  61  81  65  19  46  34  60  49  14  25  13  51  83   9  89  67
   24  40  52  94  56  80  63  90  41  82  32  33  41  54  75  23  65   3
   86  54  11  69  71  76  19  97  56  96  92  55  48  93  93  91  52  62
   95  39  31  10  65  65  36  52  17  84  56  67  60  60  45  84  64  81
   43  83  61  39  16  88  84]
 [  0  64  83  70  58  55  44  71  15  14  82  21  47  87  70  72  85   4
   59  32  38  45  63   6   4  68  12  57  71  10  81  76  40  98  34  29
   31  65  30  60  53  86  68  33  46  93  72  37  69  41  63  37  30   5
   86  48  43  85  83  50  29  87  20  31  27  97  77  60   1  90  43  95
   51  89  45 100  21  66  61  87  76  38   6  79  39  16  78  63  80  19
   11  48  38  26  11  68  86  35  58  46  78  81   1  93  92  25  34  36
   24  19  59  73  12  75  55  62   7  16  95  33  56  55  13  59  32  57
   16   2   1  91  48  49   8  81  21  60  95  47  31  71  97  25  68  59
   97  69   2  24  14  52  11  90  91  33   9   9  81  11 100  26  12  67
   67  23  40  91  60  97   9  68  90  94  79  68  71  53  53  53  59  90
   43  77  41  80  67  67  44  79  58  47  10  29  73  72  71  52  86  93
   30  10  35  82  41  66  64 100  79  44  45  19  30  51  80  40  28  17
   46  57  97  79  16  30  27  24   1  83  24   3   8  58  48   3  78  21
   79  44  93  44  63  25  91]
 [  0  17  58  40  41  31  57  45  51  59  66  91  55  53  23  25  58   1
   31  82  56  76  24  74  48  66  56   3  73  77  90  91   1 100  41  45
   20  61  64  73  34  22  45   2  83  92  64  86  18  63  88   8  97  34
   29  53  33  56  23  72  36  82  51  41  15  72  23  66  67  89  85  84
   34  70  29  60  31  32  53  76  51  26   1  46  91  48  72  87  83  25
    7  50   9  71   7  38  57  93  77  41   9  59  72  83  73  39  40   1
   84  38  10  11  45  65  71  23 100  53  69  85  30  32  49  71  68   9
    7  43  86  59  47  49  61  89  72  57  64  46  49   6  34   5   7   5
   92  45  49  53  86  50   1  44  66   2   4  22  44  11  34  81  81  21
   24  40  15  84   9  10  21  87  25  57  29  22  19  39  75  40  35  12
    4  36  90  20  64  39  56  30  79  94 100  64  95  23  25  29   4  16
    2  54  93  29  56  96  73  10  40  87   2  57  76  32   6  74  85  35
    2  31  37   9  15  34  36  85  15  79  96  40  94  80  61  23  44   4
   86  69  70  63  63  79  65]
 [  0  87  92  85   7 100  19  76  66  83  24  50  90  56  47  52   5   6
   54  70  57   1  60  44  97  46  41  89  57  65  20  65  56  89   9  34
   62  29  34  68  39   4  65  68  78  22  83  55  53  70   6  93  72  76
   22  99  32  88  45  82  25  59  14   5  92  67  99  91  69  90   7  91
    7  39  33  64  29 100  52 100  10  48  99  29  79  92  90  66  98  90
   68  91  30  13   6  31  78  58  94   2  17  89  47   3  97  68  44  47
    4  63  80  90  96  20  32  56  59  72   3   7  50  81   2  98  39  10
   38  52  80  75  40  50  55  23  31  94  82  29  77  80  20  79  71  79
   86  73  62  19  35  67  39  14   6  54  57   2  50  17  74  51  33  54
   38  25  12  64  49   6   7  63  64  89  96  91  65  68  71  95  82  69
   36  51  26  27   9  80  96  13  90  80  66  98   7  19  21  21  14  84
    5  72   5  36  31  94  52  62  55   6  37  68  63 100  16  93  36  35
   66  32  67  45  37  73  55  42  77  19  23  46  68  96  77  77   3  93
   47   3  84  81  43  10   9]
 [  0   8  76  28  46  15  30  35  30  56  18  10  13  18  17  67   3  38
   32  26  34  49  92   3  58  57  29  87  40  80  88  11  38  15  78   2
   94  41  60  77  96  90  65  38   4  94  41  77  19  94  17  71   2  84
   22  86  75  15  83  71  73  15  37  74  59  18  43   2  90  88  93  23
   12   7  36  54  59  49  84  41  69   9  26  24  69  47  66  65  78  91
   97  16  73  78  25   8  45  26  99  59  60   3   5  10  96  60  18  75
   30  26  72  65  18  10  36  59   4  98  13  82  36  35  16  49  79   4
   26  71  95  93  77  82  82  83  78  41  82   7  36  75  88   4  51  67
   53  77  32  42  13  43  43  11  83  51  50  45  55  97  79  81  39   5
   49  27  74  69  96  93  36  17  43  45  66  65  83  58  54  65  35  57
   47  53  81  23  19  17  22  50  80   9  64  76  77  31  57  27  69  95
   94  87  63  88   2  85  39  26  14  12  53  67  11  94  66  85  95  63
   29  15  17  62  33  75  36  94  53  96  49   7   3  95  30  67  42  78
   69  34  93  49  68  89  10]
 [  0  71   6  47  25   4  48  73   1  62  12  26  33  88  21  71  32  47
   47  41  48  40   3  36  55  15  22  33  18  59  68  76  86  65  77  20
   65  49  60   7  80  39  85  93  36  46  64  90  69  90  87  36  96  91
   98  51  92  33  99  54  37  63  99  55  20  18  64  20  38  64  82  74
   13  63  91  25  22  26  98  67  78  53  86  36  29  95  23  20  10  62
   43  39  95  38  80   8  33  42  98  72  15  66   5   9  82  99  51  56
   63  88  92  42  65  86  30  76  69  73   3  34  41  90  74  92  54  48
   28  80  95  56  44  80  14  11  77  60  74   7  82   5  61  84  30  12
   11  93  33  25  13  16  37  47  43  62  84   7  76  84  76  81  30  23
   20  56  96  65  27  26   9  28  71  13  35  51  27   7  31  34  98  33
   49   4  80   4  57  14  32   2  91  50  87  65  19  20  32   3   7  74
   37  70  32  67  13  46  40  39  64  34  16  86  37  89  90   2  94  45
   32  12  53  40  37  40  95  63  41  28   1  73  45  69  94  16  57  25
   76  82  14  91  14  94  67]
 [  0  59  21  26  14  30   4  66  20  28  39  64   2  10  92  13  54  33
   30  99  15   8 100  72  45  84   2  38  60  70  46  87  42  30  33  83
   43  38  30  36  77   7  95  75  87  89  64  39  41  69  66  70   1  21
   40  16  42  24  74   6  76  27  47  57  82  45  64  81  30  55  25  79
   74   9  98  50  26   7  27   4  97  71  69  78  91  60  43  69  51  72
   79  10  15  88  42  87  79  96  96  56  85  52  40  91  98  71  45  24
   45  59  74   2  33   2  79  10  23  31  54   6  94   4  15  90  32  31
   46  61  81  21  48   6  87  95  72  74  42  10  34  71  74  44  56  74
   16  91  14 100  97  43   8   8  93  98  75  51  19  75  33  85  24  79
    6  44  94  42  74  27  98   6  14  85  96  57  51  84  52  24  72  57
   88  14  39  46  41  33  79  97  92   4  43  14  89  89  24  41  99  30
    3  78  30  82  56  75  61  83  17  19  86  64  36  44 100  52  19  10
   93  86  94  21  35  83  14   6  91  74  33  34  54  45  90  92  92  54
   92   4  83  52  87  35   8]
 [  0  26  45  24  66  62  35  35  33  54  90  64  93  49  94  95  33  72
   93  24  73  19  72  51  27  33  54  80   1  14  10  59  34  92  29  39
   82  81  14  69  50  48  78  88  38  44  12  35  31  49  86  88  90   4
   60  53  15  45  18  20   7  98  15  92  84  39  18  51  50  71   2  46
   93  96  42  63  80  88  34  53  76  37  91  96  48  96  61  71  85  70
   86  80  73  26  71  91  50  15  62  58  96   4  49  78  92  91  28  78
   42  15  23  76  41  47  61  16  40  46   5  31 100  64 100  78  54  36
   28  62  80  29   2  51  38  43  29  40  88  93  49  42  79   4   8  75
   31  75  54  66   5  84  76  93  17  59  10  91  41  82  82  96  66  82
   82  28  79   3  38  68  95  21  87  24   5  82  41  80  77  96   8  16
   59  24  52  88  94  30  86  58  72  91  86  37  58  40  81  79  40  69
   68  37  39  73  59  35  46  44  42   8  21  92   5  38  39  88  64  33
   78  33  46  20  89   8  31  38  69   6  70  25  23  96  79  17   8  50
   30  58  90  71  50  93  96]]
 setup_times
 [[[ 0 18 15 25 18 29 29 18 29]
  [ 0  0 26 21 22 21 20 19 18]
  [ 0 23  0 20 26 19 20 29 18]
  [ 0 17 19  0 28 26 28 17 24]
  [ 0 28 22 23  0 28 26 20 24]
  [ 0 17 17 23 15  0 18 20 17]
  [ 0 27 28 28 25 29  0 23 29]
  [ 0 15 20 28 22 25 24  0 19]
  [ 0 25 26 20 28 28 23 18  0]]

 [[ 0 29 25 22 19 23 18 25 19]
  [ 0  0 28 26 25 16 25 19 27]
  [ 0 25  0 24 27 16 20 18 25]
  [ 0 23 16  0 23 29 23 17 17]
  [ 0 18 16 17  0 21 18 20 23]
  [ 0 16 23 15 20  0 21 15 16]
  [ 0 17 20 26 24 20  0 25 28]
  [ 0 19 24 26 18 26 20  0 17]
  [ 0 17 28 20 17 29 23 19  0]]

 [[ 0 28 22 21 28 25 29 26 23]
  [ 0  0 28 25 26 17 21 27 18]
  [ 0 22  0 16 16 19 27 23 17]
  [ 0 27 20  0 25 25 29 16 23]
  [ 0 17 17 15  0 26 21 23 23]
  [ 0 18 16 18 15  0 16 29 18]
  [ 0 25 19 15 24 16  0 22 20]
  [ 0 20 27 23 16 17 25  0 19]
  [ 0 26 23 27 21 21 23 29  0]]

 [[ 0 26 17 28 17 29 15 26 17]
  [ 0  0 16 26 20 29 21 24 24]
  [ 0 24  0 28 27 26 21 29 21]
  [ 0 22 19  0 19 29 29 19 25]
  [ 0 17 21 29  0 29 26 16 15]
  [ 0 18 23 28 26  0 19 15 19]
  [ 0 23 25 21 25 17  0 22 23]
  [ 0 16 19 27 16 27 17  0 17]
  [ 0 17 27 27 26 25 28 17  0]]

 [[ 0 22 24 16 22 26 24 27 28]
  [ 0  0 16 29 24 19 18 24 21]
  [ 0 17  0 18 26 27 20 29 24]
  [ 0 24 17  0 17 29 16 18 23]
  [ 0 24 26 22  0 22 23 16 15]
  [ 0 17 22 15 23  0 25 17 17]
  [ 0 21 25 20 20 16  0 24 18]
  [ 0 23 21 21 16 28 28  0 22]
  [ 0 17 15 15 27 22 21 24  0]]

 [[ 0 28 18 21 29 20 22 17 21]
  [ 0  0 24 25 15 29 26 28 17]
  [ 0 22  0 19 21 16 23 29 19]
  [ 0 18 20  0 28 28 23 28 25]
  [ 0 19 23 22  0 15 28 27 25]
  [ 0 16 17 26 23  0 24 22 24]
  [ 0 19 16 27 21 19  0 15 27]
  [ 0 17 21 15 28 16 27  0 25]
  [ 0 24 18 23 21 24 25 20  0]]

 [[ 0 24 18 28 17 18 18 24 23]
  [ 0  0 20 21 22 15 23 20 20]
  [ 0 24  0 20 24 23 27 26 24]
  [ 0 27 18  0 22 16 27 17 28]
  [ 0 18 21 22  0 29 15 24 15]
  [ 0 29 21 16 16  0 20 16 18]
  [ 0 25 25 19 15 17  0 28 26]
  [ 0 15 20 28 27 18 20  0 22]
  [ 0 25 28 21 15 29 15 16  0]]

 [[ 0 25 23 24 17 15 29 20 28]
  [ 0  0 23 22 17 23 18 16 27]
  [ 0 25  0 22 24 21 24 19 18]
  [ 0 22 20  0 15 21 15 16 15]
  [ 0 22 19 17  0 19 25 26 27]
  [ 0 24 17 27 26  0 28 15 21]
  [ 0 17 29 19 18 21  0 26 16]
  [ 0 26 18 27 15 20 19  0 20]
  [ 0 18 23 24 24 18 16 26  0]]

 [[ 0 15 29 19 16 22 21 22 28]
  [ 0  0 20 15 27 17 25 20 20]
  [ 0 25  0 20 19 29 23 27 26]
  [ 0 19 23  0 20 20 25 15 19]
  [ 0 25 20 23  0 24 15 16 20]
  [ 0 15 19 23 23  0 18 22 20]
  [ 0 24 15 22 21 23  0 22 17]
  [ 0 18 23 22 21 18 21  0 20]
  [ 0 26 27 28 22 20 22 28  0]]

 [[ 0 18 29 29 18 23 16 19 25]
  [ 0  0 19 21 22 17 15 17 25]
  [ 0 18  0 19 28 20 27 21 18]
  [ 0 28 26  0 24 28 27 21 25]
  [ 0 21 15 15  0 21 15 17 26]
  [ 0 23 22 27 16  0 19 19 20]
  [ 0 22 17 26 15 22  0 23 18]
  [ 0 26 24 19 18 16 15  0 28]
  [ 0 16 16 29 19 27 24 15  0]]

 [[ 0 23 22 19 26 28 23 20 20]
  [ 0  0 26 17 27 21 21 25 25]
  [ 0 15  0 15 20 25 20 27 23]
  [ 0 29 16  0 15 17 24 26 29]
  [ 0 18 20 27  0 17 20 23 26]
  [ 0 25 19 29 25  0 26 29 23]
  [ 0 20 27 24 26 29  0 15 25]
  [ 0 20 23 19 19 26 23  0 18]
  [ 0 21 26 27 24 27 16 29  0]]

 [[ 0 27 19 28 21 18 23 24 18]
  [ 0  0 25 17 19 22 25 18 28]
  [ 0 22  0 20 23 24 16 23 23]
  [ 0 15 18  0 28 21 27 21 29]
  [ 0 23 16 23  0 19 16 17 29]
  [ 0 16 29 15 23  0 19 26 19]
  [ 0 20 17 15 28 26  0 18 24]
  [ 0 21 17 24 26 17 18  0 26]
  [ 0 28 15 22 26 18 20 15  0]]

 [[ 0 27 29 24 24 21 22 29 25]
  [ 0  0 26 21 17 18 26 23 16]
  [ 0 22  0 15 17 19 24 17 22]
  [ 0 22 29  0 22 29 17 28 19]
  [ 0 15 22 17  0 16 22 24 23]
  [ 0 18 28 19 28  0 20 19 18]
  [ 0 23 20 20 23 24  0 26 22]
  [ 0 23 17 26 21 20 24  0 24]
  [ 0 23 24 20 22 15 26 20  0]]

 [[ 0 19 26 20 23 15 23 18 27]
  [ 0  0 22 17 28 25 24 22 17]
  [ 0 24  0 29 25 15 20 15 25]
  [ 0 26 19  0 18 23 16 23 25]
  [ 0 20 19 24  0 23 25 23 18]
  [ 0 16 26 22 26  0 27 22 23]
  [ 0 26 23 21 22 18  0 26 20]
  [ 0 15 24 21 17 18 22  0 28]
  [ 0 20 23 21 21 22 15 22  0]]

 [[ 0 25 28 19 20 20 26 27 22]
  [ 0  0 18 18 27 23 21 15 21]
  [ 0 22  0 15 18 16 17 18 28]
  [ 0 26 17  0 16 20 16 25 19]
  [ 0 29 22 28  0 26 21 19 23]
  [ 0 17 22 24 21  0 20 15 18]
  [ 0 28 20 19 21 18  0 22 27]
  [ 0 16 19 29 16 19 20  0 29]
  [ 0 27 29 16 17 28 24 21  0]]

 [[ 0 20 26 23 19 17 21 20 19]
  [ 0  0 21 15 28 24 29 18 19]
  [ 0 15  0 23 27 27 26 29 22]
  [ 0 22 17  0 21 27 15 18 28]
  [ 0 16 24 27  0 27 17 21 20]
  [ 0 26 26 24 25  0 23 26 20]
  [ 0 24 26 18 27 29  0 21 20]
  [ 0 22 26 15 29 15 26  0 28]
  [ 0 24 20 17 29 24 27 26  0]]

 [[ 0 20 28 25 23 21 27 15 23]
  [ 0  0 27 29 27 20 27 16 25]
  [ 0 21  0 20 22 25 26 25 15]
  [ 0 21 24  0 21 28 19 28 24]
  [ 0 21 19 21  0 28 26 21 21]
  [ 0 16 23 21 28  0 21 16 16]
  [ 0 26 16 21 25 20  0 25 24]
  [ 0 20 27 28 28 17 28  0 20]
  [ 0 17 22 19 24 25 17 25  0]]

 [[ 0 27 18 23 29 29 25 23 29]
  [ 0  0 16 28 16 23 17 26 23]
  [ 0 21  0 15 25 29 26 20 18]
  [ 0 27 20  0 29 24 26 20 25]
  [ 0 18 19 19  0 19 24 27 28]
  [ 0 15 20 21 18  0 18 21 22]
  [ 0 23 20 16 23 17  0 21 19]
  [ 0 19 23 23 17 24 20  0 24]
  [ 0 24 19 29 20 22 17 18  0]]

 [[ 0 20 28 17 23 24 21 29 15]
  [ 0  0 25 28 28 28 27 19 21]
  [ 0 25  0 17 27 28 29 19 19]
  [ 0 26 18  0 22 18 19 26 21]
  [ 0 20 27 29  0 28 25 16 18]
  [ 0 25 25 27 24  0 15 25 27]
  [ 0 24 28 27 15 21  0 19 21]
  [ 0 21 27 23 17 26 22  0 23]
  [ 0 23 18 26 25 29 28 21  0]]

 [[ 0 26 21 23 24 18 21 27 29]
  [ 0  0 16 15 23 19 20 18 21]
  [ 0 23  0 16 26 23 19 20 15]
  [ 0 20 22  0 15 16 19 23 29]
  [ 0 22 25 21  0 19 25 25 22]
  [ 0 22 23 18 23  0 28 25 27]
  [ 0 22 28 17 29 25  0 19 25]
  [ 0 29 25 21 24 15 23  0 29]
  [ 0 25 21 15 15 19 16 15  0]]]
 delivery_times
 [[ 0 97 59 10 57 59 36 58 90 92 90 47  6 63 96 43 80 29 36 39 14 27 56 89
  18 59  9 91 44 85 24 36 26 41  4 17  6 53 67 45 52 37 25 31 47 53 88 21
  22 46 69  9 59 80 47 12 95 71 85 41 64 82 95 52  6 67 59 35 47 40 11 35
  48 95 41 98 58 71 15 28 29 82 72 32  1 96 85 82  8  4 20 32 52 96 20 68
  44 13 75 55 25 53 67 70 84 33 87 96 25 77 10 42 78 15 48  2 14 89 58 56
  61 94 36  9 39 84 32 68 85 10 25  4 41 80 18 69 12 38 74 39 17 49 45 74
  99 68 45 96 70 61 97 68 23 81 11 83 85 93 65 69 59  5 12 48 98 35 16  5
  59 16 79 94 19 10 32 94 83 94 22 48 29 97  9 70 75  5 84 56 56 64 64  4
  35 61 39 30  6 92 11 30 95 26  3  5 35 14 62 23 79 82 52 45 20 89 91 18
  51 48 64 17 96 16 19 72 82 93 20 53  5 91 16 70 68 72 29  2 26 75 86 44
  92]
 [ 0 86 39 92 34 59 43 50 30 88 63 99 97 26 17 54 12 15 58 12 24 92 11 34
  66 31 82 18 88 51 75  9 33 46  1 37 69 14 57 53  1  3 15 26 95 13 60 95
   5 75 75 15 26 81  1 24 32 99 83  4 31 21 60 47 99  5 25 61 83 56 54 64
  41 70 60 36 15 16 62 84 94 71 97 90 90 22 32 23 34 65 61 86 35 70  3 83
  39 65 91 41 48 99  7 99 81 53 99 72 47 77 54 33 33 47 57 54 34 45 11 96
  82 40 72 99 84 28 80 45 46 16 55 28 34  6 25 11 87 21 58 96 95  3 86 55
  41 32  8 95 76  3 95 58 85 69 60 56 88 91 25 66  1 94  9 89 61 91 31  7
  92 79 87 66 56 95 22 30 97 41 60 70 79 15 63 93 23 57 44 92  2 64 57 68
  34 50 60 37 52 34 80 32 80 95 26 90 76 79 55  3 24 70 79  4 70 11 90 62
  11 86 50 75  6 53 37 85 72 25 83 24  3 93 83 75 50 98 14 45 56 51 93 23
  41]
 [ 0 67 44 53 88 36 61 38 13 25  3 29 42 82 48  7  2 22  2 10 62  4 38 17
  11  4  6 66 67 67 43 15 10 53 50 46 57 34 68 88 43 27 40 38 49 32 17 98
  77 43 93 84 74 60 42 13 28 55 90 48 31 81 26 82 43 40 74 71 93 46 77 62
  99 13 29 46 83 97 40 49 79 75 82 40 18 43 13 41 97 99 26 91 78 78 46 68
  16 41 90  4 73 26 82 57 50  6 17 29 98  5 67 63 21 64  6 89 93 37 98 34
  97 46  3 97 74 68  6 67  8 20 10 99 63 83 52 67 53  2  6 48 95 64 73 27
  95 50 73 22  3 11 76 67 61 79 10 82 77 91 86  6 77 61 66 54 63 79 51 32
  98 53 24 89  8 91 27 72 90 47 69 53 96 74 66 11 28  8 44 71 88 96 15 71
  63 17 20 34 69 48 83 46 10 52 16 70 39 19 60  3 36 32 92 66 70 16 55 83
  96 55 36 80 47 35 54 17 25 51 97 22 28 29 65 22 21 63 22  8 30 96 56 28
   9]
 [ 0 37 80  8 99 87 85 33 52 11 62 53 97  2 83 23  5 95 10 16 52 50 30 20
  88 23 78 85 90 25 53 80 71 56 26 62 94 11 49 52  7 34 21 42 27 85  7 69
  59 26 54 20  2 52 78 38 26 55  4 79 89 16  9 30 17 49 39 40 52 41 83 74
  47 95 77 98 81 97 70 98  5 23 85 96 62 47  4 75  4 96 93  5 62  7 93 10
  36 98 45 57 62 82 54 89 73 52 86 67 92 59 27 18 59 71 48 91 45 82 93 19
  28 64 18 51  5 19 36 21 13 64 82 35 20 73  3 48 12 68 56 35 98 31 17 40
  89 42 52 21 13 74 31  8 67 21 61 68 76 84 16 44 57 61 79 96 33 56 87 56
  32 72 72 77  7 46 55 68 33 84 79 55 95 83 77 96 38  8 92 13 48 19 71 40
  83 37 27 28 43 53 45 32 60 30 15 42 93 62 54 95 19 57 45 58 99 68 94 55
  73 65 42 67 84 27 38 75 67 81 99 41 48 51 85 63 51 54 73 14 36 20 93 41
  71]
 [ 0 95 74  6 33 94  3 96 18 12 95 32 68 89 43  8  7 96 81 62 55 94  7 71
  75 97 79 30 83 11 54 32 98 74 82 27  2 14 58 59 46 12 20 50 27 39 29  2
   6 78 33 40 24 38 15  6 76 63 64 68 81 85 77 43 73 87 64 58 70 68 49 41
  50 99 92 25 80 37 70 52 33 47 39 70 33 25 69 68 36  7 23 63 31 49 82 89
  16 26 93 65 30 10 16  7 26 80 62 72  2 64 25  7 86 46  4 39 45 28 76  8
  35  6 18 24 17 93 24 59 47 41 54 36  1 83 66 73 18 59 25 29 88 41  8 70
  57  2  3 19 14  9 27 43 99 21 65 40 26 18 42 79 33 60  7 54 36 98 19 63
  35 46 91 39 57 44  7 84 57 95 47 58 75 66 69 77 86 67 88 30 54 30 83 63
  13 60 19 10 83 38 16 13 27  6 89 71 39 18 65 51 29  3 82  7 61 25 31 69
  79 44 97 16 82 81 57 52 79 46 11 58 68 47 46 73 11 34 21 83 34 66 29 95
   1]
 [ 0 78 63 26 44 74 91 74 55 71 59 81 66 98  7 51 45 64 69 18 71 36 57 45
  55  9 93 28 62 95 81  2 66 16 63 47 15 19 64 31 40 36 80 55 73 56 35 64
  38  5 83 87 10 36  5 62 95 12 75 97 25 25 70 35 37 34 49 39 33 81 12 57
  99 35 50 15 13  9 97 97 50 70 23 37 91 87  2 41 14 94  2 45 50  3 79 36
   7 22 89 82 56 39 92 44 23 94 75 99 24 27  7 48 92 45  2 26 78  1 89 36
  96 23 30 93 36 40 86  1  3 21 18 31 21 75 85 49 78 86 14 47 13 29 53 84
  88 20 33 81 49 52 84 94 16  4 69 14 50 42 45 68 81  1 84 55 98  1 87  5
  10 68 86 81 83 57 72 16 78 72 48 50 60 41 22 70 79 63 71 90 72  1  1 40
  82 28  2 82 34 94 84 74  9 43 80 43 71 16 95 35 45  1  9 99 18 68 41 65
  65 92 24 45 38 37 72 82 62 39  8 11 95 82 65 71 48 84 35 19 82 38 20 85
  73]
 [ 0  1 26 16 52 32 82 73 64 82 66 86  5 41  2 91 57 27 96 61 72 83 27 23
   4 62 45 22 77 41 92  8 59 77 95 31 72 56 86 83 36 80 31 64 52 16 96  7
  19 92 96 17 91 91 72 87 31 78 37 63 55 62 53 33  2 39 65 32 72 48  5 43
  94 65 30 25 37 21 35 48 39 10 25 16 56 58  6 65 46 38 16 76 47 90 11 86
  58 70  5 58 33 32 84 88 35 24 61 45 58 96 47 60 49 91 24 76 81 67 14 46
  56 45  1 87 69 89 23 78  4 94 33 62 84 84 43 72  7 33 40 89 90 65 71 29
  15 23 56 84 36 84 93 28 70 47 14 25 41 28 74 19 27 38 38 59 15 94  3 39
  99  9 76 38 71 90 23 65  6 88 54 45 42 69 20 15 22 22 74 40 98 76  7 47
  26  2 64 66 92 67 65 73 82 84 14 51 51 28 63 44 49 48 89 16 12 38 89  4
  23 76 80 87 25 60 24 41 46 60 36 75 84 32 42  2  4 36 52 84 43 39 40 84
  95]
 [ 0 54  4 30 80 39 86 50 31 79 53 76 96 11 50 84 66 37 74 97  8 16 74 29
  68 28 91 34 63 57 55 57 65 74 39 44  4 28 58 19 79 71 60 97 23 20 81 44
  77 89 23  8 38 27 19 30 68  9 81 30 96 13 16 64 89 23 91 74 55 73 57 13
  54 63 67  9  8 29 15 47 42 82 57 83 87 97 91 37 60 65 96 34 48 79 67 22
  67 15 71 99 30 58 98 22  4 11 60 26 87 84 59 54 52 43 20  5 77 81 90 44
  78 68 37 61  3 74 67 73 43 32 54 83  2 46 46 81 43 99 95 57 18 95 84 30
  28 18 64 49 82 89 91 44 88 69 15 15 91 27 27 65 72 75 10 24 45 14 19 11
   2 99 51 89 35 71 28 73 82 91 98  9 10 33 52  8 31 78 60  2 64 93 16 96
  87 49 37 19 44 40 39 23 51 83 91 84 76 57 68 54 86 92 32 28 91 32  4 42
  21 60 79 26 84 80 86 49 60 46 63 14 90 35 58 22 38 21 24 36  1 59 60 27
  12]
 [ 0 29 22 20 69 32  5 66 30 63 11 50 78  9 53 36 87 68 15 26 91 95 93 67
  55 14 35 45 13 95 64 14 45 20 98 65 28 48 75 61 72 31 13 66 71 55 39 53
  36 90 40 83 76 79 19 93 48 79 31 48 12 70 73 17 24 22  7 85 80 85 84 15
  65  9 42 81  4 58 69 95  6 70 62 87 78 99 59 41 34 67 27 49 91  7  2 82
  10 46 17 95 61 95 28 56 46 10 80 58 30 26 56  2 64 47 27 70 16 76 55 28
  12 36 95 28 97 37 18 66 40 76 94  1 88  5 23 60 66 13 47 56 37 24 81 34
  38 36 52 26 93 90 75 55 12 43 21 16 34 54 55  5 56 14 80 30 31 53 36 64
  87 16  3 61 87 48 84 70 31 94  2 98 61 61 33 79 44 97 91  5 28 79 50 49
   8 93 13 42 70  2 26 59  2 10 40 53 10 89 67 55 32 69 70 74 99 24 51 67
  83 54 43 18 28 17 54 45 51  2 70 61 67 97 94 16 68 19  1 57  2 60 84  4
  36]
 [ 0 84 71 89 74 87 53 41 55 45 69 58 12  1 43 19 39 77 27 68 97 75 48 47
   6 65 16 20 43 95 12 26 35 55 52 51 84 91 77 16 32 70 78 38 22 97 20 55
   4 46 48 53 65 37 34 75 98  2 71 60 29 35 57 41  7 68 92 27 21 76 44 34
  57 40 97  7 21 46 13 29 10 64 22 58 53 60 91 52 16  8 32 44 18 15 12 47
  46 98 65 14 75 29 87 97 71 28 24 55 59 80  8 56 53 36 68 87 66 27 67 65
  33 57 17 38 14 76 21 80 58 51 13 30 95 50 21 52 84 29  2 94 24 69 93  9
  96 41 40 55  2 76 55 95 61 98 25 42 52 26 67 85  5 71  2 30 23 97 48 44
  54 54  7 70 72 57 24 36 88 65 53 52 76 83 10 80 84  6 32 60 54  7 25 13
  71 57 56 79 20 79 38 88 14 32 98 37 44 83 91  7 92 41 99  7 90 76 80 71
  32 58 34 64 67 84 54  9 83 63 75 63 49 94 45 67 82 81 13 52 38 38 77 98
  26]
 [ 0 17 73 89 77 94 94 50 77 28 98 81 24 46 12 13 78 87 92 16 19 22 70 78
  25 30 31 37 78 10 46 13 77 29 97 94 78 61 80 35 11 85 51 52 12 22 20 51
  53 24 21 57 84  6 28 41 25 89 50 41 68 17 20 64 10 68 17 68 18 73  7 11
  66 32 96  6 93 48 54 17 90 86 26 79 34 67 41 72 16 13 13 78 81 92 67 94
  61 46  2 61 93 93  8 18 75 44 19 49 74 75 18 17 60 40 81 70 43  1  6 38
  68 84 28 33 86 29 79 65 71 89 82 83 12 86 99 58 31 19 49 86  2 78 81 86
  46  6 43 83  2 87 73 16 24 48 35 92 41 63 90 72 40 46 80 87 87 75 48 51
  33 49 16 67 57 55 28 95 93 42 39 13 96 51 70 10 54 47 55 67  3 72 86 95
  12 93  1 37 32 54  5 82 41 59 83 27 76 33 35 12 16 43 92 25 34 47 18 55
  98 50 64 61 89 46 31 88 75 76 83 89 99 60 37 74 97 88 55 49 27 59 92  3
  46]
 [ 0 39 12 50 87 67 97 22 90 84 21 96 13 91 78 84  7 30 41 70 80 92 47 56
  96 94 10 52 44 84 69 25 73 97  4 39 59 43 46 98  3  6 52 14 93 70 93 63
  88 62 53 90 50 74 79 83 12 24 77 11 45 99 88 95  3 70 29  3 84 78 16 31
  74 32 55 13 85 36 54 47 19 99 43 47 31 60 72 23 80 92  1 18 18 29 52 52
  71 73 90 51 82 28 94 53 45  6 39 35 54 54 86 35 97 79 22 16 44 31 63 51
  66 28 64 71 41 61  3 35 61 39 20 65 63 74 51  6 45 41 82 81  6 73 77 12
  34 77  4 12 44 14  5 24 38 97 24 77 18 70 56 66 23 18 25 32 54 16 82 42
  51 89  7 62 10 92 93 35 97  8 47 58 22 41  8 96 25 63  5 21 16  2 92 10
  21 96 33 20 29 96 54  9 35 28 65 32 33 45 77 38 92 11 97 79 92 28 38 40
  61 54 52 35 65  7 59 17 90 46 53 30 97 30 61 15 60 75 85  7 91 51 87  2
  63]
 [ 0 79 96 78 98 72  5 23 84 93 22 63 56 14 39 85 82 39 60 71 57  9 19 23
  80 92 88 72  8 64 26 92 32 40 13 70 34 89 65 11 96 72 32 28  6  1 99 63
  50 47 33 58 57 53 27 46 46 70 12 56 28 24 95  2 96 69 22 64 45 42 54 99
  73 92 21 59 70 65 20 25 38 20 53 60 94 18 63 99 57 30 76 37 42 54 69 64
  76  5 66 86 92 57 63 40 89 53 49 83  1 84 91 31 44 33 96 40 64 44  6 65
  12 52 91 39 43 53 12 10 50 74 71  6 84 84 25 28 16 32  3 52 67 11 99  9
  46 54  1 61 89 55 34 79  5 38 57 70 32 83 18 70  8 44 76 98 23 98 80 41
  78 46 18 85 48 37  6 37 65  8 82 93  8  5 65 19 83 28 59 65 12 94  9 39
  38 30 15 70 82 44 27 48 77 25 70 54 17  4 21 46 86 98  6 59 74 25 66 75
  21 90 67 90 65 98 20 72 19 37 94 54 63 70 49 94 46 23 79 15 26 30 74 34
  96]
 [ 0 58  1 78 52 12 62 57  5  8 97 22 82 26 83 17 38 27 92  4 54 29 42 19
   6 40 65 39 74 36 64 76 23 34 80  2 22 84 14 50 22 85 92 45 83 96 89 41
  84  4 98 53 86 35 30  4 36 71 75 77 38 45 70 87 93 97 27 10 85 60 36 58
  66 94 30 38 54  7 90 93 15 24  6  6 22 52 36  2 15  1 43 55 24  8 80 53
  79 72  7 43 43 23 80 78 36 80 95 11 97 95 83 55 70 66 17 38 60 99 67 29
  56 22 35 28 56  2 73 40 87 49 26 42 50 21 18 15 71 48 11 77  5 85 25  5
  13 35 31 21 30 25 11 68 16 75 41 47  3 55 51  3 24 69 44 12 89 39 63 50
  80 52 26 76 35 95 98 47 67 78 25 99 73 75 87 41 90 39 15 34 65 66 67 56
  41 27 16  7 33 51 25 26 70 41 45  2  3 28 89 46 50 29 49 21 65 28 56 78
  85 30 45 27 78 86 64 69 30 60  4 27 46 72 13 81 75  6 27 45  9 56 71 17
  16]
 [ 0 58 42 70 65 44 49 46 65 45 76 63 92 91 99 55 55  2 33 36 81 10 53 72
  42 60 47 42 50 89 60 57 69 42 89 84 75 13 68 69  7 32 77 23 83 71 94 48
  86 45 22 76 81 27 59 36 83 81 51 43 92 71 31 88 63 82 84 57 70 73 54 88
  44 76 64 66 75 13 47 63 73 47 76 77 21 65 44  5 16 41 41 67 46 28 35 39
  59 79 16 23 98 52 82 80 47 94 97 35 36 33  2 84 68 29  5 66 22 14 68 52
  23 74 25 76 17 34 10 20  8 70 79 19 36 12 85 69 29 97 30 87  8 82 64 46
  19 43 77 44 73 90 89 83 18 47 75 75 78 54 80 59 13 83 67 87 81 75 61 42
  41 65 37 99 80 10 22 91 59 23 27 89 17 93 47 20  7 18 73 49 88 23  4 22
  49 18 39 26 89 40 30 51 24 30 27 36  5 34 58 69 45 43 50 98 54 15 31 12
  98 55 66 77 27 48 20 54 49 50 35 26 93  3  8 23 55 64  1 30 52 99 88 82
  49]
 [ 0 13  8 11 69 78 67 53 69  8 87 61 97  8 77 52 62 15 98 25  4  9 39 22
  14 55  2 76 55 61 18 63  4  2  7  8 38 83 79 21 35  8 68 11 29 87 87 92
  42 29 59 36 44 30 91 44 39 54 97 21 62 58 36 63 95 76 91 26 92 28  3 64
  20 59 77 84 91 41 58 70 51 36  6 15 60 95  5 85 84 83 27 18 75 56 84 51
  77 24 31 46 88 27 42  7 85 81 18 20 46 62 32 66 25 50 13 69 30 76 74 33
  46 48 18 28 64 34 22 84 82  8 82 73 43 86 98 82 35 91 53 46 90 12 59 65
  41 86 78 98 54 93 57 11 82 42 74 35 20 65 44 49 11 97 84 16 99 37 15 57
  77 70 45 81 80 85 13 29 57 43 34 56 47 30 67 42 60 65 93  8 54 91 80 41
  33 72 19 52 43 27 27 56 89 73 97  8  3 34 58 79 94 58 81 13  7 24 48 23
  87 18  8 29 16 59  5  5 75 43 81 98 67 99 79 98 57 86 88 68  7 96  3 88
  28]
 [ 0 30 36 12 38  7  3 67 37 95 53 58 85 48 61 10 83 89 59 40 17 48 99 13
  45 63 66 89 33 46 33 31 79 16 97 26 39 57 82 13 76 51 35 37 57 95 29 27
   7  6 73 94 52 37 41 39 21 69 87 54 77 19 36 55  4 42 25 17 77 21 24 91
  79 25 57 48 27  2 55 83 45 59 13 86 11 11 44  1 41 75 80 10 66 63 89 89
  73 86 92 37 68 43 63 21 97 41 40 71 33 44 48 69 77 92 28 77 50 54 91 51
  30 26 81 10 94 74 78 13  4 26 46 59 65 87 90 66  3 82 64 73 90  3 11  9
  54 45 25 17 48 27 15 26 93 96 26  2 51 81 81 63 99 13 43 47 61 55  7 75
  35 82 58 84 80 83 86 98  4 15 79 17 75 80 79 35 88  6 21 44 63 51 71  7
  94 65 15 75 93  9 20 22 48 89 19 32 66 73 93 51 77 84 40 20 83 83 74 59
  16 59 35 77  4 87 55 15 83 91 17  1 91 15 54 73 91 95 50 54 84  3 84 20
  25]
 [ 0 59 41 68 14 65 19 37  4 47 53 77  8 37 70  5 55 57 93 73 17 96 18 57
  21  6 45  5 14 12 20 38 99 95 61 98 79 54  2 57 75  8 35 45 51 74 84 77
  14 93 72 33 35 15 63 75 49 13 30 13 84 45 82 59 69 87 43 54  4 36  3 42
  58 60 38 10 81 50  2 12 53  3 96 11 78 64 80 70 26 61 61 77 56 78 17 97
  34 64 58 45 61 81 62 35 39 99 97 50 32 93 21 97 92 71 92 11 40 16 43 76
  69 67 78 81 87 75 55 25 60 28 32 31  7 94 41 53 69 84 54 88 91 16 42 82
  75 82 99 67 16 93 55 11 32 82 58 90 74 89 15 22 33 45 21  5 24  7 52 51
  15 18 32 93  3 64 16 24 77 25 96 28 86 43 68 86 92 25 63 69 66  4 47 62
  18  4 30  3 71 23 32 47 89 58 79 66 14 63 72 98 80 97 17 92 67 67 69 99
  19 55 18 93 93 79 92 48 93  5 87  7 65 55 30 51 65 93 88 12 31 45 31 21
  37]
 [ 0 15 77 20 39 43 64 20 67 71 83 26  1 23 56 86 37 22  5 16 99 57 87 16
  35 36 12  5 66 66 67 52 58 23 43 36 78 85 14  4  3 70 51 71 19 57 26  2
  10 16 13 18 30 31 19 18 33 83 93 34 27 17 87 90 55  8 39 98 28 22 20 79
  15  1 60 21 75 89 85 42 99 95 95 35 52 34 87 15 66 87 39 38 69 24 89  3
  94 22 94 60 52 85 68 81 64 27 71 18 19 17  5 59 14 20  6 64 32  8 96 66
  85 28 28 22 12 13 11 63 57 42 21 93 49 95 22 46 80 94 62 21 51  6  2 13
  77 99 38 78 11 50 28 42 36 63 90 62 41 35 12 36 41 99 98 69 34 18 41 78
  61 70 50 15 23 41 79  5 46 27 95 51  5 90 69 10  9 30 97 58 35  2 58 75
  68  2 25 67 88 32 59 16 56 68 58 73 10 70 14 15 59  7 98 83 16 61  1 74
  81 17  8  1  6 74 86 93 11  8 21  3 36 26 24 38 22 15 56 94 43 70 75 71
  98]
 [ 0  5  7 92 33 25 68 65 42 87 78 47 99  4 31 27 17 18 52 68 11 67  9 44
  80  7 48 31 81 97 24  1 15 19 96 54 71 14 53 90 83 67  2 74 33 53 61 56
  28 94 79 13 26 88 21 62 94 27 13 63 12 39 42 15 27 45 18 88  1  4 95  3
  49 22 94 68 24 42 75 97  9 48  2 71 30 53 99 53 67 20 85 58 43 90 60 87
  71 72 31  1 29 94 34 98 27 95 55 22 87 89  3 55 71 84 97 53 78 54 21 49
  73 41 40 88  4 77  7 12 18 18 98 22 24 66 11 78  7 21 26 52 59 95 49 99
  74 71 57 27 13  9 78 63 72  6  1 25 81 67 92 76 41 10 70 97 93 62 26 97
  63 74 85 13 46 89 89 46 74 68 40 93 59 24 24  1 82 72 50 96 27 10  7 81
  66 13 27 31 49 81  9 96  7 93 18 89 68 71 99 89 40 85 83  9 71 96 12 60
  95 58 18 64 67 92 13 45 42 99 10 43 51 92 60 27 45 54 73 81  4 28 71 10
  18]]
 job2fam
 [[1 0 0 0 0 0 0 0 0 0 0 0 0 0 0 0 0 0 0 0 0 0 0 0 0 0 0 0 0 0 0 0 0 0 0 0
  0 0 0 0 0 0 0 0 0 0 0 0 0 0 0 0 0 0 0 0 0 0 0 0 0 0 0 0 0 0 0 0 0 0 0 0
  0 0 0 0 0 0 0 0 0 0 0 0 0 0 0 0 0 0 0 0 0 0 0 0 0 0 0 0 0 0 0 0 0 0 0 0
  0 0 0 0 0 0 0 0 0 0 0 0 0 0 0 0 0 0 0 0 0 0 0 0 0 0 0 0 0 0 0 0 0 0 0 0
  0 0 0 0 0 0 0 0 0 0 0 0 0 0 0 0 0 0 0 0 0 0 0 0 0 0 0 0 0 0 0 0 0 0 0 0
  0 0 0 0 0 0 0 0 0 0 0 0 0 0 0 0 0 0 0 0 0 0 0 0 0 0 0 0 0 0 0 0 0 0 0 0
  0 0 0 0 0 0 0 0 0 0 0 0 0 0 0 0 0 0 0 0 0 0 0 0 0]
 [0 0 1 0 0 0 0 0 1 0 0 0 0 1 0 0 0 0 1 0 0 0 0 0 0 0 0 0 0 0 0 0 0 0 0 0
  0 0 1 0 0 0 0 1 0 0 1 1 0 0 0 0 0 1 0 0 0 0 0 1 1 0 0 0 0 0 1 0 0 0 0 0
  0 0 0 0 0 0 0 0 0 0 0 1 0 0 0 0 0 0 0 1 0 0 0 0 0 0 1 1 0 0 0 0 0 0 0 1
  0 0 0 1 1 0 0 0 0 0 0 0 0 0 0 0 0 0 1 0 0 1 0 0 0 0 0 0 1 0 1 1 0 0 0 0
  1 0 0 1 0 0 0 0 0 0 0 0 0 0 0 0 0 0 0 0 0 0 0 0 0 0 0 0 0 0 0 0 0 0 1 0
  0 0 0 0 0 0 0 0 0 0 0 0 0 1 0 0 0 0 0 0 0 1 0 0 0 1 0 0 0 0 0 0 0 0 0 0
  0 0 0 0 0 0 0 0 0 0 0 0 0 0 0 0 0 1 0 0 0 0 0 0 0]
 [0 0 0 0 0 0 0 0 0 1 0 0 0 0 0 0 0 1 0 0 0 0 0 0 0 0 0 0 0 1 1 0 0 0 1 0
  1 0 0 1 0 0 0 0 0 0 0 0 0 0 1 0 0 0 0 0 0 1 0 0 0 0 0 0 0 0 0 0 0 0 1 1
  0 0 1 0 0 0 0 0 0 1 0 0 1 0 0 0 0 0 0 0 1 1 0 0 0 0 0 0 1 0 0 0 0 0 0 0
  0 0 0 0 0 0 0 0 0 0 0 0 1 1 1 0 0 0 0 0 0 0 0 0 0 0 0 0 0 0 0 0 0 0 0 0
  0 1 0 0 1 0 0 0 0 0 0 0 0 0 0 0 0 0 0 0 0 1 1 0 0 0 1 0 0 0 1 0 0 0 0 0
  1 0 0 0 0 0 1 0 0 1 0 0 0 0 0 0 0 0 0 0 0 0 0 0 0 0 0 0 0 0 0 1 0 0 0 0
  0 0 1 0 0 0 1 0 0 0 0 0 0 0 1 0 0 0 1 0 0 0 0 0 0]
 [0 0 0 1 0 0 0 0 0 0 0 0 0 0 0 0 0 0 0 0 0 0 0 0 0 0 0 0 0 0 0 0 0 1 0 1
  0 0 0 0 0 1 0 0 0 0 0 0 0 0 0 0 0 0 0 0 1 0 0 0 0 0 1 0 0 0 0 0 0 0 0 0
  0 0 0 0 0 1 0 0 0 0 0 0 0 0 1 0 0 1 1 0 0 0 1 1 0 0 0 0 0 0 0 0 0 1 0 0
  0 0 0 0 0 0 0 0 0 0 0 0 0 0 0 1 0 0 0 1 1 0 0 0 0 1 0 0 0 0 0 0 0 0 0 0
  0 0 0 0 0 0 1 0 0 0 0 0 0 0 0 0 0 0 0 0 0 0 0 1 0 0 0 0 0 0 0 0 0 0 0 1
  0 0 0 0 0 0 0 0 0 0 0 0 0 0 0 0 1 0 0 0 0 0 0 0 0 0 1 0 1 1 0 0 0 1 1 0
  0 0 0 0 1 0 0 0 0 0 0 1 0 1 0 0 0 0 0 0 0 0 0 0 0]
 [0 0 0 0 0 0 0 0 0 0 1 0 0 0 0 1 0 0 0 1 0 1 0 0 0 0 1 1 0 0 0 0 0 0 0 0
  0 0 0 0 0 0 1 0 0 0 0 0 0 0 0 0 1 0 0 0 0 0 0 0 0 0 0 0 1 0 0 0 0 1 0 0
  0 0 0 1 0 0 0 0 0 0 0 0 0 0 0 0 1 0 0 0 0 0 0 0 0 0 0 0 0 0 0 0 1 0 0 0
  0 0 1 0 0 0 0 1 0 1 0 0 0 0 0 0 1 1 0 0 0 0 0 0 0 0 0 0 0 0 0 0 0 0 1 0
  0 0 0 0 0 0 0 0 0 0 0 0 0 0 0 0 0 0 0 0 0 0 0 0 1 0 0 0 1 1 0 1 0 0 0 0
  0 0 0 1 0 0 0 0 1 0 1 0 0 0 0 0 0 0 0 0 1 0 0 0 0 0 0 0 0 0 0 0 0 0 0 0
  0 0 0 0 0 0 0 1 0 0 0 0 0 0 0 0 1 0 0 1 0 1 1 0 0]
 [0 1 0 0 1 1 0 0 0 0 0 0 0 0 0 0 0 0 0 0 1 0 0 0 0 1 0 0 1 0 0 0 1 0 0 0
  0 0 0 0 1 0 0 0 1 1 0 0 0 0 0 0 0 0 1 0 0 0 1 0 0 0 0 1 0 0 0 0 0 0 0 0
  1 0 0 0 0 0 0 0 0 0 1 0 0 1 0 0 0 0 0 0 0 0 0 0 0 1 0 0 0 0 0 0 0 0 0 0
  0 0 0 0 0 0 1 0 0 0 0 1 0 0 0 0 0 0 0 0 0 0 0 1 1 0 0 1 0 1 0 0 0 0 0 0
  0 0 0 0 0 0 0 0 0 0 1 0 0 1 1 0 1 0 0 1 0 0 0 0 0 0 0 0 0 0 0 0 1 1 0 0
  0 0 1 0 0 0 0 0 0 0 0 1 0 0 0 1 0 0 0 0 0 0 1 0 1 0 0 1 0 0 1 0 0 0 0 1
  0 1 0 1 0 0 0 0 1 0 0 0 0 0 0 0 0 0 0 0 0 0 0 0 0]
 [0 0 0 0 0 0 0 1 0 0 0 1 1 0 1 0 0 0 0 0 0 0 0 1 0 0 0 0 0 0 0 0 0 0 0 0
  0 0 0 0 0 0 0 0 0 0 0 0 0 0 0 1 0 0 0 1 0 0 0 0 0 0 0 0 0 0 0 0 0 0 0 0
  0 0 0 0 0 0 0 1 0 0 0 0 0 0 0 0 0 0 0 0 0 0 0 0 0 0 0 0 0 1 0 1 0 0 1 0
  0 1 0 0 0 0 0 0 0 0 1 0 0 0 0 0 0 0 0 0 0 0 0 0 0 0 0 0 0 0 0 0 0 0 0 1
  0 0 0 0 0 1 0 0 0 1 0 0 0 0 0 0 0 0 0 0 0 0 0 0 0 0 0 0 0 0 0 0 0 0 0 0
  0 0 0 0 1 0 0 0 0 0 0 0 0 0 1 0 0 0 1 0 0 0 0 1 0 0 0 0 0 0 0 0 1 0 0 0
  1 0 0 0 0 0 0 0 0 0 0 0 1 0 0 1 0 0 0 0 0 0 0 0 0]
 [0 0 0 0 0 0 0 0 0 0 0 0 0 0 0 0 1 0 0 0 0 0 1 0 1 0 0 0 0 0 0 1 0 0 0 0
  0 0 0 0 0 0 0 0 0 0 0 0 0 0 0 0 0 0 0 0 0 0 0 0 0 1 0 0 0 0 0 1 1 0 0 0
  0 1 0 0 0 0 1 0 0 0 0 0 0 0 0 1 0 0 0 0 0 0 0 0 1 0 0 0 0 0 0 0 0 0 0 0
  1 0 0 0 0 1 0 0 1 0 0 0 0 0 0 0 0 0 0 0 0 0 1 0 0 0 1 0 0 0 0 0 1 1 0 0
  0 0 1 0 0 0 0 0 1 0 0 0 1 0 0 1 0 0 1 0 1 0 0 0 0 0 0 1 0 0 0 0 0 0 0 0
  0 1 0 0 0 0 0 1 0 0 0 0 1 0 0 0 0 0 0 0 0 0 0 0 0 0 0 0 0 0 0 0 0 0 0 0
  0 0 0 0 0 0 0 0 0 1 1 0 0 0 0 0 0 0 0 0 0 0 0 1 1]
 [0 0 0 0 0 0 1 0 0 0 0 0 0 0 0 0 0 0 0 0 0 0 0 0 0 0 0 0 0 0 0 0 0 0 0 0
  0 1 0 0 0 0 0 0 0 0 0 0 1 1 0 0 0 0 0 0 0 0 0 0 0 0 0 0 0 1 0 0 0 0 0 0
  0 0 0 0 1 0 0 0 1 0 0 0 0 0 0 0 0 0 0 0 0 0 0 0 0 0 0 0 0 0 1 0 0 0 0 0
  0 0 0 0 0 0 0 0 0 0 0 0 0 0 0 0 0 0 0 0 0 0 0 0 0 0 0 0 0 0 0 0 0 0 0 0
  0 0 0 0 0 0 0 1 0 0 0 1 0 0 0 0 0 1 0 0 0 0 0 0 0 1 0 0 0 0 0 0 0 0 0 0
  0 0 0 0 0 1 0 0 0 0 0 0 0 0 0 0 0 1 0 1 0 0 0 0 0 0 0 0 0 0 0 0 0 0 0 0
  0 0 0 0 0 1 0 0 0 0 0 0 0 0 0 0 0 0 0 0 1 0 0 0 0]]
