params：
 weight-->(1, 10)
 proc_times-->(1, 100)
 setup_times-->(30, 60)
 delivery_times-->(170, 200)
 job_rate-->12

start:
alpha_1
12
 alpha_2
1.0
 mach
20
 job
240
 fam
8
 weigh
 [[0 1 5 3 4 3 7 8 4 5 6 4 9 9 3 2 9 8 6 5 5 6 9 6 8 3 6 6 9 8 4 8 6 3 7 8
  2 1 6 3 2 9 2 9 8 7 5 4 6 4 6 8 3 7 5 2 8 8 9 8 2 2 6 2 3 3 8 2 4 2 8 9
  3 5 2 5 1 8 6 8 7 9 1 3 4 3 6 3 1 3 1 4 5 4 4 3 2 8 5 9 4 9 8 2 1 8 8 4
  5 5 4 4 8 2 9 5 9 1 9 3 3 6 6 7 8 9 3 4 2 8 9 5 1 6 4 9 3 1 7 3 4 2 4 1
  8 6 5 5 1 5 1 7 5 3 2 1 4 8 2 8 6 3 4 1 1 4 6 2 9 8 6 4 1 4 1 9 7 5 8 2
  3 7 5 7 6 3 8 6 1 1 3 2 6 6 5 6 3 6 3 1 7 5 7 4 4 2 8 1 6 7 6 3 7 2 1 5
  9 7 3 2 3 1 2 1 2 1 6 3 7 4 3 5 4 1 1 2 6 3 9 4 4]]
 proc_times
 [[  0 100  50  74  68  76  90  97  19  56  39  54  38  81   3  92  97  95
   79  70  72  43  20  49  87  47   2  22  11  45  57  24  20  37  64  63
   43  41  58  96  50  35  68  70  95   8  99  57  75  39  69  57  92  90
   58  54  57  77  97  17   9  81   3  44  93  17  69  11  17  30  35  71
   96   5  38  39  52   6  60  85  76  60  89  70  47  85  75  46  74  86
   72  23  80  32  83  23  53  83  76  60  91  18  40  51   5  60  89  97
   31  96  28  51  12  13  38  74  93  91  20  72  20 100  11  32  62  35
   59  30  18  16  84  55  35   1  74  30  92  18  28  81  30  70  20  10
   58  64   2  68  32  81  64  51  22  42  28  20  37  93  78  61  74  80
   70  75  34   5  14  98  86  22  80   2  49  15  18  84  12  57  68   6
   89  93  21  13  99  10  76  92  70  58  65  94  42  33  33  89  26  13
   90  84  96  99  78  13  68  42  94  33  10  12  22  36  58  83  24  73
   54  48  19  87  24  39  24  38   9 100  98  90   7  51  89  70  39  73
   64  13  15  36  33  26  95]
 [  0  54  57  54  33  41  38  63  72  24  44  22  63  66  54  25  61  98
   94  15  47  28  57  63  58  38  29  92  76  19  42  75  37  40   1  21
   42  18  52   5  38  27  19  39  50  92  15  44  53  56  87  86  63   5
   73  11  24  97   2  56  26  49  21  84  54  94  52  20  50  27  40  51
   59  73  70  44  32  77  21  97  30  34  92   8  18  31  75  18  76  61
   77  77  58  16  97  61  35  50  97  75  10  55  28  53  90  92  96 100
    3  87   8  94  28  73  43  75  75  84  18  79  66   1   8  69  29  72
   85  33  53  80  40  65  80  81  89  35  34  40  45  74   9  33  41  10
   67  82  71  20  31  48  91  56  36  87  84  27  95  54   6  74  62  88
   88  42  66  13   9  11  72   7  99  41  12  84  83  55  45  35   8  17
   43  96  71  22  48  99  24  69  59  46  71  82  37  42  11  36  46  24
   28  59  66  22  36   4  91  28  72  78   5  80  36  39  60  78  90  37
    8  22   9   4  63  90  55  54  72  94  85  96  75  72  21  97   6  28
   88  63  85  88  60  49  58]
 [  0  49  63   5   9  50  85  42   4  53  55  94  14  46  55  75  72  27
   35  42  68  70  57  92   6  52  17  83  42  87 100  15   3  26  37   2
   98  96   3  47  77  93   3  19  20  80  17  18  65  73  94  20  52   7
   89  79  76  81  61  75   8  88  32  23  89  44  96   1  83  76  79  75
    6  97  97   8  97  28  22  83   4  74  86  62  27  47   8  93   7 100
   93  49  54  79  71   1  66  31   2  63  67  24  83  64  47  17  95  27
   23  63  92  18  64  66  26  12  62  55  64   5  56   7  44  25  69  82
   63  84  63  88  25  40  58  68  81  38  68  55  81   7  11  45  19  74
   88  62  94  44  94  55  75   6  36  79   7  13  21  12   2  38  95  45
   29   8  97  28  93  77  88  36  71  52   4  55  61  22  69   2  76  94
   40  94  90  30  23  66  77  53  92  57  54  46  40  91  34  17  49  52
   91  85  49  83  97  85  37  94  87  32  23  31  19  78  58  83  67  65
   33   5  13  40  65  96  48  62  70  88  46   7  26  16  30  93  14  57
    4  82  66  74  93  19  25]
 [  0  30   7  41  28   2  38  29   7  50  24   1  34  43  73  82  14  15
   58  40  89  51  56  57  28  11  72  16  29  62  60  67  60  69   3  73
   94  38  27  79  45  75  24  22  83  99  94  68  47  40  60  94  60  98
   59  73  19  61  53  69  76  67  31  28  24  82  87  79  75  73  30  25
   75  15  95  33  79  42  90  27   6  15  57  38  22  16  70  69  39  33
   42   2  38  95  26   9  95  67  78  39  59  40  62  73  10  65  17  91
    1  81  48  73  55  40  74  56  30  56   9  24  45   6  64  38  93  12
   52  98  80  34  37  83  66  37  35  23  26  61  42  23  34  38  39  26
   22  14  42   4  95  29  89  38 100  49  13  66  77  61  68  42  35  94
   30  58  95  81  43  88  71  96  36 100  97  39  79  76  58  49  10   6
   78  61  92   3  25  92  56  74   7  84  62  79  67  64  93  13  78  52
   60  45  91  52  10  41  49  87  20  50   5   8  25  58  70  76  65  49
   65  18  27  36  58  24  42   2  96  70  34  71   8  65  74  61  63  46
   97  94  17  93  39   5   1]
 [  0  63  76  68  58  82 100  68  37  72   2  24  64  93  48  35  34  74
   47  93  88  68   1  74  74  14  96   9  66  72  33  29  73  19  50  87
   34  78  59  69  42   3  83  68  32  56  27  81   1  26  54  88   3  53
   53  29  40  53  88  16  78  89  99  64  61  10  35  39  65  80  55  99
   20  55  81  15  27  58  66  88  52  16  43  99  53  87  98  32  56  87
   38  48  79  30  21  44  58  29  77  58  23  72  44  57  85  69  27  93
    7  35  85  79  36  50  87  84  97  43  37   1   7  43  77  63  88  79
   44  39  24  67  86  19  70  83  34  50  97  63   3  89  73  48  20  24
   40  83   1  24  23  76  51  53  97  60   2  81  44  55  74  41  71  49
   75   2  66   4   3  33  95   8  70  66  60  74  73  85  19  89  81  87
   31  14  33  45   4   3  55  78  79 100  90  65  83  62  78  55  76  61
   45   8  16  84  59  90  68   9  17  54  67  92   7  70  53  99  82  11
    9  73  65  69  15  73  51  54  88  12  49  95  95  71  84  93   8  87
   77  72  70  35  28   6  87]
 [  0  28  78  75  69  43  50  77  16  59  19  54  38  28  59  60  53  42
   88  21   2  80  52  51  48  82  54  89  95  23  30   1  25  32  35  40
   57  54  18  71  74  79  89  26  17  65  38  90   4  67  74  45  42  79
   23  23  93  93  27  28  74  99  18  39  56  28 100  40  94  14  96  99
   26  88  54  14  83  36  87  74  82  10  67  30  34  52  67  37   6  48
   75  76  34  72   2  49   5  10  12  72   5  93  32  21  51  77  23  62
   64  98  40  51  69  30  16  10  28  60   8  24  36  11  73  66  32  79
   75   1  69  18  72  54  38  62  33  99  61  19  71  99   4  70  67  60
   18  85  25  86  49  49  41  59  77  83  22  99   6  32  15  50  45  27
   74  85  43  49  64   7  69  43  67  62  88  87  76  12  88  97  85  10
   13  60  84  71  52   5   9  15  32  89   3  96  41  61  19  91   9  75
   90  86  93  48  84  13  76  74  29   7   1  55  74  74  35  97  54  98
   84  85  49  66  16  80  90  55  22  66  61  85  73  28  90  29  91  94
   97  55  25   5  16  97  25]
 [  0  60  28  25   8   7  91  50   4  98  68  86  63  79  15  44  52  12
   70  99  52   2  65   5  89  84 100  56  93  95  92  67  62  13  22  58
   47  44  17  45  19  73  79  61  53  10  96   6  22  32  69  38  53  92
   82  53  55   5  83  13  59  17   6  73  52  40  74  55  58  52  65  93
   15  72  66  30  51  50  68  75  28  13  29  21  79  63  47  21   9  32
  100  73  67   2  39  45  28  59  14   8  86  34  88  23   5  51   4  51
   10  46  62  67  99  13  17  52  52  47  82  92  27  45  13  51  80   7
   41  39  22  89  68  39  20  36  91  35  14  64  39  23  41  48  86  67
   61  27   4  15  65  11  30  76  80  95  11  96  49   7  19  92  77  52
   90  87  90  66   4  23  63  29  85  31  58  96  18  20   8  20  99  84
   79  40   6   5  30   2  79  75  20  90  21  19  66  94  37  97  50  27
  100  42  92  66  40  17  32  99  21  11  89  72  92  57  82  31  48  39
   62   2  25  47  75  49  80  17  17  93  32  64  67  62  39  99  90  58
    7  26  23  28  22  46   5]
 [  0  84  56  70  39  73  83  11  22  11  87  99   1  86  56  17 100  27
    2  60  73  27  46  16  37  84  36  22  98  54  63  73  20  43  34   4
   10  51  40 100  38  61  39  11  25  86  50  89  20  51  87  60  88  89
    2  33  59  25  75  63  43  61  89  51  27  71  20  90  62  46  49  19
    7  72  81  17  92  39  98  39  55  96  61  58  54  35  18 100  10   3
   80  87  77  38  98  94  78  56  81  66  54  25  39  22  74  17  94  31
   36  54  44   8   6  82  45  77  90  85 100  16  18  27  61  24  69  69
   83  34  79  66  50  47  52  97   7   3  53  82  25  25  28  38  40  70
   50  26  12  10  26   1  27  99  95  85  94  69  36  14  68  53  42  21
   85  54  40  16  69  80  75  62  33  61  25  91  56  19   1  25   6  64
   92  95  90  87  23  15  43  39  39  91  97  48  58  75  12  56   2  85
   97  51  72  85  83  49  60  80  91  60  33  91  86   5  51  15  82  68
   95  12  36  75  35  75  46  17  85   1  56  45   4  59  79  23  23  59
   77  51  43  47  88  81   7]
 [  0  19  25  56  46  78  78  95  99  40  97  64  72  53  67  89  61  35
   78   6  87  57  32  13  69 100 100  62  32  57  73  56  87  13  16  42
   28  41  88  33  90  68  59  18  94  42  13  92  85  94  86  52  67  73
   80  37  26  87  54  69  98  47  35  43  70  53  99  46  46  86   6  41
   13  48  80  23  78   2  79  24  31   2  72  49  94  57  79  70  76  58
   96  67  40  97  88  68  23  16  28  58  58  46   1  34  18  73  20  30
   74  81  93  20  42   4 100  35  13   9  52  57  77  93  63   1  10  62
   22  88  24  17  98  96  55  81  97  63  32   7  44  24  88  20  91  66
   59  37  60  25  46  75  83  11  41  95  83  72  54  47  42  96  29  42
   96  72  17  11  52  31  20  17  12  16  61  67  77  64  96  78  57   9
   67  42  12  95  31  95  20  36  39  47  28  42   7  12  95  57  53  48
   53  64  68  46  45  18  18  79  68  51  34  15  35  50  63  99   6 100
   72  78  77   9  16  92  73  67  21  38   4  48   5   9  86  77   3  67
    4  21   4 100  39  28  73]
 [  0  18   1  48  47  58  26  28   4  45   4  97   1  10  25  48  76  15
   66  14  62  95  12  66  32  52  26  63  26  73   3  80   6  72  72  39
   84  28  16  53  78   9  83  89  98  54  42  27  36  96  93  90  13  52
   53  56  80  79  77  54  89  12  93   5  90  82  10  63  63  32  79  72
   29  52  81  55  94  64   9  72   1   2  82  77  12  79  74   8  44  31
   81  81  21  80  89  61  72  55  33   8  18   2  84  26   3  79  73  51
   13  94  45   3  13  40  38   9 100  86  14  20  10  36  74  93  96  28
   76  41  84   5  40   5  49  44  13  17  98  18  91  85  14 100  91  92
   54  13  66  33  36  83  81  49  40   3  59  65  72  16  93  42   4  37
   96  87  83  48  81  53  84  67   8  14  85  31  79  77  40  44  80  70
   73  77  30  95  71  27  66  77  68  49  61  49  10  91  58   7  40  88
   13  98  31   9   5  42  73  77  16  88  28  26  63  30  46  51  30  78
   67  46  87  14  54  89  84   7  98  61   9  40  83  29  79  50  17  90
   88  15  11  95  42  23  75]
 [  0  47  73  60  49  99  79 100  16  87  38  75  27  66  68   8   6  63
    2  72  90  66  70  96  98  19  22  99  99  50  66  73  85  76  41  40
   11  56   1   1  64  31  43  43  86  98  77  55  43  62  24  70   2  77
   40  21  12  39  88  22  99  19  11  45  68  36  20  39  68  77  44  26
   22  62   2  14  48  88  71   6   2  71  56  26  17  34  55  83  22  93
   87  60  35   1  11  67   1  65  15  17  75   6  90  57  39  80  10  35
   79  56  24  80   1  15  75  91  48  27  51  45  18  38  92   6  42  78
   23  26   6  27  24  14  82  13  74  99  13  76  56  61  58  33  36  46
   19  79  69  18  87  88  29  75  23  21  59  95  12  47  32  47  80  11
   21  38  98  24  98  19  81  62  46  34  37  69  63  24  93  84  59  94
   63  25  37  42  92  32   7  31  63  65  90  75  99  82  21   7  80  78
   90  46  43  35  25  19  23  81  40  84  81  40  67  87  81  99  47  76
   38   6  28  54  24  25  84  31  66  90  52  82   9  92  31  82  14  26
    1   8  41  77  91  37  97]
 [  0  94  46  77   1  66 100  59  34   2  13  90  47  75  87  34  79  17
   21  53   8  17  39  20  94  24  92  11  67  22   2  57  97  39  32  90
   23  19  51  23  53  84  79  42  47  22  38  25  20  66  33  85  66  11
   40  80  80  80  15  41  75   2  52  98   9  66  20   1  54  20  19  14
    2  17  95  53  18  50  95  53  49  18  41  63  63  38 100  81  42  29
   76  85  25   5  13  77  51  59  22  44  11  28  97  92  68  70  84  54
   40  76  22  26  37  67   7   5  45  91  58  75  72 100  97  23  93  46
   49  68  11  76   8  21  67   8  40  35  58  98 100   6  26  24  11  25
   52  19  27   4  50  99  11  12  70  56  59  43  33  77  66  20  93  97
   43  69  28  53  96  77  33  83  13  82   5  67  20  56  79  46  19  81
   38  92  75  81  59   4  72  45  92  13  82   4  15  29   5  14  80  12
   79  72   9  69  22  43  58  57  56  90 100  80  24  63  73  80  70  26
   21   1  43  10  60  58  75  20  68  73  56  93  78  31  33  62  61 100
   41  94  45  73  72  62   2]
 [  0  62  27  16  92  62  91  29   3   5  99  98  24  97  90  13  13  24
   43  93   3  34  66  57  17  38  54   8  19  88  74  62  15 100  16   2
   74  49  88  40   3  32   4  67  71  44  51  66 100  11  36  70  32  64
   22  90  46  89  28  57  80  41  34  10  30  39  73  70  66  66  97  99
   25  95  77  13  86  35  65  62  13  59  35  73  62   4  74  27  22  53
   59   8 100  45  60  19  61  10   4  86  58  74  38   7  40  67  86  10
   85  48  24  58  72  92  47  25  30  31  24  32  35  53  23  15  24  29
   37  51  92  18   6  54  45  92  64  86  17  87  63  71  70  31  29  93
   15  67  70  68  23  86  82  65  96  96  83  47  86  19  12  42  86  11
    1  21  64  18   4  48  36  48  57  66  42  32   3  80  17  81  11  62
  100  20   1  36  25   8   1  36   7  29  47  28  54  30  50  50  51  57
   61  72  80   1  12   4  31  52  55  48  33  23   4  91  80  39  72  34
   13  52  73  57   8  18  86  18  97  22  95  74  56  40  62  57  44  19
    2  50  67  28  79  22  94]
 [  0  59  81  43  46  13   8  73   5  68 100  38  54  70  58  91  45  82
   10  81  30  34  51   6  15   2  48  98  74  16  43  82  87  32  43  55
   63  98  10  13  79  18  35  72  92  15  89  88   7  68  50   2  18  48
    8  57  44  52  27  16  70  19  30  48  99  66  10  67  50  39  87  48
   29   2  62  52  31  93  67  62  24  58   9  79  65   6  83  77  71   5
   45  34  45  87   4  14  66  65  39  96  86  85  91  48  87  81  50   6
   21  97  50  52  16  99   5  56  64  76  11  46  87  56  65  21  45  81
   77  72  93   9  97  34  17  29  48  67  51  83  84  32  65  22  38  76
   16  29  62  53  19  97   5  68  84  20  30  70  29  28  57  59  35   1
  100  25  92  96  21  10  84  18  60  54  29  61  19  47  28   5  61  60
   38  98  22  16  16  53  28  81  70  36  93  66  38  66  47  94  61  58
   36   4  31  95  78  60  37   9   4  89  64  97  15  14  14   6  47  82
   23  22  97   4  96   7  14   6  51  33  85  55  40  59  63  78  72  50
   28  37 100  23  17  10  17]
 [  0  73  67  37  77  58  81   3  43  21   9  87  86  29  58  14  13  34
   12  38  84 100  79   4  62  78  99  60   8  75   3  31  70  63   7  15
   90  43  91  69  35  92  97  39  67   2  67  21  62  23  73  32  62   4
   55  97  15  16   7  29  78  26  78  81  53  70  58  29  76  57  48  60
   78  30  87  34  75  93  54  48  71  75  23  69  38  57  64  88  44  44
   24  89  55  79  24  69  84  22  70  69  24  97  89  36  59  81  24  16
   66  86  11   7  99  86  16  85  41  38  24  27  67  63  74  41  93  88
   91  22  18  82  53  82  18  22  97  50  37  83  46  12  30  94  84  76
   45  39  70   3  93  50  73  42  71  75  57  96  58  51  71  29  42  84
   76  12  34  43  33   6  56  27  22  72  57   2  88  74  49  33  58  98
   43   3  59  75  82  47  26  22  60  58  97  74  16  43  48  26  95  83
   56  75  83  69  17  86  34  20  21  42  73  77  38  33  11  35  49  46
   65  23  47  68  98   4  19  91  35  73  34  23  50  10  93  53  28  66
   23  66   6  67   6  25  19]
 [  0  52  29  67  76  81  35  45  61  22  18  31  69  23  56  39  90  94
   45  91  82  83  41  66  70  31  85  60  63  86  36  44  32  67  81  17
   20   7  59   1   9  13  44  29  14  14  82  18  59  98  70  72  56  89
   54  12  64  10  46  25  26  99  29  10  66  51  35  10   9  25   4   8
   85  36  50  11  92  84  79  77  28  99  96  63  32  45  74  63  97   1
   34  91  66  50  73  17  85  53   2  28  41  85  65  46  81  55   7  43
   30  61  63  99  11  67  55  42  41  33  56  26  25  64  16  21  65  68
   38  65  35  97  50  54  52  53   5  18  14   9  25  46  40  98  37  67
    4   6  35  41  99  59  90  59   3  70  27  31  60  10  95  57  17   9
   82  47  36  75  13  18  24   8  93  95  88  71  65  37   7  62  15  40
   96  90  14  55  75  50   7  40  97  46  51  65  99  12   6  80  24  36
   80  31  63  96  49  57  30  48  48  88  39  18  13  24  74  51  40  81
   37  96  67  93  54  47  31  79  77  89  83  50  13  79  64  66  96   9
   83  26  74  83  88  94  91]
 [  0   6  61  10  25  21  53  71   1  15  57  72  46  68 100  40  69  90
   90  83  79  94  39  65  98  29  57  22   1   9  86  34  54 100  21  71
   23  59  76  17   8  94  80   2  94  31  13  24  83  71  89  33  59  25
   85  84  75  47   4  17  23  56  75  31  62  75  85  72  20 100  72  36
   94  86  79  58  43  24  10  39  93  18  97  96  38  98  22  26  77  40
   70  99  25  58  57  80  24  15  95  92   1  54  19   3  89 100  63  20
   93  54  17  10  44  41  40  11  65  14  89  12  93  22  97  78  42  28
    5  81  76  93   7  38  19  82  59  91  62  30  37  52  79  80  31  24
   18  47  75  30   1  35  64  81  40  64  31  27  36  29   9  25  34  66
   21  67  33  50  19  69  52  18  12  43  19  97  80  92  69  24  58  91
   83  19   5  32  19  15  83  79  12  50   7  12  17  43  17  87  69  70
    6  88  14  17  38  92  14  19  56  84  72  45  27  83  21  67  89  87
   93  81  54  19  36  77  25  69  15  62  70  91  46   2  32  54  48  35
   30  23  38  84  41  88   4]
 [  0  71  84  41  24  25  81  22  76  88  69  17  52  32  13  90  83   3
   10  99  62  30  38  19   4  49  78  26  35  80  65  72  92  32  49  85
   91  16  67   2  53  73  83  45  25   9  70  89 100  74  59  51  40  62
   69  36  54  70  17  25  28  64  83  96  98   3  57  89  80  49  75   4
   58  41  69  90  66  79  41 100  84  28  31   8  19  41  89  20  89   4
   68  91   1  97  30  72  30  79  34  58  56  32  68  19  28  95  93  57
   55   8  77  82  34  75   7  28  99  96  49  22  60  27  34  85  14  68
   31  86  26  16  60  24   8  95  81  39  74  31  37  80  56  31  99   2
   69  67  82  31  80  97  15  83  17  20  28  82  94  48  72  95  89  66
   52  72   5  98  44  36  80  72  42  56  79  64  33  51  97  61   9  24
   70  48  37  73  91   2  18  14  76   6  71  84  72  87  87  51  79  23
   85  79  61  83  84  50  51  76  20  45   4  99  46   5  92  61  14  83
    5  90  87  50  15  82  74  72  69  89   5  54  86  49  56  52   3  16
   18  12  94   8   2  20  76]
 [  0  21  89  63  55  89  57  42  73  43  57  87  53  33  35  69  77  50
    5  37  77  56   7   8  95  43  13  11  65  82  51  23  66  44  21  10
   98  93   9  79  55  68  90  43  84  19  92  67  29  54  48  82  65  43
   81  14  27  34  41  30  76  41  22   7   1  82  19   4  88  17   4  19
   97  28  83  41  32  76  65  39  10  27  19   8  22  10  65  90  35  38
   15  83  90  64  63  85 100  81  91  84  27  28  82  18  90  76  80  98
   71  60  96  26  75  40  13  73   4  15  41  46  69  52  12   2  32  14
   37  32  23  95  85  30  10  39  42  60  97  59   7  67  76   6  64  88
   23  53  54  35  32  75  12  88  52  69  27  71  42  15  36  32   1  38
   47  48  82  37   8  81  20  31  86  41  63   7  39  91  36  62   3  73
   71  32  24  30  96  65  38  97  60  41  44  36  27  42   3  82  42  63
   88  20  43  68  94   6  96   4  87  60  65  92  72  10  97  44  41  70
   48  35  15  16  72  30  66  76   8  89  33  49  29  60  66  86  92  59
   29  54  18  12  57  76  94]
 [  0  17  43  16 100  33  11  54   5  22   3  55  56  60  36  88  65  17
   17   8  16  77  47  95  12  76  79  40  23  70   4  54   3  14  93  14
   42  38  96   6  96  29  92  31  23  83  87  34  62  36   1  12   1  72
   22  26  82  99  32  24  68  15  20  52   3  18  68  21  16  40  98  39
   47  58  75  59  90  99  55  64  66  62  22  80  10  64  64  86  87  65
    4  76  41  51   7  66  28  76  53  85  30  73  73  64  56  62  12  75
   63  48  28  65  25  77  67  45  36  24   8  87  56  69   6  47  66  49
   90  76  65  54   4   9  61  20  86  75   3  91  68  34  12  79   5  18
   38  10  61  78  26  94  25   8  99  75  42  27  72  35  42  59  15  54
   93  89  93  43 100   2  13  24  37  88   4  76  68  96  25   3  87  78
   22  28  63  83  75 100  42  49  49   7  37  83   5  80  18  60  96  53
   94  96  37  47  85  58  93   3  26  93  77  76  48  41  28  38  83  10
   80   5  70  83  50  66  18  76   2  83  66  42  83  51  30  78  82  89
   32  62  62  17  85  56  93]]
 setup_times
 [[[ 0 59 31 44 54 34 52 56 37]
  [ 0  0 42 52 37 36 45 54 32]
  [ 0 47  0 56 38 32 57 40 52]
  [ 0 42 35  0 32 52 30 59 50]
  [ 0 41 48 48  0 38 46 55 31]
  [ 0 45 47 50 35  0 57 38 51]
  [ 0 50 49 58 34 31  0 30 45]
  [ 0 54 31 59 43 57 35  0 30]
  [ 0 44 53 57 50 41 43 45  0]]

 [[ 0 53 30 59 39 57 55 34 43]
  [ 0  0 54 33 54 57 46 59 46]
  [ 0 42  0 37 44 41 33 51 51]
  [ 0 58 37  0 48 58 38 31 54]
  [ 0 37 39 53  0 43 51 44 40]
  [ 0 53 50 54 37  0 40 43 34]
  [ 0 31 35 59 30 41  0 46 50]
  [ 0 39 31 45 39 34 57  0 36]
  [ 0 50 34 37 46 50 48 34  0]]

 [[ 0 58 50 55 32 55 57 52 31]
  [ 0  0 55 56 39 45 56 52 31]
  [ 0 58  0 56 42 44 48 37 45]
  [ 0 55 51  0 47 36 46 49 30]
  [ 0 59 58 33  0 51 51 35 57]
  [ 0 30 49 59 49  0 30 43 53]
  [ 0 53 53 59 31 47  0 50 34]
  [ 0 30 41 41 55 43 47  0 46]
  [ 0 57 53 59 30 43 43 35  0]]

 [[ 0 55 35 32 38 36 34 38 50]
  [ 0  0 34 39 35 30 47 35 43]
  [ 0 58  0 50 47 39 43 35 56]
  [ 0 53 52  0 53 40 43 34 37]
  [ 0 58 58 42  0 39 55 56 39]
  [ 0 45 43 57 51  0 43 45 57]
  [ 0 44 38 31 50 53  0 58 43]
  [ 0 45 44 31 33 36 57  0 48]
  [ 0 55 59 58 45 45 56 55  0]]

 [[ 0 38 37 58 43 32 45 46 55]
  [ 0  0 56 54 51 31 53 36 54]
  [ 0 35  0 33 52 51 34 41 57]
  [ 0 59 47  0 39 47 35 51 43]
  [ 0 32 33 35  0 33 30 34 38]
  [ 0 57 53 39 54  0 44 44 36]
  [ 0 38 35 41 54 45  0 38 35]
  [ 0 43 36 40 58 56 32  0 32]
  [ 0 50 45 31 30 44 43 59  0]]

 [[ 0 30 55 55 48 37 50 43 44]
  [ 0  0 59 51 42 37 46 58 39]
  [ 0 50  0 30 35 45 46 54 39]
  [ 0 45 42  0 42 40 50 30 43]
  [ 0 54 55 33  0 46 30 42 41]
  [ 0 36 44 33 55  0 41 55 43]
  [ 0 40 56 40 36 45  0 59 30]
  [ 0 33 35 42 44 44 48  0 54]
  [ 0 48 57 58 57 36 52 49  0]]

 [[ 0 54 43 35 58 42 59 51 59]
  [ 0  0 49 54 32 54 32 46 52]
  [ 0 44  0 50 32 45 35 47 51]
  [ 0 58 41  0 56 40 36 41 42]
  [ 0 35 49 56  0 30 47 56 59]
  [ 0 51 47 58 30  0 56 48 41]
  [ 0 48 39 38 59 58  0 37 53]
  [ 0 55 37 52 54 50 41  0 36]
  [ 0 40 52 40 55 32 43 48  0]]

 [[ 0 53 40 49 51 34 49 42 42]
  [ 0  0 33 43 41 53 38 46 54]
  [ 0 42  0 45 35 46 53 41 51]
  [ 0 49 33  0 59 31 52 52 39]
  [ 0 36 43 45  0 43 30 52 46]
  [ 0 59 47 54 35  0 57 56 43]
  [ 0 50 40 31 34 47  0 54 52]
  [ 0 33 50 32 46 37 42  0 32]
  [ 0 30 54 32 37 31 55 47  0]]

 [[ 0 56 59 57 32 43 41 38 40]
  [ 0  0 52 51 32 46 55 43 30]
  [ 0 43  0 35 51 35 39 52 50]
  [ 0 40 39  0 47 48 36 33 58]
  [ 0 54 31 31  0 41 37 33 36]
  [ 0 42 36 56 35  0 51 39 59]
  [ 0 59 57 35 30 33  0 41 39]
  [ 0 49 41 48 35 50 48  0 53]
  [ 0 31 37 42 34 49 31 32  0]]

 [[ 0 30 35 43 30 47 48 30 57]
  [ 0  0 36 37 49 59 30 44 38]
  [ 0 41  0 40 53 57 40 31 44]
  [ 0 53 45  0 41 56 37 32 32]
  [ 0 48 34 44  0 52 58 46 33]
  [ 0 35 44 34 50  0 51 46 56]
  [ 0 51 58 48 46 59  0 53 55]
  [ 0 53 35 31 55 32 42  0 55]
  [ 0 38 33 54 34 51 39 45  0]]

 [[ 0 44 46 47 46 57 38 56 55]
  [ 0  0 45 54 41 31 58 58 48]
  [ 0 52  0 54 40 59 38 55 33]
  [ 0 40 41  0 33 47 51 43 33]
  [ 0 38 43 39  0 59 31 30 49]
  [ 0 48 40 47 38  0 35 45 39]
  [ 0 38 42 39 33 35  0 55 56]
  [ 0 50 56 41 56 44 40  0 55]
  [ 0 47 53 37 46 39 39 59  0]]

 [[ 0 59 53 43 42 37 38 30 38]
  [ 0  0 51 57 55 34 51 49 45]
  [ 0 36  0 59 57 51 58 55 48]
  [ 0 36 35  0 56 51 37 33 30]
  [ 0 43 54 37  0 42 37 37 48]
  [ 0 59 55 34 48  0 36 59 56]
  [ 0 48 57 38 32 31  0 45 56]
  [ 0 32 34 33 53 34 36  0 53]
  [ 0 32 56 38 59 34 42 30  0]]

 [[ 0 41 32 45 47 35 47 57 36]
  [ 0  0 44 38 56 37 46 48 32]
  [ 0 56  0 38 47 59 58 41 31]
  [ 0 34 50  0 52 43 55 51 36]
  [ 0 45 40 51  0 35 38 43 55]
  [ 0 48 31 56 47  0 46 58 49]
  [ 0 43 35 31 47 51  0 41 47]
  [ 0 59 33 31 38 39 42  0 32]
  [ 0 48 42 47 44 47 50 54  0]]

 [[ 0 52 44 47 33 51 35 46 45]
  [ 0  0 46 32 33 52 57 34 37]
  [ 0 45  0 56 59 48 34 52 36]
  [ 0 35 35  0 52 38 59 42 52]
  [ 0 46 35 30  0 59 30 39 33]
  [ 0 58 37 35 30  0 52 49 32]
  [ 0 34 58 42 34 41  0 48 31]
  [ 0 54 41 36 37 50 55  0 37]
  [ 0 44 55 40 41 48 41 45  0]]

 [[ 0 41 53 37 43 44 52 51 31]
  [ 0  0 33 49 44 33 48 39 42]
  [ 0 47  0 38 32 43 45 59 58]
  [ 0 58 35  0 35 36 32 32 49]
  [ 0 46 43 37  0 30 58 39 43]
  [ 0 34 30 33 58  0 41 40 55]
  [ 0 32 51 48 47 59  0 46 39]
  [ 0 41 39 31 49 59 32  0 46]
  [ 0 59 44 53 42 38 44 30  0]]

 [[ 0 55 40 42 55 43 33 50 58]
  [ 0  0 51 55 30 35 30 35 48]
  [ 0 56  0 36 53 35 47 37 42]
  [ 0 53 38  0 34 38 57 31 52]
  [ 0 59 53 34  0 37 49 41 39]
  [ 0 51 42 34 49  0 57 42 37]
  [ 0 31 39 40 35 47  0 39 36]
  [ 0 41 59 33 40 46 49  0 34]
  [ 0 43 53 45 41 38 58 55  0]]

 [[ 0 45 51 34 47 39 48 40 30]
  [ 0  0 40 38 57 33 52 34 57]
  [ 0 30  0 47 35 58 35 44 40]
  [ 0 54 30  0 38 30 36 51 41]
  [ 0 39 52 39  0 38 44 43 57]
  [ 0 52 45 45 45  0 37 30 57]
  [ 0 40 41 48 52 34  0 47 43]
  [ 0 37 53 56 36 48 57  0 53]
  [ 0 56 55 32 54 32 44 52  0]]

 [[ 0 52 55 58 49 53 46 46 35]
  [ 0  0 36 34 37 51 56 31 40]
  [ 0 53  0 43 36 44 58 45 44]
  [ 0 45 55  0 41 57 40 51 35]
  [ 0 51 46 33  0 42 52 51 58]
  [ 0 43 42 58 59  0 33 45 42]
  [ 0 48 33 47 39 50  0 39 37]
  [ 0 54 49 49 47 40 56  0 57]
  [ 0 35 44 52 37 42 39 55  0]]

 [[ 0 57 55 32 59 54 57 58 52]
  [ 0  0 59 48 57 38 39 33 46]
  [ 0 46  0 36 58 46 38 53 35]
  [ 0 53 57  0 30 56 31 45 40]
  [ 0 37 40 51  0 41 33 52 38]
  [ 0 46 37 53 47  0 47 38 50]
  [ 0 39 41 49 49 30  0 48 50]
  [ 0 31 35 39 51 49 58  0 40]
  [ 0 57 36 55 39 34 30 55  0]]

 [[ 0 33 50 30 51 49 42 52 36]
  [ 0  0 54 30 32 34 55 46 49]
  [ 0 31  0 53 31 30 34 55 38]
  [ 0 52 47  0 37 49 41 54 38]
  [ 0 58 45 53  0 47 59 39 32]
  [ 0 32 40 54 58  0 48 35 40]
  [ 0 43 56 40 47 46  0 30 39]
  [ 0 54 33 31 56 36 59  0 31]
  [ 0 38 58 35 38 54 58 31  0]]]
 delivery_times
 [[  0 189 175 183 199 186 198 172 178 197 196 189 176 194 195 171 181 183
  183 170 185 197 199 182 196 181 186 196 187 188 185 177 178 198 199 180
  194 184 195 170 173 176 197 187 176 183 198 194 191 170 171 191 175 171
  178 177 182 192 199 190 170 170 189 191 186 170 183 195 185 184 178 187
  196 194 190 188 193 197 175 196 197 194 170 191 175 199 183 188 199 197
  192 192 179 181 193 176 190 184 181 186 198 177 179 177 195 181 186 185
  183 193 198 179 185 183 176 195 192 184 171 178 176 191 186 170 179 197
  192 176 198 180 192 184 198 197 172 189 190 181 178 184 184 188 178 177
  179 172 194 184 187 175 172 194 171 187 178 181 171 176 188 183 174 188
  183 180 176 171 191 194 194 190 170 196 178 192 194 189 181 172 193 185
  180 192 182 189 185 177 189 188 188 188 199 171 197 189 182 176 172 194
  171 179 183 184 190 171 183 173 192 173 196 176 181 193 178 174 192 193
  186 182 176 175 179 198 194 178 183 170 197 177 178 180 191 184 194 195
  196 186 178 171 194 173 177]
 [  0 197 191 178 182 190 191 181 186 196 195 180 187 176 178 178 170 182
  187 191 182 170 182 182 170 197 181 189 175 194 195 182 174 179 179 171
  191 178 185 190 198 188 196 173 192 174 172 185 186 172 187 187 171 170
  179 191 174 189 185 190 173 172 175 198 195 198 185 186 197 180 173 173
  187 199 178 177 185 180 195 175 197 183 192 195 196 171 186 173 185 188
  175 182 184 180 179 187 178 180 185 178 178 195 190 183 193 182 170 181
  176 171 199 197 183 178 175 173 188 174 170 180 198 196 196 179 187 199
  194 171 191 186 193 197 188 179 192 174 172 170 192 194 175 178 173 179
  183 179 198 196 181 189 192 183 191 175 184 188 178 191 174 199 186 182
  182 192 172 196 180 189 193 195 198 184 190 179 195 195 188 190 199 175
  180 182 193 178 177 191 174 173 173 178 183 170 178 178 172 176 188 192
  197 179 198 176 187 191 198 197 196 189 173 185 197 171 193 190 194 185
  179 193 193 183 184 177 176 185 174 173 190 181 171 181 188 185 177 170
  173 191 184 194 195 185 187]
 [  0 195 185 170 185 193 174 189 186 174 172 172 177 187 191 186 171 185
  190 185 193 191 181 188 173 192 198 170 196 184 191 188 172 176 195 186
  189 183 198 184 182 176 172 176 171 179 199 199 190 185 172 190 177 190
  170 199 180 199 188 189 180 198 174 191 172 181 174 192 175 181 193 183
  177 176 198 184 188 174 198 180 184 192 177 184 199 179 198 192 199 184
  191 178 195 196 189 182 183 196 191 185 173 187 193 197 195 192 193 178
  180 195 177 171 177 195 191 195 170 194 178 171 198 178 196 182 174 194
  177 185 176 198 170 197 194 191 180 199 170 198 193 187 171 187 174 191
  191 180 194 190 191 170 193 196 180 182 192 176 178 185 185 193 194 193
  193 188 185 194 199 186 171 184 179 193 195 186 192 181 173 174 181 170
  190 173 190 194 199 190 185 185 192 171 183 185 176 180 182 183 187 179
  194 192 189 173 189 196 183 183 186 194 179 172 175 176 192 187 183 185
  197 185 194 175 176 184 180 187 181 170 194 199 180 187 195 196 190 181
  198 178 193 194 172 196 181]
 [  0 199 188 170 182 179 195 196 198 175 195 175 189 176 189 172 187 177
  197 182 189 170 188 183 171 171 180 172 189 179 193 183 198 187 195 173
  174 184 194 187 180 171 198 171 181 186 177 174 174 182 199 193 174 183
  196 191 174 181 173 170 199 198 191 176 174 171 192 178 190 194 198 196
  191 172 186 173 185 188 196 178 195 176 185 199 191 171 192 197 194 190
  187 180 171 186 186 194 179 193 198 188 183 181 187 199 183 190 198 191
  180 177 176 178 191 171 183 171 196 196 176 180 172 184 193 176 172 191
  171 187 199 198 173 197 189 181 193 184 185 194 182 172 174 192 189 199
  186 194 177 174 194 179 194 171 194 199 198 184 188 198 170 170 179 188
  179 177 172 170 170 186 175 173 188 195 179 180 174 195 177 185 172 191
  181 179 190 171 189 194 196 186 184 196 181 188 173 170 173 186 183 178
  184 198 182 184 171 175 179 185 181 186 196 173 181 178 186 196 199 185
  189 170 190 194 178 184 188 186 173 181 182 181 179 187 190 172 181 193
  183 172 183 187 177 180 191]
 [  0 190 184 188 176 176 183 183 189 172 176 181 196 194 178 187 174 177
  174 194 173 187 170 191 199 176 183 188 174 170 182 193 191 196 196 198
  190 171 181 181 172 178 184 180 184 196 187 189 187 187 173 198 177 173
  189 177 174 186 185 174 183 194 194 189 188 198 174 181 175 175 189 173
  170 176 171 181 196 198 182 181 198 188 186 184 171 178 195 184 183 174
  195 189 190 181 193 184 189 186 193 183 172 194 192 193 183 194 190 183
  172 175 172 173 176 186 187 184 189 193 192 170 181 190 174 189 190 170
  177 189 178 170 177 173 181 170 189 195 172 191 191 172 189 174 191 171
  199 191 198 194 170 186 189 196 190 186 173 198 173 198 190 199 170 187
  180 186 199 197 187 199 176 194 174 173 188 171 178 194 176 182 182 181
  198 186 188 178 186 183 174 199 176 172 199 173 173 178 177 182 176 186
  172 175 196 182 184 175 196 181 176 191 195 172 183 186 192 197 177 198
  193 190 191 184 193 179 172 175 192 189 196 189 174 198 170 183 180 178
  170 183 199 171 195 194 171]
 [  0 186 186 190 195 198 176 193 178 183 194 177 193 188 181 182 185 191
  177 175 176 171 175 180 195 195 178 174 180 197 174 183 199 187 172 193
  175 192 178 194 188 174 188 174 182 177 172 185 191 190 198 198 185 185
  196 182 184 199 181 186 181 194 193 171 182 192 184 171 194 183 195 189
  183 177 191 172 188 199 181 199 188 191 172 180 177 184 190 188 174 196
  194 178 176 185 171 187 195 184 186 198 173 181 183 199 171 186 171 180
  191 173 191 178 174 188 186 172 191 178 179 177 178 180 183 172 189 196
  174 186 189 184 177 189 176 193 195 176 186 188 195 184 191 197 198 198
  198 181 174 173 172 188 189 199 192 190 177 173 198 192 183 177 191 177
  172 199 188 187 196 179 195 192 191 187 179 192 184 192 175 178 196 172
  199 173 178 171 181 195 188 196 190 187 193 197 189 198 177 188 197 170
  176 187 197 186 177 192 176 184 192 192 188 174 189 179 181 199 184 192
  189 179 170 199 175 199 174 196 191 176 175 188 184 198 183 182 194 179
  194 177 197 172 178 173 193]
 [  0 184 183 186 176 187 185 199 178 191 175 175 170 170 191 170 195 190
  191 173 175 178 172 171 190 188 179 176 194 190 189 195 185 190 193 189
  186 175 173 198 187 189 179 185 185 197 193 191 187 171 183 181 180 176
  180 173 182 174 196 193 174 178 182 174 176 186 192 178 182 185 170 195
  173 189 181 178 180 191 171 177 187 189 191 180 176 170 197 170 184 176
  179 194 193 198 198 171 174 186 170 181 191 174 181 181 198 198 183 188
  195 185 182 184 174 188 199 187 196 178 195 199 180 188 188 173 198 184
  170 194 194 193 182 174 177 190 197 172 191 190 188 183 177 175 199 192
  181 176 179 196 180 191 194 173 193 194 172 174 194 195 196 185 186 197
  196 197 195 189 181 186 178 184 194 173 183 199 188 196 189 172 184 199
  173 195 194 184 198 185 186 198 174 170 177 190 186 196 185 193 191 184
  190 193 184 175 190 174 187 194 193 173 185 185 183 197 192 181 182 184
  189 196 174 186 194 182 174 193 182 192 170 186 175 173 180 197 196 196
  198 197 196 198 182 197 192]
 [  0 191 189 192 196 171 184 193 181 171 178 192 190 198 194 193 170 193
  177 195 170 198 173 176 171 199 191 182 175 196 172 188 199 186 182 199
  192 193 192 186 170 187 184 195 195 183 191 177 181 192 172 183 196 172
  176 187 174 196 173 183 178 191 175 197 197 174 193 180 175 189 178 187
  186 177 197 194 197 171 184 175 188 199 181 178 178 197 186 179 174 189
  172 191 196 188 190 186 189 174 188 173 187 187 172 178 178 174 179 191
  174 170 183 197 184 188 175 173 190 175 199 181 178 170 199 192 176 177
  188 180 180 179 192 194 171 195 194 192 179 184 198 196 195 199 170 184
  183 197 193 196 185 195 190 178 174 186 197 198 174 170 187 182 194 184
  170 176 198 193 193 190 182 180 173 188 175 181 195 188 175 191 180 176
  173 172 176 196 173 190 191 182 188 186 182 179 183 179 182 190 189 175
  196 175 185 189 181 185 193 190 185 178 176 183 183 187 183 189 173 171
  193 183 176 171 199 194 189 180 188 190 174 177 174 175 182 178 173 177
  171 177 173 193 181 187 172]
 [  0 185 193 199 193 170 171 174 198 171 190 174 180 175 194 171 195 181
  198 184 172 198 195 182 172 192 187 196 189 182 178 187 197 172 177 178
  198 180 186 172 195 199 171 177 181 197 183 173 196 172 175 184 194 199
  187 196 193 173 199 181 185 171 193 191 192 178 190 191 184 182 179 189
  189 171 189 191 174 198 190 193 181 191 185 184 184 175 175 186 199 191
  196 189 197 182 170 193 189 170 190 172 171 178 182 183 192 195 179 196
  194 199 183 174 170 190 175 184 187 191 188 195 191 174 191 188 172 176
  170 185 172 170 192 197 180 181 177 195 182 182 177 190 186 174 188 180
  188 176 175 172 192 185 189 194 187 171 173 187 189 174 177 174 190 173
  184 187 199 198 177 192 179 197 183 187 188 172 191 195 192 178 189 175
  172 170 194 183 188 182 192 177 199 176 179 195 186 184 179 174 171 176
  183 198 188 183 180 189 173 174 172 194 193 179 174 199 192 185 185 187
  184 182 175 173 178 199 176 188 186 184 192 171 183 178 191 178 183 173
  189 178 186 184 170 194 181]
 [  0 180 170 195 172 194 180 190 175 194 196 177 191 194 190 170 174 192
  193 198 186 180 184 178 193 190 176 170 195 192 193 199 182 196 171 172
  189 190 176 175 183 195 180 175 181 175 178 193 182 192 197 190 178 177
  180 174 186 199 195 174 179 182 188 174 184 193 191 175 179 199 191 194
  198 184 174 197 199 182 172 184 173 198 174 171 180 188 187 180 182 172
  171 184 184 184 197 185 175 197 176 199 173 179 189 191 173 182 177 170
  190 186 181 184 185 189 171 179 185 185 198 176 189 191 173 179 193 173
  175 191 193 179 187 180 176 177 187 195 173 184 184 175 177 177 199 179
  198 180 174 196 170 181 198 182 185 192 177 174 173 177 190 176 196 174
  176 190 192 183 179 170 188 187 196 178 181 188 180 179 191 190 194 184
  171 184 199 199 195 190 197 189 193 192 193 193 182 181 171 181 172 176
  176 195 182 184 192 179 198 175 175 173 174 186 186 193 182 178 177 179
  194 185 179 176 178 176 195 192 183 175 194 179 185 184 176 194 181 178
  184 198 195 176 173 182 182]
 [  0 170 188 198 188 190 175 174 181 179 177 187 185 185 192 184 198 178
  171 199 185 198 170 175 179 180 187 195 177 185 183 193 182 174 183 171
  193 178 197 174 178 183 199 199 186 184 197 175 175 170 196 199 197 199
  196 193 192 190 179 180 185 175 194 172 185 199 197 184 177 173 187 187
  185 177 193 174 197 180 179 184 181 193 186 192 191 174 185 185 197 186
  195 194 192 179 175 194 186 186 182 179 181 177 178 182 194 194 199 193
  172 199 186 183 193 183 192 192 178 199 171 172 189 194 177 196 177 191
  192 195 180 177 176 172 178 198 197 185 189 195 199 194 196 188 179 191
  174 174 188 192 197 170 179 187 196 195 175 171 174 177 176 171 175 182
  198 184 182 176 183 176 184 180 197 198 192 190 178 171 175 195 180 187
  181 172 199 184 190 191 192 173 179 189 179 172 199 172 175 181 177 182
  192 194 176 189 177 188 193 199 174 182 193 182 180 191 191 179 182 197
  182 180 170 174 194 197 197 196 174 187 195 196 171 188 181 189 180 171
  196 172 174 187 198 192 199]
 [  0 177 183 194 190 173 170 181 187 175 182 184 197 177 191 181 181 177
  176 193 186 199 178 190 182 170 183 187 193 186 178 181 174 197 186 194
  189 184 191 177 193 190 176 189 187 196 199 181 182 183 198 186 176 198
  197 199 195 171 185 179 195 194 175 192 186 188 198 197 173 177 192 181
  189 172 177 195 176 191 197 198 179 172 199 170 199 189 172 174 177 195
  196 172 177 195 195 188 191 190 197 181 193 187 191 177 178 174 176 193
  172 191 183 181 195 195 196 170 173 188 194 173 175 175 179 196 191 195
  191 179 185 173 170 186 178 194 182 171 184 183 182 174 172 192 172 197
  178 198 188 195 184 181 194 194 183 177 195 176 179 198 178 197 193 185
  182 186 197 199 177 192 177 190 176 196 170 189 175 191 183 184 182 194
  183 170 185 175 196 192 189 181 191 171 185 184 198 170 192 196 181 184
  192 186 197 182 186 180 198 196 188 180 175 197 171 172 184 188 173 192
  198 172 181 179 184 176 188 196 182 183 183 172 170 194 190 191 180 175
  176 188 184 183 171 193 187]
 [  0 170 173 175 174 199 177 190 193 191 185 172 173 198 197 185 197 181
  196 178 191 184 174 177 172 186 183 194 173 181 183 171 181 189 195 174
  189 195 182 181 187 195 196 171 185 170 183 198 192 182 170 186 171 170
  196 178 171 196 188 182 188 172 190 176 194 175 197 170 195 189 192 170
  195 178 171 191 179 185 184 172 184 183 172 181 171 199 197 170 179 175
  196 183 197 182 174 197 182 197 198 181 195 182 185 184 173 189 190 194
  183 183 177 189 174 183 179 188 187 173 176 171 170 184 182 172 170 186
  174 191 192 184 171 176 191 188 184 179 187 197 195 199 177 183 173 193
  179 185 196 177 177 188 193 190 170 197 180 194 186 171 185 174 188 193
  194 190 196 196 172 194 171 199 181 182 175 170 191 179 197 183 191 184
  188 191 176 170 171 171 189 181 199 184 189 176 178 193 194 174 192 187
  187 198 184 199 194 170 182 191 175 188 187 198 189 180 173 172 171 176
  194 192 195 181 199 194 190 170 179 183 196 181 178 172 182 186 190 172
  184 178 181 197 187 193 192]
 [  0 181 195 177 192 181 190 193 178 185 171 171 194 184 199 190 193 170
  175 170 179 196 195 171 174 182 177 177 194 186 187 170 193 198 186 180
  185 178 198 181 191 179 188 195 189 198 189 192 188 179 179 180 173 198
  198 180 171 190 170 177 183 192 195 183 173 185 170 179 173 194 191 170
  186 177 176 194 191 193 193 183 174 182 188 184 174 193 184 184 192 170
  173 172 174 170 182 176 181 175 194 181 186 180 181 177 192 186 191 191
  178 176 186 195 181 183 197 180 198 170 186 191 195 198 188 179 179 194
  179 196 170 182 192 184 176 174 177 194 197 178 171 190 188 171 192 194
  188 189 195 191 194 180 188 199 194 199 195 196 190 171 199 185 195 182
  186 197 186 172 197 190 193 173 173 175 175 197 170 185 180 196 197 197
  170 172 180 170 174 182 173 194 179 198 177 196 193 196 173 180 189 185
  195 198 185 178 175 173 175 199 170 183 192 177 186 170 170 185 187 172
  188 199 176 184 193 194 172 196 175 195 181 181 195 178 198 190 185 185
  197 199 192 185 186 173 174]
 [  0 190 192 189 193 170 182 174 179 175 198 171 182 191 177 194 181 186
  192 194 182 178 180 194 194 173 174 195 175 182 178 179 181 185 199 196
  170 171 190 176 174 199 194 175 196 179 174 172 190 171 171 196 170 178
  182 184 199 194 176 185 180 198 198 191 190 197 170 192 181 194 173 178
  199 198 185 186 188 194 178 190 178 190 188 185 186 192 188 179 195 173
  192 175 185 176 183 195 194 174 183 178 175 184 180 194 172 184 190 170
  190 170 189 193 171 186 190 188 180 192 174 194 177 196 194 192 176 190
  179 172 179 170 177 174 196 198 189 194 181 181 198 175 195 172 187 185
  185 190 181 186 177 192 177 181 195 197 185 182 172 171 196 172 174 172
  186 180 175 181 179 175 187 192 192 180 180 192 196 199 187 188 177 192
  191 179 173 188 178 174 195 183 187 170 184 179 180 194 195 195 194 188
  179 180 170 191 190 171 188 184 173 196 184 172 180 199 171 182 188 172
  191 172 181 176 171 182 191 171 188 196 189 179 180 198 188 187 172 194
  186 174 184 198 193 177 176]
 [  0 194 183 177 172 174 193 176 170 196 173 170 195 171 177 187 177 174
  187 187 172 173 183 193 182 172 173 199 199 191 194 186 178 189 182 182
  180 193 182 188 192 194 194 186 181 181 193 177 171 178 182 191 170 193
  177 193 171 185 172 193 193 170 194 174 170 199 171 196 182 181 191 177
  177 170 178 174 172 172 170 178 194 171 197 184 194 182 181 183 187 184
  170 190 176 186 188 196 171 185 176 188 173 176 195 180 172 198 193 171
  177 197 174 192 176 172 196 173 174 191 187 187 193 171 193 187 174 176
  177 198 186 183 191 176 197 174 180 189 181 179 190 189 180 197 192 199
  191 170 182 188 184 182 175 197 181 186 197 186 174 170 186 181 182 179
  184 182 194 189 174 173 197 170 179 185 185 191 182 172 191 184 181 184
  192 175 192 189 181 173 172 198 189 181 175 199 171 175 195 176 186 177
  191 170 194 185 190 192 193 176 185 174 185 173 178 175 186 183 175 199
  186 171 178 198 173 172 183 188 196 178 170 176 198 177 194 180 183 181
  188 180 183 172 183 177 182]
 [  0 183 177 170 183 191 188 177 188 178 181 186 199 195 172 173 195 192
  175 174 179 186 195 174 182 190 173 182 178 191 174 179 198 186 197 175
  197 181 193 177 171 183 178 197 191 172 192 181 188 180 178 187 174 188
  187 178 190 197 196 173 174 176 182 199 180 174 189 196 172 181 190 195
  181 190 190 189 191 199 171 196 183 174 198 176 184 180 186 171 181 180
  176 178 189 183 176 178 189 173 184 181 175 176 183 173 197 181 174 196
  178 189 175 194 193 182 176 187 178 191 178 170 185 195 179 191 175 197
  183 192 175 178 171 190 174 187 193 174 188 189 187 176 197 199 177 189
  178 197 174 193 182 179 187 174 192 188 175 190 179 175 172 173 191 193
  183 175 180 197 189 180 182 183 174 173 188 172 199 171 188 189 170 191
  194 187 196 186 193 189 187 198 195 187 195 180 181 194 182 181 179 196
  194 177 191 186 185 170 184 191 199 197 193 195 176 188 174 188 181 198
  174 179 172 188 197 190 172 172 190 174 197 182 182 176 189 176 184 185
  194 184 199 190 172 187 184]
 [  0 194 197 181 174 182 174 195 177 174 195 191 180 177 195 185 187 197
  189 199 196 183 176 182 185 183 175 198 188 198 178 170 171 177 185 198
  174 196 198 172 190 187 198 170 198 198 173 184 181 183 176 196 195 187
  174 191 189 178 189 194 191 199 197 181 173 195 171 198 171 177 184 182
  174 183 174 197 180 180 174 199 197 174 173 178 172 185 185 171 184 186
  195 197 172 175 198 179 189 173 193 193 198 189 195 192 192 177 178 198
  179 181 176 199 198 194 199 177 195 191 170 182 175 173 191 193 194 192
  193 189 174 172 180 185 190 187 179 183 186 198 178 170 197 188 185 181
  171 191 176 175 176 172 199 192 178 192 196 181 189 198 177 177 188 188
  176 174 196 175 170 182 192 170 197 178 190 197 171 186 179 198 173 185
  194 176 183 171 178 173 172 176 182 192 197 190 176 189 181 185 174 193
  170 181 191 192 179 189 179 199 198 188 174 184 177 199 170 170 198 178
  180 182 173 189 181 171 195 198 177 176 184 178 180 195 195 173 174 189
  181 183 195 184 173 198 170]
 [  0 184 193 189 181 181 175 197 170 192 176 175 175 195 199 193 172 177
  195 184 188 196 173 189 173 183 188 174 192 175 180 191 170 187 171 193
  191 185 197 194 174 181 187 172 183 195 175 170 175 179 191 195 170 180
  194 170 171 172 193 193 190 178 171 172 184 198 173 172 198 193 188 186
  178 185 174 178 197 170 186 197 196 176 176 191 191 187 176 179 196 185
  198 173 181 182 185 178 192 189 194 185 174 177 196 190 186 184 195 174
  170 187 185 180 194 190 186 192 180 178 190 199 180 175 175 174 176 190
  197 170 180 179 177 173 185 180 189 198 170 183 194 172 184 197 193 172
  190 199 190 186 187 183 177 177 174 186 179 176 180 184 173 185 181 184
  173 178 177 177 190 188 177 177 187 193 188 170 174 195 175 172 187 170
  197 171 187 197 170 185 195 175 182 186 185 195 175 193 178 195 189 172
  189 197 196 178 186 177 179 186 174 185 182 182 199 197 197 178 191 170
  185 174 177 184 181 188 192 197 188 185 183 172 187 171 199 194 173 195
  175 177 175 191 185 176 175]
 [  0 186 171 175 187 186 182 190 193 180 181 172 178 173 185 199 199 185
  177 181 181 198 171 178 198 191 171 182 178 185 172 176 185 194 184 188
  177 186 197 182 196 172 175 175 172 195 187 185 199 193 175 186 191 195
  196 187 192 191 170 186 171 179 184 174 190 199 190 189 188 187 198 186
  192 196 193 197 195 171 191 173 197 184 197 181 199 185 197 199 178 190
  197 191 185 195 173 174 173 188 198 179 191 177 175 189 193 194 171 183
  193 184 175 183 190 187 188 188 173 187 187 183 198 171 170 184 189 181
  176 192 189 183 175 175 195 171 185 172 170 172 199 193 173 186 178 184
  179 179 182 185 173 175 195 184 186 177 198 181 188 197 192 190 185 199
  185 180 188 183 190 183 178 192 197 190 194 184 197 177 193 185 194 196
  193 174 171 189 197 179 198 190 198 195 181 194 181 188 175 181 171 174
  170 182 178 191 189 179 170 183 180 177 197 177 199 183 174 181 184 177
  179 195 191 197 194 178 184 187 195 191 192 185 177 193 193 178 173 185
  179 171 199 197 196 183 195]]
 job2fam
 [[1 0 0 0 0 0 0 0 0 0 0 0 0 0 0 0 0 0 0 0 0 0 0 0 0 0 0 0 0 0 0 0 0 0 0 0
  0 0 0 0 0 0 0 0 0 0 0 0 0 0 0 0 0 0 0 0 0 0 0 0 0 0 0 0 0 0 0 0 0 0 0 0
  0 0 0 0 0 0 0 0 0 0 0 0 0 0 0 0 0 0 0 0 0 0 0 0 0 0 0 0 0 0 0 0 0 0 0 0
  0 0 0 0 0 0 0 0 0 0 0 0 0 0 0 0 0 0 0 0 0 0 0 0 0 0 0 0 0 0 0 0 0 0 0 0
  0 0 0 0 0 0 0 0 0 0 0 0 0 0 0 0 0 0 0 0 0 0 0 0 0 0 0 0 0 0 0 0 0 0 0 0
  0 0 0 0 0 0 0 0 0 0 0 0 0 0 0 0 0 0 0 0 0 0 0 0 0 0 0 0 0 0 0 0 0 0 0 0
  0 0 0 0 0 0 0 0 0 0 0 0 0 0 0 0 0 0 0 0 0 0 0 0 0]
 [0 0 1 0 0 0 0 0 1 0 0 0 0 1 0 0 0 0 1 0 0 0 0 0 0 0 0 0 0 0 0 0 0 0 0 0
  0 0 1 0 0 0 0 1 0 0 1 1 0 0 0 0 0 1 0 0 0 0 0 1 1 0 0 0 0 0 1 0 0 0 0 0
  0 0 0 0 0 0 0 0 0 0 0 1 0 0 0 0 0 0 0 1 0 0 0 0 0 0 1 1 0 0 0 0 0 0 0 1
  0 0 0 1 1 0 0 0 0 0 0 0 0 0 0 0 0 0 1 0 0 1 0 0 0 0 0 0 1 0 1 1 0 0 0 0
  1 0 0 1 0 0 0 0 0 0 0 0 0 0 0 0 0 0 0 0 0 0 0 0 0 0 0 0 0 0 0 0 0 0 1 0
  0 0 0 0 0 0 0 0 0 0 0 0 0 1 0 0 0 0 0 0 0 1 0 0 0 1 0 0 0 0 0 0 0 0 0 0
  0 0 0 0 0 0 0 0 0 0 0 0 0 0 0 0 0 1 0 0 0 0 0 0 0]
 [0 0 0 0 0 0 0 0 0 1 0 0 0 0 0 0 0 1 0 0 0 0 0 0 0 0 0 0 0 1 1 0 0 0 1 0
  1 0 0 1 0 0 0 0 0 0 0 0 0 0 1 0 0 0 0 0 0 1 0 0 0 0 0 0 0 0 0 0 0 0 1 1
  0 0 1 0 0 0 0 0 0 1 0 0 1 0 0 0 0 0 0 0 1 1 0 0 0 0 0 0 1 0 0 0 0 0 0 0
  0 0 0 0 0 0 0 0 0 0 0 0 1 1 1 0 0 0 0 0 0 0 0 0 0 0 0 0 0 0 0 0 0 0 0 0
  0 1 0 0 1 0 0 0 0 0 0 0 0 0 0 0 0 0 0 0 0 1 1 0 0 0 1 0 0 0 1 0 0 0 0 0
  1 0 0 0 0 0 1 0 0 1 0 0 0 0 0 0 0 0 0 0 0 0 0 0 0 0 0 0 0 0 0 1 0 0 0 0
  0 0 1 0 0 0 1 0 0 0 0 0 0 0 1 0 0 0 1 0 0 0 0 0 0]
 [0 0 0 1 0 0 0 0 0 0 0 0 0 0 0 0 0 0 0 0 0 0 0 0 0 0 0 0 0 0 0 0 0 1 0 1
  0 0 0 0 0 1 0 0 0 0 0 0 0 0 0 0 0 0 0 0 1 0 0 0 0 0 1 0 0 0 0 0 0 0 0 0
  0 0 0 0 0 1 0 0 0 0 0 0 0 0 1 0 0 1 1 0 0 0 1 1 0 0 0 0 0 0 0 0 0 1 0 0
  0 0 0 0 0 0 0 0 0 0 0 0 0 0 0 1 0 0 0 1 1 0 0 0 0 1 0 0 0 0 0 0 0 0 0 0
  0 0 0 0 0 0 1 0 0 0 0 0 0 0 0 0 0 0 0 0 0 0 0 1 0 0 0 0 0 0 0 0 0 0 0 1
  0 0 0 0 0 0 0 0 0 0 0 0 0 0 0 0 1 0 0 0 0 0 0 0 0 0 1 0 1 1 0 0 0 1 1 0
  0 0 0 0 1 0 0 0 0 0 0 1 0 1 0 0 0 0 0 0 0 0 0 0 0]
 [0 0 0 0 0 0 0 0 0 0 1 0 0 0 0 1 0 0 0 1 0 1 0 0 0 0 1 1 0 0 0 0 0 0 0 0
  0 0 0 0 0 0 1 0 0 0 0 0 0 0 0 0 1 0 0 0 0 0 0 0 0 0 0 0 1 0 0 0 0 1 0 0
  0 0 0 1 0 0 0 0 0 0 0 0 0 0 0 0 1 0 0 0 0 0 0 0 0 0 0 0 0 0 0 0 1 0 0 0
  0 0 1 0 0 0 0 1 0 1 0 0 0 0 0 0 1 1 0 0 0 0 0 0 0 0 0 0 0 0 0 0 0 0 1 0
  0 0 0 0 0 0 0 0 0 0 0 0 0 0 0 0 0 0 0 0 0 0 0 0 1 0 0 0 1 1 0 1 0 0 0 0
  0 0 0 1 0 0 0 0 1 0 1 0 0 0 0 0 0 0 0 0 1 0 0 0 0 0 0 0 0 0 0 0 0 0 0 0
  0 0 0 0 0 0 0 1 0 0 0 0 0 0 0 0 1 0 0 1 0 1 1 0 0]
 [0 1 0 0 1 1 0 0 0 0 0 0 0 0 0 0 0 0 0 0 1 0 0 0 0 1 0 0 1 0 0 0 1 0 0 0
  0 0 0 0 1 0 0 0 1 1 0 0 0 0 0 0 0 0 1 0 0 0 1 0 0 0 0 1 0 0 0 0 0 0 0 0
  1 0 0 0 0 0 0 0 0 0 1 0 0 1 0 0 0 0 0 0 0 0 0 0 0 1 0 0 0 0 0 0 0 0 0 0
  0 0 0 0 0 0 1 0 0 0 0 1 0 0 0 0 0 0 0 0 0 0 0 1 1 0 0 1 0 1 0 0 0 0 0 0
  0 0 0 0 0 0 0 0 0 0 1 0 0 1 1 0 1 0 0 1 0 0 0 0 0 0 0 0 0 0 0 0 1 1 0 0
  0 0 1 0 0 0 0 0 0 0 0 1 0 0 0 1 0 0 0 0 0 0 1 0 1 0 0 1 0 0 1 0 0 0 0 1
  0 1 0 1 0 0 0 0 1 0 0 0 0 0 0 0 0 0 0 0 0 0 0 0 0]
 [0 0 0 0 0 0 0 1 0 0 0 1 1 0 1 0 0 0 0 0 0 0 0 1 0 0 0 0 0 0 0 0 0 0 0 0
  0 0 0 0 0 0 0 0 0 0 0 0 0 0 0 1 0 0 0 1 0 0 0 0 0 0 0 0 0 0 0 0 0 0 0 0
  0 0 0 0 0 0 0 1 0 0 0 0 0 0 0 0 0 0 0 0 0 0 0 0 0 0 0 0 0 1 0 1 0 0 1 0
  0 1 0 0 0 0 0 0 0 0 1 0 0 0 0 0 0 0 0 0 0 0 0 0 0 0 0 0 0 0 0 0 0 0 0 1
  0 0 0 0 0 1 0 0 0 1 0 0 0 0 0 0 0 0 0 0 0 0 0 0 0 0 0 0 0 0 0 0 0 0 0 0
  0 0 0 0 1 0 0 0 0 0 0 0 0 0 1 0 0 0 1 0 0 0 0 1 0 0 0 0 0 0 0 0 1 0 0 0
  1 0 0 0 0 0 0 0 0 0 0 0 1 0 0 1 0 0 0 0 0 0 0 0 0]
 [0 0 0 0 0 0 0 0 0 0 0 0 0 0 0 0 1 0 0 0 0 0 1 0 1 0 0 0 0 0 0 1 0 0 0 0
  0 0 0 0 0 0 0 0 0 0 0 0 0 0 0 0 0 0 0 0 0 0 0 0 0 1 0 0 0 0 0 1 1 0 0 0
  0 1 0 0 0 0 1 0 0 0 0 0 0 0 0 1 0 0 0 0 0 0 0 0 1 0 0 0 0 0 0 0 0 0 0 0
  1 0 0 0 0 1 0 0 1 0 0 0 0 0 0 0 0 0 0 0 0 0 1 0 0 0 1 0 0 0 0 0 1 1 0 0
  0 0 1 0 0 0 0 0 1 0 0 0 1 0 0 1 0 0 1 0 1 0 0 0 0 0 0 1 0 0 0 0 0 0 0 0
  0 1 0 0 0 0 0 1 0 0 0 0 1 0 0 0 0 0 0 0 0 0 0 0 0 0 0 0 0 0 0 0 0 0 0 0
  0 0 0 0 0 0 0 0 0 1 1 0 0 0 0 0 0 0 0 0 0 0 0 1 1]
 [0 0 0 0 0 0 1 0 0 0 0 0 0 0 0 0 0 0 0 0 0 0 0 0 0 0 0 0 0 0 0 0 0 0 0 0
  0 1 0 0 0 0 0 0 0 0 0 0 1 1 0 0 0 0 0 0 0 0 0 0 0 0 0 0 0 1 0 0 0 0 0 0
  0 0 0 0 1 0 0 0 1 0 0 0 0 0 0 0 0 0 0 0 0 0 0 0 0 0 0 0 0 0 1 0 0 0 0 0
  0 0 0 0 0 0 0 0 0 0 0 0 0 0 0 0 0 0 0 0 0 0 0 0 0 0 0 0 0 0 0 0 0 0 0 0
  0 0 0 0 0 0 0 1 0 0 0 1 0 0 0 0 0 1 0 0 0 0 0 0 0 1 0 0 0 0 0 0 0 0 0 0
  0 0 0 0 0 1 0 0 0 0 0 0 0 0 0 0 0 1 0 1 0 0 0 0 0 0 0 0 0 0 0 0 0 0 0 0
  0 0 0 0 0 1 0 0 0 0 0 0 0 0 0 0 0 0 0 0 1 0 0 0 0]]
