params：
 weight-->(1, 10)
 proc_times-->(1, 100)
 setup_times-->(30, 60)
 delivery_times-->(100, 200)
 job_rate-->12

start:
alpha_1
12
 alpha_2
1.0
 mach
20
 job
240
 fam
8
 weigh
 [[0 7 4 4 1 5 8 9 2 1 9 2 3 8 5 1 4 6 3 5 7 3 2 9 2 8 2 9 6 6 4 2 6 8 7 9
  6 3 3 8 4 4 8 6 3 5 6 4 1 6 5 4 2 1 1 5 9 1 4 7 3 4 8 7 1 7 6 5 2 7 3 1
  3 4 4 2 2 2 3 1 2 6 8 7 3 2 2 1 9 7 7 8 9 3 4 7 5 2 3 5 7 5 1 2 6 5 9 4
  1 9 9 9 6 5 5 6 3 8 2 9 6 2 1 9 8 2 6 8 3 4 4 8 6 3 3 4 3 6 9 8 5 7 2 9
  9 2 9 8 7 8 9 6 2 5 9 3 8 7 4 7 2 2 6 1 1 6 6 1 2 9 2 4 6 9 2 5 9 6 4 9
  9 2 5 4 5 4 9 6 8 3 4 4 3 3 9 6 5 6 3 9 8 3 1 2 1 3 9 1 9 4 7 9 9 7 6 4
  7 5 7 9 3 1 1 2 3 4 4 6 4 4 9 4 5 4 4 5 5 6 4 7 9]]
 proc_times
 [[  0 100  18  64  63  16  90  74  22  54  70  55  75  49  13  84  59  91
   51  36  13  29  59  81  71  66  97  32   8  66  27  14  58   7  43  60
   93  69  77   5  73  11  50  77  37  95  38  91  87  44  52   8  42  70
   54   2  96  84  47  87   6  36  59  34  53  15  53  23  65  91  62  13
   84  75  80   6  83  39  83  60  17   6  99  39  51  71  29  35  33  90
   53  74  33   6  29  26  21  25  46  16  54  22  56  35  48  31  67  34
    2   5  33  85  19  89  22  36  24  61  94  43  19  29  98  34  65  22
   88  80  71  95  54  23  14  25  78  82  23  27  64  44  49  50  58  41
   26  35  71  83  91  71  33  42  49  51  79  42  44  33  79  67  23  41
    4  21  67  63  53  99   7  55  22  60  69  65  25  17  82   8  67  81
   48  80  89  37  48  84   7  30  97  17  80   1  76   3  29  53  99  62
   89  52  87 100  25  84   1  55  81  39  57  50  82  92  59  33  63  72
   51  19  10   5  39  89  17  71  61  73   5  79  71  61  96  24   2  37
   78  72  98  95  91   5  43]
 [  0  95  57  50  64  30  69  18  73  86  58  46  52  41  57  93  30  57
   90  58  82  44  62   2  72  75  16  48   4  15  28  83  77  65  21   1
   74   1  67  45  23  55  20  49  72  12  57  69  94  57  29   2  47  39
   47  56  65  98  41  24   7  12  17   2  75   3 100  39  94  89  26  66
   49  17  70  38  63  49  57   4   9  15  19  31  59  42  57  10  35  40
   14  88  68  43  64  60  19  57  65  89  33  35  70  86  92  94   2  35
   30  49  76  24  47  53   2  39  55  93  76  45  44  98  96  88  29  73
    7  43   1  17  33  11  73  44   1  73  41  44  40  22  31  32  54  72
   49  87  84  96  81  78  85  95  96  54  69  95  16  89  71  97  57  11
   81  16  96  18  91  70   6  72   3  45  59  40  74  57  31  40  41  81
   10  77  87   7  79   4   4  86  76  25  52  95  58  41   3  25  41  65
   56  56  38  13  59   7  75  84  35  62  76  47  46  98  40  19  82  34
   60  79  71  22  98  99  44  20  80  24  69  10  30  82  97  45  78  83
   18  10  29  59  16  17  72]
 [  0  26  67  44  12  78   6  80  84  19  96  12  81  81  56  60  12  27
   80  30  31  12  56  96  75  11  30  39  42  21  20  41   4  74  73  16
   44  88  88  62  75   3  20  73  46  81   1  95  90  70  22  75  21  57
   38  28  96  91  72  41  53  23   6  17  54   3  42  18  19  51   4  65
   96  32  52  21  69  98  34   5  30  48  72  57  66  49  44  42  96   8
   77  77   1  36  59  34  23  66  53  82  22   9  98  92  42  91  38  35
   97  30  76  89  54  63  78  59  55  27  24  79  57  54  17  11  26  34
   92  43 100  97  18  28  27  85  89  10  82  43  81   1   9  94  88  15
   99  78  76  46  53  90  79  95  12  19  46  16  91  82  82  63  95   7
   60  12  87  32   5  80  25  38  34  25  50  64  70  92  13   6  24  15
   78  81  69  79  69  46  80  18  56  61  67  74  19   8  13  73  79  41
   58  70  34  52  18  36  37  16  15   6   2  35  39  46  30  68   2  78
   12  33  46  47  21  18  79  32  42  57  90  71  88  24  85  45  89  31
    6   2  19  70  87  66  16]
 [  0   9  51  29  25  93  84  38  50  74  88  26  17  26  45  67  78  33
   59  10  45   6  35  61  37   1  37  89  30  54   9  41   7   7  30  54
   39  38  77   8  91   9  46  88  91  76  96  31  60  46  11  27  15  42
   83  76  81 100  10   8  93   9  35  78  24   8  40  18  43  45  60  23
   48  72  37  50  68  17  71  33  60  12  71  75  95  41  32  88  70  39
   90  51  50  41  90  46  46  15  22   9  22  70   2  47  80  52  64  62
   57  54  40  74  94  14  11  92 100   9  39  65  26  70  68  80  49  37
   42  89  47  56  27  12  92  72  49  52  37  42  93   1  41  93  30  49
   47  66  71  13  53  70   9  77  82  55  52  15  83  82  82  13  41  13
   71  50  75  82   9  42  82  37   6  24  77  69  41  78  98  56  85  89
   66  67  35  27   6  76  71  33  56  55  58  70  63  91  79 100  94  79
    7  16  94  61  84  78  38   4 100  74  64  71   6  19   8  33  61   3
   31  41  33  86  67  62  55  84  12  24  29   4  20  51  17  20  19  45
    3  91   9  11  42   4  28]
 [  0   6  29   6  56  84  75  18  33  64 100  58  14  86  52  85  27  42
   45   3   8  57  93  74  83  23  45  70   3  54  63  47  27  18  39  34
   38  50  72  84   7  70  57   7  42  49  76  91  11  45  36  96  95   4
   32  76  55  65   9  18  32  81  27  23  93   6  25  47  59  20  29  28
   98  24  66  81  57  63   2   5  99  46   1   8   2   3  13  99  15  69
   89  26  68  57  27   1  50  26   7  46  90  93 100  35  30  14   3  98
   59   1  41  77  33  43  59  21   6  22  43  80  18  29  71  13  37  81
   83  11  28  98  79  39   5  30  37  99  28  82 100  99  73  48  71  40
    7  65  92  55  42  65  47 100  10  11  96  39  47  88  31  55  53  40
   88  41  68  13  88  60  64  55  87  31  78  70  88  74  20  51  40  28
   53  18  40   9  25  58  35  63  76  97  72  19   3  16  12  14  27  45
   56   5  95  90  83  62  27  37  38  23  56  85  18   1  67  84  74   3
   16  23  53  27  54  26   5  13  51  99  84  78  42  39  58  29  75  54
   77  51  75  54  21  76  53]
 [  0  33  71  81  39  81  47  22  31  31  52  50  41 100  48  90 100  88
   55  35  65  46  42  76  33  25  41  91  32  80   4   7  26  96  50  40
   87  76  80  79  39  21  55  96  10  51  47  30  53  97  13  54  13  22
   72  69  80  93  94  10  38  33  63  89  67  27  57   4  39  33  97   1
   60  18  84  11  64  31  88  41  60  83  52  52   6  59  73  48  56  50
   59  36  81  87  35  84  17  45  17  25  56  59  36  81  52   7  34  24
   11 100  73   1  89  22  75  75   4  91   1  74  47  36  82  39  21  95
   32   8  90   2  61   4  59   7  90  12  35  29  25   4  34  35  66  55
  100  80  91  61  21  88  93   9  47  63  67  79  42  12  15  21  76  92
   23  97  30  89  57 100  12  59  79  37  85  31  57  40   2  68  31  98
   11  83  91  77  71  77  80  29  24  89  39  99  55  88  84   6  37  53
   87 100  62  75  14  30  41   6  52   6  62  55   9   7  15  38  96  99
   17  79  65  76  73  75  17   4  69  89  87  89  77  36  72  17  34  73
    6  32  68  20  66  96  24]
 [  0  41  14  36  15  20  83  54  44  89  68  99   2  68  88   5  25  89
   27  89  34  86  90  29  75  86  78   3  98 100  58  26  78  67  52   2
   96 100  62  59  58  56  41  98   2  52  48   4  39   3  33  20  31  84
   22  37  60  37  86  20  41  98  87  77  80  29  78  73  30  85  74  64
   10  15  29   6  60  38  81  25  79  35  96  76  51  62  18  47  36  56
   83  69   4  55  91  13  29   3  22  89  30  75  50  99  26   4  41  30
    9  93  59  56  57  24  56  60  22  72  46  55  37  44  41  21  63  91
   40  65  33  83  55   1  64  89  78  78  62  77  87  43  76  32  69   6
   90  45  21  75  95  10  91  48  85  23  68  50  73  12  88  93  25  38
   12  18   2  50  99  34  37  27  57  99  82  88  61  63  59  35  28  47
   97  20   6  24 100  75  91  12   4   5  67   1  17  48  19  58   4  77
   50  81  48  77  24 100  53  32  46  74  11  77  41  61  30  48  24   8
   97  81  52  23  22  71  10  25  88  65  66  26  41  39  80  27  50  80
   10  16  76  39  10  64  37]
 [  0  11  64  62 100  33  89   5  31  18  16   1  51  55  91  74  67  15
   43   1  12  12   8  26  98  14  24  47  85  89  50  48  72  91  72  68
   19  70  28  45   8  71  47  11  92  47  35  67  78  15  19   2  75  89
   33  61  68  22  26  89  11  21   3  60  40  43  60  37  54  29  70   9
   26 100  95  79  66  39  73  50  92  78  62  13  67  33  66  36  48  43
   79   3  15  31  15  24   1  66  78  68  96  39  47  91  79  68  77  31
   78  89  16  17  26  10  92  73  36  58  94  51  55  42  24  62  95  79
   11  66  93  69  66  88  83  29  61   2  91  18  84  90  61  59  78  23
   40  81   8  68  53  11  36  23  29  50  29  27  70  99  39  95  42  96
   83  95  25   7  65  54  80  95   9  21  48  73  49   1  11  70  83  77
   48  11  38  48  30  10  40  46  83   4  61  22  39  55  78  55  44  32
   44  28  92  35  70  62  88  32  68  66  28  38  75  11  27  31   4  69
   97  83  85  64  14  54  88  92  84  40  45  67  65  60  97  30  72  88
   45   5   6  31  31  71  76]
 [  0  53  38   4  56  87   7  37 100  94  45  33  76  90  51  47  96  20
   41  37  85  62  20  89  36  98  60  53  52  37   2  47  31  69  19  22
   12  33  38   9   9  74  70  93  42  52   2  71  66  10  14  89  97   9
    2  16  99  39  25  68  40  34  20  59  29  35   5  25  13  98  99  51
   50  54  71  28  99  86  86  52  48  33  20  44  37  46  63  92  43  52
   73  81  71  26  87  63  87  79  28  45  65  28  22  46  59  67  55  83
   31  89  30   7  54  52  99  20  24  85  96  64  48  62  45  28  57  27
   70  65  11   2  74  47  61  20  16  77  67  34  56  60  52   1   6  71
    4  66  51  69  25  76  58  11  54  87   6  54  98  29  37  99  84  25
   61  28  13  64  77  98  59  65  87  13  90  64  11  43   6  22  53  94
   98  74  36  26  40  57  55  77  18  53  91  86  15  43  41  48  15   6
   83  73  25  56  83  87  13  71  26  11  95  65  23  42  77  64  57  14
    8  11  62  22  81  90  17  14  25  47  74  26  43  22  21  36  98  75
   19   7  95  42  47  15  55]
 [  0  44  29   9  40  25  67   5  48  66  34  13  35  50  85  39   4  59
   72  96  15  57  18  44  50  67  98  44  14  37  25  98   2  70  54  83
    1  34  96  65  98  31  10  71  17   1  51  21  29  25  46  95  12  88
   23  58  44  39  31  58  90  11  59  54  26  92  55  84  50  56  47  50
   73  87  36  13  76  45  76  65  74  58  67  80   2   5  53  47  45  39
   48  69  39  68  31  64  72  11  48  35  77  80  93  64  16  56  60  48
   73  85  96  81  29  33  16  96  59  89  39  33   7  29  98  53  90  12
   64  88  52  55  80  77  83   4 100   3  85  17   6  29  22  10   7  82
   91  89  56  89  68  79  72  62  33  91  35   4  71  40  58  66  10  17
   58  50  63  15  91  76  14  62  83  52  49  14  91  93  86  88  73  21
   98  18  25  58  26  10  57  93  26  61  87  81  87  66  90  73  16  33
   77  91  99  46  39  51  98  57  75   1  89  53   4  28  91  24  94   9
   60   4  27  53  56   2  17  22   6  48   6  44   8  55  73  86  75  13
   42  78  21  46  65  71  19]
 [  0  56  93  31  17  95  21  74  13  98  19  73  97  77  68   8  50  87
   61   9  78  68  87  28  97   2  35  69  77  20  16  63  93  48  15  53
   92  67  19  37  99  99  23  80  95  75  35  97  61  83  38   3  89  75
   51  63   2  27  23  80  90  35  52  11  49  87  68  85  28  11  19  45
   42  42   4  61  70  68  96  67  16  58  45  25  95  73  71  92  53   6
   11  50  58   6  32  53   4  15  51  43  58  48  40  84  25  69  62  83
   66  88  56  33  95  85  94  10  66  25  45  18  38  47  53   5  22  71
   26  76  38  57  32  34  70  48  17  86  78 100  27  35  25  96  36  35
    6  74  82  85  20   1  74  67  56  56  77  43  34  70  51  60   1 100
   58   7  94  13  12  92  80   1  46  72  92   1  63  71  93  67  10  36
   49   6  44  82  38  87  52  48  90  74  29  81  75  14  24  97  14  42
   77  54  67  76  88  59   8  16  56  33  47  93  65  93  32  37  99   6
   22  10  33  74  85  44  66  77  96  40  43  48  68  88  15  81  69  99
   32  17  89  34  53  30  36]
 [  0  61  40  27  67  83  68  76  59  29  82  86  23  16  54  17  96  57
   80  60  66  70  30  87  24   8  83  37  39  41  13  98  70  86  11  48
   71  19  25  27  37  34  81  14  64   8  41  85  47  26  30  48  33  48
   95  53   8  61  55  56  74   2   1  96  49  98  69  58  68  33  76  75
   62  42  29  36  20  20  40   7  93  34  91  99  50  26  98  93  45  94
    6  72  68  71  30  37  73  64  87  61  93  88  94  47  42  15  15  59
   98  17  90  97  47  17   5  65  10   9  14  60  19  91  61  99   2  42
   47  22  84  14  52  30  61  74  99  67  37  21  30   7  81  80  48  55
   94  84  56   7   7  35  25  53  96  42  67  44  81  19  20  63  43  38
   16 100  14  49  68  17  94   3   3  69  62  60  68  99   4  17  68  14
   90  40  43  32  15  50  71   6   3  17  23  46  21  74  72  52  16  90
   68  64  81  36  80  41  84  51  85  79  37  13  10  13  88  38  82  96
    7  86  14  92  34  21  38  98  22  84  71 100  23   4  87  33  35  18
   28   1  76   4  38   2  63]
 [  0  24  36  76  23  23  32  28  19  63  29  90  75  15  90  51  14  89
   85  61  15  81  57  60  95  43  61  91  42  62  14  34  41  80  47  77
   81  84  60  48  92  16  47   2  90  14  18 100  15  37  14  68  75  58
   69  46  80   3   4  80  47  34  84  87  87  63   8   6   6  55  55  50
   32  82  58  63  29  91 100  38  55  73  80  69  24  29  76  80  88  80
   21  43  93  60  27   1  18  54  69  99  83  22  95  11  13  18  27   6
   44  24  20   7  47  64  66  47  37  92  88  87  37  59  50  71  60  73
   36  82  44  65  25  18  91  56  12  98  83  26  48  64  14  16  22  43
   74  58  72  73  66  75  42  25  74  83  11  29   6  57  72  82  22  10
   36  92  86  62  13  43  37  53  35  20  51  17  98  91  15  51  10  53
   63   1  73  28  83  65  35  26  48  42  33  98  88  86  51  39   1  57
    5  94  31  61  78  51  39  41  80  44  61  60  47  53  10  12   2  60
    8  49  63  12  73  85  24  16  49  73  47  98  34  30  79  44   3  97
   27  54  38  29  17  75  68]
 [  0  78  52  87  78  81  31  16  99  93  38  52  23  13  72   6  95  59
   41  54  98  69  52  37  25  60  77   1  11   5  92  78  14  57  80  19
   60  94   5  66  22  36  88  62  42  63  66  91  99  91  74  90  36  87
   79  89  61  81  61  97  14  76  60  87  21  31  46  25   7  65  55  37
   95  76  49  47   1  91  26  78  89 100  22  88  61  49  63  51  31   6
   28  70  73  36  85  53  16   6  58  23  42  82  16   7  21  75   8  32
   68  42  94  51  30  10  82  44  85  51  56  98  41  62  60  66  30  91
   56  73  15  65  71  15  57  97  10  90  11  61  71  75   6  64  37  95
   62  71  87  30  73  10  29  12  86  87  75  31  33  14  60  95   6  88
   17   8  10  13   2  53  81  42  67  14  46  18  47  97  57  18  16  16
   15  66  27   7  17  86  96  96  92  99  50  10  85   9  22  45  89  46
   74  24  68  92  47  95   7  42  89  75   9  17  31  43  78  50  11  59
   97  61  18   5  94  33  49  31  93  57  87  53  70  96  12  43  48  17
   84  61  24  62   8  10  20]
 [  0  75  62  91  15  41  56  85   9  72  50  24  19   4  12  65  11  28
   49  98  53  32  17   4  47  92  60   9  67  17   5  30  71  18  79  37
    9  68  78  76   5  77  23  87  67  28  77  33   8  90  44  78  81  97
   97  56  80  89  19  53  69  48  66  10  33  42  86  88  18  31  50  87
   41  70  46  88   3  60  43  77  62  77  10  53  13   8  68  22  17  50
   95  64  25 100  22  35   7  31  18  44   2   1   4  42  88  97  24   9
   15  92  60  36   6   5  85  28  25  29  12  15  28  46  78  99  41  59
   78  40  52  41  86  43  90  51  83  76   8  67   5   4  33   5  95  97
   88  53  32  71  43  95  58  46  58  98  10   3  25  95  84  79  77  57
   76  24   3  69  89  38  83  45  98  23  32  18  66  34  21  74  16  21
    9  84  86  47  36  50  29   9  92  87  68  62  22  86  49  90  51  38
   35  49  96  63  19  26  92  82  74  91  69  38   8  27  94  14   3   7
   97  50  21  50  18  18  27  18  26   3   1  76  10 100  63  47  47   2
   42  36  52  13  83  51  99]
 [  0  65  93  25  76  78  12  77  52  99  54   1  52  44   4  88   5  93
   48  11  34  99  46  76  41  92  19  51  12  24  29   3 100  80  79  77
    7  56  79  24   8  93  87  56  65  16  85  74  12  26  67  14  77   1
   71  10  79   2  22  24  63  37  81  17  99  31  64  74  26  11  18  14
   43  75  66  28  16  51  18  87  80  40   7  58  35  42   6   5  43  14
   97  37  15  45  58   4  39  21   6  39   1  68   2   5  17  63  69  58
   33  60  59  81  42  32  46  33  46  52  99  69  79  94  25  43  54  77
   13  83  71  89  47  82  30  97   9  50  56  40  27  22  44  54  22  40
    6  64  44  79  50  31  81  39  94  41  67  40  61  40  39  18  62   7
    6  85  45  85  22  85  18  98  11   8  45  20  45  84  89  56   7  76
   81  65  45  79  15   6  25  37  73  52  54  96  69  62  79  92   7  77
   11   7  75  31  72  92  13  86  39  15  93  77  18  46  24  35   5   9
   66  92  99  72  32  88  96  13  90   6  32  77   8  67  54  55  46  73
   49  24  73  99  18  13  87]
 [  0  87  55   5   5  16  44   1  80  35   1  23   4  70  17  48  72  70
   57  32  83  53   4  10   1  82  31  50  25  96   3   3  88  70  20  29
   32  33  72  37  62  23  20  34 100  56  84  92  32  75  70  76  56  88
   25  48  64  53  27  91  52  46  35  66  34  33  26  46  95  48  99  81
   96  77  99  90  88  88  97  68  38  40  88  97  16  21   2   5  30  76
   53  92  11  89  50  54  95  81  90  17   3  11  53  31  80   6  70  93
    3  14  93  80  19  82  19  39   2  21  99  78   4 100  68  54  37  72
   50  55  64  79  26  68  12  44  36   5  85  63  32   8  89  33  56   4
   91   1  13  56  21  69  57  35  38  15  49  32  92  77  99  84  35  72
   67  39  10  82  20  31  55  61  45  86  77  97  77  86   5  68  38   9
   26  31  51  95  46  83  65   6  80  25  46  38  32   6  14  14  82  13
   12  40  46  98   8  48   4  83   3  84  13  29  90  94  48   9  94   5
   96  51  78  69  43  89  64  51  62  21  27  96  19  77   8  31  29  73
   31  74  97  21  44  51  98]
 [  0  64  38  74   8  94   9  65  81  17  39  14  23   6  38  89  51  80
   97  98  78  20  62  21   8  43  27  80  72   4   5   4  81  59  88  56
   37  79  12   1  33  27  79  28  38  70  33  66   7  46  59   3  93  91
   73  40  34  98  35  21  59  20  80  63  76  65  65  92  66  26  78  22
    8  50  92  75  95  18  14  84  25  29  49  68  89  10  43  71  35  95
   50  45  82  86  16  43  61  82  16  51  81  65  85  50  77  59  68  70
   30  44  97  62  72  19  38  19  36  46  74  38  34  58  33   7  33  67
   75  54  11  17   7  70  11  21  50  42  42  28  49  94  37  18 100  47
    9  76  16   2  68  75  70   5  37  22  81  85  66  10  58   2  29   2
   69  30  74  87  31  78  66  88  42  55   4  95  52  62  46  14  89  51
    8  95  11  60  95  72  27  59  26  19  91  71  61  16  68  98  77  64
   48  17  37   9   1  38  82  35  44  72  42  38  47  89  46   7   4  27
   96  83  81   8   2  92  86  97  71  85  30  15  20  68  54  80  68  54
   13 100  15  79  38  18  71]
 [  0  76   2  82  74  68  84  45  88  69  36  73  68  94  84  57  13   3
   21  17  21  92  20  49  72  17  16  20  64  43  36  33  55  28   2  89
   22  58  88  68  97  67  85  58   6  57  53   5  51  54  98   8  92  41
   48  91   4  80   6  89  21  60   7  13  70  12  71  32  43  28  48  74
   77  84  72  13  51  31  56  49  44  32  29   4   5  27  34  80  52  46
   49  20  24  41  15  82  75  79  40  97  54  92   7  73  40  28  16  82
   75  15  86  22  15  50  10  61  47  86  90  84   5  86  63  49  29   3
   66  69  99  97  14  88  32  46  94  90  61  66  56  50  72  68  53  23
   31  42  52  33  48  58  55  32  20  60  43  92  34   2   2  23  17  93
   30  82  41  73  55  73   9  76  34  78  44  65  66  17  72  70  35  11
   14  21  45  76  43  77  39  75  57  62   6  16  69  39  41  63  62  21
   56   6  68  88  52  39  27  71   9  33  19  83  57  68   4   4  14  86
   34   9  95  88  73   9  82  51  25  94  54  39  89  51  26  52  13  12
   70  12  71  79  13  58 100]
 [  0  70  44  90   2  82  18  20  63  14  74  73  97  84  71 100  95  93
    6  52  68  16  32  89  58  80  96  42  23  15  97   1  40  69  20   2
   20  77  14  44  11  78  83  25  28  97  82  75  93  19   2  78  17  85
   96   5  41  86  59  51  21  78  62  68  94  99  48  36  37  13  48  52
   35  98  88  76  47  58   7  33  65  14  49  41  69  74   5  38  54  21
    7  20  37  48   5  92  64  88   7   3  19  66  79  92  68  64  98  29
   56   1  60  15  95  16   8   3  98  84  58  12  33  88  73  65  51  78
   17  49  40  42  41  75  34  61  59  52  33  21  30  49  22  94  45  59
   85  87  29  18  59  50  64  14  10  43  50   5  99  48  20   3  47  74
   22   9  39  45  80  80  41  90  56  74  70   8  74  61  91  94   8  88
   77  56  83  47  23  83  95  52  59  14  21  33  70  73  82   1  41  94
   81  74  62  44   2  57  45   3  58  15  71  42  26  80  11  61  35 100
   10  44  70  11  39   5  65  49  89  58  18  11   5  33  58  75  26  66
   87  44  17  22  83  48  36]]
 setup_times
 [[[ 0 51 51 30 58 46 30 38 39]
  [ 0  0 32 53 45 38 31 38 44]
  [ 0 51  0 48 47 40 57 50 55]
  [ 0 47 47  0 48 56 37 51 54]
  [ 0 37 44 56  0 33 50 42 52]
  [ 0 33 32 58 59  0 30 52 56]
  [ 0 53 38 42 57 33  0 45 43]
  [ 0 44 37 56 36 57 35  0 50]
  [ 0 57 55 58 30 35 39 40  0]]

 [[ 0 35 44 30 41 42 32 39 33]
  [ 0  0 33 44 36 56 50 30 42]
  [ 0 37  0 34 59 41 58 39 55]
  [ 0 45 54  0 39 57 50 57 58]
  [ 0 39 53 43  0 56 37 35 30]
  [ 0 58 38 47 31  0 46 32 35]
  [ 0 41 57 55 37 58  0 54 32]
  [ 0 48 45 40 49 49 56  0 39]
  [ 0 38 53 53 43 53 31 39  0]]

 [[ 0 49 47 54 32 44 47 51 45]
  [ 0  0 42 44 39 49 41 55 50]
  [ 0 43  0 56 36 41 32 47 38]
  [ 0 56 58  0 58 43 40 36 58]
  [ 0 48 32 32  0 37 32 55 51]
  [ 0 30 59 59 31  0 58 53 48]
  [ 0 30 50 45 34 44  0 34 59]
  [ 0 35 48 46 37 35 36  0 41]
  [ 0 56 34 33 44 33 43 30  0]]

 [[ 0 37 53 44 44 54 45 34 44]
  [ 0  0 53 30 54 39 34 38 51]
  [ 0 36  0 59 44 39 49 59 57]
  [ 0 53 41  0 55 48 41 38 46]
  [ 0 33 46 31  0 35 32 34 57]
  [ 0 37 32 43 43  0 33 30 35]
  [ 0 32 37 36 31 49  0 35 54]
  [ 0 38 54 34 33 32 55  0 40]
  [ 0 59 51 46 37 48 57 35  0]]

 [[ 0 56 31 41 52 40 45 46 36]
  [ 0  0 36 36 41 54 37 56 32]
  [ 0 40  0 39 34 54 46 31 44]
  [ 0 49 48  0 45 37 48 59 53]
  [ 0 46 55 58  0 45 36 39 37]
  [ 0 34 41 57 38  0 55 57 35]
  [ 0 47 30 51 37 49  0 36 30]
  [ 0 38 40 35 57 48 42  0 42]
  [ 0 54 54 43 50 35 40 53  0]]

 [[ 0 52 39 33 59 43 33 47 57]
  [ 0  0 54 50 36 56 33 36 52]
  [ 0 36  0 59 45 55 35 51 59]
  [ 0 42 56  0 33 33 52 36 55]
  [ 0 43 58 52  0 39 30 51 54]
  [ 0 48 55 41 34  0 57 45 49]
  [ 0 32 33 53 47 39  0 38 42]
  [ 0 46 33 43 53 44 37  0 51]
  [ 0 53 43 31 55 41 38 43  0]]

 [[ 0 36 58 56 50 43 59 44 30]
  [ 0  0 41 54 38 46 55 58 30]
  [ 0 41  0 51 38 33 46 43 46]
  [ 0 47 33  0 59 41 34 39 33]
  [ 0 46 36 30  0 36 30 36 35]
  [ 0 45 53 37 39  0 53 41 36]
  [ 0 47 49 38 58 31  0 46 38]
  [ 0 53 33 34 47 56 40  0 51]
  [ 0 38 50 52 52 41 35 41  0]]

 [[ 0 37 55 46 59 46 48 51 44]
  [ 0  0 43 51 41 58 38 58 47]
  [ 0 55  0 52 58 54 59 58 48]
  [ 0 34 33  0 58 52 43 35 42]
  [ 0 35 36 41  0 52 59 54 39]
  [ 0 30 39 38 48  0 45 37 38]
  [ 0 51 51 59 36 31  0 56 45]
  [ 0 44 34 43 39 46 43  0 51]
  [ 0 46 47 56 58 32 46 49  0]]

 [[ 0 53 36 39 43 50 45 44 59]
  [ 0  0 33 56 41 38 40 41 57]
  [ 0 33  0 55 45 33 44 40 57]
  [ 0 47 42  0 56 39 36 47 48]
  [ 0 59 40 59  0 58 48 44 35]
  [ 0 45 59 58 54  0 39 45 49]
  [ 0 56 32 50 58 35  0 48 49]
  [ 0 39 38 43 35 50 58  0 57]
  [ 0 32 41 57 46 43 59 52  0]]

 [[ 0 38 43 43 36 36 55 34 39]
  [ 0  0 51 39 59 57 54 53 41]
  [ 0 52  0 48 45 53 57 35 44]
  [ 0 36 51  0 34 46 52 40 35]
  [ 0 53 33 38  0 53 41 57 59]
  [ 0 48 35 58 48  0 36 52 44]
  [ 0 57 30 46 50 37  0 36 53]
  [ 0 38 37 46 35 33 54  0 35]
  [ 0 40 51 31 39 45 45 45  0]]

 [[ 0 49 38 33 57 57 43 36 37]
  [ 0  0 42 36 31 49 54 37 31]
  [ 0 30  0 31 30 58 35 33 55]
  [ 0 45 37  0 34 46 45 49 55]
  [ 0 31 59 49  0 31 45 52 40]
  [ 0 51 35 42 33  0 45 35 54]
  [ 0 32 39 39 31 31  0 31 49]
  [ 0 31 43 33 30 45 50  0 56]
  [ 0 47 43 45 47 34 47 37  0]]

 [[ 0 54 54 42 47 32 36 53 57]
  [ 0  0 48 40 45 41 56 42 53]
  [ 0 54  0 51 55 44 48 54 35]
  [ 0 33 49  0 56 53 53 55 31]
  [ 0 34 42 30  0 46 46 50 35]
  [ 0 35 40 48 57  0 42 58 43]
  [ 0 44 50 52 31 38  0 54 41]
  [ 0 32 45 52 59 35 44  0 52]
  [ 0 30 33 58 37 51 53 43  0]]

 [[ 0 30 33 40 55 36 42 39 50]
  [ 0  0 45 55 41 48 32 52 53]
  [ 0 58  0 56 48 31 32 38 30]
  [ 0 34 37  0 53 55 50 55 56]
  [ 0 33 54 54  0 34 44 59 43]
  [ 0 38 59 54 43  0 56 39 36]
  [ 0 35 42 42 42 47  0 36 30]
  [ 0 30 51 49 32 34 43  0 59]
  [ 0 43 48 30 32 39 34 34  0]]

 [[ 0 59 45 53 32 54 47 59 56]
  [ 0  0 52 33 47 35 50 56 52]
  [ 0 44  0 49 52 41 47 30 50]
  [ 0 33 41  0 51 40 53 52 45]
  [ 0 36 50 42  0 40 58 59 43]
  [ 0 43 41 46 32  0 41 44 33]
  [ 0 39 52 52 37 44  0 56 35]
  [ 0 30 54 43 59 52 35  0 50]
  [ 0 44 46 38 40 30 34 35  0]]

 [[ 0 42 34 56 39 32 34 56 43]
  [ 0  0 56 54 50 40 47 40 43]
  [ 0 38  0 49 37 38 36 52 57]
  [ 0 59 48  0 37 35 52 47 37]
  [ 0 59 40 35  0 44 52 40 47]
  [ 0 35 50 43 56  0 40 49 39]
  [ 0 34 52 33 51 30  0 44 50]
  [ 0 44 58 58 42 54 40  0 42]
  [ 0 35 31 57 36 30 37 59  0]]

 [[ 0 59 47 53 36 59 45 53 44]
  [ 0  0 45 50 54 45 35 43 55]
  [ 0 44  0 37 32 37 52 38 37]
  [ 0 36 38  0 55 52 49 49 58]
  [ 0 31 42 40  0 43 32 37 37]
  [ 0 49 44 32 50  0 35 55 46]
  [ 0 37 42 52 33 33  0 40 32]
  [ 0 57 35 54 43 53 53  0 54]
  [ 0 43 53 51 42 36 50 31  0]]

 [[ 0 32 57 58 31 49 54 57 37]
  [ 0  0 43 51 52 54 36 57 40]
  [ 0 50  0 50 36 33 35 30 38]
  [ 0 58 41  0 46 42 59 31 34]
  [ 0 39 38 48  0 57 35 42 52]
  [ 0 32 38 56 41  0 50 48 33]
  [ 0 42 39 45 33 59  0 42 50]
  [ 0 49 37 33 30 47 56  0 41]
  [ 0 46 38 30 37 30 30 30  0]]

 [[ 0 37 35 52 45 37 41 47 44]
  [ 0  0 31 37 55 48 40 58 54]
  [ 0 43  0 37 32 49 43 51 54]
  [ 0 58 33  0 36 42 32 45 45]
  [ 0 59 32 56  0 50 59 54 34]
  [ 0 31 38 46 56  0 41 37 52]
  [ 0 30 34 42 36 59  0 36 43]
  [ 0 43 34 33 54 58 47  0 35]
  [ 0 30 48 53 30 41 59 58  0]]

 [[ 0 40 57 46 54 41 44 59 45]
  [ 0  0 42 32 33 31 31 32 45]
  [ 0 31  0 56 59 50 43 55 35]
  [ 0 43 37  0 44 55 59 48 45]
  [ 0 30 53 30  0 53 42 41 30]
  [ 0 31 31 32 50  0 35 46 38]
  [ 0 39 49 49 34 31  0 40 41]
  [ 0 45 41 39 48 32 31  0 31]
  [ 0 50 34 36 59 46 52 46  0]]

 [[ 0 34 55 39 59 37 55 57 39]
  [ 0  0 53 33 40 30 53 34 40]
  [ 0 34  0 35 59 54 54 52 43]
  [ 0 40 39  0 43 40 34 51 54]
  [ 0 36 47 30  0 40 52 32 35]
  [ 0 31 34 41 52  0 46 35 35]
  [ 0 40 55 45 36 45  0 36 53]
  [ 0 34 39 53 51 48 49  0 37]
  [ 0 37 36 31 37 41 38 49  0]]]
 delivery_times
 [[  0 197 185 123 133 150 173 181 169 170 173 142 164 109 110 115 176 176
  160 100 119 100 141 147 195 107 145 164 188 196 157 155 172 163 116 191
  191 108 173 155 165 155 118 171 172 147 131 119 177 180 146 144 132 164
  133 196 104 124 194 163 143 197 170 101 121 193 149 130 141 111 181 108
  136 157 193 189 150 190 155 162 112 147 117 137 128 158 143 126 125 176
  175 138 186 188 110 149 106 155 182 122 182 119 126 121 105 198 166 185
  181 193 188 118 190 171 165 163 197 196 157 116 167 137 197 134 192 188
  187 128 145 139 117 143 181 188 191 119 191 141 158 138 119 181 187 178
  106 139 192 131 190 151 149 187 179 132 117 159 198 121 186 174 125 115
  182 191 192 166 181 156 115 144 127 110 127 136 136 182 107 155 163 179
  173 177 190 139 149 191 191 194 132 103 154 149 129 150 109 111 122 112
  141 149 115 184 181 124 187 198 184 160 138 194 161 157 156 198 186 135
  148 116 103 119 181 133 111 131 167 104 151 197 192 160 164 111 131 160
  113 168 184 144 137 166 161]
 [  0 130 163 130 182 175 199 168 186 146 191 156 115 115 152 159 103 113
  115 180 197 143 182 126 196 171 146 126 150 128 169 124 195 163 136 186
  127 121 144 155 193 146 119 150 160 176 134 159 116 110 147 179 128 101
  157 157 108 137 167 111 163 123 161 168 159 186 129 186 179 102 127 164
  140 152 162 199 120 149 180 114 101 122 159 106 122 166 190 152 107 144
  179 170 109 188 109 168 127 102 147 151 124 192 123 116 108 173 141 171
  142 140 174 127 111 104 176 133 134 198 143 134 187 155 147 174 106 104
  126 172 122 142 164 133 175 190 188 187 102 184 173 133 149 129 197 159
  174 141 182 108 147 171 107 140 199 193 150 156 177 150 125 110 170 104
  133 193 155 124 165 131 106 165 197 154 125 144 173 143 174 161 196 134
  178 133 153 156 181 173 100 138 120 161 146 141 129 160 104 187 132 168
  175 159 181 138 168 137 135 184 175 127 165 174 137 194 172 106 156 162
  109 142 136 166 182 124 189 127 182 110 186 118 132 132 116 153 153 194
  127 117 106 105 101 117 128]
 [  0 118 159 187 134 122 116 151 182 184 191 101 183 136 142 100 104 190
  127 137 111 105 124 162 112 162 142 151 141 176 185 149 185 113 135 171
  175 115 135 192 114 103 167 171 179 190 152 114 152 139 104 102 107 147
  146 185 119 154 186 184 180 102 157 154 194 165 181 104 169 116 131 165
  133 110 195 113 124 176 141 149 130 115 113 120 160 119 121 164 146 137
  154 106 167 132 170 135 158 191 198 126 157 188 113 107 140 169 106 164
  140 151 123 153 156 188 188 109 122 115 171 180 140 182 140 180 195 175
  104 112 138 192 152 179 197 151 151 135 133 143 179 108 177 103 115 139
  121 111 192 178 164 185 114 154 158 111 111 160 172 179 163 176 111 156
  166 155 194 182 160 116 133 108 196 182 170 112 168 187 141 179 158 188
  185 159 169 167 121 176 163 185 162 169 195 196 112 160 112 140 132 118
  197 101 151 113 164 164 150 125 168 164 193 194 179 151 148 131 162 172
  176 188 104 160 128 103 129 161 182 147 118 189 117 195 157 182 145 148
  168 146 114 198 188 149 189]
 [  0 151 188 128 171 175 116 154 158 166 112 157 195 100 155 137 141 183
  141 117 169 163 104 118 130 185 118 135 131 112 176 132 127 162 176 184
  132 117 144 198 107 188 165 162 132 112 127 128 150 105 163 186 161 169
  168 164 192 153 106 143 184 107 187 135 196 199 120 141 141 114 198 195
  129 108 137 169 150 122 106 181 138 175 176 145 175 148 104 194 105 197
  104 115 157 138 198 198 136 156 131 120 122 112 172 119 127 178 135 160
  136 164 138 109 190 165 151 198 119 184 197 193 137 186 138 173 139 188
  189 154 174 125 194 114 135 151 194 110 172 137 168 132 100 192 132 102
  139 164 140 199 124 166 183 165 183 144 164 155 105 158 118 141 192 102
  160 122 109 155 192 162 133 157 154 115 123 128 167 187 179 102 174 146
  173 162 159 176 111 159 130 169 132 192 126 140 146 191 182 106 133 104
  156 135 123 196 162 164 153 172 109 117 159 137 103 143 133 157 117 151
  178 114 139 187 101 199 191 102 104 154 150 177 159 194 195 154 142 155
  183 110 177 107 178 128 166]
 [  0 162 112 158 179 142 171 187 122 193 177 103 102 160 104 129 134 134
  174 137 190 135 166 123 112 169 107 163 119 113 101 103 159 159 107 116
  192 171 146 113 171 191 109 192 110 184 123 169 154 108 150 125 119 164
  157 145 160 107 132 108 168 129 115 118 165 193 129 196 105 108 153 174
  192 106 121 100 161 148 140 112 168 180 126 108 163 116 118 144 183 182
  199 169 116 185 114 176 115 109 134 143 114 119 103 183 155 131 167 155
  125 117 151 166 132 145 165 157 114 130 139 154 148 146 131 189 114 169
  116 171 189 145 102 163 110 109 172 129 150 176 126 121 191 102 127 172
  153 199 195 123 121 191 122 191 115 120 194 170 184 184 146 113 141 172
  138 162 168 111 181 197 167 142 196 119 174 156 190 131 193 180 152 105
  168 137 131 139 187 128 148 166 134 168 125 185 101 105 146 151 182 147
  118 163 100 169 113 123 137 135 102 159 197 182 122 165 128 131 195 104
  179 169 175 163 172 175 195 149 196 164 191 132 132 144 194 170 120 119
  123 113 158 158 174 110 177]
 [  0 145 129 155 133 194 108 140 167 152 171 173 141 103 162 100 159 193
  137 123 186 169 174 166 140 147 179 118 165 101 124 120 116 153 139 162
  170 180 131 167 154 105 163 105 132 173 182 172 148 124 132 121 101 115
  127 176 151 164 116 149 148 143 144 187 155 136 164 175 109 153 130 118
  126 177 126 125 196 127 106 126 159 155 129 137 160 163 164 147 189 169
  138 194 176 114 191 194 183 138 163 154 191 192 166 177 121 132 120 145
  168 185 169 183 161 183 112 118 118 192 167 145 134 177 193 168 125 145
  101 136 156 186 128 107 171 120 100 171 118 184 156 131 166 170 174 199
  117 128 166 129 199 114 164 125 129 117 152 142 126 139 125 192 150 135
  127 189 138 143 113 123 140 193 151 124 132 139 154 121 153 153 196 186
  193 173 139 187 148 134 198 183 129 128 195 177 190 142 178 175 182 198
  199 102 122 190 136 150 144 147 169 120 139 155 183 112 166 161 158 120
  119 149 131 177 199 165 102 127 116 172 186 150 198 139 135 188 119 175
  149 166 136 185 162 190 121]
 [  0 182 137 101 158 160 179 130 195 100 134 185 167 179 146 153 174 132
  177 141 145 158 108 198 113 104 181 146 175 169 111 128 143 194 166 178
  197 123 178 178 173 167 156 141 107 198 170 116 100 174 116 110 167 162
  195 190 195 155 139 197 122 144 128 128 129 133 145 187 180 100 193 172
  113 151 112 153 188 169 190 103 189 107 169 190 162 110 132 107 162 179
  119 117 106 118 112 131 165 105 103 119 180 175 170 193 103 155 160 148
  136 125 108 146 178 140 198 132 123 121 134 137 168 129 109 178 195 101
  167 108 131 139 168 127 110 137 108 166 116 121 150 192 134 118 153 114
  122 155 148 152 123 148 136 168 129 126 169 157 195 100 196 125 147 134
  161 115 138 127 182 104 183 118 182 193 142 191 150 104 138 103 167 189
  180 104 139 155 153 168 112 101 173 157 130 138 169 109 158 147 197 195
  187 192 194 109 193 126 133 187 183 165 171 163 194 160 191 143 133 172
  159 190 140 178 142 138 183 140 174 131 158 127 194 141 192 179 113 138
  190 112 157 154 131 113 188]
 [  0 103 106 112 125 146 131 160 130 128 175 189 123 125 163 113 118 139
  184 186 106 115 138 119 191 173 154 147 131 101 163 128 106 144 181 180
  188 177 178 142 141 107 198 134 168 132 113 183 105 134 127 179 120 112
  109 153 193 198 153 113 106 108 114 160 180 117 141 183 164 114 185 126
  104 137 189 149 179 120 125 124 136 154 156 135 183 123 185 196 171 146
  180 142 168 106 131 158 134 127 144 144 159 155 144 113 192 153 173 185
  177 179 196 161 108 197 192 140 120 181 185 112 128 115 186 157 168 125
  103 149 184 104 106 140 119 112 169 105 122 147 146 105 167 118 176 105
  186 197 178 133 193 192 100 130 112 107 162 122 130 107 152 157 155 170
  149 106 157 118 170 176 114 138 134 140 187 115 162 123 195 143 149 182
  143 136 114 168 147 110 105 196 107 129 163 125 165 148 169 102 120 150
  153 130 167 185 181 144 127 194 198 187 118 132 181 101 173 128 123 191
  137 160 135 144 194 145 155 117 175 185 126 166 197 174 148 126 144 110
  172 107 165 184 157 147 198]
 [  0 182 180 140 126 123 123 198 174 160 103 199 193 199 199 171 161 136
  161 167 188 143 194 181 165 194 171 186 118 160 128 199 130 109 163 145
  146 109 197 182 159 138 112 123 197 197 119 191 163 102 145 175 166 115
  133 117 166 160 184 102 134 122 183 145 190 186 199 142 104 170 120 198
  119 164 190 124 187 170 198 133 107 183 150 142 198 104 148 124 151 155
  190 185 157 178 102 163 116 179 127 108 199 176 107 177 107 107 188 138
  179 131 150 189 127 170 154 186 131 167 117 154 162 161 176 141 196 152
  174 133 195 119 163 170 175 180 146 131 188 159 151 176 198 125 169 101
  197 196 131 102 100 104 165 147 191 194 148 163 153 156 117 180 172 171
  177 180 142 168 188 149 130 141 152 107 172 187 192 182 170 192 167 120
  105 197 197 169 169 176 138 149 165 119 188 157 168 111 127 118 133 119
  102 173 177 144 100 140 130 177 161 158 111 172 172 184 186 158 151 187
  172 124 124 178 167 117 170 155 123 126 166 111 153 114 152 161 193 127
  151 168 167 184 184 149 132]
 [  0 170 104 173 101 167 167 101 181 129 193 144 184 155 117 188 122 189
  106 153 182 192 158 128 163 155 167 165 130 116 192 133 194 175 152 100
  148 167 197 117 119 176 129 112 149 166 188 116 126 144 181 139 139 194
  111 173 119 186 183 135 161 144 114 115 171 178 165 100 186 193 114 199
  127 183 183 133 114 162 193 137 181 131 131 130 195 150 144 140 191 183
  160 137 153 143 137 125 115 149 155 117 119 172 198 163 180 143 161 159
  133 167 104 120 108 104 149 106 159 119 148 157 120 162 142 151 193 165
  103 110 158 130 113 121 158 149 161 180 181 170 140 147 148 176 190 149
  159 116 117 117 165 197 189 159 142 139 122 173 143 123 193 160 100 165
  134 182 121 186 111 135 167 103 114 195 159 148 158 113 173 119 129 178
  175 199 193 190 151 146 147 152 167 172 158 145 192 197 122 165 107 181
  106 138 117 155 146 197 113 153 163 101 174 169 199 192 188 146 143 129
  122 146 180 104 152 159 123 162 112 152 106 123 129 176 144 169 154 198
  146 163 162 169 165 101 194]
 [  0 188 177 195 127 133 136 142 189 118 126 157 146 162 108 157 145 197
  100 189 195 171 144 156 171 148 103 199 192 195 101 148 107 124 118 131
  170 179 147 118 186 104 111 152 188 127 125 110 151 173 116 194 177 186
  178 127 192 186 117 171 121 175 102 148 182 124 154 120 112 116 130 172
  148 182 108 173 145 118 157 160 164 118 199 144 140 146 105 185 129 146
  171 107 140 186 129 104 134 105 176 108 112 142 124 180 164 156 154 115
  153 114 143 176 134 168 188 168 139 164 127 108 183 162 139 131 117 126
  164 195 167 143 110 184 176 183 134 135 160 123 154 184 126 104 100 117
  159 182 184 174 178 114 137 183 115 112 161 141 138 131 145 156 103 112
  165 142 141 109 189 151 128 114 177 104 150 148 120 118 109 152 138 190
  109 131 178 138 187 182 117 140 127 121 132 127 106 162 174 177 119 194
  174 103 125 175 114 187 121 188 137 109 192 111 187 192 122 179 159 124
  112 186 123 120 194 137 127 179 193 114 169 188 192 107 195 146 173 134
  164 183 162 165 169 162 123]
 [  0 152 189 183 179 181 166 175 131 120 117 190 195 176 159 143 118 170
  126 150 177 183 128 168 165 196 158 166 133 102 188 166 182 169 112 123
  122 188 174 138 195 165 108 103 150 173 104 151 151 129 144 127 100 122
  109 121 131 190 164 119 145 186 168 104 117 198 172 116 161 135 195 175
  163 190 125 156 166 170 195 137 194 159 101 188 170 100 169 117 129 187
  125 115 104 136 103 160 193 114 189 127 177 196 190 160 122 188 198 160
  102 184 193 186 113 106 152 166 115 154 112 196 154 194 166 143 157 194
  180 121 111 157 199 106 111 116 105 126 135 191 106 189 171 117 150 111
  122 134 129 135 160 173 139 157 197 109 186 147 176 179 180 170 177 157
  146 180 186 190 115 198 119 128 161 167 188 193 105 148 125 199 118 146
  166 145 122 126 175 102 111 165 135 186 184 154 126 162 150 107 161 176
  102 140 176 123 184 166 186 120 148 168 191 134 185 179 197 159 106 177
  113 142 137 112 189 192 113 193 132 173 176 195 109 193 144 120 171 178
  142 174 113 186 171 112 153]
 [  0 101 196 187 150 194 193 139 157 141 101 146 120 117 183 188 183 172
  157 109 101 165 106 143 181 151 167 183 111 172 106 105 174 102 145 139
  191 176 195 198 103 197 164 164 174 181 169 157 168 132 170 148 115 174
  168 116 133 147 182 110 155 112 166 143 142 116 123 197 159 114 137 188
  108 135 101 133 192 167 115 181 192 130 154 106 187 168 116 135 168 138
  103 196 192 122 136 187 127 197 168 100 181 123 111 127 106 140 198 195
  157 192 179 117 188 101 130 103 108 119 189 136 108 195 140 170 131 162
  175 178 194 177 116 101 168 117 194 111 111 127 101 155 141 162 115 167
  197 195 192 113 123 195 193 187 131 156 185 134 124 150 156 197 189 101
  125 163 176 107 158 151 187 104 173 107 115 132 196 121 101 183 134 112
  138 112 198 185 165 164 163 197 181 190 158 118 162 142 105 132 117 158
  190 193 194 163 120 132 190 154 149 124 131 196 112 178 185 106 127 106
  188 130 190 144 164 135 178 170 137 127 166 127 129 100 177 119 105 154
  171 117 121 136 150 123 156]
 [  0 181 166 147 102 103 162 195 178 131 159 175 167 104 177 163 132 165
  114 145 156 110 109 178 137 114 141 197 110 169 197 177 134 139 159 152
  174 119 175 142 104 193 160 174 105 149 166 193 123 142 102 110 182 158
  191 116 184 157 117 110 159 199 133 191 192 100 179 181 125 119 197 197
  148 168 156 124 146 145 149 176 157 118 166 176 117 145 197 142 178 188
  184 163 196 190 102 142 172 150 110 131 190 117 122 189 158 175 142 120
  199 160 110 163 132 114 128 132 138 114 125 144 172 174 130 111 138 195
  160 138 145 114 171 138 174 165 166 112 125 179 121 191 120 177 163 138
  141 170 149 166 134 128 195 149 171 112 134 185 127 174 116 113 103 122
  189 134 126 191 126 187 188 173 157 199 127 153 181 100 128 133 147 112
  194 139 178 111 125 146 100 168 122 133 109 173 131 124 186 196 168 124
  127 101 112 138 113 160 113 180 168 174 162 195 146 157 194 100 157 117
  134 186 174 195 117 178 168 137 146 136 117 145 102 170 145 132 160 170
  128 137 159 112 162 124 146]
 [  0 172 139 177 125 174 129 114 105 154 152 164 196 103 135 171 167 121
  196 180 183 150 160 141 105 151 166 156 129 164 103 155 120 191 145 152
  183 145 158 143 125 132 163 146 130 174 121 115 165 113 179 143 160 173
  146 114 188 142 179 171 135 176 145 175 118 168 183 146 159 103 155 138
  160 149 164 136 131 123 108 163 160 189 108 138 123 184 102 181 189 111
  164 117 196 144 171 135 171 112 104 127 197 168 142 114 139 178 125 114
  108 113 116 162 179 168 144 111 182 116 161 119 155 109 175 117 121 164
  125 191 158 198 138 101 147 157 141 188 117 127 104 136 106 183 130 116
  185 164 138 193 129 169 146 132 199 196 135 105 139 158 143 170 180 112
  184 185 143 114 182 145 199 165 110 191 189 163 141 149 116 181 140 145
  193 187 192 178 193 106 129 197 128 125 147 150 148 126 130 194 171 133
  147 198 167 155 160 160 168 143 148 139 171 116 161 158 191 175 198 176
  121 131 130 111 185 150 169 156 191 185 142 166 113 169 114 187 197 120
  135 191 122 119 190 146 115]
 [  0 148 139 183 160 101 176 178 157 156 187 121 191 111 162 166 109 119
  185 176 165 185 134 152 143 116 164 131 126 174 138 142 172 156 179 178
  191 143 154 128 122 180 162 192 156 187 155 135 172 167 124 113 141 186
  157 190 114 111 126 199 176 162 133 176 183 180 198 126 180 130 124 129
  150 151 100 146 106 145 125 126 176 110 170 149 101 194 193 188 188 178
  102 169 131 128 144 194 147 119 102 160 174 123 138 144 154 181 146 197
  101 168 185 102 183 140 189 125 197 132 146 169 174 160 115 100 199 171
  197 156 188 197 157 163 113 142 173 128 154 184 113 184 199 166 108 111
  104 189 178 155 161 132 127 188 189 148 173 157 166 157 172 103 186 163
  145 137 140 119 113 130 168 194 185 151 103 108 181 173 132 171 105 198
  107 132 180 120 171 163 180 116 149 198 167 184 163 193 102 182 160 161
  147 196 183 111 167 150 117 128 108 151 177 110 199 149 169 161 164 185
  132 183 113 140 142 112 116 160 150 143 108 122 122 129 107 158 184 136
  196 177 199 187 175 163 195]
 [  0 132 196 107 142 197 170 153 155 140 194 136 165 178 163 166 105 168
  167 140 154 191 185 130 172 136 180 133 172 185 146 128 116 177 181 101
  186 123 173 105 148 113 152 146 154 150 143 162 107 191 141 127 113 148
  126 116 196 169 166 121 184 186 102 192 126 130 158 173 117 110 137 115
  139 116 167 190 141 155 157 123 163 132 181 196 156 106 103 160 175 120
  105 104 126 106 193 100 129 102 186 139 193 175 142 155 151 162 192 132
  158 179 151 134 133 112 122 184 160 117 141 146 161 118 172 104 133 171
  134 116 125 182 168 123 122 176 181 137 106 177 121 194 172 161 107 169
  123 127 158 189 172 123 175 145 149 107 176 176 107 183 159 140 149 132
  154 156 140 157 119 184 141 172 166 175 136 174 128 161 130 159 105 125
  153 192 110 186 141 140 112 183 160 165 155 175 143 172 129 144 147 190
  187 145 165 115 195 197 153 103 196 100 183 136 100 156 173 102 135 130
  114 147 126 174 187 154 169 182 108 196 153 169 140 199 199 195 117 182
  138 137 181 161 182 163 151]
 [  0 111 153 143 124 194 174 136 146 179 142 165 135 141 185 128 103 162
  117 151 180 184 197 109 124 121 183 117 154 177 140 130 180 187 168 126
  136 118 194 184 158 191 105 174 109 154 129 148 137 136 184 186 136 119
  146 166 199 141 113 154 106 185 184 169 147 183 178 118 150 151 126 156
  139 195 168 194 141 134 143 198 109 111 183 139 148 154 123 158 190 198
  194 140 138 190 180 113 102 196 139 147 134 172 193 162 153 131 179 107
  119 113 197 100 196 142 135 122 199 106 195 199 167 111 187 115 148 116
  100 140 160 137 152 138 118 133 138 192 154 122 177 172 173 138 129 183
  144 119 168 170 124 167 193 150 114 122 165 117 136 141 131 155 151 131
  116 124 140 151 196 146 194 169 144 176 159 187 182 134 129 142 101 145
  150 144 175 151 164 198 110 167 197 149 145 100 191 153 112 141 166 101
  165 106 129 108 103 170 118 120 196 174 109 104 176 123 173 144 183 167
  159 155 129 121 141 192 155 169 161 159 111 111 100 186 123 195 123 139
  133 115 188 192 155 146 119]
 [  0 117 186 184 143 169 136 131 171 115 169 195 154 191 116 193 158 128
  145 149 177 148 174 169 107 191 139 141 112 163 175 139 144 188 170 114
  132 107 164 156 115 115 110 181 100 120 169 110 197 123 157 110 147 104
  183 112 170 154 159 135 140 183 185 166 138 161 195 197 176 199 116 110
  103 100 197 176 105 111 147 103 148 177 168 121 139 116 183 110 182 191
  162 127 113 110 111 121 169 129 184 112 168 176 162 167 164 187 133 187
  156 104 141 109 131 133 141 107 184 155 127 183 180 187 108 102 195 148
  127 113 102 137 122 103 170 141 123 190 138 114 128 137 185 172 112 197
  107 192 176 140 189 186 180 137 197 172 157 193 176 109 135 174 113 115
  195 155 126 102 120 120 114 118 171 152 134 128 152 149 159 170 183 146
  148 190 182 178 168 142 133 176 104 146 187 196 132 110 142 143 130 162
  143 135 133 168 127 145 163 139 106 195 154 121 197 147 126 137 113 141
  141 122 138 197 183 100 199 131 124 127 166 196 124 170 121 134 130 157
  193 162 179 173 190 198 109]
 [  0 145 197 134 123 123 126 131 156 189 123 131 123 172 166 193 114 150
  189 168 139 128 197 188 138 165 195 114 112 120 193 184 198 126 163 119
  194 182 135 182 100 121 115 179 118 107 131 152 180 115 168 179 191 106
  173 128 125 177 156 124 157 161 107 132 146 109 149 118 164 145 176 163
  181 180 172 131 103 186 125 135 141 152 161 168 162 122 120 168 108 146
  109 118 117 199 143 119 149 127 181 102 189 195 106 169 151 181 189 188
  191 186 163 159 185 103 176 184 156 118 140 125 100 121 150 149 133 177
  115 176 196 164 177 136 108 141 115 173 152 186 154 151 141 173 152 164
  175 106 184 158 181 186 134 119 148 187 154 119 179 139 180 115 174 105
  128 114 105 196 196 120 105 159 145 198 141 104 187 157 110 159 170 113
  190 137 146 176 143 128 157 144 129 195 123 163 197 161 196 170 134 119
  119 164 179 152 100 173 138 118 164 153 185 173 147 114 137 159 159 142
  112 172 199 192 164 143 199 131 193 168 118 145 110 149 130 182 173 183
  164 176 153 151 150 145 128]]
 job2fam
 [[1 0 0 0 0 0 0 0 0 0 0 0 0 0 0 0 0 0 0 0 0 0 0 0 0 0 0 0 0 0 0 0 0 0 0 0
  0 0 0 0 0 0 0 0 0 0 0 0 0 0 0 0 0 0 0 0 0 0 0 0 0 0 0 0 0 0 0 0 0 0 0 0
  0 0 0 0 0 0 0 0 0 0 0 0 0 0 0 0 0 0 0 0 0 0 0 0 0 0 0 0 0 0 0 0 0 0 0 0
  0 0 0 0 0 0 0 0 0 0 0 0 0 0 0 0 0 0 0 0 0 0 0 0 0 0 0 0 0 0 0 0 0 0 0 0
  0 0 0 0 0 0 0 0 0 0 0 0 0 0 0 0 0 0 0 0 0 0 0 0 0 0 0 0 0 0 0 0 0 0 0 0
  0 0 0 0 0 0 0 0 0 0 0 0 0 0 0 0 0 0 0 0 0 0 0 0 0 0 0 0 0 0 0 0 0 0 0 0
  0 0 0 0 0 0 0 0 0 0 0 0 0 0 0 0 0 0 0 0 0 0 0 0 0]
 [0 0 1 0 0 0 0 0 1 0 0 0 0 1 0 0 0 0 1 0 0 0 0 0 0 0 0 0 0 0 0 0 0 0 0 0
  0 0 1 0 0 0 0 1 0 0 1 1 0 0 0 0 0 1 0 0 0 0 0 1 1 0 0 0 0 0 1 0 0 0 0 0
  0 0 0 0 0 0 0 0 0 0 0 1 0 0 0 0 0 0 0 1 0 0 0 0 0 0 1 1 0 0 0 0 0 0 0 1
  0 0 0 1 1 0 0 0 0 0 0 0 0 0 0 0 0 0 1 0 0 1 0 0 0 0 0 0 1 0 1 1 0 0 0 0
  1 0 0 1 0 0 0 0 0 0 0 0 0 0 0 0 0 0 0 0 0 0 0 0 0 0 0 0 0 0 0 0 0 0 1 0
  0 0 0 0 0 0 0 0 0 0 0 0 0 1 0 0 0 0 0 0 0 1 0 0 0 1 0 0 0 0 0 0 0 0 0 0
  0 0 0 0 0 0 0 0 0 0 0 0 0 0 0 0 0 1 0 0 0 0 0 0 0]
 [0 0 0 0 0 0 0 0 0 1 0 0 0 0 0 0 0 1 0 0 0 0 0 0 0 0 0 0 0 1 1 0 0 0 1 0
  1 0 0 1 0 0 0 0 0 0 0 0 0 0 1 0 0 0 0 0 0 1 0 0 0 0 0 0 0 0 0 0 0 0 1 1
  0 0 1 0 0 0 0 0 0 1 0 0 1 0 0 0 0 0 0 0 1 1 0 0 0 0 0 0 1 0 0 0 0 0 0 0
  0 0 0 0 0 0 0 0 0 0 0 0 1 1 1 0 0 0 0 0 0 0 0 0 0 0 0 0 0 0 0 0 0 0 0 0
  0 1 0 0 1 0 0 0 0 0 0 0 0 0 0 0 0 0 0 0 0 1 1 0 0 0 1 0 0 0 1 0 0 0 0 0
  1 0 0 0 0 0 1 0 0 1 0 0 0 0 0 0 0 0 0 0 0 0 0 0 0 0 0 0 0 0 0 1 0 0 0 0
  0 0 1 0 0 0 1 0 0 0 0 0 0 0 1 0 0 0 1 0 0 0 0 0 0]
 [0 0 0 1 0 0 0 0 0 0 0 0 0 0 0 0 0 0 0 0 0 0 0 0 0 0 0 0 0 0 0 0 0 1 0 1
  0 0 0 0 0 1 0 0 0 0 0 0 0 0 0 0 0 0 0 0 1 0 0 0 0 0 1 0 0 0 0 0 0 0 0 0
  0 0 0 0 0 1 0 0 0 0 0 0 0 0 1 0 0 1 1 0 0 0 1 1 0 0 0 0 0 0 0 0 0 1 0 0
  0 0 0 0 0 0 0 0 0 0 0 0 0 0 0 1 0 0 0 1 1 0 0 0 0 1 0 0 0 0 0 0 0 0 0 0
  0 0 0 0 0 0 1 0 0 0 0 0 0 0 0 0 0 0 0 0 0 0 0 1 0 0 0 0 0 0 0 0 0 0 0 1
  0 0 0 0 0 0 0 0 0 0 0 0 0 0 0 0 1 0 0 0 0 0 0 0 0 0 1 0 1 1 0 0 0 1 1 0
  0 0 0 0 1 0 0 0 0 0 0 1 0 1 0 0 0 0 0 0 0 0 0 0 0]
 [0 0 0 0 0 0 0 0 0 0 1 0 0 0 0 1 0 0 0 1 0 1 0 0 0 0 1 1 0 0 0 0 0 0 0 0
  0 0 0 0 0 0 1 0 0 0 0 0 0 0 0 0 1 0 0 0 0 0 0 0 0 0 0 0 1 0 0 0 0 1 0 0
  0 0 0 1 0 0 0 0 0 0 0 0 0 0 0 0 1 0 0 0 0 0 0 0 0 0 0 0 0 0 0 0 1 0 0 0
  0 0 1 0 0 0 0 1 0 1 0 0 0 0 0 0 1 1 0 0 0 0 0 0 0 0 0 0 0 0 0 0 0 0 1 0
  0 0 0 0 0 0 0 0 0 0 0 0 0 0 0 0 0 0 0 0 0 0 0 0 1 0 0 0 1 1 0 1 0 0 0 0
  0 0 0 1 0 0 0 0 1 0 1 0 0 0 0 0 0 0 0 0 1 0 0 0 0 0 0 0 0 0 0 0 0 0 0 0
  0 0 0 0 0 0 0 1 0 0 0 0 0 0 0 0 1 0 0 1 0 1 1 0 0]
 [0 1 0 0 1 1 0 0 0 0 0 0 0 0 0 0 0 0 0 0 1 0 0 0 0 1 0 0 1 0 0 0 1 0 0 0
  0 0 0 0 1 0 0 0 1 1 0 0 0 0 0 0 0 0 1 0 0 0 1 0 0 0 0 1 0 0 0 0 0 0 0 0
  1 0 0 0 0 0 0 0 0 0 1 0 0 1 0 0 0 0 0 0 0 0 0 0 0 1 0 0 0 0 0 0 0 0 0 0
  0 0 0 0 0 0 1 0 0 0 0 1 0 0 0 0 0 0 0 0 0 0 0 1 1 0 0 1 0 1 0 0 0 0 0 0
  0 0 0 0 0 0 0 0 0 0 1 0 0 1 1 0 1 0 0 1 0 0 0 0 0 0 0 0 0 0 0 0 1 1 0 0
  0 0 1 0 0 0 0 0 0 0 0 1 0 0 0 1 0 0 0 0 0 0 1 0 1 0 0 1 0 0 1 0 0 0 0 1
  0 1 0 1 0 0 0 0 1 0 0 0 0 0 0 0 0 0 0 0 0 0 0 0 0]
 [0 0 0 0 0 0 0 1 0 0 0 1 1 0 1 0 0 0 0 0 0 0 0 1 0 0 0 0 0 0 0 0 0 0 0 0
  0 0 0 0 0 0 0 0 0 0 0 0 0 0 0 1 0 0 0 1 0 0 0 0 0 0 0 0 0 0 0 0 0 0 0 0
  0 0 0 0 0 0 0 1 0 0 0 0 0 0 0 0 0 0 0 0 0 0 0 0 0 0 0 0 0 1 0 1 0 0 1 0
  0 1 0 0 0 0 0 0 0 0 1 0 0 0 0 0 0 0 0 0 0 0 0 0 0 0 0 0 0 0 0 0 0 0 0 1
  0 0 0 0 0 1 0 0 0 1 0 0 0 0 0 0 0 0 0 0 0 0 0 0 0 0 0 0 0 0 0 0 0 0 0 0
  0 0 0 0 1 0 0 0 0 0 0 0 0 0 1 0 0 0 1 0 0 0 0 1 0 0 0 0 0 0 0 0 1 0 0 0
  1 0 0 0 0 0 0 0 0 0 0 0 1 0 0 1 0 0 0 0 0 0 0 0 0]
 [0 0 0 0 0 0 0 0 0 0 0 0 0 0 0 0 1 0 0 0 0 0 1 0 1 0 0 0 0 0 0 1 0 0 0 0
  0 0 0 0 0 0 0 0 0 0 0 0 0 0 0 0 0 0 0 0 0 0 0 0 0 1 0 0 0 0 0 1 1 0 0 0
  0 1 0 0 0 0 1 0 0 0 0 0 0 0 0 1 0 0 0 0 0 0 0 0 1 0 0 0 0 0 0 0 0 0 0 0
  1 0 0 0 0 1 0 0 1 0 0 0 0 0 0 0 0 0 0 0 0 0 1 0 0 0 1 0 0 0 0 0 1 1 0 0
  0 0 1 0 0 0 0 0 1 0 0 0 1 0 0 1 0 0 1 0 1 0 0 0 0 0 0 1 0 0 0 0 0 0 0 0
  0 1 0 0 0 0 0 1 0 0 0 0 1 0 0 0 0 0 0 0 0 0 0 0 0 0 0 0 0 0 0 0 0 0 0 0
  0 0 0 0 0 0 0 0 0 1 1 0 0 0 0 0 0 0 0 0 0 0 0 1 1]
 [0 0 0 0 0 0 1 0 0 0 0 0 0 0 0 0 0 0 0 0 0 0 0 0 0 0 0 0 0 0 0 0 0 0 0 0
  0 1 0 0 0 0 0 0 0 0 0 0 1 1 0 0 0 0 0 0 0 0 0 0 0 0 0 0 0 1 0 0 0 0 0 0
  0 0 0 0 1 0 0 0 1 0 0 0 0 0 0 0 0 0 0 0 0 0 0 0 0 0 0 0 0 0 1 0 0 0 0 0
  0 0 0 0 0 0 0 0 0 0 0 0 0 0 0 0 0 0 0 0 0 0 0 0 0 0 0 0 0 0 0 0 0 0 0 0
  0 0 0 0 0 0 0 1 0 0 0 1 0 0 0 0 0 1 0 0 0 0 0 0 0 1 0 0 0 0 0 0 0 0 0 0
  0 0 0 0 0 1 0 0 0 0 0 0 0 0 0 0 0 1 0 1 0 0 0 0 0 0 0 0 0 0 0 0 0 0 0 0
  0 0 0 0 0 1 0 0 0 0 0 0 0 0 0 0 0 0 0 0 1 0 0 0 0]]
