params：
 weight-->(1, 10)
 proc_times-->(1, 100)
 setup_times-->(15, 30)
 delivery_times-->(1, 30)
 job_rate-->7.5

start:
alpha_1
7.5
 alpha_2
0.5
 mach
2
 job
15
 fam
5
 weigh
 [[0 4 5 8 4 6 9 2 4 5 9 6 7 2 2 7]]
 proc_times
 [[ 0 62 69 32 42 85 61 18 42 58 97 82 75 43 96 52]
 [ 0 76 37 97 55 96 53 18 43 70 92 90 45 28  5 98]]
 setup_times
 [[[ 0 16 21 28 27 20]
  [ 0  0 17 25 21 21]
  [ 0 25  0 22 23 20]
  [ 0 25 20  0 15 23]
  [ 0 29 23 18  0 29]
  [ 0 20 29 29 22  0]]

 [[ 0 19 19 16 16 22]
  [ 0  0 22 24 16 17]
  [ 0 19  0 24 29 27]
  [ 0 26 18  0 24 17]
  [ 0 27 17 26  0 15]
  [ 0 23 15 16 16  0]]]
 delivery_times
 [[ 0 15 13 16  2  6 25 10 17 14  8 25  3  6 11 11]
 [ 0 19 23 27  9 15 15 13 10 10 11  8 15 22 19 10]]
 job2fam
 [[1 0 0 0 0 0 0 0 0 0 0 0 0 0 0 0]
 [0 0 0 0 0 0 0 1 1 0 0 0 0 0 0 0]
 [0 1 0 0 0 0 0 0 0 0 0 1 0 0 1 1]
 [0 0 0 0 0 0 0 0 0 1 0 0 1 0 0 0]
 [0 0 0 0 1 1 1 0 0 0 1 0 0 0 0 0]
 [0 0 1 1 0 0 0 0 0 0 0 0 0 1 0 0]]
