params：
 weight-->(1, 10)
 proc_times-->(1, 100)
 setup_times-->(15, 30)
 delivery_times-->(1, 30)
 job_rate-->7.5

start:
alpha_1
7.5
 alpha_2
0.5
 mach
2
 job
15
 fam
5
 weigh
 [[0 7 9 1 4 5 6 9 5 6 8 6 6 6 1 3]]
 proc_times
 [[ 0 91 37 14 89 30 83 51 84 10 36 29 39 81 64 97]
 [ 0 46 54 36 69 51 56 41 30 43 89 91  5 49 71 85]]
 setup_times
 [[[ 0 29 28 16 20 15]
  [ 0  0 28 20 24 15]
  [ 0 26  0 19 22 20]
  [ 0 20 15  0 25 26]
  [ 0 25 22 20  0 21]
  [ 0 29 26 26 16  0]]

 [[ 0 26 18 28 21 19]
  [ 0  0 20 27 23 22]
  [ 0 15  0 19 20 22]
  [ 0 22 28  0 26 21]
  [ 0 23 17 17  0 24]
  [ 0 19 16 23 23  0]]]
 delivery_times
 [[ 0 26 23 16 10 13  5 29  9 17 26 15 20 16 19  8]
 [ 0  3 24  5 17 15 15 16  3 10 14 27  4 25 14 28]]
 job2fam
 [[1 0 0 0 0 0 0 0 0 0 0 0 0 0 0 0]
 [0 0 0 0 0 0 0 1 1 0 0 0 0 0 0 0]
 [0 1 0 0 0 0 0 0 0 0 0 1 0 0 1 1]
 [0 0 0 0 0 0 0 0 0 1 0 0 1 0 0 0]
 [0 0 0 0 1 1 1 0 0 0 1 0 0 0 0 0]
 [0 0 1 1 0 0 0 0 0 0 0 0 0 1 0 0]]
