params：
 weight-->(1, 10)
 proc_times-->(1, 100)
 setup_times-->(15, 30)
 delivery_times-->(1, 30)
 job_rate-->7.5

start:
alpha_1
7.5
 alpha_2
0.5
 mach
2
 job
15
 fam
5
 weigh
 [[0 3 8 7 6 2 3 1 4 5 6 7 6 9 3 6]]
 proc_times
 [[ 0 51 65 48 94 50 18 75 23 12 42 77 76 44 90 67]
 [ 0 43 54 92 69 92 31  6 38 60 95  4 93 51 85 87]]
 setup_times
 [[[ 0 21 29 28 22 23]
  [ 0  0 29 24 29 16]
  [ 0 28  0 23 19 26]
  [ 0 19 22  0 19 23]
  [ 0 17 19 25  0 26]
  [ 0 28 21 24 25  0]]

 [[ 0 18 19 28 18 16]
  [ 0  0 21 25 16 26]
  [ 0 27  0 27 28 19]
  [ 0 25 24  0 21 19]
  [ 0 17 19 26  0 17]
  [ 0 22 24 20 29  0]]]
 delivery_times
 [[ 0 12 12  1 29  1  3 11 21 16 27  4 20  6 22 20]
 [ 0  9  2 13 11 17 20  9  6  4  4  2 11 17 23  5]]
 job2fam
 [[1 0 0 0 0 0 0 0 0 0 0 0 0 0 0 0]
 [0 0 0 0 0 0 0 1 1 0 0 0 0 0 0 0]
 [0 1 0 0 0 0 0 0 0 0 0 1 0 0 1 1]
 [0 0 0 0 0 0 0 0 0 1 0 0 1 0 0 0]
 [0 0 0 0 1 1 1 0 0 0 1 0 0 0 0 0]
 [0 0 1 1 0 0 0 0 0 0 0 0 0 1 0 0]]
