params：
 weight-->(1, 10)
 proc_times-->(1, 100)
 setup_times-->(60, 120)
 delivery_times-->(100, 200)
 job_rate-->12

start:
alpha_1
12
 alpha_2
2.0
 mach
20
 job
240
 fam
8
 weigh
 [[0 8 4 8 7 1 9 1 2 7 1 2 5 6 5 9 5 3 3 8 7 7 5 3 8 8 3 6 6 2 1 7 2 8 5 1
  1 8 3 4 5 7 8 5 7 5 4 2 6 5 7 1 8 2 3 9 4 2 9 8 6 5 1 7 8 4 5 9 2 2 6 4
  3 9 1 7 6 9 4 2 8 6 4 8 4 7 8 4 3 1 3 3 8 3 5 3 7 5 3 6 7 8 5 6 2 7 6 6
  7 5 1 5 2 6 8 1 6 8 2 1 6 8 1 5 6 4 6 4 8 7 4 9 5 6 6 2 7 4 1 4 5 2 2 8
  4 6 9 9 4 3 3 3 7 2 2 5 4 7 7 8 4 2 9 4 4 1 8 9 5 5 2 5 9 9 6 8 8 1 7 5
  5 6 5 2 1 9 1 3 3 2 1 4 1 9 5 6 8 1 8 5 2 8 6 9 8 7 9 4 1 1 2 6 7 9 6 5
  1 1 8 8 7 3 4 8 9 2 3 4 4 5 9 1 9 4 1 2 6 5 8 4 4]]
 proc_times
 [[  0   5  59  21  55  45  51   4  50  98  58  75  28  95  17  80  47  43
   71  32  47  62  13   1  97  18  95  84  47  23  76  76 100  88  19  41
   13  17  30  67  86  98  99  93  12  66 100  20   4   7  55  41  35 100
   72  66  16  31  74  14  54   3  12  81  82  78  74  70  72  35  60  22
   76  29  76  78  23  76  18  36  36  41  92  31  28  83  73  52  66  72
   38  26  59   3  92  85  17  38   8  74  55  56  11  85  90  51  40   1
   52  28  39  29  29  16  63  89  23  21  39  58  63  55  21  88  15  84
   61  75  22  19  66 100  58  10  33  33  44  16  48  92  63  19  27   8
   36  11  25  28  98  29  16  19  52  62  31  37  71   1  25  14  13  65
    6  63  10  76   7  96  64  51  49  59  35  76  46  30  27  20  37   3
   40  43  78  16  33  19  92  45  47  29  30   8  93  76  67  81   2  87
   49  75  13  98  11  32  93  85  98  18  31  71  99  11   2  19 100  91
   89  27  84  99  55  72   3  21  34  96  36  55  27  54  47  56  37  30
   58  44  10  61 100  96  15]
 [  0  85  56  12   1  41  84  36  73  88  17  66  41   8  21  27  16  51
    3  74   9  91  86  25  79  63  45  45  99  16  48  63  76  45  20  36
   27  35  35  81  34  77  54  11  83  43   6  81  16  29  14  94  65  35
   90  85  42  28  11   3   2  33   5   7  18   2  34  90  46  52  31  14
   62  67  28  21  40  71  81  77  82  66  51  70  46  34  13  90  25  13
   32  94  89  36  14  42  44   1  82  97  84  63  12  71  90  95  96  97
   13  60  80  31  87  67  78  99  48  27  11  48   7  97  42  48  68  39
   19  94  92  23  90  36  73  49  36  12  56  61  18  60  57  97 100   1
   97  87  66  70  89 100  58  42  36  89  67   3   5  59  19  56  11  72
   10  79  42  18  55  45   5  87  96  19   3  16  38  41  53  32  95  74
   99  65  19  69  33  75  75   5   9  96  28  81  35  44  74  59  21   9
   95   2  67  66  33  50  87  33  56  24  63  46  34  67  48  73  62  26
   43  42  95   1  48  76  92  41  32  82  45   9  47  53  15  93  77  66
   22  64  33  74  21  39  77]
 [  0  10  69  37  90  97  77  67  60  39  88  47  24  96  18  81  91  72
   98  63  54  71  84  26  14  57  64  26   4  68  26  26  25  98  37  74
   79  37  36  37  82  80  47  26  31  53  43  40  65  65  34 100  29  82
   80  46   8  66  44  83  75  42  58  72  74   5  72  44  44  96   9  96
   69  69  35  44  78  74  31  14  36  16   2  86  27  85  33  76  28  80
   12  93  17  20   5  32  68  73  56  27  87  69  15  84  92  64  93  81
   92  81  36  71  92  64  40  21  74  55   7  83  11  94  71  10  11  99
    7  48  77  32  12  38  35  47  54  87  54  82  27  20  30   9  85  65
   10  30  52  78  47  33  82  24 100  79  31  26  28  89  96  92  76  55
   19  96   9  44  23  24  96  57  49  96  32  44  47  69  97  66  64  89
   78  24  34  20  98  85  10  99  66  88  90  86  81  81  62  12  17  22
   82  84  65   1  20  59  91  68  73  28  40  62  15  43  58  45  68  68
   79  79  66  43  41  87  45   6  85  14   5  24  23  97  79  90  14  72
   40 100  26  95  34   8  52]
 [  0  39   6  46  21  81   7   8  25   8  77  23  28   7  16  34   6  25
   56  68  31  95  99  40  64  49  87  25  63  42  70  50  71  94  68  51
   62  15  91  19  62  43  67  79  69  90  28  91  71   6  48  39  72  19
   45  29  11  38  52  56  86  92 100  94  75  50  12  71  84  62  62  75
   36  81  58  67  52  87  98  93  12  51  97  53  58  70  13  83  12  58
   78  52  16  24   9  98  34  42  78  60  34   2  87  87  11   7  52  86
   71  25   7  49  63  27  38  82  21  98  58  87  77   3   2   3  19  13
   35  35  12  38  30  32  10  40  68  47  63  78  75  73  58  51  30  81
   95  88  53  16  48  73  96  31   4   7  27  68  81  64  40  23  59  44
   21  48  45  59  29  66  49  51  31  35  44  32  14  17   3  49  71  35
   94  43  25  55  87  81  65  23   9  53  93   3  16  33  41  31  52  86
   84  26  95  64  23  99  84  65  57  61  36  93  55  19  22  47  43  82
   88  59  61   7  37  66  70  42  86  13  48  85  99  49  93  78  19   2
   45  21  99  69   1  21  24]
 [  0  35  19  10  28  30  79  47  54  27  65   9 100  31  41  44  94  63
   86  45  12  28  34  21  40  66  16  14  61  40  41  75  16  71  23  36
   54  34  16  69   7  43  39  69  75  23  73  81  18  55  65  50  77   7
    9  31  23  96  13  47  16  59  31  61  55   9  75  71  62  37  20  76
   21   9  10   5   2   8  98  87  51   5  77   1  65  15   2  75  30  46
   45  24  38  66  56  83  39  87  64  79  13  38  12  65  93  19  77   2
   32  77  16  19  10  60   6  62   5  58  95  57  31  15  66  80   6  59
   36  55  90  46   8  72  92  18  77   5  39  95  60  55  67  36  61  20
   33  63  50  68  16  36  89  52  41  13  30  61  20  44  78  60  83  15
   92  82  88  26  19  33  49  28  28  61  96  11  21  70  38  37  71  88
   58  32   4  56  55  78  83  83  59  20  79   6  77  40  13  98  30  74
   15   3  54  77  52  21  95  74   4  90  51   3  81  60  94  60  17  79
   17   8  66  40  16  20   6  26  91  38  30   5  81  39  84  97  86   5
   95  68  66  29  41  25  66]
 [  0  92  44   2  13  91  99   6  85  51  89  41  52  69  45  15  84  49
   97  59  42  96  97  21  57  31  68   2  31  74  38  36  80  27  20  34
   88  43  79   2  12  22  64  65   6  13  44  19   8  86  31  15  80  80
   35   7  70  17   2  51  57  17  40  79  89  75  82  80  71   2  26  40
   95  54  40  38  49  58  87  39  66  73  45  30   1  65  10  77  25  88
   96  28  45  67  56   3  25  74  81  67  82  88  84  13  53  68  10  45
    2  13  31  71  86  18  28  97  45  15  49  97  91  81  38  14  38  94
    3  53  37  71  12  94  23  28  20  66  17  33  91 100  47  52  82  11
    7  57  98  59  75  30  68  12  80  29  47  23  33  96   8  44  27  91
   31  10  43  40  75  11  96  11  15  48  68  29   9  92   4   9  56  50
   35  57  85  95  82  85   5  45  36   4  64  17  56  32  77  84  40   3
   36  27  76  60  19  79  52  57  95   9  78  86  90  43  79  10  77  31
   36  87  32  48 100  95  88  73  60  35  47  95  71  39  35  48   5  30
   30  67  81  74  61  73  44]
 [  0   4  90  48  91  36  44  37  96  33  91  94  99  75  97  99  99  58
   10  20  21  48  78  11  26  20  61  54  79  25  21   4  24  58  43   3
   34  97  60  86  87  29  14   5  78  61  91  92  93  35  68  62  72  20
   98   2  66  16  24  94  44  81  33   6  64  26  42   4  51  96  17  70
  100  78  42  89  12  65  88   5  79  92  57  68  52  82  17  20  92   7
   35  19  61  99  29  45  77  59  88  91   2  76  27  64  40  98   5   8
    1 100  50  97  84  28  91   6  56  37  16  76  67  80  65  40  25  46
   13  17  65  36  79  52  10  75  51  15  24  15  55  22  22  19  12  10
   32  94  91  15  63  14  35  30  21   5  34  63  41  58  99  88  71  90
   53  44  15  99  24  37  80  80  77  93  28   4  87  42  15  46  99  86
   22  34  58  98  63  37  43 100  38  49  25  59  12  30  54  16  14  35
   54  88  39  72  70  87 100  68  96  85  75  23  37  37   2  33  11  36
   84  97  43   6  80  49  17  52  38  17  95  32  48  99 100  96  29  38
   53  82  25  18  76  11  53]
 [  0  81  38  63  54   4  40  22  47  43  67  44  86   8  97  49  85  75
   43 100  23  17  45  64  22  21  50  87  11  61  94  89  84  49   3  61
   32  65   1   4  94  12  32  88  75   7  96   5  62  51  34  76  93  57
   67  75  98   5  59  11  79  43  64  46  72  70  87  69  13   5  25  22
    5  87  74  91  65  21  13  64  36  96   4  88  34  74  51  27  75  13
   48  74  78  64  23  86  31  87  24  26  13   2  16  90   4  50  45  29
   31  22  43  94   2  49  61  85  39  70  76  97   5  11  12  18  68  17
   14   2  89   8  97  84  32   5  87   1  36   3   5   5  75  45  85  60
   48  31  67  73  56  21  99  17  94  36  56  42  96  19  84   5  28  43
   67  54  78  73   5   6  21  15   6  63  19  32  54  52  54   7  79   9
   89  54  79  31  15  11  18  62  22  46  19   8  18  36  12  88  91  32
   70  57  78 100  94  22  78  78  30  97  43  26   2  25  43  27  93  69
   43  43   8   8  13  25  42  58   8  24  58  40  36  42  54  87  33  77
   39  58  88  53  21  13  27]
 [  0  24  23  94  42  76  68  17  62  71  24   8  87  35  91 100   3  21
  100  92  80  28  57  97  59  33  94  62  99  93  57  92  68  12   7  74
   93  17  88  32  97  91  26  72  47  36  65  14  12  42  15  69  98  78
   89  56  67  13  28   9  64  15  37  61  33  49  90  80  35  70  52  89
    6  25  75  53   8  25  18  58  53  42  26  75  80  68  29  45  19   9
   80  28  35  63  70   7  80  36  99   6  22  87  98  72  46  21  26  37
   44  56  86  83  15  35  39   9  90  96  78  93  28  65  52  79  23  77
   81  84  56  45  78  35  52  46  54  53   4  74  99   1  36  56  93  88
   19  62  61  65   4  76  25  17  65  85  12  91  86  60  15  96  11  99
   12  76  49  90  25  90  29  87  53  28  32  67  92   2  16  22  69  75
   88  38   4  83  18  83  37  45  92  66  24  52  62  89  16  27  70  56
   64  31  84  16  71  49  76  49  18  17   1  71  79  92  32  94  79  28
    8  88  71  70  35   2  91  69  53  27  58  44  42  13  48  65  75  15
    6  92   3  52  68  68  16]
 [  0  41  95  47  22  99  15  95  30   9  19  74   7   2  55  40  62  96
   20  38  91  42  39  15  17  51  54  22  44  24  40   9  68   5  13  68
   15  17  74  25  71  90  99  67  37  45  29  31  42  97  44  91  74   9
   63   5  77  54  49  76  98  81  58  40  72   2  68  62  62  99  52  96
   12  24  78  95  36  18  86  51  27  88  51  32  81  96   8  75  23  28
    9  93  76  22  68  80  35  69  43  68  33  50  78  67   8  18  19   6
   98  76  69  91  72  13  55  73  71  21  59  93  94  92  78  32  28  37
   39  56  96   9  20  19   6   9  10  66  50  99  52  81  98   6  53  79
   56  88  10  85  70  71  86  17  66  52  54  23  14  25  24  35  41  44
   73  95  58  64  35  56  33   4  49  55  68  13  96  52  23  21  63   8
   55  19  97  49  49  50  32  71  27  90  91  21  90  93  40  55  54  22
    3  93  81  22  33  32  94   9  24  55  16  27  47  86  85  23   1  49
   53  46  40  93  45  69   7  22  48  55  72  86  60  83  72  17  54  54
   94  25  49  91  13  11   1]
 [  0   2   6   4  54  67  71  17   8  11  23  29  98  58  97  52  85  71
   25  27  83  21  65  18  23  44  86  85  72  42  54   2  50  83  80  60
   74  79  60  47  59  70  48   4  49  48  73  49  20  68  48  35  70  86
  100  46   5  93  32   5  90  83  35  50  84   9  35  61  45  95  32   5
   53  77   3  69  15  66  66  65  66  21  71  75  76  78  32  92  78  28
   13  49  48   6  13  97  23  23  89  58  75  99  26  34  98  16  97  84
   65 100  25  53  29  43  12  13  67  99  73  74  43  98  98  51  35  11
   67  71  92   1  80  79  45  23  44  19  15  34  70  69   2   7  91  23
   95  98  60  36  45  88  63  10  61  33  61  84  94  40  90  54   7  72
   51  58  70  45  28  47  28  44  26  89  48  95  86  16  96  21  27  53
    1  42  15  11  61   4 100  54  28  42  90  43  11   4  16  52  13  63
   67  88  25  25  89  77  48  93   6  10  24  67  94  54   6  84  77  26
   91  87  39  11  46  10  66  78   1  42  53  78  71  31  12  77  75  12
   94  19   3  52   8  41  86]
 [  0  89  81  80  80  34  82  82  81  50  52  80  14  74  14  56  31  38
   82  34  94  70  26  88  13  24  79  24  93  37  65  95  74   4  19  66
   48  31  46  13  48  94  92  14  63  55  12  99  91  79  51  97  44  21
   15  93  49  57  55  68  96  24  47  80  67  30  28  11  97  50  72  59
  100  15   7   7  76  78  14  91   4  39  30  39  88  13  29  94  28   6
   89  59  98  37  65  60  72  64  22  39  81  13  40  30  52  45  15  44
   82  34  51  72  30  92 100  71  45  10  12  62  11  79  92  42  57  97
   20  40  62  53  56  29  88  31  13   5  28   5   3  94  13  50  35  15
   30  24  42  71  59   8  25  28  50  79  36  91  59  97  77  54  80  34
   59   1  28  97   6  45  91  34  28  40  11  42  93  92  68  18  69  47
   11  39   5  87   9  78  70  41  80  77  63  29  14  68  32  61  77  83
   90  56  25  72  68  11   8  84  53  95  25  27  58  45  46  69  63  15
   29   3  59  29  34  93  41  79  98  54  19  92  24  20   6  81  70  97
   79  46  10  94  10  95  33]
 [  0  93  37  92   7  97  30  12  27  85  65  23  76  73  74  12  16  32
    7  39  90   4  29  35  99  12  76  25  23  48  64  74  52  90  44  30
   15  83  20 100  24  90  10  25   6  75  26  61  48  69  67  95  41  61
   39  44  69  80  49  56  67   6   6   7  57  38  81  64  44  56  74  26
    9  49  38  99  81  67  46  29  36  57  25  13  58   6  41  86  76  86
   93  51  98  31   3  37  20  51  10   5  19  55   9  43   5   3  48  45
   24  31  66  70  87  70  50   6  85  39  85  62  28  57  71   7  95  33
   48   3   3  29   2  57  49  89  71  64  11  58  41  71  45  18  92 100
    4  29 100  59  94  74  87  75  23  89   3  72   9  28  26  98  94  91
   21  87  93  98  57  96  81  15   8  68  78  99  45  24  20  87  54  23
   54  99   8  79  12  86  15  27  46  12  70  95  83  23  45  77  84  74
   97  53  76  18   3  96  87  57  39  29  23  10  91  10  32   5   9  54
   26  90  88  25  94  48  52  24  24  13  12  71  30  32   1 100  99  84
   50  28  80  34  24  28  29]
 [  0  44  63  76  18   1  19  36  99  17  98  40  20  61   4  46   6  18
   31  32  27  90  62  93  47  45   5  84  19  72  76   8  27  34  26  79
   91  44   6  94  33  24  39  75  27  84  22  96   4  59  50  66  95  11
   32  12  80  94  15  43  63  64  86  92  13  48  85  35  85   6  46  88
   74  39  67  58   8  30  61   1  84  73  59  53  67  67  21  60  47  80
   73  93  34  74  60  70  21  99  55  72  41  40  28  48   1  96  62  25
   12  12  43  35  34  39  84  82  65  88  89  31  35   4  70  84  83  74
   61  37  72  95  82  83  17  92  97  34  97  52  79  62  25  22  31  67
   87  53  42  41  55  57  59  26  65  62  90  14  23   9  60  85  32  78
   77  98  12  92  66  77   1   9  32  47 100  27   1  61  49 100  86  66
   36  87  77  74  44  83  22   9  40  90  88  75  88  20  55  53  33  82
   10  13  25  38  11  37  68  28  33  43   5   7  68  51  28  44  33   8
   35  69   5  62  86   6  22  85  45  39  69  69  16  87  67  21  48 100
   27  96  88  58  54   8   3]
 [  0  99  37  80  18  78  10 100  51  86  57  60  99  48  36  45  71  78
   87  72  69  62  35  75  36   3  67  53  66  67  46  50  39  25  96  45
   53  70  30  26  90  20  41  48   8  81  10  14  10  15  31  94  82  58
   29  32  10  16   4  98   2  89   4  68  52  48  60  47  39   8  44  83
   35  28  21   6   7  45  79  75  74  79  74  28  50  60  98  45  25  36
   66  66  30   4  73  50  87  26  80  36 100  10   7  11  24  22  20  43
   45  44  39   5   6  24  15  42   1  38  75  18 100  99  10   1  69  71
    9  69  33  61  13  63  31  34  11  33  11  96  24   4  53  96  19  78
   66  66  83  45  81  12   1  87  17  22  27  94  95  53  62  79  30  19
   87  97  15  29  73  88  38  49  31   7  48  20  77  96  61 100  30  51
   45  63  10  82  69  56  56  79  50  15   8  32  78  34  90  48  87  39
   16  25  21  16  70  58  98  60  34  84  58  14  87  86  26  87  92  51
   65  33  43  62   8  77  59  91  22  11  13  68  72  99  43  69  54  58
   98  28  76  52  29  17   3]
 [  0  76  14  13  52  12  31  45   6 100  43  72  91  77  63  67  54  62
   91  66  73  99  17  19  38  70  41  95  92  74  16  97  18  31  56  11
    2  35  18  57  57  72  12  77  13  69  71  13  53   2  33  98  27  49
    4  37  21  44  58  65  70  49  55  14  78  40  98  59  60   5  36  78
   46  60  16  34  57  46  27  84  35  59  64  94   7  28  31 100  68  66
   79  32  21  87   4  21  27  94  53   2  93  32  38  82  54  89  10  85
   52  99   8  46  55  65  12  73  37  58   6  92  45   4  84  60  17   9
   85  50   1  99  42  89  14  29  65  51  75  46  63  90  65   8  45  49
   29   8  68  14  38  74  23  69  54  56  13  64  40  82   6  89  42  59
   72  43  47  87  20  99  29  94  21  12  20   8  40  29  37  70  48  71
   68  70  79  95   3  25  71  47   8  22   3   7  25  90  90  77  72  12
   94   7   6  68  38  50  67  33  62  76  14  20  78  12  28  57  68   2
   21  62  34  60  16  40  48  60  10  25  57  82  60  78  78  21  57  26
   53  46  58  64  42  95  92]
 [  0  19  71  65  52  62  45  95  65   1  41  17   8   5  10  72  85  13
   48  99   5  68  13  46   8  18  31  80  85  47  25  30  55  49  87  82
   21  96  14  55   6  75  18  89  64  34  16  80   7  49  27  23  19  67
   16  51  80  76  86  32  24  77  54  84  37  56  23  69  41  87  21  78
   76  41  10  30  79  76  74  76   2  18  81  46  54  89   4  84  43  87
    5  58  18  75  44  46  77  41  69  80  95  43   2  40  50  46  55  95
   33  96  83  62  92   1  65  83  76   6  31  94  41  95  85  27  68  78
   12  60  41  43  63  96  67  32  82  28  88  24   1  74  14  59  34  73
    9  56  45  22  37  99  67  31  60   6  49  73  52  41  55  21  20  99
   37  31  53  38  94  31  72  17  58  13  45  30  33  66  85  14  79  18
   27  97  95  15  29  35  40   4  92  30  29  89  88  31  27  37  68   6
   45  38  51  99  84  91  29  20  28   9  95  95  84  61  42  33  57  81
   43  38  86  80  15  87  34  77  10  61  91  90  36  70  26   4   4  94
   38   9  91  46  69  84  53]
 [  0  79  20  86  60  25 100  89   4  42  67  82  62  14  83  48   8  51
   41  64  46  93   8  94  75   9  23  65  92  83  73  40  80  75  12  82
   29  20  82  80  53  64  31  98  66  43  73  99  74  22   2  62  73   1
   63  75  27   5  57   2  86   7  57  68  53  74  90   7  84  62  97  70
   13  42  45  40  48   4  39  38  26  53  62  38  82  24  76  72  27  55
   60  48  40  67  49  60  52  25  14  71  54  80  74  13  70  91  11  11
    1 100  94  72  74  93  86  18  75  79  60  91   5  58  69  88   3  69
   27   3  26  99  47   2  19  18  63  32  60  11  51  87  60  21  44  37
   26  95  69  28  40  78  96  23  68  67  58  60  32  93  61  26  11  85
   62  31  29  71  10  26  77  75  46  98  77   9  95  46  11  33  51  80
   91  59  84  92 100  32  43  53  44  83  68  36  88  19  53  32   1  58
   51  61  50   7  37  49  24  24  96  24  82  82  48  80  70  19  53  72
   92   2  45  51  61  59  76  82  96  44  32  25   2  13  68  74  30  79
   34  93  53  52  26  48  21]
 [  0  61  55  60  94  59  26   8  33  21  15  58  67  67  64  41  24  58
   67  34  16  88  12  10  78  27  45  64  40  85  64  13  63  61  20   8
   59  25  58  92  31  12  85  20  49  69  76   1  94  47  46  18  94  28
   13  19  31  70   9 100  42  59  22  66  83   8  41  97  29  75  83  69
   89   9  33  61  75  89  14  48  24  75  44  93  19  41  82  10  18  19
   40  87  45  44  53  35  85  66  13  29  24  17  28  21  99   6  50  13
   37  37  52  99  92  48  15  86  83  22  48  59  19   1  31  13   3  85
   32  88  91  89  66  85  41  79  28  51  71  71  96  47  56  49  80  62
    1  24  49  36  76  56  57  65  96  37  16  59  30  71  43  54  50  43
   55  59  69  91  94  65  71  93  73  24  69   2 100  62  80  25  58  93
    8  60  21  38  12  74   7  28  81  83  45  18  83  19  39  34  71  54
   50   9  19  29  15  35   8   3  44  99  11   9  84  96   7  91  29  23
   24  53  35  53  97  55  83  25  29  11  11  74  11  55  72  32  51  53
   75  73  94   5   8   3  53]
 [  0  34  16  87  43  41   8   2   8  95  69  53  69  67   8  41  24  38
   89  95  90   2  43  54  74  48  91  43  28  24  20  52  16  77   3  34
   67  53   8   4  74  16   9  11   6  12  49   7  53  19   6  88   4  17
   39  68  36   1  48  34  15  44  28  68  73  25  55  24   1  84  41  31
   20  55  74   4  67  82  82  14  82  85  77  39  86  48  74  94  61  41
    6  10  73  67  67  42  96  45  15  58  95  28   5  57  44  10  43  66
   22  86  68  98  96  87  58  38  64  73  31  30  69   3  81  27   1  10
   35  78  19  77  59  96  66  60  94  29  76  15   1  54  20  89  62  54
   56  86  14  33  38  61  64  30  14 100   1  71  64  80  65  99  87  79
    6  65  14  36  91  53  61  81  74  98  20  15  48 100  83  33  73  84
   58  59  24  32  67  44  50  13  50  62  28  76  96  74  83  85  73  58
   75  74  12  31   7  33  26  11  58  45  29  83  84  77  87  17  20  67
   55   4   7  77  55   6  58  25  32  96  95  62  46  39  66   3  61  12
    8  83  39   9  53  96  74]]
 setup_times
 [[[  0  84  84  94  98  88 104 105 102]
  [  0   0  74  94 114  79  61 115  90]
  [  0  79   0 108  82  91 101  97 101]
  [  0  84 110   0  97 113 104  97  70]
  [  0 113 115  61   0  76 116 114  88]
  [  0 111  69 110 106   0 112  93 108]
  [  0  66  90 103  87  92   0  62  81]
  [  0  69  76 109 116  78  82   0  63]
  [  0 118  71 119 104  67 117  64   0]]

 [[  0 107  66 103  80  66 104  64  84]
  [  0   0  90  81  65  78 105 101  93]
  [  0  86   0  68  62  60  84  98 103]
  [  0  81  69   0 116 101  72 116 106]
  [  0  95  60 110   0 105 101 104 108]
  [  0  85  65  95  79   0  62  78 100]
  [  0  97  86 112  80  79   0  64 108]
  [  0 111  71 104 105 118  71   0 103]
  [  0  79 116 103  99  85 117  81   0]]

 [[  0  64  93  81  61  78  78 113 115]
  [  0   0  64  62 106 113 118  94  93]
  [  0  70   0  67  99  65  91  99  79]
  [  0  87  69   0  99 104  92 108  85]
  [  0  91  63  66   0  75  61  97  84]
  [  0  92  64  79  69   0 116  97  71]
  [  0  65 115  79 113  97   0  63  95]
  [  0 114 110 103  95  72 114   0 119]
  [  0  92  82 110 101 103 116  60   0]]

 [[  0 109 101  64 117 110 113 114  98]
  [  0   0  95 105 114  77  69  72 108]
  [  0  93   0 108  74  97  70 111  83]
  [  0  93  67   0  64 102 102  73  74]
  [  0 108  91  90   0  89  80  77  94]
  [  0  80  91 108 116   0 104  94  67]
  [  0  70  99  64  66 105   0  67  81]
  [  0  76  75 100  90  89 110   0 113]
  [  0  77 108  64  89  98 111  65   0]]

 [[  0  75  70  74  94  92  63  69 104]
  [  0   0  86 118 107  66  72 100  64]
  [  0  87   0 105  96  97  84 117 105]
  [  0 100 116   0  96 115  70  97  61]
  [  0  84  79  74   0  73  72  69  72]
  [  0 107  86  66 116   0  83 102  91]
  [  0  74 114  81  85  82   0  92  69]
  [  0  96  97  87  72  86 108   0  77]
  [  0  83 108  77  92  66 117  76   0]]

 [[  0 113  81 110  83 101  88  84  69]
  [  0   0  77 114  99 106 104 100  78]
  [  0  65   0 119 106  74 104 116 101]
  [  0  82 102   0  91  62 104 105  63]
  [  0 102  86  85   0  63  97 107  90]
  [  0  75  80  84  71   0  73  89 106]
  [  0  89 116  66  66 116   0  62  76]
  [  0  88 111  74  70 106  77   0  73]
  [  0 104 112  76  70 117  62 113   0]]

 [[  0 104  93  66  71  76 115 103  72]
  [  0   0 107  97 116 110  89  93  89]
  [  0  99   0  66  67  69 116  67 114]
  [  0 114 103   0  80 111 116 109 100]
  [  0  60  82  73   0 111 109  95  74]
  [  0 117 114  66  99   0 118  60 117]
  [  0  94  83  81  63  77   0  87  71]
  [  0  85 114 104  60 106  75   0  61]
  [  0  68  79  91  78  95  75  96   0]]

 [[  0  72  75  75 102  63 111 101 111]
  [  0   0  90  94 109  94  91  72 108]
  [  0  95   0  86  72 118  63 100  80]
  [  0  68  70   0  62  85  91  86  80]
  [  0  90  82  82   0  61 104  85  64]
  [  0 103  63  66 104   0  83  63 118]
  [  0  65  82  85  77  60   0  85 114]
  [  0 111 107  82  99  60  96   0  87]
  [  0  89  65 108 111  76  61 108   0]]

 [[  0 102  86  93  73 119  93  73  68]
  [  0   0  60  84  92 103  69 112  91]
  [  0  92   0  83  78  99  94  98  95]
  [  0  74  79   0  68  67  76 116  69]
  [  0 113 103 119   0 116  70 117 112]
  [  0  60  83  75  75   0  81 107  86]
  [  0  89 102 112 101 104   0  74  66]
  [  0  61 106 117  66 104 100   0  67]
  [  0 108  86  62  64 106  62  60   0]]

 [[  0  60  87 112  77  98 116  99  77]
  [  0   0  98 116  83  93  94  84  76]
  [  0  78   0  62 111  95 106  80  65]
  [  0  75 101   0  89 105 106  86  72]
  [  0 105 109  72   0 114  99  95  69]
  [  0 100 117  89  61   0  82  88 105]
  [  0  72  67 110  65 119   0  87  90]
  [  0  78 116 116 100  91  85   0 102]
  [  0  72  70  72 119  78  74 107   0]]

 [[  0  99  85 116  64  68 111  80  64]
  [  0   0  92  82  99 117 115  91  63]
  [  0 100   0  95  69 107  61 102 111]
  [  0  69  63   0 108  93  93 102  86]
  [  0  67  60  81   0  93 102  70  71]
  [  0 106  68 109  63   0  75  67 110]
  [  0  79  74  93  74 106   0  96  77]
  [  0 113  60 102 115  60  90   0 119]
  [  0 103  91 118  98  86  89  76   0]]

 [[  0  93  68  97 111  75 108  66  61]
  [  0   0  70  97  87  77  91 105  94]
  [  0 108   0  72  72 118  63  83  87]
  [  0 119 111   0 108  92  86  81 113]
  [  0 119  84  67   0  75  73  70  81]
  [  0 104  64  81 108   0 104  60 111]
  [  0  66  77  98 101  93   0  67  98]
  [  0 110 111 119  81  97  98   0 105]
  [  0 112 116  66 112 110  64  77   0]]

 [[  0  70  80  75 109 109 101  83  88]
  [  0   0  80 111 101  73 118  60  92]
  [  0  71   0  99  85 119 116  76  67]
  [  0 114  92   0 111  90 100 107 105]
  [  0  67  87  70   0  85 110  77 111]
  [  0  76  66  67  97   0  64 114  75]
  [  0  84  72 104  72 107   0  82  83]
  [  0  80 104  99 101  61  91   0  67]
  [  0  85 113 104  84  68  63 117   0]]

 [[  0 101 108  86 114  85  90  76  86]
  [  0   0  70  62 101  73  76  83  74]
  [  0  73   0  68 104  89  79 111  73]
  [  0  62  73   0  74 110 106  76  61]
  [  0  80  96 100   0  71  80  71  97]
  [  0 114  89 103 107   0 109  97  75]
  [  0  73  94 107  62  87   0 103 108]
  [  0  92 110  86  89 103 112   0  96]
  [  0  91 106 108 118  71  93 113   0]]

 [[  0 115  87  80 112  76  84  74  83]
  [  0   0 103 117  74  71  81  64  79]
  [  0  81   0 103  75 102 107  60  68]
  [  0  89 111   0 113  87 117  86  92]
  [  0  76 104  81   0  79 102  95  78]
  [  0  77 110 100  94   0 103 113  75]
  [  0  73  79  94  97  85   0 118  66]
  [  0  60  90 116  82  87  81   0  93]
  [  0  79 106 114 119 115  81  97   0]]

 [[  0  96  98 107  76  92  94  87 111]
  [  0   0  94  71 116  83 105  96  83]
  [  0  90   0 118  72  96 106  89 108]
  [  0 112  62   0  71  83  74  86  80]
  [  0  95  69  93   0  74  80 111 113]
  [  0  66  94 114 100   0  61  60 108]
  [  0  93  64  93 112  67   0 108  78]
  [  0 102  95  62 116 101 109   0 108]
  [  0  63 113 111 103 106 110 106   0]]

 [[  0  64  79 111  82  80  99  74 111]
  [  0   0 118  74  90  61  67 104  98]
  [  0 112   0 106 101 106  98  81  65]
  [  0  93 101   0  71  95 109 102  78]
  [  0  94 115  65   0  71 110 116  68]
  [  0 102  62 115 101   0  60 111 115]
  [  0  63  91 109 117  67   0  98  73]
  [  0  75 113  74  68 106  94   0  68]
  [  0  94  86 103  75 108  99  89   0]]

 [[  0  67 102 117 113  65 116  69  89]
  [  0   0  68 117  94  86 115  77  97]
  [  0  68   0  71 105 110 104 102 103]
  [  0 108 115   0 101  63  71  91 110]
  [  0  88 116  95   0 117  98  74  65]
  [  0  90 115  92  62   0 112  72 106]
  [  0  76  64  93 105  98   0  79 106]
  [  0  96  74 119  82  67  93   0  75]
  [  0  70  62  71  94  90  62  76   0]]

 [[  0 118 106  60  66 119  71 102  68]
  [  0   0 117 109  92  98  98 119 108]
  [  0  88   0  75 109  69  61  68 118]
  [  0  69  67   0 116 113  89 116  99]
  [  0 114  95 110   0 110  61  61  81]
  [  0  77  80 115 107   0 106  72  86]
  [  0  83 111 108  83  79   0  63 107]
  [  0 111 110  63  89 110  80   0  77]
  [  0  67  61 104  89  96  72  93   0]]

 [[  0  68  90  84  84  72 111 109 115]
  [  0   0  93  90  63  70 112 112 109]
  [  0  69   0 115 102 112  63  92  85]
  [  0 111  96   0  86  77 106  62 119]
  [  0 115 113  65   0  64 113 115  63]
  [  0  62  89  87  88   0 105 118  94]
  [  0 109 103 109 107  76   0  75 102]
  [  0 105 115 102 107  93  80   0  62]
  [  0  83  86 115  70 100  94  71   0]]]
 delivery_times
 [[  0 187 176 124 187 154 167 105 151 156 171 179 145 182 177 110 178 114
  155 132 196 108 192 194 196 198 100 179 146 134 150 119 153 163 171 162
  119 106 111 174 133 123 107 112 190 147 163 183 113 187 181 179 199 182
  136 101 163 124 165 164 130 133 131 183 133 154 114 190 177 183 169 121
  175 125 169 102 115 120 147 112 166 140 175 103 139 129 117 186 147 119
  103 119 198 195 161 179 135 100 146 116 119 119 199 134 177 189 176 162
  106 160 146 168 104 122 136 147 174 158 149 154 194 132 168 190 197 152
  131 155 199 113 192 123 174 165 165 194 160 184 173 134 155 102 171 147
  124 120 163 162 130 107 171 178 125 140 115 174 113 199 100 191 168 129
  118 116 180 101 155 108 166 106 126 193 188 150 196 161 128 195 129 118
  189 170 113 146 116 115 175 127 119 190 113 124 168 171 146 190 168 111
  143 127 128 173 133 102 163 135 147 195 111 187 179 171 183 114 102 160
  185 150 110 123 148 130 142 167 178 111 110 192 124 186 192 192 189 154
  167 129 120 186 142 103 125]
 [  0 179 119 185 184 133 179 169 161 179 199 155 189 104 122 145 149 143
  168 154 135 109 164 198 197 110 177 106 131 133 111 170 173 154 146 103
  147 134 132 195 135 116 141 164 162 114 189 116 139 158 166 193 101 170
  142 169 140 175 154 150 177 189 123 122 108 172 161 184 194 177 137 158
  106 195 112 199 160 183 115 158 174 140 134 127 148 119 103 162 141 168
  182 140 146 137 178 157 166 179 112 116 111 105 156 126 104 160 181 143
  157 159 128 180 107 124 186 132 100 182 197 161 174 108 108 128 118 195
  137 199 199 179 193 159 153 129 149 117 123 192 107 115 128 151 184 156
  139 191 156 133 167 124 173 110 117 147 142 136 129 158 100 144 135 166
  192 100 150 108 195 166 125 153 108 149 169 161 113 180 160 116 169 148
  169 119 107 193 109 182 167 117 149 199 125 109 146 189 175 192 116 130
  150 167 155 109 165 163 174 116 156 110 146 106 170 166 162 108 144 165
  126 172 104 132 106 136 129 144 143 124 185 105 144 110 113 161 111 109
  183 147 104 156 156 170 145]
 [  0 130 157 141 176 131 134 194 126 161 198 160 144 142 196 155 168 118
  128 134 172 167 195 128 180 120 146 166 171 102 139 111 163 164 154 180
  125 186 154 120 114 121 186 190 178 120 178 126 163 163 160 146 155 192
  120 144 174 173 103 196 141 129 135 181 156 166 153 186 108 120 115 127
  143 105 105 171 112 189 114 176 161 188 192 185 103 147 149 146 104 187
  172 137 113 173 172 175 147 175 151 142 179 178 185 173 108 197 133 192
  155 176 131 125 182 152 112 178 155 133 199 167 161 124 114 109 168 147
  123 178 164 158 106 118 106 105 193 179 127 106 159 168 111 199 139 105
  122 144 144 179 113 178 198 124 193 144 153 151 108 162 153 184 116 118
  160 195 166 142 121 147 140 185 104 123 100 149 106 109 130 198 153 110
  111 163 123 198 151 139 145 132 109 109 114 114 170 126 159 149 179 132
  172 190 104 172 127 102 194 191 129 163 130 181 141 154 122 126 194 178
  103 177 159 128 174 170 180 179 116 123 101 134 106 159 144 116 176 159
  185 181 107 181 126 116 143]
 [  0 145 155 165 158 112 182 101 135 101 109 171 190 163 140 111 167 123
  140 176 190 115 126 187 142 112 172 143 136 174 176 123 176 125 115 109
  191 129 181 187 112 161 197 123 110 171 195 160 139 180 186 159 173 164
  117 133 146 168 180 196 196 107 120 125 121 193 184 142 163 181 159 136
  198 155 125 174 138 184 103 108 166 136 171 192 194 186 186 198 124 183
  154 134 142 176 181 137 117 179 133 134 103 170 198 121 165 168 117 120
  138 147 175 143 122 122 164 162 158 100 101 179 166 188 144 195 132 119
  187 136 151 114 107 158 163 181 159 151 191 139 135 109 121 147 151 144
  196 194 173 185 169 130 117 154 132 131 157 108 166 185 196 197 102 148
  183 118 129 194 187 119 177 174 153 178 154 167 107 143 123 188 100 143
  108 127 143 195 144 141 120 197 176 118 118 146 179 189 119 176 156 198
  191 144 173 172 100 195 190 146 136 114 137 146 102 137 161 149 123 138
  170 194 185 144 148 180 122 193 137 197 137 194 136 137 112 118 169 132
  127 140 133 182 176 120 187]
 [  0 115 156 158 100 127 183 124 112 100 125 108 178 139 166 126 150 147
  114 169 190 153 159 131 107 196 192 103 175 180 108 181 194 120 114 178
  161 103 128 165 106 113 122 103 104 164 104 132 179 183 109 179 143 121
  105 133 198 161 193 186 154 100 185 152 132 141 137 109 193 179 116 140
  161 167 160 102 136 133 197 164 120 126 155 198 135 179 194 167 170 146
  185 128 103 178 148 173 181 123 186 101 173 149 189 109 104 160 131 172
  161 108 187 117 164 178 165 190 103 138 199 180 140 123 174 148 161 170
  119 126 172 101 127 179 176 143 182 124 189 121 188 152 155 118 103 149
  153 133 166 162 157 179 157 128 173 114 140 156 105 121 136 158 198 135
  124 111 170 160 109 189 104 136 105 147 105 192 140 100 139 151 170 165
  146 127 194 180 147 183 179 180 151 160 189 127 116 172 168 168 169 103
  187 145 197 101 145 119 192 122 188 157 192 133 174 124 131 111 111 138
  164 143 152 150 160 166 157 199 159 144 161 159 199 154 155 172 156 107
  187 181 134 176 152 151 180]
 [  0 108 133 187 138 133 184 115 101 176 102 145 145 194 118 157 190 145
  189 119 162 162 199 118 142 163 107 185 186 180 199 168 103 133 126 191
  186 174 194 191 183 194 190 170 123 111 183 113 146 168 114 124 140 171
  175 139 182 172 128 155 137 114 137 168 177 186 115 137 189 164 108 160
  107 154 159 165 142 116 100 135 103 193 177 162 180 153 131 195 159 100
  109 196 113 199 145 129 123 151 168 103 188 189 163 163 174 154 196 193
  178 137 195 137 149 105 163 121 118 129 186 100 149 141 186 153 105 157
  104 151 196 182 136 117 154 156 133 195 181 107 139 102 158 150 156 162
  156 164 185 121 180 130 163 130 199 198 180 124 104 129 103 146 118 179
  145 124 114 193 165 140 151 106 148 116 190 148 156 191 196 166 192 162
  186 170 196 161 164 102 121 110 147 146 198 112 169 101 136 172 149 180
  107 130 175 119 114 187 181 153 101 185 134 199 126 105 101 181 117 182
  140 114 136 102 137 161 147 169 161 119 112 168 133 162 105 181 197 174
  134 149 177 158 155 103 167]
 [  0 146 126 136 177 123 139 144 147 167 136 133 111 131 198 174 177 166
  183 153 154 134 178 197 174 179 124 112 150 194 152 174 182 199 134 161
  115 181 130 122 116 119 183 156 183 105 165 117 119 161 154 131 120 163
  161 139 128 187 170 126 178 191 173 118 147 193 146 154 198 186 197 158
  108 154 143 104 164 188 124 100 147 177 116 132 173 158 197 143 181 181
  140 165 103 181 185 184 115 143 147 119 177 144 157 136 186 153 111 199
  128 119 166 194 107 142 179 175 146 108 111 142 181 119 168 121 198 126
  184 185 183 133 156 145 112 122 140 125 121 120 132 138 149 177 107 162
  182 132 194 127 104 148 198 100 199 100 139 106 168 136 143 118 172 122
  149 184 102 147 199 166 140 117 187 151 125 169 196 100 106 169 172 134
  135 165 165 123 155 123 116 181 144 110 191 183 108 125 103 126 154 159
  140 172 161 138 183 198 146 175 110 192 106 191 177 181 159 184 184 100
  119 190 128 148 106 110 151 127 190 141 118 115 128 168 105 168 193 139
  196 157 169 196 105 143 199]
 [  0 107 112 145 119 165 188 181 137 163 177 199 107 180 118 168 174 182
  143 191 123 144 114 107 132 174 135 152 177 187 100 162 199 133 128 141
  148 100 159 170 124 100 128 109 150 184 113 155 165 130 145 176 120 109
  167 141 149 161 145 127 188 126 125 173 162 186 103 121 148 162 163 155
  145 189 194 126 193 181 172 102 160 105 140 150 168 162 133 181 119 108
  136 164 111 186 192 190 110 114 163 178 114 166 145 105 180 154 124 105
  138 106 188 160 161 187 101 151 139 152 189 199 184 146 157 109 150 159
  130 140 116 189 175 169 183 192 183 197 132 108 170 124 157 132 175 176
  172 143 121 199 159 125 199 180 151 138 172 137 199 187 193 111 120 185
  147 131 182 145 193 162 173 130 102 140 127 107 147 121 109 136 174 115
  137 113 181 108 173 115 137 198 131 100 115 184 134 138 189 165 129 146
  129 146 150 173 161 114 126 103 170 179 190 192 182 172 104 154 111 143
  139 175 145 150 172 160 149 177 136 186 125 145 142 112 136 131 126 141
  156 183 173 174 102 186 199]
 [  0 143 133 178 100 156 190 147 118 194 118 140 195 178 122 184 180 124
  154 100 160 160 155 169 133 142 191 193 184 147 178 151 137 133 100 114
  109 134 116 115 126 154 127 149 109 108 182 161 183 185 124 165 192 151
  193 134 164 101 119 194 104 160 111 123 187 138 135 144 171 120 113 167
  124 129 150 152 117 153 114 125 146 115 186 118 109 162 193 157 160 114
  181 192 128 160 192 121 106 137 159 132 139 118 116 137 108 193 188 166
  112 160 193 174 185 170 112 131 122 107 148 149 101 120 125 121 110 188
  171 182 168 173 157 108 191 135 110 137 126 153 137 197 104 138 101 138
  189 130 118 128 125 169 105 112 122 126 188 109 117 129 154 116 162 193
  147 190 180 146 153 100 180 130 116 104 157 160 120 136 112 168 127 127
  124 172 115 144 102 110 119 148 166 173 134 109 116 178 104 132 175 182
  168 164 118 174 142 187 195 193 157 142 122 168 181 190 181 164 130 198
  157 168 188 106 141 131 156 145 104 125 153 190 130 177 112 147 195 153
  172 174 107 105 144 166 108]
 [  0 103 178 184 163 164 144 178 105 137 157 198 112 134 149 142 108 107
  197 166 123 132 106 120 123 107 163 116 124 115 199 189 141 183 119 114
  128 189 199 172 172 158 182 102 113 127 177 110 192 133 166 178 190 163
  174 169 186 186 113 193 189 154 148 105 149 172 195 187 102 110 194 141
  189 131 110 113 170 101 123 130 148 116 127 184 175 143 163 120 145 100
  137 145 189 144 176 189 135 112 155 178 162 137 180 141 151 169 100 131
  155 129 113 190 170 146 142 160 181 100 140 112 131 107 149 133 169 120
  175 135 173 161 114 176 167 137 106 145 112 157 187 138 191 131 130 185
  118 182 113 136 129 125 194 181 135 157 138 169 111 189 145 135 157 165
  145 175 186 174 132 100 182 145 114 188 165 117 176 111 189 125 176 177
  151 150 165 165 106 185 191 151 142 136 176 181 122 102 109 173 163 126
  106 103 104 133 102 179 145 140 112 160 172 100 104 138 159 133 129 137
  180 109 122 162 129 173 117 178 158 141 144 163 150 180 161 168 163 188
  126 166 110 139 181 125 146]
 [  0 197 107 106 164 191 106 180 162 110 107 101 144 127 122 142 164 146
  110 110 127 149 166 141 189 151 160 158 159 121 126 161 149 199 127 196
  117 181 199 123 164 114 179 137 130 183 136 106 153 189 184 187 174 168
  120 155 121 133 177 122 107 176 122 170 135 167 159 122 175 175 144 118
  158 180 134 166 121 140 160 164 146 135 163 123 158 185 127 148 190 103
  145 167 194 188 195 132 168 151 101 161 193 136 174 198 192 136 185 192
  118 120 148 123 123 175 198 110 110 193 198 103 158 133 145 191 168 168
  183 121 131 187 140 173 100 139 185 195 137 175 190 109 199 154 123 162
  114 124 174 104 188 124 101 148 142 122 111 177 142 152 184 111 174 132
  180 126 179 162 197 146 144 152 121 147 113 135 171 127 119 162 171 131
  115 104 103 172 101 135 110 107 176 120 195 191 125 156 128 111 195 162
  142 139 127 186 153 129 169 135 132 152 169 143 191 126 153 103 116 151
  164 161 189 152 124 103 169 166 181 130 149 138 158 163 142 127 135 178
  123 188 110 169 174 189 180]
 [  0 153 187 184 148 143 199 127 146 140 127 177 198 105 106 166 171 127
  141 192 184 185 187 109 156 162 169 124 195 172 158 152 157 130 146 170
  174 151 128 111 195 180 195 121 117 147 140 157 179 170 151 127 166 100
  143 100 113 122 162 108 174 160 138 167 127 171 174 111 196 197 140 167
  190 112 134 104 150 131 120 189 142 178 137 185 119 122 171 100 131 115
  198 196 142 136 137 118 103 130 123 100 138 116 148 145 111 149 117 104
  197 170 186 167 120 139 126 140 102 143 173 185 136 192 160 140 178 120
  138 144 158 197 168 135 141 143 111 113 189 119 184 140 179 155 140 131
  140 104 192 162 115 195 179 119 186 177 116 171 153 177 106 109 161 132
  153 198 119 192 194 113 160 125 155 116 184 113 130 172 105 179 155 145
  122 195 156 187 104 126 132 173 105 111 119 134 115 158 190 157 148 168
  156 133 156 168 143 184 118 102 145 163 180 161 119 110 188 191 167 121
  171 114 139 136 166 104 128 176 131 178 178 165 105 192 133 189 164 183
  174 105 160 112 118 167 182]
 [  0 134 194 107 193 110 145 187 131 194 109 177 137 187 141 182 147 158
  181 171 170 183 140 119 103 182 148 186 127 154 158 188 184 145 145 173
  192 193 128 153 124 174 181 143 178 183 121 160 148 112 183 171 110 137
  141 197 190 165 138 135 159 185 160 123 149 120 196 134 137 140 144 161
  165 176 100 139 174 146 134 178 174 105 196 151 186 134 103 125 127 182
  181 119 112 133 166 191 144 191 122 191 142 149 112 193 199 104 112 175
  130 187 184 140 143 132 174 160 196 123 177 177 179 166 119 138 144 136
  110 116 128 199 198 147 157 132 175 196 198 180 168 150 136 199 141 104
  126 104 133 179 106 109 122 124 184 173 160 150 144 138 153 185 132 102
  194 166 183 149 111 193 129 199 182 179 148 150 157 136 108 165 165 176
  107 102 110 109 159 183 143 105 118 120 165 169 151 106 103 105 139 190
  151 169 174 123 145 144 113 144 164 182 176 158 154 185 179 160 150 102
  112 104 187 100 174 190 166 198 188 122 112 102 174 195 104 148 149 181
  199 161 107 137 189 154 142]
 [  0 101 141 130 153 169 174 102 116 140 121 180 150 182 124 120 185 104
  121 151 123 156 165 139 165 160 102 135 173 136 152 184 126 195 191 106
  195 133 113 178 141 168 195 150 128 121 196 187 187 125 156 162 196 182
  146 198 121 107 198 134 174 184 111 186 175 185 107 181 192 129 135 165
  140 150 140 194 135 165 194 125 197 136 146 143 170 170 111 134 119 189
  171 153 194 197 105 139 190 107 126 171 110 156 150 138 148 119 197 152
  180 195 185 168 100 186 190 117 133 176 191 108 125 103 159 115 181 135
  196 148 164 128 196 186 186 110 197 197 108 106 173 130 118 177 192 176
  178 178 112 136 159 193 182 128 191 166 141 142 143 154 141 135 154 128
  142 153 146 115 197 131 163 118 129 158 116 109 183 126 107 140 142 195
  184 182 106 129 166 116 175 193 132 176 182 151 101 187 135 137 138 147
  118 139 181 104 132 159 100 176 163 183 167 177 176 122 123 141 143 158
  138 110 166 112 146 148 105 128 119 146 165 163 146 151 157 192 156 127
  184 170 104 179 153 180 145]
 [  0 184 101 193 171 154 120 135 193 178 134 131 111 113 192 162 173 197
  161 121 178 176 121 183 114 137 165 132 182 141 174 136 124 151 144 107
  120 166 167 116 121 150 151 173 165 149 157 102 147 175 106 167 153 130
  129 149 177 199 100 109 198 132 132 170 156 164 100 165 114 149 126 165
  166 101 146 187 186 138 100 106 121 161 114 127 166 142 193 161 104 135
  123 136 109 140 151 185 168 107 187 191 139 172 133 198 196 112 132 191
  122 152 161 149 148 177 148 183 130 103 145 113 193 105 195 125 184 135
  126 194 126 120 107 109 160 192 107 148 197 130 155 104 128 191 151 152
  175 109 198 197 110 116 133 124 111 135 132 173 150 162 179 117 186 143
  148 104 113 111 144 117 173 163 195 154 168 135 188 171 147 145 100 143
  165 162 130 124 184 183 182 134 144 109 104 176 152 103 185 109 139 157
  136 174 129 172 129 167 124 170 114 144 162 148 143 160 183 156 101 177
  186 163 191 131 118 108 109 159 169 121 107 101 169 147 151 161 153 101
  140 111 131 115 197 184 111]
 [  0 141 101 192 140 180 179 119 132 119 156 180 139 185 167 193 120 144
  158 127 174 148 192 145 127 146 184 108 146 153 141 131 164 165 193 177
  176 151 162 149 180 125 189 134 126 105 127 147 168 183 183 101 110 140
  195 104 147 191 112 156 156 167 100 101 144 123 186 168 153 143 137 118
  174 147 100 100 197 142 171 118 155 157 120 171 135 134 124 170 168 117
  191 111 145 129 174 124 163 116 154 119 102 164 142 148 165 161 111 136
  164 145 177 105 115 180 199 159 150 151 120 138 133 106 190 102 148 120
  161 191 180 158 177 158 160 171 144 118 160 155 100 182 162 199 152 149
  135 171 132 107 175 157 134 175 167 179 128 153 162 153 190 145 162 120
  119 122 154 107 192 134 123 199 149 145 141 199 162 195 197 136 121 181
  175 159 198 117 130 137 189 116 133 119 199 186 166 118 105 182 139 123
  103 187 177 121 180 111 170 122 194 169 145 120 166 129 180 177 153 110
  124 121 173 199 171 151 149 150 196 190 107 126 152 163 103 166 134 137
  151 151 125 165 188 191 105]
 [  0 105 153 155 163 184 146 193 121 145 166 117 116 185 168 148 115 122
  165 163 128 182 116 195 150 185 130 188 140 146 131 153 137 152 183 105
  151 168 153 100 114 189 159 125 194 154 156 184 148 162 104 174 177 152
  187 152 195 127 105 136 138 153 189 184 196 171 153 177 180 175 102 176
  102 155 161 153 144 197 126 107 111 174 187 195 110 169 143 144 147 177
  174 181 105 158 163 139 147 133 198 185 138 126 166 123 196 109 182 189
  109 152 119 137 142 156 144 133 131 109 160 118 102 169 156 132 197 162
  101 120 153 175 189 118 134 165 192 152 145 185 155 153 140 132 100 106
  107 143 116 164 195 170 107 165 119 120 130 109 101 169 148 169 159 178
  148 146 199 154 167 120 130 148 176 139 100 171 197 176 147 141 103 187
  168 171 103 111 124 127 119 121 187 192 103 182 110 183 149 173 150 109
  129 120 141 157 179 181 110 133 190 185 154 116 136 101 109 152 123 122
  169 158 161 117 167 147 199 181 180 173 155 141 106 193 185 117 122 114
  135 134 175 166 158 131 125]
 [  0 166 132 194 135 193 171 181 199 156 100 115 155 181 140 118 144 177
  191 163 147 187 133 144 194 175 152 193 179 191 148 135 172 113 126 169
  160 110 169 179 122 110 142 161 196 130 132 179 143 105 170 119 149 176
  165 122 154 167 113 111 138 106 199 183 107 160 113 182 134 167 112 151
  177 135 133 114 133 147 102 156 163 196 190 199 137 118 159 136 138 195
  154 184 146 156 145 111 121 127 174 168 139 141 167 164 174 125 151 160
  141 196 189 190 194 166 147 190 186 113 174 141 167 101 165 131 139 123
  154 121 178 189 192 188 147 120 166 128 141 194 120 152 136 119 119 101
  151 135 149 131 186 121 117 189 188 127 177 196 177 134 156 117 132 168
  161 184 176 157 146 171 112 197 146 184 165 160 115 169 108 144 178 190
  141 186 122 170 150 187 165 133 146 128 182 134 121 117 177 159 150 113
  172 105 154 179 111 109 123 160 157 147 117 198 143 137 135 104 182 155
  123 153 173 167 191 142 168 186 152 148 127 124 139 111 150 179 139 164
  180 167 158 143 182 118 184]
 [  0 104 142 139 165 154 110 187 147 153 179 194 115 103 183 167 169 180
  120 139 148 186 152 166 135 106 190 133 179 117 195 155 146 184 109 199
  140 192 152 168 108 118 198 171 102 169 176 157 110 138 175 104 197 150
  194 112 136 124 123 148 141 111 165 173 159 166 142 122 120 155 143 162
  190 185 178 139 146 137 153 145 162 151 137 102 121 104 115 164 147 142
  170 118 156 144 134 160 188 161 128 187 167 178 171 175 120 158 194 169
  128 120 143 139 182 137 143 106 192 117 176 154 102 136 197 193 164 195
  192 180 152 162 165 158 184 147 106 161 178 188 149 105 110 191 186 184
  164 196 143 151 155 199 193 134 175 125 122 189 155 163 168 132 116 195
  155 191 110 173 185 197 164 178 147 171 128 172 137 168 192 106 187 151
  184 121 141 172 137 118 173 159 135 198 167 103 192 148 154 190 192 115
  137 153 154 158 127 157 163 169 178 157 192 133 196 162 122 194 148 124
  193 105 148 193 155 121 175 176 131 146 103 139 198 186 180 130 154 167
  123 114 123 177 145 141 155]
 [  0 155 135 169 113 120 179 197 153 195 158 136 116 179 115 128 130 178
  147 196 107 168 106 180 169 145 160 176 118 120 181 187 162 199 162 173
  155 100 132 126 174 142 117 159 109 132 123 144 127 163 170 117 104 123
  164 154 149 139 166 135 156 128 172 115 103 117 164 198 157 130 184 117
  116 151 166 161 141 111 130 128 156 195 175 118 101 103 168 106 105 132
  139 113 136 109 167 168 151 105 135 159 111 159 193 184 104 161 134 188
  122 158 173 139 163 158 196 193 183 122 114 104 177 105 183 176 173 108
  162 147 162 143 170 157 175 110 155 199 169 167 108 198 146 198 135 161
  148 150 177 122 153 118 140 134 151 172 127 106 106 125 167 140 165 131
  172 117 194 173 181 149 159 168 167 118 129 171 164 109 129 131 199 176
  175 138 138 135 111 190 149 127 147 167 150 105 124 193 100 189 162 158
  160 142 116 112 108 170 129 142 105 134 150 169 149 136 154 175 143 178
  101 125 150 148 141 159 115 100 173 132 156 189 123 156 150 169 164 132
  102 172 164 180 120 179 197]]
 job2fam
 [[1 0 0 0 0 0 0 0 0 0 0 0 0 0 0 0 0 0 0 0 0 0 0 0 0 0 0 0 0 0 0 0 0 0 0 0
  0 0 0 0 0 0 0 0 0 0 0 0 0 0 0 0 0 0 0 0 0 0 0 0 0 0 0 0 0 0 0 0 0 0 0 0
  0 0 0 0 0 0 0 0 0 0 0 0 0 0 0 0 0 0 0 0 0 0 0 0 0 0 0 0 0 0 0 0 0 0 0 0
  0 0 0 0 0 0 0 0 0 0 0 0 0 0 0 0 0 0 0 0 0 0 0 0 0 0 0 0 0 0 0 0 0 0 0 0
  0 0 0 0 0 0 0 0 0 0 0 0 0 0 0 0 0 0 0 0 0 0 0 0 0 0 0 0 0 0 0 0 0 0 0 0
  0 0 0 0 0 0 0 0 0 0 0 0 0 0 0 0 0 0 0 0 0 0 0 0 0 0 0 0 0 0 0 0 0 0 0 0
  0 0 0 0 0 0 0 0 0 0 0 0 0 0 0 0 0 0 0 0 0 0 0 0 0]
 [0 0 1 0 0 0 0 0 1 0 0 0 0 1 0 0 0 0 1 0 0 0 0 0 0 0 0 0 0 0 0 0 0 0 0 0
  0 0 1 0 0 0 0 1 0 0 1 1 0 0 0 0 0 1 0 0 0 0 0 1 1 0 0 0 0 0 1 0 0 0 0 0
  0 0 0 0 0 0 0 0 0 0 0 1 0 0 0 0 0 0 0 1 0 0 0 0 0 0 1 1 0 0 0 0 0 0 0 1
  0 0 0 1 1 0 0 0 0 0 0 0 0 0 0 0 0 0 1 0 0 1 0 0 0 0 0 0 1 0 1 1 0 0 0 0
  1 0 0 1 0 0 0 0 0 0 0 0 0 0 0 0 0 0 0 0 0 0 0 0 0 0 0 0 0 0 0 0 0 0 1 0
  0 0 0 0 0 0 0 0 0 0 0 0 0 1 0 0 0 0 0 0 0 1 0 0 0 1 0 0 0 0 0 0 0 0 0 0
  0 0 0 0 0 0 0 0 0 0 0 0 0 0 0 0 0 1 0 0 0 0 0 0 0]
 [0 0 0 0 0 0 0 0 0 1 0 0 0 0 0 0 0 1 0 0 0 0 0 0 0 0 0 0 0 1 1 0 0 0 1 0
  1 0 0 1 0 0 0 0 0 0 0 0 0 0 1 0 0 0 0 0 0 1 0 0 0 0 0 0 0 0 0 0 0 0 1 1
  0 0 1 0 0 0 0 0 0 1 0 0 1 0 0 0 0 0 0 0 1 1 0 0 0 0 0 0 1 0 0 0 0 0 0 0
  0 0 0 0 0 0 0 0 0 0 0 0 1 1 1 0 0 0 0 0 0 0 0 0 0 0 0 0 0 0 0 0 0 0 0 0
  0 1 0 0 1 0 0 0 0 0 0 0 0 0 0 0 0 0 0 0 0 1 1 0 0 0 1 0 0 0 1 0 0 0 0 0
  1 0 0 0 0 0 1 0 0 1 0 0 0 0 0 0 0 0 0 0 0 0 0 0 0 0 0 0 0 0 0 1 0 0 0 0
  0 0 1 0 0 0 1 0 0 0 0 0 0 0 1 0 0 0 1 0 0 0 0 0 0]
 [0 0 0 1 0 0 0 0 0 0 0 0 0 0 0 0 0 0 0 0 0 0 0 0 0 0 0 0 0 0 0 0 0 1 0 1
  0 0 0 0 0 1 0 0 0 0 0 0 0 0 0 0 0 0 0 0 1 0 0 0 0 0 1 0 0 0 0 0 0 0 0 0
  0 0 0 0 0 1 0 0 0 0 0 0 0 0 1 0 0 1 1 0 0 0 1 1 0 0 0 0 0 0 0 0 0 1 0 0
  0 0 0 0 0 0 0 0 0 0 0 0 0 0 0 1 0 0 0 1 1 0 0 0 0 1 0 0 0 0 0 0 0 0 0 0
  0 0 0 0 0 0 1 0 0 0 0 0 0 0 0 0 0 0 0 0 0 0 0 1 0 0 0 0 0 0 0 0 0 0 0 1
  0 0 0 0 0 0 0 0 0 0 0 0 0 0 0 0 1 0 0 0 0 0 0 0 0 0 1 0 1 1 0 0 0 1 1 0
  0 0 0 0 1 0 0 0 0 0 0 1 0 1 0 0 0 0 0 0 0 0 0 0 0]
 [0 0 0 0 0 0 0 0 0 0 1 0 0 0 0 1 0 0 0 1 0 1 0 0 0 0 1 1 0 0 0 0 0 0 0 0
  0 0 0 0 0 0 1 0 0 0 0 0 0 0 0 0 1 0 0 0 0 0 0 0 0 0 0 0 1 0 0 0 0 1 0 0
  0 0 0 1 0 0 0 0 0 0 0 0 0 0 0 0 1 0 0 0 0 0 0 0 0 0 0 0 0 0 0 0 1 0 0 0
  0 0 1 0 0 0 0 1 0 1 0 0 0 0 0 0 1 1 0 0 0 0 0 0 0 0 0 0 0 0 0 0 0 0 1 0
  0 0 0 0 0 0 0 0 0 0 0 0 0 0 0 0 0 0 0 0 0 0 0 0 1 0 0 0 1 1 0 1 0 0 0 0
  0 0 0 1 0 0 0 0 1 0 1 0 0 0 0 0 0 0 0 0 1 0 0 0 0 0 0 0 0 0 0 0 0 0 0 0
  0 0 0 0 0 0 0 1 0 0 0 0 0 0 0 0 1 0 0 1 0 1 1 0 0]
 [0 1 0 0 1 1 0 0 0 0 0 0 0 0 0 0 0 0 0 0 1 0 0 0 0 1 0 0 1 0 0 0 1 0 0 0
  0 0 0 0 1 0 0 0 1 1 0 0 0 0 0 0 0 0 1 0 0 0 1 0 0 0 0 1 0 0 0 0 0 0 0 0
  1 0 0 0 0 0 0 0 0 0 1 0 0 1 0 0 0 0 0 0 0 0 0 0 0 1 0 0 0 0 0 0 0 0 0 0
  0 0 0 0 0 0 1 0 0 0 0 1 0 0 0 0 0 0 0 0 0 0 0 1 1 0 0 1 0 1 0 0 0 0 0 0
  0 0 0 0 0 0 0 0 0 0 1 0 0 1 1 0 1 0 0 1 0 0 0 0 0 0 0 0 0 0 0 0 1 1 0 0
  0 0 1 0 0 0 0 0 0 0 0 1 0 0 0 1 0 0 0 0 0 0 1 0 1 0 0 1 0 0 1 0 0 0 0 1
  0 1 0 1 0 0 0 0 1 0 0 0 0 0 0 0 0 0 0 0 0 0 0 0 0]
 [0 0 0 0 0 0 0 1 0 0 0 1 1 0 1 0 0 0 0 0 0 0 0 1 0 0 0 0 0 0 0 0 0 0 0 0
  0 0 0 0 0 0 0 0 0 0 0 0 0 0 0 1 0 0 0 1 0 0 0 0 0 0 0 0 0 0 0 0 0 0 0 0
  0 0 0 0 0 0 0 1 0 0 0 0 0 0 0 0 0 0 0 0 0 0 0 0 0 0 0 0 0 1 0 1 0 0 1 0
  0 1 0 0 0 0 0 0 0 0 1 0 0 0 0 0 0 0 0 0 0 0 0 0 0 0 0 0 0 0 0 0 0 0 0 1
  0 0 0 0 0 1 0 0 0 1 0 0 0 0 0 0 0 0 0 0 0 0 0 0 0 0 0 0 0 0 0 0 0 0 0 0
  0 0 0 0 1 0 0 0 0 0 0 0 0 0 1 0 0 0 1 0 0 0 0 1 0 0 0 0 0 0 0 0 1 0 0 0
  1 0 0 0 0 0 0 0 0 0 0 0 1 0 0 1 0 0 0 0 0 0 0 0 0]
 [0 0 0 0 0 0 0 0 0 0 0 0 0 0 0 0 1 0 0 0 0 0 1 0 1 0 0 0 0 0 0 1 0 0 0 0
  0 0 0 0 0 0 0 0 0 0 0 0 0 0 0 0 0 0 0 0 0 0 0 0 0 1 0 0 0 0 0 1 1 0 0 0
  0 1 0 0 0 0 1 0 0 0 0 0 0 0 0 1 0 0 0 0 0 0 0 0 1 0 0 0 0 0 0 0 0 0 0 0
  1 0 0 0 0 1 0 0 1 0 0 0 0 0 0 0 0 0 0 0 0 0 1 0 0 0 1 0 0 0 0 0 1 1 0 0
  0 0 1 0 0 0 0 0 1 0 0 0 1 0 0 1 0 0 1 0 1 0 0 0 0 0 0 1 0 0 0 0 0 0 0 0
  0 1 0 0 0 0 0 1 0 0 0 0 1 0 0 0 0 0 0 0 0 0 0 0 0 0 0 0 0 0 0 0 0 0 0 0
  0 0 0 0 0 0 0 0 0 1 1 0 0 0 0 0 0 0 0 0 0 0 0 1 1]
 [0 0 0 0 0 0 1 0 0 0 0 0 0 0 0 0 0 0 0 0 0 0 0 0 0 0 0 0 0 0 0 0 0 0 0 0
  0 1 0 0 0 0 0 0 0 0 0 0 1 1 0 0 0 0 0 0 0 0 0 0 0 0 0 0 0 1 0 0 0 0 0 0
  0 0 0 0 1 0 0 0 1 0 0 0 0 0 0 0 0 0 0 0 0 0 0 0 0 0 0 0 0 0 1 0 0 0 0 0
  0 0 0 0 0 0 0 0 0 0 0 0 0 0 0 0 0 0 0 0 0 0 0 0 0 0 0 0 0 0 0 0 0 0 0 0
  0 0 0 0 0 0 0 1 0 0 0 1 0 0 0 0 0 1 0 0 0 0 0 0 0 1 0 0 0 0 0 0 0 0 0 0
  0 0 0 0 0 1 0 0 0 0 0 0 0 0 0 0 0 1 0 1 0 0 0 0 0 0 0 0 0 0 0 0 0 0 0 0
  0 0 0 0 0 1 0 0 0 0 0 0 0 0 0 0 0 0 0 0 1 0 0 0 0]]
