params：
 weight-->(1, 10)
 proc_times-->(1, 100)
 setup_times-->(15, 30)
 delivery_times-->(1, 100)
 job_rate-->12

start:
alpha_1
12
 alpha_2
0.5
 mach
20
 job
240
 fam
12
 weigh
 [[0 1 5 6 2 9 5 1 3 4 3 2 4 3 9 9 8 2 7 5 5 2 9 6 6 7 2 6 5 6 9 9 2 7 1 6
  4 5 1 5 8 7 8 2 3 4 8 3 2 6 8 5 3 1 6 5 7 4 1 3 9 4 3 5 6 4 1 6 8 8 1 9
  1 1 7 5 1 1 4 4 6 7 8 4 5 7 7 9 5 8 5 5 8 1 9 4 4 6 8 4 5 1 8 5 3 4 3 7
  6 7 3 7 4 7 4 3 4 2 7 2 9 1 9 1 7 3 5 5 3 1 6 9 4 6 6 7 6 3 2 5 7 7 4 5
  2 3 3 3 6 2 2 5 2 2 8 2 9 8 6 1 3 3 1 9 6 5 8 2 2 8 7 1 8 6 3 6 8 3 4 3
  6 6 6 9 2 5 7 2 8 8 3 6 2 3 3 4 9 9 6 6 1 9 7 7 4 1 2 9 9 2 9 7 4 7 1 7
  8 3 5 5 3 5 1 7 9 8 1 7 4 9 5 4 7 1 8 5 8 6 7 9 1]]
 proc_times
 [[  0  62  30  20  72  72  20  88  22  38  54  33  38  46   6  20  58  24
   34  66  37  40  20  94  95  22  88  46  35  30  95  51  66  95  78  37
   86  15  76  61  38  49  51  78  57  16  72  35  57  65  91  74  52  47
   95  69  21  23  23  17  11  23  88  30  31  99  90  86  92  69  30  90
   37  47  13  41  19  66  22  78   9  25  18  94  46  37  56  60  10  20
   27  58  99  23  18  76   4  43  97  82  99  49  48  28  41   8  78  29
   31  81  74  23  76  46  23  98  47  88  19  69  56  72  94  45  76  22
   48  16  55  67 100  77  89  93  33  88  21  57  76  85  38  69  32  14
   94  20   6  54  48  99  44  24  26  97  91   3  83  62  95  74  64  18
   23  66  67  11  96  35  36  70  48  12   6  71  48  50  71  28   8  82
   44  32  90   2  30  79  71  81  18  69  80  25  18  39  88  83  22  31
   56  95  67  26  24  36  70  78  14  67  42  94  69  28  42  56  37  43
   93  59  69  84  90  81  25   9  45  54   4  20  46  69  60  23  55  21
   35  53  96  39  13  16  36]
 [  0  32  86  29   9  60  46   4   4  94  75  30  55  26  16  37  26  12
   88  83  32  40  70   4  92  30  79  11  66  81  93  98  70  63   4  45
   44  82  83  17  22  66  68  56  31  15  99  95  36  57  61  23   5  36
   69  75  30  90  78   9  38  57  46  65  54  58  78  68  83   8  68  34
   61   5  29  46  84   3  26   6  90   6  43  91  22  73  15  93  77  94
   53  57  90  55  59  80  17  44   4  41  14  14  18  45  24  98  49  18
   22  45  79  10  53  99  15  57  40  37  92  60  82  34   8  50  82   9
   69  73   7  11  66  96  23  39  48  15  62  88  58  20  64  69   6  18
   50  99  94  30   4   5  49  28  51  97  92  73  89  63  49  18  90  83
   55  96  41  41   9  57   3  57  43  12  72  47  99  85  29  17  84  76
   61  66  37  52  19  51  48  55  50  86  35 100  40  90  25  16  49   6
   91  58  60  69   1  74  97   9  54  17  69  47  11   5  91  83  67   1
   47  14  29  56  23  58  29  19  64  76  84  98  41  29  35  25  56  71
   50  24   3  95   1  76  97]
 [  0  27  84  86  90  23  11  95   9  62  91  36  77  83  99  79  87  62
   28  83  32  80  64  70  41  17  35  42  28  37  22  75  86  35  64  99
   89  75  64  55  66  29  39  22  89   8  86  70  64  85  48  45  95  48
   45   5  93  54 100  23  35  34  81  38  90  47  87  86  53  34  60  26
   40  70  30  18  36  60  53  34  39  30  45  19   6  75  97  35   1  95
   96  72  64  45  79  33  95  79  54  68  66  60  17  13  41  91  86  63
   80  22  23  48  99  10  49  77   5  20   2  83  58  49  19  55  96  40
   45   3  75  19  57  24  57   7  24   3  29  77  20   3  21   1  52   8
   51  60  34  93  28  45  77  73  82  94  66  60  87  64  53  35  67  73
   97  41  81  24  78  45  39  34  65  90  85  54  32  51  79   6  69  97
   11   6  29  60  66   9  45  55  58  93   7  81  62  68  67  52  19  58
   52  96  82  62  72  87  77  69  53  66  31 100  41  31  15  45  15  43
   34  26  65  70  16  20   4  40  75  11  70  24  26  50  85  22  21  14
   61  71  69  57  37  32  38]
 [  0  36  77  18  76  45  89  34   1  71  73  19  73  76   1  89  60  59
   65  75  23  78   1  40  37  66  15  67  87  35  35  51  36  70  80  31
    6  99   7  52  73  64  45  69  82  27  81  40  53  62  33  28  56  50
    9  28  98  13  77  92   9  43  48  52  63  14  60  93  24  24  96  44
   66  27  25  11  67  12  78  31  19  37   9  26  38  85  85  27  39  50
   36  19  62  18  13   7  47  26  91  10  53  24  17  84  37  66  48  27
   56  23  68  63  61  56  12  80  93  68  72  27  32  99  38  87  52  45
   27  71  55  54  65  79  19  20   1  86  97  85  71  76  22  25   7  89
   95  11  79  31  91  41  79  75  79  35  99  66  64  61  70  59  65  79
   96  51  43  82  29  93  81  64  79  42  14  78  53   1  72  17  31  28
   82  74  59  44  28  28  13  76  69  43  77  94  43   2  62  27  95  96
   48  86  27  17  43  19  86  89   5  35   8  71  49  43  35  79  93  43
   19  11  23  34  14  66  20  42  80  90  14   7  75  94  41  19  49  96
   37  87  89  90  39  38  18]
 [  0  93  49  70  79  18  43  35  97  28  57  46  12  85  67  42  23  38
   80  79  45  25  42  16  75  77  91  51  13   2  34  32  37  30  65  42
   61  71  41  44  17  75   8   6   9  79  43  12  14   5  99  66  47  52
   73  13  55  12  68  13  43  24  54  69   1  84  21  81  90  40  96  56
  100  19  84  65  84  66  87  14   7  61  96  72   3  61  64  98  73  41
   91  61  61  74  63  11  69  99  81  52  81  66  65  49  47  78  19  74
   43  70  47  95  55  88  16  45  29  17  65  49  32  88  36  70  84  27
   26  34   4  65  16  82  10  66  29  14  42  52  88  55  65  75  42  31
   41  42  88  93  68  85  13  86  22  51  14  30  60   1  56  94  34  22
   91  23  28  68  16  20  60  60  78   1  56  46   9  40  96  28  37  86
    2  88  29  93   2  34  12  21  32  99  43  32  92  31  96  65  89  56
   81  40  65  21  92  67  19  38  45  58  36  91  84  24  88  69   2  42
   30  94  77  75  12  60  20  25  74  42   7  46  63  14  67  65  25  15
   45  61  25   7  21  90  56]
 [  0  74  25  62  35   2  86  78  60   7  27  11  37  38  95  77  48  65
    4  98  81  82  72  95  70   3  57  75  90  73  26  58  58  94  96  76
   56   4  87  94  28  57  42  88   4  93   1  63  16  31  67  33  47  55
   87  60  42  47  34  63  33  62  29  59  32  36  83  83  47  39  81  43
   90  82 100  67  27  65  36 100  49  54   7  30  26  37  97  34  44  33
   10  93  38  46  86  59  97  80  13  67  89  16  88  64  85  58  69  87
   32  42  50  89  40  25  54   5  43 100  35   2  41  26  73  93  18  17
    2  87  86  31  16   8  17  89  88 100  40  43   8  42  88  29   4  99
   80  74  77  42  41   7   5  71  76  36  20  44   9  91  60  27  67  43
   66  39  66  58  16  83   4  11  59  79  64  32  64  83  43  28  61  76
   84  55  71  32  52  86  16  41  32  88  85  35  11  68  11  11  78  70
   16  45  38   2  64  14  14  68  90   8  57  23  13   2  39  71  51  62
   54  65  23  28   2  93  30  59  56  50  41  39  19  71  24   5  65  32
   83  26  52  92  79  99  18]
 [  0  36  33  74  31  92  64  80  83  67  66  74   2  84  87  14  19  14
   61  54  99  20  76   4  37  99  98  93  16  22  86  25  34  69  30  82
   42  44  80  57   4  46  45  20  90  32   4  41  12  40  30  81  56  11
   26  33  36  99  22   4  23   2  29  97  87  63  37  58  24  11  77  70
   72  36  57  52  93  50  27  42  46  17  81  71  89  33  99  80  83  95
   41  38  71  71  23  67  29  93  94  69  65  96  69  29  44  97  48  49
   90  64  41  90  37  44  41  91  48  53  64  15  70  49  15  55  27  76
   20  70  68  73  84  98  75  48  16  90  46  56  62  72  96  25  47  22
   91  67  53  53  38   5  62  30  80  69  21  17  22  63  25  17  82  99
   53  46  79  12  59  44  82  16  57  46  90  47  96  54  71  59  61   3
   49  55  30  88  37  76  90  42  10  94  75  59  57  40   5  89  49  67
   83  92  34  72  53  61  31  96  64   3  81  68  76   9  82  18  93  18
   41  82  16  12  89  36  31  14   6  57  45  29  56  67  77  23  32  46
   24  18  57  46  51  40  61]
 [  0  65  76  18  64  94  98  78  47  41  81  52  43  79   9  93  45  10
   49  16  78  79  55  49  55  98  12  72  71  15  19  34  27   5  20  14
   38  61  77  33  27  13  15  77   3  55   8  14  27  12  82  12  50  25
   57  62  54  81  44  82  52  37  40  48  50  10  12  82  46  18  13  62
   10  50  49  65  48  65  26  49  67  43  62  30  28  89  87   6  47  37
   32  92  79  42  71  29  67  23  30  68  66  54   7  21  61  16  41  97
   42  16  45  78  53  41  49  46  15   8  26  96  48  79  76  10  18  41
    4  98  35  80  13  65  85  53  46   3  85  47  24  25  96  28  36  61
   46  64   2  53  44  29   1  41   4  10  32  52  86  82  22  99  12  71
    9  40  82  63  11   7  60  78  45  96  20  93  23  10  30  64  53  26
   63  63  20  29   1  23  75  90  11  22  88  20  98  67  15  28   2  96
   64  81  24  59  31  13  72  17  16  44  59  18  13   6  87  57  76  35
   11  12  54  42  72  99  60  98  66  42   7  31   9  18  90  96  36  63
    4  21  92  41  27  85  47]
 [  0  51  30  52  35  43  53  50  45  59  74  19  53  29  95  10  32   7
   79  74   9  41  95  17  86  98   3  49   5  77  37  83  20   5  21  26
   42  82  23  65  19  50  93  49  54  87  98  21 100  68  29  10  49  23
   42  61  50  49  68  42  14  29  93  83   3  62  15  27  99  45  36  88
   10  93  44  91  36  13  74  79  55  96  86  82  71  93   4  68  65  47
   32  98  10  79  96  39  15  46  51  96  70  49  86  87  25  91 100   8
   10  99  48  63  74  91   5   9  55  72  31  35  52  69  61   5  83  32
   13  60  54  73  81  41  87  27  12  38   7  73  97  28  78  74  62  24
   67  51   8  51  11  58  24  60  20  67  65  23  79  79  64  35  14  97
   68  71  31  38  90  68  49  29  52  36  41  33  51  54  28  94  62  12
   73  97   5  73  42  93  96  10  50  70  31  71  88  65  12  72  31  60
   55  20  87  80  91  71  36  96  20  23  54  30  43  13  83  16   5   6
   75  52  65   3  58  85  63  92  74   8  30  25  91  51  33  55  78  67
   88  38  39  59  85  14  40]
 [  0  77  30  41  54  50  42  25  38  68  83  61  95  57  26  16  39  86
   84  52  90  33   4  38  30  97  68  37  42  98  28  85  55  82  72  50
    8  52  51  35  94  64  57  17  73  44  78  91  62  51  21  70  96  79
   32   5  15  25  91   7  23  27  98  27  16  36  93  61  15  40  56  25
   90  71  24   3  83  54  49  52  72  49 100  81  74  38  94  47  90  88
   97  97  52  41  29  53  41   8  33  40  18  52  20   7  45  76  63  93
   90  76  52  59  40  61  33  78  57  29  58  38  78  76  64  70  18  84
   18   4  95  44   3  10  28  71  89   2  66  62  16  45  65  83  77  22
   91  85  15  97  19  20  69  73  20  24  28  17  60   6  79  90 100  40
   31  88  52  59  51  50  29  49  76  37  40  82  23  29  18   2  48  51
   10  19  77  58  86  21  77  52  51  16  13  28   3  70  21  95  85  25
   23  27  97  43  96  73  98  22  68  64  61  33  89  53  31  71  68  95
   50  23  83  78  59  88  81  55  97  84  95  71  18  12  30  96  98  22
   68  47   5   1  14  60  68]
 [  0  62  12  78  76  76  93   9  70  15  67  28  22  84  44  34  17  98
   17   4   9  37  16  61  32  67  82  89  57  60   6  63  92  58  19  42
   62  19  33  75  62  23  96  71  46  72  28 100  61   1  28  97  82   6
   55  23  19  55  79  47  14  45  30  41  62  79  67  66  88  11   4  70
   11  37  78  91  57  77  45  36  30  98  33  42  72  63  34  70  31  45
   14  71  19   1  64  88  93  50  94  45  78  45  74  35  68  31  23  45
   78  12  95  75  44  74  69  17  20  89  26  87  89  43  39  38  29  13
   48  48  91  91  83  23  14  63  30  76  65  39  25  85  60  29  21  60
   96   2  12  33   8  24  82  15  83  92  70  31  74  77   1  47   8  68
   93  80  52  13  78  28  39  95  34  52  83  84  69  16  26  72  61  51
    1   6  41  15  74  86  37  42  73  51  11  25   9  49  76  52  39   7
   58  65  75  74  11  94  57  82  44  50  61  78  57  90  66  36  81  54
   40  67  38  25  14  66  83  26  54  79  47  44  88  46  62  37  33  14
   87   3  34  44  29  77  75]
 [  0  82  62  96  68  97  41  39  36  49  74  42  35  21 100  27  64  27
   55  35  26  21  51  54  70  56  65  60  15  59  63  11  19  50  65   2
   26  67  94   2  16  50  93  52  99  56  26  38  43   4  70  54  63  63
   66  50  37   3  60  59  74   8  50  52  76  87  84  63  50  47  66  38
    1  41  67   4  54  95  63   9  74  45  95  34   2  83  57  87  27  10
   62  69  56  64  65  58  35  99  50  10  13  11  98  42  79  64  94  19
   62  90  33  24   4  44  41  80  92  14  65  13  69  66  89  22   7   8
   85  96  50  36  75  59  32  94  82  59  66  65  97  21  52  11  87  69
   15  70  79  22   2  29  24  82  14  51  67  79  91  12  35  27  42   1
   42  51  64   3  93  75  23  28  21  52  38  19  80  14  41  93  16  81
   73  10  98  45  15  38  22  39  55  41  52  40  66  58  79  14  85  83
   28  64  99  21  92  99  92  19  26  40  78  89  81  99  44  35  38  43
   71  45  95  10  57  24  79  89  94  63  90  38  81  36  63   4  78  28
   48  67  48  13  64  22  71]
 [  0  51  90   6  89  73  27  13  49  76  15  79  64  61  23  70  60  63
   48  16  91  87  95  46  71  54   2  77  59  86  53  46  20  62  30  59
   91  94  24   9  28  90  54  58  28  68  89  49   8  63  52  22  43  62
   44  20   8  66  42  26   7  44  52  10  62  91  49  57  62  46  26  57
   66  14  81   5  97  64  55  45  65  85   4  56  70  27  67  21  82  34
   26  90  93  73  32  46  64  41  89  58  97  43  66   4  59  97  56  29
   59  11  63  44  44  44  54  35  58  87  65  13  97   1  51   6   4  91
   63  80  35   2  76  39  65  69  90  45   5  46  27  90  51  99  23  89
   39  62  77   1  79  68  84  38   7  15  22  47  21  69  35  39  57  50
   27   4  55  26  51  32  83  31  78  39  36  82  59  14   1  91  23  29
   70  48   4  21  92  17  36  12  71  47  84  61  83  44   8  48  52  79
   89  19  73  66  17  21  34  16  90   2  60  24  63  16  73  78  58   5
   32  19  96  84   5  94  79  74  75   9  56  47  86  39  85   5  31  34
   74  33  11   4  85 100  80]
 [  0  54  15  21  70  46  26  90  93  11  43  37  84  85  22  65  66  45
   52  68  93   8  35  73  61  29  98  66  62  12  31  17  99  89  30  29
   47  62  95  19  11  42  48  35  37  55  35  68  74  96  99  48  60   1
   67  11  42  76  69  84  19  23  30  39  68  57  51  57  32  48  53  93
   36  65  75  27  91   2  55  79  86  13  70  34 100  81  26  40  94  14
   91  87  42  64  42  37  78  98  30  42  36  77  83  49  36  25  54  87
   32  33  94  90  11 100  96   6  44  54  59  77  80  67  71   2  55  81
   17  90  59  13  56  66   1   7  93  25  91  91  85  80  78  20   8  19
   89  64 100  26   3  16 100  88  93  69  22  41   7  83  27  98  86   4
   24  39  26  80  83  81 100  65  18  34  32  91  42  81  27  32  66  36
   34  40  41  92  64  45  88  71  82  36   1  44  42  58  21  50  44  75
    2  98  52  71  57   7  78  32  81  96  19   1  13  92  40  99  79  47
   11  85  70  99  28  90  70  29  46  71  98  84  27  70  76  67  58  37
   96  81  71  63  74  64  96]
 [  0  26  84  30  18  27  50  20 100  71  66  21  30  11  90  31  68  94
   38  33  33  66  44  36   6  79   8  99  67  14  40   9  67  79  54  68
   24  48  92  57  77  67  37  11  60  11  83  57  91  59  11  70  93  16
   80  51  55  76  68   8  86  47   8  72   8  16  48   1  47  82  10  20
   59  24  68  60  28  34  82  77  11  51  58  28  23  21  87  22  19  66
   75  94   7  47  96  44  37  43  90  41  15  51  91  32  35  50  88  51
   69  77  93  50  64  40  16  77  14  96  79  21  13  27  75   4  58  77
   33  34   8  45  27  57  32  55  27   7  55  43  14  27   5  24  67  32
   38  34  22  49  27  87  72  55  60  81  87   8  91  42  12  48  87  58
   27  84  20  82  92  32  69  28  36  96  24  96  10  61  88  71  90  63
   17  75  33  20  76  65  15  25  32  52  74  38  47   5  78  20  67  18
   14  18   3  30  76  40  59  38  97  72  99  23  64  26  86  76  45  85
   31  31   1  10  89  61  55   5  74  83  82  10  89   5  91  96  18  44
    6   8  49  68  91   4  23]
 [  0  89  16  52  86  51   6   5 100   4   4  74  45  97  24  74  26  52
   87  68  40  30  54  24  83  85 100  10  38  69  88  48  10  34  25   3
  100  97  86  14  35  24   3  96  12  91  36  31  41  87  55  65  92   9
   68  65  91  22   1  30  86  71  26  48  22  42  22  18  58  49  67   2
    1 100  41  70   6   7  89  52  52  78  85  14  86  70  29  38  74  14
   81  36  24  53  56  19  25  94  68  69  34  59  58  40  37  21  15  60
   95  14  54  79  91   4  34  95  89  39  88  45  65  84  37  75  69  38
   66   6  38  46  29   1  32  70 100  18  28  88  59  62  21   7  66  77
   28  86  74  32  67   6  17  22  44  32   1  67  25  88  80  11  87  71
   42  14  59  93  69  21  98  36  10  76   7   6  28  26  60  58  88  33
   31  27  56  66  53  60  54  63  68  99  66  44  99  66  43  44  88  99
   50  90  21  70  97  69  13  94  31   1  27  25  19  20  80  29  71  96
   46  23  47   5  38  32  62  18   1  72   6  17  52  13  24  41  89  53
    3  60  35  84  27  64  86]
 [  0  50  54  37  88  51  14  41  67  44  61  62  49   2  48  49  12  98
   96  35  14  80  46  37  93  63  48  48  15  35  40  87  52  34   2  14
   56  76  83  84  84  47  66  57  95  44  88  59  74  45  46  59  99  31
   66  97  90  44  87  11  64  86  47  39  86  48  37   5   3 100   5  24
   79  58  30  35   8  56  52  82  17   6   5  25  39  88  15  95  68  54
    1  72   1  49  47  98  41  23  82  90  26  36  53   2  86  56   3  49
   43  85  98  73  71  79  59  86  31  14  86  42  15  35  87  76  12  88
   22  51  94  69  87  62  23  31  27  52  99  24  49  13  92 100  10  22
   18  42  58  12  23   8  75  74   1  66  51  16  96  72  99  19  49  70
   51  13  66  38  75  15  46  64  97  49  91  95  11  96  15   2  59   1
   14  29  42  89  36  83  30  31   3  66  87  54  18   2  47   4  48  75
   91  54  48  16   6  30  67  68  83  76  46  27  22  24  28   2  76  32
   22  21  68  28  88  66  79  50  10  84   8   8  42  17  20   9  29  45
   42  93  59  26  30   4  79]
 [  0  85  88  49  23  52 100  69  44  50   1  31  24   6  22  35  39   4
   18  97  24   6  14  20  60  53  95  64   2  10  11   1  34   9   3  89
   75  95  20  76  91  74  17  30 100  92  25  37  26  88 100  72  36  21
   29  39  49  41 100  13   8  22  29  40  40  33   3  92  43   5  96  78
   34  49  23  93  56  56  55  29  10  17  74  91  60  65  57  67  28  81
   40  61  56  46  63   8  68  74  30  76   2  84  87  73  25  74  12   5
   41  31   9  91   2  96  45  15  83  58  67  68   1  76  80  10  19   6
   27  34  33  76  84  80  82  44  79  69  32  32  91  78  46  25  63   2
  100  49  85   9   3 100 100  27  59  99  40  84  43  99  36  61  25  46
   60  92  85  47  42  99  56   2  98  28  36  49  61  66  56  70   6  41
    1  82  75  79  96   4  98  24  14  35  14  58  91  45  78   4  19  31
   52  58  52  25   2  15  41  71  88  39  83  22  91  68  51  68  24  94
    3  26  90  80  83  46  89  34  81  60 100  63 100  97  27  63  45  58
   53  71  28  48  63  69   6]
 [  0   9  20  25   1  93  74  28  17  68  98  40  60  95   3  55  14  20
   26  30  32  85  79  84  49  95  19  22  14  41  49  25  67  21  71   9
   44  51  71  55  16  16  77  73  65  14  50   7  66   3  28  54  38  30
   69  31   9  47  51  82  55  88  12  99  63  96  72  94  19   8  79  65
   47  31  83  14  30   2  41  16  29  14  79  53  45  91  67   6  11  80
   55  47  63  38  86  28  89  98  96  52  27  47  99  78  20   2 100  30
   52  22  90  70  91  20  44  73  81  70   8  18  94  35  88  48  65  28
   55  86  35  25  35  43  33  34  94   8  94  99  28   5   6  31  16  93
   56  87  74  20  29  23  34  57  52  22  67  53  74  64  15  69   9  85
    8  38   9  25  80  68   3  55   2  73  81  29   8  91  91  14  38   7
   73  36  69   2   7  57  56  88  67  18  98 100  10  14  76  96  79  30
   30  54  20 100   8  98  94  34  37  95  67  27  29  18  14  52  57  55
  100  48   5  61  60  69  32  43  73  34  95  10   6  97  52  95  94  61
   17  61  98  63  82  63  74]
 [  0  17   7  44   8  48  94  58  20  84  47  87 100   8  27  55  58  52
   10  43  36  55  78   6  24  73  60  23  26  13  49   5   5  22  97  13
   85  56  12  16  52  97  54   3  65  91   2  74  85  31  19  66  70  46
   65  55 100  64  91  67  39  98  66   8  32  99  80  81  76  27  59  93
   10  12  32  85  70  24  95   5  98  60   4   2  22  44  79  83 100   9
   20  87   3  34  32  17  27  76  30  59  74  46  40  55  98  80  29 100
   44  37  55  27  36  50  50  70  65  10  48  81  54  46  74  89  97  67
   65  85  14  13  18  68  10  15  66  37  97  24   5   7  57  33  27  11
   74   7   2  99   6  79  23  87  64  41  71  42  84  36  58  57  92  89
   87  65  48  77  55   9  89  73   4  33  65  86   1  67   1  99  86  72
   56  71  37  43  37  57  99  52  79  91   1  18  36  93   8  39  98  13
   71  80  88  62  77  77  48  85  21  12  56  56  39  90  15  70  10  79
   76  89  36  12  28  59  65  79  94  17  20  95  86  69  47  24   9  42
    9  42  32  48  67  98  16]]
 setup_times
 [[[ 0 29 25 16 15 17 28 17 25 29 18 27 19]
  [ 0  0 18 21 29 20 18 16 25 18 20 15 24]
  [ 0 21  0 22 29 23 15 27 25 15 27 23 19]
  [ 0 15 27  0 29 29 25 28 19 21 27 20 15]
  [ 0 25 22 24  0 17 27 19 28 28 19 27 15]
  [ 0 25 24 22 16  0 24 22 28 26 27 27 29]
  [ 0 23 26 18 17 18  0 20 21 17 23 24 20]
  [ 0 24 29 16 17 29 20  0 21 27 24 18 15]
  [ 0 25 21 19 29 21 16 17  0 16 20 16 18]
  [ 0 15 26 23 26 22 18 18 17  0 22 20 21]
  [ 0 21 21 15 28 17 15 25 26 24  0 22 26]
  [ 0 22 23 26 26 17 27 28 29 19 23  0 20]
  [ 0 16 17 22 26 18 25 24 21 28 26 27  0]]

 [[ 0 22 20 24 28 24 28 29 25 23 24 23 26]
  [ 0  0 18 29 29 19 17 18 29 26 28 16 19]
  [ 0 24  0 16 15 26 15 17 19 29 19 16 16]
  [ 0 27 29  0 20 28 16 22 15 21 23 25 28]
  [ 0 26 18 23  0 27 17 21 29 29 22 16 15]
  [ 0 24 17 25 19  0 29 23 15 16 24 25 28]
  [ 0 26 26 28 16 24  0 24 16 26 19 15 17]
  [ 0 16 25 28 16 15 27  0 20 19 15 29 26]
  [ 0 15 21 22 21 27 23 21  0 26 23 25 22]
  [ 0 16 20 24 26 19 16 28 22  0 23 18 15]
  [ 0 15 21 28 27 21 17 18 24 17  0 17 24]
  [ 0 23 20 19 23 15 28 18 20 15 29  0 18]
  [ 0 23 24 27 26 16 20 15 22 22 25 20  0]]

 [[ 0 20 23 29 28 29 23 19 17 15 28 27 22]
  [ 0  0 29 26 27 21 18 17 18 16 19 24 18]
  [ 0 18  0 25 19 26 23 28 28 21 25 29 26]
  [ 0 21 16  0 27 26 22 19 23 25 15 20 23]
  [ 0 23 18 26  0 15 18 18 16 17 22 27 25]
  [ 0 23 20 24 28  0 17 17 24 15 21 21 28]
  [ 0 15 20 18 26 24  0 16 27 22 29 23 27]
  [ 0 29 16 21 15 16 21  0 23 26 24 17 15]
  [ 0 18 24 16 24 20 26 17  0 22 23 26 16]
  [ 0 24 20 21 17 18 29 25 23  0 15 20 23]
  [ 0 29 18 21 23 27 26 28 18 19  0 15 21]
  [ 0 29 26 15 24 18 21 23 20 20 28  0 18]
  [ 0 26 25 16 24 24 24 20 16 19 18 16  0]]

 [[ 0 25 17 16 19 23 24 26 17 28 18 22 24]
  [ 0  0 21 17 15 27 25 16 17 26 20 15 24]
  [ 0 29  0 20 16 16 18 26 27 18 28 29 17]
  [ 0 22 22  0 27 28 24 17 29 23 15 25 24]
  [ 0 16 23 20  0 17 16 24 16 16 29 22 22]
  [ 0 24 27 15 15  0 23 28 23 22 26 20 20]
  [ 0 28 15 27 15 27  0 18 17 23 24 24 26]
  [ 0 25 25 23 21 29 20  0 20 22 18 19 25]
  [ 0 24 17 26 25 25 25 21  0 15 17 19 16]
  [ 0 17 23 19 18 25 18 22 27  0 20 25 26]
  [ 0 16 26 17 27 27 22 16 28 23  0 24 25]
  [ 0 18 19 27 16 16 27 16 29 22 27  0 15]
  [ 0 24 18 20 22 20 22 25 21 29 25 29  0]]

 [[ 0 16 29 29 29 21 26 16 26 26 28 29 18]
  [ 0  0 18 21 17 24 18 21 19 20 25 28 19]
  [ 0 16  0 16 19 28 18 29 22 27 25 25 17]
  [ 0 28 15  0 17 15 23 25 23 23 15 17 16]
  [ 0 20 27 21  0 25 17 18 18 25 23 16 28]
  [ 0 18 25 27 16  0 22 29 17 18 24 24 27]
  [ 0 16 29 22 27 25  0 15 16 19 22 16 20]
  [ 0 26 29 22 28 16 24  0 27 15 27 20 16]
  [ 0 16 29 22 19 17 28 18  0 16 19 26 18]
  [ 0 17 16 29 27 16 23 28 26  0 27 26 16]
  [ 0 27 20 19 16 28 19 23 25 21  0 21 24]
  [ 0 27 15 18 27 29 23 16 26 22 21  0 20]
  [ 0 19 17 16 25 26 24 20 22 19 15 17  0]]

 [[ 0 15 26 27 25 25 24 17 22 25 18 17 16]
  [ 0  0 24 22 24 23 17 25 24 16 28 16 15]
  [ 0 22  0 15 23 24 20 15 19 15 27 22 29]
  [ 0 19 15  0 24 26 17 22 21 17 22 19 20]
  [ 0 23 15 22  0 26 22 26 15 15 17 22 21]
  [ 0 19 15 20 21  0 17 26 20 24 16 24 23]
  [ 0 21 18 22 20 27  0 25 21 23 22 27 22]
  [ 0 28 26 27 15 19 23  0 29 29 26 20 28]
  [ 0 18 23 18 24 29 18 23  0 23 28 15 17]
  [ 0 19 21 15 18 26 24 17 20  0 27 27 28]
  [ 0 15 17 17 26 21 21 27 29 27  0 24 29]
  [ 0 16 27 18 29 27 29 15 29 24 23  0 28]
  [ 0 16 16 27 15 20 15 20 16 17 21 25  0]]

 [[ 0 29 28 19 19 18 17 15 19 24 24 24 22]
  [ 0  0 15 29 28 22 27 16 15 26 16 22 21]
  [ 0 26  0 29 16 29 17 21 15 23 21 22 18]
  [ 0 23 19  0 19 15 15 26 20 28 23 15 16]
  [ 0 22 22 19  0 25 21 23 18 16 20 29 26]
  [ 0 25 23 16 28  0 23 28 28 26 23 25 29]
  [ 0 17 28 16 29 19  0 24 20 28 22 22 17]
  [ 0 27 15 20 24 18 17  0 22 26 23 24 19]
  [ 0 28 24 25 21 15 16 22  0 29 15 26 24]
  [ 0 16 15 21 17 23 16 29 22  0 17 29 15]
  [ 0 22 17 24 25 19 15 21 17 26  0 21 26]
  [ 0 16 20 16 15 27 22 24 27 22 22  0 15]
  [ 0 19 26 27 25 28 26 16 22 18 27 16  0]]

 [[ 0 27 16 17 23 21 17 17 22 27 24 17 29]
  [ 0  0 23 23 23 24 15 23 18 15 17 19 20]
  [ 0 15  0 22 25 17 20 17 19 16 27 19 21]
  [ 0 25 23  0 27 22 26 17 22 23 23 29 27]
  [ 0 19 18 21  0 28 27 27 29 22 24 18 21]
  [ 0 15 29 28 15  0 19 25 15 18 17 27 26]
  [ 0 19 24 27 19 15  0 29 20 27 25 16 16]
  [ 0 25 20 23 16 22 16  0 18 19 25 28 15]
  [ 0 17 28 29 29 27 19 17  0 22 18 28 26]
  [ 0 28 15 18 23 20 22 17 29  0 19 26 18]
  [ 0 27 16 24 24 18 19 16 21 22  0 20 29]
  [ 0 29 15 15 26 25 16 15 20 22 16  0 23]
  [ 0 26 25 25 28 18 15 26 26 16 21 15  0]]

 [[ 0 22 15 16 29 20 19 20 21 26 23 17 16]
  [ 0  0 20 29 28 17 22 22 18 25 22 19 22]
  [ 0 19  0 16 18 22 20 15 19 29 18 27 29]
  [ 0 26 19  0 22 18 15 16 24 29 21 26 16]
  [ 0 28 22 27  0 23 16 27 25 26 17 18 26]
  [ 0 15 21 25 20  0 16 15 29 29 27 26 18]
  [ 0 22 29 15 19 28  0 27 25 29 18 19 23]
  [ 0 29 16 17 19 29 22  0 26 22 27 29 16]
  [ 0 18 24 23 21 15 24 25  0 26 26 25 19]
  [ 0 21 28 18 17 17 22 17 15  0 20 20 17]
  [ 0 20 29 25 18 28 24 21 27 21  0 17 20]
  [ 0 18 17 25 21 20 28 23 16 17 26  0 24]
  [ 0 21 16 20 25 26 28 24 29 17 25 15  0]]

 [[ 0 26 15 29 20 27 22 26 28 20 27 26 27]
  [ 0  0 20 28 29 26 29 27 29 22 24 15 16]
  [ 0 25  0 25 23 22 26 26 27 27 24 17 25]
  [ 0 16 22  0 23 20 17 28 21 24 17 20 22]
  [ 0 22 21 26  0 23 17 29 22 16 19 28 20]
  [ 0 27 28 28 16  0 21 19 21 20 21 25 22]
  [ 0 22 25 17 19 20  0 21 28 17 29 29 27]
  [ 0 23 26 28 29 21 18  0 19 23 26 29 27]
  [ 0 26 28 23 21 25 19 20  0 20 26 27 16]
  [ 0 22 19 25 18 26 23 22 25  0 24 20 19]
  [ 0 24 17 27 21 23 20 28 15 20  0 27 26]
  [ 0 26 21 25 17 20 25 19 27 29 24  0 24]
  [ 0 20 22 28 29 15 29 17 17 27 26 24  0]]

 [[ 0 24 20 18 21 27 26 16 15 23 24 18 26]
  [ 0  0 23 23 25 19 28 29 16 24 16 27 18]
  [ 0 21  0 18 23 24 21 20 27 15 25 21 17]
  [ 0 28 20  0 27 26 18 24 24 27 26 17 17]
  [ 0 26 22 22  0 18 22 20 23 29 24 20 17]
  [ 0 21 24 23 23  0 20 28 25 16 29 29 27]
  [ 0 20 15 21 26 25  0 18 26 17 28 24 25]
  [ 0 20 27 27 22 24 21  0 18 21 15 18 25]
  [ 0 15 22 17 27 17 16 26  0 22 28 15 24]
  [ 0 18 29 16 15 22 23 27 28  0 18 24 17]
  [ 0 27 22 19 22 22 15 21 22 28  0 21 15]
  [ 0 21 17 23 17 21 20 24 20 17 17  0 16]
  [ 0 18 20 15 28 18 23 25 15 22 17 20  0]]

 [[ 0 23 20 20 29 28 23 24 18 26 21 27 21]
  [ 0  0 25 27 16 27 15 20 20 28 18 24 18]
  [ 0 25  0 21 27 27 16 15 15 23 26 20 28]
  [ 0 20 19  0 17 25 16 23 17 15 15 23 22]
  [ 0 24 22 15  0 28 16 24 19 26 19 26 16]
  [ 0 18 20 24 19  0 18 28 28 19 19 18 24]
  [ 0 28 26 28 25 18  0 27 15 16 15 18 22]
  [ 0 21 29 24 29 20 17  0 19 24 15 21 26]
  [ 0 17 20 16 16 18 19 16  0 17 27 22 16]
  [ 0 20 25 18 17 26 21 23 26  0 28 23 27]
  [ 0 24 17 28 17 21 16 15 28 15  0 26 22]
  [ 0 25 29 26 25 20 25 25 22 16 21  0 22]
  [ 0 21 24 24 20 19 20 23 23 15 25 22  0]]

 [[ 0 27 29 23 23 19 16 20 15 23 29 16 24]
  [ 0  0 18 15 16 20 17 23 21 23 26 20 29]
  [ 0 18  0 21 29 17 21 20 15 17 16 29 29]
  [ 0 17 28  0 18 25 25 22 24 16 24 16 15]
  [ 0 19 24 18  0 26 28 17 17 29 27 29 21]
  [ 0 20 24 15 16  0 15 21 24 19 25 26 22]
  [ 0 16 25 21 25 15  0 20 16 25 28 26 22]
  [ 0 22 17 18 25 21 15  0 23 27 22 19 26]
  [ 0 28 19 19 27 21 29 19  0 27 16 15 26]
  [ 0 22 27 29 25 20 18 17 16  0 16 25 17]
  [ 0 23 29 23 21 25 27 28 23 28  0 16 23]
  [ 0 28 21 18 29 24 25 21 22 20 19  0 17]
  [ 0 22 22 28 26 27 16 27 24 17 25 20  0]]

 [[ 0 19 17 19 15 19 28 22 28 24 27 29 26]
  [ 0  0 17 24 27 29 24 22 22 27 23 20 29]
  [ 0 20  0 16 17 20 21 19 26 20 29 23 23]
  [ 0 25 19  0 20 16 15 15 28 22 18 17 15]
  [ 0 27 21 18  0 25 23 23 26 17 15 22 21]
  [ 0 26 18 20 29  0 22 29 17 24 16 20 17]
  [ 0 15 22 25 22 28  0 15 22 24 27 24 26]
  [ 0 27 23 23 29 19 16  0 27 17 16 19 20]
  [ 0 24 18 29 17 27 27 20  0 15 19 26 18]
  [ 0 23 15 25 23 17 24 17 24  0 15 23 16]
  [ 0 24 28 27 23 23 28 17 18 24  0 28 17]
  [ 0 25 29 16 24 20 15 29 27 28 18  0 24]
  [ 0 25 26 23 29 23 21 15 24 26 28 25  0]]

 [[ 0 29 28 16 18 17 20 22 29 28 24 16 26]
  [ 0  0 19 15 19 18 26 16 15 28 22 19 25]
  [ 0 28  0 28 16 22 29 15 22 24 15 25 28]
  [ 0 22 23  0 16 25 21 16 23 26 21 26 15]
  [ 0 20 27 19  0 15 16 19 26 19 21 18 22]
  [ 0 21 17 21 19  0 15 29 25 25 18 28 26]
  [ 0 25 15 20 29 27  0 16 15 18 25 20 25]
  [ 0 20 20 18 15 28 20  0 17 17 29 17 24]
  [ 0 18 17 17 17 21 28 29  0 25 17 23 27]
  [ 0 16 18 23 27 29 27 23 20  0 28 25 20]
  [ 0 26 15 24 28 22 16 26 20 20  0 23 21]
  [ 0 28 27 26 17 25 23 25 18 27 22  0 29]
  [ 0 28 21 21 21 15 23 22 19 21 29 23  0]]

 [[ 0 18 20 27 23 20 23 24 21 20 18 23 25]
  [ 0  0 25 20 19 27 25 18 28 16 27 17 29]
  [ 0 18  0 18 15 28 27 18 15 18 25 24 29]
  [ 0 18 15  0 15 29 22 20 27 18 17 15 23]
  [ 0 25 27 23  0 20 20 27 24 18 26 25 24]
  [ 0 17 28 19 21  0 20 22 21 21 15 22 24]
  [ 0 26 28 15 21 22  0 17 27 17 15 25 23]
  [ 0 20 20 28 24 24 29  0 16 27 18 17 20]
  [ 0 22 17 28 29 25 23 29  0 18 27 28 24]
  [ 0 28 20 23 25 28 23 19 23  0 24 16 15]
  [ 0 29 27 21 28 18 26 24 15 20  0 29 18]
  [ 0 23 23 16 29 23 17 29 29 18 21  0 20]
  [ 0 16 17 21 18 26 18 17 16 29 18 29  0]]

 [[ 0 24 19 20 20 25 21 20 20 23 23 19 20]
  [ 0  0 22 23 15 17 24 20 19 17 18 16 19]
  [ 0 29  0 20 28 24 20 22 26 26 16 28 16]
  [ 0 27 18  0 24 16 26 24 21 25 18 16 28]
  [ 0 17 26 26  0 22 27 19 26 22 19 19 28]
  [ 0 16 20 27 22  0 29 18 18 23 19 17 17]
  [ 0 16 15 26 28 27  0 27 17 27 23 20 21]
  [ 0 23 17 21 22 15 23  0 24 18 22 21 20]
  [ 0 22 23 24 24 26 25 15  0 18 24 15 17]
  [ 0 22 23 16 18 28 19 22 26  0 16 17 27]
  [ 0 18 26 15 15 25 27 21 18 24  0 20 25]
  [ 0 28 20 20 24 16 19 21 22 23 21  0 27]
  [ 0 17 23 24 15 25 27 17 22 22 20 29  0]]

 [[ 0 16 25 20 24 28 19 20 24 28 24 15 28]
  [ 0  0 22 18 26 26 15 28 24 17 17 22 16]
  [ 0 17  0 26 26 17 19 17 15 20 23 15 18]
  [ 0 18 21  0 22 20 15 29 28 19 16 24 19]
  [ 0 26 21 25  0 22 23 17 16 28 29 19 27]
  [ 0 28 19 28 23  0 26 18 18 23 29 22 28]
  [ 0 16 24 15 26 16  0 24 24 25 22 27 15]
  [ 0 19 16 27 20 17 25  0 27 29 18 26 28]
  [ 0 29 16 16 24 18 27 17  0 28 22 18 26]
  [ 0 17 17 26 21 20 20 26 21  0 25 16 23]
  [ 0 28 16 29 25 17 15 22 24 26  0 25 23]
  [ 0 28 17 27 18 17 28 29 19 20 23  0 18]
  [ 0 28 27 20 20 20 24 24 16 26 25 19  0]]

 [[ 0 29 21 24 27 19 19 16 27 15 28 19 29]
  [ 0  0 25 22 19 23 22 15 22 16 18 18 20]
  [ 0 24  0 25 21 26 19 24 23 25 16 24 23]
  [ 0 24 26  0 21 15 24 26 29 28 22 20 21]
  [ 0 18 19 28  0 21 26 17 26 19 21 24 27]
  [ 0 28 18 17 16  0 15 21 16 21 17 18 27]
  [ 0 18 29 27 20 15  0 16 28 22 18 27 27]
  [ 0 24 21 26 23 16 24  0 23 20 18 16 19]
  [ 0 19 21 16 19 21 29 29  0 27 16 15 20]
  [ 0 24 16 16 15 26 27 23 29  0 16 27 22]
  [ 0 27 22 20 20 17 17 27 23 26  0 21 29]
  [ 0 29 18 16 17 23 17 17 26 28 20  0 20]
  [ 0 20 16 27 20 25 21 29 25 29 24 16  0]]

 [[ 0 19 25 21 24 20 19 20 20 19 29 21 20]
  [ 0  0 15 28 25 26 29 26 19 24 20 24 29]
  [ 0 23  0 16 27 24 20 21 27 20 29 24 28]
  [ 0 23 26  0 25 23 29 18 16 15 15 16 22]
  [ 0 15 23 17  0 23 25 27 17 26 23 27 29]
  [ 0 23 21 25 15  0 18 18 29 18 20 25 29]
  [ 0 27 20 28 29 21  0 29 19 27 28 20 21]
  [ 0 16 28 24 22 25 18  0 27 22 24 28 26]
  [ 0 20 26 29 17 22 29 18  0 24 26 27 26]
  [ 0 24 27 23 15 29 21 18 21  0 15 24 29]
  [ 0 21 27 16 20 22 29 16 26 25  0 20 18]
  [ 0 26 27 21 26 22 17 17 18 20 20  0 16]
  [ 0 23 21 19 24 20 18 29 29 24 18 18  0]]]
 delivery_times
 [[ 0 35 70 40 72 74 19 98 72 77 68 89 31 35 82 24 50 84  2 64 29 72 53 63
  59 38 67 85 51 13 94 24 83 25 62 93 75 31 99 69  6 78 69 56 32 56 66 41
  61 88 79 15 40 97 67 49 33 19 87 42 42 20 66 10 77 26 62  1 87 15 93 21
  16 22 92 77 37 85 82 76 23  5 65 87 45 69 19 36 34 11 98 17 94 81 86 95
  27 60 44 41 60 51 21 89 28 50 11 26 21 68 85 99 93 30 45 49 57 86 56 75
  70 10 33 92 35 16 31 35 58 52 44 40 61 57  8 12 26 65 31 63 46 63 57 83
   2 26 62 87 38  7 40 20 22 81  9 56 33 56 41 99 63  4 34 10  3 19 55 60
  64 69 10 17 66  3 85  9 96 29 23 21 93 50  5 46 12 81 19 65 56 70  8 89
  33 27 40 40 50 74 76 69 62 93 27 46 50 60  3 23 22 80 40 14 93 32 67 81
  12 90 78 70 57  4 81 60 62 67 53 66 50  4 83 56 80 93 29 52 97  3 64 75
   3]
 [ 0 59  2  5 87  2 71 72 23 11 90 54 37 18 34 46 81 37 46 65 67 98 63 23
  76 44  8 98 87 24 89 43 66 62 39 39 72 26  2 49 62 78 32 40 85 77 33 63
  25 72 71 46 69 92 80 65 64 95 28 84 77 69 59 51 26 15 11 45  1 83 43 42
  49 91  7 12  2 12 56 23 79 86 79 77 38 39 69  9 45 47 29  9 41 11 48 39
  12 25 48 99 69  2 14 64 59 18 47 44 85  8 26 45 64 48 29 84 94 71 39 35
  50 55 97 71 97 14  6  6 24 82 12 37 63 60 79 99 83 94 46 99 35 37 20 34
  45 96 84 72 12 73 73 86 70 99 78 65 54 95 82 23 71 33 30 47 94 16 38 79
  96 17 76 38 93 16 42 83 12 45 85 49 23 90 70 82 56 72 94  1 99 43 84 37
   1 57  6 84 51 83 67 20 93  2 42 38 22 61 22 61  9 31 87 83 11 80 23 64
  88 29 86 78 21  8 68 21 82 22 21 97 26 35 77 13 62 98 19 80 97 65 98 18
   5]
 [ 0  2 88 46  2 42 67 53 18 95 34  4 24 98 97 46 78 97 25  5  7 64 31 14
  28 48 34 26 64 29 92 91 28 50 41 80 39 98 43 62 47 15 54 32 98 38 53 84
  96 94 21 29 44 17  1 76 40 92 61 81 17 98 91  3 61 43 15 66 12 49 25  5
  77 23 56 47 51 52 22 73 22 59 14 31  5 72 55  5 41 93 71 12 34 60 97 92
  64 89 71 21 69 39  6 31 56 54 36 68 90 43 77 33 15 88 25 40 34 65 66 62
  77  1 85 63  7 14 58 39 72 84 69 23 51 68 84 73 63 59 15  8 16 89 75 32
  95 98 89 97  3 15 89 93  7  4 53 89 86 58 81 79 28 51 12 57 50 48 46 93
  45  6 58 48 48 65 72 36 81 84 76 67 53 63 74 98 63 34 68 47 71 18 22 45
  36  8 58 38 17 40 47 95 70 78 38 92 82 94 81 72  9 92 64 35 86 62 60 40
  88  5 46 99 61 14 63 57 28 37 56 35 98 86 50 94 94 63 28 38 60 86 50 47
  48]
 [ 0 28 83 75 66 18 75 15 51 60 54 17 40 11 97 80  1 80  4 69 64 84 71 66
   1 94 40  4 23 30 40 23 73 70 90 63 30 55  6 19  4 84 90 60 34 79 56 73
   3  8 56 68 27 43 95 67 20 97 87 81 50 16 83 65 84 65 96 31 10 50 37 54
  56 30 60 94 42 88  6  6 11 43 74 31 91 87 43 29  2 34 61 25 70 71 78 25
  63 73 97 73 65 34 19 75  8 68 13 31 38 13 54 41  2 70 47 57 72 56 11 56
  47 40 95 70 65 78 67 13 43 16  2 79 11 10 12 48  4 68 72 70 66 13 60 72
   3 18 87 93 87 98 49 96  7 39 85 82 82 59 71 25 36 32 52 36 69 58 56 18
  68 52 13 78  8 40 30  3 63 70 84  7 98 24 28 40 77 42 99 91 29 35 25 52
  56 16 66 30 86 26 54 64 71 10 74 33 55 56 73 23 82 87 70 99 48 75 59  4
  16 18 63 50 19 88 20 15 50 21 39 10 15 65 37 25 32 70 61 16  3 83 55 18
  46]
 [ 0 47 90 18  2 14 98 42 74 69 32 68 99 59 90 36 20 51 85 50 48 49 81 45
  63 63 93 24 98  6  4 87  5 41  6 17 52 42 12 58 37 45 62 28  8 28 57 55
  64 47  5 12 28 77 47  3 28 94 66 51 20 94 93  5 40 47 77 39 60 79 15 98
   9 76 58 80 28 42 20 54 35 22 11  6 63 67 98  5 29 72 77 47 62 78 80  3
  53 51  4 31 75  4 41 67 28 43 15 25 23 75 66  6 44 21 42 68 95 18 44 30
   4 19 75 27 68 46 95 28 18 41 58 80 18 43 28 49 68 64 93 80 39 22 26 95
  71 64 77 67 70 71 19 78 45 93 64 19 99 31 57 99  5 56 30 51 14 58 38 44
  78 21 91 72 34 23 84 94 46 68 50 46 77 52 79 50  8 34 79 81 22 41 29 70
  52 93 39 86 26 26 92  2 46 60 93 16 21 32 38 40 34 75 95 12  9 94 17 32
  86 53 85  7 39 99 12 47 51 84  3 22 47 97  2  4 21 30 96 16 27 99 58  9
  15]
 [ 0 84 74 37 13 44 91 85 75 81 72 79 80 71 96 99 71 58 89 21 78 40 38  6
  94 46 98  3 23 92 64 48 30  3  4 59 13 29 98 39 30 56 49 59 61 17 62 60
  43 76 20 93 53 70 18 75 65 21 77 20 99 65 26 88 55 17 29 42 65 21 48 85
  58 44 22 62 95 45 22 65 97 36 62 75 71 15 41 33  3 46 19 94 43 21 43 67
  61 27 33 85 98 94 90 13  1 91 38 60 66 73  1 63 98 17 75  2 23 93 72 57
  49 56  5 98 25 73  6 68 13 57 13 53 36 48 81 29 68 98 22 77 25 25 81 17
  22 81 27 17 16 60  9 49 66 17 97 53 88 13 40 68 99 82 25 68  2 66 23 39
  54 47 10 92 77 74 20 50 14 26 19 36 86 17 85 29 81 75 50 35 97 18 19 58
   9 21 87 42 84 68 70 54 99 57 50 12 58 88 85  7 29 12 17 65 44 23 98 55
   2 91 20 33 14 95 99 41 81 61 19 75 62 25 22 68 46 22 19 62 31 32 40 93
  91]
 [ 0 98 19  3 59 78  2 33 94 93 87 12 47 21 26 30 64 80 37 87 72 34 18 64
  64  4 11  6 88 70 73 69 22 37 69 92 36 57 41  9 41 76 23 18 77 61 62 48
  89 96 60 69 85 91  4 11  3 92 41 33 67 15  4 74 71 27 50 91 69  7 44 72
  32 57 52 88 70 45 48 82 41 41 39 44 55  1 84 54 15  1 70 65  5 85 89 33
  66 66  9 13 34  8 13 18 49 91 11 78 10 87 58 79  6 58 56 34 67 65 87 14
  62 20 16 34 17 81 99  2 38 10 70 90 61 52  2 64  1 48 40 48 43 48 51 85
  16 73 26 54 40 95 81 73 79 64 25  7 94 11 78 37 61 58 52 58 98 16 26 98
  28 88 48 33 18 17 88 66 11 21 30 24 27 13 29  1 53 11 68 57 42 45 60 68
  80 86  8 80 70 23 57 27 29 32 30 90 10 54 66 19  8 42 10 25  2 88 29 72
  70 28 31 36 73 93 94 20 89 92 93 70 78 65 68 85 81 79 97  8 12  2 46 89
  81]
 [ 0 14 18 82 62 43 34 27 44 47 33 86 14 46 98 80 18 67 33 20 22 55 51 87
  92 13  8 92 81 17  1 51 49 38 89 32 37 45 20 85 85 43 53 53 79 50 62  9
  56 45 70 40 10 91 63 36 36 66 24 27 80 59 39  2 74 74 97 59 99 80 91 42
  27 12 30 67 20 37 75 54 16 82 68 46 33 79 55 65 63 99 29 27 21  7 57 32
  80 69 51 94 34 35 94  3  5 80 21 23 16  6 19 39 87 91 84 81 33 78 17 75
  46 89 62 24 15 56 52 47 83 11  2 97 14  5 27 62 29 61 53 72 84 94  8  5
  99 68 23  7 19 55 97 50  3  8  7 75  9 67 64 82 76 79 31 43 99 27  7 67
  87 58 55 50 99 82 15  3 74  9  5 67 85 64 97 91 57 85 75 42 89 34 57 63
  21 54 69 25 40 51 25 74 49 86 21 15 82 38 59  3 24 48 78 70 47 65 19 56
  90 80 92  3 78 82 70 89 95 84 86 20 63 21 96 23 38  5 23 56 34 33 76 93
  78]
 [ 0 95 59 65 92 22 97 16 21 54 85 41 38 26 43 82 52 90 94 85  4  3 95  6
  29 30  4 75 17 49 67 93 29 79 75 14 62 28 46 95  5 33 18 62 11 91 43 49
  73 96 75 29 46 68 15 81 71 35 99 94 27 48 34 20 43 56 19 43 44 11 22 69
  99 99 57  8 78 19 43 49 94 25 92  7 65 34 20 93 74  8 48 58 59 11 50 18
  26  9 83 18 41 31 83 96 26 71 11 86 47 84 43 40 53 91 97 80  7 10 84 65
   8 80 30 16  6 31 47 57  3 91 28 67 69 38 71 82 39 43 58 20 44 22 29 58
  48 92 74 76 39 89  2 25 19 65 55 77 83 84 36 98  3 37 59 15  5  7 12 71
  25 73 67  4 46 81 35 71  1 36 36 87 15 75 11 35 94 83 36 80 48 41 48 95
  84 11 41 99 25 80 45 11 33  6 15 27 49  4 18  8 95 45 62 36 71 87 17 60
  75 49 28 59 21 66 62 92 77 36 65 37 84 32 85 68 34 88 15  2 24 76 41 13
  88]
 [ 0 73 41 60 77  6 56 13 28 64 35 17 86 25 90 67 11 59 89 99 22 75 69 45
  80 58 54 38 76 29 16 77 79 50  6 20 44 85 24 26  7 82 11 89 92 94 27 62
  50 51 95 78 12 34 64 12 40 24 71  3 31 21 50 25 70 39 74 53 25 38 34 69
  35 58 24 75  1 94  2 33 43 57 61 87 69 48 51  7 30 49 13 40  8 28 99 68
  54 25 63 72  9 58 54 59 84 36 18 14 15 17 81 86 16 82 80 63 16 21 43 23
  74 57 20 49 80 45 74 71 91 94  4 97 10 62 46 47 93 87 46 55 62 14 31 15
  25 19 60 18 43 38 87 54 74 73 10 82  8 50 11  9 62 10 46 37 47 36 64  5
  92 68 23 99 46 69 82 56 82 97 41 49 80  4 21 23 72 86 33 10 13 67 37 54
  28 12 77 21 88 28 69 85 60 37 46 78 76 31 88 76 49 19 97 62 25 44 47 84
  31 62 93 81 59 87 10 57 54 83 44 57 57 17 93 45 21 36 17 31  2 36 35 28
   8]
 [ 0 25 44 11 53 21 41 78  2 87 64 53  7 71 61 91 66 28 72 84 58 69 66 62
  80 97 38 10 52 52 46 80 12 38 57 42 22 30 56 82 46 64 70 34 29  8 39 78
  60 63 51 93  5 22 40 69 93 42 95 98 36 82 89 75 15 73 79 46 97 81  3 77
  90 31 49  9 49  2 18 97 50 71 60 33 32 20 72 60 19 26 20 23 17 75 64 96
  27 92 31  6 36  2  8 21 26 38 45 60 13 37 46 60 52 44 27 85 42 66 22 84
  46 75 37 74 76  7 44 78 56 70 50 59 74 67 49 95 19 17 29 52 94 96 56 18
  30 71 73 35 81 35 35  5 70 49 18 77 52 53 30  3 38 56 61  6 87 63 71 14
  78 97 93 85 82 76 56 13 28 15 77 21 32 65 27 88  7 41 48 35 94  2 17 85
  23 74 57 31 38 91 99  3 63 92 87 25 36 49 48 83 93  7  8 28 70 90  3 79
  40 15 55 28  8 29 10 84 68 61 26 56 37 33  3 91 75 76 46 26 86 46 70 37
  90]
 [ 0 58 98 23 89 92 33 15 29 96 30  8 96 86 26 88 56 25 85 92 71 65 94 48
  59 89 63 73 11 40 35 92 61 97 78 37 85 66 50 23 23 83 22 60  6 69 23 55
  31 80 16 60 34 68 99 88 49 79  7 11 62  1 87  7 22 65 78 82 88 58 18 90
  76 24 47 48 38 69  1 76 78 79  8 77 64 97 26 16 13 79  7 76 17 84 23 76
  29 43 38 61 13 61 94 42 21 50 77 69 75  8 39  7 11 11 21 34 65 65 11  7
  91 68 31 18 26 57 29 38  1 22 84 56 68 25 62 98 57 28 90 38 24 51 42 54
  34 57 68 99 70 50 94 51 51 52  9 26 47 53 31 84 67 82 33 13 92 34 22 86
  28 52 56 98 34 44  3 50 32 37 80 97  8 76  8 83 32 17 12 96 66 57 97 35
  68 95 42 96 74 27 78 65 30  5  1 82 42 67 11 66 51 94 81 33 46 46 66 36
  51 89 82 71  7 28  4 61 56  8 55 37 21 96 18 82 59 45 82 22  5 40 40 38
  36]
 [ 0 46 10 87 69 84 86 29 45 42 24 41 95 40 76 20 71 51 52 42 85 89 55 58
  65 56 54 25 96 47 19 46 18 65 37 67 63 60 40 71 47 85 45 82 41 52 44 57
  41  5 85 89  6 93 13 19 14  1 48 13 58 27 21  5 82 15 88 50 81 71 83 65
  15 60 15 59 25 82 39 41 37 54 16  2 22 91  4 59 20  4 54 46 68 59 20 52
  90 91  3 42 76 19 82 21 72 33 13 59 47 14 14 34 26 96 53 14 61 37 81 33
  35 96 75  2 72 77 42 56 38 58 43 81 53 58 40 61 64 44 48 52 27 62 90 33
  93 71 18 32 20 64 60 10 33 21  3 60 61 86 36 32 33 93 20 19 27 41 34 22
  72 43 89 68 38 49 46 51 12 33 41 99 94 17 67 25 50 71 83 41 77 12 83 75
  45 33 26 76 63 96 16 77 29 12 94 77  3 83 51 88 93 90 87 20 20 51 63 87
  33  2 41 87 44 43 87 35 62 52 62 92 31 68 37 84 51 52 51  6 45 94 56 47
  87]
 [ 0 95 84 93 97 79 31 36  8 33 23  1 94 16 16 91 66 85 55 10 30 23 61 99
  49 94 58  7 51 11  8 44 22 66 45 56 15 46 88 35 34 94 28 24 28 65 34 65
  90 89 76 22 30 14 13 38 75 28 49 42 79 66 98 64 35 96  6 30 68 87 99 64
  58 67 70 76 21 27 56 95 53 27 10 48 47 65 13 55 15 53 15 77 29 38 15 96
  67 50 49 13 97 51 56 75  9 11 50 25 97 97 21 17 67 88 13  7 24 35 35 81
  29 11 73 67 99 58 87 95 74 15 13 90 97 94 41 20  5 57 76 78 31 22 45 23
   9 90 59 31 96 94 69  7 89  3 97 43 65 50 69 39 56 70  7 81 42 19 52 68
  89 37 88 13 91 94 87 80 17 19  7  7 36 80 59  7 85 50 97 97 70 79 71 77
  94 29 12 90 72 55 55 98 18 39 95 45 15 71 68 71 85 25  1 10 92 57 10 55
   5 98 19 22 56  1 10 30 42 50 85 38 19 74 13 64 28 84 37 48 91 10 83  5
  32]
 [ 0 49 42 29 97 47 10 43 87 81 54 33 10 68 29  7 22 97 28 65 89 45 75 93
  71 74  4 82 39 16 39 91 39 76 90 11 34 81 14 51 85 42 24 14 83 30 17 26
  96 61 23 20 83 77 83  2 33  8 30 38 66 44 68 77 57 54  4 18 21 45 78 33
  52 92 99 83 82 53 40 50 69 91 30 43 83 67 10 72 23 41 13 71 92  6 21 59
  68 65 17 76 84 48 90 12 14 45 28 78 33 79 67 77 32 64  8 69 73 38 51 48
  69  8 45 71 96 20 91 31 59 50 29 30  2 84 93  4 18 71 43 69 66 61 57 28
  10 49 73 65 49 88 30 28 96 41 24 58 40 70  1 99 12 42 30 80 91 26 50 94
   2 44 61 51 13 16 44 12 35 40 54 50 75 51 12 92 21 52 47 33 19 57 33 47
  29 42 28 68 72 59 42 55  4 36 72 35 76 51 31 75 22 36 31 93 71 92 77 68
  83 58 43 56 98 27 10 80 32 93 92 63 17 34 20 44 50  6 98 68 97 67 12 26
  51]
 [ 0 87 78 35 54 35  7 75 18 73 24 75 22 35 16 86 15 56 18 65 96 47 52 67
  46 61 73  5 10 84 26 77 76 27 97 17 96 99 14 80 77 93 16 83 65  3 35 31
   4 14 18 88  8 18 21 88 54 15 99 97 29  5 62 66  5 33 54  4  1 32 14 36
  44 71 16 21 25 98 26 65 51 53 51 19 73 87 77 57 10 54 86 66 53 22 48 43
  68 99 56 47 61 98 63 49 75 32 90 73 97 19 77  6 41 90 19 47 19 59 75 39
  37 77  4 40 39 23 60 31 56 45  8 84 61 14 44 54 23 33 54 53 28 98  3 25
  92  4 45 77 94 68 87 41 50 93 48 25 87 85 18 33 74 21 49 92 40  6 36 14
  31 31 15 11 64 47 22 34 93 30 57 42 20 13 14 35 24 90  4 65 95 54 23 96
  50 19  4  6 27 21 37 53 75 63 60 73 73  8 32 31 20 44 63 51 47 21 60 29
  43 48 12  6 66 73 29 17 92 67 98 71 46 19 70 40 33  6  6 33  7 12 46 46
  16]
 [ 0 97 58 44 30 11 46 87 65 47 89 20 38 51 70 21 27 23 62 46 48 79 14 39
   3 23 21 58 92  7 19 66 85 28 61 12 42 83 36 11 97 41 26 99 97 29  4 11
  72 58 13 61 65 23 54 52 51 23 23 14 86 38 18 76 87 34 21 91 52 79 36 20
  73 26 74 30 16 11 83 10 97 47 78 43 57 74 23 21 23 25  5 82 64 80 53 65
  13  5 75 22 57 81 14 27 64 74 24 56 78 59 55 37 70 59  3 35 82 68 71 96
  78 16 70 31 30 82 44 64 37 85  3 64 50 90 33 90 32 83 11 42 10 50 91 82
   9 57 46 71 14 97  7 88 31 23 16 32 58 52 83 94 81 66 57 34 15 99 63 48
  89 22 23 99 31 16 63 52 33 74 13 77 87 10  2  2 42  8 88 59 96 33 68 39
  36 83 96 82 98 63 52 75 49  2 70 33 11 15 36 84 68 41 70 14 71 78 74 81
  29 75 84 56 83 40 50 83 69 62 69 62 22 82  4 55 78 72 86 25 95 39  2 38
  95]
 [ 0 67 76 84 26 89 96 58 41 88 30 18 40 81 13 42 98 17 16 87 44 27  8 75
  45 15 37 37 70 41 70 34 58 69 37  9 79 84 87 73 36 22 48 58 21 71 36 30
  98 52  5 69 61 90 86 32 19 64 30 16 50 20 15 34 41 80 46  8 17 79 82 42
  23 48 76 88 32 37 23 90 98 52 90 94 56 67 66 81 23 79 65 83 36  8  9 61
  20 41 97 54 91 17 94 95  1 68 27 24  5 30 15 85 17 46 11 70 33 69 32 99
  59 59 99  4 79  9 90 29 73 40 57 28 90 23 75 81 58 29 10 98 75 55 64  9
  28 19 52 80 71 28 26 69  9 51 58 61 68 19 35 21 74  6 73 49 29  8 96 14
  76 88 76 14  3 68 55 85 46  9 94 36 23 16 52 96 60 61 24 67 87  8 63 93
  98 30 23  7 72 34 80 32 82 78 42 10 28 45 49 84 11 84 68 89 11 53 85 21
  47 76  4 19  8 46 60 18 84 41 71 62 47  1  5 20 99 72 31 13 74 96 36 67
  78]
 [ 0 35 29  6 13 34 81 20 85 55 81 86 18 48 43 69 17 82 89  2  3  7 83 85
  58 70 84 45 99 65 16 93 61 76 60 75 51 31 60 43  6 39 60 60 34 58 49 27
  25 30 56 81 16 41 47 53 52 76 73 56 17 95 88 94 90 21 35 65 98 39  4 32
  44 70 14 23 45  4 15 24 46  1 79 31 93 20  6 88 49 61 57  7 83 79  8 97
  93 63 25  1 76  6 42 34 90 36 32 94 46 82 25 27 39 92  7 21 76 21  9 32
  45 54 56 29 34 43 51 16 34 48 87 59 55 64 66 67 64 89 81 54 69 93 84 94
  88 84 76 73 13 24 78 50 30 96 65 37 33 17 14 77  8 63 57 77 76 40 48 77
  28 31 80 82 72 24 89 50  9  9 55 88 12 26 77 58 72 64 51 24 84 61 43 47
  80  6 39 32 50 13 19 44 43 12 52 12  6 76 42 95  7 79 38 95 75 53 76 76
  93 40 81 41 80 26 42 55 26 93  8 84 48 69 93 65 34 54 40  7 93 72 15 66
  86]
 [ 0 94 68  1 48  8 81 92 72 93 22 80 29  1 99 46 99 78 94 22 26 49 50 61
  13 29 21 55 37 87 24 97 74 13 86  8 23 75 55 11  3 29 23 62 57 23 42 92
   3 39  7 53  8 53 97 16 99 26 23 63 11 10 94 49 68 23 81 34 39 26 99 38
  43 59 19 33 95 72 47 72 60 82 35 67 10 85 80 59 40 46 73 68 95 20 67 97
  53 88 15  3 48 28 34 80 42 22 42 35 62 76 85 78 24 58 31 28 71 91  9 35
  94 55 54 38 84 57 33  4 68 76 85 82 84 93 80 48 84 17 21 36 93 29 45 32
  11 10 49 11 49 13 82  1 51 25  5 75 52 79 24 45 54 15 57 92 17 83 55 36
  85 93 12 53 95 43 87 40 35 74 67 32 39  6  8 45 44 47 28 96 22 18 79 72
  75 70 53 60 25  3 64 95 38 20 13 69 70 45 41 71 94 28 62  7 71 72 73 49
  43 67  8 65 87 19 45  2 62 15 75  4 77 25 94 34 31 59 28 30 58  5 20 88
  26]]
 job2fam
 [[1 0 0 0 0 0 0 0 0 0 0 0 0 0 0 0 0 0 0 0 0 0 0 0 0 0 0 0 0 0 0 0 0 0 0 0
  0 0 0 0 0 0 0 0 0 0 0 0 0 0 0 0 0 0 0 0 0 0 0 0 0 0 0 0 0 0 0 0 0 0 0 0
  0 0 0 0 0 0 0 0 0 0 0 0 0 0 0 0 0 0 0 0 0 0 0 0 0 0 0 0 0 0 0 0 0 0 0 0
  0 0 0 0 0 0 0 0 0 0 0 0 0 0 0 0 0 0 0 0 0 0 0 0 0 0 0 0 0 0 0 0 0 0 0 0
  0 0 0 0 0 0 0 0 0 0 0 0 0 0 0 0 0 0 0 0 0 0 0 0 0 0 0 0 0 0 0 0 0 0 0 0
  0 0 0 0 0 0 0 0 0 0 0 0 0 0 0 0 0 0 0 0 0 0 0 0 0 0 0 0 0 0 0 0 0 0 0 0
  0 0 0 0 0 0 0 0 0 0 0 0 0 0 0 0 0 0 0 0 0 0 0 0 0]
 [0 1 0 0 0 1 1 0 0 1 0 0 0 0 0 0 0 0 0 0 0 0 0 0 0 1 0 0 0 0 0 0 0 0 0 0
  0 0 0 0 0 0 0 0 0 0 0 1 0 0 0 0 0 0 0 0 0 0 0 0 0 0 0 0 0 0 0 0 0 1 0 0
  1 0 0 0 0 0 0 0 0 0 0 1 0 0 0 0 0 0 0 0 0 0 0 0 0 0 0 0 0 1 0 1 0 0 0 0
  0 0 0 0 1 0 0 0 0 0 0 0 0 0 0 0 0 0 0 0 0 0 0 0 1 0 1 0 0 0 0 0 0 1 0 0
  0 0 0 0 0 0 0 0 0 0 0 0 0 0 0 0 0 0 0 0 0 0 0 0 0 1 0 0 0 0 1 0 0 0 0 0
  0 0 0 0 0 0 1 0 0 0 1 0 0 0 0 0 0 0 1 0 0 1 0 0 0 0 0 0 0 0 1 0 0 0 0 1
  0 0 0 0 0 0 0 0 0 0 0 0 0 0 0 0 0 0 0 0 0 0 0 0 0]
 [0 0 0 0 0 0 0 0 1 0 0 0 0 0 0 0 0 1 0 0 0 0 0 0 1 0 0 0 0 0 0 0 0 0 0 0
  0 0 0 0 0 1 0 0 0 0 0 0 0 0 0 0 0 1 0 0 0 0 0 0 0 0 0 0 0 0 0 0 0 0 0 0
  0 0 0 0 0 0 0 0 0 0 0 0 1 0 0 0 0 0 0 0 0 0 0 1 0 0 0 0 0 0 0 0 0 0 0 1
  0 0 0 0 0 0 0 0 0 0 1 0 0 0 0 0 0 1 0 0 0 0 0 0 0 0 0 0 0 0 0 0 0 0 0 0
  0 0 1 0 0 0 0 1 0 0 0 1 0 0 0 0 0 0 0 0 0 1 0 0 0 0 0 1 0 0 0 0 0 0 0 0
  0 0 0 0 0 0 0 0 0 0 0 0 0 0 0 0 0 0 0 0 0 0 0 0 0 0 0 0 0 0 0 0 0 0 0 0
  0 0 1 0 0 1 0 0 0 0 0 0 0 0 0 0 0 0 0 0 0 0 0 0 0]
 [0 0 0 0 1 0 0 0 0 0 0 0 0 0 0 1 0 0 0 1 0 0 1 0 0 0 1 0 1 0 1 0 0 0 0 0
  0 0 0 0 0 0 0 0 0 0 0 0 0 1 0 0 0 0 0 0 1 0 0 0 0 0 0 0 0 0 0 0 0 0 0 0
  0 0 0 0 0 0 0 0 0 0 0 0 0 0 0 0 0 0 0 0 0 1 1 0 0 0 1 0 1 0 0 0 0 0 0 0
  0 0 0 0 0 0 0 0 0 0 0 0 0 0 0 0 0 0 1 0 0 0 0 1 0 1 0 1 0 0 1 0 0 0 0 0
  0 0 0 0 0 0 0 0 0 0 1 0 0 0 0 0 0 0 0 0 1 0 0 0 0 0 1 0 0 0 0 0 0 0 0 0
  1 0 0 0 1 0 0 0 0 0 0 0 0 0 0 0 0 0 0 1 0 0 0 0 1 0 0 0 0 0 0 0 0 0 0 0
  0 0 0 0 0 0 0 0 0 0 0 1 0 0 0 0 0 0 0 0 0 0 0 0 0]
 [0 0 0 0 0 0 0 0 0 0 0 0 1 0 0 0 0 0 0 0 0 0 0 0 0 0 0 0 0 0 0 0 0 0 0 0
  0 0 0 0 0 0 0 0 0 0 0 0 0 0 0 0 0 0 0 0 0 0 1 0 0 0 0 0 1 0 0 1 0 0 0 0
  0 0 0 1 0 0 0 0 0 0 0 0 0 1 0 0 0 0 1 0 1 0 0 0 0 0 0 1 0 0 0 0 0 0 0 0
  0 1 0 0 0 0 1 0 0 0 0 0 0 0 0 0 0 0 0 0 0 0 0 0 0 0 0 0 0 0 0 0 0 0 0 0
  0 0 0 0 0 0 0 0 0 0 0 0 0 0 0 0 0 0 1 0 0 0 0 0 1 0 0 0 0 0 0 0 0 0 0 1
  0 1 0 0 0 0 0 0 0 0 0 0 0 0 1 0 0 0 0 0 0 0 0 0 0 0 0 0 0 0 0 0 0 0 0 0
  0 1 0 0 0 0 0 0 0 0 1 0 0 0 0 0 0 0 0 0 0 1 0 0 0]
 [0 0 0 1 0 0 0 0 0 0 0 0 0 0 0 0 0 0 0 0 0 0 0 0 0 0 0 1 0 1 0 0 0 0 0 0
  0 0 0 0 0 0 1 0 0 0 0 0 0 0 1 0 0 0 0 0 0 0 0 0 0 0 0 0 0 0 0 0 1 0 0 0
  0 0 0 0 1 0 0 0 0 0 0 0 0 0 0 0 0 0 0 0 0 0 0 0 0 0 0 0 0 0 1 0 0 0 0 0
  0 0 0 0 0 0 0 1 0 0 0 1 0 0 0 0 0 0 0 1 0 0 1 0 0 0 0 0 0 0 0 1 0 0 0 0
  0 0 0 0 0 0 0 0 0 1 0 0 0 1 0 0 0 0 0 1 0 0 0 0 0 0 0 0 0 0 0 0 1 0 0 0
  0 0 0 1 0 0 0 0 1 0 0 0 0 0 0 0 0 0 0 0 0 0 0 0 0 0 0 0 1 0 0 0 0 0 0 0
  0 0 0 0 0 0 0 0 0 0 0 0 1 0 1 0 0 0 0 0 0 0 0 0 0]
 [0 0 0 0 0 0 0 1 0 0 0 1 0 0 0 0 0 0 0 0 0 0 0 0 0 0 0 0 0 0 0 0 0 0 1 0
  0 0 0 1 0 0 0 0 0 0 1 0 0 0 0 0 1 0 1 0 0 0 0 0 0 0 0 0 0 0 0 0 0 0 0 0
  0 0 0 0 0 0 0 0 1 0 0 0 0 0 0 0 0 0 0 0 0 0 0 0 0 0 0 0 0 0 0 0 0 0 0 0
  0 0 0 0 0 1 0 0 0 0 0 0 0 0 0 0 0 0 0 0 0 0 0 0 0 0 0 0 1 0 0 0 0 0 0 0
  1 0 0 0 0 0 0 0 0 0 0 0 0 0 0 0 0 0 0 0 0 0 0 1 0 0 0 0 0 1 0 0 0 0 0 0
  0 0 1 0 0 1 0 0 0 0 0 0 0 0 0 0 0 0 0 0 0 0 0 0 0 0 0 0 0 0 0 0 1 0 0 0
  0 0 0 0 1 0 0 0 0 1 0 0 0 0 0 0 0 0 1 0 0 0 0 0 0]
 [0 0 0 0 0 0 0 0 0 0 0 0 0 1 0 0 0 0 0 0 0 0 0 0 0 0 0 0 0 0 0 0 0 0 0 0
  0 0 0 0 1 0 0 0 0 0 0 0 0 0 0 0 0 0 0 0 0 0 0 1 0 1 0 0 0 0 0 0 0 0 0 0
  0 0 1 0 0 0 1 1 0 0 1 0 0 0 0 0 0 0 0 0 0 0 0 0 0 1 0 0 0 0 0 0 0 1 0 0
  0 0 0 0 0 0 0 0 0 0 0 0 1 0 0 0 0 0 0 0 1 1 0 0 0 0 0 0 0 0 0 0 0 0 0 0
  0 1 0 0 0 1 0 0 0 0 0 0 0 0 1 0 0 0 0 0 0 0 0 0 0 0 0 0 0 0 0 1 0 0 0 0
  0 0 0 0 0 0 0 0 0 0 0 0 0 0 0 1 1 0 0 0 1 0 1 0 0 0 1 0 0 0 0 0 0 0 1 0
  0 0 0 0 0 0 0 1 1 0 0 0 0 0 0 0 0 0 0 0 0 0 0 0 0]
 [0 0 0 0 0 0 0 0 0 0 0 0 0 0 1 0 0 0 0 0 0 1 0 0 0 0 0 0 0 0 0 0 1 1 0 0
  0 0 0 0 0 0 0 1 1 0 0 0 0 0 0 1 0 0 0 0 0 1 0 0 0 0 1 1 0 0 0 0 0 0 0 0
  0 0 0 0 0 0 0 0 0 0 0 0 0 0 0 0 0 0 0 0 0 0 0 0 0 0 0 0 0 0 0 0 1 0 0 0
  1 0 0 1 0 0 0 0 0 1 0 0 0 0 1 0 0 0 0 0 0 0 0 0 0 0 0 0 0 0 0 0 0 0 0 0
  0 0 0 0 1 0 0 0 0 0 0 0 0 0 0 0 1 1 0 0 0 0 0 0 0 0 0 0 0 0 0 0 0 0 0 0
  0 0 0 0 0 0 0 0 0 1 0 1 0 0 0 0 0 0 0 0 0 0 0 0 0 0 0 1 0 1 0 0 0 0 0 0
  0 0 0 1 0 0 0 0 0 0 0 0 0 0 0 0 0 1 0 0 1 0 0 0 1]
 [0 0 0 0 0 0 0 0 0 0 0 0 0 0 0 0 0 0 1 0 0 0 0 0 0 0 0 0 0 0 0 0 0 0 0 1
  0 0 0 0 0 0 0 0 0 1 0 0 0 0 0 0 0 0 0 0 0 0 0 0 0 0 0 0 0 0 0 0 0 0 0 0
  0 0 0 0 0 1 0 0 0 1 0 0 0 0 0 0 0 0 0 1 0 0 0 0 0 0 0 0 0 0 0 0 0 0 1 0
  0 0 0 0 0 0 0 0 0 0 0 0 0 0 0 0 1 0 0 0 0 0 0 0 0 0 0 0 0 1 0 0 0 0 0 1
  0 0 0 0 0 0 0 0 0 0 0 0 0 0 0 1 0 0 0 0 0 0 0 0 0 0 0 0 0 0 0 0 0 0 0 0
  0 0 0 0 0 0 0 0 0 0 0 0 0 0 0 0 0 0 0 0 0 0 0 1 0 0 0 0 0 0 0 0 0 0 0 0
  0 0 0 0 0 0 0 0 0 0 0 0 0 0 0 1 0 0 0 1 0 0 0 0 0]
 [0 0 0 0 0 0 0 0 0 0 0 0 0 0 0 0 1 0 0 0 0 0 0 0 0 0 0 0 0 0 0 0 0 0 0 0
  0 1 1 0 0 0 0 0 0 0 0 0 0 0 0 0 0 0 0 1 0 0 0 0 0 0 0 0 0 1 0 0 0 0 1 1
  0 0 0 0 0 0 0 0 0 0 0 0 0 0 1 0 1 0 0 0 0 0 0 0 1 0 0 0 0 0 0 0 0 0 0 0
  0 0 0 0 0 0 0 0 1 0 0 0 0 0 0 0 0 0 0 0 0 0 0 0 0 0 0 0 0 0 0 0 0 0 0 0
  0 0 0 0 0 0 1 0 1 0 0 0 0 0 0 0 0 0 0 0 0 0 1 0 0 0 0 0 1 0 0 0 0 0 0 0
  0 0 0 0 0 0 0 0 0 0 0 0 1 1 0 0 0 0 0 0 0 0 0 0 0 0 0 0 0 0 0 1 0 0 0 0
  0 0 0 0 0 0 1 0 0 0 0 0 0 1 0 0 1 0 0 0 0 0 0 0 0]
 [0 0 0 0 0 0 0 0 0 0 0 0 0 0 0 0 0 0 0 0 1 0 0 0 0 0 0 0 0 0 0 1 0 0 0 0
  1 0 0 0 0 0 0 0 0 0 0 0 0 0 0 0 0 0 0 0 0 0 0 0 1 0 0 0 0 0 0 0 0 0 0 0
  0 1 0 0 0 0 0 0 0 0 0 0 0 0 0 1 0 0 0 0 0 0 0 0 0 0 0 0 0 0 0 0 0 0 0 0
  0 0 0 0 0 0 0 0 0 0 0 0 0 1 0 0 0 0 0 0 0 0 0 0 0 0 0 0 0 0 0 0 1 0 1 0
  0 0 0 0 0 0 0 0 0 0 0 0 1 0 0 0 0 0 0 0 0 0 0 0 0 0 0 0 0 0 0 0 0 1 1 0
  0 0 0 0 0 0 0 0 0 0 0 0 0 0 0 0 0 0 0 0 0 0 0 0 0 0 0 0 0 0 0 0 0 1 0 0
  1 0 0 0 0 0 0 0 0 0 0 0 0 0 0 0 0 0 0 0 0 0 0 1 0]
 [0 0 1 0 0 0 0 0 0 0 1 0 0 0 0 0 0 0 0 0 0 0 0 1 0 0 0 0 0 0 0 0 0 0 0 0
  0 0 0 0 0 0 0 0 0 0 0 0 1 0 0 0 0 0 0 0 0 0 0 0 0 0 0 0 0 0 1 0 0 0 0 0
  0 0 0 0 0 0 0 0 0 0 0 0 0 0 0 0 0 1 0 0 0 0 0 0 0 0 0 0 0 0 0 0 0 0 0 0
  0 0 1 0 0 0 0 0 0 0 0 0 0 0 0 1 0 0 0 0 0 0 0 0 0 0 0 0 0 0 0 0 0 0 0 0
  0 0 0 1 0 0 0 0 0 0 0 0 0 0 0 0 0 0 0 0 0 0 0 0 0 0 0 0 0 0 0 0 0 0 0 0
  0 0 0 0 0 0 0 1 0 0 0 0 0 0 0 0 0 1 0 0 0 0 0 0 0 1 0 0 0 0 0 0 0 0 0 0
  0 0 0 0 0 0 0 0 0 0 0 0 0 0 0 0 0 0 0 0 0 0 1 0 0]]
