params：
 weight-->(1, 10)
 proc_times-->(1, 100)
 setup_times-->(30, 60)
 delivery_times-->(1, 30)
 job_rate-->12

start:
alpha_1
12
 alpha_2
1.0
 mach
20
 job
240
 fam
12
 weigh
 [[0 4 9 3 1 9 7 3 3 9 3 5 2 3 7 7 7 7 4 9 1 4 2 9 5 2 9 1 3 7 1 3 8 2 2 2
  6 6 7 5 3 1 7 6 6 8 3 6 2 2 9 5 8 7 3 6 4 3 8 4 5 3 3 1 6 9 5 2 6 3 6 5
  4 3 5 4 6 4 8 7 8 2 1 1 1 6 3 6 1 4 2 9 7 4 4 9 5 8 9 2 6 4 9 8 6 1 8 6
  7 2 9 9 3 7 5 4 2 3 6 5 9 4 3 2 3 4 1 3 7 8 6 6 3 1 4 1 1 4 2 7 8 5 4 2
  3 5 1 7 2 5 2 5 1 9 5 2 9 2 8 3 6 3 6 7 4 6 2 3 8 5 5 4 9 5 5 1 1 9 6 7
  3 1 6 9 2 1 3 5 7 5 5 3 3 6 2 7 8 3 6 5 8 6 7 4 3 9 7 3 7 2 6 9 3 3 9 8
  1 6 7 5 9 6 8 8 2 2 4 2 9 5 3 4 9 7 7 6 9 1 6 5 6]]
 proc_times
 [[  0  78   2   5  14  39  44   7  57  98  16  60  62  30  55  37   1  91
   62  95  56  26  14  41  93  27  39  10  86 100  36   8  56  20  45  13
   91   8  65  97  95  59  75 100  98  42  74  26  77 100  16  43  51  24
   96  71  20  71  34  96  20  58  42  78  52  90  68  72  33   6  20  55
    3  21  80  61  60  52  43  17  27  14  33  39  51  95  55  85   4  28
   43  84  62  48  23   6  28  26  65  91   7  52  50  96  40  85  25  64
   77  40  23  23  27  24  54  89  77  15  99  73  58  11  18  80  41  88
   43  50  69  99  86  74  45  80  64  68  76  68  71  59  78  65  28  75
   72  61  96   3  88  39  90  32  86  79  40  95  10  92   8  15  71  42
   91  26  80  68  26  50  86  31  44  52  72  71  62  20  61  63  60  34
   26  48   5  67  77   5  70  79  23   5  77  17  43  52 100  94  55  68
   16  80  88  90  68  29  59  80  61  12  45  33  88  46  63  47  50  95
   41  58  20   2  37  15   7  90  15  14  70   9   4  14  41  33  96  19
    5   4  24  77  95  75  49]
 [  0  59  40  35   9  47  39  34  20  84  77  78  83  50  19   7  86  61
   92  51  90  34  77  50  44  19  87  68  91  48  57  41  16  40   3  40
   65  52   7  37  19  65  89  71  49  51   1  78  10  89   7  90  38  75
   47  89  49  47   8  31  15  90  26 100  19  76   2  69  74  42  15  96
   54  99  39  65  76  37  98  25   2  26  52  50   8  15  61  15  25   9
   82  25  25  84  61  47  31  79  15  51  47  86 100  44  39   1  35  32
   93  68  98  91  90  50   6   3  82  28  11  10  17  25  48  32  93  46
   34   6  53  53  78  34  58  30  13  89  63  84  97  10   4  11  30  87
   88  37  48  84  25  82  81  82  62  28  99  20  75  68  23  75  16  84
   72   7  34  93  50   6  70  95  78  59  55  47  79  60  60  94  24  75
   51  45  46  55  87  13  95  13  47  26  28  28  69  88  63  96  80  54
   99  86  66  71  74  59  16  59   3  11  76   7  37  77  11  97   7  76
   18  62  59  27  37   4  42  43  58  78  30  35  72  53  31  13  32 100
   72  69  64  31  39  52  92]
 [  0  93  96  72  95  25  75  55  49  83  67  87  32  49  98  49  58  37
   42  15  71 100  69  81  89  62  57  52  67   9   1  20  74  82  75   1
   48  87  41  98  53  19  86  96  86  35  54  71  51  37  27  91   9  53
   30  44  67  12  79  61  25  61  16  46  60  36  85  28  31  57  38  61
   55  35  93  69  24  55  24  48  78  14  33  59  21  94   6  57  21  13
   35  22  72  68  96  83  45  49  79  24  83  19  21  57  89  96  83  27
   20  49  72   3  46  62  78  40  80  73  29  98   3  76  19   4  59  17
   88  14  93  20  66  95  47  57   9  98  23  92  98  83 100  52  77  26
   57  91  32  48  87  10  87  55  96  41  34  23  39  93  60   9  94  51
   69  80  15  15  61   8  57  51  22  93  67  90  18  33  32  75  77  96
   25  70  78  33   2  10  85  26  84  90  84  23  87  58  13  69  88  14
   98   9  33   7  71  94  34  57  50  12  41  93  40  24   8  95  41  31
   86  19  71  93   5  47  39  87  55  43   9  17  43  48  58  21  24  35
   27  57  17  84  75  79  57]
 [  0  18  18  36  77  43  67  85  42  54  53  55  17  78  96  18   1  68
   91  98  98  86  29   4  14  66  48  51  94  64  24  92  36  91  97  85
   14  11  15  83  85  64  66  27  55   1  21  55  95  20  43  64  19  46
   68  29  41  19  23  34  88  81  91  75  65  17  16   2  85  56 100  28
   57  76  43  72  72  32  19  55  38  80  69  39  77  47  95   7   7  28
   33   6  88  47   5  71  14  33  99  70  57  22   5  18  68  74  10  51
   63  30  36  52  47  54  50  89  41  71  65  60  38  52  43  54  92  84
   95  94  53  85  18  89  93  99  37  36  96  60  49  26  65  63  16 100
   33  58   6  23  60  34  63  49  12  42  26  94  83  38  98  22  19  79
   69  44  99  28  20  35  37  34  38  40   8  11  41  40  72  17  63  80
   35  83  89  84  70  56  65  18  48  85  34   3  78  86  26  99  19  39
   94  62  84   6  51  35  87  31  91  76  34   3  39  68  27  28  15  19
   15  62  70  96  36  33  91   1  73  40  31  45  43  67  27  24  39  37
   78  47  83  44  61  34  46]
 [  0   7  89  99  84  94  55  26  75  82  74  85  12  22   9  69  92  46
   13  14  46  92  77  50  78   9  44  19  82  67  85  65  24  74   7  85
   13  86  67  83  29  21   7  65  97  54  34  61   2  87  95  11  66  35
   32  77  94  51  79   5  32   5  69  11  96  33  55  71  61  51  56  38
   16  35  83  74  82  59   9  52  77  81   9  25  71  63  36  34  93  34
   75  15  69  51  36   8  45  79  77  87  52  48  99  63  10  33  30  79
   54 100  40  16  77  93  15  73  67  30  77  11  36  21  52   2  74  96
   61  15  29  30  66  77  92  79  66  15  76  18  78   1  13  20  46  63
   48  52  29  60  32  56  29  92  82  51  85  38  40  18  77  85  94  73
   80  30   3  66  55  68  16  69  65  58  87  73  48  16  34 100  95  18
   68  85  48  15   9  31  58  47  97   3  22  15  21  52  60  54  65  12
   43  69  82  20  19  68  82  37  46  40  85  70  75  79  95  40  50  17
   71  42  69   1  64  57   4  95  97  38  49  88  11  85  18 100  75  91
   95  73  41  11  18  86 100]
 [  0 100  62  95   9  37  98  94  42  60  12  63  50  50  61  20  98  79
   10  40  60  38  25  61  24  30  37  75  66  49  79  89  23  11  67  55
   48  19  69  96  50  48  20  29  72  84  75  43   5  52   4  17  54  68
   13  53  48  49  86  51  61  74  80  38   4  33  17  47  30  41  54  13
   27  84  39  97  21  86  60  71  75  36  91  47  46  36  15  70  99  80
   33  55  51  92  91  32  23  10  86  18  78  44   7  40  12  95   8  15
   59  86  77  22  42  63  13  74  49  88  62  97  96  44  92  15  68  68
   38  10   5  73  10  28  26  72  78  57  68  51  24  72  54  23  93  27
   54  22  35  66  32  42   3  18  29  83  18  67  51  46  21  15  44  30
   27  12  23  75  84  42  98  30 100  22  64  35  32  11  69  69  64   1
   12  22  47  26  55  60   7  27  61  10  47  28  45  96  31  18  82  76
   68  42  62  29  61  41  40  36  74  96  46  85  46  27  26  48  12  62
   76  58  53  29  21  74  76  16  61  33  90  96  80   4  51   9  81  16
   25  93  41  51  12  35  33]
 [  0  38  49  57  33  45  40  71  16   9   4  66  16  60  48  79  26  27
   47  67  74  44  35  45  99  71  15  20  17  46  39  54  81  19  98   1
   22  31  54  68  48  76  86  38  64  39  30  10  79   8  10  13  44  43
   96  84  18  45  49  23  96  31  92  52  85  47  82  58  36  46   3  97
   56   9  50  24  77  61  14  56  32  13  28  47  62  82  65  55  87  17
   81  31  63  70  67  70  33  30  84  42  26  22  94  96  38  59  57  52
   20  90  91  22  37  86  65  11   1  52  14   7  11  67  84  39  71  11
   86  14  42  21  84  47   5  62  43  14  26  26  89  36  32  97  71  23
    2  82  15  99  28  58  42  60  73  64  58  30   1  28  14  32  79  81
   42  72  78  66  81  92  51  97  61  50  31  18   2  93  25  61  76  82
   50  29  49  61  24  29  38  19  70  46  75  82  30  83  83  24  85  69
   42  64  86  20  48  59  46  54  17  60  81  95  35  53  36  68  45  78
   77  70  85  31  97  52  71  16  88  29  67  11  95  15  70  49  18  68
   68  26  29   5  37  98  94]
 [  0  13  13  87  82  17  15  38  61  59  57   6  25   8  83  62  31  73
   55  12  19  69  94  53  71  15  81  82  68  41  27  35  28  53  35  14
   37  48  81  11  93  16  18  93  16  21   2   5  66  43  48  25  17  10
   21  83  46  62  88  27  69  79  98  89  95  46  83  71  34  78  53  47
   92  13  31  94  77  62  34  94  88  53  74  10  85  59   1   9  67  17
   32   7  98  60  26   8  90  35   9  37  70  79   7  16   1  24  82  81
   93  38  61  17  97  77  11  53  95   8  79  18  80  98  11  71  73  25
   52  39  85  22  65  16  77  81  75  26  45  83  81  48  28  61   3  41
   67  36  23  20  68  29  18  19  18  44  49  12  70  66  98  13   4  73
   47  77  39  60  43  58  25  66  41   1  57  86  38  71  24  94  13  34
   52  56  18  52  32  76  28  38  84  81  32  72  54  89  26  33  59  42
   54  55  31  74  30  68  97  98   1  58  47   3  11  45  43   4  30   6
   16  98   7  61  85  87  11  99  16  20  72   9   2  39  45  29  21  84
   85  35  34  22  16   2  98]
 [  0  11  32  22  38  93  87  69  84  68  70  22  98  78  25  91   2  58
   71  82  80  97  28   6  55  83  68   1  70  31  80  61  15  62  88  17
   10  48  83   1  47  67  24  41   3   1  42   8  57  57  53  89  52  21
   77  73  24  21  32  51  58  59   9  36   4  90  19  38  54  65  13  42
   58  78   3  44  84   1  30  78  16  83  49  77   3  76  33  11   4  16
   83  55  68  80   8  83  65  39  49  67  76  43  35  33  89  66  56  70
   44  89  98  56  57  75  63  87  20  21  98  39  97   1  12  87  41  48
   78  11  45  51  53  37  22  24  95   2  73  83  76  85  95  65  83  58
    2  49  28  69  90  24  53  37  56  76  38  67  65  80  88  47  21  39
   10  22  50  80  59  34  60  65  95  49  20   4  11  15  22  69  98  91
   61  66  71  79  22   1  38  34   5  82  42  82   5  40  65  48  58  41
    8  74  28  72  91  16  34  37  76  58  86  70   5   3  30  90  56  98
   15  42  10  82  20  50  59  93  46  22  33  77  71  49  66  29  43  44
   61  53  70  51  44  98  55]
 [  0  48  51  46  87  70  19   1  57  67  94  61  78  21  52  62   2  77
   72   8  22  31  61  44  49  78  19  30  96   3  24  54  53  87  89 100
   28  94  22   7  33  87  42  43  88  23  50  14  13  84  16  71  14  76
   32  15  69  83  55  31  70  53  21  28  50  52  36  62  44  25  42  60
   20  37  43  64  99  40  85  99  48  87  48  14  14  72  10  96  75  57
   55  21  26  91  91  32  45  36  74  48  21  21  10  68  40  75  28  53
   33  76   2  11   2  19  59  65  51  49  56  50  37  28  63  75  68  80
   73  27  32  58  79  47  34   5   7 100   4  10  86  36  89  82  67  96
   94   9  60   7  43  88  29 100   8  12  46  35  82  14  76  84  30   9
   42   7  27  69  60  92  30  83  61   2  16  95  67  10  73  62  84  76
   16  16  14   6  40  45   9  22  46  21  70  84  77  71  74  25   7  29
    3  90  17   1  84  57  32  29  45  45  65  24  62  17  70  87  87  68
   56  77   4  11  74  32  29  43  47  32  40  24  85  46  82  28   6  91
   58  47  66  37  77  81  72]
 [  0   1  89  10  29  40   2  59  57  31  64  46  26  91  20  77  92  84
   15  83  94  33  42  24  90  72  47  60  32  51  52  49  33  20  97  11
   74  59  12  66  81  99  84  92  15  14  38  69  74  91   3  88  28  58
   26  73   9  27  84   6  51  16  27  90  72  42  21  94  37  44  81  72
   95  88  27  10  38  12  30  96  93  18  16  13  27  60  50  19  16  40
  100  20  55  65  92  74  69   5  26  88  99  63  65  40  34  18  53   3
   62  37   6  19  58  43  45  17  55   6 100  68  64  89  27   3  85  68
   96  15  82   9  81  13  92  60  50  71  81  41  26  15  67  58  52  99
   81  85  42  80  88  67  23  39  29  70  48 100  65  27  51  44  50  55
    7  35  41  69  46  92  17  51  82  43  78  33  91   5  43  11  61  79
   61  42  93  23  18  47  94  81  92  15  71  58  47  67  27  85  70  83
   19  48  68  18  65  88  61   3  37  53  47   9  35  69   7  82  86  52
   54  61  32  48  81  62  51  61  41  38  46  14  82  65  13  17  30  16
   62   7 100  27  71  54  72]
 [  0  44   1  54  38  86  32  27  67  31  94  41  11  43  27  98  13  27
   26  78  15  69  83  90  88  17  27  62  71  97  24  50  21  28  24  15
    7  50  27  79  98  74  65  54  66  47  44  92  97  50  97  65  14  11
   13  70  57  56  35  68  19  73  40  67  81  54  90  34   4  92  93  54
   69  84  54  45  70  66  10  52  40  79  18  51  12  42  52  52  62  91
   85  47  74  59  92  23  95  65  48  21  64  65   7  43  19  59  26  23
   30  45  61  29  44  88  83  62  23  87  91  97  76  53  42  67  57  53
   97  28  53  28   4  89  22  88  58  80  61  10  44  84  47  34  69  55
   18  82  97   3  27  49  83  57  18  66  10  24   2  84  72   6  35  76
   34 100  44   9  96  33  53  37  36  57  27  48  16  63  32  58  89  67
   55  97   8  93  36  48  15  24  72  55  77  37  68  57  33   7  75  90
    6  17  46  79  48  81   9  70  68  33  20  80  13  61  97  22  75  22
   90   3  49   3  19  55  87  94  61  14  73  14  61  35  57  78  72  76
    4  57  65  53   3  88  73]
 [  0  93  84  86  88  62  72  49  95  64  70  28  49  70  81  77  10  23
   99  33  59  53  60  36   7  54  76   4   2   5  85  95  43  74  51  92
   65  30  44  82  17  91  40  97  80  14  27  78  31  29  63  36  58  11
    2  19  59  69  93  20  69  19  17  80  55  39  28  54  35  55  64  23
   43  25  93  54  40  54  95  88   2  41   8  82  48   9  80  37  77  31
   62  33  87  76  31  92  41  65   6  52  26  69  29  13  26  55  15  78
   51  22  56   5   1  21  25  35  89  70  97  31  21  90   5  94  59  38
   69  28  98  10  44  45  85  78  77  61  22   3  81  40  83  25  59  28
   67  60  41   3  96  73  52  82   6  78  83  95  72  81  53  74  67  38
   37   5  50  64  51  34  26  39  48  26  62  49  10  20  25   7  91  73
   98  61  23  36  46   2  30  82  58  70   9  73  26  13  33  95  58  29
   35  76  34  47   2  35  99  79  17  71  66  29  39   8  92  55  47  24
   23  75   4  71  26  98   3  52  49  29  19  89  29  14  80  24  98  97
    2  47  19  86  66  75  71]
 [  0  76  51  63  45  69  22  61  11  95   6  48  57  63  67   5  82  90
   62   5  88  56  87  21  15  30  19  79  21  48   1  72  69   7  37  38
   34  72  76  76  71  95  79  55   4  90   8  93  75   8  36  44  44  16
   63  91  62  74  35  86   5  34  93  85  39  13  58  47  28   3  61  21
   67  18   9  89  45  15  14  43  20  61  36  15  82  78  91  64  41  24
   38  11  58   1  10   4  31  88  52  84   2  63  68  69  65  34  88  91
   64   6  62  99  82  33  22  16  78  88  66  30   6  17  24  59  24  12
   85  97  79  21  16  70   3  75  57  64  77  17  21  68  18  79  27  72
   40  38  41  64  11  73  18  71  74   6  72  86  90  66  61  70  98  87
   88  27  98  65  53  42  49  49  93  52  51  47  81  84  68  88  38   5
   83  23  91   8   7  17  96   2   6  23   2  21  69  39  55  47  38  50
   83  54  29  36  23  12  86  46  10  87  11  78  69  68  26   7  19  93
   66  63  13   5  94  87  63  97  49  12  46  83  48  33   6  70   5  36
   78  20   9  31  43  78  98]
 [  0  40  34  46  68  60  74  28  44  10  51  72  36  30  18  46  78  32
    7  11  50  87  99  16  77  44  28  74  98  10  25  39  79  76  85  47
   50  90  71  23  83  22  61  88  19  86  23  87  80   3  54  22  38  63
   20  71  13  48  25  96  93   4  33  48  59  19  22   6  11  77  54  33
    3  42  36 100  88  76  78   2  74   7   2  64  38  87  95   3  16  70
   77  11  81  78  70  39   7  59  10  44  21  65 100  13  97   3  63  17
   43  31  14  81  84  53  67  43   5  51  78  51  27  30  92  75   7  81
   81  87  74  13  91  81  95  66  95  32  32  70  96  80  62  24  47  57
   12  16  23  89  51  66  83  40  35  45  45  35  21  12  98  19  51   2
   79  17  13  29  22   6  33   3  42  91  70  55  17  36  97  54  93  50
   69  86  63  74  26  89  94  87  67  47  34  20  82  61  91  37  27  30
   10  99  57  89  47   6  86  51  33  92  90  85  97  23  26   6  76  81
    2  95  62  93  37  25   2  63  51   5  13  97   4  45  92  92  62  37
   24  96  62  50  23  61  67]
 [  0  34   7  43  67  91  41  14  19  17  86  11  94  49  11  77  20  31
   58  33  63  83  20  45  20  45  88  90  37  71  25  35  21  61  19  38
   66  11  97  31  53  56  97  52  81  11  96  34  77  99  39  51  86  26
   84  33  89  84  81  71  73  47  25  57  47   2  85   5   9  63  41  74
   25  75  32  32  94  47  64  99  36  34  61  62  29  47  72  80  41  21
   88   1  31  90  39  63  11  28  36  60  39  93  66  38  25  63  45  37
    8  77  19  10  31  61  48  87  69  83  99  93  38  11  75   1  35  98
   41  80  23  76  71  38  45  83  34  65   7  99  29  56  48  82  23  33
   25  79 100  55  12  47  16  80  98  59  48  42  61  23  12   9  16  71
   23  22  84  53   7  70  56  97  32  27  51  36  24  24  40  99  77  21
   62  27  17   3  43  92  31  65  48  16  31  96  33  26  89  95  17  82
   81  39  30   8  77  50  41  73   5  87  41   6  75  26  66   8  49  64
   32  13   4  70  23  34   4  83  42  16  95  58  38  50  77  14  32  33
   67  99  49  54  79  37  57]
 [  0  22  87  14  32  63  86  82  57  89   8  50   7  65  77  43  29  12
   20  61  51   2  77  68  94  50  30  43  20  98   5  57  58  24  47  40
   98  31  59  27  11  58  17  90   9  17  64  75  32  52  49  34  37  28
   21  91  11  27  31 100  17   8  89  35  73  47  53  14  20  21  48  60
   17  92  95  85  79  53   9  45 100  47  21  21  35  26  75   1   3  21
   89  49  13  11  32  64  77  62  59  69  55  82  89  54  48   4  98  61
   87  13  54  14  66  70  98  62   9  10  61  70  64  53  11  87  21  42
   93  25  81  40  14  64  76  60  75  47  53  45  60  66  50  68  30  23
   84  62   4  56  77  39  13  43  29  67  88   9  54   8   8  13  21  49
   28  13   7   8  78  53  47  93  75  81  12  58  22  17  38  67  34  67
   38  39  41  86  50  59  95  86  45  59  45   6  18  27  66  15  24  59
    1  67  46  21  70  90  97  68  47  80  11  65  45  37  59  61   9  43
   21  28  67  57  14  38  95  50  24  32  63   6  96  42  53  21  75  65
   52  57  62  62  89  94  80]
 [  0  52  35  56  73  81  88  29  78   4  85  26   6  36  83  38  75  81
    2   5  89  17  50  16  60  12   5  14  99  75 100  53  31  41  91  64
   36  75  54  87  56  62  58  61  91  11  31  41  37  29  80  82  85  87
   37  27  33  47   6  11  13  34  88  24  26 100  52  21  83  32  18  21
   20  49  18  87  90  84  54  71  36  80  74  87   7  37  79  17  48  65
  100  85  10  24  54  61  39  32  41  11  28   2  11  90  11  51  51 100
   20  12  51  94  52  54  83  38  64  88  92  62  18  39  86  64  63  80
   87  74  72  69  14  73  51  85  13  82  42  79  57  27  57  86  77  29
   52  27  95  99  66  82  22   8  14  53  38  45  32  56  47  25  29  46
   60  70  56  66  11  74  50  72  47  56  90  45  59   5  69  49  11  48
   37  39  52   6  29  18  32  39  33  32  65  49  84  24  62  93  57  25
   94 100  35  17  78  54  12  39  11   1   2  48  59  51  61  77  14  92
   34  64  34  11  68  79  74 100  45  86  92  39  47  63  80  12  83   3
   37  56  30  14   6  31  20]
 [  0  43  23  42  72  47  73  84  34  83  68  94  12  44  41  11  73  20
   85  19   4  62  26  28  87  79  35  70  70  70  66  26  71  88  75  57
   22  63   9  25  60  10  20  47  29  67  71  47  54  47  57  27  30  58
   60  66  25  56  71  59  33  65  27 100 100  67  36  32  98  30  57  90
    5  40  54  16  17  88  30  26   9  24  66  89   5  37  59  22  54  87
   24  96  77   1  53  22  26  92  14  12  38  24  48  44  84  30  61  56
   19  98   9  89  27  25  25  12  99  14  73  10  75  52  89   4  98  83
   56  76  12  33  65  26  33  99  41  82  52  61  27  81  64  75  76  58
   88   7  40  94  57  27  47  62  28  66  25  80  95  61  48  51  33  52
   95  87  62  76  39  17  49  41  94  85  91  72  87  61   6  22  41  47
   85  66  62  14  30  88   1  44  87  24  41  90  52  51  61  20  60  33
   75  97  28  69  36  30  38   9  61  97  38  49 100   4  85  83  59  78
   34  93  93  39  48   8  81  74  49  27  57  22  47  98  10  74  80   4
   77  12  18  57  76  61   9]
 [  0  13  88  89  40  67  59  17   1  96   5  81   8  76  37  25  22  18
   95  93  30  38  20  49  72  89  57  94  65  66  94  34  38  40  39  27
   32  10  85  57  76  37  74  14  18  45   4  36  50  68  54  96  55  44
   58  17  36  75  15  55  21  49  99  80  54  33  81  32   6  38  73  25
   64  40  91  47  44  17  99  56  55  56  29  53  75  88  39  31  39  84
   46  66   5  85  10  64  92  86  99  70  72   4  84  23  59  34  28   4
   14  45   5  24   7  13  44  86  48  20  88  70  27  94  11   4  80  49
   12  96  76  51  82  48  38  62  59   6  21  20  37  54  92  78  77  91
   50  29  26  48  19  50  28  17   6  85  51   5  51  62  61  33  65  53
   31  34  12  21  67  73  18  27  10 100  60  98  57  96  18  59  48  59
   30  67  60  63  89  49  39  31  55   9  81  19  25   6  57  50   7  12
  100  61  35  54  85  99  20  16  19  77  26  94  62  14  20  58  51  54
   65  14  26  35  22  78  81   7  50  17  54  82  22  42  32  34  95  52
   55  64  34  71  97  28  78]]
 setup_times
 [[[ 0 33 33 44 32 33 52 45 47 41 38 45 48]
  [ 0  0 45 57 57 40 33 33 40 56 46 36 31]
  [ 0 30  0 41 47 41 39 48 57 34 51 52 32]
  [ 0 49 36  0 44 57 57 55 57 39 33 59 55]
  [ 0 50 32 43  0 41 37 49 52 33 59 33 35]
  [ 0 30 36 33 49  0 56 52 38 46 30 49 58]
  [ 0 51 41 51 54 38  0 42 54 41 40 46 30]
  [ 0 42 50 48 45 56 36  0 49 30 30 42 53]
  [ 0 30 42 57 51 32 35 43  0 40 44 51 37]
  [ 0 56 50 47 37 31 35 37 46  0 57 38 37]
  [ 0 43 55 48 39 53 46 57 58 41  0 56 36]
  [ 0 32 35 36 34 53 31 54 59 49 34  0 51]
  [ 0 44 33 50 42 31 53 44 42 57 34 31  0]]

 [[ 0 41 58 36 43 45 50 51 34 57 34 36 31]
  [ 0  0 44 52 51 36 33 41 46 45 56 57 52]
  [ 0 30  0 42 37 47 38 43 35 58 42 59 59]
  [ 0 37 42  0 41 33 49 58 43 36 58 38 33]
  [ 0 43 55 38  0 42 35 36 58 31 52 41 33]
  [ 0 55 31 31 33  0 50 55 53 42 48 30 58]
  [ 0 48 47 32 40 38  0 45 45 32 44 58 56]
  [ 0 55 41 49 37 44 31  0 32 56 33 42 50]
  [ 0 31 42 51 32 54 59 36  0 34 49 45 44]
  [ 0 31 50 43 32 53 43 46 47  0 50 39 44]
  [ 0 33 31 49 45 35 53 35 58 55  0 36 39]
  [ 0 38 41 38 40 59 45 57 47 45 36  0 55]
  [ 0 32 56 42 42 57 55 40 52 37 37 32  0]]

 [[ 0 51 53 48 40 41 48 40 49 56 51 38 49]
  [ 0  0 58 46 41 42 55 50 54 33 55 45 52]
  [ 0 51  0 47 53 51 58 38 52 38 47 44 38]
  [ 0 42 31  0 58 59 56 46 38 54 46 41 30]
  [ 0 54 30 55  0 33 44 38 41 49 31 42 59]
  [ 0 48 42 54 47  0 54 48 36 47 55 54 44]
  [ 0 45 58 38 46 43  0 45 41 35 47 41 58]
  [ 0 59 50 38 34 35 51  0 32 48 55 55 33]
  [ 0 33 36 37 37 32 58 47  0 55 39 47 34]
  [ 0 40 32 46 40 45 56 58 42  0 47 57 56]
  [ 0 36 33 50 47 49 43 49 54 51  0 46 56]
  [ 0 32 45 49 30 53 49 48 43 43 53  0 50]
  [ 0 48 40 55 31 38 41 39 58 34 45 33  0]]

 [[ 0 30 39 32 54 35 34 48 48 47 32 41 45]
  [ 0  0 54 49 33 38 33 33 32 35 34 32 48]
  [ 0 54  0 51 53 59 30 41 51 36 47 35 41]
  [ 0 37 56  0 39 55 40 58 35 32 51 54 48]
  [ 0 30 58 41  0 35 51 46 49 42 56 35 46]
  [ 0 52 59 48 38  0 58 37 38 34 31 44 35]
  [ 0 55 33 47 43 38  0 59 51 38 48 36 42]
  [ 0 59 31 56 51 31 36  0 54 49 30 45 35]
  [ 0 51 51 59 49 42 37 47  0 52 43 51 41]
  [ 0 34 33 58 32 36 51 57 46  0 39 36 32]
  [ 0 57 41 50 38 52 43 45 48 50  0 30 30]
  [ 0 53 30 57 46 47 35 52 38 47 45  0 51]
  [ 0 53 33 41 32 42 53 53 45 47 33 50  0]]

 [[ 0 50 35 31 30 54 58 44 39 47 43 33 48]
  [ 0  0 43 50 54 56 56 32 48 58 50 48 31]
  [ 0 54  0 48 52 53 46 32 49 50 45 59 59]
  [ 0 40 58  0 50 43 31 37 51 53 41 57 42]
  [ 0 53 39 34  0 45 35 47 52 32 31 44 38]
  [ 0 53 46 46 50  0 41 50 32 57 31 49 46]
  [ 0 43 34 30 30 39  0 52 46 41 43 40 49]
  [ 0 56 39 33 59 38 34  0 34 43 33 43 55]
  [ 0 53 39 48 53 36 36 45  0 57 57 43 30]
  [ 0 52 40 35 54 53 56 56 32  0 51 59 41]
  [ 0 37 31 31 59 53 31 57 54 52  0 40 30]
  [ 0 38 49 39 38 30 49 41 33 53 33  0 58]
  [ 0 47 31 59 54 49 50 36 40 34 30 43  0]]

 [[ 0 55 48 51 53 54 34 56 33 58 57 41 58]
  [ 0  0 43 57 56 54 36 38 44 34 43 59 35]
  [ 0 44  0 48 41 38 38 39 52 50 38 38 36]
  [ 0 54 35  0 33 37 48 41 57 49 37 43 52]
  [ 0 38 43 49  0 44 55 32 47 45 39 44 54]
  [ 0 58 47 58 37  0 59 42 45 57 31 34 35]
  [ 0 49 51 55 51 33  0 59 48 58 55 31 52]
  [ 0 45 52 53 39 41 41  0 45 37 53 53 42]
  [ 0 56 30 55 39 44 37 48  0 35 58 30 49]
  [ 0 59 38 49 45 41 56 32 57  0 38 47 48]
  [ 0 47 57 53 36 47 45 35 38 44  0 35 47]
  [ 0 44 58 32 34 57 40 57 38 44 34  0 45]
  [ 0 43 40 54 48 52 48 34 50 52 38 35  0]]

 [[ 0 36 34 51 57 53 59 39 55 44 38 48 44]
  [ 0  0 43 34 51 34 34 58 45 34 50 49 59]
  [ 0 47  0 59 55 59 36 39 36 38 51 46 57]
  [ 0 58 54  0 44 46 37 30 53 49 30 37 48]
  [ 0 46 45 31  0 53 39 37 45 45 58 50 51]
  [ 0 34 30 50 50  0 30 43 32 56 47 53 43]
  [ 0 57 53 30 50 57  0 35 39 52 40 36 54]
  [ 0 31 34 45 44 50 45  0 30 58 47 43 50]
  [ 0 45 47 34 36 44 41 46  0 31 32 57 39]
  [ 0 30 51 36 38 46 36 57 33  0 47 49 53]
  [ 0 36 41 40 43 54 56 39 56 42  0 59 46]
  [ 0 33 37 56 59 32 51 48 31 33 50  0 37]
  [ 0 44 49 55 55 44 53 34 30 38 48 45  0]]

 [[ 0 39 36 39 37 50 48 58 57 44 52 35 56]
  [ 0  0 47 41 36 55 33 55 32 56 30 54 32]
  [ 0 42  0 36 36 56 55 33 55 54 53 55 35]
  [ 0 40 51  0 59 38 49 37 40 57 52 40 43]
  [ 0 33 54 56  0 55 45 58 44 31 52 32 47]
  [ 0 49 50 55 42  0 34 53 56 47 41 40 48]
  [ 0 35 45 50 43 59  0 35 34 40 46 44 57]
  [ 0 34 30 32 35 54 33  0 53 47 34 46 54]
  [ 0 46 43 43 48 42 31 59  0 40 45 58 34]
  [ 0 41 56 36 34 35 50 40 31  0 46 58 34]
  [ 0 51 44 39 55 31 57 33 45 52  0 43 40]
  [ 0 46 48 42 49 49 41 40 36 32 32  0 56]
  [ 0 38 52 41 51 47 46 39 46 35 42 58  0]]

 [[ 0 58 43 54 37 59 48 50 59 35 39 43 49]
  [ 0  0 30 36 32 34 59 53 38 56 49 37 57]
  [ 0 32  0 34 36 44 38 30 53 57 51 42 40]
  [ 0 34 37  0 38 48 36 32 47 31 47 48 32]
  [ 0 53 47 44  0 59 54 58 54 57 43 52 58]
  [ 0 34 34 56 37  0 44 34 49 59 31 35 45]
  [ 0 44 59 34 43 43  0 49 34 37 35 30 49]
  [ 0 54 32 37 45 53 30  0 59 45 57 53 44]
  [ 0 48 45 34 33 41 40 44  0 50 36 50 49]
  [ 0 32 46 39 55 31 59 34 38  0 38 54 48]
  [ 0 44 42 53 48 36 31 34 58 31  0 58 48]
  [ 0 55 50 43 51 48 41 39 52 32 52  0 55]
  [ 0 35 57 38 31 58 48 42 35 57 46 51  0]]

 [[ 0 51 33 48 31 46 44 30 45 51 30 37 43]
  [ 0  0 50 46 34 38 36 57 40 43 48 58 59]
  [ 0 43  0 51 30 47 30 36 58 51 31 52 52]
  [ 0 36 59  0 36 40 45 49 46 42 39 45 57]
  [ 0 54 48 46  0 31 30 44 48 37 32 30 44]
  [ 0 54 46 44 45  0 41 42 40 57 56 42 42]
  [ 0 36 52 51 33 33  0 35 35 47 51 38 54]
  [ 0 43 30 50 54 58 36  0 35 47 46 40 37]
  [ 0 50 34 56 58 35 32 58  0 57 50 33 46]
  [ 0 49 57 47 40 57 32 35 33  0 33 30 41]
  [ 0 49 53 38 34 50 45 30 45 42  0 46 50]
  [ 0 33 34 53 35 46 40 44 30 33 54  0 46]
  [ 0 48 42 37 42 45 38 52 37 38 59 45  0]]

 [[ 0 52 45 41 55 45 42 30 43 57 53 38 58]
  [ 0  0 47 45 31 32 35 35 38 39 54 53 45]
  [ 0 55  0 45 40 45 57 40 42 33 38 33 32]
  [ 0 52 40  0 37 31 47 37 52 53 44 33 52]
  [ 0 51 50 35  0 33 44 49 37 51 53 32 38]
  [ 0 52 43 55 39  0 55 57 55 43 34 58 52]
  [ 0 33 54 55 38 48  0 36 44 39 36 55 32]
  [ 0 35 49 36 36 30 38  0 46 48 41 30 30]
  [ 0 43 41 49 58 33 44 53  0 46 52 54 46]
  [ 0 43 44 52 49 58 54 30 37  0 44 57 32]
  [ 0 46 31 43 44 40 46 46 53 48  0 44 30]
  [ 0 37 49 42 35 39 43 50 36 31 51  0 33]
  [ 0 32 46 33 54 58 33 50 55 45 43 30  0]]

 [[ 0 43 47 33 51 46 44 30 37 44 31 42 39]
  [ 0  0 42 47 32 43 33 38 38 37 34 41 35]
  [ 0 45  0 45 38 41 42 42 50 48 53 35 32]
  [ 0 54 53  0 52 31 38 46 39 43 49 43 58]
  [ 0 41 51 46  0 54 45 46 57 58 57 32 50]
  [ 0 51 56 47 49  0 55 39 33 33 39 54 33]
  [ 0 52 53 52 50 37  0 41 48 41 30 37 51]
  [ 0 46 35 47 38 53 35  0 34 43 31 37 52]
  [ 0 36 49 45 46 48 44 34  0 40 53 54 55]
  [ 0 39 36 49 45 50 54 46 34  0 39 37 50]
  [ 0 48 35 56 57 54 36 47 42 32  0 51 38]
  [ 0 47 48 56 39 50 33 58 49 43 48  0 56]
  [ 0 55 52 37 40 32 38 48 57 49 58 54  0]]

 [[ 0 35 41 35 51 31 34 48 34 50 56 54 55]
  [ 0  0 34 33 37 51 49 55 48 56 44 34 52]
  [ 0 35  0 52 34 50 34 54 33 41 39 55 56]
  [ 0 44 47  0 48 30 48 57 46 34 38 50 35]
  [ 0 32 48 39  0 55 41 31 51 51 38 33 44]
  [ 0 43 40 33 42  0 46 58 35 44 48 56 41]
  [ 0 35 50 50 43 59  0 54 37 47 34 31 42]
  [ 0 48 43 55 34 31 42  0 57 51 56 52 45]
  [ 0 38 31 32 41 57 33 50  0 35 37 47 44]
  [ 0 32 40 48 48 37 55 50 45  0 53 47 37]
  [ 0 40 30 59 43 50 33 58 33 51  0 51 49]
  [ 0 39 46 54 46 50 51 57 41 30 33  0 46]
  [ 0 40 52 48 42 52 45 56 47 59 30 50  0]]

 [[ 0 48 57 30 58 59 56 41 49 30 34 57 53]
  [ 0  0 56 30 33 52 30 50 54 42 46 47 55]
  [ 0 30  0 54 51 35 39 34 51 43 43 36 45]
  [ 0 43 38  0 52 30 54 41 55 45 35 38 48]
  [ 0 55 52 46  0 54 35 58 46 59 35 35 31]
  [ 0 31 38 55 43  0 44 46 59 41 32 53 53]
  [ 0 49 44 52 37 33  0 36 33 51 49 45 34]
  [ 0 31 52 57 42 36 34  0 35 36 38 43 58]
  [ 0 36 31 44 35 31 40 32  0 48 46 38 41]
  [ 0 49 59 37 53 52 59 32 36  0 59 31 30]
  [ 0 33 59 59 51 46 30 49 56 41  0 49 56]
  [ 0 56 53 42 32 39 41 32 51 57 37  0 41]
  [ 0 43 33 33 58 40 40 53 58 59 52 53  0]]

 [[ 0 51 48 57 58 44 36 31 36 32 46 51 40]
  [ 0  0 43 41 55 48 57 42 46 52 40 41 36]
  [ 0 32  0 30 35 46 33 35 36 55 47 43 33]
  [ 0 50 32  0 33 43 54 47 55 49 56 37 41]
  [ 0 41 59 55  0 51 33 45 50 30 35 39 31]
  [ 0 45 59 42 45  0 43 47 33 37 42 48 34]
  [ 0 37 35 46 51 42  0 58 51 58 36 30 36]
  [ 0 59 42 48 34 47 35  0 44 44 47 37 52]
  [ 0 48 54 37 55 30 52 53  0 44 34 35 57]
  [ 0 54 57 55 34 57 40 45 36  0 55 52 51]
  [ 0 52 40 52 48 37 57 30 30 31  0 57 52]
  [ 0 37 36 56 31 49 34 53 47 45 30  0 34]
  [ 0 41 57 37 47 46 52 31 54 36 44 44  0]]

 [[ 0 58 47 34 45 34 47 53 36 53 43 31 59]
  [ 0  0 46 51 44 30 52 36 30 36 43 51 41]
  [ 0 54  0 42 51 35 52 50 59 50 39 31 53]
  [ 0 45 52  0 37 38 32 41 32 35 31 34 43]
  [ 0 45 43 52  0 33 53 30 31 36 40 42 33]
  [ 0 58 30 54 52  0 52 49 53 46 58 42 47]
  [ 0 38 46 35 35 42  0 30 58 48 52 49 40]
  [ 0 58 41 45 36 41 49  0 30 47 40 46 43]
  [ 0 49 54 53 52 52 37 49  0 42 51 53 43]
  [ 0 34 30 32 56 30 58 57 50  0 41 50 33]
  [ 0 51 56 30 55 46 52 32 53 54  0 37 36]
  [ 0 52 32 31 37 48 55 42 53 37 42  0 54]
  [ 0 38 31 34 31 37 54 49 46 34 49 34  0]]

 [[ 0 41 42 52 52 52 59 53 57 31 58 37 32]
  [ 0  0 35 40 41 32 43 58 42 52 38 32 46]
  [ 0 31  0 55 37 53 46 33 30 40 53 54 41]
  [ 0 32 59  0 53 42 36 48 32 48 59 33 30]
  [ 0 37 30 40  0 36 44 55 51 39 53 49 39]
  [ 0 40 59 52 46  0 30 46 33 42 58 56 32]
  [ 0 58 52 43 44 48  0 35 42 48 49 43 34]
  [ 0 55 33 50 31 56 30  0 56 54 39 50 52]
  [ 0 56 34 39 55 34 56 45  0 56 34 55 48]
  [ 0 53 30 30 48 47 34 48 41  0 55 34 37]
  [ 0 33 40 47 44 56 33 34 48 59  0 35 49]
  [ 0 41 36 39 43 46 51 43 56 50 30  0 30]
  [ 0 50 43 41 44 33 52 33 43 57 48 40  0]]

 [[ 0 52 33 30 41 30 45 33 41 52 30 45 38]
  [ 0  0 44 42 45 36 54 48 54 46 41 49 46]
  [ 0 41  0 38 50 53 56 45 43 40 49 35 44]
  [ 0 49 55  0 30 59 34 39 48 53 31 33 54]
  [ 0 45 34 38  0 58 54 31 35 52 30 44 41]
  [ 0 51 52 56 31  0 37 51 49 35 53 44 39]
  [ 0 51 43 48 56 38  0 39 39 32 39 43 44]
  [ 0 43 58 52 39 47 47  0 50 38 40 48 45]
  [ 0 43 50 47 35 47 56 32  0 59 58 42 46]
  [ 0 39 39 57 34 41 47 45 50  0 38 31 32]
  [ 0 48 46 37 56 37 40 37 35 38  0 36 57]
  [ 0 45 34 34 45 53 44 38 46 35 35  0 45]
  [ 0 57 51 31 54 57 59 50 59 33 48 36  0]]

 [[ 0 54 42 49 53 43 54 39 38 49 52 41 31]
  [ 0  0 34 30 47 35 58 34 40 59 54 35 37]
  [ 0 58  0 52 59 35 36 33 52 41 49 30 57]
  [ 0 43 47  0 55 41 41 50 34 40 58 49 44]
  [ 0 39 48 46  0 59 34 52 48 36 34 38 43]
  [ 0 41 31 56 50  0 40 54 48 33 48 36 44]
  [ 0 38 41 51 46 37  0 58 41 57 33 59 31]
  [ 0 46 59 35 40 57 34  0 43 48 35 34 48]
  [ 0 51 37 55 48 53 57 38  0 52 38 33 42]
  [ 0 34 31 33 30 57 53 47 32  0 53 32 54]
  [ 0 37 59 51 43 48 39 58 42 35  0 48 32]
  [ 0 47 37 41 40 42 36 59 49 42 44  0 51]
  [ 0 48 32 43 52 54 46 59 39 49 47 47  0]]

 [[ 0 48 45 43 48 50 37 59 52 45 46 56 32]
  [ 0  0 45 37 41 53 58 30 41 41 51 50 41]
  [ 0 59  0 42 59 48 45 39 41 42 31 58 35]
  [ 0 39 46  0 44 48 46 59 50 37 34 36 35]
  [ 0 30 34 39  0 37 35 34 32 34 58 49 48]
  [ 0 58 51 31 48  0 52 46 51 55 38 32 54]
  [ 0 44 57 38 31 44  0 37 47 30 49 40 51]
  [ 0 53 43 50 56 36 41  0 50 53 42 53 41]
  [ 0 35 54 52 43 53 57 55  0 57 53 49 42]
  [ 0 41 32 32 31 51 56 46 32  0 34 37 58]
  [ 0 58 48 37 41 36 30 34 47 44  0 49 59]
  [ 0 49 58 41 47 32 40 50 53 40 36  0 33]
  [ 0 54 53 33 48 48 39 33 58 58 32 33  0]]]
 delivery_times
 [[ 0 22 11 12 10 13 28 15 27 16  6 19  8 19 21  4 19 17  8 14  3 10  9 14
  25  1 27 24 12  4  2 15  7 28  1  6 27 28 12  6 17 24  5  4 19 14 13 13
  28 28 23 26  3 13 29  9 14 17  5 27  7 23 14  9  5 27  2 19  6 29  9 10
   5  3 20  2  8 26 12  4 23  8 11 24 20 14  4 19 10 27  5 17 26 28  8 21
   7 22  4  2 10  7  9  4  8 18 16 23 10  6  2 27 10 24 27  8 26 10 13 26
   4 10 15  5 23 17 14 12 10 16 16 10 18 26 16 16 22  1 18  1 12 20 18 21
  20 28 14 16  8 18  9 20  2 25 17  3 14  8  3 29 18 22 12 14  9  9 26 20
   9  9  6 28 11 12 11  8 18 27 15 13 16 17  9 25 17  4 11  6 24 25 28 15
  12  5 12 28 13  3 10 27 26 28 10  6  2  3 24 10 16  2 17 14 17 26 19  6
   1 25 20  4  9  2 25 19  8 20 14 20 11 12 23 11 25  7  8  5 20 10 11 15
  27]
 [ 0 28 24 20 12  8 23 29 26 10  9 19 13  2 21 16  3 11 29  7 15  9 25 27
   5 27  1 11 19 13  8 29 17 22 20 28 22  2  4  6 29  9 21 14 26  9  4 21
  23 27 11 22 12  1  3  7 28  1  4  7 26 18 27  6 10 13 26 12 15 17  5 12
  28  1 21  2 22  4 11 18 16 18 27 28  3 13 13 26 19 14 12 25 14 17 28 21
  28 15  1 25 23 11  2 25  3 11 20 21 12  8 28 29  3 12 20 11 28 26 27 14
   1 28 10 17  2 21 17 27 15 17 20  7 15 26 13 11 17 18  8 29 17 22  4 16
   3  9 14  7 14 16 19 28 14 14  2 18 23 23 13 15 17 13 29 17 18 27  9  6
   5 21 24  4  4 26 15 20  3 11 25 28 25 14 10 21 16 20 20 15 18  7 15 13
   8 27 27  7 17  2 27  9 19 20 26 21 23 29 21 19  1 29  7 23  1 12 25  9
  26  2 16 16 10 10 19  6 27 20 17  1 17  1 29  3 22  8 26 13 24 29 10 14
  16]
 [ 0  5 23 18 17  5 27  6 28 20  1 12 21 29 16 16 10  7 17 12 21 26 22  2
   3 14 24 11 13  1 24 13 28 18  6 13 28 10 10  1 10 22  4 26 23  4 29  5
  20 17  1 24 24 26  9  3 13 20 17  9 29  3 10 22 25  2  1 13  5 10 11  2
  15 28  5  1  5 15  9  5  3 26  8 10 14 29  6 12 16 14  6  6 14 29  1  2
   6 13  8  5 15 17 20 15 28 11 19 23  9  7 21  6 20  1 20 14 28  2 25  3
  27 28  6  5 29 27 28  6 19 20  4 14  2  4 23 13 26  8 19 29 26 17 16  5
  27  5 13 11  8 29 18 24 17  1  2 21  8  2 26 13 28 17 20 15 24 23 11  9
  13  8 17  4 13 10 28  1 13 13 17 29 12 17 20 10  9 23 10  2  1 26 29 26
   9 16 29  3 19 19 22 20 16  7 12 18 17 16 26  8 22  9 29 23 15  7 20  5
  17 24 25 25 27 21 11 28  6  2  3  8 23 15 26  9  1  2 24 19 18 20  1 29
   1]
 [ 0 22 22  5 25 23 11 18 24 23  9  9  1  5 11 29  2  6 10  5  6 14 18 11
  16 14 14 16  9  1 10 24  2 17 13  1 16  9 11 25 24  9  2 16 16 24  3 22
  13  7 12 10 26  7 20 25 11 13 14 27  8 18 17  7 19  1 20  6 10 23 27 14
  17 29 16  5  6 27  1  3 10  6 16 16 17 14  9 14 29 18  6  6 22 10 22  4
  13 25 18 28 24 14 27 18 16  8 10 25  1 18  9 17  2 27 21 15  1  6  1 25
  19 20 26 10  5  7 20 18 13 15 25  7 19 13  4 16  4  6  3 23 27 17  9 14
  11  1  7 13 23 27 21  7 28  7 16 24 26 27 19 10  8 25  1 11  9  6 18 18
  27 20 14 19 19 15 14 20  5 16  2 12  6 15 25 21 27  1  3 27 25 10 15 25
  25 22 11 19  9 20 26 21 25 17 11 27 13 29 24  6 28  1 12 24 14  5 12  5
   5  9 12 12 10 12 17 10 10  7  7 27  7 25 15  3  5  9  8 20  5  7  7  8
   4]
 [ 0 24  6 10  7 24 10  8 18  2 21  9 28  4  8 11  7 10 25  6 25  2  8 20
  16 29  3 19  6 10 21  1 21 14  1 23 12 14  3 17  1  8  5  6 13 28 24  4
  20  5 26  6 25  5 11 10 13  9 19 28  5 10 19 15 25  1  6 22 21  8 22 15
  20  9 24 26 10  4 24  1 14 26 23 25  5 14 24 10 26  4  8 16 14 23 19 18
  23  7 13 23  8  6 16 10 17 20 11 18 29 13  3 12 24 19  2  1  9  2 13 29
   9  1 15  9 25 13  6 14 23 15 19  6 12 16 20  2 10  5 28  8 26 21 18 14
  15  8 29 18 19 26 20 21 22 18 12 26 27 16 14 11 16 11 11  3 28 20 15  6
  27  8  8  5 20  1  9 23 24 24 27  8  9 20 22  9 28  1 14  4 17  2 20  1
  10 16 18 22 16  9  4  2 21 26  3 15 18 10  4  9  2 20 29 21  2 13  7 20
  27 15 17  9  4 16  9 24 12 14 22 10 16 17  4 17 26  3  2 19 12 27 26 10
   8]
 [ 0  5 28 23 25  9 12 17 13 18 27 10 10 24 10 29 10 13 15 20 28  3 17 22
   7 15 11 19 16 25  5 22 22 28 13  4  9 19  5 20 11  6 13  1  6 12 29 23
   6 26  9 20  5 16  5 21 11  8 15 10 25 11  9 10 22 28 20 29 14 19  4 16
   7 16 14 17  5 23 28  3 24  4 24 10 19 14  1  3 28 23  3 10  8 29 18 15
  17  5 28 15 16 16  1 27 11 16 14 27 19 21 10  4 22 14  3  9 19 19 16  1
  27 25  2 12 13  1  1 24 25  7 18 19  2  6  2  2 16  5  8 28  3 26 19  7
   6  4 26 22  3  8 29 18 23  9 10 29  7 26  3 28 28 18 24 26 12 10 27 29
  29 26 29 12  5  8 13  7 18  5  7  8 24  9  6  2 12  7  1 28  5 12 11 13
  23 15 14  6 12 29 24 26 13 24  7 20 23  2  3 27 21  8  8 26 11 24 17  5
   1 11  2 13 17 29  5 22  8  7 13 28 15  1 16 10 29 21  9 20 23 11 16  8
  14]
 [ 0 13  1 23  3 15 12 11  2 21 18 16 18 12 22 22  3 17 28  8 16 29 25 28
  26  5  2  5 19 27 19 18 23 20 27 23 10 11 28 29 19 27 10 16 16 22  2  4
   9 24 18 21 20  1  3 22  6 25 25 22 13 22 28 22 23  3  1 16 11 28  9  8
  17 12  5 21  3 18  2  2  3 25  6 28 12 11  3 21 28 29  6  1  6 10 13  4
  12  3 20 17 26  2  1  1 22 24 23  1 25 22  8 25 29 21 25 22  8  5 25 22
  27  6 11 21 13 24 10 13 19 26  5 14 14 24 12 29  5 23 25  6  3  2  1  5
  25 18 14 23 22 22  3 27 25 28 28 13 26  3 22  4 12 12  9  6 18  5 28 23
  11 25 16 24 26 28 18 12 15 28 11  6  4 24 11 13  4 15 11 23 10 10 22 27
   1 18 12 10 22  7 11  6 16  3 11 21 23 18 20  2  9  5 11 22 12  1 15 17
   9 14  7 28 15  1 18  3 19 16 20 29 20  8  3  8 17 20 22 10 23 13  7  8
  19]
 [ 0 21 26  6 19 13 12 12  5 20 23 28 10 16 16 21 24  8 12 14 25 26 17 13
  22 23  7  5  4 16 11 10 17 25 27 28  1 21 19  2 19  9  4  7 18 28 22 20
  11 10 18 16 27 17 12  7 28  9 15  6 22  7 10 26 23 11 22 11 14 14  2  4
  22 28 17 24 22  5 20  7 25 24  1 23 13  2 17 15  7 17  9  4  7 10 18 16
  12 16  9 27 18 27 10  1 11 21  8 15  5 14  5  6 14  3 14 13 16 21 16  2
   8 24 12 15  1 23 23 20 17 14 12 10 12 19  3  7 26  4 19 19  7 21 26  1
  16 28  2 12 12 15  6 16 17 14 17 24  9  3 25 11 15  9 24 29  8 24  8 17
  14 13 23 10 12 16 13 23  6 12 15  5  4 26  1 15 16 22 20 19 10 27 10 10
  27 12 18 25  2 10 18 15 20 24  8  2 20  1 28 19 19 25 19 15 25 23 17 21
   3 22 28  5  4 15 13  9 16 18 11 16 18 14  7 11  8 28  9 29  1 26  3 14
  26]
 [ 0 25  5  5 19 21 26 16 11 22 18  8  3 20 16  1 21 17  5 17 14 18  2 15
  15  1  3 14 27  5 17 11 22 27 10 16 27 29 25  6 18 18 10 28 27 20  5  8
   5 27 25  1 11 21 29  2 11 18  1 29 17 15 11  9  4 10 29 14 10 22  2 23
  16 23 22 25 11  8  7 26  7 29  8 18 18 23 20 26  5  5  7 26  5  6 29 22
  18  2  1  8 23  9 12  2 12  4 13  1  8 17 25 11 29  5  4  5  4 14  2 19
   2 13 12  6 17 19 27 22 12  7 19 15  3 20 23  9 13 22 11  8 13 18 18  4
  22  4 13  2 26 10 25 22 27 28  2 14 22 12  5 21  5 24 27 25 24 13 21 21
  22 24 20  8 22 24  4 19  6 24 26  2 16 26 24 16 11 27 14  6  4  2 15  7
  13  2  1  1  9 12 21 16 24 20 19  9 12 26 19 16  6 29  8 10 26  5  9  4
  20  3 12 15 28 23  3  5  3 10 27 14  6  6 26  4 19  2  8 19  2 19  1  5
  22]
 [ 0 13  8 26  2  1 14  1 15 14  2  7 22 24 24 12 26 13  3 10 11  2  1 17
  13  6 27  9 10  6  8 14  1 14  1 28 14 19 22 24 12 20  7 13 21 12 13  7
  25  5  9  1 25  1  8 17 14 11  6 26 16  7 15  5 13 10 24 10 11 11 17 16
   1 21 11 20 20 24 16 20  7 13 22  9 14 16 24 20  5 20  1 14 18 29  7  2
  26  4 28  5  6 12 29  7  5 18 27  8  3 13 11 28 20 20 23 21 24  8  2 24
  10  5  8 10 18 19  4  9  5  5 18 16 22 13  5  4 24 12  9 18 18 16 24 13
  29 26 13  6 16  5 22 29  7 16  6  8 16 27 26 26 24 15  1 11 20 29 22  5
  20 23 19 25  3 15 24 10 11 14 15 25  6 21 23 13 23 19  9 28 16 16 26 15
  11 18 15 13  7 10  7  3 29 18 22 16  4 24 21 25 25  4 20 23 21 13 28 13
  12 15 23  8 13 13 13  5 27 19 27 15 18 28 23  3 26  4 26 21 21 20 13 11
  19]
 [ 0 16 20 23 23 10  4  5 14 26 11  6 26 26  6 11 16 18 16 22  7 11  8  5
  15 18 29 27  5  9 28  8  1 21 22 28 23 14  6 14  9 21 11 25  7  6 25  4
  15 18 23 20 29  5  9 23 11 14 23 13 13  8 18 15 14  9  6  8  3 23 19 12
   7  3  4 10  2  1  1 29  2 19  4  9 15 23  7 23 10 26 18 29 29 20 19 11
  17 29 11 15 28  4  2 10 27  4 21 27 22  5  1 20 18  6 25  9 26 26 14 24
  13 11 25 20  5 13 26  3 16 21 21 29 27 11  9 14  9  5 16 14 26 23 22 11
   4  2 21 17  9  2 26 23 16 16 11  2 19  2  1 14 14 22 22  6 27 22 25 19
  14  2  2  2 14 21 23 23 19 26 19  7 22 26 19 29  3 27 12 25 28 27 29 21
  23 17  5 15 26  1 12 12  4 11 28 19  6  5 22  9 24  7 23  2 14 16 11  9
  16 18 27 14 10 14 12 28 10  3 14  4 26 20 27  3 19 11 24 13 23 26 26 11
  16]
 [ 0 19 29 19 14 13  1 26 13 23  5 19 22 27 24 12  6  5 22 10  9  3 22 15
  24 24  6 19 20  9 23 11 12 11 24 23  9  3  8  5 29  3  9 25 16 19 15 23
   3 19  1 16 10 10 29 22 25 28  4 18  8 19  2 11 16 11  7 23 14  6 22 28
   2 19 16 21 12 13 20  6 13 27 19  5 25 25 10 17  9 15 29 29  1 27 13 21
   4 17  2  9 21 13  4 17 20 24 14  8 14 21  6 21 19 26 19 18  8 10 17  8
  25  9 18  8  3  5  7 29 26 26 27 20 13 19 25 18 24  1 28 10 19  3  1 14
  20 19 11  9  4 25 24 22 27 24 11 19  2 16 14  6 19  2 29  6 20 16 24 18
  16  6 26 28 23 12 17 13 29  6  2  1  8  1 19 15 16 21 21  7 25 18 22  8
   6 18  3 17  2  4  6 16 16 21  2 11 28  6 20  1  8  9  6  6 20  3  3  4
   4 18 22 10 19  7 16 23 25 20 20  1 20  6 17 21 15 18 10 19 16 20 28 15
  10]
 [ 0 18  5  5 24  2 21 14  5 14  5  6 24 27 11 17 13 13 10  2 23 20 28 23
   1  3 19 29 17  7  7 11 13 29 29  2 28 20 29 26 19 15 13 10 14 24 24 23
   9  9  7 28 14 25 14 26 20 28 29 11  3  7  6 22 25  7 25 19 13 13 26  6
   5 14 20 24 28 18  9 11 25 21 13  6 28 20 29 14 20  7 13 17  6 10  9  7
  14 25 27  1  4 11 18  4 21 15 24  5 16 28 29 10 24 14 29  5 13  7 20 29
  21 29  7 22  8 23  7 22 23 26 13 18 10 15 21 29  7 29 21 27 11  9 13 13
  14  7  1  8  9 19  8 27  4 29 14 10 25  9 22  4 11 14  8 10 27  3 26 20
   1 13 26  9 11 14 15 11 19 25 16 21 24  5 14  7  3 27 15 13  9 25 19 11
  18 16  2 28  7 13  9 21  7  3 23  9 15  7 21 12 20  1  8 20 20  9 27  5
  26  4 14  8 10 15 12  5 21  6 24 15  1 20 23  1 29  8  2  5 13 25  4  6
   6]
 [ 0 10 21  7 28 26 22 28 26  9  5 11 18 18  6 13 11 19  1 22 12 24 17 29
  24  9  4  4  8 25 12 10  9 25 22  5 23 27 11 20 13  7 24 19  3 20 14 13
   8 13  5 27 15 27 26 26 12 11 17 27  3 29 12  9 25 27  8  8 29  7 18 20
   5 26 10 25  9 20 17 15 15  1 14 27  2 13 15 29 20 23 20 19 18 26 23 14
  15 12  4 21 21  5 16 18 11  2 21 20 11 27  1 27  9 10 18 14 15 27  4  7
   5  8  6 20  2 15  2  1 12  8 22 19 15 28  8 12 25  1 16 28 16  9  7  4
  21  8 16 23 13 18  5  1  5 18 26  9 19 16 21 27 19  1 14 10 10  6 13  5
  15 18 23  9  6  9 28 14  5 24  9 13 11 23 14  9 14 23 23  8 27  1 25 28
  17  3 14 23  8  8  4 11 22  5  4 24  3  1  1  2  5 21  3 22  3  5  5 18
   8  6  6  5  6 18  8 12  2 17  8 13 18 18 22 28  1  9  7 24 14 18  5 12
  21]
 [ 0 13 21  8 16 24 26 29 20 18 18 24 19 11  9  7 19 16 27 10  5  4 17  1
  11 13 11 24 22  8 19  9 13 25 26 19 27 20 25 10 23  2  2 13  3 20 12 18
   1 21 28 16  7 22 17 22  5  6 13 17 20 29  2  1  7 13 24 17  7 26 25 17
  11 19 28 26 25 20  9 25 26 29  5 10  2 17 14 20  4 11 25  3 15 19 25 17
  17 15 20  4  9 22 13  7 12 22 23 26 21 21  5  1 24  8 15 11 26 27 10 26
  15  7 18  2 20 17 13 27 20 10 27 10 26 11 29 22  6 28 25 10 25 14 12 10
  23  2 22 24 22 29 21 27 14  7 16  4 16 25 22 21 26 18 15 27 21 25  7 26
  14  2  1 29 16 14 22  5 19 20 10 17  7 26 16 15 27 27 28 12  3 23  3 11
  10  5 14  4 22 25  5 27 16  6 12  8 28  7  2 18 26 12  3  5 14 12  9 15
   6 18  3 29 12  5  3  4  7 28 28  3 26  7 12 11 25 13  7  9  5 17 10  4
   5]
 [ 0 29 20 17 22  8 15  1 14 25  6 19 11 14 22 16 27 27 22 17 20 15 15 16
  23 14  9 11 11  3 27  2 16 21  2  1  2 10 12 29  1 22 16 14 25 23 22  3
   6 18 12 17  7  3  4  6  5 25  1 23 24 14 19  2 28 15 24  3  5 28 25 11
   6 17  8 22 10 11 22  9  1 12 22  7 16 13  3  4 10  6 17 19 21  2  1 10
  21  6  9 29  8 26 14  7 28 21  8 17 27 23 24  4  3 14  8  6 26  4 29  8
   9  1 19 28 11 19 25 14 26 22  9 19  7 10 29  6 29  5 16  5 20 15 12 17
  19  8 21 22 15  7  3  9 23 15 25 12  9 14 12 28 24  1 28  4 17 29 10 14
  14 15 19 20 20 14 14 27 14  6 18 28  4 28 14 21 15  3 22 16  8 11 17 28
  14  1 11 10 19 27 11 23 24  1 19  4 23 16 22 10 12 14 18  3 11 20 20  9
  20  6 11  7 10 19  6  8  6 14 12 23  1 13 29 24 29 18  7  5 13 27  7 10
  11]
 [ 0 16  4 27 24 27  2 15 11 15  4 10  9 13 16 26 21 21  9  6  2  7 29 15
   3 22  1 28 23 23 16 25  9 19 24  1  8 28 10 13 16  9  9 20 10 21  1 13
  16  2 16  5 13 27  4 27  1  3 25  1 14 21  4  9 12 12 17 19  2 16 27 10
  20 28 21 24 21 21 22  2 14 26 16 12  6 16 13 10  5 22  8 24 19  4  3  2
   4 23  4 12 14 14  7 12 27 17  1 27 23  3 11 28 25 19  5  6 14 29  7  6
  23  1 16  8 13  3 10 14  7 16  8  7 19  5 14  3  1  3  3 13  4 25 22 26
  26 22  9  7  3  7 20  5 15 11  9 12  1  6  3 15 29 22 23 14 14 12 20  4
  16 22 10  2  8  8  8 25 13  9 17  4  9 26 24 13 13 29 20 15 21  7 18 27
  14  9 29  6 13  5 16 27 28 10  6  7 27 23  2 23 26  6 13 20 18 25 24 20
  24  5  4  8  7  8 12 11 12  7 25 24  2  2 20 10 21 11  1  2 13 26 26 23
  27]
 [ 0 21 20 22 21  2 27  4  4 18  5  1 29  8  8  3 20  7 24  9 29  3  8  6
  15 14 15  4 12 16 23  3  8 28 10 21 17 14 12 10 21 25  7  2 12  5 23 28
   9 29  2  5  3  2 21 14  6 12  4  4 13 26 19  3  6 24 25 20 16  7 11 23
  28 16 26 15  2  7 28 19 11 11 14 18 19 22  3  5 27 16 24  4 29  6 21  3
  23 26 23 28 18 28  4 24 12 26 24 25  9  7 17  5 20 26  7 11 18 29  8 22
   8 24  1 16 21 26 20  3 10 25 22 25 14  2 29 14 13  5  4 20 19  1  1 15
  17  6  1 28 11  9  6  1  4 26 26 17 16 15  6 27 19 26 15  6  4 28 25  5
   9 22 26  8 25  6  5 26 19  4 11  1 22  8 26  8 14 27 24 18  2  5 14 12
  14 26 28  6 18 17 10  1 25  1  9  1 10 14 19 13 13 14 17  2 21 12 22 18
  13  6  3 28 16 22  3 10 24  3 11  1 28 18  9 20 16  5 28 29  6 24 17  4
  19]
 [ 0  4 18 24 11 22 13  5  7  8  8 19 27  5 27 12 25 10 16 21  3  1  1 15
   4 14 27  7 19  1 16 22 17  1 12 11 17  4  6  4 13 10 24 18 10 22 28 16
  15 15 19 16  3  4 10 12  8 23 29 23  2 21  7 18 14  7 17 21 14 12 23 24
   4  3 17 12  8 19 17 11 24 11 28 19  4  2  9  1 26 17 17 19 27  5 15 22
  21 28  4 12 14 14 21 14 18 12 17 27 17 10 23 15 11 19 25 23 15 28 17  8
  10  6 22  6 11 13 23 20 11 26 26 24 24 20  7  7  4 11 14 11  8  7  1 13
   5 11 22  6 22 13 21 25 25 26  3 24 16 14 22  2 25 29 29 29 24  3 23 13
  17  3 28 16 20  9 17 22  5 29  5  2 15 26 29 18  3  5  6  7 11 14 23 16
  12 27 22 18  4 12  3 23 10 15  9 12  4  9  8 28 14 14 26 27 17 29  8 21
  25  2 23  1  5 25 19  1 17 21 18 17 22 24  9 28 20 28 27  4 16  3 25 29
  18]
 [ 0 28 27 24 15  3 29  2  2  4 28  4 28 11  1  4 13 22  8  8 25 18 25  9
  17 11 24 13  1 14  7 28 28 21 14 20 19 20  3 29  8 17 14  8 29 12 21  4
  12  7 13 16  3 14 10  2  8  9  1 23 21 11  1  4 15 13 13 17 11 24  9 11
  25  5  2 26 12  7  9 21 13 26  2 21 14 16 17  2  5 20 26  5  5  7  1 18
  18 28  1  4  4 16 14  2 10 28 20 14  8 21  4 11 15 20 10 13 19 26 13 29
   7 19  7  7  9  8  4 23 26 13 22 24 14 22  4 27  9  3  5 18 24  7  6 29
  11 16 10 29 15 25  9 21 17 20  3  5 21 25 22 13 21  9 19  9  6 26 29 27
  10  7 18  7 18  3 29 17 25  1  8 18 27 15 13  1  1  1 21  1 14 26  2  3
   7 21 18 16 27 28 13  3 13  9  2 29  5 17  9 17 15  1 16  1  4 22 19 23
  11 25  8 13 24 13 25  1 18 23 18 12 28 18  5 27 28 26 20 26 28 24  8  1
   3]]
 job2fam
 [[1 0 0 0 0 0 0 0 0 0 0 0 0 0 0 0 0 0 0 0 0 0 0 0 0 0 0 0 0 0 0 0 0 0 0 0
  0 0 0 0 0 0 0 0 0 0 0 0 0 0 0 0 0 0 0 0 0 0 0 0 0 0 0 0 0 0 0 0 0 0 0 0
  0 0 0 0 0 0 0 0 0 0 0 0 0 0 0 0 0 0 0 0 0 0 0 0 0 0 0 0 0 0 0 0 0 0 0 0
  0 0 0 0 0 0 0 0 0 0 0 0 0 0 0 0 0 0 0 0 0 0 0 0 0 0 0 0 0 0 0 0 0 0 0 0
  0 0 0 0 0 0 0 0 0 0 0 0 0 0 0 0 0 0 0 0 0 0 0 0 0 0 0 0 0 0 0 0 0 0 0 0
  0 0 0 0 0 0 0 0 0 0 0 0 0 0 0 0 0 0 0 0 0 0 0 0 0 0 0 0 0 0 0 0 0 0 0 0
  0 0 0 0 0 0 0 0 0 0 0 0 0 0 0 0 0 0 0 0 0 0 0 0 0]
 [0 1 0 0 0 1 1 0 0 1 0 0 0 0 0 0 0 0 0 0 0 0 0 0 0 1 0 0 0 0 0 0 0 0 0 0
  0 0 0 0 0 0 0 0 0 0 0 1 0 0 0 0 0 0 0 0 0 0 0 0 0 0 0 0 0 0 0 0 0 1 0 0
  1 0 0 0 0 0 0 0 0 0 0 1 0 0 0 0 0 0 0 0 0 0 0 0 0 0 0 0 0 1 0 1 0 0 0 0
  0 0 0 0 1 0 0 0 0 0 0 0 0 0 0 0 0 0 0 0 0 0 0 0 1 0 1 0 0 0 0 0 0 1 0 0
  0 0 0 0 0 0 0 0 0 0 0 0 0 0 0 0 0 0 0 0 0 0 0 0 0 1 0 0 0 0 1 0 0 0 0 0
  0 0 0 0 0 0 1 0 0 0 1 0 0 0 0 0 0 0 1 0 0 1 0 0 0 0 0 0 0 0 1 0 0 0 0 1
  0 0 0 0 0 0 0 0 0 0 0 0 0 0 0 0 0 0 0 0 0 0 0 0 0]
 [0 0 0 0 0 0 0 0 1 0 0 0 0 0 0 0 0 1 0 0 0 0 0 0 1 0 0 0 0 0 0 0 0 0 0 0
  0 0 0 0 0 1 0 0 0 0 0 0 0 0 0 0 0 1 0 0 0 0 0 0 0 0 0 0 0 0 0 0 0 0 0 0
  0 0 0 0 0 0 0 0 0 0 0 0 1 0 0 0 0 0 0 0 0 0 0 1 0 0 0 0 0 0 0 0 0 0 0 1
  0 0 0 0 0 0 0 0 0 0 1 0 0 0 0 0 0 1 0 0 0 0 0 0 0 0 0 0 0 0 0 0 0 0 0 0
  0 0 1 0 0 0 0 1 0 0 0 1 0 0 0 0 0 0 0 0 0 1 0 0 0 0 0 1 0 0 0 0 0 0 0 0
  0 0 0 0 0 0 0 0 0 0 0 0 0 0 0 0 0 0 0 0 0 0 0 0 0 0 0 0 0 0 0 0 0 0 0 0
  0 0 1 0 0 1 0 0 0 0 0 0 0 0 0 0 0 0 0 0 0 0 0 0 0]
 [0 0 0 0 1 0 0 0 0 0 0 0 0 0 0 1 0 0 0 1 0 0 1 0 0 0 1 0 1 0 1 0 0 0 0 0
  0 0 0 0 0 0 0 0 0 0 0 0 0 1 0 0 0 0 0 0 1 0 0 0 0 0 0 0 0 0 0 0 0 0 0 0
  0 0 0 0 0 0 0 0 0 0 0 0 0 0 0 0 0 0 0 0 0 1 1 0 0 0 1 0 1 0 0 0 0 0 0 0
  0 0 0 0 0 0 0 0 0 0 0 0 0 0 0 0 0 0 1 0 0 0 0 1 0 1 0 1 0 0 1 0 0 0 0 0
  0 0 0 0 0 0 0 0 0 0 1 0 0 0 0 0 0 0 0 0 1 0 0 0 0 0 1 0 0 0 0 0 0 0 0 0
  1 0 0 0 1 0 0 0 0 0 0 0 0 0 0 0 0 0 0 1 0 0 0 0 1 0 0 0 0 0 0 0 0 0 0 0
  0 0 0 0 0 0 0 0 0 0 0 1 0 0 0 0 0 0 0 0 0 0 0 0 0]
 [0 0 0 0 0 0 0 0 0 0 0 0 1 0 0 0 0 0 0 0 0 0 0 0 0 0 0 0 0 0 0 0 0 0 0 0
  0 0 0 0 0 0 0 0 0 0 0 0 0 0 0 0 0 0 0 0 0 0 1 0 0 0 0 0 1 0 0 1 0 0 0 0
  0 0 0 1 0 0 0 0 0 0 0 0 0 1 0 0 0 0 1 0 1 0 0 0 0 0 0 1 0 0 0 0 0 0 0 0
  0 1 0 0 0 0 1 0 0 0 0 0 0 0 0 0 0 0 0 0 0 0 0 0 0 0 0 0 0 0 0 0 0 0 0 0
  0 0 0 0 0 0 0 0 0 0 0 0 0 0 0 0 0 0 1 0 0 0 0 0 1 0 0 0 0 0 0 0 0 0 0 1
  0 1 0 0 0 0 0 0 0 0 0 0 0 0 1 0 0 0 0 0 0 0 0 0 0 0 0 0 0 0 0 0 0 0 0 0
  0 1 0 0 0 0 0 0 0 0 1 0 0 0 0 0 0 0 0 0 0 1 0 0 0]
 [0 0 0 1 0 0 0 0 0 0 0 0 0 0 0 0 0 0 0 0 0 0 0 0 0 0 0 1 0 1 0 0 0 0 0 0
  0 0 0 0 0 0 1 0 0 0 0 0 0 0 1 0 0 0 0 0 0 0 0 0 0 0 0 0 0 0 0 0 1 0 0 0
  0 0 0 0 1 0 0 0 0 0 0 0 0 0 0 0 0 0 0 0 0 0 0 0 0 0 0 0 0 0 1 0 0 0 0 0
  0 0 0 0 0 0 0 1 0 0 0 1 0 0 0 0 0 0 0 1 0 0 1 0 0 0 0 0 0 0 0 1 0 0 0 0
  0 0 0 0 0 0 0 0 0 1 0 0 0 1 0 0 0 0 0 1 0 0 0 0 0 0 0 0 0 0 0 0 1 0 0 0
  0 0 0 1 0 0 0 0 1 0 0 0 0 0 0 0 0 0 0 0 0 0 0 0 0 0 0 0 1 0 0 0 0 0 0 0
  0 0 0 0 0 0 0 0 0 0 0 0 1 0 1 0 0 0 0 0 0 0 0 0 0]
 [0 0 0 0 0 0 0 1 0 0 0 1 0 0 0 0 0 0 0 0 0 0 0 0 0 0 0 0 0 0 0 0 0 0 1 0
  0 0 0 1 0 0 0 0 0 0 1 0 0 0 0 0 1 0 1 0 0 0 0 0 0 0 0 0 0 0 0 0 0 0 0 0
  0 0 0 0 0 0 0 0 1 0 0 0 0 0 0 0 0 0 0 0 0 0 0 0 0 0 0 0 0 0 0 0 0 0 0 0
  0 0 0 0 0 1 0 0 0 0 0 0 0 0 0 0 0 0 0 0 0 0 0 0 0 0 0 0 1 0 0 0 0 0 0 0
  1 0 0 0 0 0 0 0 0 0 0 0 0 0 0 0 0 0 0 0 0 0 0 1 0 0 0 0 0 1 0 0 0 0 0 0
  0 0 1 0 0 1 0 0 0 0 0 0 0 0 0 0 0 0 0 0 0 0 0 0 0 0 0 0 0 0 0 0 1 0 0 0
  0 0 0 0 1 0 0 0 0 1 0 0 0 0 0 0 0 0 1 0 0 0 0 0 0]
 [0 0 0 0 0 0 0 0 0 0 0 0 0 1 0 0 0 0 0 0 0 0 0 0 0 0 0 0 0 0 0 0 0 0 0 0
  0 0 0 0 1 0 0 0 0 0 0 0 0 0 0 0 0 0 0 0 0 0 0 1 0 1 0 0 0 0 0 0 0 0 0 0
  0 0 1 0 0 0 1 1 0 0 1 0 0 0 0 0 0 0 0 0 0 0 0 0 0 1 0 0 0 0 0 0 0 1 0 0
  0 0 0 0 0 0 0 0 0 0 0 0 1 0 0 0 0 0 0 0 1 1 0 0 0 0 0 0 0 0 0 0 0 0 0 0
  0 1 0 0 0 1 0 0 0 0 0 0 0 0 1 0 0 0 0 0 0 0 0 0 0 0 0 0 0 0 0 1 0 0 0 0
  0 0 0 0 0 0 0 0 0 0 0 0 0 0 0 1 1 0 0 0 1 0 1 0 0 0 1 0 0 0 0 0 0 0 1 0
  0 0 0 0 0 0 0 1 1 0 0 0 0 0 0 0 0 0 0 0 0 0 0 0 0]
 [0 0 0 0 0 0 0 0 0 0 0 0 0 0 1 0 0 0 0 0 0 1 0 0 0 0 0 0 0 0 0 0 1 1 0 0
  0 0 0 0 0 0 0 1 1 0 0 0 0 0 0 1 0 0 0 0 0 1 0 0 0 0 1 1 0 0 0 0 0 0 0 0
  0 0 0 0 0 0 0 0 0 0 0 0 0 0 0 0 0 0 0 0 0 0 0 0 0 0 0 0 0 0 0 0 1 0 0 0
  1 0 0 1 0 0 0 0 0 1 0 0 0 0 1 0 0 0 0 0 0 0 0 0 0 0 0 0 0 0 0 0 0 0 0 0
  0 0 0 0 1 0 0 0 0 0 0 0 0 0 0 0 1 1 0 0 0 0 0 0 0 0 0 0 0 0 0 0 0 0 0 0
  0 0 0 0 0 0 0 0 0 1 0 1 0 0 0 0 0 0 0 0 0 0 0 0 0 0 0 1 0 1 0 0 0 0 0 0
  0 0 0 1 0 0 0 0 0 0 0 0 0 0 0 0 0 1 0 0 1 0 0 0 1]
 [0 0 0 0 0 0 0 0 0 0 0 0 0 0 0 0 0 0 1 0 0 0 0 0 0 0 0 0 0 0 0 0 0 0 0 1
  0 0 0 0 0 0 0 0 0 1 0 0 0 0 0 0 0 0 0 0 0 0 0 0 0 0 0 0 0 0 0 0 0 0 0 0
  0 0 0 0 0 1 0 0 0 1 0 0 0 0 0 0 0 0 0 1 0 0 0 0 0 0 0 0 0 0 0 0 0 0 1 0
  0 0 0 0 0 0 0 0 0 0 0 0 0 0 0 0 1 0 0 0 0 0 0 0 0 0 0 0 0 1 0 0 0 0 0 1
  0 0 0 0 0 0 0 0 0 0 0 0 0 0 0 1 0 0 0 0 0 0 0 0 0 0 0 0 0 0 0 0 0 0 0 0
  0 0 0 0 0 0 0 0 0 0 0 0 0 0 0 0 0 0 0 0 0 0 0 1 0 0 0 0 0 0 0 0 0 0 0 0
  0 0 0 0 0 0 0 0 0 0 0 0 0 0 0 1 0 0 0 1 0 0 0 0 0]
 [0 0 0 0 0 0 0 0 0 0 0 0 0 0 0 0 1 0 0 0 0 0 0 0 0 0 0 0 0 0 0 0 0 0 0 0
  0 1 1 0 0 0 0 0 0 0 0 0 0 0 0 0 0 0 0 1 0 0 0 0 0 0 0 0 0 1 0 0 0 0 1 1
  0 0 0 0 0 0 0 0 0 0 0 0 0 0 1 0 1 0 0 0 0 0 0 0 1 0 0 0 0 0 0 0 0 0 0 0
  0 0 0 0 0 0 0 0 1 0 0 0 0 0 0 0 0 0 0 0 0 0 0 0 0 0 0 0 0 0 0 0 0 0 0 0
  0 0 0 0 0 0 1 0 1 0 0 0 0 0 0 0 0 0 0 0 0 0 1 0 0 0 0 0 1 0 0 0 0 0 0 0
  0 0 0 0 0 0 0 0 0 0 0 0 1 1 0 0 0 0 0 0 0 0 0 0 0 0 0 0 0 0 0 1 0 0 0 0
  0 0 0 0 0 0 1 0 0 0 0 0 0 1 0 0 1 0 0 0 0 0 0 0 0]
 [0 0 0 0 0 0 0 0 0 0 0 0 0 0 0 0 0 0 0 0 1 0 0 0 0 0 0 0 0 0 0 1 0 0 0 0
  1 0 0 0 0 0 0 0 0 0 0 0 0 0 0 0 0 0 0 0 0 0 0 0 1 0 0 0 0 0 0 0 0 0 0 0
  0 1 0 0 0 0 0 0 0 0 0 0 0 0 0 1 0 0 0 0 0 0 0 0 0 0 0 0 0 0 0 0 0 0 0 0
  0 0 0 0 0 0 0 0 0 0 0 0 0 1 0 0 0 0 0 0 0 0 0 0 0 0 0 0 0 0 0 0 1 0 1 0
  0 0 0 0 0 0 0 0 0 0 0 0 1 0 0 0 0 0 0 0 0 0 0 0 0 0 0 0 0 0 0 0 0 1 1 0
  0 0 0 0 0 0 0 0 0 0 0 0 0 0 0 0 0 0 0 0 0 0 0 0 0 0 0 0 0 0 0 0 0 1 0 0
  1 0 0 0 0 0 0 0 0 0 0 0 0 0 0 0 0 0 0 0 0 0 0 1 0]
 [0 0 1 0 0 0 0 0 0 0 1 0 0 0 0 0 0 0 0 0 0 0 0 1 0 0 0 0 0 0 0 0 0 0 0 0
  0 0 0 0 0 0 0 0 0 0 0 0 1 0 0 0 0 0 0 0 0 0 0 0 0 0 0 0 0 0 1 0 0 0 0 0
  0 0 0 0 0 0 0 0 0 0 0 0 0 0 0 0 0 1 0 0 0 0 0 0 0 0 0 0 0 0 0 0 0 0 0 0
  0 0 1 0 0 0 0 0 0 0 0 0 0 0 0 1 0 0 0 0 0 0 0 0 0 0 0 0 0 0 0 0 0 0 0 0
  0 0 0 1 0 0 0 0 0 0 0 0 0 0 0 0 0 0 0 0 0 0 0 0 0 0 0 0 0 0 0 0 0 0 0 0
  0 0 0 0 0 0 0 1 0 0 0 0 0 0 0 0 0 1 0 0 0 0 0 0 0 1 0 0 0 0 0 0 0 0 0 0
  0 0 0 0 0 0 0 0 0 0 0 0 0 0 0 0 0 0 0 0 0 0 1 0 0]]
