params：
 weight-->(1, 10)
 proc_times-->(1, 100)
 setup_times-->(60, 120)
 delivery_times-->(100, 200)
 job_rate-->12

start:
alpha_1
12
 alpha_2
2.0
 mach
20
 job
240
 fam
8
 weigh
 [[0 6 7 7 4 3 2 7 2 2 7 8 3 9 5 4 6 4 5 9 5 4 2 5 9 1 6 2 5 1 8 7 8 6 8 3
  1 9 2 2 1 3 4 3 1 4 5 4 1 6 2 1 7 6 1 5 6 2 9 7 2 2 7 4 9 5 8 6 9 6 7 6
  3 8 4 7 9 8 6 3 8 2 2 7 6 9 8 8 4 2 3 8 9 5 6 9 6 9 6 6 5 3 8 1 4 1 6 1
  1 6 6 6 1 2 7 9 7 5 2 7 3 2 4 9 1 5 8 5 2 9 3 2 5 8 3 2 7 5 5 8 6 1 7 2
  8 2 4 6 2 3 6 7 3 3 9 6 1 3 4 3 2 4 3 5 1 7 8 9 6 1 8 4 1 3 7 6 2 4 5 9
  6 4 3 2 5 6 5 8 3 5 7 8 4 4 6 7 3 9 5 2 7 3 9 4 2 6 4 8 6 1 2 5 3 4 3 8
  5 5 8 9 5 3 4 6 2 9 4 8 7 9 1 4 6 3 5 8 5 9 2 8 6]]
 proc_times
 [[  0  91  79  93  40  13  50  84  84  13  34  77  47  11  99  24  61  63
   45  11  99  90  94  97  78  53  73   3  38  92  21  87  41  14  39   6
   93  92  63  44  16  41  23  32  23  18  99  13  72  52  74  22  38  16
   15   2  15  78  13  26  82  27  42  41  22  75  73  59  87  56  44  40
   47  45  67  60  47   2  86  78  97  84  73  70  55  57  52  67  63  22
   25   4  83  37 100  57  79  80  11  37  74  80  31  36  79  16  33  15
   28  10  26   1  12  98  98  27  25  99  49  48  80  49  10  58  58  23
    4  27  57  73  18  26  57  48  29  40  70  90  69  28  56  81  79   7
   93   9  88 100  72  96  11   6   5  45   5  15  35  38  98  25  35  46
   91  19  25  85  95  47  10  66  43  30   7   2  24  73  64  80   2  78
   84  28  99  17  91  26  67  60  31  56 100  87  28  93  66  40  54  29
    5  81  11  65  65  71  82  94  96  70  49  61  46  30  35  52  72  47
   48  86  18  60  58  87   4  56  68   9  49  34  75   3   7  78  55  36
   57  61  32  17  65 100  64]
 [  0  89  58  86  20  39  46  10  24  76  57   8  38   6  80  81  56  26
   75  53  82  91  27  74  14  92  97  85  51  25  67  25   9  49  67  16
   44  56  13  33  50   8  24  93  15   1  58  93  19  93 100  77  42   3
   21  64  12   1  84  14  42  15  74  10  17  56  67  93  57  53  95  65
   41  79  72  34  37  23  84  81  62  53  35  28  26  39  25  73  88  32
   74  92  43  93  30  70  44  55  75  34  36  61  35  10  20  84  74  93
   13  13  71   3  50  41  12  95  64  67  90  98  84  93  98   4  55  37
   89  17   6  82   3  70  11  91  62  72  61  11  70  68  48  16  41   3
   89  77  58  29  63   3  67  74  61  93  62  18  68  20  57  71  31  56
   43   3  97  56  67   5  62  81  19  77  98  67  25  19  79  33  95  40
   22  78  19  58  20  20  71  35  50  38  30   3  74  80  39  98  54  21
   70   3  84  74  69  87  30  23  88  79   6  76  81  68  99  53  90  74
   50   7  54  34  46  69  58  77  58  41  95  11  91  12  35  17  29  80
    5  74  92  72   4  78  71]
 [  0  99  84  43  38  90  43  46  75  56   5  85  35  43  85   5  29  25
    1  46   7   7  39  96  29  21  59  19  25  21   1  83  36  60  99  67
   25 100  94  73  63  74  25  97  40  92  93  43  92  68  64  89  86  65
   87  54  55  82  32  34  78  93   5  16  75  14  72  46   5  94  96  38
   40  91  27  72  18  20  29  81  14  34  41  59  82  55  14  49  83  64
  100  60  62   5  62  67  98  22  42  25  73  57  39  29  98  48  28  29
   35  60  65  10  43  52  12   2  33  92  73  89  53  12  13   2  89  77
   34  96  99  47  88  71  42  27  75  65  51  92  98  60  77  83  14  91
   98  13  88  79  89  29  12  27  21  59  59  55  82  47  13  27  21  53
   46  61  73  68  68  32  70  80   2  81  37  20  20   6  67  82 100  10
    4  45  29  51  32  80  42  16  91   5  39  68  76  78  56  75  30  57
   54  32  71  17  54  72  37  18  13  46  95  20  21  44  85  76  23  61
   16  55  72  42  42  34  23  42  62   2  89  13  69  97  17  70  72  27
   39  43  24  32  48  89  73]
 [  0  41  90  50  43  62  96  10  81  32   2   2  39  33  22  54  88  73
   73  12  37  32  32  14  63   1  14  75  84  12  45  84  92  83  57  17
   41  33  41   8  73  44  82  52  26  34   9  28  71  70  21  81  66  28
   22  24  36  63  31  13  23  80  26  51  94  10  80  46  27  15  25  41
   98  13  37  46 100  76  89  32  66  77  85  67  47  16  85  91  22  72
   38   1  54  43  38  59  16  63  96  98  96  54  79  62  32  63   1  21
   70  74  97  44  23   7  46   6  50  54  94  11  47  43  42  79   2  98
   41  29   1  42  67  96   8  88  44  36  44  54  45  68  36  33  51  41
   69  70  75   7  49  27  90  16  52  52  27  63   6  66  72  64  98  21
   89   7  57  11  18  44  29   7   4  49  28  30  93  60  35  80  21  70
   86  90  71  83  64  97  98  56  14  59  88  14  57  69  72  94  11  66
   82  83  79  21  86  82  91  65   4  47   7  98  96  80  53  57  71   1
   92  61  51  19   2  61   8   3  86  70  96  33  37  99  32  96  44  99
   73   8  94   2  90  80  62]
 [  0  48   3  84  24  80  43  40  96  65  98  67  36  78  49  91  36  52
   17  15  46  90  74  74  37  87  76 100  46  31  17 100  12  58  59  33
   53  11  66  80  68  21  58  79  54  31  85  88  16  80  75  76   3  62
   27  96  21  71  82  85   4  91  90  62  93  56   9  21  45  29  21  64
   54  45  98  72  66  34  73   5  17  45  40  72  61  60  98  24  95  38
    9  56  59  45  12  70  26   5  94   5  40  81  47  82  51  92  32  81
   43  13  94   5  74  20  71  23  81   2  72  70  78  52  55  18   9  21
    7  66  45  50  21  77  92  41  56  77  62  65  76  74  63  31  73  11
   77  78  35  88  50  53  50  24  46  33  83  52  17  25  11  13  30   7
   28  48   7  63  23  71  82  23  22   5   1  54  66  91  41  64  65   3
    9   9  96  99  57  59  51  70  12  20  68  16  90  63  50  53  73   4
   60  79  65  68  13  15  94  99  24   4  35  26  66  74  28  38  21  77
   44  64  24   3  19  47  63  51  75  95  64  63  69  28  81  85  10  89
   33  46  94  13  56  86  12]
 [  0  99   2  66  74  93  73  36  79  16  84  17   2  39  13  11   6  67
   40  54  91  46  79   3  81  43  35  49  63  10  56  35  47  80  33  62
   26  15  72  73  19  31  80  61  71  37  30  19  87  14   6  67   8  83
   71  69  69  58  24  91   3  18   8  57  12   9  95  15  79  88  39  77
   67  12  57  25  68  46  63  42  44  38  40  11  51  11   4  44  83  64
   27  28  39  67  74  16  75  43  51  54 100  27  89   1  94  35  69   7
   41  51  73  48  33   4  17  92  40  88  63  97   1  17 100  14   6   2
   71  47  44  98  22  23  21   6  62  53  89  39  33  68  48  84  85   4
   73  90  53  53  94  60  95  88  48  76  94  87  43  31  91  78  28  79
   92  13  78  65  56  61  63 100  25  18  31  79  72  28  47  23  85  90
   71  24   6  87  75  79  97  54  16  43  54  84  70  84  21  33  37  64
   64  65  76  86  71  94  75  51  74  64  54  47  94  33  65  46  84  18
   43  12  91  91  80  44  11  80  87  52  74   3  25  67  31  11  99  34
   10   4  54  85  49  46  49]
 [  0  83  97  79  67  16  86  19  59  78   9  17  11  58  87  25  80  58
   22  91  34  34  88  26  92  72  90  97  92  35  49   5   2  67  63  45
   48  65  97  80  25  30  14  69  46   6   5   4  30  78   8   5  45  55
   39  18  12  34   1  49  30  47  86  79  85  39  61  36  77  50  69  29
    1  15  92  47  94  57  57  19  56  34  49  33  48  77  12  74  74  31
   91  40  89  32  87 100  77  94  57  25   2  59  10  98  36  27  86  63
    1  79  21  54  87  32  86  88  31  20  66  94  60  97  97  83  18   6
   29  84  45  21  64  46  33  95  14  31  86  62  19  80 100  57  41  51
   69   4  61   2  85  78  71  44  15  98  43  76  23  56  39   7  39  15
    7  79  84  24  42  98  71  52  79  72  38  34  22  68  28  67   3  73
   20  11  33  65  51  13  41  16  59  18  82  55  75  45  38  31   4  97
   59   4  22  21   2  97  70  94  89  35  48  81  35  58  92  87  79  76
   86  86   2  57  48  91  89  66  47  98  51  39  13  14  65  17  56  40
   70  43  32  48  26  75  56]
 [  0  59  13  12  16   6  10   8  79  79  23  59  43  43  70  91  29  60
   60  45  52  52  51  81  51  81  19  27  72  92  28  50  87  47  87   5
   18  21  64  73   3  80  83  55  64  75  22  21  85  20  13  60  50  95
    7  64  78  64  64  59  71  42  38  87  84  50  74  50  24  56  56  62
   88  19  63  60  64   5  35   3  72  54   4  21  90  84  80  18  39  46
   90  98  18  34  82  62  97  70  37  28  43  44  48  47  93  84  68  65
   87  97  75   2  89  53  57  46  69  92  47  25  85  41  75  58  61  25
    8  23  89  30  71  75  78  80  72  86  14  96  99  29  62   4  39  48
   82  19 100  53   3  43  72   5  54  35  83  19  44  94  85  80  20   9
   61  20   9  43  57  62  92  12  50  22   9  90  42  75  76 100  43  43
   21  33  18  67  26  82  62  51  93  48  59  45   9  18  73  75  68  89
   33  74  59  94   1  81  49  68  96  64  89  49  42  66  62  96   4  45
   20  32  66  17  80  31  19  23  85  55  13   8  25  84  67  79  93  96
   55  26  55  23  53   9  24]
 [  0  91  42  10  65  33  63  36  76  90  51  61  78  99  90  24   4  11
    7  34  35  10  90  76  31  60  81  92  21  72  16  69  34  13   6  43
   34  66  13  58  13   2  93  52  28  23  61  97  21  46  52  38  88  38
   50  61  88  51  80  10  36  35  64  68  62  35  12  12  87   4  89  61
   98  46  60  61  10  87  80   9  18  87   1  81  59  34  87  25  90  87
   88  15  83  46  47  36  28  23   3   4  57  41  70  95   3  50   9  36
   92  56  14  35  87  93  46  87  30  81  29  29  72   3  15   9  72  81
   21  73  79  58  15  78  66   1  11   7  60  39  99  46  89  33  63  67
   84  76  61  35  47   7  67  24  98  99  66  44  46  37  19  52  72  21
   27  91  41  43  69  21   3  58  23  19  96  36  76  60  89  48  56  91
   79  53  78   9  65  61   7  69  92  24 100  48  29  10  27  18  13  11
   11  64  45  86  41  74  83  69  66  67  15  57  52  30  33   4  88  42
   51   2  76  52  44  77  93  44  29  43  75  31  93  72  35  50  97  18
   80  18  97  78  67  23  58]
 [  0  61  43   6  31  52  98  19  22  71  67  17  68  42  23  80  86  31
   48  82  11  60  85   3  81  15  12  59  66  55  41  58  49  86  43   6
   32  76  30  87  89 100  69  14  93  65  64  41  11  84  73  39  79  38
   31  50  31  33  56  29  97  50  97  31  26  41  62  13  63  12  71  78
   75  87  53  50  23  75  56  78  82  82  80  50  87  63  71  92  65  34
   44  90  41  21   5  48  72  25  22  55  30  58  69  84  22  44  50  91
   79  71  22  60  96   7  47  56  32  45  82   9  49  24  29  11  24  72
   58  35  77  39  83  32  98  45  48  97  29  76  16  31  62  41  34  34
   28  20  56  78  41  10  55  50  19  46  89   3  76  61  28  65   9  20
   24  47  85  34  77  36  60  60 100  99   5  17  33  97  69  35  32  97
   77   1  98  61  76  71  65  87  41  36  32  23   5  55  20  80   4  79
   14  59  99   2  16  15  40  54  68  89  19  68  15  54  21  66  10  64
   67   4  59  42  77   2  26  18  65  84  48  27  19  73  13  87  23  64
   20  92  65  34  15  68  73]
 [  0  79  78  23  68   1  71  81   2  17  81  35  95  17  79  63   7  45
   94  77  53  47  63  35  43  65  11  41   3   2  13  19  43  27   3  67
   32   1  61  49  74  87  71  51  49  92  61  76  88  96  32  83  87  48
   50  13  53  48  12  55  34  83  60  27  79  59  88  57  84  10  62  88
   25  37  45  59   1  69   4  17  98  70  45  38  63  43   3  99  38  65
   34  91  83  70  24  94  62   5  96   8  67  20  43  48  39  87  96  22
   34  44  45  87  28  42  15  96  70  21  59  56  70  58  50  37  39  11
   18  68  93  40  14   7  16  30  85   5  13  76   3  71  58 100  53  35
   24   9  11   9  68  74  94  58  38  79  12  70  87  67  66  11   4  15
   26  95   7  52  37  30  49  64  73  39  50  63  87  58  92  20  27  70
   91  91  90  83   6  18  10  63  50  87   3  79  47  83  64  80  88  74
   51  67  88  52  60  44  86   8  95  83  26  75  49  11  52   4  31  59
   79  78   9  18  47   2  54  29  18  52  38  39  21  86   4   1  46   8
    2  38  21  39  75  19  86]
 [  0  44  37  81  44  78  84  23  70  86  44  17  98  23  40  29   1  10
   34  38  63  88  78  67  57  98  41  10  30  65  17  84   6   6  51  85
   47  52  27  71  71  96  55   5  58  59  65  38   2  44  39  92  41  58
   75  64  46  42   7  84  85  22  98  45  73  35  65  18  75  48  74  90
   40   6  44  23  97  33  10  82  84  82  29  28  54  95  33  92  27  73
   43  92  23  26  14 100  83  52  46  73  29   7  64  29  76  26  86  83
   84   3  71  50  56  35  73  11  67  55   4  60  19  55  57  66  81  79
    8  75  61  92   3  68  66  55  22  85  37  94   4  76  63  52   9  50
   41  60  58  29  15  33  47  25  97  49  84  37  44  36  75  79   2  40
   69  87  67   5  62  68  25  94  98   5  31  80  28  91  35  66  36  20
   45  74   5  96  10  55  30   6  99  78  75  65  72  19  77  75  25  77
   18  51   5  22  12  17  67  63  44  62  56  46  48  11  43  92   8  90
   72  95  60  38   2  51  88  15  91  33  68   3  56   1  94  73  71  62
   90  94  26  31  26  38  43]
 [  0  60   9  10  69  23  79  84  32  34  90  68   5  64  31  57  40  52
   75   7  65  48  82  15  52   5   9  52  95  98   1  90   4  26   2  26
   71  18  66  94  18  22  14  65  17  87  16  87  77  93  19  74  77  65
   97  17  36  93  46   5  62   1   7  34  14  10  69  92  19  90  31  21
   44  82  89  88  48  28  92  41   5  26  93  60  49  16   8  25  24  41
   62  35  17  37  89  69  30  83  13  55  59   7  43  94  17   3  87  59
   56  93  27  20  71   1  80  14  25  12  75  21  41  59  36  76  58  12
   31 100  98  44  63  70  90  84  32  61  36  80   1  83  90  87  23  27
   77  33  31  75   3  98  49  65   5  12  19  88  20  29  86   2  24  20
   68  83  76  95  79  86  86  90   8  62  32  71  98  33  46  44  63  11
   88  65  24  98   6  83  99  86  64   5  53  22  99  87  50  94  68  13
   54  92  58  89  66  85  58  15  53  94  15  92  83  74  88   4  27  40
   33  58  86  76  88  67 100  46  29  19  47  71  80  79  72  78  79  50
   27  69  79  45  44  81  82]
 [  0  59  20  42  88  37  59  40  11  39  97  65  22  14  42  81  83  93
   17  18  45  52  59  70  14   4  99  10  62  54  76  96  82  21  26  12
    7   6   8   1  75   6  35  26  10  71  26  57   8   9  51  66  31  29
   25  47  68   4  97  67  37   7  42  81  58  54  91  15  41  65  20  28
   20  28  59  27  69   5  48  69  13  52  11  51  90  50  74  90  71  35
   80  18  74  55   5  87  51  24  26  50  88  61  16  80  63  64  31  60
   48   5  67  70  44  18  58  32  90  91  45  69  58  84  63  27  87  68
   54  35  44  21  75  74  56   5  12  76   2 100  32   2  20  43  59  69
   46  75  55  86  20  65  97   1  47  60  87  23  23  53   4  95  88  11
   22  10  18   8  68  20  80  32  27  76  27  51   7  93  46  70  82   4
   89  42  42  90  64  61  15 100  29  86  14  57  93  30  51  50  49   5
   41  70  37  86  18  59   7  18  38  46  20  57  16  11   2  40  46  86
   74  53  11  71  43  34  69  42  41  34  59   3  98  80  87  73  75  83
   50  62  22  86  97  66  73]
 [  0  89  80  17  55  79  36  91  13  84  30  96  25  68  76  90  18  15
   29  61  75  10  15   8  29  55  81  62  76   8  22  40  36  31  50  77
   40  40   4  71  79  58  82  75  15  55  35  21  79  20  11   6  91  34
   42  73  35  83  74  36  12  19  46  81  71  16  16  55   3  31  63  13
   32  20  17  89  96  37  82  61  44  43  97  35  52  23  57  69  96   6
   65  18  74   3   7  79  99  90  33   7  89  29  53  21  11  46  58  34
   19   4  62  11  45  41  69  46  89  35  48  30  21  61  34  52  82   3
   14  88  77  74  75  27  38  47  49  69  68  39  67  68  69  33  20  64
   46  33  72  45  44   5  13  77  14  11  19  39  69  51  98  26  86  77
   63  39  77  55  83   9  45  55  71  46  29  86  97   9   8  83  43  77
   80  65  13  31  64  62  97  27  75  14  78  47  64  74  67  69   4  68
   32  38  68  55  33  93  50  94   2  15  91  26   7  41  22   8  18  53
   67  53  75  79  63  84  60  90  94  91  93  49  67  17  51  64  32  77
   23  63  50  49  54  37  66]
 [  0  98  48   2  35  75  45  17  87  27  26  52  47  64   9  86  80  28
   88  36   2  34  16  54  27  47  71  85  60  80  92  52  69  83  48  10
   14  52  50  11  10  24  92  17  93  57  74  86  33  22  51  10  40  65
    6  27  70  19  59  33  73  37  53  77  14  88  37  25  84  46  90  84
   95  38  36  92  33  13  65   3  21  77  18  21  54  27  93  57  66  69
   65  39  34  79   1   9  12  62  56  14   4  42  57  40  24  41  35  52
   73   5  98  62  67  45  56  62  83  33  92  82  13  92  58  36  80  89
   98  57  72  91  48  55  72  49  32  44   9  47  46  98   6  30  22  31
   84  67  32  14  45   2  54  77  63  37  26   3  98  97  60  78  98  86
   61  22   2  71  61  63  10  53  61  58  44  42   2  20  46  68  43  30
   97  40  19  70  27  52  84  77  73  67  16  55  97  62  47  56   3  62
   80  72  27  54  68  85  43  91  48  79  91  25  39  91  27  43   8  20
   72  41  50  26  39   6  80  45  69  21  33  34  88  42  10  21  11  20
    4  92  78  21  90  61  77]
 [  0  63  63  33  86  65   1  49  86  46  28  75  48  69  89  92   4  76
   44  44  37  25  29  53  61  48  13  89   8  18  40  28  44  94  27   4
   54  87  41 100   2  62  65  19  39  16   1  46  86 100  89  93  48  41
   22   6   8  10  39  19  67  62  54  70  36  45  67  92  28  23   7  67
   99  56  38  37   7  28  14  49  79  76  27  30  15  42   8  11  25  59
   98  75  61 100  83  70  20   5  11  85  79  95  52  14  65  71  33   7
   75  45  30   8   7  50  15  60  52  12  82  37  72  56  14  54  85  73
   43  27  86  75  69  92  65  66  37  21  84  80  61  36  17  38  13  43
   77  49  59  49   8  71  78  48  13  21  31   6   2  65  95  58  13  78
   45   6  59  76  11   9  83  27  45  82  54   8   2  12  72  24  84  64
   69  17  77  47  69  97  67  41  37  57   9  60  61  23  35  82  68  98
    9  22  58  32  71  79  55  83  93  34   5  34  21  58   9   9  38  90
   22  89  20  54  80  60  95  17  49  15  93  21  63  14  83  82   1   6
    9   6  49  48  61  73  33]
 [  0  81  20  28   6  82  66  14   2  29  27  49  18  62  23  20  95  36
   56  21   3  55  50  91  25  22  15  47  58   2  10  63   8  63  77   3
   81   8  39  70  94  41  56  65 100  47  18  39  76  28  89  18  68  77
   51  92  13  37  64  68  20  99  91  44  33  21   2   1  25  37  64  90
   83  11  95  48  61  33  32  81  92  15  28  30  79  19  11  74  16  62
   52  13  45  87  43  82  10   9  67   4  68  55  31  21  84  49   5   9
   29  17  85  83  16  25  67  36  75  37  42  92  44  91  79  24  57  83
   12   1  10  24  44  99  97  48   8  12  28  88  14  59  45  91  56  25
   20  69  21  82  66  34  79  40  42  98  55  48  80  21  17  38  98  35
   41  77  92  88   1  36  54  69  12  81   7   5  72  63   2  90  77  94
   22  35  71  15  30  35  46  86   4  31  81  74  90   6  76  68  92  22
   52  92  33  21  26  26  49  93   6  23  53  65  11  96  43  13  64  43
   60  37  68  68  83  33  85  65  28  10  79 100  34  71  43  68   5  47
   34  44  23   5  49   3  13]
 [  0  13  45  79  88  83  26  93  98  13  72  46  10  38  15  20  50  79
   73  29  20  17  71  61  67   9  38   9  48  22  69  94   7  75  19  10
    6  53  54  66  45  30  80  18  51  96   9  67  18  52  64  40  28  81
   24  59  33  97  74   4  37  50  56   3  96  83  66  75  14  83  94  10
   63  72  92   8  90  74  89   5  38  88  86  46  47  18  82  89   5  21
   53  80  93  45   5  75  13  63   9  89  81  18  16  16  75  55  86  46
   30  17  27  94  16  23  49  99  18  73  24   3  92  26  39  74  59  30
   17  85  37  58  43  37  26  11  74  73  96  88  34   1  89  57  86  63
   39   7  41  39  92  96  69  45  92  48  23  92  53  15  42  45  74  17
   87  18   6  27  68  56  76  15  56  91  79  96  92  84  30  97  44   8
   95  61  41  61  40  51  84  75  37  35  75  55  36  33  50  21  94  98
   37  10  44  17  32  23   1  53  39  55  33  31  76  60  49  85  60  52
    7  82  71  43  50  47  52  27  88  19  94  87  28  48  76  84  56  37
   89   2  58  52  39  50  29]
 [  0  57  35  70  81   9  70  20  33  37  87  88  83  98  66  72   1  63
   77  93  77  96  60  25  42  82  99  21  42  85  46   4  18  76  39  91
   65  57  65  96  47  68  16   6  27  65  16  78  89   9  36  64  12  31
   77  10   1  54  99  24  75  67  70  56  29  76  44  31  19  23  31  89
   22  85  67  73  46  20  82  31  82  89  37  35  50  91  35  75  18  39
   24  23  19  92  43  54  43  52  12  29  82  63  37  96   9  93  87  85
   26  58  63  68  52  95  13   8  22  33  39  63  96  73  80  65  38  36
   22  37  59  79   9   7  56   9  92  53  29  97   8  73   8  39  24   4
  100   8  82  65  80  69  94  50  84  46  12  88  24  23  20  54   4  39
   77  24  27  97  55  34  54  55   2  12  99  49   5  96 100  66   9  82
   28  38   3  46   2  20  81  29  18  83  54  98  70  89  50  98  94  58
   94  78  21  43  22  28   1  18  67  33  10  64  48  93  24  21   4  62
   61  36  80   4  24  38  44  55  98   8  89  42  61  68  75  49  99   9
   80  30  74  59  42  82  66]]
 setup_times
 [[[  0 119 113 102 115  67  97 110  73]
  [  0   0 103  73  88 113  74  94 116]
  [  0  61   0  63  60  65  60  89  91]
  [  0  84  92   0  94  92  64  84  82]
  [  0  81  98  61   0  78  93  67  88]
  [  0  97 106  79  72   0 114 108  92]
  [  0  72 104  94  89 111   0  95  98]
  [  0  62  74  71  96 108  81   0 104]
  [  0 109  69 114 109  73 118 100   0]]

 [[  0 103  66  94 115 119  73 101  65]
  [  0   0  87 113  89  79  96  74 102]
  [  0  70   0  67  84 102  86  64  85]
  [  0  69  66   0  97  68 107  87  60]
  [  0  74  63  97   0  85  82 117  87]
  [  0 115  62 113  65   0  78  64  99]
  [  0  97 113  83  72  98   0 106 115]
  [  0  90  94  83  64  98 101   0 115]
  [  0 101 113  84  77  74  99  66   0]]

 [[  0  69  71 117 114  75  67  83  67]
  [  0   0  78 117 104 107  99 103 117]
  [  0  61   0 101  89  88  80  65 113]
  [  0  91  63   0 111  88  84 112  80]
  [  0  90 119  98   0  91  95  92  87]
  [  0 118  89  92  95   0  86  89 115]
  [  0  64  92  71  68  93   0  66 105]
  [  0  79  93 114 108  97 111   0  79]
  [  0  65 112 118  71  81  64 113   0]]

 [[  0  65  92 113  94  93  62  76  87]
  [  0   0 103  73  79  83  82  91  73]
  [  0 115   0  71  61 102 105  93  97]
  [  0 110  62   0  69  78 118  67  75]
  [  0 109 119  73   0 105  97  62 104]
  [  0  87  86 115 117   0 114 112 104]
  [  0  73  81  81  86  72   0  66  77]
  [  0  65  80  68 102  92 105   0  73]
  [  0  95  74  80  76  84  63  75   0]]

 [[  0 102 102  75 112  77  73  80  80]
  [  0   0 114  81  77  92  89 110  95]
  [  0  63   0  76 111  64 113  84  79]
  [  0  91 119   0 119  98 105 108  69]
  [  0 111  66 110   0 111  85  96  98]
  [  0  63  66  77 109   0  90  68  69]
  [  0 102 100  62  79  81   0 102 109]
  [  0  61  65  96  89  72  92   0  97]
  [  0 111  83  61  68 113  71  77   0]]

 [[  0 119 107 112 111 107  71  78 110]
  [  0   0  92 105  73 110  78  91 105]
  [  0  92   0  69  91 118  91 110  63]
  [  0  65 110   0 110  70  91 110  62]
  [  0  66  88 108   0  83 110  65  70]
  [  0 107 112 112  89   0  92  64  91]
  [  0  70  96 114  64  79   0 107 112]
  [  0  88  89  76  83 118  69   0  92]
  [  0  89 111 114  71 106  98 104   0]]

 [[  0  95  85 111  97  94  75  95  71]
  [  0   0  73  98  67 113  69 117  79]
  [  0 119   0  75  71 119  91  94  63]
  [  0  66 103   0  89  99 114  95  65]
  [  0 114  84 100   0 111  99 118  98]
  [  0 103  86  88 116   0  83  79  89]
  [  0 102 119 112  77  61   0  70 119]
  [  0 109 117 109 114  64  97   0  93]
  [  0  70 113  71 100  91 111  71   0]]

 [[  0  80  60  78 105  98 107  92 111]
  [  0   0  97 106  97 112 103  63 106]
  [  0  91   0  82 119  73 119  83  80]
  [  0 106  63   0 113  96  64  87  78]
  [  0 101 104  91   0  61  86 115  99]
  [  0 103  66 109  93   0 106 105  87]
  [  0  95 107 107 111 116   0  95  78]
  [  0 108  60  96  89 109  70   0  67]
  [  0  76  75  80 109  80  86 119   0]]

 [[  0  80 116  70  95 115  73  90 107]
  [  0   0 104  73 103  81 107  62 107]
  [  0 113   0  74  79  86  70  99 106]
  [  0  89  91   0  66  74  90  90  84]
  [  0  64  91  80   0  64  88 118 109]
  [  0  93  79  87  89   0  77 112 117]
  [  0  65  93  77 102  92   0  63 110]
  [  0  73 116  66 116 114  91   0  61]
  [  0  78  97  73  86  81 111  62   0]]

 [[  0  87  82  73  81 113  62 106 106]
  [  0   0 115  83  66  62  93 116 104]
  [  0 118   0  69 102  98  70  71  87]
  [  0  81 113   0 101  87  73 117  86]
  [  0  86  65  81   0  83 106 103  73]
  [  0  93  72  65  79   0 103  75  84]
  [  0  82 109 110  88 109   0 104  91]
  [  0 116 107  62  71 107 112   0 101]
  [  0  90  75  61  60  91  99  88   0]]

 [[  0  99  68  85  69 106 117  69 112]
  [  0   0 106  68 106  85 106 119  80]
  [  0  86   0  96  94 118  81 107  96]
  [  0  70  61   0  82  61  89  61 109]
  [  0  71 117  84   0  97  91  77 110]
  [  0  82  66  73  82   0 108  76  98]
  [  0 103 105  66 102  96   0  73 110]
  [  0  82 107  67  83  97  72   0  60]
  [  0 119 102  76 103  74 101 117   0]]

 [[  0 115  63 112  63  87 103  79 101]
  [  0   0  63  62  78 115  76  83  87]
  [  0  98   0 101  80 113 106  64  76]
  [  0  62  76   0  96  99  75 101 114]
  [  0 119 102 113   0 111  82  91  93]
  [  0 119 106 107  90   0 106  80  77]
  [  0  69 108  90  80  99   0  79 108]
  [  0  93 117 109 106  67  99   0  97]
  [  0 117 115  96  91  85  75  70   0]]

 [[  0  97  77 116  73  95  71  79 114]
  [  0   0  67 110  83  69 109  60  92]
  [  0 107   0 117  90 112  81  68  65]
  [  0 115  61   0 106  78 118 109  60]
  [  0 112  83  63   0  76  81 109  64]
  [  0 109  71  73 107   0 108  69  61]
  [  0  99  72 114 100  99   0  99 100]
  [  0  81  92  89 107  72  81   0  63]
  [  0 117  73  88  62 119 107  62   0]]

 [[  0 114 107  90  69 109 105  74  68]
  [  0   0  79 116 108  63  92  84 114]
  [  0 118   0  61  76  83  67  73  63]
  [  0  65  63   0  84  93  76  85  74]
  [  0  71  99  73   0  69  62  78  80]
  [  0  64  84  80  96   0  68  88 103]
  [  0  65 118 103  99  92   0  60  73]
  [  0  65  97  74  70  61 112   0  65]
  [  0  95  83  74  67 113  70 119   0]]

 [[  0 115  88 107  82  91  81 111  79]
  [  0   0  71  60  72  60 109  80  83]
  [  0 113   0  95 102  69  99  85  85]
  [  0 109  87   0  76 111 101 110  79]
  [  0 112  88  92   0  99 101  71 118]
  [  0 107  62 118  81   0 103  62 113]
  [  0  68  74  79 101 112   0  69 118]
  [  0 103  73  63  79  95 106   0  80]
  [  0  79  76 119  80 103 102 104   0]]

 [[  0  89  72  81  69  90  95  99  82]
  [  0   0  69  91 117 105 104 102 116]
  [  0  65   0 108  80 108 103 107 100]
  [  0  66 108   0  61  66 116  97  84]
  [  0  92 101  76   0  60 109 119  95]
  [  0  67  85  97 107   0  89  87 118]
  [  0 101  77  69 108 113   0 109  97]
  [  0 117 113 111  99  66  63   0  69]
  [  0  95  91  83 110  95  97 102   0]]

 [[  0  94  88 104  64  92 114  91 119]
  [  0   0  76  60  89 111  98  83 108]
  [  0  87   0 103  73 107 112 108  71]
  [  0  82  96   0  86 111  98  92 118]
  [  0  71 110  97   0 105  67 113  87]
  [  0 114  96  81  75   0  93  85 115]
  [  0  60 113  92  94 107   0  88 111]
  [  0  62  96  85  89 107  93   0 100]
  [  0 104  65 100 104  90  98  96   0]]

 [[  0  85  70  86  84  93  71 107  91]
  [  0   0  80 108  93  63 101 118  90]
  [  0 109   0  75 103  94 113  89  92]
  [  0  66 116   0  60  88  91  78  82]
  [  0 100 116  61   0 106  98 113 108]
  [  0  67  63  81 108   0  68 107  69]
  [  0  63  92  65  72  92   0  68  99]
  [  0  77  75  88 115 111 118   0  85]
  [  0  69  96  99  68  71  90  69   0]]

 [[  0  69  83  66  72  67  93  75  92]
  [  0   0 117 105  84  60  82  75  96]
  [  0  98   0  78  85 109 105 114  95]
  [  0  76  60   0 105  60 117 110  66]
  [  0  77  92  62   0 118 119 115 104]
  [  0 118 102 115 104   0  64 100 113]
  [  0  89 114 114  72  65   0 101 100]
  [  0  66 109  72 119 104  89   0  84]
  [  0  99  83  95  62  91  76  66   0]]

 [[  0  77  82 114 106  89 102  76  80]
  [  0   0 111  69  85  93 111 105  67]
  [  0  82   0  76  99  87  92  81 112]
  [  0  99  66   0 108  72  61  78  84]
  [  0  83  81  80   0 100  95  61  69]
  [  0  60  72 112  74   0 112  67 113]
  [  0 107  67  85 111 111   0 110  66]
  [  0  84  81  80  74  92  95   0  85]
  [  0 112  64  92  61 117  92  79   0]]]
 delivery_times
 [[  0 161 159 172 195 194 101 181 139 100 193 120 138 183 174 114 158 104
  134 192 155 120 121 195 121 198 139 124 184 195 177 138 139 176 122 125
  160 160 129 186 151 116 118 112 124 158 184 106 162 138 122 176 152 159
  160 131 168 122 125 114 161 111 125 120 135 104 115 129 169 176 171 153
  170 166 108 144 146 144 123 185 107 186 184 128 113 174 128 135 188 170
  158 112 170 124 154 179 113 160 185 100 133 100 115 138 154 152 113 115
  111 117 161 148 163 120 189 128 163 185 178 118 194 168 175 181 125 179
  119 150 126 156 104 105 182 130 124 185 193 184 197 170 139 131 199 179
  185 159 127 146 186 145 102 134 144 104 117 129 114 157 150 175 109 111
  156 116 196 114 126 148 169 199 178 144 117 193 151 173 101 195 161 171
  162 196 144 125 171 131 145 116 131 192 177 117 169 161 113 193 124 176
  128 148 151 165 101 152 124 198 111 155 183 182 171 127 108 135 109 121
  171 177 122 169 111 119 197 182 174 177 108 188 153 184 176 126 159 150
  157 198 179 107 177 130 116]
 [  0 168 134 130 189 197 181 172 143 100 114 172 152 106 134 152 172 113
  136 176 182 164 124 176 182 120 135 121 152 132 190 152 120 191 183 152
  131 168 147 148 160 133 109 152 169 199 153 116 153 174 135 156 124 161
  161 174 147 158 184 119 124 143 189 167 153 119 189 177 153 127 192 180
  186 159 119 111 146 147 131 151 145 153 105 188 192 133 104 152 121 116
  126 130 106 146 140 155 115 119 124 152 194 170 184 184 135 117 117 131
  126 103 195 139 167 191 169 170 173 138 148 146 175 149 187 169 177 142
  131 112 147 133 141 124 143 108 102 100 165 105 160 186 192 125 147 190
  112 128 139 108 192 139 120 139 199 123 193 135 144 197 187 177 154 145
  146 138 168 180 196 105 142 139 129 114 102 134 164 154 150 171 163 152
  150 186 147 131 188 118 187 166 112 171 157 182 164 152 163 187 188 122
  192 111 185 129 194 181 190 158 127 101 110 170 166 118 141 169 194 192
  197 186 162 159 173 121 182 138 173 192 162 159 119 109 157 166 161 141
  192 153 138 101 102 122 185]
 [  0 116 181 164 108 165 157 135 113 158 180 182 163 155 103 189 160 116
  161 176 142 151 142 117 175 170 128 169 147 160 197 161 181 113 173 146
  149 124 145 160 186 159 189 143 113 141 118 101 168 195 155 103 196 132
  111 155 185 104 146 104 196 144 182 152 192 128 110 158 101 114 107 154
  199 148 158 113 107 181 189 148 175 125 110 179 167 173 153 154 164 169
  178 132 106 130 159 142 124 139 146 133 173 194 108 100 146 151 168 147
  195 194 189 134 129 108 102 183 127 174 139 147 125 151 101 176 105 114
  156 159 162 166 126 162 161 163 187 155 172 103 159 161 169 166 111 148
  133 108 114 146 166 198 199 191 129 136 148 165 103 101 173 129 100 181
  118 171 129 151 164 116 152 162 189 131 102 123 175 193 141 146 166 153
  188 179 170 145 153 176 126 138 189 195 107 160 137 142 174 181 177 167
  135 118 122 180 151 154 179 175 143 110 163 114 149 147 101 138 128 135
  175 129 124 134 151 101 198 117 102 178 120 137 139 109 117 141 108 198
  153 124 180 123 187 138 170]
 [  0 150 169 159 106 167 181 193 184 137 165 120 158 170 135 119 198 172
  183 156 150 164 135 119 129 128 103 138 170 163 186 102 167 188 102 177
  181 187 141 167 111 122 147 173 123 140 163 151 130 109 124 167 142 113
  196 100 110 193 148 154 148 169 181 138 104 135 180 180 188 174 185 176
  198 108 186 174 136 180 151 180 151 138 188 108 199 101 152 180 168 139
  166 157 119 165 151 184 180 140 158 148 174 102 109 164 118 137 111 145
  132 145 180 185 133 173 173 154 137 158 145 121 194 183 165 142 168 145
  114 100 172 114 126 131 132 158 167 193 115 116 171 162 176 115 155 152
  152 188 181 160 128 139 184 114 147 136 106 184 191 114 194 187 125 147
  148 160 119 139 115 188 189 174 117 150 176 155 105 149 173 107 182 197
  187 196 120 119 106 155 150 177 114 166 107 146 102 135 164 181 170 126
  165 191 101 103 162 137 135 149 111 133 173 153 131 139 154 177 194 159
  152 158 186 122 151 164 134 157 100 131 121 153 122 108 162 161 166 107
  176 197 153 154 126 108 183]
 [  0 182 141 150 140 157 111 143 125 135 117 175 167 167 110 126 121 138
  160 185 120 143 152 153 131 162 120 117 193 158 121 185 183 177 108 134
  190 174 168 149 116 142 136 181 156 157 125 171 177 177 179 161 138 199
  155 153 157 165 125 143 107 189 105 140 133 173 197 125 146 106 168 172
  105 101 104 123 121 104 154 146 142 135 135 102 153 163 196 149 142 138
  141 191 117 140 158 164 166 164 104 151 171 167 165 195 198 190 171 100
  166 148 165 100 153 145 124 116 185 133 144 194 142 138 139 116 141 144
  115 156 175 133 169 164 128 106 143 146 146 179 131 190 192 134 175 106
  133 192 115 170 159 180 137 153 181 193 104 126 177 193 100 163 189 162
  147 101 155 119 192 113 117 198 151 130 178 180 127 122 194 153 141 168
  113 138 124 183 137 108 173 164 105 101 123 180 156 159 157 106 110 177
  118 143 186 190 102 161 107 124 143 194 105 133 199 176 175 170 102 197
  162 193 134 170 138 188 120 119 189 174 158 164 161 165 162 177 163 146
  185 199 108 179 124 127 123]
 [  0 141 158 140 195 159 120 101 112 161 118 123 198 150 131 125 110 182
  179 101 159 148 128 189 174 192 193 119 115 115 148 131 187 199 158 145
  127 170 170 103 161 183 176 123 114 131 101 128 139 148 157 194 154 192
  138 179 136 161 184 174 111 173 148 188 199 165 128 169 153 199 165 121
  168 104 185 121 190 100 147 158 183 127 117 118 175 131 162 156 106 149
  120 102 103 196 118 155 115 112 108 165 180 100 187 145 131 174 120 179
  169 102 191 151 148 175 159 147 116 189 152 130 136 143 127 180 189 179
  153 102 140 195 174 170 182 159 157 170 113 116 166 137 192 152 140 137
  126 147 153 172 179 147 186 141 177 196 186 104 111 132 160 185 180 113
  149 111 125 134 152 191 108 120 134 172 133 169 173 186 180 193 168 182
  108 101 131 141 169 113 171 106 127 180 111 181 183 107 112 115 162 188
  138 189 127 112 109 136 134 166 152 186 139 199 187 118 160 150 155 175
  195 138 165 197 138 180 193 149 162 115 115 197 109 117 185 138 118 198
  114 193 179 132 110 154 160]
 [  0 164 132 131 121 194 119 171 102 150 151 125 120 177 156 184 121 199
  172 111 195 145 130 145 102 126 167 199 186 140 186 104 178 165 139 147
  163 150 198 102 197 125 143 167 124 198 121 151 199 185 178 166 120 198
  140 133 192 118 142 111 143 182 118 109 122 184 160 111 162 199 147 149
  102 189 181 134 173 163 115 163 113 144 174 147 157 196 129 149 160 198
  106 148 132 128 169 140 190 139 156 182 155 162 166 131 188 178 148 168
  131 128 142 173 185 124 106 132 197 191 102 131 139 155 135 115 175 155
  198 184 182 190 123 115 184 102 168 164 110 127 109 133 149 134 124 105
  165 162 135 197 124 163 100 147 185 139 166 150 160 142 156 117 104 189
  105 162 145 157 136 145 175 167 174 148 136 160 168 192 141 136 134 113
  168 166 158 143 179 187 154 108 163 101 110 154 187 153 153 162 147 109
  192 120 132 177 170 197 137 162 107 168 175 140 159 155 108 143 161 147
  122 133 130 185 146 163 160 111 166 149 161 121 185 107 104 102 133 146
  144 125 179 111 167 128 167]
 [  0 119 125 110 185 100 104 156 186 101 152 146 154 160 157 187 117 119
  129 125 106 120 105 137 105 161 188 191 154 152 158 197 181 112 126 184
  152 114 114 161 186 105 131 115 127 112 193 107 113 194 156 135 144 156
  113 183 108 128 188 139 161 146 172 163 101 121 117 114 153 198 186 146
  104 162 134 108 143 165 126 198 125 136 150 195 130 137 167 165 160 164
  180 142 175 186 107 147 121 118 128 127 106 128 112 139 175 175 182 103
  187 178 165 154 184 165 146 144 153 132 134 178 155 147 114 154 152 105
  176 192 125 169 194 179 166 161 114 101 145 190 175 183 153 168 174 185
  140 103 177 167 158 167 121 196 125 153 191 112 188 184 153 184 113 162
  119 137 199 167 175 153 146 131 183 105 182 168 177 162 176 181 152 166
  137 152 104 185 162 154 111 128 151 106 175 197 146 150 189 133 156 127
  188 181 146 181 145 141 143 187 132 110 180 128 128 118 111 135 109 130
  106 168 174 190 189 158 107 139 145 191 125 106 198 179 161 159 176 180
  143 139 149 119 105 194 158]
 [  0 162 112 182 175 147 182 198 158 179 125 167 192 112 145 121 165 147
  114 173 139 162 195 163 184 179 149 139 120 161 107 183 194 165 140 183
  117 101 168 182 138 124 177 147 184 125 102 136 191 103 112 199 104 144
  134 138 118 129 181 185 160 190 162 175 113 120 125 161 199 161 192 152
  156 192 143 184 118 126 122 109 165 173 167 113 182 189 187 136 197 154
  155 172 137 151 149 192 190 111 182 177 108 188 145 128 109 152 145 164
  116 159 103 101 132 152 135 145 124 116 138 112 142 106 130 137 186 117
  116 197 109 101 160 124 150 143 162 116 129 127 117 137 164 163 148 142
  164 181 181 103 168 104 141 150 116 160 196 157 128 124 187 138 162 143
  120 111 190 165 158 133 151 134 196 198 153 103 193 132 102 174 137 178
  136 196 146 140 109 159 181 137 179 146 155 125 195 133 147 151 127 101
  159 185 180 132 163 178 100 157 169 140 132 175 135 178 123 133 133 168
  186 104 154 148 127 198 189 103 140 198 175 147 174 126 145 142 128 197
  188 195 114 141 104 177 153]
 [  0 104 197 121 158 102 105 139 104 104 162 108 116 194 139 185 143 127
  193 182 142 144 114 126 162 115 144 131 171 114 194 142 170 115 191 173
  167 184 195 167 137 182 167 167 140 138 135 132 135 103 151 151 195 121
  134 101 117 165 192 198 196 163 137 164 134 197 186 118 157 199 154 189
  141 191 145 124 164 193 198 132 130 186 179 108 146 168 115 113 179 163
  165 175 140 126 197 119 144 180 149 124 132 114 183 106 119 131 149 175
  192 192 103 106 121 110 161 120 110 158 136 178 172 111 117 199 128 191
  101 101 152 134 150 135 156 181 128 146 102 140 159 105 110 196 126 151
  128 111 139 146 123 155 108 144 181 193 179 118 147 132 196 197 192 118
  180 117 112 150 191 152 199 127 132 110 153 114 153 156 131 157 142 130
  193 166 171 123 167 171 118 132 126 177 196 169 177 148 172 176 150 183
  199 129 163 137 170 172 175 164 107 154 194 130 188 174 145 133 144 120
  176 156 130 197 185 111 189 162 186 109 110 194 190 149 135 189 191 186
  172 166 146 119 147 100 118]
 [  0 139 167 127 151 192 170 142 102 112 168 120 120 103 189 198 155 158
  160 140 195 168 155 119 121 167 197 129 173 157 187 181 199 132 183 119
  129 145 176 185 161 136 160 129 176 116 106 140 183 196 136 117 129 169
  153 179 109 187 101 196 196 138 145 111 155 146 130 176 163 131 183 163
  178 182 196 134 145 146 109 124 119 167 179 161 158 181 194 134 125 179
  131 192 174 155 165 182 115 134 153 178 121 183 101 160 194 192 178 163
  158 100 149 139 116 172 149 196 154 104 144 172 105 182 177 197 149 101
  125 179 127 122 102 167 161 170 176 182 124 191 197 103 142 161 196 153
  113 125 165 123 111 102 161 141 156 168 128 140 135 114 154 133 117 199
  192 162 125 178 197 191 122 193 107 147 197 123 141 134 199 176 166 175
  117 192 116 111 187 110 178 183 105 100 131 135 107 162 181 108 103 177
  102 188 103 134 162 181 150 194 151 135 168 121 119 182 145 145 103 182
  151 179 140 126 144 144 134 108 170 172 196 121 135 158 105 166 132 174
  185 141 131 160 158 182 166]
 [  0 108 179 172 178 126 169 136 173 111 126 185 161 194 163 166 140 131
  140 133 107 119 143 134 170 122 107 138 139 196 197 147 161 171 171 166
  187 114 155 130 111 177 187 108 171 186 112 164 180 142 158 187 154 118
  130 182 161 118 138 100 196 114 159 159 136 109 150 193 104 163 168 154
  155 162 154 135 155 138 144 141 157 156 115 134 189 153 103 165 151 194
  172 192 100 141 105 178 173 175 125 171 160 163 180 163 137 199 159 141
  157 181 181 179 153 111 145 134 148 139 196 158 157 175 111 136 198 151
  190 123 178 115 167 162 122 171 171 118 127 111 163 110 199 123 153 193
  161 118 121 190 157 150 170 108 136 106 188 129 132 144 149 102 172 123
  135 177 117 142 130 198 193 151 186 130 143 153 115 160 118 118 162 116
  121 147 113 167 151 145 179 127 101 178 194 169 144 179 162 186 180 147
  139 161 184 154 157 197 172 188 161 193 116 103 171 174 186 131 105 192
  196 175 186 100 126 112 140 149 129 160 180 192 152 146 174 178 184 113
  135 137 168 175 115 128 195]
 [  0 175 172 199 174 187 105 184 121 181 182 113 111 187 153 145 159 133
  141 162 182 102 147 184 186 123 148 117 117 171 152 142 147 106 196 178
  126 185 157 111 165 188 162 104 172 100 124 138 162 189 136 178 134 149
  126 138 156 125 159 198 199 120 115 177 130 104 137 137 164 183 174 175
  131 110 119 164 142 153 120 137 159 162 122 143 108 166 190 126 152 136
  191 108 162 159 189 153 122 158 137 152 172 194 173 141 111 151 129 114
  165 120 169 193 173 194 111 184 170 167 189 171 198 102 161 106 123 153
  110 146 161 116 106 105 142 151 169 147 124 157 118 144 172 169 161 154
  122 171 102 189 186 178 156 114 120 118 182 101 172 194 164 187 165 133
  111 149 129 158 142 181 154 105 127 191 160 145 104 121 199 190 184 161
  127 162 112 135 157 134 178 153 159 154 141 128 108 184 179 119 130 138
  173 132 120 177 196 147 148 103 160 194 102 178 187 115 162 132 144 139
  154 197 131 115 154 156 169 166 105 135 134 126 168 159 185 147 197 108
  182 159 178 117 132 128 189]
 [  0 163 178 139 164 186 165 134 163 105 114 194 171 169 135 103 181 196
  170 158 132 140 105 163 177 153 117 191 136 195 119 122 166 169 157 170
  190 188 113 182 152 119 181 105 164 186 119 158 174 118 108 122 134 112
  138 195 147 100 146 143 134 121 135 165 188 182 174 184 117 145 123 102
  191 159 115 191 197 170 156 146 129 181 158 198 178 177 126 136 126 140
  183 182 153 111 197 165 127 151 104 176 173 166 191 125 119 129 115 111
  189 107 179 102 166 178 120 134 153 169 129 198 179 110 111 184 167 104
  193 177 141 147 199 177 130 104 199 166 150 199 196 176 154 117 123 155
  174 118 152 154 142 168 106 198 138 174 152 146 199 102 149 138 194 157
  109 155 127 151 107 187 100 130 199 103 195 187 161 130 133 132 123 182
  102 122 173 162 166 147 168 180 163 171 182 143 125 163 189 183 161 131
  132 152 139 160 133 199 164 183 153 195 195 148 135 159 199 129 131 197
  104 176 166 109 193 189 127 108 197 155 136 143 161 104 143 166 125 191
  155 115 113 160 159 194 115]
 [  0 156 195 149 123 132 176 148 122 135 133 195 158 185 109 177 141 105
  143 139 194 175 110 174 129 158 133 159 147 161 133 189 120 103 127 172
  163 181 176 164 190 117 150 144 160 161 172 136 166 123 140 143 194 106
  109 100 140 149 187 179 177 115 176 146 193 186 107 190 149 136 179 183
  197 150 138 107 154 108 186 103 152 141 196 113 179 166 107 149 149 163
  157 121 191 149 159 128 182 104 107 175 178 179 118 163 115 138 115 131
  137 177 174 183 143 185 145 146 181 128 136 189 138 188 146 144 191 194
  126 135 191 100 126 183 170 165 168 144 111 161 155 139 192 124 174 148
  186 184 125 103 188 125 172 125 111 169 169 162 183 103 124 110 121 106
  161 140 107 176 112 125 141 198 163 161 106 197 104 108 177 182 138 183
  107 117 103 123 164 161 183 135 101 111 118 199 147 126 173 116 115 155
  152 103 187 135 183 130 163 158 170 162 156 136 179 150 133 113 135 110
  152 194 163 142 106 145 159 175 178 163 162 142 161 108 131 109 170 116
  164 119 185 192 138 182 170]
 [  0 107 115 116 146 149 123 180 102 164 154 186 161 185 196 115 169 121
  146 125 155 141 118 160 160 107 179 115 193 104 120 109 161 124 132 154
  162 187 107 193 152 131 166 134 155 181 134 174 156 101 148 174 152 192
  170 114 156 150 196 188 199 190 103 181 170 198 138 100 192 104 133 166
  195 103 135 138 141 103 148 139 163 187 107 188 165 121 178 194 113 157
  171 116 199 130 140 110 136 185 134 114 174 124 175 124 197 156 194 149
  169 199 125 159 160 183 163 150 134 110 137 111 106 142 192 143 159 178
  149 173 173 148 117 161 125 126 150 199 128 187 140 199 118 129 194 167
  190 133 140 115 100 129 182 116 116 167 145 182 142 127 176 107 130 151
  193 175 148 127 130 137 142 132 174 107 156 178 115 131 158 165 157 144
  137 182 178 157 163 134 183 106 127 114 167 173 197 158 106 108 164 129
  170 177 118 173 199 167 195 111 149 119 129 149 114 101 138 121 148 188
  152 112 129 190 189 111 115 187 194 101 149 105 128 183 109 125 153 196
  127 132 150 187 188 112 121]
 [  0 130 147 120 153 168 179 114 161 155 106 130 146 176 150 124 116 109
  165 124 130 193 175 137 188 128 157 173 174 134 121 163 151 188 107 198
  175 155 113 139 160 175 104 153 154 126 125 114 199 195 180 154 188 160
  149 117 154 146 170 171 171 168 166 126 152 110 196 136 162 100 111 167
  160 133 158 177 163 197 132 108 141 149 105 117 114 117 147 148 158 146
  198 123 148 183 127 109 182 113 112 170 118 128 150 138 110 105 140 152
  183 163 190 109 105 104 101 128 173 100 195 113 172 112 126 175 179 159
  180 139 186 130 186 171 163 106 146 118 163 149 154 104 120 138 147 178
  185 182 124 108 170 173 175 154 167 154 156 137 106 106 122 189 147 144
  122 181 147 142 110 102 131 110 104 161 149 132 134 105 188 117 155 114
  188 137 164 124 151 199 187 141 161 193 146 179 142 110 100 177 134 195
  193 172 116 157 119 138 139 113 143 191 163 198 119 103 193 197 108 148
  123 196 125 143 184 114 173 109 176 159 113 128 188 159 146 123 153 141
  104 119 174 168 189 178 111]
 [  0 109 170 113 124 189 154 145 167 175 115 125 193 192 160 127 166 119
  177 117 179 173 123 134 173 157 174 127 160 176 104 149 172 196 121 127
  103 194 164 122 106 112 149 103 133 173 174 146 110 170 163 183 151 144
  178 185 153 104 166 120 114 180 147 181 117 186 133 109 150 119 136 197
  160 163 188 111 112 135 179 127 131 157 178 176 141 109 108 199 102 112
  189 169 170 151 103 190 180 149 183 161 148 115 138 152 112 103 150 177
  116 133 199 178 169 193 149 156 146 121 121 117 117 165 100 181 160 105
  121 137 162 161 164 125 172 180 121 127 102 144 164 183 124 123 118 127
  136 128 137 108 143 135 157 145 120 134 139 112 167 101 194 127 123 169
  148 119 163 127 102 132 125 196 172 177 121 134 112 149 140 173 155 130
  167 197 181 121 168 178 109 159 139 127 198 119 113 127 157 119 156 180
  159 186 170 119 167 162 142 143 178 147 150 120 125 180 158 127 159 172
  143 197 100 135 176 155 171 162 145 110 119 165 182 171 112 153 134 150
  144 112 141 139 105 149 195]
 [  0 169 146 181 111 114 156 164 192 198 118 177 173 169 159 137 117 117
  178 141 127 114 159 197 141 157 197 147 132 175 153 143 145 116 116 196
  133 163 144 133 167 182 140 160 108 162 105 127 136 134 174 178 168 104
  178 120 170 147 170 174 144 115 165 100 156 189 173 134 175 151 189 123
  150 196 113 163 164 120 191 113 132 197 164 104 134 131 105 128 141 190
  189 158 178 188 180 117 174 130 155 123 110 118 182 136 117 119 121 134
  143 192 189 105 158 117 186 199 115 164 176 188 189 117 188 194 195 159
  172 116 192 157 198 140 151 179 102 194 165 191 156 127 129 137 169 169
  115 131 116 146 100 149 144 183 172 142 154 138 193 189 167 159 124 157
  169 116 124 176 151 127 108 186 180 157 135 115 116 199 137 119 147 139
  108 138 114 174 171 134 116 122 161 176 173 170 178 149 184 166 191 125
  188 198 136 108 151 114 130 186 183 112 158 112 182 118 104 167 174 147
  111 115 154 101 143 176 172 139 174 103 191 115 162 166 189 177 147 184
  118 169 198 117 198 141 165]
 [  0 181 110 141 167 102 197 109 138 138 191 190 199 152 185 104 185 173
  133 142 108 193 131 105 184 130 176 132 150 179 144 148 128 195 199 115
  110 138 170 160 130 100 195 112 127 148 177 110 129 125 146 124 110 115
  106 128 136 162 108 117 180 106 159 172 140 199 102 107 170 102 129 131
  174 134 197 112 106 146 181 157 182 191 132 141 165 163 195 177 186 195
  130 178 124 185 136 189 186 182 150 158 137 104 141 198 137 122 160 155
  122 197 168 101 166 142 160 113 133 181 195 176 155 108 157 176 139 140
  159 168 168 135 150 144 153 189 193 198 188 122 100 149 148 195 144 186
  148 155 138 146 130 188 161 173 148 195 131 130 154 187 163 142 191 153
  144 101 117 116 193 195 132 198 183 113 185 131 150 101 181 135 175 145
  148 109 195 151 177 190 157 125 108 172 193 132 165 138 185 152 122 100
  117 155 124 128 152 105 128 134 134 160 144 118 136 119 164 112 192 133
  148 157 183 127 146 156 174 141 143 119 112 159 178 165 132 112 181 134
  107 198 117 116 109 103 137]]
 job2fam
 [[1 0 0 0 0 0 0 0 0 0 0 0 0 0 0 0 0 0 0 0 0 0 0 0 0 0 0 0 0 0 0 0 0 0 0 0
  0 0 0 0 0 0 0 0 0 0 0 0 0 0 0 0 0 0 0 0 0 0 0 0 0 0 0 0 0 0 0 0 0 0 0 0
  0 0 0 0 0 0 0 0 0 0 0 0 0 0 0 0 0 0 0 0 0 0 0 0 0 0 0 0 0 0 0 0 0 0 0 0
  0 0 0 0 0 0 0 0 0 0 0 0 0 0 0 0 0 0 0 0 0 0 0 0 0 0 0 0 0 0 0 0 0 0 0 0
  0 0 0 0 0 0 0 0 0 0 0 0 0 0 0 0 0 0 0 0 0 0 0 0 0 0 0 0 0 0 0 0 0 0 0 0
  0 0 0 0 0 0 0 0 0 0 0 0 0 0 0 0 0 0 0 0 0 0 0 0 0 0 0 0 0 0 0 0 0 0 0 0
  0 0 0 0 0 0 0 0 0 0 0 0 0 0 0 0 0 0 0 0 0 0 0 0 0]
 [0 0 1 0 0 0 0 0 1 0 0 0 0 1 0 0 0 0 1 0 0 0 0 0 0 0 0 0 0 0 0 0 0 0 0 0
  0 0 1 0 0 0 0 1 0 0 1 1 0 0 0 0 0 1 0 0 0 0 0 1 1 0 0 0 0 0 1 0 0 0 0 0
  0 0 0 0 0 0 0 0 0 0 0 1 0 0 0 0 0 0 0 1 0 0 0 0 0 0 1 1 0 0 0 0 0 0 0 1
  0 0 0 1 1 0 0 0 0 0 0 0 0 0 0 0 0 0 1 0 0 1 0 0 0 0 0 0 1 0 1 1 0 0 0 0
  1 0 0 1 0 0 0 0 0 0 0 0 0 0 0 0 0 0 0 0 0 0 0 0 0 0 0 0 0 0 0 0 0 0 1 0
  0 0 0 0 0 0 0 0 0 0 0 0 0 1 0 0 0 0 0 0 0 1 0 0 0 1 0 0 0 0 0 0 0 0 0 0
  0 0 0 0 0 0 0 0 0 0 0 0 0 0 0 0 0 1 0 0 0 0 0 0 0]
 [0 0 0 0 0 0 0 0 0 1 0 0 0 0 0 0 0 1 0 0 0 0 0 0 0 0 0 0 0 1 1 0 0 0 1 0
  1 0 0 1 0 0 0 0 0 0 0 0 0 0 1 0 0 0 0 0 0 1 0 0 0 0 0 0 0 0 0 0 0 0 1 1
  0 0 1 0 0 0 0 0 0 1 0 0 1 0 0 0 0 0 0 0 1 1 0 0 0 0 0 0 1 0 0 0 0 0 0 0
  0 0 0 0 0 0 0 0 0 0 0 0 1 1 1 0 0 0 0 0 0 0 0 0 0 0 0 0 0 0 0 0 0 0 0 0
  0 1 0 0 1 0 0 0 0 0 0 0 0 0 0 0 0 0 0 0 0 1 1 0 0 0 1 0 0 0 1 0 0 0 0 0
  1 0 0 0 0 0 1 0 0 1 0 0 0 0 0 0 0 0 0 0 0 0 0 0 0 0 0 0 0 0 0 1 0 0 0 0
  0 0 1 0 0 0 1 0 0 0 0 0 0 0 1 0 0 0 1 0 0 0 0 0 0]
 [0 0 0 1 0 0 0 0 0 0 0 0 0 0 0 0 0 0 0 0 0 0 0 0 0 0 0 0 0 0 0 0 0 1 0 1
  0 0 0 0 0 1 0 0 0 0 0 0 0 0 0 0 0 0 0 0 1 0 0 0 0 0 1 0 0 0 0 0 0 0 0 0
  0 0 0 0 0 1 0 0 0 0 0 0 0 0 1 0 0 1 1 0 0 0 1 1 0 0 0 0 0 0 0 0 0 1 0 0
  0 0 0 0 0 0 0 0 0 0 0 0 0 0 0 1 0 0 0 1 1 0 0 0 0 1 0 0 0 0 0 0 0 0 0 0
  0 0 0 0 0 0 1 0 0 0 0 0 0 0 0 0 0 0 0 0 0 0 0 1 0 0 0 0 0 0 0 0 0 0 0 1
  0 0 0 0 0 0 0 0 0 0 0 0 0 0 0 0 1 0 0 0 0 0 0 0 0 0 1 0 1 1 0 0 0 1 1 0
  0 0 0 0 1 0 0 0 0 0 0 1 0 1 0 0 0 0 0 0 0 0 0 0 0]
 [0 0 0 0 0 0 0 0 0 0 1 0 0 0 0 1 0 0 0 1 0 1 0 0 0 0 1 1 0 0 0 0 0 0 0 0
  0 0 0 0 0 0 1 0 0 0 0 0 0 0 0 0 1 0 0 0 0 0 0 0 0 0 0 0 1 0 0 0 0 1 0 0
  0 0 0 1 0 0 0 0 0 0 0 0 0 0 0 0 1 0 0 0 0 0 0 0 0 0 0 0 0 0 0 0 1 0 0 0
  0 0 1 0 0 0 0 1 0 1 0 0 0 0 0 0 1 1 0 0 0 0 0 0 0 0 0 0 0 0 0 0 0 0 1 0
  0 0 0 0 0 0 0 0 0 0 0 0 0 0 0 0 0 0 0 0 0 0 0 0 1 0 0 0 1 1 0 1 0 0 0 0
  0 0 0 1 0 0 0 0 1 0 1 0 0 0 0 0 0 0 0 0 1 0 0 0 0 0 0 0 0 0 0 0 0 0 0 0
  0 0 0 0 0 0 0 1 0 0 0 0 0 0 0 0 1 0 0 1 0 1 1 0 0]
 [0 1 0 0 1 1 0 0 0 0 0 0 0 0 0 0 0 0 0 0 1 0 0 0 0 1 0 0 1 0 0 0 1 0 0 0
  0 0 0 0 1 0 0 0 1 1 0 0 0 0 0 0 0 0 1 0 0 0 1 0 0 0 0 1 0 0 0 0 0 0 0 0
  1 0 0 0 0 0 0 0 0 0 1 0 0 1 0 0 0 0 0 0 0 0 0 0 0 1 0 0 0 0 0 0 0 0 0 0
  0 0 0 0 0 0 1 0 0 0 0 1 0 0 0 0 0 0 0 0 0 0 0 1 1 0 0 1 0 1 0 0 0 0 0 0
  0 0 0 0 0 0 0 0 0 0 1 0 0 1 1 0 1 0 0 1 0 0 0 0 0 0 0 0 0 0 0 0 1 1 0 0
  0 0 1 0 0 0 0 0 0 0 0 1 0 0 0 1 0 0 0 0 0 0 1 0 1 0 0 1 0 0 1 0 0 0 0 1
  0 1 0 1 0 0 0 0 1 0 0 0 0 0 0 0 0 0 0 0 0 0 0 0 0]
 [0 0 0 0 0 0 0 1 0 0 0 1 1 0 1 0 0 0 0 0 0 0 0 1 0 0 0 0 0 0 0 0 0 0 0 0
  0 0 0 0 0 0 0 0 0 0 0 0 0 0 0 1 0 0 0 1 0 0 0 0 0 0 0 0 0 0 0 0 0 0 0 0
  0 0 0 0 0 0 0 1 0 0 0 0 0 0 0 0 0 0 0 0 0 0 0 0 0 0 0 0 0 1 0 1 0 0 1 0
  0 1 0 0 0 0 0 0 0 0 1 0 0 0 0 0 0 0 0 0 0 0 0 0 0 0 0 0 0 0 0 0 0 0 0 1
  0 0 0 0 0 1 0 0 0 1 0 0 0 0 0 0 0 0 0 0 0 0 0 0 0 0 0 0 0 0 0 0 0 0 0 0
  0 0 0 0 1 0 0 0 0 0 0 0 0 0 1 0 0 0 1 0 0 0 0 1 0 0 0 0 0 0 0 0 1 0 0 0
  1 0 0 0 0 0 0 0 0 0 0 0 1 0 0 1 0 0 0 0 0 0 0 0 0]
 [0 0 0 0 0 0 0 0 0 0 0 0 0 0 0 0 1 0 0 0 0 0 1 0 1 0 0 0 0 0 0 1 0 0 0 0
  0 0 0 0 0 0 0 0 0 0 0 0 0 0 0 0 0 0 0 0 0 0 0 0 0 1 0 0 0 0 0 1 1 0 0 0
  0 1 0 0 0 0 1 0 0 0 0 0 0 0 0 1 0 0 0 0 0 0 0 0 1 0 0 0 0 0 0 0 0 0 0 0
  1 0 0 0 0 1 0 0 1 0 0 0 0 0 0 0 0 0 0 0 0 0 1 0 0 0 1 0 0 0 0 0 1 1 0 0
  0 0 1 0 0 0 0 0 1 0 0 0 1 0 0 1 0 0 1 0 1 0 0 0 0 0 0 1 0 0 0 0 0 0 0 0
  0 1 0 0 0 0 0 1 0 0 0 0 1 0 0 0 0 0 0 0 0 0 0 0 0 0 0 0 0 0 0 0 0 0 0 0
  0 0 0 0 0 0 0 0 0 1 1 0 0 0 0 0 0 0 0 0 0 0 0 1 1]
 [0 0 0 0 0 0 1 0 0 0 0 0 0 0 0 0 0 0 0 0 0 0 0 0 0 0 0 0 0 0 0 0 0 0 0 0
  0 1 0 0 0 0 0 0 0 0 0 0 1 1 0 0 0 0 0 0 0 0 0 0 0 0 0 0 0 1 0 0 0 0 0 0
  0 0 0 0 1 0 0 0 1 0 0 0 0 0 0 0 0 0 0 0 0 0 0 0 0 0 0 0 0 0 1 0 0 0 0 0
  0 0 0 0 0 0 0 0 0 0 0 0 0 0 0 0 0 0 0 0 0 0 0 0 0 0 0 0 0 0 0 0 0 0 0 0
  0 0 0 0 0 0 0 1 0 0 0 1 0 0 0 0 0 1 0 0 0 0 0 0 0 1 0 0 0 0 0 0 0 0 0 0
  0 0 0 0 0 1 0 0 0 0 0 0 0 0 0 0 0 1 0 1 0 0 0 0 0 0 0 0 0 0 0 0 0 0 0 0
  0 0 0 0 0 1 0 0 0 0 0 0 0 0 0 0 0 0 0 0 1 0 0 0 0]]
