params：
 weight-->(1, 10)
 proc_times-->(1, 100)
 setup_times-->(30, 60)
 delivery_times-->(170, 200)
 job_rate-->12

start:
alpha_1
12
 alpha_2
1.0
 mach
20
 job
240
 fam
12
 weigh
 [[0 4 4 7 6 5 5 7 9 4 3 4 1 1 1 7 9 4 3 7 9 1 4 4 1 6 8 4 9 9 5 9 8 8 5 9
  6 6 2 5 7 5 4 9 8 2 3 5 4 5 7 1 5 5 9 7 9 3 6 9 8 2 1 6 7 4 5 7 3 4 5 7
  8 3 5 9 5 9 2 6 1 7 3 1 3 9 6 2 5 9 4 3 1 1 4 5 3 9 9 1 6 5 3 8 8 6 4 2
  4 2 6 9 1 7 4 1 5 6 3 8 1 9 5 8 3 6 4 6 7 1 5 9 8 2 3 4 2 8 3 1 3 3 2 8
  4 8 2 1 6 1 5 6 1 6 8 2 3 6 1 6 2 9 9 4 4 6 1 9 7 2 4 8 4 1 6 4 8 3 6 1
  7 5 6 8 7 9 2 2 6 3 4 3 4 7 9 5 5 4 7 7 9 7 1 5 5 1 1 1 7 7 9 6 7 8 9 3
  6 2 4 4 1 4 9 9 1 1 9 4 5 5 1 2 9 4 2 2 9 9 7 2 7]]
 proc_times
 [[  0  92  18  32  45  43  51  39  94  72  89  47  49  36  27  11  29  52
   82  52  87  65  60  79  21  68  24  62  72  12  55  44  11  73  85  20
   79 100  29   6   8  74  84  31  33  91  67  24  83 100  45  35  85 100
   85  46  20  61  32  84  10  79  68  87  68  29  40  92   4  93  97  33
   47  41  44  18   5   5  80  99  18  81  18  91  35  92  85  54  57  98
   37  90   5  29  25  62  63  19   1   6  80  66  54   2  34   5  86   3
   45  24  66  37   8  60  38  24  26   3  32   4  73  63 100  28  81  46
   29  17  70  44  51  39  72  22  74  77  46  91  87   9  95  64   1  79
   19  86  91   8   5  58  99  57  36  42  59  56  85  69   3  76  98  48
   52  68  92  19  40  44   6  43   7  56  37   5  83  57  84  22  50   1
   32  72  47  61  62  43  85  71  80  65  61  43  35  88   3  33  66  34
   87  33   9  68  73   6  88  50   4  33  90  42  42  35  63  10  93 100
   63  88  14  90  42  96  35  40  21  20  80  89  11  34  52  73  93  70
   88  91  59  33  63  52  32]
 [  0  32  50  18  83   8  90   6  85  59  18  69  71  21   2  75  30  40
   65  99  17  90  17  20  17  32  92  94  20  56  47  53  61  80  40  37
   97   6  63  64  31  72  84  58  79  26  99  66  55  42  68  81  87  25
   63  60  35  26  55  11  45  63  82  51  51   6  68  35  62  60  60  66
   69  37  98  18  63  71  83  94  12  80  31  97  54  43  37   5  29  50
   64  40  79  91  30  47  53   3  56  98  63  17  53  76  37  65  70  99
   89  30  70  18  53  77  96  84  77  97  22  85  25  46   7  92  64  39
   83  83  22  96  42  15  30  96  16  26  16  91  91   6  11  61  13  33
   30  53  34  80  76   6  81  47  44  64  19  45  72  23  68  71   2  11
   88  26  61  68  71  61  72  96  90   1  59  50  60  86   6  88  78  12
   55  31  56  81  66  96   6  11  15  81  52  31  79  99  98  94  48  95
   73  79   8  36  27  28 100  58  50  28   3  55  16  72  81  36  98  66
    7  68  62  96  18  65 100  43  12  36  25 100  64  84  96  36   6  99
   51  38  26  22   3  35  33]
 [  0  40  37  51  75  73   7  69  64   8  28  36  25  64  13   1  87  95
   35  63  69  30  83   3  78  99  36  40  64  96  34  96  47  67  48  76
   29  21  94  33  41  13  57  50  96  12  32  58  37   9  16  52  22  83
   98   2  27  56  55  30  70  75  79  35  75  40  74  88  56  19  31   8
   21  29  82  84  41  97  69  42  67   8  79  80  32   6  94  75  84   1
   95   7  61   5  94  11  53  33  51  35  22  14  45  98  88  64  98  29
   35  97  97  57  23   5  87  29   7  19  80  37   1  68  29  92  35  24
   12  77  19  51  69  17  12   9  69  34  47  10  53  32  26  10  84  12
   82  93  90  61  74  15  93  81   2  89  91 100  96   4  61  48  94  67
   66  36  34  87  29  46  95  33  53  19  39  91  22  34  93  62  98  32
   57   5  64   1  38  55  93  10  94  84  51  70  91  61  10  41  71  19
   85  68  73  55  51  18  53  74  91  34   5   7  84  20  98  43  59  78
   41  17  24  30  12   3  79  28  58  80  59   3  79   4  27  52  25   1
   33  37  26  82  93  93  46]
 [  0   7  83  90  29  99  92  43  31  79  63  39  98   8  82  29  93   1
   41  17  61  63  45  47   5  23  57  74  98  26  82  69   3  60   6  65
   43  43  64  16  74  68  47  73  66  22  80  15   4  70  62  43  14  63
   71  17  88  72  32  52 100 100  94  56  39  87   1  16  68  58  18  88
   95  88  38   7  79  30   8  45  19  97  12  69  23  90  59  36   1  71
   80  45  97  81  14  60  91  67  50  51   8  15  67  19  18  12  23  33
   20  94  86   2  15  85  33  91  30  83  76  45  99  18  13  16  45  67
    9  79  32  55  71  74  47  11  33  20  76  63  77  72  45  73  19  80
    3  29  80  52  51  47  81  30  22  39  23  35   4  24  37  87  55   2
   98  34  79  71   1  35  26  74  20  80  78  10  80   7   7  74  64   7
   79  41  39  55   2  37  38   1   2  75  26  74  88  94  45  64  70  29
   63  92  22  97  85  43  56  57  60  98  20  65  96  43  67  65  30   9
   70  88  95  60  77  61  31  38  81  27  56  91  36  88  62  31   4  95
   77  37  66  23  41  64   8]
 [  0  17  75  28  73  63  28  98  67  13  72   2  95  67  32  73  20  99
    6  94  57  73  71  17  76  22  54  32   3   6  71  71  54  12   4  12
   63  50   1  81  87  71  13  41  76  39  77  49   5  28  48  64  40  62
   18  63  96  30  94  39  79  97  97  22  62  60  80  32   3  74  89  51
   49  16  19  19  19  61  89  36  99  32  86  86  45  31  23  25  92  36
   75  87  92  25  20  97  81  37  21  55  15  90  37  56  27  68  58  20
   96   8  56   2  93  35  27  96  42  29  17  29  31  72  94   3  28  73
   95  18  63  92  87  78  58  89  17  92  45  71  93  92   6  37  35  34
   63  27   5  71  40  73  35  47  44  25  28  93   8  72  38  36  32  86
   78  65  73  29   2  97  71  94  19   6   1  96  48  77  71  73  59  94
   15  93  68  47  69  37  26  36  34  84  88  90  77   8  64  43  59  15
   64  59  21  75  53  84  13  73  99  50  63  17  39  74  42  58  48  19
   29  16  17  42  96   4  16  35  19  91  27  16   3  45  67  30 100   1
   66  71  40   2  91  55  33]
 [  0  88  41  95  48  30  78  95  33  17  86   6   9  94  38  11  17  29
    8  54  91  57  27  22  78  63   7  40  10   9  11  62  90  20  16  14
   89  92  36  16  20  28  82  42  59  15  38  50  93  14  80  33  95   8
   69  57  40  37  42  70  86  18  47  62  56  56  53  11  14  63  61  63
   69  92  91   6  33  59   3  86  79  63  11  50  78  78  58  52  18  88
   10  93  20  24  10  15  20  73   3  89  44  48   5  74  16  28  35  78
   41   2  66  20  54   1  14  50  81  83  47  16  55  52  30  78  33  45
   90  13  45  56  83  44  19   9 100  69  73  56  81  76  51  67  13  91
   51  57  11  13  34  83  27  91  62  21  90  38  31  28  80  33 100   2
   19  68  26  97  39  35  17 100  41  41  21  52  15   8  14  58  90  82
   33  14  34  44  34  70  45  63  17  36  85  38  21  49  38  77  39  59
   77  47  64  20  72  30  16  69  33  34  22  68  91  14  80  65  35  80
   39  65  82  88   5  58  14  47  30  48  85  87  13  52  44  77  54  30
   53  19   9  82  16  70   8]
 [  0  86  22  59  47  55  38  57  58  53 100  19  59  58  85  66  51  92
    8  68  57  95  72  31  85  23  65   6  69  51  44  90  71  36  85  33
   35  36  42  48  46  94  37  98  56  86   9  68  13  95  21   9  58  51
   69  71  15  87  57  28   6  42  24  83  39  61  61  56  40  29  54  42
   61  26   8  25  10  19  65  60  88  65   3  48  52  79  55  85  89  91
   16  32  45  63  86 100  58  42  13  45  11  59  70  86  96  17  65  82
   59   4   9  53  55  61  76  15  92  50   5  15  76  66   1  32  55  58
   27  20  14   9  62  43  50  15  55  46  46  71  51  14  77  99  31   6
   34  19  47   6  21  77  14  45  44  69  18  89  45  36  34  84  95  79
   67  25  14  99  26  71  64  39  92   2  89  15  63  73  42  86  91  30
    3  90  35  29  48  15  74  98   8  83  17  39   4  37  12  64  52  35
   43 100  80  17  38  82  47  24  44  51  72  53  81  37  86  52  25  64
   38  86  33  77  39  57  78   7 100  76  31  70  40  75  30  43  77  54
    5  99  32  88  89  87  55]
 [  0  55  28  35  89  86  21  96  30  88  31  67  55  61  39  86  37  82
   58   9   6  11   5  38  36  83  13  62  68  49  11   2  36  52  87  62
   20  64  57  71  25  72  85  50  91  59  36  80  82  44  98   1  58  95
   62  93  79  19  18  17  57  29  87  95  85   6  73  64  32  73  38  19
    4   7  43  64  65   9  44  96  54  58  61   9  73  13  25  81  33  32
   63  20  72  92  97  72  79  81  32  71  30  79   1  95  87  57  62  42
   41  40  75  86  33  75  17  44  23  71  80  64  91  39  78  74   8  88
   37  20  36  92  53   1  48  25   3  59  25   5  17  28  90  19  59  57
   23  45  81  88  84  92  50  31  60  33  12  21  96  13  31  28   5  20
   24  59  93  89  66  66  69  29  83  30  89  54  20  78  22  22   2   4
   30  72  13  59  51  85  48  70  74  38  23  68  20  38  98  65   6  48
   38  20  10  49  19  26   9  49  22  73  76  62  99  96  65  56  11  42
   34  60  20  79  59  41  19  46  30  41  76  48  42  94  17  34  94  49
   99   5  42  38  59  31  56]
 [  0  51  22  79  88  31  24  19  60  57   7  42  70  89  93  46  44   8
   26  70  33  66  69   3  28  66  61  12  21  85  29  51  99   8  25  74
   81  24  71  67  28  52  60  51   5  19  23  60  64  57  45  22  42  73
   45  21  38  33  69  69  18   2  32  66  66  27   6  57  74  43   2  64
   95  31  93  30  18  42  63  74   7  20  48  29  57 100  64  95  61  35
   81   2  84  83  63  91  50  56  82  58  97  61  26  31  82  44  83   8
   96  99   4  90  33  97  80  52  35  44 100  38  53  51  18  49   2  39
   11  70  63  40  23  98  11  16  79  39  85  60  42  59  88  70   8  87
   42  89  88  88  40  81  57  15  64  67  51  52  13  69  91  68  15  19
    7  46  96  75   8  95  12  41  81  12  48  44  88  25  28  67  18  47
   35  87  54  52  95  58  57  56  78  61  19  13  76  74  57  92  82  79
   12  39  67  55  90   5  93   7  74  39  35  35  82  94  79  67  77  99
   93  52  90  52   5  91  69  40  16  59  87  21  34  21  63  16  93  78
   68  87  99  41  94  40  87]
 [  0 100  59  69  41  73  94  11  86  18  45  43  17  97  36  66  77  60
   88  66   6  73  69  68  45  29  70  26  93  45  82  67  33  22  18  83
   61  31 100  17  55  71  75   3  88  19  68  51  66  57  15  85  74  54
   65  67  47  87  57  99   2  90  82  30  33  48  25  40   4  77  90  85
   77  42  54  62  27  27  76   3  18  52   1   7  94  62  14  36  69  28
   15  22  75  87  30  50  62   8  60  58  67  59  78  76  82  85  10   5
   76  59  30  94  20  89  23  31  94   7  50  85  22  87  12   7  24  90
   34  36  47 100  37  59  71  67  64  56  87  87  64  22  56  68  63  31
   85  31  32  90  37  22  68  25  87  62  51   5  36  46  96  36  84  71
    2  41  23  31  18  76  42  71  49  62  81  17  49  43  74  18  42   9
    8   7  62  96  77  46  55  50  90  40  63  86  30   3  43  21   6   9
   88  36   4  53  78  78  68  66  94  22  44  60  59  40   3  85  10   8
   85  22  52  44  91  41  53  47  30  33  78  72  78   3  42  44  46  28
   74  95  45  57  72  23  31]
 [  0  34  25  65  19  70  11  82   3  19  24  22  43  71  74  22  56  29
   40  91  51  78   6  18  67  35  30  44  59  65  89  62  78  55   4  14
   11  64  17  71  77  69   9  47  40  41  91  20   2  53  67  17  39  15
   43  86  89  29  78  73  28   5  13  59  42 100  12  30   8  90  34  21
   23  64  39  51  44  10  18  83  20   1  99  95  20  61  94   6  87  12
   41  15  83  21  93  19  10  11  93  57  74  51   4  48  89  89  85   6
   21  92  55  64  19  90  86  63  89  84  16  32  64  80  21   6  12  92
   96  13  92  21  54   6  12  20  36  93  70  60  33  38  84  45  45  24
   76  35  55   6  20  27  55  38  45  92  10  86  84  32  10  81  27  63
   49  23  95  56  66  90  59  29  70  74 100   8  43  25  18  45  55  60
   32  64  55  57  20  23  65  23  21  21  17  48  79  35  31  18  98  62
   12   2  93  14  46  67  48  77  55  64  99  47  10  60  69  56  31  15
   23  51   1 100  16 100  76  31  60  46  33  21  63  71  88  81  15  25
  100  64  82  49  60   7   9]
 [  0  71  23  72  15  25  11  78  19  78  22  22   1  38  13  41  20  94
   89  96  85  51   9  77  51  49  70  51  44  80  51  61  26  30  64  14
   27  47  96  30  71  11  51   9  54  44  64  72  14  70  41   5  46  34
   69   7  67  41  56  20  70   1  18  49  32  66  20  14  28  13  22  65
   55  78   1  60  47   9  83  50  80  94   2   3  37   8  87  86  30  46
   91  89  64  16  54   1  93  56  74   1  32  90  56  21  30  33  20   5
   11  36  34 100  63  48  71  61  64  17  15  19  68  10  88  67  43  60
   76  97  23  68  34  13  57  95   5   9  44   1  93  63   8  12   2   8
    9   2  24  38  90  93  79  50  99  16  82   9  92  11  77  10   4  19
   47  44   9  80  94  84  64  84  61  94  58  68  27  21  64  64  50  43
   32  82  56  92   3  53  14  16  94  86   4  76  83  10  51  17  23  72
   84  95  69  97  20  84  43  26  93  51  48  57  65  77  76  40  72  30
    6  10  70  32  25  73  63  88  80  78  37  98  13  63  68  35  13  16
   51  97  19  32  97  87  96]
 [  0   1  81  22  21  70   9  23  21  36   4  26  37  52  63  93  36   6
   32  53  21  75   4  12  19  92  10  11  29  72  57  45  35   9  16  75
   10  65  26  69  53  91  81  74  17  55  36  47  61  20   1  55  69  19
   66  33  34  42  72  50  66  11  13   7  72  53  89  93  19   3  35  35
   73  22  29  84  66  21  89  78  30  77  94  81  80  81   5  50  95  94
   57  30  94  27  13  98  38  97  38  53  83  51   6  15  35  57  31  25
   61  63  34  92  73  60  38  93  41  12  57  92  69  42  91  49   8 100
   60  41  31  99  67  81  74  81  36  78  95  79  13   4  59  89  41  25
    9  62  67  95  47  88  84  88  99  54  64   7  88  68   9   7  79  42
   47  30  29  78  77  39  91  66   4  50  29  50  26  40  73  33  67  47
   15  71  71  72  84  14   1 100  11  45  96  39  50  37   7  33  73  82
   72  60  80  26   9  62  99   7  69  21  39  53  41  31  76  31  92   3
   82  81  16  32  62  87  62  90  67  53  88   6  84   8  25 100  70  74
   39  26  42  26  48  96   2]
 [  0  19  99  50  14  53   6  45  32  46  60  98  49  92   9  23  89  95
   31  57  97  59  26  37  68  43  10  66  38  17  46  10  34  92  55  87
   49   7  40   3  28  80  91   5  61  79  26  97  73  93  30  18  99  45
   20  70  65  17  42  95   4  35  34   5   2  64  22   5  69  41  10  69
   21  81  63  26  42  80  72  21  37  62   4  49  55  99  37  98  41  47
   78   2   9  97  75  83  56  82  65  87  96  42  61  71  25   5 100  34
   59   6  91  66  20  83  24  86  62  15  26  68  51  53  60  13  86  58
   52   9  19  95  68  59  98  81  72   4  85   8  89  91  46  51  95  16
   86  52  30  98   8  46  60  14  36  36  63  47  63   7  32  24  93  70
   78  66  21   6  20  47  28  79  97  77  39  47  95  84  20  19  65  28
   30  81   3  83  75  76  22  80   7  77   7  80  52  55  37  43   5  87
   77  52  41  53  74  98  65  41  81   1  52  99  96  41 100  27  29  74
   96  46  31  76  64  58  68  69  60  47  54  86  38  60  65  73  40   4
   52  36  35   9  99   3  76]
 [  0   2 100  84  76  62  58  92  32  62  42  82  39  64  55  53  64   4
   11  65  75  87  21  76  65  85  78  36  46  57  63  45  53  14  38  39
   57  53  81  83  45  23  18  13  78  69  68   4  17  19  62  65  45  63
    8  91  49  47  75  92  97  36  22   1  28  97  99  49 100  86  29  18
   38  44   5  43  64  56  37  55  87  99  63  99  80  32  18  45   8   1
   19  59  28  87  36  75  84  88  30  68  40  45  78  63  48  39  44   5
   97  58  78  90  65  61  59   3  38  94  55  41  12  47  27  42  37  11
   45  49  58  43  62 100  42  30  41  76  78  77  43  54  75  90  56  97
   91  36  34  46  87  53  31  38  28  75  63  95   7  96  94  29   4  53
   93  76  44  36  15  17  52  33  10  71  90  87  91  47  64  75  93  43
   60  88  17  21  23  47  55  16  87  64  52  17  71  33  67  80  83  18
    6  93  86  19  64  22  25  11  50  44   1  67   9  45  38  78  60   1
   53  45  63  33  84  94  66  52  62  10  57  55  60  28  68  16  34  21
   96  33  51  49  54  97  72]
 [  0  41   9  74   8  98  45  83   8  46  61  53   1  86   5  77   1  91
   82  57  30  81  62  10  43  76  99  28  23  72  26  29  43  75  86  38
   53  49  41   6  30  15  50  59  26  64  44  31  81  28  54  97  22  41
   23  19   2  84  11  38  37  61  99  95  26  15  61  63  67  71  86  78
    4  37  49  36  88  61  26  18  41  46  42  70  69   4  88  44  10  75
   72  66  82  17  26  72  66  11  13  31   9  95  83  94  89  82  72  90
   49  97  28  99  26   6  67  47  19  82  28  55  92  69  25   1  84  73
   33  92  26  62  72  71  49  18   2  54  95  16  55  72  91  52  92  57
   91   3  64   8  98  98  66   2  16  18  60  17  37  26  50  58  86  40
   75  58  96  78  79  78  83  17  28  50  89   9   6   2  12  35  75  67
   84  71  17  74  94  10  39  24  24 100   6  56  14  60  79  36  59  88
   67  10 100  94  72  80  29  25  82  44  92  96  19  31  37  51  64  78
   50  65  88  45  18  43  57  16  66  23  22  46  92  68  14  53  34  39
   10   4  90   4  63  54  44]
 [  0  65  89  85  97  79  19  80  52  58  69  55  85  42  75  33  93   9
   44  51  41  97  51  29  11  49  91   7  47  78  88  44  98  27  68  40
   93  42  58  73  15  39  79  78  33  36  86  80  54  71  73  36  90  45
   46  35  23  46   9  58   3  41  22  65  50  18  42  55  66  21  96  85
   10  44  92  95  32  18  16  38  49  80  26  51  33  34  55  89  96  64
   64  44  60  37  27  34  93  11   6  83  58  26  71  97  94  92  46  36
   16  82  58  10  30  23  12  57  17  25  76  83  99  60  66  42  63  16
   49  94  47  40  98  19  20   7  78  57  36 100  60  28  99  73  31  88
   28  78  77  80  58  32  16  84  35  58  55  95  80   7  52  48  12 100
   38  46  31  76  38  52  97  61  10  79  69  86  31  57  14  95   5  75
   54   8   3  82  65  89  21  89  40  17  59  50  57  50  62  78  58  97
   52  10  59  14  15  61  76  25  88   6  29  99  56  92  87  89  17  73
   59  98  65  56  39  21  14  18  14   6  81   4  49  66  28  76  16  23
   78  61  69  13  70  90   1]
 [  0  64  62  29  47  51  40  36  83  82  94   5   6  83  43  25  50  27
   14  33  82  80  29   5  73   8  94  13  47  37  80  77  40  89  55  58
   94  85  42  25  35  63  68  57  91  28  54  80  81  98  51  22  12  45
   20  15  79   4  73  81  32  94  79  86  15   7  96  74  46  12  11  77
    2  44  69  50  54  76  97  68  66  65  19  27  24  68  18  82  49  34
   16  27  70   9   1  64  63  35  92  34  31  69  27  69  51  42  55   9
   93  37  45  22  94  27  31  26  18  92  67  54 100  17  14   1  71  21
   99  55  65  77  30  96  77  74   2  47  72  62  76  27  18  16  88  52
   94  70  71 100  72  44  75  23  68  21  56  82  72  14  58  70  94  90
   46  92  38  34  69  29  81  45  35  81  46  94  42   3  58   2   8  19
   21  68  23  50  99  82  60  92  20  36  38  31  97  11  12  30  77  88
   65  46  20  64  10   4 100  19  23  47  30  45  30  15  76  17  80  31
   40  21  70  35  55  56  81   6  67  12  60  28  87   7  43  58  22  68
   43  74  48  13  59  60  14]
 [  0  60  27  37  66  69 100  21 100  16  71  81  59  72  85  76  23  78
   68  93  66  42  50  26  42  27  25  94  11 100  24  36  89  12  96  33
   73   4  93  94   5  51  99  71  19  92  81  34  49  31  88  80  59  30
   60  40  54  37  96  95  13  16  71  93  73  91  71  65  46  79  26  14
   65  12  61  50  14  65  68  41  87  10  10  39  60  19  69  50  72  33
   33  98 100  62  98  78  78  26  76  82 100  15  76  26  68  17  99   6
   75  92   2  71 100   5  42   4  73  35  28   4  62   8   7  39   2  10
   88  99  96  97  99  74   3  27  82  19  18  62  37  43  44  51   2  57
   13  82  26  28   5  49   2  74  13  96  17  12  45  46  51  85  53   4
   88  64  39  16   3  51  47  12   2  95  94  37  56  88  58  45  49  89
   48  56  38  86   2  24  16  77 100  69  74  42  42  12  76  23   8   7
    4  86  47  38  69   3  20  79  69  25  91  73  80  66  36  90  97  27
   55  80  50  75  73  98  64  43  52  82  30  93  98  36  51  79  80  79
   60  75  92  98  77  26  95]
 [  0  97  38  42  60   7  67  45  81  55  69  35  19  30  64  56  66  19
   13  68  94  48  74  27  58  10   5  47  44  59  35   8  99   8  38  68
   18  85  61  26  88  42   5  30  91   1   5  97  10  79  70  72  86  30
   24  53 100  31  73  98  95  29  99  28  29  27   5  76  31  69  98  67
   26   6  68  85  15  40  72  81  48  10  73  17  17   9  52  68  27  25
   75  46   4  80   6  71  58  69  76  27  12  91  66  99  35  12  93  15
   55  25  36  72  48  33  68  22  87  95  43  40  38  57   7   4   3   4
   18  46  21  66  84  80   7  21  32  36  21   3  11  18  74  22   2  39
   33   9  34  27  28  93   8  28  16  69  74  10  10  35  38  67  20  98
   14  57  77  29  20  39  48  35  12  68  55  54  41   2  97  37  47  24
   21  51  84  33  25  97   9  36  95  91  72  64  22  87  72  81  91  39
   23  57  44  72   2  53  78  56  95  62  50  21  69  75  48  53  97   9
   97  78  34  68 100  39  58  57  10  85  26  50  73  94  66  28  32  38
   23  23  78  42  59  42  45]]
 setup_times
 [[[ 0 50 57 31 30 53 53 33 38 36 34 57 37]
  [ 0  0 49 55 36 49 35 57 37 49 55 57 47]
  [ 0 42  0 30 59 39 53 57 48 39 46 54 51]
  [ 0 33 34  0 42 45 33 57 42 53 33 53 50]
  [ 0 56 37 40  0 42 59 37 38 36 47 35 58]
  [ 0 55 44 54 35  0 54 31 56 30 52 37 41]
  [ 0 37 50 46 31 53  0 56 51 36 36 36 38]
  [ 0 57 42 55 56 47 37  0 40 51 34 41 55]
  [ 0 32 56 52 33 48 48 41  0 55 40 53 51]
  [ 0 32 49 43 51 37 38 53 44  0 46 55 41]
  [ 0 48 39 59 44 51 53 42 39 49  0 37 55]
  [ 0 34 46 46 45 58 39 31 43 50 47  0 30]
  [ 0 53 46 35 39 55 59 49 46 50 49 45  0]]

 [[ 0 53 53 47 35 51 46 54 49 43 47 48 42]
  [ 0  0 32 51 52 48 37 34 55 46 36 48 43]
  [ 0 48  0 30 55 38 48 31 40 37 33 36 56]
  [ 0 38 46  0 55 55 36 32 55 32 44 46 39]
  [ 0 48 50 37  0 51 52 38 34 31 59 40 51]
  [ 0 43 41 48 44  0 56 30 57 53 32 45 47]
  [ 0 39 31 57 55 33  0 34 35 39 45 52 56]
  [ 0 31 44 43 56 58 32  0 48 30 53 37 41]
  [ 0 41 52 47 51 39 44 49  0 49 35 32 58]
  [ 0 41 30 35 43 44 34 49 53  0 56 31 44]
  [ 0 46 53 45 49 55 58 36 33 35  0 47 35]
  [ 0 44 30 44 59 37 54 57 52 53 40  0 46]
  [ 0 48 37 34 59 48 41 59 56 54 51 42  0]]

 [[ 0 47 30 56 30 48 55 33 39 37 57 37 42]
  [ 0  0 50 47 49 38 46 41 33 49 30 58 38]
  [ 0 55  0 39 53 40 44 38 44 54 32 33 47]
  [ 0 49 44  0 52 52 49 51 33 49 49 34 31]
  [ 0 35 53 30  0 32 43 37 37 32 31 48 38]
  [ 0 49 31 50 37  0 37 47 31 41 58 43 41]
  [ 0 40 55 49 58 43  0 48 57 34 51 41 42]
  [ 0 33 56 55 34 50 31  0 56 36 58 37 45]
  [ 0 40 39 34 33 52 53 44  0 55 42 44 53]
  [ 0 44 50 46 47 40 34 55 30  0 50 41 31]
  [ 0 50 53 35 40 53 40 53 35 53  0 56 46]
  [ 0 57 56 47 57 47 45 33 36 43 33  0 57]
  [ 0 40 32 50 49 41 42 52 52 32 45 31  0]]

 [[ 0 49 33 43 31 45 53 32 56 54 48 49 47]
  [ 0  0 53 41 53 57 56 37 58 41 34 50 42]
  [ 0 39  0 58 44 42 53 38 53 38 34 37 42]
  [ 0 33 54  0 42 39 36 30 49 58 49 42 43]
  [ 0 53 43 42  0 44 46 57 46 51 44 37 58]
  [ 0 52 41 49 40  0 33 57 57 54 38 56 34]
  [ 0 34 43 57 54 42  0 58 50 32 42 33 46]
  [ 0 43 56 45 49 54 56  0 59 46 43 35 39]
  [ 0 41 42 56 31 41 49 38  0 44 46 54 31]
  [ 0 57 33 34 54 51 46 58 40  0 45 34 54]
  [ 0 55 37 39 44 48 57 48 42 48  0 46 46]
  [ 0 42 49 53 36 30 54 33 47 41 58  0 31]
  [ 0 44 42 51 30 38 31 35 54 35 36 55  0]]

 [[ 0 40 40 46 38 44 41 45 38 39 50 32 51]
  [ 0  0 37 49 33 44 47 48 42 50 32 52 42]
  [ 0 54  0 57 57 47 41 51 45 41 47 30 49]
  [ 0 49 38  0 44 41 43 49 31 49 35 31 44]
  [ 0 58 50 49  0 33 33 45 48 34 56 34 53]
  [ 0 44 39 49 54  0 58 46 46 51 48 56 51]
  [ 0 42 38 53 57 34  0 32 57 48 51 48 39]
  [ 0 41 39 37 52 39 42  0 34 39 41 44 33]
  [ 0 32 38 30 57 59 55 50  0 37 44 41 53]
  [ 0 59 33 41 56 30 48 41 58  0 50 50 44]
  [ 0 37 54 48 32 52 56 45 42 35  0 54 36]
  [ 0 53 39 44 32 42 58 31 49 53 35  0 56]
  [ 0 59 45 56 58 48 48 53 52 37 46 59  0]]

 [[ 0 30 51 41 52 51 49 45 51 58 49 44 51]
  [ 0  0 50 46 32 39 53 30 52 55 36 57 35]
  [ 0 56  0 56 56 37 35 38 51 30 43 38 48]
  [ 0 48 40  0 36 34 36 51 48 36 42 50 55]
  [ 0 46 59 36  0 46 48 36 58 36 58 46 45]
  [ 0 50 47 51 36  0 50 51 52 40 31 58 54]
  [ 0 55 51 46 52 51  0 37 51 47 33 58 56]
  [ 0 48 44 43 43 42 31  0 35 54 41 30 53]
  [ 0 40 31 45 44 31 56 56  0 51 43 36 33]
  [ 0 57 33 39 30 33 50 41 32  0 47 46 49]
  [ 0 38 42 56 44 55 49 49 33 35  0 55 48]
  [ 0 40 33 34 44 32 32 32 40 43 38  0 32]
  [ 0 50 54 41 50 37 49 59 33 48 31 49  0]]

 [[ 0 36 39 32 33 51 44 59 40 31 54 57 49]
  [ 0  0 31 34 49 38 38 32 51 59 33 51 52]
  [ 0 34  0 53 40 45 31 30 56 56 48 51 30]
  [ 0 55 59  0 32 54 55 50 30 43 40 56 34]
  [ 0 55 54 40  0 56 44 32 39 34 33 40 51]
  [ 0 42 49 53 34  0 38 37 55 56 46 59 40]
  [ 0 40 57 46 40 54  0 48 54 31 55 51 44]
  [ 0 33 30 32 47 48 35  0 31 51 42 33 36]
  [ 0 53 48 53 57 31 54 56  0 59 40 53 45]
  [ 0 35 54 34 46 50 42 35 47  0 39 30 38]
  [ 0 55 33 37 42 54 57 58 46 47  0 51 34]
  [ 0 53 31 45 32 38 48 53 52 40 57  0 35]
  [ 0 51 47 58 51 42 37 56 49 45 33 34  0]]

 [[ 0 46 46 40 45 30 45 32 55 55 34 55 35]
  [ 0  0 33 48 57 39 51 44 48 47 44 47 30]
  [ 0 54  0 59 30 32 34 47 40 50 52 59 32]
  [ 0 51 43  0 53 34 57 53 46 45 48 36 44]
  [ 0 59 39 38  0 49 40 54 37 46 37 47 42]
  [ 0 53 55 31 35  0 32 40 41 33 30 36 51]
  [ 0 48 38 31 37 44  0 33 41 47 44 34 34]
  [ 0 59 35 49 56 42 48  0 48 54 53 46 31]
  [ 0 47 36 37 30 57 32 41  0 43 47 47 35]
  [ 0 59 40 56 59 42 51 52 43  0 33 31 51]
  [ 0 36 36 38 32 57 46 51 37 38  0 31 47]
  [ 0 59 45 41 38 54 45 30 47 59 49  0 30]
  [ 0 46 56 37 39 55 54 51 57 52 56 57  0]]

 [[ 0 50 57 55 58 48 37 40 36 34 42 58 39]
  [ 0  0 55 43 54 53 31 36 51 43 56 40 51]
  [ 0 37  0 41 53 35 38 42 33 46 43 31 35]
  [ 0 50 42  0 44 46 33 37 54 36 43 43 44]
  [ 0 34 46 59  0 33 37 33 44 30 56 33 41]
  [ 0 39 40 53 53  0 46 52 57 35 37 45 48]
  [ 0 33 52 37 30 52  0 43 40 35 50 42 36]
  [ 0 42 53 54 53 31 53  0 43 31 55 44 36]
  [ 0 37 41 31 42 57 32 59  0 38 31 55 41]
  [ 0 46 42 54 55 46 56 59 39  0 48 38 43]
  [ 0 50 57 52 59 40 42 42 43 39  0 53 34]
  [ 0 51 59 33 37 54 47 30 45 37 31  0 41]
  [ 0 41 47 45 58 41 45 43 48 46 47 33  0]]

 [[ 0 39 48 30 40 30 58 34 38 42 57 30 40]
  [ 0  0 47 44 40 38 57 54 58 32 59 49 53]
  [ 0 33  0 54 39 58 46 43 52 31 46 47 51]
  [ 0 38 52  0 42 53 52 57 44 48 59 59 49]
  [ 0 33 56 30  0 30 54 54 41 42 55 52 43]
  [ 0 34 30 45 40  0 38 58 53 47 49 59 57]
  [ 0 41 31 57 38 31  0 35 33 34 55 42 35]
  [ 0 35 53 30 51 54 35  0 44 57 50 32 37]
  [ 0 55 31 51 45 42 53 49  0 53 33 32 50]
  [ 0 34 58 34 46 43 32 45 42  0 53 55 43]
  [ 0 41 52 54 57 37 38 51 45 32  0 35 35]
  [ 0 39 53 35 38 55 40 30 38 44 52  0 59]
  [ 0 47 36 37 59 48 53 44 32 53 32 54  0]]

 [[ 0 33 34 35 43 43 45 42 50 33 37 42 58]
  [ 0  0 50 47 35 42 33 59 37 36 58 52 54]
  [ 0 48  0 54 48 49 59 35 36 49 41 41 36]
  [ 0 42 33  0 52 56 52 50 41 38 52 51 32]
  [ 0 47 57 51  0 50 31 55 52 51 32 35 52]
  [ 0 59 59 54 35  0 57 35 31 49 53 50 39]
  [ 0 39 48 39 54 58  0 37 56 38 50 43 46]
  [ 0 47 47 38 50 57 47  0 58 49 36 40 40]
  [ 0 52 33 57 59 51 33 32  0 38 57 40 50]
  [ 0 40 40 38 59 34 44 42 40  0 31 47 43]
  [ 0 35 37 48 35 40 49 46 39 45  0 50 30]
  [ 0 50 34 53 56 49 51 30 56 41 51  0 36]
  [ 0 47 58 51 53 33 57 48 49 52 46 58  0]]

 [[ 0 51 38 45 46 44 32 31 46 52 33 55 39]
  [ 0  0 46 44 35 34 50 52 30 49 41 44 39]
  [ 0 30  0 31 53 32 56 45 30 35 59 46 35]
  [ 0 44 36  0 57 43 56 55 36 36 37 46 42]
  [ 0 57 32 33  0 47 32 40 31 47 39 32 54]
  [ 0 41 56 32 51  0 45 30 37 39 41 59 39]
  [ 0 55 58 44 47 52  0 58 45 44 54 43 49]
  [ 0 54 46 51 36 57 59  0 41 36 54 49 36]
  [ 0 46 45 57 37 55 56 34  0 39 50 47 41]
  [ 0 34 43 52 35 45 49 30 31  0 47 54 41]
  [ 0 51 34 38 34 58 48 48 39 41  0 58 54]
  [ 0 40 49 43 50 57 30 52 54 58 36  0 52]
  [ 0 42 51 31 42 38 48 33 51 56 58 42  0]]

 [[ 0 55 43 44 39 56 35 59 55 30 33 53 55]
  [ 0  0 31 34 32 33 57 57 34 39 39 52 32]
  [ 0 59  0 44 59 56 34 37 31 43 53 38 48]
  [ 0 34 58  0 31 48 45 43 31 56 33 55 44]
  [ 0 40 46 54  0 49 42 50 52 59 33 46 34]
  [ 0 41 59 40 39  0 52 59 45 40 55 39 50]
  [ 0 49 39 55 52 43  0 38 53 40 53 40 32]
  [ 0 30 39 42 53 32 39  0 33 48 54 52 54]
  [ 0 54 51 32 30 45 34 38  0 31 58 38 51]
  [ 0 49 58 52 45 38 37 44 37  0 47 43 41]
  [ 0 38 34 59 34 47 43 59 34 47  0 34 36]
  [ 0 48 44 36 30 52 58 51 50 33 41  0 40]
  [ 0 51 35 57 38 56 53 57 52 43 32 47  0]]

 [[ 0 31 45 49 30 30 48 47 52 31 32 36 43]
  [ 0  0 55 43 55 53 59 30 57 56 31 42 58]
  [ 0 32  0 56 36 55 34 41 48 42 33 38 53]
  [ 0 34 41  0 33 56 54 39 57 45 40 40 51]
  [ 0 55 54 54  0 38 59 49 41 53 43 56 41]
  [ 0 48 59 38 40  0 45 56 37 57 51 37 31]
  [ 0 38 36 48 59 36  0 37 48 59 32 33 41]
  [ 0 52 37 43 50 39 53  0 58 46 56 33 52]
  [ 0 31 31 57 34 58 54 47  0 42 50 51 42]
  [ 0 49 57 52 44 39 36 39 40  0 34 56 51]
  [ 0 58 43 46 53 55 54 35 57 35  0 37 58]
  [ 0 42 57 50 31 52 33 51 48 53 49  0 37]
  [ 0 58 56 41 47 39 46 53 40 33 58 42  0]]

 [[ 0 34 48 45 48 58 31 34 42 32 48 59 55]
  [ 0  0 56 32 33 30 45 33 31 57 42 51 39]
  [ 0 50  0 36 47 35 40 51 31 58 49 56 51]
  [ 0 40 40  0 50 52 30 51 42 42 50 49 33]
  [ 0 58 38 41  0 50 31 41 55 49 52 35 53]
  [ 0 38 49 51 44  0 46 51 44 49 47 39 38]
  [ 0 32 34 35 48 53  0 38 33 48 44 31 55]
  [ 0 42 41 56 46 58 41  0 34 54 32 54 59]
  [ 0 48 59 50 41 39 32 39  0 43 46 39 52]
  [ 0 57 44 50 47 38 31 33 59  0 41 38 44]
  [ 0 58 55 45 42 55 54 39 50 37  0 31 53]
  [ 0 47 54 52 35 48 56 48 59 59 53  0 30]
  [ 0 51 57 42 54 37 50 59 52 50 41 43  0]]

 [[ 0 47 46 35 50 34 58 36 58 38 55 56 33]
  [ 0  0 53 46 49 56 47 55 36 32 35 59 31]
  [ 0 55  0 54 55 36 43 59 40 54 57 34 53]
  [ 0 38 57  0 48 52 55 53 46 40 41 30 50]
  [ 0 52 33 36  0 52 54 32 39 55 35 32 45]
  [ 0 38 42 47 54  0 42 40 32 38 57 32 31]
  [ 0 54 59 49 38 55  0 57 59 45 44 48 47]
  [ 0 50 41 54 53 50 51  0 48 41 36 54 59]
  [ 0 55 36 59 56 30 52 45  0 58 38 59 36]
  [ 0 31 54 48 51 40 36 32 45  0 49 51 59]
  [ 0 56 56 54 32 56 38 51 41 48  0 50 40]
  [ 0 40 39 43 38 51 53 59 47 57 51  0 52]
  [ 0 49 45 58 34 37 38 32 34 57 56 57  0]]

 [[ 0 59 49 42 36 34 55 31 44 36 52 30 35]
  [ 0  0 56 59 59 57 58 38 30 50 43 34 31]
  [ 0 58  0 49 54 30 30 41 31 41 58 46 37]
  [ 0 46 42  0 39 42 56 58 32 44 54 56 39]
  [ 0 45 57 43  0 48 53 39 36 38 30 56 40]
  [ 0 51 31 54 57  0 36 31 47 59 38 54 41]
  [ 0 33 43 48 34 33  0 37 51 38 59 53 35]
  [ 0 58 36 46 39 57 31  0 32 56 37 49 33]
  [ 0 41 47 53 46 47 55 39  0 44 45 47 31]
  [ 0 57 40 56 48 42 57 35 41  0 40 49 34]
  [ 0 54 32 41 40 30 41 48 49 31  0 52 42]
  [ 0 34 48 53 34 44 48 58 53 38 51  0 39]
  [ 0 34 42 46 55 30 54 57 47 48 47 47  0]]

 [[ 0 50 56 49 53 52 55 52 38 35 32 45 43]
  [ 0  0 53 36 37 56 33 51 45 46 42 48 59]
  [ 0 56  0 43 50 41 47 58 50 58 46 45 50]
  [ 0 48 39  0 51 58 52 56 33 30 55 37 37]
  [ 0 41 31 41  0 40 44 50 33 32 47 55 50]
  [ 0 42 42 58 43  0 52 59 33 50 47 56 36]
  [ 0 48 46 52 50 43  0 39 49 43 35 53 30]
  [ 0 50 55 43 59 36 46  0 48 45 44 35 39]
  [ 0 48 59 45 40 36 33 53  0 41 47 47 43]
  [ 0 33 39 47 35 31 52 43 41  0 31 57 48]
  [ 0 36 41 52 53 38 48 53 38 59  0 55 39]
  [ 0 56 39 34 40 32 33 35 40 39 53  0 40]
  [ 0 30 30 33 30 32 46 31 37 32 31 37  0]]

 [[ 0 41 35 32 38 35 52 35 49 30 32 33 58]
  [ 0  0 49 55 41 33 47 54 56 38 42 37 57]
  [ 0 47  0 45 41 31 53 49 30 55 52 40 53]
  [ 0 55 46  0 53 37 36 53 51 32 43 44 31]
  [ 0 35 54 53  0 49 36 56 47 55 36 40 58]
  [ 0 35 39 32 33  0 50 58 32 54 45 32 43]
  [ 0 55 53 45 43 37  0 39 40 36 43 38 42]
  [ 0 32 52 59 30 58 47  0 33 42 54 45 32]
  [ 0 42 53 58 31 34 56 34  0 34 50 59 49]
  [ 0 41 36 42 38 52 37 59 35  0 39 37 40]
  [ 0 55 46 41 46 49 48 40 50 59  0 55 57]
  [ 0 37 37 51 31 34 47 56 51 56 39  0 35]
  [ 0 53 35 41 34 35 51 35 43 51 35 50  0]]

 [[ 0 55 54 35 55 49 55 45 48 58 56 52 35]
  [ 0  0 33 35 48 45 50 48 59 46 57 44 48]
  [ 0 48  0 56 40 33 44 41 30 41 34 41 33]
  [ 0 30 30  0 39 47 34 50 30 35 33 39 33]
  [ 0 53 46 52  0 53 44 59 31 54 41 41 48]
  [ 0 58 45 36 47  0 46 59 54 49 36 48 51]
  [ 0 45 48 36 43 54  0 51 31 52 49 58 34]
  [ 0 52 49 55 30 57 37  0 30 34 36 55 53]
  [ 0 47 58 40 52 51 53 44  0 56 32 45 44]
  [ 0 33 50 42 44 55 32 40 59  0 44 55 40]
  [ 0 35 59 51 51 49 31 46 32 34  0 35 41]
  [ 0 58 47 30 33 31 30 36 46 34 55  0 55]
  [ 0 59 51 52 46 53 52 46 48 51 44 30  0]]]
 delivery_times
 [[  0 186 186 197 183 198 185 180 173 192 194 184 177 186 177 179 180 173
  178 198 188 189 171 185 173 193 190 198 179 171 170 185 192 185 180 191
  199 177 173 175 196 173 172 196 177 175 179 181 191 194 195 172 174 170
  199 177 189 190 190 198 197 171 196 184 174 172 193 196 196 173 185 177
  173 171 184 186 172 186 173 176 180 198 175 186 176 193 185 184 193 170
  188 177 173 172 186 170 179 193 180 170 178 170 187 195 180 186 197 180
  189 187 191 193 198 176 172 194 185 191 176 199 177 174 172 195 171 182
  171 193 184 186 187 190 199 194 170 175 190 198 199 192 191 173 195 171
  177 185 171 177 172 195 184 171 191 181 179 198 173 178 177 172 172 171
  178 176 179 188 179 179 186 170 175 177 180 171 188 193 195 181 179 170
  192 175 192 192 177 174 182 178 182 178 170 191 195 180 174 187 176 199
  177 180 198 197 186 185 190 176 173 173 198 190 186 183 185 172 177 172
  170 188 170 198 197 188 174 194 189 190 194 182 182 182 179 199 183 190
  172 199 189 178 183 175 187]
 [  0 192 186 195 186 179 183 180 188 195 183 195 177 170 189 188 182 179
  175 176 176 192 197 186 196 187 176 174 199 177 189 182 177 194 180 195
  197 190 197 189 187 191 174 188 177 182 173 176 195 173 199 189 188 196
  192 199 179 189 189 174 180 191 194 188 185 190 171 188 187 182 198 198
  192 195 186 180 198 198 186 173 183 199 176 188 199 183 178 187 182 185
  177 184 175 199 172 199 197 196 182 180 192 197 184 195 170 170 180 186
  192 192 199 183 199 187 185 189 172 178 183 185 181 170 191 198 194 195
  185 174 193 174 173 171 181 173 173 172 187 192 177 190 170 195 178 183
  179 196 196 174 198 186 183 196 176 186 179 199 173 181 181 191 193 176
  182 199 174 191 190 186 186 189 186 173 189 190 199 181 192 174 171 197
  182 195 190 185 192 175 179 182 188 194 196 188 183 180 192 183 186 192
  181 182 191 182 197 189 185 189 187 187 174 177 172 189 170 196 183 185
  171 175 188 174 197 181 180 189 174 172 171 192 198 179 175 180 179 198
  187 179 198 181 177 196 176]
 [  0 184 196 177 185 179 195 197 192 188 173 170 194 193 188 171 191 193
  185 188 178 188 188 191 170 171 174 187 183 194 194 189 175 193 198 183
  193 190 170 186 189 182 185 189 192 173 174 180 180 188 177 190 172 173
  197 188 184 196 196 196 179 184 185 184 186 188 173 190 187 199 192 175
  178 193 194 174 181 193 196 188 173 188 173 179 177 192 193 175 170 174
  198 197 181 177 185 193 177 181 175 186 191 188 181 189 172 170 185 179
  188 194 182 180 198 185 175 198 196 195 187 171 189 188 192 170 175 190
  181 198 182 199 188 183 174 173 183 170 172 178 178 171 199 191 173 180
  182 175 175 180 192 190 172 199 189 186 191 184 181 170 179 186 193 179
  170 199 188 192 183 186 187 198 174 186 186 187 199 193 180 179 190 184
  187 198 193 184 171 178 185 176 184 173 180 192 184 186 176 186 186 176
  182 181 199 193 171 180 193 188 195 188 190 188 184 179 182 182 188 188
  193 177 171 189 192 173 181 181 178 182 199 185 192 191 188 190 172 176
  199 183 172 182 185 181 181]
 [  0 191 182 182 174 179 195 182 178 173 193 199 170 183 183 183 195 170
  196 184 191 184 180 192 191 190 182 173 198 190 184 182 186 197 182 198
  177 194 174 185 198 192 179 185 196 190 191 173 172 190 195 172 187 172
  179 181 181 178 190 170 191 179 180 192 183 195 173 196 197 177 199 171
  171 180 193 189 178 198 185 172 184 188 176 173 170 197 196 192 174 189
  190 175 192 187 186 197 171 173 190 180 183 176 192 175 180 190 197 193
  188 185 198 171 180 184 173 178 173 199 196 190 189 185 175 198 170 191
  186 187 189 185 177 198 187 176 182 190 178 170 170 194 193 188 198 175
  178 193 182 176 181 190 181 194 176 174 170 176 187 177 172 170 199 172
  192 177 176 183 177 194 182 198 170 198 184 185 196 198 194 195 198 196
  178 172 171 192 179 199 182 180 175 182 170 173 183 186 183 176 191 197
  180 199 192 174 183 188 184 197 197 194 193 181 198 177 171 184 173 172
  194 175 180 196 179 190 180 170 183 191 184 192 192 177 178 179 198 176
  179 189 194 176 199 188 192]
 [  0 196 170 184 186 194 176 189 193 173 186 171 198 198 194 174 175 173
  194 172 183 197 179 177 180 198 185 172 179 188 180 193 186 179 177 184
  191 177 178 174 177 171 193 199 191 194 186 182 189 174 196 174 192 197
  195 196 181 194 181 172 181 189 196 195 193 195 185 199 174 180 195 181
  170 198 199 180 176 181 194 189 170 191 176 185 178 170 193 177 176 192
  195 185 172 186 183 177 183 188 178 190 184 187 185 196 173 191 195 177
  172 181 194 174 175 172 189 176 180 179 170 191 183 198 186 196 192 177
  197 175 196 180 195 173 197 178 193 197 183 194 183 173 178 177 178 187
  170 181 170 193 186 199 176 175 176 192 179 179 175 173 181 184 188 188
  182 198 189 175 182 174 196 195 187 180 172 177 181 173 195 189 191 173
  184 184 184 190 188 176 183 195 198 176 172 179 179 182 192 183 196 193
  181 174 178 195 191 188 188 173 190 173 189 185 197 191 173 180 189 185
  190 180 177 181 176 174 185 173 193 172 181 190 191 182 188 172 185 199
  172 199 193 182 191 182 175]
 [  0 193 194 176 181 196 179 190 180 197 176 183 178 185 190 176 190 181
  176 199 182 173 182 184 196 193 195 197 186 189 170 170 194 173 171 194
  195 180 189 175 193 178 184 188 181 178 173 175 172 190 195 192 182 195
  194 199 180 190 177 184 185 179 182 194 171 179 189 181 191 187 174 194
  175 199 183 188 195 170 191 188 184 186 188 182 186 191 195 183 175 170
  177 189 174 191 189 182 196 192 196 188 195 185 195 192 174 198 179 190
  181 193 178 180 188 187 186 195 175 195 196 181 176 173 177 171 182 198
  172 192 198 177 172 190 171 197 184 177 182 171 178 187 173 172 187 189
  171 194 195 187 184 188 175 188 181 177 197 177 197 189 173 170 179 191
  183 171 198 192 195 170 197 180 189 192 184 189 173 174 182 179 195 174
  192 191 172 183 178 175 183 190 173 196 197 184 183 197 191 176 183 190
  173 176 172 177 174 194 193 192 193 198 199 188 196 191 177 197 192 174
  184 194 191 180 182 181 188 172 187 182 173 193 175 186 183 178 186 181
  170 175 192 186 199 170 175]
 [  0 179 192 199 195 191 181 186 185 173 188 191 186 182 192 186 197 172
  184 181 174 197 197 177 170 195 195 196 188 170 178 181 181 177 179 189
  182 181 172 174 194 183 195 193 186 199 199 189 176 183 172 190 193 182
  177 181 178 186 175 185 176 178 180 195 182 180 175 198 196 184 177 189
  186 189 199 198 173 188 180 191 182 174 174 190 189 180 173 181 193 196
  195 178 198 190 196 184 186 172 193 197 171 189 187 172 183 185 190 170
  196 183 173 187 183 187 180 178 187 170 187 174 170 186 187 198 186 171
  188 183 189 194 189 198 193 186 172 175 179 172 192 184 189 170 184 198
  190 198 182 194 182 189 199 177 175 193 182 177 190 192 186 195 190 182
  183 186 191 182 193 189 199 196 195 178 190 172 193 183 174 180 192 176
  194 188 170 174 195 175 191 191 178 182 180 171 193 184 181 179 175 181
  197 190 187 173 183 196 195 187 173 184 179 171 197 195 184 199 184 197
  186 180 184 173 182 195 180 183 173 184 188 179 186 191 179 179 172 187
  193 192 176 192 190 199 189]
 [  0 195 189 170 180 183 185 171 190 195 191 189 182 198 177 186 185 188
  176 177 188 186 198 188 176 196 196 181 196 187 191 178 177 172 173 170
  178 192 185 172 182 199 186 187 177 171 178 196 198 189 184 190 188 198
  174 186 177 193 195 178 181 199 186 170 170 177 186 182 194 173 197 179
  183 184 185 184 191 185 194 180 170 178 185 188 190 171 195 198 191 195
  179 182 171 190 191 180 172 194 180 177 184 185 182 177 191 190 170 195
  184 176 184 195 188 172 181 197 189 193 195 187 171 197 172 172 177 185
  185 192 180 193 170 185 193 191 183 170 175 184 187 180 196 197 189 182
  193 196 187 172 189 184 180 191 182 181 195 198 171 189 198 171 184 186
  175 189 195 170 178 177 184 170 180 197 181 194 172 176 185 171 191 174
  179 191 193 181 195 194 176 172 183 184 186 186 176 188 189 194 177 176
  183 174 184 196 174 187 199 183 185 184 183 191 195 197 172 177 199 171
  193 197 185 175 192 178 175 191 174 170 179 187 173 194 182 194 192 188
  173 189 183 172 191 174 176]
 [  0 172 190 177 191 170 198 194 193 171 199 195 183 179 180 192 194 199
  188 183 198 172 181 189 182 192 191 184 174 172 182 180 172 178 176 180
  193 189 196 184 179 190 191 190 187 189 198 189 170 177 181 181 192 180
  183 192 183 171 194 175 173 199 171 175 196 194 195 172 193 170 174 194
  197 179 182 185 177 175 198 186 184 173 185 189 194 181 180 174 199 173
  180 171 199 195 171 188 193 191 170 191 199 195 187 170 196 181 180 191
  171 187 193 179 191 182 181 187 189 186 182 195 196 195 195 173 185 178
  179 176 186 172 171 199 172 175 175 190 172 187 191 196 196 187 177 195
  172 171 191 175 192 181 188 187 175 198 174 183 195 181 195 199 170 176
  198 196 198 176 177 189 194 187 183 177 173 194 182 192 182 170 185 173
  185 174 183 174 179 188 172 170 178 177 179 184 181 178 197 180 170 182
  188 177 196 179 188 193 187 170 198 178 172 171 176 193 192 192 198 178
  178 190 171 193 174 185 186 170 193 191 193 196 181 185 189 172 190 188
  192 179 182 198 195 191 173]
 [  0 187 171 181 174 193 196 195 176 185 187 182 191 186 173 174 195 188
  181 196 183 176 194 186 170 177 182 188 198 194 173 181 176 193 181 174
  176 174 181 187 173 191 198 181 174 193 179 172 193 195 174 170 183 195
  199 174 188 181 170 183 179 174 187 185 195 185 184 193 185 198 187 193
  199 185 187 173 175 192 187 197 178 192 170 183 197 189 175 197 179 172
  181 188 171 196 198 179 185 175 198 190 172 178 198 172 188 185 185 192
  187 189 191 198 177 197 197 179 192 177 176 190 177 182 177 188 185 182
  192 175 183 187 170 173 178 171 171 193 186 177 175 199 179 188 198 188
  184 189 192 193 188 171 184 182 172 175 191 184 182 199 170 199 178 196
  197 196 172 193 194 172 183 186 174 187 184 189 191 175 178 170 194 195
  195 186 179 199 172 192 181 196 172 186 175 198 190 170 194 180 182 192
  171 175 179 194 176 197 192 176 186 192 183 177 174 171 180 199 191 182
  187 179 186 184 194 173 170 170 199 186 175 176 186 174 177 171 182 183
  195 186 191 186 193 185 173]
 [  0 189 191 190 182 193 179 174 187 188 172 194 196 187 173 174 196 189
  192 178 173 199 175 197 176 170 196 195 177 180 183 195 191 184 178 184
  191 190 198 172 178 182 180 187 198 189 185 177 193 171 181 181 170 171
  199 182 196 187 197 174 190 199 192 194 171 180 186 183 187 192 178 199
  192 173 185 186 185 176 193 183 183 190 183 188 197 198 197 183 172 199
  192 184 188 183 183 178 185 196 195 178 175 184 181 173 179 180 196 175
  189 193 178 184 182 171 178 175 178 178 196 188 185 195 198 177 182 199
  197 194 172 177 172 173 182 181 198 187 188 183 196 182 192 178 181 170
  170 198 187 182 171 185 182 192 180 186 194 172 175 190 175 190 184 182
  175 181 171 186 188 170 190 174 180 173 170 194 185 177 192 190 186 170
  194 191 196 177 192 171 174 179 179 177 189 172 176 189 195 185 190 196
  170 189 173 191 175 182 198 175 175 176 185 184 197 180 181 174 181 182
  199 186 188 177 197 197 182 172 188 192 184 192 194 193 197 181 176 171
  184 194 171 182 181 170 195]
 [  0 199 197 189 185 199 194 193 197 185 177 188 193 197 172 198 195 189
  197 180 178 183 187 191 189 179 183 177 179 175 176 197 198 195 185 172
  189 195 186 191 183 177 190 189 178 195 183 177 191 179 176 199 187 193
  177 198 171 185 191 191 192 183 186 188 194 171 183 187 177 188 187 176
  195 182 179 171 193 180 194 173 196 180 194 173 196 199 199 182 173 175
  191 192 192 197 185 171 172 189 191 184 193 185 186 193 185 170 174 173
  188 195 197 194 176 199 184 189 187 190 194 189 191 198 170 192 184 177
  177 181 182 186 177 190 184 196 178 192 184 180 176 193 182 193 196 193
  175 176 186 171 181 185 199 198 187 199 189 194 172 189 173 179 179 196
  181 180 199 177 185 184 185 178 197 198 178 173 185 177 181 170 170 199
  172 176 172 193 186 199 181 198 181 182 183 183 195 190 171 190 175 174
  185 175 177 192 198 183 173 183 175 183 175 193 179 190 181 179 170 192
  182 184 185 181 185 178 185 183 195 198 199 181 194 196 183 195 172 194
  182 174 197 173 196 191 180]
 [  0 187 178 193 177 182 196 177 184 196 193 188 187 177 193 170 172 179
  172 171 191 182 195 182 178 186 189 177 193 194 177 172 188 175 175 178
  175 175 194 177 192 187 187 194 173 191 185 186 170 173 193 187 171 188
  176 178 176 182 185 186 191 195 183 183 188 191 193 198 193 178 181 175
  175 172 192 170 190 184 173 179 192 193 191 170 190 188 193 196 174 177
  194 196 182 198 195 199 185 175 190 195 181 172 173 180 189 178 171 184
  177 179 170 183 193 197 185 172 185 197 173 182 176 188 176 170 190 183
  174 181 177 175 175 176 187 173 196 181 194 197 182 191 173 183 173 194
  196 198 178 181 189 195 181 187 183 175 196 179 173 178 185 191 171 182
  187 182 172 173 185 173 175 198 178 172 181 187 188 174 193 186 185 189
  189 172 193 191 177 194 179 199 190 181 181 174 178 194 181 193 186 174
  191 179 183 172 172 172 196 173 175 181 183 192 189 178 179 193 174 189
  171 181 190 189 188 198 194 195 182 170 187 179 178 188 197 179 195 182
  183 182 170 183 179 194 196]
 [  0 192 195 191 183 186 180 189 180 180 187 186 184 181 181 175 174 171
  171 192 177 199 187 192 196 170 191 178 191 173 195 173 189 199 175 190
  195 197 181 193 196 181 177 175 190 196 179 182 181 170 194 199 193 184
  177 193 195 191 171 179 192 181 182 170 189 179 182 186 172 193 186 183
  199 197 189 171 183 177 190 185 173 173 183 170 192 195 189 184 186 186
  191 180 192 176 171 170 198 172 174 180 188 183 173 176 178 196 189 172
  188 176 196 197 184 172 175 170 174 181 192 178 194 170 178 177 194 187
  197 183 185 172 195 183 195 196 181 178 196 184 171 178 193 199 174 199
  199 194 180 178 179 187 188 177 182 189 176 190 183 188 184 183 173 185
  176 170 177 182 186 179 185 190 184 188 174 194 198 185 190 190 180 182
  188 184 176 185 189 193 191 175 196 194 182 180 192 193 194 187 177 194
  175 190 196 196 189 176 185 181 184 193 196 175 197 180 181 175 194 195
  182 199 177 170 198 194 197 188 173 193 175 180 173 197 179 193 198 178
  179 196 171 178 195 171 179]
 [  0 172 195 182 194 187 174 183 187 194 178 198 178 176 186 179 184 178
  186 181 170 170 192 174 184 179 178 175 181 172 189 174 182 196 179 189
  173 186 197 170 185 172 171 179 174 180 193 189 173 181 177 172 182 192
  172 190 177 199 192 189 176 183 173 192 186 182 198 190 178 178 173 179
  175 197 195 194 171 187 179 196 182 172 189 181 182 194 180 181 188 181
  182 194 183 170 172 185 189 198 176 198 199 195 176 175 184 199 194 195
  188 172 183 184 191 191 185 188 173 187 183 188 188 175 181 181 178 176
  198 184 190 179 197 194 189 170 189 191 196 183 176 192 183 174 174 171
  185 187 188 175 196 194 194 192 193 175 186 176 170 173 175 195 199 182
  188 189 175 193 181 188 186 195 197 175 180 193 199 193 177 190 196 189
  194 179 188 179 176 172 199 176 184 189 173 182 177 175 171 180 175 170
  179 188 178 199 192 170 181 174 175 170 176 191 194 175 198 177 174 195
  188 192 189 174 177 180 198 190 190 196 181 198 188 199 178 182 174 194
  192 170 198 197 192 197 195]
 [  0 171 188 172 185 174 174 197 173 198 174 172 197 182 192 171 171 198
  199 173 191 190 184 173 174 174 198 194 174 198 192 184 197 173 199 194
  170 175 193 197 180 176 173 194 173 174 171 171 178 193 186 189 176 194
  186 171 173 194 183 190 173 183 184 178 172 185 189 170 184 177 182 177
  185 192 186 183 187 191 189 172 190 184 181 174 195 180 180 186 180 187
  181 174 195 196 174 175 180 173 171 194 194 195 191 184 193 195 190 183
  170 194 194 170 191 183 186 173 175 183 196 189 193 198 195 172 177 178
  173 177 186 197 179 190 188 192 190 173 195 178 178 193 180 172 183 171
  191 185 174 197 196 170 199 180 194 180 182 191 170 187 194 196 192 174
  178 198 183 196 191 195 173 179 196 193 180 170 184 178 197 186 170 191
  196 199 173 190 185 197 172 197 182 172 174 184 196 171 180 174 185 195
  184 187 189 174 187 196 173 179 197 184 184 174 170 192 198 173 186 190
  178 173 188 199 173 170 183 177 171 187 187 192 176 198 188 195 181 180
  179 186 171 184 180 193 197]
 [  0 186 170 186 182 192 177 187 183 177 179 197 176 199 177 186 174 190
  194 197 172 194 199 180 188 171 191 175 183 184 186 196 186 175 198 187
  172 179 189 193 193 190 183 181 195 195 193 179 186 199 175 197 189 199
  186 175 181 193 198 194 184 195 177 174 193 190 178 171 177 177 188 199
  192 181 192 171 170 184 185 176 183 178 184 189 191 186 177 172 191 186
  195 188 187 182 176 193 174 176 182 178 191 179 198 193 182 171 171 198
  187 190 183 189 186 188 182 183 184 179 189 197 171 199 177 199 189 190
  195 188 178 190 186 171 180 171 187 188 174 192 193 173 198 196 172 186
  176 171 181 171 183 198 196 181 171 174 175 193 171 190 174 172 183 190
  187 193 183 186 185 179 191 196 190 173 189 173 197 187 183 178 195 174
  174 190 170 176 170 174 180 178 184 188 171 173 172 177 191 189 170 185
  196 176 193 181 173 176 186 196 196 197 197 197 186 192 188 181 199 177
  195 184 193 199 188 184 183 170 198 183 182 191 187 171 193 186 183 178
  186 189 190 185 174 194 193]
 [  0 174 177 182 191 198 170 176 170 173 180 174 195 199 184 175 185 182
  194 182 176 195 196 182 183 178 185 176 188 187 198 191 179 182 194 177
  191 195 187 187 187 170 194 173 194 198 194 182 172 177 190 190 181 190
  194 174 181 177 175 194 194 186 177 182 190 188 177 193 191 177 170 179
  180 182 194 183 180 175 187 178 194 196 178 175 182 186 197 175 198 175
  172 178 191 194 178 179 183 187 198 192 193 173 179 177 184 189 189 172
  195 197 177 172 195 196 183 171 195 182 191 189 193 170 191 188 187 191
  190 181 176 183 193 195 176 186 196 186 184 177 172 177 183 176 179 176
  188 191 171 189 177 179 192 172 174 191 179 190 193 179 180 183 198 194
  185 176 185 196 196 184 174 176 181 196 171 180 187 193 195 196 172 172
  176 181 188 191 173 176 175 172 189 179 182 195 197 187 185 185 175 187
  195 174 198 190 186 194 194 172 193 170 196 178 193 173 176 172 182 171
  185 187 192 190 176 183 175 196 188 177 192 185 196 181 189 174 188 181
  191 199 170 184 195 199 194]
 [  0 184 170 175 195 195 182 172 183 170 180 196 184 179 188 188 189 194
  183 171 175 180 190 195 199 181 194 199 178 196 183 188 190 177 196 184
  196 184 199 179 185 172 195 171 172 187 194 188 188 180 192 174 199 181
  183 196 173 181 189 195 193 179 186 175 183 192 191 182 178 177 182 172
  180 178 192 172 185 178 177 188 186 198 191 173 185 185 196 192 198 173
  197 193 193 188 189 172 181 180 184 172 171 186 178 195 178 180 174 179
  194 170 178 180 175 171 197 190 182 198 185 189 174 183 178 184 172 182
  182 191 195 179 187 199 190 174 173 192 179 195 177 198 194 186 196 183
  177 182 194 171 186 186 172 179 185 180 191 170 194 175 190 186 174 193
  178 193 176 198 199 181 181 190 173 192 194 172 190 192 182 197 195 185
  177 174 184 197 198 199 195 178 177 179 193 180 173 191 172 176 177 198
  172 198 176 178 198 175 195 188 187 173 182 184 177 180 175 192 173 198
  187 179 176 172 189 176 191 193 190 191 180 188 192 199 177 195 194 197
  173 198 181 185 186 180 196]
 [  0 184 193 178 188 172 175 189 178 178 190 199 172 197 173 189 191 192
  185 184 188 178 180 186 184 195 182 186 182 182 171 188 175 175 179 190
  176 183 171 183 196 171 195 193 187 182 172 175 174 176 191 177 172 178
  192 171 192 175 180 172 176 185 176 189 175 187 177 196 189 199 173 185
  181 179 184 171 174 195 191 184 182 174 172 180 193 195 196 190 173 184
  188 174 178 173 185 175 193 171 176 194 185 191 177 181 181 181 170 183
  173 187 186 182 179 196 181 173 171 195 182 193 174 199 172 176 180 190
  178 199 189 170 182 193 199 193 185 186 175 171 198 186 196 195 171 175
  187 180 189 197 173 182 178 180 178 187 171 176 181 185 173 196 199 193
  180 180 199 187 180 178 192 187 182 175 189 191 183 187 170 179 175 178
  183 179 181 184 183 191 171 172 170 192 188 170 195 196 176 188 183 194
  199 196 192 178 182 199 179 182 199 193 172 174 194 193 174 185 171 184
  178 185 188 195 186 183 183 195 190 197 194 199 183 188 192 195 188 195
  185 181 194 193 197 170 191]]
 job2fam
 [[1 0 0 0 0 0 0 0 0 0 0 0 0 0 0 0 0 0 0 0 0 0 0 0 0 0 0 0 0 0 0 0 0 0 0 0
  0 0 0 0 0 0 0 0 0 0 0 0 0 0 0 0 0 0 0 0 0 0 0 0 0 0 0 0 0 0 0 0 0 0 0 0
  0 0 0 0 0 0 0 0 0 0 0 0 0 0 0 0 0 0 0 0 0 0 0 0 0 0 0 0 0 0 0 0 0 0 0 0
  0 0 0 0 0 0 0 0 0 0 0 0 0 0 0 0 0 0 0 0 0 0 0 0 0 0 0 0 0 0 0 0 0 0 0 0
  0 0 0 0 0 0 0 0 0 0 0 0 0 0 0 0 0 0 0 0 0 0 0 0 0 0 0 0 0 0 0 0 0 0 0 0
  0 0 0 0 0 0 0 0 0 0 0 0 0 0 0 0 0 0 0 0 0 0 0 0 0 0 0 0 0 0 0 0 0 0 0 0
  0 0 0 0 0 0 0 0 0 0 0 0 0 0 0 0 0 0 0 0 0 0 0 0 0]
 [0 1 0 0 0 1 1 0 0 1 0 0 0 0 0 0 0 0 0 0 0 0 0 0 0 1 0 0 0 0 0 0 0 0 0 0
  0 0 0 0 0 0 0 0 0 0 0 1 0 0 0 0 0 0 0 0 0 0 0 0 0 0 0 0 0 0 0 0 0 1 0 0
  1 0 0 0 0 0 0 0 0 0 0 1 0 0 0 0 0 0 0 0 0 0 0 0 0 0 0 0 0 1 0 1 0 0 0 0
  0 0 0 0 1 0 0 0 0 0 0 0 0 0 0 0 0 0 0 0 0 0 0 0 1 0 1 0 0 0 0 0 0 1 0 0
  0 0 0 0 0 0 0 0 0 0 0 0 0 0 0 0 0 0 0 0 0 0 0 0 0 1 0 0 0 0 1 0 0 0 0 0
  0 0 0 0 0 0 1 0 0 0 1 0 0 0 0 0 0 0 1 0 0 1 0 0 0 0 0 0 0 0 1 0 0 0 0 1
  0 0 0 0 0 0 0 0 0 0 0 0 0 0 0 0 0 0 0 0 0 0 0 0 0]
 [0 0 0 0 0 0 0 0 1 0 0 0 0 0 0 0 0 1 0 0 0 0 0 0 1 0 0 0 0 0 0 0 0 0 0 0
  0 0 0 0 0 1 0 0 0 0 0 0 0 0 0 0 0 1 0 0 0 0 0 0 0 0 0 0 0 0 0 0 0 0 0 0
  0 0 0 0 0 0 0 0 0 0 0 0 1 0 0 0 0 0 0 0 0 0 0 1 0 0 0 0 0 0 0 0 0 0 0 1
  0 0 0 0 0 0 0 0 0 0 1 0 0 0 0 0 0 1 0 0 0 0 0 0 0 0 0 0 0 0 0 0 0 0 0 0
  0 0 1 0 0 0 0 1 0 0 0 1 0 0 0 0 0 0 0 0 0 1 0 0 0 0 0 1 0 0 0 0 0 0 0 0
  0 0 0 0 0 0 0 0 0 0 0 0 0 0 0 0 0 0 0 0 0 0 0 0 0 0 0 0 0 0 0 0 0 0 0 0
  0 0 1 0 0 1 0 0 0 0 0 0 0 0 0 0 0 0 0 0 0 0 0 0 0]
 [0 0 0 0 1 0 0 0 0 0 0 0 0 0 0 1 0 0 0 1 0 0 1 0 0 0 1 0 1 0 1 0 0 0 0 0
  0 0 0 0 0 0 0 0 0 0 0 0 0 1 0 0 0 0 0 0 1 0 0 0 0 0 0 0 0 0 0 0 0 0 0 0
  0 0 0 0 0 0 0 0 0 0 0 0 0 0 0 0 0 0 0 0 0 1 1 0 0 0 1 0 1 0 0 0 0 0 0 0
  0 0 0 0 0 0 0 0 0 0 0 0 0 0 0 0 0 0 1 0 0 0 0 1 0 1 0 1 0 0 1 0 0 0 0 0
  0 0 0 0 0 0 0 0 0 0 1 0 0 0 0 0 0 0 0 0 1 0 0 0 0 0 1 0 0 0 0 0 0 0 0 0
  1 0 0 0 1 0 0 0 0 0 0 0 0 0 0 0 0 0 0 1 0 0 0 0 1 0 0 0 0 0 0 0 0 0 0 0
  0 0 0 0 0 0 0 0 0 0 0 1 0 0 0 0 0 0 0 0 0 0 0 0 0]
 [0 0 0 0 0 0 0 0 0 0 0 0 1 0 0 0 0 0 0 0 0 0 0 0 0 0 0 0 0 0 0 0 0 0 0 0
  0 0 0 0 0 0 0 0 0 0 0 0 0 0 0 0 0 0 0 0 0 0 1 0 0 0 0 0 1 0 0 1 0 0 0 0
  0 0 0 1 0 0 0 0 0 0 0 0 0 1 0 0 0 0 1 0 1 0 0 0 0 0 0 1 0 0 0 0 0 0 0 0
  0 1 0 0 0 0 1 0 0 0 0 0 0 0 0 0 0 0 0 0 0 0 0 0 0 0 0 0 0 0 0 0 0 0 0 0
  0 0 0 0 0 0 0 0 0 0 0 0 0 0 0 0 0 0 1 0 0 0 0 0 1 0 0 0 0 0 0 0 0 0 0 1
  0 1 0 0 0 0 0 0 0 0 0 0 0 0 1 0 0 0 0 0 0 0 0 0 0 0 0 0 0 0 0 0 0 0 0 0
  0 1 0 0 0 0 0 0 0 0 1 0 0 0 0 0 0 0 0 0 0 1 0 0 0]
 [0 0 0 1 0 0 0 0 0 0 0 0 0 0 0 0 0 0 0 0 0 0 0 0 0 0 0 1 0 1 0 0 0 0 0 0
  0 0 0 0 0 0 1 0 0 0 0 0 0 0 1 0 0 0 0 0 0 0 0 0 0 0 0 0 0 0 0 0 1 0 0 0
  0 0 0 0 1 0 0 0 0 0 0 0 0 0 0 0 0 0 0 0 0 0 0 0 0 0 0 0 0 0 1 0 0 0 0 0
  0 0 0 0 0 0 0 1 0 0 0 1 0 0 0 0 0 0 0 1 0 0 1 0 0 0 0 0 0 0 0 1 0 0 0 0
  0 0 0 0 0 0 0 0 0 1 0 0 0 1 0 0 0 0 0 1 0 0 0 0 0 0 0 0 0 0 0 0 1 0 0 0
  0 0 0 1 0 0 0 0 1 0 0 0 0 0 0 0 0 0 0 0 0 0 0 0 0 0 0 0 1 0 0 0 0 0 0 0
  0 0 0 0 0 0 0 0 0 0 0 0 1 0 1 0 0 0 0 0 0 0 0 0 0]
 [0 0 0 0 0 0 0 1 0 0 0 1 0 0 0 0 0 0 0 0 0 0 0 0 0 0 0 0 0 0 0 0 0 0 1 0
  0 0 0 1 0 0 0 0 0 0 1 0 0 0 0 0 1 0 1 0 0 0 0 0 0 0 0 0 0 0 0 0 0 0 0 0
  0 0 0 0 0 0 0 0 1 0 0 0 0 0 0 0 0 0 0 0 0 0 0 0 0 0 0 0 0 0 0 0 0 0 0 0
  0 0 0 0 0 1 0 0 0 0 0 0 0 0 0 0 0 0 0 0 0 0 0 0 0 0 0 0 1 0 0 0 0 0 0 0
  1 0 0 0 0 0 0 0 0 0 0 0 0 0 0 0 0 0 0 0 0 0 0 1 0 0 0 0 0 1 0 0 0 0 0 0
  0 0 1 0 0 1 0 0 0 0 0 0 0 0 0 0 0 0 0 0 0 0 0 0 0 0 0 0 0 0 0 0 1 0 0 0
  0 0 0 0 1 0 0 0 0 1 0 0 0 0 0 0 0 0 1 0 0 0 0 0 0]
 [0 0 0 0 0 0 0 0 0 0 0 0 0 1 0 0 0 0 0 0 0 0 0 0 0 0 0 0 0 0 0 0 0 0 0 0
  0 0 0 0 1 0 0 0 0 0 0 0 0 0 0 0 0 0 0 0 0 0 0 1 0 1 0 0 0 0 0 0 0 0 0 0
  0 0 1 0 0 0 1 1 0 0 1 0 0 0 0 0 0 0 0 0 0 0 0 0 0 1 0 0 0 0 0 0 0 1 0 0
  0 0 0 0 0 0 0 0 0 0 0 0 1 0 0 0 0 0 0 0 1 1 0 0 0 0 0 0 0 0 0 0 0 0 0 0
  0 1 0 0 0 1 0 0 0 0 0 0 0 0 1 0 0 0 0 0 0 0 0 0 0 0 0 0 0 0 0 1 0 0 0 0
  0 0 0 0 0 0 0 0 0 0 0 0 0 0 0 1 1 0 0 0 1 0 1 0 0 0 1 0 0 0 0 0 0 0 1 0
  0 0 0 0 0 0 0 1 1 0 0 0 0 0 0 0 0 0 0 0 0 0 0 0 0]
 [0 0 0 0 0 0 0 0 0 0 0 0 0 0 1 0 0 0 0 0 0 1 0 0 0 0 0 0 0 0 0 0 1 1 0 0
  0 0 0 0 0 0 0 1 1 0 0 0 0 0 0 1 0 0 0 0 0 1 0 0 0 0 1 1 0 0 0 0 0 0 0 0
  0 0 0 0 0 0 0 0 0 0 0 0 0 0 0 0 0 0 0 0 0 0 0 0 0 0 0 0 0 0 0 0 1 0 0 0
  1 0 0 1 0 0 0 0 0 1 0 0 0 0 1 0 0 0 0 0 0 0 0 0 0 0 0 0 0 0 0 0 0 0 0 0
  0 0 0 0 1 0 0 0 0 0 0 0 0 0 0 0 1 1 0 0 0 0 0 0 0 0 0 0 0 0 0 0 0 0 0 0
  0 0 0 0 0 0 0 0 0 1 0 1 0 0 0 0 0 0 0 0 0 0 0 0 0 0 0 1 0 1 0 0 0 0 0 0
  0 0 0 1 0 0 0 0 0 0 0 0 0 0 0 0 0 1 0 0 1 0 0 0 1]
 [0 0 0 0 0 0 0 0 0 0 0 0 0 0 0 0 0 0 1 0 0 0 0 0 0 0 0 0 0 0 0 0 0 0 0 1
  0 0 0 0 0 0 0 0 0 1 0 0 0 0 0 0 0 0 0 0 0 0 0 0 0 0 0 0 0 0 0 0 0 0 0 0
  0 0 0 0 0 1 0 0 0 1 0 0 0 0 0 0 0 0 0 1 0 0 0 0 0 0 0 0 0 0 0 0 0 0 1 0
  0 0 0 0 0 0 0 0 0 0 0 0 0 0 0 0 1 0 0 0 0 0 0 0 0 0 0 0 0 1 0 0 0 0 0 1
  0 0 0 0 0 0 0 0 0 0 0 0 0 0 0 1 0 0 0 0 0 0 0 0 0 0 0 0 0 0 0 0 0 0 0 0
  0 0 0 0 0 0 0 0 0 0 0 0 0 0 0 0 0 0 0 0 0 0 0 1 0 0 0 0 0 0 0 0 0 0 0 0
  0 0 0 0 0 0 0 0 0 0 0 0 0 0 0 1 0 0 0 1 0 0 0 0 0]
 [0 0 0 0 0 0 0 0 0 0 0 0 0 0 0 0 1 0 0 0 0 0 0 0 0 0 0 0 0 0 0 0 0 0 0 0
  0 1 1 0 0 0 0 0 0 0 0 0 0 0 0 0 0 0 0 1 0 0 0 0 0 0 0 0 0 1 0 0 0 0 1 1
  0 0 0 0 0 0 0 0 0 0 0 0 0 0 1 0 1 0 0 0 0 0 0 0 1 0 0 0 0 0 0 0 0 0 0 0
  0 0 0 0 0 0 0 0 1 0 0 0 0 0 0 0 0 0 0 0 0 0 0 0 0 0 0 0 0 0 0 0 0 0 0 0
  0 0 0 0 0 0 1 0 1 0 0 0 0 0 0 0 0 0 0 0 0 0 1 0 0 0 0 0 1 0 0 0 0 0 0 0
  0 0 0 0 0 0 0 0 0 0 0 0 1 1 0 0 0 0 0 0 0 0 0 0 0 0 0 0 0 0 0 1 0 0 0 0
  0 0 0 0 0 0 1 0 0 0 0 0 0 1 0 0 1 0 0 0 0 0 0 0 0]
 [0 0 0 0 0 0 0 0 0 0 0 0 0 0 0 0 0 0 0 0 1 0 0 0 0 0 0 0 0 0 0 1 0 0 0 0
  1 0 0 0 0 0 0 0 0 0 0 0 0 0 0 0 0 0 0 0 0 0 0 0 1 0 0 0 0 0 0 0 0 0 0 0
  0 1 0 0 0 0 0 0 0 0 0 0 0 0 0 1 0 0 0 0 0 0 0 0 0 0 0 0 0 0 0 0 0 0 0 0
  0 0 0 0 0 0 0 0 0 0 0 0 0 1 0 0 0 0 0 0 0 0 0 0 0 0 0 0 0 0 0 0 1 0 1 0
  0 0 0 0 0 0 0 0 0 0 0 0 1 0 0 0 0 0 0 0 0 0 0 0 0 0 0 0 0 0 0 0 0 1 1 0
  0 0 0 0 0 0 0 0 0 0 0 0 0 0 0 0 0 0 0 0 0 0 0 0 0 0 0 0 0 0 0 0 0 1 0 0
  1 0 0 0 0 0 0 0 0 0 0 0 0 0 0 0 0 0 0 0 0 0 0 1 0]
 [0 0 1 0 0 0 0 0 0 0 1 0 0 0 0 0 0 0 0 0 0 0 0 1 0 0 0 0 0 0 0 0 0 0 0 0
  0 0 0 0 0 0 0 0 0 0 0 0 1 0 0 0 0 0 0 0 0 0 0 0 0 0 0 0 0 0 1 0 0 0 0 0
  0 0 0 0 0 0 0 0 0 0 0 0 0 0 0 0 0 1 0 0 0 0 0 0 0 0 0 0 0 0 0 0 0 0 0 0
  0 0 1 0 0 0 0 0 0 0 0 0 0 0 0 1 0 0 0 0 0 0 0 0 0 0 0 0 0 0 0 0 0 0 0 0
  0 0 0 1 0 0 0 0 0 0 0 0 0 0 0 0 0 0 0 0 0 0 0 0 0 0 0 0 0 0 0 0 0 0 0 0
  0 0 0 0 0 0 0 1 0 0 0 0 0 0 0 0 0 1 0 0 0 0 0 0 0 1 0 0 0 0 0 0 0 0 0 0
  0 0 0 0 0 0 0 0 0 0 0 0 0 0 0 0 0 0 0 0 0 0 1 0 0]]
