params：
 weight-->(1, 10)
 proc_times-->(1, 100)
 setup_times-->(30, 60)
 delivery_times-->(100, 200)
 job_rate-->12

start:
alpha_1
12
 alpha_2
1.0
 mach
20
 job
240
 fam
12
 weigh
 [[0 7 9 2 2 5 7 9 4 1 6 5 8 4 9 9 3 4 9 4 5 8 5 8 7 7 5 7 4 8 5 6 5 2 7 6
  5 1 3 6 9 3 2 5 4 9 7 5 9 8 7 9 6 5 8 8 4 9 6 5 1 7 3 2 1 5 6 7 8 7 3 8
  3 6 4 9 7 5 6 2 6 8 9 2 4 1 8 6 1 9 8 9 5 3 1 2 6 3 2 9 2 8 2 7 9 2 5 5
  5 5 3 1 9 5 6 6 7 4 6 6 6 4 6 7 8 9 6 9 4 2 6 6 4 5 3 9 8 6 6 3 3 7 2 9
  9 8 2 7 4 3 2 6 1 5 4 5 2 6 5 2 9 1 4 1 4 6 4 2 5 8 5 7 6 8 8 6 9 7 7 4
  3 3 5 6 1 2 1 9 3 1 7 1 4 8 6 9 6 5 6 4 8 9 1 9 7 5 8 2 2 9 1 2 9 2 7 5
  9 6 3 2 8 9 9 6 9 5 1 1 1 6 4 9 8 4 8 6 8 4 7 8 9]]
 proc_times
 [[  0  82  48  18  12  62  46  92  45  70  79  51   6  63  43  39  78  15
   46  95  63  76  63  36  38  48  78  85  29  25  21  46  70  84  69  16
   45  33  95  45  15  68  74   6   8  75  61  35  56  49  67  19  43  43
   53  44   8  28  17  93  53  58  93   2  89  96  76  46  24  32  67  87
   84  10  81  80  34   4  41  68  48  31  27  43  68  52  81  71  27  72
   94  69  97  70  34  53  91  41   9  71   1  64  80  92  56   3  16   9
   67  83   3   5  83  91   8  37  82  32  48  82  68  53  65  59  26  21
   71  56  25  17  58  32  73  68  45  64  87  30  11  91  28  86  92  67
    2  25  25  96  67  17  51  43  46  60  60  80  17  37  90  57  94  33
   81  50  63  40  46  86  43  97  11  95  53  52  94  33  26  58  49  21
   90  14   2  43  44  94   7  81  68  42  64  94  71  15  21  49  84  91
   31  73  81   3  95   3   4  94  52  18  65  32  63   8  99  56  13  85
   33   6   8  30  39  79  93  21  15  79  35  79  15  94  86  41  62  24
   32  63  39  36  92  75  89]
 [  0  62  58  36  58  63  59  64  77  68  81  66  61  23  41   4  60  73
   18   8   1  80  35  33  21   2  51  88  43  67  46  49  83  92   8  52
   78  16  89  82  72  22  35  81   8   4  22   2  94  76  60  46  21  79
   26  84  84  47  98  94  68  64  15   8  79  94  87   6  58  66  98  88
   62  25  22  99  37  24  50  79  95  80  82  22  85  76  39  97  92  70
   40   3  28  67  76   3  50  33   2  33  37  40  41  65  45  57  76  65
   68  46  25  40  81  83  37  40  91  13  50  53   6   9  32  14  87  95
   72  35  54  36  13  24  33  72  51  49  26  71  10   6  47  75  96  24
   26  37  34  93  46  76  34  46  34  22  57  17  90  14  74   9  92  51
   13   1  24  60   1   2  37  62  54  23  39  35   7  17  19  44  21  58
   57  90  21  48  16  22  89  18  77  10  51   4  17  13   6  38  31  93
   14  93  27  81  26  99  23  94  55  61  52  46  96  98  64  83  96  16
   99  84  74  61  63  24  36  83  78  66  12  22  56  75  23  63  95  55
    7  32  36  98  49  63  36]
 [  0  37  32  12  95  40  87  45  79  83  52  92  91  74   3  89  84  38
   81  49  34  49  93  29  60  80  88  85  35  39  71  22  96  95   9  24
   12  12  52  12  99  53   3  27  37  13  49  68  58   7  72  63 100  17
   68  19  35  89  74 100  38  67  71  82  19  60  37  68  76  28  52  70
   44  95  85  22  84   1  42  96  69  15  29  77   4  58  30  62  56  68
   35  66  42  73  52  32  52  76   4  36  74  43  42  69  80  79  77  77
   71  44  77  61  96  28  93  96  60  22  92  97  38  44   9  57  10  85
   99  95  54  78  94  77  89  87  54  67  87  81  41  78  64  49  23  56
   55  25  14  99  54  41   1  14  76  18  82  58  12  86  30  63  65  44
   51  21  17  68  27  11   2  75  37  48  61  28   8  97  71  36   3  64
    7  10  56  54  81   2  51  64  45  52  77  25  85  44  47  79   6  13
   15  50  38  36  78  58  79  60  34  37  11   6  78  91  59   2  45  50
    3  27  63  72  63  44  77  40  79  25  98  54  74  13  36  10  90  58
   24  64  80  13  30  86  60]
 [  0  50  61  87  15  75  47  98  68  29   6  66  96  61  72  25  32  12
   73  61  96  29   5  66  66  20  82  98  28   4  81  38   8  97  45   1
   49  15  50  67  17  43  36  99  76  46  62  47  46  59   7   9   2  58
   69  83   5  82  88   6  79  24  78  26  13  75  52 100  86  76   8   9
    4  81  83   8   5  16  86  80  65  55  62  79  73  58  89  79  15  55
   24   8  73  53  32  88  13   5  82  59  89  23  60  66  56  95  95  84
   16 100  55  28  94  15  18  48  14  94  26  86  26   4  46  36   1  64
   55  27  39  62  53  72  53  16  56  31  95  68  19  11  12  90  57  78
   73  56  82   4  10  54  84  80  86  47  31  28  58  56  60  88  37  97
   74  42  48  83  67  99  53  44  27  97  31  42  10  20  44  62  88  83
   52  19  55  42  58  47  56  42  20  85  49  20  22  10  78   5  41  85
    4  24   7  48  55  36  96  42  85  72   4  68  17  59  35  83  18  26
   63  15  89  67  35  63  83  92  90   3  19  44  72  59  41   8  46  93
   81  72  72  30  12  48  11]
 [  0  27  85  40  81  74  41  58  63  76   4  99   3  53  19  58  74  81
   48  52  71  48  91  71  48  25  35  51  74   3  57  38  35  76  28  15
   99  59  17  56  18  76  26  44  19  55  42  60  20  51  54  13  82  77
   64  96  13  67  76  19  29  59  80  19  77  93  12  54  44   6  52  10
   89  31  25  58  38  18  82  93  99  92  93  20  93  30  68  54  19  87
   15  99  10  29  19  94  73  14  99  17  23  87  32  39  51  29  50  56
   70  45  47  14  93  39  52  35  13  38  26  29  37  69  22  31  66  35
   61  57  23  24  22  82  81  80  27  78  69  43  83  41  33  21  17  48
   82  42  80  92  87  80  73  98  71  55  23  36   5  95  79  71  41  49
   62  42  56  37  99  51  84  12  66  92  43  56  90  66  76  15  23  13
   31  92  28  54  46  28  38  56  29  77  35  18  93  36  45  47  32  76
   55  46  96  75  97   6  47  69   2  63  85  80  43  66  13  95  89  67
   53  41  49  20  79  49  19  24  78  34  50  27   1  93  67  68  87   6
   78  88  45 100  41  29  56]
 [  0  75  42 100  91  26  70   8  35  69  93  90  86  21  59  27  83  69
   82  21  24  72  43  87  58  75  31  81   1  31  78  71  58  32  91  26
   41  27  34  14  45  89   4  73  82  61  55  56   6  62  95  83  95  52
   31  86  48  92   6  14  54  60  92  55  87  32   1  39  75  19  12  70
   30  62  42  74  82  18  74  64   5  75  34  37  61  86  34  35  94  62
   27  18  50  56  29  44  37  79  35  28  24  82  31  97  87  74  96  94
   23  62  75  58  23  59   9  42  53  84  12   5  40  11  74  80  36  64
   84  87  65  34  35  17  34  34  33  88  63  23  41   2  49  54  99  31
   51  44   8  16   3  70  85  69  85  89  65  90  46  67  88  43  66  26
   26  93   9  84  34   6  28  68   2  81  96  50  76   7  24   7  70  34
   12  27  95  76  92  98  88  23  71  27  50  95  75  97  46  44  74  89
    4  79  24  38  91  39  11   6  48 100  80  33  58  27  63  39  59  20
   22  69  49  75  78  58  76  76  80  27  51  23  72  22  68  10   7  85
   89  83  18   7  53  61  45]
 [  0  45  60  32   3  41  31  34  45  13   6  36  24  17   1  89  33  42
   14   8  20  74  96  90  57  75  11   6  77  47  30  70  58  84  32  68
   40  41  86  30  23  53   8  29  56  57  50  59  45   7  82  12  26   7
   29  62  37  10  99  15  14  18  79  37  65  77  14  40  86  39  30  67
   46  60  33  72  65  94  10  37  40  51  34  17  28  72  30  56  15  91
    7  60 100  70  80  78  32  14  65  98  31   9  72  57  49  37  99  50
   23  99  48  36  23  91  28  75  16   8  83  91  99  88  85  35   8  69
   22  44   7   1  34  78  64  51  40  87  64  39   2   7  19   8  50  61
   47  56  12  28  92  76  81  27  78   5  45  34  26  46  39  42  13  38
   43  86   9  60  64  44  22  70  39  20  20  24  35  44  32  29  18  83
   68  85  63  83  18   4  55  88  39  53   1  79  57  55  69  40  60   2
   67   6  17  21  92  26 100  11  72  75   2  79  74  40   5  63  83  61
   25  19  36  87  82  40  88   6  34  11  42  27  99  61  74  45  72  82
   14  29  14   7  74   9  32]
 [  0   2  78  69  31   1  97  95  67  71  72  29  98  95  21  10  22  12
   93  26  33  36  94  89  83  64  58  74  31  40  71   4  23   7  32  56
   83  95  66  65  95  49  76  77  66  62  89  86  71  16  55  26  35  30
   39  19  43  24   5   2  10  14  98  46   8  42  42  24  63  29  73   4
   72  98  10  59  47  81   8  32  75  33  72  35  33  56  58  16  23   9
   48   7  62  70  46  48  21  24  20  49  46  83  26   5  30  27  25  49
   53  46  49  47  80  52  17  96  69  83  72  19  23  62  24  40  60  91
   26   5  48  99   1  78  29   4  75   6  33  15  77  23  64  54  84  83
    1  31  61  79  20  91  99  28  85  11  53  35  85  44  99  18 100  18
   41  29  67  90  11  58  96  88  36 100  35  31  53  23  84   5  36  50
   50  80  53  71  31  63  27  94   2  29  56  74  84  87  65  21  81  39
   14  70  17  46  75   9  73  58  12  37  28  35  76  31  55  92  66  17
   90  88  76  52  71  76  79  11  76  44  37  39  45  93  23  17  95  83
   27  55  12  25  57  32  29]
 [  0  32  76  56  19  95  77   8  67  39  75  19  17  25  73  42  44  13
   60  63  92  72  56  91  73  65  38   1 100  83  72  68   1  20  79  74
   66  59  85  68  22  49  20  86  53  56  25  60  23  21  30  12  66  53
    2  43  68  86  28  75  63  61  19  42  52  38  10  56  92  93  63  42
   20  20  91  49  79  51  69  15  80  18  63  37  31  11  28  27  51  58
    3  95  60  13  72  13  74   7  84  57  97  39  87  42   9  44  23  93
   75  41  69  77  76  52  40  40  26  55 100   9  57  91   8  87   9  59
   40  41  50  87   3  80  72  71  58  58  77   5  57  31  59  47  40   9
   28  72  95   1  81  94  66  13  72  26  41  92  14  82  23  96  94  39
   58   4  12  69  32  18   5  59  55  31  90  44  16  25  77  79  81  44
   38  51  94  45   8  67  47  14  55  40  98  57  91  90  54  83  10  12
   57  21   6  43  58  29  60  53  90 100  28  30  41  20  30  38  59  91
    4  75  63  96  62  88  70  46  36  65   8  29  13  15  33  26  90  20
   21  31   1  27  14  51  24]
 [  0  78  45  46   7  91  51  63  87  42  15  94   3  87  95  21  31  73
   15  12  88  88  31  17  11  44  35  51  48  79  75  89  93 100   2  83
   83  20   6  56  27  53  92   6  78  97  97  65  50  36  15   4  80  88
   97   2  48  42  57  78  39  40  90  43   1  32  16  79  44  74   8  68
   26  88  56  26  24  77  92  85  39  72  18  83  91  91  31  90  62  48
   14   7  47  93  82  90  40  13  97  71  14  46  11  37  27  30   8  93
   36  90  75  24  92  78   4  73  59  74  65   9  79  48  69  23  77  30
    2  70  89  46  56  21  37  13  17  19  47  12  32  10  36  12  51   3
   77  57   5  20  57  56  26  91  52  91  91  85  13  49  74   6  16   9
   81  24  73  19  50  89  55  96  19  71  23  97  61  39  85  21  36  65
   58  26  73  62  57  36  11  54  83  96  10  88  32  30  63  49  51  78
   13  41   8  94  68  10  30   8  86  22  56  14  87  78  85  10  22  32
   99  85  50  11  93  65  39  11  82  28  81  53  77   6  71  32  92  40
   74  19  43  72  75  16  34]
 [  0  34  78  24  56  77  79  23  89  12  61   6  28  21  13  53  68  63
   52  44  57  62  65  78  11  65  52  19  40  62  58  10  98  16   9   6
   73  21  21  56   8  66  56   2  46  49  64  92  48  83  10  20  77   7
   20   5  18  44  95  21  93  63  63  42  38   1  73  25  61  14  64  37
  100  31   4  68  57   8  66  63  91  90  27  80  99  63  13   3  35   6
   86  59  81  67  32  36  12  39  87  85  21  64   1  20  79  93  68  96
   63  83  73  74  51  37  30  25  25  68  12  12  37  61  68  83  30  39
   97  55  89  33  31  53  30  15  27  45  78  42  26  55  65  64  83  91
   56  34  36  18  46  94  36  81  84  32   9  18  81  19  94  21  41  76
   30  88  35  83  37  22  87  49  63  77  21  97  40  78  61  46  96  81
   51  98  89  88  75  72  81  14  77  67  95  20  45  65  89   9   4  89
   32  13  71   1  10  74 100  34  62  51  19  12   7  79   8  98  57  51
   97  89  30  42  21  59  46  12  48  41  16  59  70  54  34  14  64  36
   61  77   4   4  77  42  79]
 [  0  18  18  40  84  83  67  53  16  72  29  71  62  31  10  91  93  22
   25  58  78  67  35  97  36  59  96  45  29  18  84  12 100  69  83  43
   68  10  79  48  55  24  32  29   4   7  39  47  49  67  49  63  12  38
   13  38  50  39  44  22  14  82  13  25  13   6  36  40   9  15  17  86
   95  45  17   5  56  30  80  13  45  83  39  61  23  79  12  76  13  96
   55  88  27  36  11  20  71  93  84  36  97  78  93   1  45  63  53  16
   30  95  66  60  24  10  80  69  46  98  11  76  23  20  79  16  23  51
   14  72  51   3 100  92  20  33   4  59  14  41  52  12  69  41  38   6
   38  15  63  76  55  86  12  32  27  80  69  21 100  90  60  99   3  69
   17  99  12  78  51  26  57  86  18  36  67  14  45  79  74   4   6  14
   37  23  82  93  19  39  12  43  45  41  79  55  21  99  76  56  13  72
   59  14  67 100  26  46  44  73  34  50  93  28  47  79  78  36  43  96
    1  35  61  34  92  33  44  21  96  51  94  58  99  21  34  23   3  51
    6  51  56  58  23  75  56]
 [  0  25  40  33  95  78  92  45  78  11  19  73  23  78  90  54  74  11
   33   6 100  21  97  63  97  35  93  95  36  82  15  32  38  82  62  51
   75  51   5  93  53   5  41  76  92  50  38  43  34  77   8   7  13  72
   99  66  39  87  77  89  36  78  60  65  94  91   1  59   8  91  81  10
   88  84  69  54  52  29  36  43  16  31  87  93  64  96  92  95  13  76
   30  82  82  81  83  40  31   7  63  87  57  15 100  31  67  16  23  69
    7  51 100  11   7  13  30  79  49  13  25  60  62  86  36  40  13   6
   40  36  35   7  24  49  77  28   7  30  56  16  69  83  68  82  54  23
   89  15  40  42  48  29  80  88  96  19  89  38  73  95  45  31  76  71
   19  31  80  35  27   8  59  25  93  53  63  97  38  78  20  51  88   2
   81  43  15  38  18  44  61  47  63  55  27  48  35  67  44  15  22  16
   73  83  76   2  27  20  80  82  46  96   6  47  47  50  46  98  75  55
   20  70  30  49  80  71  37  68  27  46  70  82  62  33  33  27  93  58
   23  57  44  64  40  55  96]
 [  0   3  77  29  48 100  89  14  77  13  73  73  65  27  32  70  25  13
   85  24  57  29  46  45  36  96  19  76  91   8  70  82  78  41  57  10
   37  72  68   9  12  58  41  39  34  35  43 100  62  93  29  94  17  36
   59  57  49  89  93  74  57  90  69  25  84  69  16  20  23  86  65  22
   34  65   3  41  75  26  79  67  27   4  32  56  60  37  75  57  67  97
   83  81  26  19  81  39  59  56   4  43  18  94  48  79  70  83   5  90
   10  73   9  17  12  64  71  99  23   5  30  63  94  35  71  56  24  37
   75  82  37  70  67  18  40  95  57  11  82  85  48  17  51  77  54  93
   53  42   5  29  67  33  97  42  81  92  71  29  15  91  85  76  75  97
   79  31  79  98  23  97  26  93  43  34  96  83  42  17  11  14  14  66
    7  72  92  50  72  64  46  17  46  33  85  53  88  69  18  77  65  49
   65  96  94  84  28  14  39  47  40  22  25  99  61  98  27  39  52  15
   17  11   7  37  54  11  79  63  60  16  57  18  83  12  44  57  54   3
   17  81  91  31  41  94  14]
 [  0  25  46  70  74  82  90  21  40  28  98  41  40  27  25  81  70  29
   51   7  91  71  71  33  98   7  90  78  76  67  67  82  83  94  52  82
   90  71  49  97   7  45  32  46  35  76  92  75  24  85  55  15  57  71
    6   5  94  61  68  50  14  36   7  38  96  41  57  63  10   1   4  57
   84  21  65  28  62  72  53  63  83  79  32  78  41  73  26  82   5   9
   16  46   3  55  12  23  71  49  90  94  44  95  16  77  57  42  71  61
   75  76  72  74   3  77  91  33  96  65  73  16  19  25  45  73  77  95
    8  95  52  98  64  30  26  95  74  79  27   2  44  53  52  13  81  41
   59   5  97  68  37  17  98  56  27  81  50  76  23   5  45  67  38  62
   35  53  42  19  43  22  81   7  17  37  78  65  55  75  14  68  98  31
   65  90  36  71  85  90  54  15  69  47  90  58  94  55  97  50  75  31
   44  59  80  24  78  91  42  92  40  90  30  47  75  24  78  18  77   6
   35  72  54  13  97  50  14  23  54  43   4  66  52  59  37  53  59   9
   27  95  85  22  66  26  10]
 [  0  98  61  20   7  12  41  84  30  77  73  91  27  19  93  78  15  70
   15   5  17  23  50  45  19  94  42  56  78  55  41  20  83  56  23  23
   28  26  41  58  49  12  96  80  83  73  20  16  93  14  60  20  40  87
   42  63  54  58  65  99   8  38  12  55  74  12  60  91  68  58  82  90
   37  96   5  79  16 100  28  19  37  41  75  84  16  83  16  45 100  97
   41  82  55  90 100  35  52  85  37   5  18  57  57  82  82  77  40  38
   95   7  58  48   8  56  55  63  50 100   3  67  31  63  96  98  38  33
  100  53  59  23  98  18  28   1  31  76  93  70  31  82  97  12  39 100
   46  88  41   3  41  56  51  58  18  18  97  52  92  72  64  91  93  50
   28  51  61  48  40  38  96  98  59  52  38  82  76  97  55  52  45 100
   18  48  42  18   5  57  75   2   1  54  60  39  81  69  41  50  71  95
   84  63  15  74  97  55   3  89  91  76   5  42  65  34  34  74  58  72
   56  88  82  32  45  16  60  37  82  98  83  45  98  69  52  18  12  73
   55  93  15  13   3  83  92]
 [  0  19  38  78   8  57  65  78  39  20  93  90  13  60  69   4  61  53
   91  64  64  43  24  40   8  24  93  45  78  18  18  82  13  69  56  11
   28  54  24  30  42  98   7  80  83  48  81  30  74  89  44  36  82  50
   75  61  31  67  76  55  27  77  54  25  96  44  14  42  68  33  63  43
   89  32  69  37  98  54  86  88  39  19  21  91  69  53  14  94  35  38
   93  64 100  26  96  79  99   4  96  66  77  15  51  56  46  99  70  99
   39  11  20  79  25  77   8  25  69  18  83  82  74  15  89  75  37  17
   17 100  94  76  56  30  67  66  62  53   2   5  13  25  36  22  24  27
    7   4  47  89  15  62  47  93  43  48  78  71  51  86  77  36  96  33
   10  87  81  27  13  87  46  64  36  24  67  65  73  90  79  68   8  14
   90  93  23   6  38   9  47  96   2  93  61  53  80  75  46  14  94  95
   82  73   2  54  89  47  51   8  62  94  51  71  65  25  20  48  15  32
   48   3  24  36  51  66  71  53  61   6  59  82  17  10  49  30  45  86
   15  93  75  75 100  65  63]
 [  0  33   6  52   9   1  64  54  57  12  23  11  42  97   9  77  12  67
   83  50  21   9  11  49  42  64  93  18  66  97  62  70  33  13  31  42
   67  23   8  44  67  26  54  79  52  12  28  50  34  29  65  60   8  90
   30  96  20  47  78  27  86  57   4  36  30  34  21  19   6  97  55  39
   62  88  94  25  81  80  96  33  61  23  95  61  30   4  85  37  44  29
   83  98   6  15  59  67   4  50   7  17  24  60  88  22  29  23  68  20
   99   6  30  77  84  49  11  50  90  22  49  47  99  26  82  86  80  98
   14  41  19  23  12  78  60  49  83  59  35  32   1  59  57  57  16  29
   36  96  53   2   6  53  53  65  44  45   5  11  67  88  68  61  42  21
   91  76  11  96  63  44  87  19  14  59  83  52  70   8  66  29  95  78
   79  12  65  64  63  44  70  17  38  95  31  83  90  42  14  44  65   3
   88  76  92  19  39  98  82   2  83  57  37   4  82  47  72   1  68  40
   94  80  67  19   1  34  18  95  15  10  40  85  76  38  67  81   5  22
   91  40  30  31  11  42  16]
 [  0  77  67  99  18  81  13  49  26  18  63  55  86  23  38   3  85  70
    7  44  55  45   3  65  31   4  20  31  69  45  24  54  85  67  28  84
   84  35  24  99  71  31  76  50  35  90  22  40  29  22  44  63  82  15
   65  55  59  24  71  84  24  73   7  78  84  96  49  77  95 100   6  86
   32  77  23   9   5  46  85  33  94  57  56  45  97   3  70  47  49   2
   80  42   9  34  73  81  78  12  55  56  56  33  18   7  39  76  14  87
   78  13  54  68  96  22  21  11  17  36  28  58  33  36  32  21  26  76
   91  44  77  37  64   8  64  16  62  29  16  41   4  36  41  32  73  24
   75  34   5  63  45  58  87   7  76  18  47  92  34  46  28  59  24  35
   31  30  73  85  45  45  13  70  66  33  23  56  79  33   2  38  13  64
   92   3  19  55  24  41  20  12  98  40  72  98  18  31  66  71  94  34
   49  32  58  63  37  45  70   2  19  66  22  47  11  70  64  79  58  59
   96  13 100  55  19  70  59  50  30  85  61  67  64  57  93  85  81  74
   72   2  34  79  51  22  42]
 [  0  82  77  94  45  64  79  15  67  85  32  18  88  32  69  55  22  12
   36  44  16  75  14  10  14  19  20   4   9  14  86  61  40  47  50  24
   19  28  72  95  65  94  55  95  82  86  44  53  35   4  25  47  82   3
    2  27  50  65  78  74  39  98  73  52  75  68  65  82  82  34  15  31
    7   1  12  19  93   8  29  13  74  52  76  76  78  35  15  83  45  83
    8  23  55  56  81  95  72  47  88  33  45  98  37  56  24  75  98   2
   45   4  90  39  58  70  96  99  68  86  84  89  20  96  48  40  24  38
   63  79  32  13  79  62  48  61  65  89  95  73 100  22  51  68  68  33
   30  48   2  25  88  68  72  18  24  89  30  56  48  47  72  75  13  47
   40  26  94  95  29  36  95  23  25  71   1   6  18  78   6  56  43   3
   60  50  75  60  55  94  98  19  43   2  56  99   6  78  15  85  68  18
   83  92  19  26  59  50   3  80   3  10  93  88  60  65  84   4   7   2
   88  11  10  83   8  23  35  11  60  39  86  76  39  99  90  71  14   5
   56  52   4   9  59  74  62]]
 setup_times
 [[[ 0 42 54 37 31 38 36 42 35 37 52 43 52]
  [ 0  0 31 52 44 46 40 38 52 47 38 47 30]
  [ 0 49  0 33 56 59 41 53 37 34 39 49 50]
  [ 0 50 54  0 48 53 33 35 39 43 31 32 40]
  [ 0 47 58 46  0 41 49 50 44 46 30 41 59]
  [ 0 43 50 57 58  0 55 57 48 56 38 42 37]
  [ 0 30 32 36 42 35  0 31 32 32 41 35 50]
  [ 0 32 44 42 51 37 51  0 35 58 51 47 36]
  [ 0 54 52 31 30 45 49 50  0 55 30 37 46]
  [ 0 32 57 55 36 56 41 44 31  0 49 34 37]
  [ 0 47 31 30 43 48 30 54 57 40  0 54 58]
  [ 0 54 39 38 35 36 36 52 42 31 55  0 40]
  [ 0 50 32 43 35 50 42 52 36 52 37 39  0]]

 [[ 0 58 55 53 41 31 34 42 47 43 50 41 52]
  [ 0  0 43 43 39 56 53 50 55 38 51 52 35]
  [ 0 32  0 37 52 33 50 33 58 39 47 42 54]
  [ 0 55 44  0 50 47 54 55 49 44 51 45 37]
  [ 0 57 48 41  0 51 46 57 33 35 30 31 45]
  [ 0 44 55 57 40  0 45 58 36 40 58 36 45]
  [ 0 30 52 32 35 53  0 41 48 59 47 52 44]
  [ 0 49 50 44 58 49 37  0 43 45 54 50 56]
  [ 0 53 56 42 45 57 31 30  0 47 56 43 35]
  [ 0 43 40 34 58 36 30 39 35  0 43 42 41]
  [ 0 55 57 39 51 53 39 45 35 51  0 58 38]
  [ 0 41 58 58 53 36 51 48 47 56 55  0 43]
  [ 0 48 58 39 32 51 55 48 33 32 44 32  0]]

 [[ 0 36 47 41 38 52 39 39 49 30 51 58 51]
  [ 0  0 46 54 52 45 52 52 56 35 34 49 36]
  [ 0 57  0 41 46 31 57 58 42 59 45 40 51]
  [ 0 31 34  0 37 49 51 58 53 58 46 39 44]
  [ 0 40 41 54  0 58 58 32 36 57 30 37 43]
  [ 0 53 58 48 50  0 42 34 55 32 40 48 38]
  [ 0 33 54 40 53 48  0 35 50 51 33 51 54]
  [ 0 33 55 54 39 36 41  0 33 40 58 36 33]
  [ 0 44 48 48 51 47 41 51  0 46 45 37 39]
  [ 0 38 50 34 55 46 50 40 39  0 50 51 38]
  [ 0 39 58 42 55 59 44 59 55 58  0 55 50]
  [ 0 52 50 37 38 38 52 38 49 50 33  0 35]
  [ 0 30 48 30 52 32 46 43 44 38 41 36  0]]

 [[ 0 33 34 43 56 54 38 55 47 35 47 46 38]
  [ 0  0 39 47 46 35 33 56 43 45 35 47 56]
  [ 0 30  0 44 55 38 52 53 50 30 50 58 50]
  [ 0 47 52  0 36 44 39 49 55 36 59 51 51]
  [ 0 58 56 47  0 52 57 53 38 54 36 31 42]
  [ 0 47 42 57 58  0 38 47 39 55 45 32 41]
  [ 0 53 35 45 43 45  0 44 38 43 38 36 49]
  [ 0 48 38 31 46 36 44  0 51 32 59 32 31]
  [ 0 32 51 55 44 49 54 39  0 44 43 36 41]
  [ 0 38 40 50 42 36 34 51 36  0 44 44 53]
  [ 0 31 41 53 48 33 47 43 41 35  0 39 34]
  [ 0 53 30 32 44 47 59 48 38 42 32  0 58]
  [ 0 48 59 36 42 55 37 31 38 59 48 56  0]]

 [[ 0 38 36 58 48 56 34 38 47 54 46 41 56]
  [ 0  0 56 41 36 41 41 37 42 48 41 31 50]
  [ 0 59  0 52 30 51 40 36 58 50 42 50 58]
  [ 0 34 39  0 37 45 44 57 45 43 58 57 51]
  [ 0 51 30 58  0 55 47 53 58 31 58 46 32]
  [ 0 58 32 45 31  0 34 30 43 51 58 34 45]
  [ 0 46 43 43 45 41  0 32 46 33 59 59 47]
  [ 0 45 53 58 39 38 43  0 49 31 50 43 41]
  [ 0 33 38 36 54 48 34 38  0 52 44 45 37]
  [ 0 44 41 57 52 34 46 53 44  0 47 59 42]
  [ 0 46 55 47 36 40 39 51 34 48  0 44 34]
  [ 0 49 42 44 45 51 53 30 56 50 47  0 47]
  [ 0 47 58 53 54 42 34 57 56 46 57 42  0]]

 [[ 0 50 54 32 56 58 43 34 47 50 38 43 40]
  [ 0  0 34 52 49 48 40 50 52 45 36 52 52]
  [ 0 45  0 57 53 41 39 58 58 59 30 56 31]
  [ 0 38 31  0 58 55 44 56 50 58 45 45 46]
  [ 0 51 43 34  0 36 53 34 47 55 32 52 33]
  [ 0 46 44 55 38  0 40 50 55 34 49 39 40]
  [ 0 38 46 59 54 45  0 39 33 53 53 39 42]
  [ 0 56 33 56 55 33 38  0 39 53 51 55 54]
  [ 0 55 55 59 43 59 34 34  0 32 41 45 50]
  [ 0 50 42 59 46 43 33 30 59  0 42 35 55]
  [ 0 41 43 52 37 51 31 56 49 37  0 44 47]
  [ 0 58 56 53 50 36 40 44 41 44 35  0 57]
  [ 0 53 38 32 54 48 39 31 48 36 30 48  0]]

 [[ 0 34 30 57 56 43 31 36 51 33 32 41 41]
  [ 0  0 55 51 42 53 50 39 56 39 43 35 55]
  [ 0 52  0 56 56 37 33 51 40 35 41 47 34]
  [ 0 35 42  0 49 56 30 41 54 36 39 50 51]
  [ 0 57 31 50  0 46 47 57 50 50 36 30 34]
  [ 0 34 38 44 59  0 56 30 47 33 46 45 45]
  [ 0 33 49 36 43 50  0 37 34 36 43 40 38]
  [ 0 35 48 50 46 58 41  0 45 30 38 33 56]
  [ 0 55 37 31 56 55 30 52  0 41 44 43 54]
  [ 0 30 59 43 52 42 53 40 44  0 59 48 35]
  [ 0 32 58 41 53 49 40 39 34 39  0 36 36]
  [ 0 53 39 32 51 56 35 55 55 36 57  0 31]
  [ 0 45 48 34 42 49 40 52 38 49 44 48  0]]

 [[ 0 39 32 46 46 49 43 45 37 52 45 49 56]
  [ 0  0 33 33 39 46 54 58 31 51 34 52 57]
  [ 0 57  0 50 30 53 36 59 46 44 32 37 51]
  [ 0 50 40  0 31 44 41 32 55 42 59 35 42]
  [ 0 37 45 35  0 34 58 43 55 42 56 40 47]
  [ 0 45 52 50 53  0 36 56 46 48 49 49 46]
  [ 0 34 58 46 36 52  0 34 44 46 53 58 41]
  [ 0 31 36 44 45 50 38  0 56 39 56 37 59]
  [ 0 56 41 33 53 30 50 36  0 33 37 59 30]
  [ 0 36 54 35 59 59 41 30 31  0 39 47 58]
  [ 0 45 50 58 54 56 55 39 30 59  0 52 49]
  [ 0 43 46 52 51 44 35 51 32 40 30  0 53]
  [ 0 58 59 42 53 37 49 30 41 56 54 50  0]]

 [[ 0 50 46 52 38 32 44 34 50 53 54 50 32]
  [ 0  0 32 38 45 35 31 45 39 56 32 57 39]
  [ 0 48  0 43 57 46 42 38 44 42 36 45 45]
  [ 0 43 49  0 38 48 33 56 39 44 42 49 56]
  [ 0 59 39 45  0 49 52 45 41 42 47 47 43]
  [ 0 40 54 36 31  0 42 41 56 57 49 57 59]
  [ 0 41 49 38 36 45  0 33 52 45 55 51 53]
  [ 0 30 52 58 30 30 45  0 31 35 36 34 55]
  [ 0 43 59 54 38 37 58 55  0 43 41 39 34]
  [ 0 39 32 44 47 32 48 30 55  0 34 53 58]
  [ 0 40 59 32 38 47 46 50 41 52  0 32 55]
  [ 0 51 37 59 35 58 43 50 32 30 57  0 37]
  [ 0 44 57 49 46 53 47 47 42 59 59 52  0]]

 [[ 0 43 55 54 37 53 44 51 35 41 41 45 56]
  [ 0  0 52 55 47 58 35 30 52 48 58 59 56]
  [ 0 42  0 41 34 40 53 30 45 52 39 51 36]
  [ 0 31 53  0 57 35 53 57 49 50 31 33 36]
  [ 0 51 48 55  0 52 31 59 32 34 41 31 36]
  [ 0 35 53 53 52  0 30 52 45 54 56 45 45]
  [ 0 54 42 32 42 33  0 44 50 58 56 43 32]
  [ 0 33 38 48 57 33 37  0 32 49 38 42 42]
  [ 0 46 44 47 47 54 31 53  0 49 44 55 45]
  [ 0 43 46 39 37 56 50 45 39  0 51 39 58]
  [ 0 33 40 52 48 54 58 31 33 40  0 46 49]
  [ 0 54 38 34 36 50 50 34 36 40 47  0 51]
  [ 0 39 38 55 47 46 50 45 47 42 31 46  0]]

 [[ 0 32 39 30 55 31 34 42 45 44 58 49 32]
  [ 0  0 31 36 40 48 44 34 36 57 41 47 32]
  [ 0 31  0 48 42 30 41 45 55 44 51 53 30]
  [ 0 53 40  0 38 48 46 39 47 31 50 45 43]
  [ 0 35 44 36  0 47 48 56 37 55 31 58 49]
  [ 0 48 37 34 31  0 57 38 57 52 38 42 57]
  [ 0 38 42 55 58 36  0 59 32 43 38 51 34]
  [ 0 45 49 48 36 55 37  0 59 48 35 36 31]
  [ 0 59 40 32 39 40 52 40  0 45 41 54 38]
  [ 0 35 42 50 39 30 33 58 53  0 41 51 39]
  [ 0 36 35 39 59 42 35 42 48 39  0 48 35]
  [ 0 56 34 54 33 44 56 35 48 59 30  0 36]
  [ 0 43 37 58 35 45 46 59 58 56 38 40  0]]

 [[ 0 49 58 59 55 33 59 32 47 53 33 50 53]
  [ 0  0 53 51 43 32 49 45 59 42 45 32 57]
  [ 0 30  0 59 58 40 56 53 35 46 48 33 33]
  [ 0 54 59  0 52 35 45 40 58 57 47 53 56]
  [ 0 58 46 59  0 38 58 56 51 52 34 45 53]
  [ 0 38 57 36 57  0 49 59 59 30 45 55 53]
  [ 0 31 42 52 48 45  0 39 47 45 40 37 30]
  [ 0 45 49 57 48 41 37  0 33 55 43 54 32]
  [ 0 52 58 44 44 39 36 51  0 51 31 37 32]
  [ 0 41 50 44 59 34 59 31 57  0 43 58 33]
  [ 0 38 40 48 52 55 58 43 55 38  0 49 36]
  [ 0 44 55 36 36 35 36 41 39 56 31  0 38]
  [ 0 51 56 51 32 55 44 35 57 54 36 43  0]]

 [[ 0 30 51 55 31 37 38 38 34 44 53 33 49]
  [ 0  0 54 53 36 37 53 45 52 53 41 47 31]
  [ 0 54  0 33 49 33 31 53 48 47 40 44 59]
  [ 0 48 56  0 50 47 44 54 30 41 58 59 47]
  [ 0 47 44 47  0 40 53 48 37 47 44 51 59]
  [ 0 49 56 35 48  0 53 41 56 41 50 52 48]
  [ 0 33 52 48 40 44  0 31 55 45 44 48 52]
  [ 0 47 35 54 31 31 47  0 40 30 38 46 53]
  [ 0 39 30 41 36 41 53 45  0 56 31 49 47]
  [ 0 58 33 54 35 34 42 45 41  0 32 35 41]
  [ 0 55 47 56 59 40 36 47 52 49  0 43 48]
  [ 0 49 54 30 56 41 47 56 37 36 32  0 36]
  [ 0 30 56 39 57 30 41 34 38 45 51 42  0]]

 [[ 0 36 34 55 54 57 35 33 40 49 42 59 48]
  [ 0  0 33 41 36 47 48 36 35 55 48 37 55]
  [ 0 38  0 52 56 52 43 45 55 35 55 58 34]
  [ 0 53 46  0 31 34 40 30 52 54 59 36 57]
  [ 0 45 43 59  0 45 49 54 47 34 48 56 34]
  [ 0 41 54 41 47  0 30 56 31 30 56 52 51]
  [ 0 59 59 31 46 46  0 59 32 47 55 45 35]
  [ 0 57 42 59 38 34 37  0 42 47 46 40 59]
  [ 0 56 47 35 36 44 55 54  0 39 56 32 52]
  [ 0 47 47 45 54 33 47 54 49  0 48 56 45]
  [ 0 52 48 30 42 51 52 47 40 55  0 40 43]
  [ 0 37 42 36 49 47 50 52 50 31 39  0 46]
  [ 0 35 46 49 34 58 54 58 31 40 33 48  0]]

 [[ 0 49 33 54 36 46 43 39 54 30 40 39 32]
  [ 0  0 54 48 36 46 36 38 42 34 48 57 50]
  [ 0 31  0 30 58 49 36 33 42 44 37 56 51]
  [ 0 37 47  0 54 58 34 38 39 58 33 59 30]
  [ 0 39 51 45  0 31 55 54 53 44 44 58 47]
  [ 0 46 51 58 46  0 33 31 41 30 37 30 59]
  [ 0 56 46 31 47 31  0 51 40 59 50 45 36]
  [ 0 40 47 53 34 55 53  0 57 43 38 36 57]
  [ 0 39 58 41 59 43 49 53  0 43 48 50 44]
  [ 0 32 59 46 36 40 36 30 30  0 32 54 31]
  [ 0 51 38 51 43 58 49 55 57 47  0 58 48]
  [ 0 51 32 41 31 52 47 55 47 47 57  0 59]
  [ 0 57 31 40 48 30 45 42 50 45 53 30  0]]

 [[ 0 46 36 39 44 40 54 33 58 33 52 42 35]
  [ 0  0 30 58 36 38 47 52 42 36 31 43 32]
  [ 0 52  0 43 54 37 57 57 30 35 49 45 51]
  [ 0 30 32  0 56 52 50 47 58 58 50 59 48]
  [ 0 43 37 39  0 33 54 34 37 47 56 44 54]
  [ 0 42 55 41 34  0 32 43 37 58 37 32 43]
  [ 0 52 55 40 56 49  0 56 44 34 43 56 34]
  [ 0 59 57 57 32 30 47  0 53 39 59 54 41]
  [ 0 35 30 36 52 38 43 47  0 43 38 30 32]
  [ 0 39 55 38 35 30 57 37 41  0 35 55 30]
  [ 0 44 42 53 35 55 33 54 44 45  0 49 51]
  [ 0 32 49 59 50 47 46 42 47 43 47  0 59]
  [ 0 38 31 55 49 31 55 59 52 40 45 57  0]]

 [[ 0 55 48 37 37 35 52 50 59 37 36 44 57]
  [ 0  0 47 51 31 32 53 32 58 57 59 38 44]
  [ 0 31  0 36 39 48 49 31 31 42 58 30 45]
  [ 0 49 49  0 39 51 30 43 57 51 38 43 39]
  [ 0 51 54 49  0 32 41 56 49 52 38 41 44]
  [ 0 45 32 34 32  0 39 34 44 45 51 40 39]
  [ 0 58 53 34 32 45  0 40 46 54 44 57 40]
  [ 0 38 53 39 35 47 36  0 30 42 59 59 36]
  [ 0 39 31 33 56 45 59 55  0 59 58 46 40]
  [ 0 46 32 42 54 55 36 43 31  0 45 30 32]
  [ 0 33 50 59 39 47 36 35 54 43  0 59 33]
  [ 0 39 55 38 31 33 52 55 59 46 55  0 34]
  [ 0 32 51 37 30 43 54 55 56 38 53 54  0]]

 [[ 0 30 41 53 49 51 59 57 39 57 37 37 48]
  [ 0  0 32 54 39 34 49 50 41 39 52 57 57]
  [ 0 42  0 30 30 32 49 53 36 37 38 32 49]
  [ 0 54 32  0 47 39 52 46 56 39 31 30 43]
  [ 0 54 32 47  0 33 31 51 53 47 50 31 58]
  [ 0 48 31 45 52  0 41 30 59 58 46 35 51]
  [ 0 47 39 41 56 59  0 57 31 41 56 50 33]
  [ 0 32 56 42 58 40 55  0 32 47 56 39 33]
  [ 0 40 50 48 59 40 52 59  0 47 40 30 53]
  [ 0 49 52 34 45 34 34 41 38  0 45 31 51]
  [ 0 50 41 42 32 58 41 59 59 34  0 50 53]
  [ 0 41 51 37 43 30 58 49 44 50 31  0 36]
  [ 0 43 43 56 31 37 58 42 44 35 39 31  0]]

 [[ 0 47 30 51 58 48 52 31 37 46 39 48 58]
  [ 0  0 43 42 43 44 30 55 45 56 50 51 54]
  [ 0 48  0 31 54 48 40 32 40 43 30 54 45]
  [ 0 55 49  0 47 39 39 42 43 45 31 45 59]
  [ 0 46 32 39  0 37 59 43 43 51 33 35 32]
  [ 0 49 37 50 42  0 38 36 53 53 46 48 37]
  [ 0 39 39 49 45 52  0 48 53 41 32 50 34]
  [ 0 54 57 37 38 32 36  0 30 34 45 32 58]
  [ 0 33 48 42 57 48 34 33  0 37 54 34 38]
  [ 0 56 44 37 56 31 39 33 39  0 33 46 49]
  [ 0 49 54 51 45 46 47 44 51 41  0 50 40]
  [ 0 38 44 55 54 51 35 55 43 37 58  0 31]
  [ 0 36 30 50 43 59 38 45 58 48 38 38  0]]

 [[ 0 42 31 50 39 34 45 58 43 51 47 34 57]
  [ 0  0 45 49 42 51 57 44 43 41 58 54 36]
  [ 0 32  0 46 34 46 33 35 43 38 53 46 31]
  [ 0 46 54  0 52 47 44 37 41 51 59 36 55]
  [ 0 44 59 45  0 43 53 39 30 30 51 45 51]
  [ 0 30 52 39 30  0 38 55 49 38 54 56 45]
  [ 0 44 57 37 48 39  0 47 52 35 57 35 32]
  [ 0 57 38 37 54 52 42  0 32 55 43 53 47]
  [ 0 55 39 49 58 53 46 30  0 56 51 54 50]
  [ 0 54 49 34 40 33 30 47 41  0 48 39 34]
  [ 0 45 56 43 37 45 57 38 39 36  0 42 45]
  [ 0 46 56 42 56 57 52 52 52 49 47  0 47]
  [ 0 41 34 46 33 45 57 58 45 38 34 42  0]]]
 delivery_times
 [[  0 110 193 177 106 184 130 137 125 142 150 193 137 137 101 173 142 186
  174 110 120 185 171 196 165 155 138 171 151 122 184 142 176 196 101 101
  195 163 141 113 180 133 171 125 147 130 161 161 141 121 105 149 146 106
  146 142 126 130 161 127 168 143 186 175 132 157 126 157 114 155 142 133
  185 161 183 194 130 181 163 193 144 180 129 116 120 103 140 142 101 139
  197 177 108 109 111 123 152 149 100 108 153 107 194 198 168 152 133 114
  127 149 161 174 166 129 124 172 166 179 158 195 112 115 100 173 171 192
  199 108 116 160 137 177 106 195 117 103 130 146 158 179 192 184 195 159
  163 168 104 180 137 130 110 185 145 148 115 175 154 124 182 181 137 194
  127 102 178 116 197 157 152 143 146 138 152 122 175 188 122 133 181 132
  195 168 116 125 100 120 165 198 126 130 175 192 176 190 123 162 185 119
  110 177 100 152 193 170 103 101 198 145 105 143 123 149 109 183 105 128
  166 112 105 121 186 193 183 186 192 161 139 134 133 179 100 125 172 179
  171 166 101 144 119 133 133]
 [  0 103 149 183 155 196 184 176 143 185 174 136 186 172 178 112 167 173
  106 153 172 184 194 190 100 160 140 112 125 102 187 175 142 198 156 147
  171 126 194 164 119 118 118 191 158 183 197 126 181 136 189 110 143 110
  140 130 122 150 175 165 103 108 130 119 178 109 124 173 120 186 112 188
  121 180 198 147 119 128 108 130 108 115 184 167 105 106 155 181 194 146
  168 170 160 170 105 183 186 162 132 101 125 151 141 177 112 112 193 135
  125 176 140 126 187 108 182 124 149 161 187 122 105 156 182 193 121 166
  157 196 146 190 165 145 181 165 102 155 192 162 109 118 181 145 147 109
  197 145 154 150 141 175 132 115 169 128 145 190 136 161 195 113 169 105
  113 158 152 134 117 124 150 173 194 108 167 193 173 115 110 147 176 151
  110 148 186 106 170 182 191 151 110 102 149 101 151 119 188 182 141 154
  164 148 174 189 169 192 167 113 158 118 141 167 131 166 126 103 174 196
  192 172 181 173 141 106 199 191 119 181 190 166 131 138 147 192 186 146
  101 190 180 194 153 133 141]
 [  0 187 177 158 191 106 115 120 130 178 148 196 159 118 151 165 130 108
  131 165 140 160 106 165 167 197 119 138 160 112 127 116 116 109 180 114
  163 155 174 155 134 176 168 176 176 108 168 172 144 111 184 171 141 165
  124 136 115 156 173 122 106 166 186 191 104 171 178 183 109 113 103 175
  170 193 178 122 106 140 177 125 123 156 127 137 162 198 171 140 187 185
  139 113 143 120 140 126 112 135 125 105 181 157 189 198 124 106 109 188
  181 190 110 124 150 190 182 137 121 101 153 118 122 101 104 133 182 130
  176 178 115 196 109 107 119 101 132 102 152 162 185 129 126 123 139 165
  142 193 110 138 126 101 126 102 191 175 195 172 187 123 122 163 158 130
  151 123 186 189 156 187 108 187 142 139 142 194 156 115 181 112 182 151
  132 199 167 134 156 198 186 161 177 138 185 112 146 157 123 136 185 144
  154 170 177 102 194 183 181 108 190 167 102 145 196 151 115 133 127 178
  161 144 189 127 146 120 198 199 123 110 116 143 115 186 173 162 128 189
  136 148 151 114 152 105 175]
 [  0 151 192 174 156 137 136 109 164 193 127 103 169 112 164 164 135 179
  169 167 183 110 135 151 116 179 137 170 125 199 133 115 175 192 164 113
  171 180 186 128 185 130 189 151 193 143 114 140 132 165 143 119 166 176
  198 124 128 177 184 136 120 121 177 133 122 149 133 128 143 113 150 119
  163 159 132 137 140 134 123 199 125 151 115 189 155 121 155 158 146 178
  102 114 138 144 149 144 122 133 129 192 149 148 196 111 181 102 185 161
  184 117 189 153 124 141 154 120 102 102 182 123 119 147 108 157 169 155
  111 189 110 126 116 128 172 151 136 183 121 175 143 115 101 190 124 106
  155 199 168 156 127 155 118 179 159 188 138 144 178 116 147 191 114 178
  193 181 189 189 115 182 140 174 157 166 135 105 174 108 143 116 149 105
  111 196 163 109 178 124 162 113 130 143 159 131 135 102 192 171 134 165
  158 162 166 159 172 140 141 164 177 187 169 106 101 105 193 104 114 194
  172 184 137 104 178 124 187 181 140 139 127 102 177 155 113 192 195 173
  121 107 181 172 115 153 102]
 [  0 135 183 102 145 168 108 170 184 128 112 186 177 152 137 137 182 183
  114 180 106 132 160 192 110 159 186 147 170 192 180 106 197 117 154 154
  161 152 178 148 127 172 172 150 184 135 132 163 164 195 139 192 171 198
  173 102 139 127 189 113 128 146 136 185 175 174 142 100 144 176 156 188
  126 181 151 153 175 174 144 161 162 112 138 104 100 178 121 144 150 107
  176 155 161 164 149 170 120 122 148 116 144 122 182 117 108 175 154 198
  100 129 110 170 146 191 172 165 117 188 100 175 168 131 191 160 192 189
  125 172 102 130 119 151 155 191 167 184 195 139 184 114 153 125 196 116
  170 178 133 107 124 117 109 116 113 165 152 137 151 114 182 123 165 131
  105 114 181 112 157 196 161 131 112 183 155 189 112 142 140 117 165 150
  191 103 184 144 121 145 113 164 133 165 138 111 136 187 195 135 144 118
  101 109 111 134 134 187 158 185 149 123 110 107 164 178 130 109 130 192
  124 104 113 158 165 115 161 172 171 156 153 167 165 155 136 148 150 192
  142 162 182 160 121 128 131]
 [  0 184 147 179 120 162 169 110 130 162 112 171 106 179 126 147 114 129
  155 105 149 173 183 139 115 171 172 155 192 110 117 179 168 156 179 169
  144 145 103 149 150 187 101 143 151 127 185 161 180 128 104 179 116 190
  102 106 120 124 144 157 102 164 175 148 113 191 166 197 110 165 130 129
  168 121 171 168 196 170 174 181 124 122 116 133 101 149 188 121 109 189
  129 167 147 178 198 176 193 122 106 175 172 194 141 120 182 134 100 191
  155 143 118 139 154 175 191 145 140 107 164 151 166 180 177 199 105 182
  130 126 193 110 128 162 138 120 155 133 140 165 151 104 115 151 177 122
  170 131 121 184 110 110 139 114 186 167 148 190 160 126 144 194 191 174
  191 130 190 100 147 145 157 133 125 107 114 146 163 184 169 125 177 127
  182 107 138 176 107 149 180 137 175 123 109 104 116 182 151 118 120 196
  108 147 161 183 157 156 195 111 156 184 122 192 147 195 148 134 190 104
  112 173 184 158 184 110 112 141 167 164 148 148 153 101 189 170 192 164
  138 177 136 108 186 138 106]
 [  0 182 105 108 168 142 197 113 168 116 135 105 114 130 118 186 115 144
  173 186 155 121 190 168 131 194 177 127 170 140 157 196 151 151 188 106
  140 119 142 100 109 168 196 151 125 162 193 168 118 148 170 195 103 182
  116 119 111 196 104 111 170 166 199 129 110 125 121 133 174 114 190 166
  108 127 138 153 167 135 110 129 131 145 133 138 157 116 112 147 171 141
  169 108 128 157 137 159 155 194 136 198 114 135 170 175 104 114 163 149
  161 175 136 161 117 175 164 186 178 106 193 184 191 128 112 150 192 182
  178 107 100 146 118 114 181 113 161 184 142 164 123 181 147 142 122 102
  118 152 102 119 174 110 138 174 186 159 130 169 136 127 148 161 163 187
  137 190 189 166 121 128 178 190 173 170 163 121 180 140 177 136 146 175
  130 116 143 196 172 118 157 169 106 193 143 129 192 115 121 162 156 107
  127 142 158 135 173 121 135 191 140 172 199 115 154 196 150 153 166 175
  142 148 175 168 146 164 113 198 106 137 125 197 190 117 191 126 113 113
  187 123 135 131 113 180 150]
 [  0 136 145 137 154 172 171 129 158 161 120 104 171 167 164 143 180 137
  182 136 166 136 135 121 162 190 171 175 159 178 187 126 174 142 147 189
  145 132 175 194 132 197 166 145 102 112 131 136 114 142 109 190 112 166
  115 136 159 183 130 161 157 176 153 120 122 184 167 194 159 170 148 193
  180 196 139 126 194 196 130 167 185 179 104 132 101 133 165 127 101 145
  116 176 188 112 198 106 188 118 164 181 165 147 109 109 168 109 114 147
  167 117 136 150 164 146 121 122 160 100 193 127 103 133 134 106 156 193
  160 142 145 104 157 119 177 149 180 147 155 104 195 192 195 127 116 186
  130 169 167 102 197 194 131 122 169 128 170 159 176 140 171 140 105 135
  106 114 152 146 129 153 158 163 159 100 106 145 186 174 123 127 160 196
  189 109 137 110 142 191 183 175 198 122 100 114 173 138 117 185 110 135
  128 106 151 196 158 165 107 169 121 179 108 128 183 197 103 129 158 190
  115 155 106 118 198 186 142 133 183 184 137 186 173 151 149 128 116 164
  121 128 138 100 104 141 152]
 [  0 161 103 176 131 112 147 137 117 125 150 152 145 139 101 109 159 129
  144 118 189 115 185 140 165 166 173 115 161 191 132 189 153 119 116 190
  183 150 141 149 133 150 166 163 188 135 199 134 107 158 199 170 173 126
  171 180 155 110 101 119 125 145 175 117 179 164 195 165 132 147 109 154
  179 198 157 119 181 120 160 160 160 151 154 136 181 187 127 106 183 130
  180 108 168 144 155 165 148 167 180 111 104 195 176 111 123 174 176 122
  109 195 171 146 118 157 111 159 179 134 173 196 158 182 113 103 119 142
  140 172 176 137 104 116 140 149 101 183 162 142 100 186 100 105 192 141
  173 183 192 163 110 177 192 130 148 142 146 189 150 191 117 132 117 119
  191 174 121 163 182 110 194 137 160 142 122 161 192 197 110 187 109 109
  131 194 128 136 165 108 126 185 182 172 189 102 103 134 153 132 100 125
  109 190 159 149 105 180 125 129 112 172 106 170 110 171 107 173 131 199
  124 174 105 169 134 146 152 198 118 189 140 188 158 120 199 156 132 178
  147 115 102 118 147 113 111]
 [  0 187 184 110 171 126 172 171 134 189 184 163 172 185 170 107 188 118
  150 106 174 130 178 136 157 130 107 190 191 193 152 131 188 176 162 143
  197 132 153 123 146 174 178 143 195 127 152 185 156 147 119 174 175 143
  159 103 113 120 173 132 101 101 101 133 155 144 121 111 127 103 181 179
  199 131 100 160 180 186 118 158 143 110 116 144 103 107 154 170 159 174
  191 119 137 191 133 180 176 177 131 113 118 178 196 110 128 102 176 158
  190 124 138 146 193 190 146 136 154 169 122 134 171 156 174 147 157 184
  116 191 173 163 121 169 175 160 152 139 142 123 139 122 137 134 144 121
  183 172 163 141 164 104 184 122 137 173 149 104 158 103 194 192 192 122
  168 111 106 153 153 148 154 173 188 133 187 171 173 162 124 109 171 192
  163 104 127 154 172 139 132 193 176 166 144 104 140 130 127 154 187 159
  126 102 119 121 133 115 138 127 106 161 161 197 115 181 153 191 106 167
  143 188 119 163 144 126 190 185 125 157 173 119 135 102 181 139 163 184
  151 190 199 153 199 136 128]
 [  0 106 167 159 129 143 167 132 197 174 128 134 188 109 196 166 179 182
  154 106 189 190 121 154 144 142 136 136 173 123 162 166 118 199 147 185
  159 126 107 159 146 122 146 126 152 146 151 166 117 185 194 183 199 187
  178 149 122 137 132 172 183 191 137 131 185 164 167 169 172 186 152 134
  198 128 160 134 148 143 176 119 161 177 190 140 180 175 175 178 186 174
  108 135 138 198 109 191 118 187 154 110 169 195 189 105 183 190 147 104
  172 181 128 171 126 144 151 144 170 150 104 136 183 106 180 146 154 197
  119 160 157 104 125 107 192 139 170 118 179 172 124 193 138 169 114 154
  144 159 129 124 140 117 122 178 169 187 168 104 160 182 172 148 115 179
  164 111 162 130 160 173 136 141 181 197 159 106 177 197 135 111 111 186
  153 132 144 199 115 133 112 145 161 133 116 142 121 108 123 124 126 184
  196 198 167 174 148 193 169 190 185 138 186 197 123 199 139 160 172 117
  151 128 162 113 175 194 147 162 184 185 111 178 156 197 189 132 193 177
  113 103 105 139 155 134 153]
 [  0 187 133 131 156 170 127 134 146 148 117 183 171 111 163 174 177 191
  172 121 151 147 138 180 136 175 113 159 176 198 148 104 102 103 155 155
  184 106 154 159 193 135 113 180 154 128 184 199 123 186 165 126 199 143
  137 195 163 172 156 138 193 111 115 177 197 191 148 113 154 117 158 106
  130 123 119 185 128 173 147 159 153 163 138 154 100 182 197 159 152 139
  149 175 182 145 139 125 117 168 190 122 151 176 135 195 170 129 199 126
  186 112 172 115 161 168 167 127 134 110 112 104 150 172 171 106 105 106
  170 167 139 134 113 198 152 157 194 172 109 117 108 163 109 198 163 137
  172 155 104 146 188 154 175 107 132 105 132 199 182 120 109 150 136 197
  155 150 155 139 145 197 117 199 101 150 102 122 166 168 100 194 186 153
  151 183 159 151 180 197 195 158 107 119 198 129 199 140 142 119 117 171
  145 140 167 100 141 175 149 157 175 127 125 180 125 164 139 172 173 126
  155 109 171 162 124 163 154 194 179 126 172 150 141 148 121 193 124 104
  110 147 189 171 135 181 189]
 [  0 138 138 125 195 110 140 100 173 197 102 132 185 184 143 170 183 196
  194 165 188 192 189 115 112 102 197 184 193 116 194 167 163 179 102 167
  171 133 113 160 198 186 119 119 196 138 163 112 114 160 167 190 160 139
  133 101 132 199 115 116 159 184 160 125 165 119 177 109 179 171 132 193
  148 134 114 133 164 132 160 139 112 191 116 156 125 136 111 186 105 106
  105 171 143 197 133 145 102 186 109 197 175 116 191 141 175 109 135 149
  169 171 199 149 193 171 191 148 104 147 116 131 165 149 139 154 101 197
  105 171 151 112 192 184 102 148 147 100 170 195 109 139 125 171 192 160
  134 155 112 122 191 115 118 105 178 152 128 142 183 138 161 137 173 178
  178 192 165 190 182 174 133 137 111 126 141 141 100 135 131 137 130 178
  154 163 112 130 140 158 174 120 124 173 175 184 138 143 162 122 115 132
  122 158 185 141 179 156 199 152 145 196 166 137 138 181 152 162 177 115
  198 126 166 193 160 153 166 163 157 126 197 163 163 139 134 137 110 149
  172 176 139 104 128 162 142]
 [  0 126 151 140 180 147 138 177 165 158 135 177 194 129 179 130 147 121
  168 160 156 171 135 185 159 185 169 151 168 115 179 113 127 188 163 139
  105 186 178 182 153 199 194 175 167 140 134 185 113 102 135 161 100 148
  174 100 156 185 129 123 111 131 146 118 116 158 144 181 142 129 164 142
  168 178 104 115 107 157 100 130 179 100 108 151 170 131 155 165 176 140
  151 135 141 157 151 104 140 111 115 105 130 173 184 129 198 107 159 184
  108 127 131 150 152 164 134 111 115 116 118 186 141 178 161 188 136 177
  170 133 167 121 179 194 164 161 120 180 135 146 158 114 109 109 120 111
  123 185 134 172 171 146 174 109 164 146 113 199 111 130 148 188 132 102
  109 191 179 136 118 102 136 128 110 156 108 112 130 167 174 163 112 139
  176 195 150 107 134 193 171 115 165 137 190 161 121 178 182 199 169 190
  115 122 114 177 141 151 159 163 163 144 177 188 145 166 177 194 126 107
  158 182 129 194 173 120 165 198 115 193 115 175 128 131 128 121 177 165
  100 197 104 172 145 116 136]
 [  0 177 122 185 188 140 199 184 144 185 126 111 126 181 144 193 140 164
  196 173 139 105 106 122 135 196 135 166 140 184 158 176 111 115 166 121
  186 109 197 156 169 114 163 113 174 135 106 190 189 187 172 155 161 142
  190 119 168 135 155 186 153 170 121 147 192 134 102 182 135 166 157 148
  119 109 162 199 145 100 153 179 163 189 138 175 192 154 102 188 123 157
  146 111 131 112 106 174 190 131 159 105 150 135 151 133 166 145 158 138
  135 196 134 181 155 122 192 161 124 106 177 162 183 166 170 107 122 129
  106 195 166 100 158 116 188 198 140 179 126 124 101 177 172 141 172 138
  104 145 109 164 138 127 129 127 182 177 140 122 191 116 190 135 162 187
  142 164 104 109 174 172 188 190 168 116 199 112 172 159 197 172 154 155
  165 126 189 155 105 151 159 160 121 142 166 106 113 175 161 129 163 153
  172 160 156 158 143 188 100 139 166 121 191 152 186 173 177 166 150 191
  119 124 101 119 113 112 105 142 132 104 139 109 153 101 110 124 111 105
  188 134 154 191 161 147 195]
 [  0 151 183 194 119 195 105 113 127 137 178 155 177 192 106 121 138 167
  155 178 111 163 172 194 146 136 198 193 165 164 165 173 110 146 179 139
  165 129 152 144 177 186 110 155 139 141 143 158 116 172 124 194 104 158
  127 127 146 196 151 150 191 178 155 103 106 136 188 163 123 156 100 129
  182 117 102 115 195 181 153 101 120 163 133 149 148 174 128 165 100 138
  113 197 181 133 105 100 159 134 128 119 195 154 193 140 101 169 122 196
  144 128 144 198 179 197 101 109 133 130 162 119 195 122 172 139 146 175
  160 184 112 153 141 198 100 163 137 187 162 177 138 103 131 157 145 140
  107 120 175 121 130 142 169 171 184 143 196 149 106 120 173 144 114 169
  122 159 195 161 158 129 136 138 136 152 120 142 168 189 108 109 176 186
  146 176 101 191 111 148 112 131 191 159 166 196 113 117 120 158 133 184
  110 107 197 162 111 191 100 149 137 171 126 106 118 191 106 181 169 180
  120 113 175 166 140 149 177 188 175 101 149 140 168 182 183 156 158 103
  134 101 189 159 102 104 186]
 [  0 160 157 194 180 121 135 126 163 125 143 173 114 192 189 122 101 108
  165 167 171 189 153 159 107 163 119 176 141 127 177 131 110 100 167 115
  173 185 196 196 149 108 156 151 156 149 155 128 149 124 115 107 159 137
  194 193 167 147 157 119 173 159 150 123 199 117 182 105 152 196 170 107
  166 176 129 172 168 190 196 158 161 132 114 185 100 147 117 114 191 186
  163 182 150 111 151 145 180 144 179 171 149 117 199 153 194 168 139 121
  106 119 186 172 191 132 158 153 153 162 109 150 137 162 186 117 142 145
  156 102 189 142 111 109 190 190 149 184 124 148 182 119 135 131 178 120
  105 181 190 104 113 109 189 115 144 163 158 184 114 101 178 183 142 135
  181 129 133 108 193 132 150 126 109 122 171 133 138 183 168 141 109 143
  189 178 157 146 193 177 148 123 190 155 108 180 168 115 125 196 108 189
  151 131 117 121 182 143 163 110 183 190 115 110 122 180 116 140 100 153
  181 117 140 196 151 119 102 145 121 144 180 151 183 195 144 189 112 198
  100 132 101 174 192 189 188]
 [  0 133 161 183 158 113 125 183 145 134 120 118 103 151 111 167 106 134
  109 154 104 168 106 141 130 111 179 118 136 195 143 128 117 154 138 119
  168 154 163 129 104 142 109 107 116 105 127 181 126 148 133 131 114 126
  140 179 136 197 161 100 157 101 141 167 145 129 177 153 101 170 116 155
  184 114 144 118 101 177 103 133 164 170 170 132 192 116 108 107 132 149
  112 100 183 156 140 123 124 176 167 103 185 160 195 121 151 162 196 154
  125 156 166 139 185 135 163 197 132 131 197 110 111 135 129 160 184 165
  145 105 109 136 127 129 175 177 150 189 190 143 194 119 100 192 150 121
  140 138 110 110 100 170 165 172 166 176 131 156 160 103 114 124 198 161
  158 128 150 178 112 117 151 122 165 157 163 188 116 144 199 153 137 102
  153 195 196 150 164 120 173 159 143 153 157 155 180 161 130 147 167 108
  191 185 112 169 115 160 190 156 145 146 188 153 135 127 120 137 170 115
  132 155 149 118 184 191 156 108 166 190 158 131 186 103 125 148 123 148
  115 162 140 179 198 145 129]
 [  0 106 130 133 180 157 112 136 192 153 156 182 152 112 160 164 140 192
  179 133 160 196 151 108 172 170 133 101 103 179 119 104 180 117 177 171
  110 170 103 117 147 175 184 127 100 111 176 198 118 117 176 190 144 154
  111 168 127 121 113 109 111 117 137 167 158 183 199 145 138 172 156 178
  142 164 177 122 143 157 113 116 159 163 119 199 149 188 174 132 102 131
  183 127 143 186 183 179 173 107 143 159 109 125 112 117 104 101 183 114
  182 119 113 121 147 176 111 199 110 182 114 173 138 191 169 131 103 197
  180 141 150 123 179 135 172 116 188 178 139 169 105 166 106 147 103 191
  107 174 180 168 145 124 165 182 196 143 135 149 163 186 105 178 105 185
  188 160 129 119 162 110 115 143 104 150 147 105 145 109 167 173 153 139
  130 138 147 139 146 102 108 149 180 116 149 128 164 165 181 168 111 146
  120 186 185 145 165 159 129 139 135 172 196 191 186 188 191 100 198 173
  184 192 182 127 155 158 166 101 136 170 131 114 156 149 156 124 197 135
  182 120 195 103 160 123 182]
 [  0 185 105 147 131 102 177 104 166 171 146 161 134 156 185 119 198 178
  183 165 129 100 105 139 121 131 193 169 100 110 195 142 199 120 105 159
  111 106 100 161 116 139 197 136 119 171 105 120 191 186 185 167 105 107
  105 138 107 187 155 165 162 137 132 111 198 104 189 128 198 117 183 101
  155 158 116 170 178 108 182 151 167 141 132 198 145 105 176 154 197 147
  174 121 127 193 156 196 159 136 141 125 168 191 129 191 155 143 190 102
  106 126 118 103 169 110 134 196 128 112 181 199 167 125 126 146 157 124
  164 139 156 136 183 147 113 129 159 113 157 111 123 110 163 199 144 185
  148 183 115 132 175 180 181 156 143 153 143 168 128 113 102 130 164 138
  141 117 158 110 130 194 177 138 172 144 168 188 120 166 193 168 110 199
  165 112 130 199 117 173 163 102 197 111 110 123 118 117 180 134 179 191
  126 125 102 198 172 143 179 180 157 149 161 154 190 118 132 154 104 126
  197 113 158 152 138 112 162 190 191 114 172 165 105 199 187 146 172 165
  132 106 160 119 114 132 199]]
 job2fam
 [[1 0 0 0 0 0 0 0 0 0 0 0 0 0 0 0 0 0 0 0 0 0 0 0 0 0 0 0 0 0 0 0 0 0 0 0
  0 0 0 0 0 0 0 0 0 0 0 0 0 0 0 0 0 0 0 0 0 0 0 0 0 0 0 0 0 0 0 0 0 0 0 0
  0 0 0 0 0 0 0 0 0 0 0 0 0 0 0 0 0 0 0 0 0 0 0 0 0 0 0 0 0 0 0 0 0 0 0 0
  0 0 0 0 0 0 0 0 0 0 0 0 0 0 0 0 0 0 0 0 0 0 0 0 0 0 0 0 0 0 0 0 0 0 0 0
  0 0 0 0 0 0 0 0 0 0 0 0 0 0 0 0 0 0 0 0 0 0 0 0 0 0 0 0 0 0 0 0 0 0 0 0
  0 0 0 0 0 0 0 0 0 0 0 0 0 0 0 0 0 0 0 0 0 0 0 0 0 0 0 0 0 0 0 0 0 0 0 0
  0 0 0 0 0 0 0 0 0 0 0 0 0 0 0 0 0 0 0 0 0 0 0 0 0]
 [0 1 0 0 0 1 1 0 0 1 0 0 0 0 0 0 0 0 0 0 0 0 0 0 0 1 0 0 0 0 0 0 0 0 0 0
  0 0 0 0 0 0 0 0 0 0 0 1 0 0 0 0 0 0 0 0 0 0 0 0 0 0 0 0 0 0 0 0 0 1 0 0
  1 0 0 0 0 0 0 0 0 0 0 1 0 0 0 0 0 0 0 0 0 0 0 0 0 0 0 0 0 1 0 1 0 0 0 0
  0 0 0 0 1 0 0 0 0 0 0 0 0 0 0 0 0 0 0 0 0 0 0 0 1 0 1 0 0 0 0 0 0 1 0 0
  0 0 0 0 0 0 0 0 0 0 0 0 0 0 0 0 0 0 0 0 0 0 0 0 0 1 0 0 0 0 1 0 0 0 0 0
  0 0 0 0 0 0 1 0 0 0 1 0 0 0 0 0 0 0 1 0 0 1 0 0 0 0 0 0 0 0 1 0 0 0 0 1
  0 0 0 0 0 0 0 0 0 0 0 0 0 0 0 0 0 0 0 0 0 0 0 0 0]
 [0 0 0 0 0 0 0 0 1 0 0 0 0 0 0 0 0 1 0 0 0 0 0 0 1 0 0 0 0 0 0 0 0 0 0 0
  0 0 0 0 0 1 0 0 0 0 0 0 0 0 0 0 0 1 0 0 0 0 0 0 0 0 0 0 0 0 0 0 0 0 0 0
  0 0 0 0 0 0 0 0 0 0 0 0 1 0 0 0 0 0 0 0 0 0 0 1 0 0 0 0 0 0 0 0 0 0 0 1
  0 0 0 0 0 0 0 0 0 0 1 0 0 0 0 0 0 1 0 0 0 0 0 0 0 0 0 0 0 0 0 0 0 0 0 0
  0 0 1 0 0 0 0 1 0 0 0 1 0 0 0 0 0 0 0 0 0 1 0 0 0 0 0 1 0 0 0 0 0 0 0 0
  0 0 0 0 0 0 0 0 0 0 0 0 0 0 0 0 0 0 0 0 0 0 0 0 0 0 0 0 0 0 0 0 0 0 0 0
  0 0 1 0 0 1 0 0 0 0 0 0 0 0 0 0 0 0 0 0 0 0 0 0 0]
 [0 0 0 0 1 0 0 0 0 0 0 0 0 0 0 1 0 0 0 1 0 0 1 0 0 0 1 0 1 0 1 0 0 0 0 0
  0 0 0 0 0 0 0 0 0 0 0 0 0 1 0 0 0 0 0 0 1 0 0 0 0 0 0 0 0 0 0 0 0 0 0 0
  0 0 0 0 0 0 0 0 0 0 0 0 0 0 0 0 0 0 0 0 0 1 1 0 0 0 1 0 1 0 0 0 0 0 0 0
  0 0 0 0 0 0 0 0 0 0 0 0 0 0 0 0 0 0 1 0 0 0 0 1 0 1 0 1 0 0 1 0 0 0 0 0
  0 0 0 0 0 0 0 0 0 0 1 0 0 0 0 0 0 0 0 0 1 0 0 0 0 0 1 0 0 0 0 0 0 0 0 0
  1 0 0 0 1 0 0 0 0 0 0 0 0 0 0 0 0 0 0 1 0 0 0 0 1 0 0 0 0 0 0 0 0 0 0 0
  0 0 0 0 0 0 0 0 0 0 0 1 0 0 0 0 0 0 0 0 0 0 0 0 0]
 [0 0 0 0 0 0 0 0 0 0 0 0 1 0 0 0 0 0 0 0 0 0 0 0 0 0 0 0 0 0 0 0 0 0 0 0
  0 0 0 0 0 0 0 0 0 0 0 0 0 0 0 0 0 0 0 0 0 0 1 0 0 0 0 0 1 0 0 1 0 0 0 0
  0 0 0 1 0 0 0 0 0 0 0 0 0 1 0 0 0 0 1 0 1 0 0 0 0 0 0 1 0 0 0 0 0 0 0 0
  0 1 0 0 0 0 1 0 0 0 0 0 0 0 0 0 0 0 0 0 0 0 0 0 0 0 0 0 0 0 0 0 0 0 0 0
  0 0 0 0 0 0 0 0 0 0 0 0 0 0 0 0 0 0 1 0 0 0 0 0 1 0 0 0 0 0 0 0 0 0 0 1
  0 1 0 0 0 0 0 0 0 0 0 0 0 0 1 0 0 0 0 0 0 0 0 0 0 0 0 0 0 0 0 0 0 0 0 0
  0 1 0 0 0 0 0 0 0 0 1 0 0 0 0 0 0 0 0 0 0 1 0 0 0]
 [0 0 0 1 0 0 0 0 0 0 0 0 0 0 0 0 0 0 0 0 0 0 0 0 0 0 0 1 0 1 0 0 0 0 0 0
  0 0 0 0 0 0 1 0 0 0 0 0 0 0 1 0 0 0 0 0 0 0 0 0 0 0 0 0 0 0 0 0 1 0 0 0
  0 0 0 0 1 0 0 0 0 0 0 0 0 0 0 0 0 0 0 0 0 0 0 0 0 0 0 0 0 0 1 0 0 0 0 0
  0 0 0 0 0 0 0 1 0 0 0 1 0 0 0 0 0 0 0 1 0 0 1 0 0 0 0 0 0 0 0 1 0 0 0 0
  0 0 0 0 0 0 0 0 0 1 0 0 0 1 0 0 0 0 0 1 0 0 0 0 0 0 0 0 0 0 0 0 1 0 0 0
  0 0 0 1 0 0 0 0 1 0 0 0 0 0 0 0 0 0 0 0 0 0 0 0 0 0 0 0 1 0 0 0 0 0 0 0
  0 0 0 0 0 0 0 0 0 0 0 0 1 0 1 0 0 0 0 0 0 0 0 0 0]
 [0 0 0 0 0 0 0 1 0 0 0 1 0 0 0 0 0 0 0 0 0 0 0 0 0 0 0 0 0 0 0 0 0 0 1 0
  0 0 0 1 0 0 0 0 0 0 1 0 0 0 0 0 1 0 1 0 0 0 0 0 0 0 0 0 0 0 0 0 0 0 0 0
  0 0 0 0 0 0 0 0 1 0 0 0 0 0 0 0 0 0 0 0 0 0 0 0 0 0 0 0 0 0 0 0 0 0 0 0
  0 0 0 0 0 1 0 0 0 0 0 0 0 0 0 0 0 0 0 0 0 0 0 0 0 0 0 0 1 0 0 0 0 0 0 0
  1 0 0 0 0 0 0 0 0 0 0 0 0 0 0 0 0 0 0 0 0 0 0 1 0 0 0 0 0 1 0 0 0 0 0 0
  0 0 1 0 0 1 0 0 0 0 0 0 0 0 0 0 0 0 0 0 0 0 0 0 0 0 0 0 0 0 0 0 1 0 0 0
  0 0 0 0 1 0 0 0 0 1 0 0 0 0 0 0 0 0 1 0 0 0 0 0 0]
 [0 0 0 0 0 0 0 0 0 0 0 0 0 1 0 0 0 0 0 0 0 0 0 0 0 0 0 0 0 0 0 0 0 0 0 0
  0 0 0 0 1 0 0 0 0 0 0 0 0 0 0 0 0 0 0 0 0 0 0 1 0 1 0 0 0 0 0 0 0 0 0 0
  0 0 1 0 0 0 1 1 0 0 1 0 0 0 0 0 0 0 0 0 0 0 0 0 0 1 0 0 0 0 0 0 0 1 0 0
  0 0 0 0 0 0 0 0 0 0 0 0 1 0 0 0 0 0 0 0 1 1 0 0 0 0 0 0 0 0 0 0 0 0 0 0
  0 1 0 0 0 1 0 0 0 0 0 0 0 0 1 0 0 0 0 0 0 0 0 0 0 0 0 0 0 0 0 1 0 0 0 0
  0 0 0 0 0 0 0 0 0 0 0 0 0 0 0 1 1 0 0 0 1 0 1 0 0 0 1 0 0 0 0 0 0 0 1 0
  0 0 0 0 0 0 0 1 1 0 0 0 0 0 0 0 0 0 0 0 0 0 0 0 0]
 [0 0 0 0 0 0 0 0 0 0 0 0 0 0 1 0 0 0 0 0 0 1 0 0 0 0 0 0 0 0 0 0 1 1 0 0
  0 0 0 0 0 0 0 1 1 0 0 0 0 0 0 1 0 0 0 0 0 1 0 0 0 0 1 1 0 0 0 0 0 0 0 0
  0 0 0 0 0 0 0 0 0 0 0 0 0 0 0 0 0 0 0 0 0 0 0 0 0 0 0 0 0 0 0 0 1 0 0 0
  1 0 0 1 0 0 0 0 0 1 0 0 0 0 1 0 0 0 0 0 0 0 0 0 0 0 0 0 0 0 0 0 0 0 0 0
  0 0 0 0 1 0 0 0 0 0 0 0 0 0 0 0 1 1 0 0 0 0 0 0 0 0 0 0 0 0 0 0 0 0 0 0
  0 0 0 0 0 0 0 0 0 1 0 1 0 0 0 0 0 0 0 0 0 0 0 0 0 0 0 1 0 1 0 0 0 0 0 0
  0 0 0 1 0 0 0 0 0 0 0 0 0 0 0 0 0 1 0 0 1 0 0 0 1]
 [0 0 0 0 0 0 0 0 0 0 0 0 0 0 0 0 0 0 1 0 0 0 0 0 0 0 0 0 0 0 0 0 0 0 0 1
  0 0 0 0 0 0 0 0 0 1 0 0 0 0 0 0 0 0 0 0 0 0 0 0 0 0 0 0 0 0 0 0 0 0 0 0
  0 0 0 0 0 1 0 0 0 1 0 0 0 0 0 0 0 0 0 1 0 0 0 0 0 0 0 0 0 0 0 0 0 0 1 0
  0 0 0 0 0 0 0 0 0 0 0 0 0 0 0 0 1 0 0 0 0 0 0 0 0 0 0 0 0 1 0 0 0 0 0 1
  0 0 0 0 0 0 0 0 0 0 0 0 0 0 0 1 0 0 0 0 0 0 0 0 0 0 0 0 0 0 0 0 0 0 0 0
  0 0 0 0 0 0 0 0 0 0 0 0 0 0 0 0 0 0 0 0 0 0 0 1 0 0 0 0 0 0 0 0 0 0 0 0
  0 0 0 0 0 0 0 0 0 0 0 0 0 0 0 1 0 0 0 1 0 0 0 0 0]
 [0 0 0 0 0 0 0 0 0 0 0 0 0 0 0 0 1 0 0 0 0 0 0 0 0 0 0 0 0 0 0 0 0 0 0 0
  0 1 1 0 0 0 0 0 0 0 0 0 0 0 0 0 0 0 0 1 0 0 0 0 0 0 0 0 0 1 0 0 0 0 1 1
  0 0 0 0 0 0 0 0 0 0 0 0 0 0 1 0 1 0 0 0 0 0 0 0 1 0 0 0 0 0 0 0 0 0 0 0
  0 0 0 0 0 0 0 0 1 0 0 0 0 0 0 0 0 0 0 0 0 0 0 0 0 0 0 0 0 0 0 0 0 0 0 0
  0 0 0 0 0 0 1 0 1 0 0 0 0 0 0 0 0 0 0 0 0 0 1 0 0 0 0 0 1 0 0 0 0 0 0 0
  0 0 0 0 0 0 0 0 0 0 0 0 1 1 0 0 0 0 0 0 0 0 0 0 0 0 0 0 0 0 0 1 0 0 0 0
  0 0 0 0 0 0 1 0 0 0 0 0 0 1 0 0 1 0 0 0 0 0 0 0 0]
 [0 0 0 0 0 0 0 0 0 0 0 0 0 0 0 0 0 0 0 0 1 0 0 0 0 0 0 0 0 0 0 1 0 0 0 0
  1 0 0 0 0 0 0 0 0 0 0 0 0 0 0 0 0 0 0 0 0 0 0 0 1 0 0 0 0 0 0 0 0 0 0 0
  0 1 0 0 0 0 0 0 0 0 0 0 0 0 0 1 0 0 0 0 0 0 0 0 0 0 0 0 0 0 0 0 0 0 0 0
  0 0 0 0 0 0 0 0 0 0 0 0 0 1 0 0 0 0 0 0 0 0 0 0 0 0 0 0 0 0 0 0 1 0 1 0
  0 0 0 0 0 0 0 0 0 0 0 0 1 0 0 0 0 0 0 0 0 0 0 0 0 0 0 0 0 0 0 0 0 1 1 0
  0 0 0 0 0 0 0 0 0 0 0 0 0 0 0 0 0 0 0 0 0 0 0 0 0 0 0 0 0 0 0 0 0 1 0 0
  1 0 0 0 0 0 0 0 0 0 0 0 0 0 0 0 0 0 0 0 0 0 0 1 0]
 [0 0 1 0 0 0 0 0 0 0 1 0 0 0 0 0 0 0 0 0 0 0 0 1 0 0 0 0 0 0 0 0 0 0 0 0
  0 0 0 0 0 0 0 0 0 0 0 0 1 0 0 0 0 0 0 0 0 0 0 0 0 0 0 0 0 0 1 0 0 0 0 0
  0 0 0 0 0 0 0 0 0 0 0 0 0 0 0 0 0 1 0 0 0 0 0 0 0 0 0 0 0 0 0 0 0 0 0 0
  0 0 1 0 0 0 0 0 0 0 0 0 0 0 0 1 0 0 0 0 0 0 0 0 0 0 0 0 0 0 0 0 0 0 0 0
  0 0 0 1 0 0 0 0 0 0 0 0 0 0 0 0 0 0 0 0 0 0 0 0 0 0 0 0 0 0 0 0 0 0 0 0
  0 0 0 0 0 0 0 1 0 0 0 0 0 0 0 0 0 1 0 0 0 0 0 0 0 1 0 0 0 0 0 0 0 0 0 0
  0 0 0 0 0 0 0 0 0 0 0 0 0 0 0 0 0 0 0 0 0 0 1 0 0]]
