params：
 weight-->(1, 10)
 proc_times-->(1, 100)
 setup_times-->(15, 30)
 delivery_times-->(1, 100)
 job_rate-->7.5

start:
alpha_1
7.5
 alpha_2
0.5
 mach
2
 job
15
 fam
5
 weigh
 [[0 9 1 4 8 1 8 7 3 2 1 9 4 4 9 7]]
 proc_times
 [[  0 100  58  74  25  21  82  20  55  53  71  54  75  59   1  28]
 [  0  31  72   4  26  14  11  40  76  40  83  38  97  23  50  72]]
 setup_times
 [[[ 0 21 19 20 21 15]
  [ 0  0 15 17 26 21]
  [ 0 29  0 19 25 17]
  [ 0 27 29  0 29 27]
  [ 0 23 21 17  0 15]
  [ 0 19 22 29 16  0]]

 [[ 0 20 24 24 29 17]
  [ 0  0 19 25 17 26]
  [ 0 23  0 27 19 17]
  [ 0 28 20  0 18 22]
  [ 0 20 20 22  0 25]
  [ 0 25 19 20 18  0]]]
 delivery_times
 [[ 0 80 79 10 11  4 88 23  3  3 11 23 81 26 66  1]
 [ 0 83 73 53  6 58 81 92 87 75 15 39 59  7 54  6]]
 job2fam
 [[1 0 0 0 0 0 0 0 0 0 0 0 0 0 0 0]
 [0 0 0 0 0 0 0 1 1 0 0 0 0 0 0 0]
 [0 1 0 0 0 0 0 0 0 0 0 1 0 0 1 1]
 [0 0 0 0 0 0 0 0 0 1 0 0 1 0 0 0]
 [0 0 0 0 1 1 1 0 0 0 1 0 0 0 0 0]
 [0 0 1 1 0 0 0 0 0 0 0 0 0 1 0 0]]
