params：
 weight-->(1, 10)
 proc_times-->(1, 100)
 setup_times-->(15, 30)
 delivery_times-->(170, 200)
 job_rate-->5.0

start:
alpha_1
5.0
 alpha_2
0.5
 mach
2
 job
10
 fam
3
 weigh
 [[0 5 2 9 9 2 2 1 7 2 2]]
 proc_times
 [[ 0 65 36 63 10 39 99 98 58 81 91]
 [ 0 32 69 67 90 54  4 71 58 98 35]]
 setup_times
 [[[ 0 18 27 15]
  [ 0  0 17 24]
  [ 0 17  0 26]
  [ 0 17 27  0]]

 [[ 0 16 22 23]
  [ 0  0 28 17]
  [ 0 21  0 19]
  [ 0 26 29  0]]]
 delivery_times
 [[  0 195 187 193 173 198 171 181 177 180 197]
 [  0 171 176 180 186 194 177 192 173 188 179]]
 job2fam
 [[1 0 0 0 0 0 0 0 0 0 0]
 [0 0 0 0 0 0 0 1 0 0 1]
 [0 1 1 1 0 0 0 0 0 0 0]
 [0 0 0 0 1 1 1 0 1 1 0]]
