params：
 weight-->(1, 10)
 proc_times-->(1, 100)
 setup_times-->(15, 30)
 delivery_times-->(1, 30)
 job_rate-->16

start:
alpha_1
16
 alpha_2
0.5
 mach
20
 job
320
 fam
5
 weigh
 [[0 3 4 7 8 8 9 2 8 6 1 6 7 6 9 8 7 7 5 8 4 7 4 6 3 6 1 2 5 9 6 1 1 2 2 6
  4 6 5 7 6 1 8 8 1 9 9 9 9 9 1 9 2 6 4 6 4 8 3 3 2 1 1 4 5 4 7 1 9 4 7 3
  6 3 6 4 7 5 6 6 7 5 7 6 1 2 7 1 6 5 5 1 7 5 2 7 5 3 6 9 1 5 2 7 7 9 6 1
  1 4 5 9 2 5 9 6 5 1 5 9 5 8 1 2 8 4 8 6 8 2 6 9 9 2 2 9 8 5 5 7 1 4 6 7
  6 2 5 7 3 9 3 8 1 2 5 8 2 3 4 8 9 2 1 9 5 6 1 9 5 6 4 8 8 8 2 4 3 8 8 2
  6 6 4 2 8 9 3 8 1 7 2 3 9 9 7 9 1 4 4 8 7 3 8 5 6 8 4 6 2 3 5 9 9 9 3 6
  4 2 3 5 3 9 7 1 4 8 5 1 1 4 9 3 9 3 3 4 7 1 7 1 5 6 4 8 7 3 4 1 6 4 3 3
  8 8 3 4 7 6 9 2 1 5 8 1 3 7 7 3 3 2 8 8 2 8 5 6 6 9 9 7 7 8 8 8 4 2 9 8
  4 8 2 4 9 5 7 3 1 9 3 4 3 5 9 7 6 4 2 8 1 8 2 7 7 9 9 4 4 8 4 8 9]]
 proc_times
 [[  0  14  77  35  17  18   4  74  34   7   7  40  77  61  64  39   5  17
    7  44  15  69  64 100  54  61   1  52  48  38  61  89  52  44  97  34
    8  81  67  35  96   3  35  75  78  69  71   7  90  59  27  62  37  64
   44  12  97  98  15  82   5  95  92  59  18  91  55  65  57  92  72  67
   63  73  84  14  45  79  53   4  80  85   9   6  58  63   5  11  63   6
   71  62  18  93  23   6   6  41  30  47  22  55  84   2   2  56  65  14
   65  47   9  29  52  80  14  70  38  27  96  51  51  68  53  94  28  65
   23  70  62  90  98  96  32  52  22  96  19  76  35  67  44  63  31  81
   46  29  63  66  95  37  80   3  11  72  81  56  61  70   9  58  65  65
   18  22  67  13  66  37  22  71  86  73  33  21  48  79   5  62   3  89
   74  70  93  44  54  66  79  89  18  41  15  65  64  60  73  23  38  35
   25  96  92  47  81  60  84  54  41  31  50  46  89  17  60  32   9  55
   63  11  60  49  98   1  12  58  23  31  31 100  69  95  50 100  77  90
   14  34   4  59  56  54  64  77  61  30  82  38  39  17  45  60  61  59
   43  61  49   4  49  55  63  84  29 100  12  11  80   6  41  57  51  68
   90  99  71  98  10  72  91  64  44   5  45  37   4  95  90  52   2   2
   86  53  89  19  14  74  89  30  98  38  91  24  78  66  85  36  95  97
   94  65  26  47  55  18  63  63  61  46  79  46  82   8  91]
 [  0  97  18  50  49  41  20  53  13  90  25  96  74  73  92  31  92  53
   29  21  62  52  75  49  93  21  79  41  37  65  46  92  22  21  38  33
   86  78  42  42  44  92  30  15  20  55  86  19  32  72  44  31  20  33
   94  47  25  27   3  42  56  37  89  49   6  55  56  25  99  65   7  33
   75  72  86  76  94  32  35  80  73  81   1  90   1  90  84  46  53  80
   32  76  23  35   5  96  22   1   1  38  72  80  76  72  72  33  96  82
   62  42  54  67  76  68  15  84  88  83  86  34  46  13  96  78  59  67
   71  69  64  82  71  89  18  62  48  46   4  46  27  94  84  86  47  13
   14  56  91  74  41  84  62   6  80  37   4  60   8   7  15  34  40  21
   99  42  38  98  38  49  94  46  35  16   1  97  84  27   3  53  50  39
   95  92  97  28  27  22  20  75  27  92  26  19  69   8  87  81  35  31
   11  61  63  87  14  40  43  97   4   7  15  61   9  93   8  42  27  36
   77  19  49  29  10  97   1  68  94   4  43   7  74  34  71  91  45  28
   23  99  46  39  13  80  45  66  65  53  55   7  76  66  90  87  29  68
   82  22  26   3  34  97  18  78  76  66  40 100  13  19  23  59  42  33
   99   3  31  60  94   8  61  87  64  58  44  52  29  17  77  59  70  54
   81  68  38  70  61  44  51  74  98  95  54  49  96  14  46  38   1  26
   15  86  88  57  86  36   9  15  45  55  66  67 100  42  37]
 [  0  49  81  19   3   6  48   9   9   2  98  94  39  88  34   1  72  42
   48  86  63  82  88   1  10  91  69  26   9  38  19  25  92  85  49  17
   94  32   2  50  80   7  49  70  38  69  33  89  19  70  12  11  82  28
   53   1  52  53   4  55  39  38  86  11  88  48   9  11  67  15  76  80
   81  46  13  52  63  23  11  66  99  62  75  81  75  72  90   3  30  57
    8  79  32  35  69  23  10   8  18  72  56  73  99  58  89  55  86   5
   38  13  16  44  38  76 100  48  30  45  47  30  46  60  94  53  26  36
   31  48  46  21  14  36  59  16 100   5  58  93  44  79  33  37  69   2
   36  93  77  36  73  21  61  61  67  63  57  51  86  31  74  27   9  11
   87  30  80  48  85  45  14   4  70  95  77  35  34  23  29  27   6  75
   29  24   6  66  43   7  67  80  48  82  10  16  74  81  92  78  52  46
   39  32  51  43   1  16   3  95  54  22  17  68  48  11  77  70  38  78
   82  17  11   1  95  74  61  65  18   6  54  80  81  52  70  27  96  22
   81  44 100  11  91  12  31  15  20  95  95  36  27  97  41  47  63  86
   61  35  64   7  43  18  69  46  15  67  17  79  59  28  52  28  27  86
   44  27  90  47   4  47  61  10  44  14  95  97  77  92  46  53  29  49
   89  41   4 100  41  55  81  20  91  14  77  47  41  92  56  65  76  86
   58  72  45  75  13  93  65  82  10  16  55  46  30   6  75]
 [  0  67  90  25  54  28  17  34  80  26  36   4  90  78  77   2  24  15
   69  21  42  16  55  80  38  75   7  90  83  73  51  76  11  41  99  94
   92  34  19 100  87  99  46  62  51  17  76  73  63  15 100  84  27  49
   81  78  72  69  25  44   7  94  85  20  24  74  19   3  30  97  54  10
   47  53  38  54  71  70   7  49  17  90  91  33  41  40  24  20   4  65
   42  74  40  81  24  78  59  37  87  67  39  40  86  27  19  94  91  54
   34  72  89  92  30  31   8  90  97  34  26  12  54  15  14  98  49  93
   67  44  52  34  60  19  56  27   6   4   4  10  65  60  34  29  43   9
   89   4  22  21   7  43  32  93  76  93  34  87  62  96  84  76  51  18
   47  97  97  14  36  10  52  62   5  16 100  54  80  79  24  42  46  96
    2  43  94  73  87  30  24  83  64  47  95   5  13  58  22  89  77  62
   18  18  82  62  76  76   1  19  37  30  73  40  60  28  21  87  61  16
   37  78  50  47  64  31  93  10  63  72  69   6  41  56  70  26 100  28
   47  89  25  98  47   8  89  86  55  68   5  89  10  11  77  92  12  73
   76  32  97  77   2  13  14  21  91  19  58  10  10  90  24  10  95  52
   29  46  21 100  42  63  50  61  15   9  97  45  37  33  30  48  63  84
   31  33  54  22  48  52   4  17  29  22  27  13  35  35  68   5  55  83
   97  75  45  44  23  13  51  92  10  35  47  57  34  39  37]
 [  0  65  69   3  72  92  88  80   5  37  34  43  87  97  26  16  56  56
   78  34  69  78   7  59  61  28  59  14  51  87  16  19   3  63  66   1
   38  63   5  75  23  18  25  97  36  40  59  48  69  12  84  39  22  43
   38  77  76  85   7  36  68  31   7   8  46  45  32  55  26  69   9  58
   69   8  47  36   7  62 100  52  98  91   1  63  91   2  88   5  17  62
   63  21  44  33  24  45  84  70   9   7  27   4  15  74  47  56  46  14
   89  35   7  70  74  89  62   4  52  32  28  47  34  67  36  68  12  85
   63  19 100  58   2  88  15  69  62  37  25   5  87  23  35  28  11  47
   58  17  77  84  67  91  67  83  55  52  62 100  28  44  97  31  92  71
   33  73  52  84  79  89  49  64  59  69  80  81  68  14  21  56  50  91
   12  27  72  66  78  38   9  98  47  11  74  43  90  28  47  66  20  33
   51  15  35  56  11  29  34  75  86  97  50   2  31  63  18  70  48   7
   43  40   5   7  55  32  92  44  91  29  85  82  78  40  16  42  59  40
   17  73  14  18  89  23  14  99  82  76  38  67  86  84  26  49  32  27
   38  55  12  59  19  20  63   1  66  14  64  89  36  22   4  73  55  21
   63  94  22  31  79  18  64  57  14  16  20  31  27  13  66  25  45  65
   29  90   6  41  36   6  47  26  15  40  95  52  66 100  56  39  24  37
   81  56  13  28  22  86  32  86  14  41   8  76  89  48  20]
 [  0  28  27  29  66  21  95  56  38   5  33  79   9  47  85  53  51  10
   54  80  13  34  92   5  80  43  93  22  86  16  83   3  52  74  17  71
   55  17  10  45  25  27  12   6  19  24  10  13  26  77  90  48  51  51
   26  99  51  95  27  59  71   6  49  48  81  56  93  58  90  52  20  26
   17  39  10  78  73  57  39  36  18  72  81   4  85  24  98  98  96  11
   83   4  19  20  89  15  34  49  80  52  90  58  72  44  10  96  88  65
   93  90  28  34  87  74  72   6  40  56  30  96  48  30  28  44  58  35
   45 100  98  87  28  25  36  96  89  63  56  56  99  97  61  98  67   3
   26  33  80   7  19 100  78  57  36  50  90  34  31  92   5  47  86  91
   53  88   1  66  52  24  23  14   8  91  81  99  12  74   3  28  12  23
   70  38  17  98  63  51  57  97  51  95  18  61  40  37   2  19  92  91
   39   9  56  94  66  35  65  76  60  54  16  23  49  68  66   9  35  86
   98  59   8  69  63  60  27  39  11  14  70  97  18  62  96  51  91  62
   74   8  13  84  97  70  46  53  30  96  97  45  83  87  79  62  33  19
   36   9  34  28  69  39  18  99  47  60  93  66  86   8  30  40  11  10
   96  67  84  28  29  90  19  62  77  40  51  89  60  29  73  75   3  71
   68  59  83  41  70   3   9   5  95  46  11  50  91  36  36  20  56  88
   43  70  20  53  75  74   6  37  78  91  24   1  70  32  88]
 [  0  96  82  35  28  29  48  59  86  53  53  55  15  93  35  64  16  20
   89  84  44  54  32  20  37  85  29  83  35  22   6  28  80  50   2  69
   10  68  35  86  24  17  59   1  22  36  64  10  30  99  53  15  81  58
   29  35  72  98  61  25  19  22  70  57  87  35  40  78   2  41  65  26
    6  80  29  18  29  97  55  73  98   1  24   7  26  65  25  14  74  41
   89  63  31  22   8   4  39  17  66  65  57  63  75  95  61  21  35  78
   90  65   6  30  44  94  63  37  80  96  64  42  78  48  19  99  85  57
   13  10  92  43  65  77  28  52  46  28  86  63  26  72  58  54  63  16
   34  40  71  67  73  97  50  77  21  50   5  84  13  85  44  49  94  97
   82   7  52  77  82  37  63  96  59  60  27  97  61  84  54  63  78   1
    9  71   7  85  87  25  65  77   3  32  66  32  76  62  61  62  88  57
   28  63  87  33  45  59  80   1  78  16   2  72  45   6  19  33  65  18
   25   6  75  97  88  17  21  99  70  33  27  62  52  12  22  48  88  13
   90  25  17  49  95  53  42  13  64  24  93  13  87  12 100  32  88  48
   33  94   1  54  86  52  74  25  79  53  30  18  30  53  25  31  73  54
   77  83  53   5  72  38  31  64   5  42  97  74   8  32  42  42  51  60
    7  90  90  98  41  19  84  69  16  83  73  16  21  66  56  18  14  23
   18  71  21  54  36  70  86  42  50   9  78  47  83  12  65]
 [  0  79  61  62   6  53  95  37  89   1  63  73  39  83  23   6 100  76
   87  22  52  14   7  99  47  83  10  65  48  97  29  42  91  97  76  14
   39  35  71  16  80  29  17  24  70  49  13  37  22  84  47  71  54  54
   90  14  39  63  78  28  31   7  41  76  74  31  31  53  53   3  44  59
   22  35  95  10  46  88  71  73  33   1  27  60  40  55  25  53  55  71
   41  53   7  71  65  86  72  81  35   9  52  83  92  65  62  63  16  17
   10  74  74  16 100  45  60  93  63   4  47  47  15  92  50  56  11   2
   83  53  46  76  57  33  80  84  85  56   6  89  54  42  27  70  56  87
   52  89   7  74  56  73  43  12  39  21  24  89  53  44  13  38   2  73
   58  22  24  22   9   8  21   9   5  69   7  27  29  71  12  28  56  84
    8  42  55  61   2  71  79  28   4  39  91  49  56  86  76  53  46  61
   98  98  31  91  26  63  90  26  57  31  23  53   1   3  95   9  71  17
   31  48  89  18  58  72  58  79  18  27  69  16   2  80  12  30  85   3
    8  82   1  34   3  80   8  32  57   5  25  61  42  22  71  46  44  38
   75  52  81  70  55  68   4  23  86  18  37  51  23   7  10  88  61  99
   83  95  95  39  83  98  71  68  99  75  57  49  58  78  74  78  19  80
   13  41  50  61  43   5  34  21  30  49  85  25   9  36  58  30  68  18
   84  74  74  54  58  38  48   3  99  63   3  36  59  18  26]
 [  0  94  23  13   5   4  81  80  62  66  58  90  87  46  95  79  84  14
   85   2  88  87  76  27  13  73  31  90  58  34  43 100  36  14  31  88
    8  37  45   4  22  52  46  77  52  52  49  30  13  37  37   4  94  26
    3  22  11  50  30  14  59  87  91 100  32  94  21  41  11  26  93  72
   37  29  80  60  93  71  77  90  81   1  14  91   8   4  48  11   4  42
   29  23  87  10  32  54  50  57  56  69  83  51  73  99  65  67  65  42
   89  52  80  60  45  19  43  21   2  46  72   7  86  86  68  19  49  55
   32  31  53  36  21  23  55  20  10  99  26  28  13  10  57  32  96  65
    6  49  83  30  54  62  46  26  33  95  29   1  35  81   7   6  42  69
   32  23  97  84  56  57  52  38  11  97  79  20  61  52  64  31  46  72
   29  55   8  22  34  47  65  97  73  54  27  45  71  73   7  33  71  97
   12  65  61  92  75  86  30  92  78  64  55  69  64  10  95  65  18  32
   61  20  86  23  25  88  15  91  21  43  21  87  79  29  27  63  55  18
   38  17  29  94  21  72  10  96  65  87   7  68  51   4  16  53   7  58
   87  53  97  86  75  12  91  97  55  80   1  36  68  87  57  12  58  86
   73  24  63  71  16  86  17  29  45  34  65  30  33  82   2  28  15  35
   34  68  36  38   7  34  30  94  52  87   7  66  29  17  17  70  16   4
   15  47  79  17  70   4  78  67  76  84  38  30  60  65  65]
 [  0  17   2  99  48  82  33  32  80  49  61  69  47  34  25  16  18  59
    7   2  54  30   8  45  73  35  18  24  19  43  23  93  19  64  74  91
   95  89  33  52  32  25  16  70  83  73  34  10  84  95  18  31  32  18
   22  91  72   3   2  27  51  64  92  29  77  20  51  81  25  77  38   5
   88  51  10  52  86  93  56  58  82  62  99  40  32  40  78  97  89  67
   50  48  14  51  95  28  41  70  38  93  22  86  30  31  39  22  79  27
   72  39  72  61  54  77  47  41  21  94  17  65  41  75  25  61  57  28
   32  44  83  70  36  45  99  47  86  39  15  25  67  51  85  47  40  80
   79   3  94   3  84  24  37  57  34  72  74  15  64  93  97  68  17  15
    4  41  10  91  57   8  63   7  96  83   4  97  16  28  67  36  81  90
   67  67  72  68  26  90  58  36  85  36  21  56  71  42  60  92  72  86
   70  32  27  52  62  48  18  37  56  40  96  77  63  75  14  45   6  56
   19  64  97  84  78  62  82  18   5   7  90  91  16  30  77  16  73  80
   76   4  16  37   2  53  60  52   7  24  57  73  33  86  36  48  38  99
   50  60  29  20  55   1  70  18  89   1  35  44  46  39  20  48  12  37
   41  76  95  12   2  58  62  84  47  48  54  74  50  40  88  85   5  84
   58  96  25  25   6  34  17  19   4  45  39  87  25  10   1  30  22  13
   45  67  53  67  90  61  63  94  19  30   6  67  21  61   1]
 [  0  78  91  64  94   2  79  48  11  33  62  97  93  16  94  40  79  60
   87  70  63  98  15  52  92  20  54  67  33  12   6  63  91  77  89 100
   69   2  23  84  50  70  44  20  90  57  60  62  45  58  40  91  15  38
   87  47  43  68  64  54  10  93  50  21  89  52  65  60  93  61   2  94
   93   2  28  70  31  26  85  82  99  26  18  53  42  87  16  62  16  24
   20   6  45   3   4  18  23  95  89  28  10  12  66  18  93  81  80  94
   72  21  88  77  54  96  13  65  66  14  59  96  79   1  37  78  64  24
    9   2  76  48  78   9  30  11  79  23  66  59   7  96   8  71  90  49
   54  41  73  73  81   6  84  99   7  33  99  47  94  35  72  13   8  79
   73  42  91  61  32  43  37  79  64  72  52  96  59  54  69  76  64  76
   59  14  91  52  41  99  89  70  71  91  74  59  41  63  78  11  40  41
   24  49  48  54  80  23   3  65  27  50  94  12  99  88  93  18  12  59
   27  15  83  20  60  14  49  73  47  56   9  84  31  93  68  15  83   9
   14  38  87  19   7  88  24  12  23  49  21  51  78  79  22  47  86  58
   50   9  78   9  75  56  32  60  14  23  81  15 100  47  74 100  28  57
   67  98  53   9  49  39  69   7  32  25  13  47  77  97  82  76 100  48
   73  51  21  12  78  48  13  44  96  52  72   5  63   8  62  70  89  93
   96   5  53  65  20  73  88  25  18 100   3  29  72  52  14]
 [  0  34  75  32  46  53  45   9  34  77  42  51  86  50  65  16  15  16
   81  14  46  32   7  79  80  24  79  47  94  99  43  57  58  54  20  43
   28  68  71   1  50   2  87  62  92  32  41  33  65  26  79  36  81  27
   94  24  75  18  90  92  18  35  39  95  17  32  32  41  30  35  15  35
   43  53  70  32  47  51  81  73  75  58  39  68  73  35  96  30  46  15
   10 100  55  33  46  56  54  63  50  64  18  21   5  72  98  59  31  35
   37  77  43  91  27  55  85  46  62  32  96  30  76  54  58  95  15  32
   68  12  96   9  69  36  85  92  34  12  26  84  69  23  83  10  71  13
    2  88  86  32  66  69   2  95  87  41  83  84  45  77  38  55  98  68
   56  97  47  36  68  81  28  60  68  86  39   2  46   4  46  22  10  16
   72  15  47  84  26  10  77  10  47  40  22  55  62  68  54 100  29  12
   99  22  71  82  90 100  81  74  96  37   4  28   8   2  77  15  58  90
   10  14  28  24  37  61  78  52  11  82  21  38  53  58 100  27  21  75
   89  66  89  64  11  49  41  40  66  18  18  20  41  63  57  46  56  18
   99  61  73  97  93  39  31  60  30  81  10  53  24  73  71   6  49   8
   18  75   9  66  98  83  13  27  22  44  42  69  71  37  21  98   8  31
    9  64   5  77  52  52  16   7  63  84  27  28  31  94  98  91  43  77
  100  94  96   3  47  75  64  86  52  65  86  26  36  65  65]
 [  0  94   4  24  30  23  85  21  18  87  31  60   8  91   8  66  12  80
   64  92  92   2  66  77  78  43  15  34  26  40  13  17  42  83  26   3
   56  94  48  58  46  99  10  58  18  31  30  79  72  36  67  20  73   6
   75   7  21  47  42  71 100  53  18  49  40  42  86  25  74  47  88  79
   24  64  52  28  21  72  69  32  66  56   3  76  54  77  44  68  25  42
   72  81  93  47  33  53  24   5   9  31  57  85  13  57  38   4  26  54
   49  76  88  75  58  96  50  18  92  97  14  46  51  98  58  45  85   8
   63  61   9  85  50  89  50  59  52  87  70  76  24  87  23  49  12  58
   87  91  29  95  41  67  64  17  48  95  80  96  87   4  78  97  76  44
   23  65  55  90  26  25  89  68  10  68  22  94  55  85  50  22  74  57
    7  69  77  35  44  79  78  95  92  30  36  80  89  19  95  66   5  56
   33  78  14  85  15  33  26  60  19  29  68   1  80  12  82   3  13  56
   31  96  68  66  99  40  57  85  70  97  11   6  73  32   1  45  54  12
   65  69  85  19  27  73  91  13  15  54  31  17  80  39  31  49  35  87
   65  64  75  10  82  42  76  33  20  14  89  75  88  66  83  70  87  44
   95   8  75   6  79 100  63  17  45  58  57  53  87  33  39  34  75  25
    7  88  45  46   8  74  11  88   8  19  13  55  15  24  35  44  63  73
   97  27  37  67  89  66   6  90  89   3  29  78  91   6  79]
 [  0  67  88  56  36  54  76  30  82  68  28  41  99  37  90  92  92  64
   84   1  66  97   7  55  40   3  27  72  90   7  28  19   2  51  10  49
   72  17  65  61  78  29   1  49  34  86  84   2  57  49  22  73  38 100
   43  71  43  40  77  37  99   1  34  28  43  26  78  28  38   5  90  54
   91  99   3   4   9  33  27  16  79  50  47  33  22  14  45  15  57  53
   26  10  24  33   7  44   4   2  87  76  57  79  34  10  11  11  89   1
   14  68  53  96  75  72  47  70  78  71  69  91  13  39  89  48  18  12
    5   6  56   1   5  13  38  38  78  36  80  29  98  50  65  94  83  31
    2  20  39  94  91  43  34  73  81  89   1  22  41  59   4   2  96  48
   78   4  74  37  61  85  60  67  81  99  67  67  87  65  70  95   9  57
   64  33  99  28  45  37  90 100  69   5  61   1  70  17  81  75  23  11
   46  27  72  91  28  84   4  44  77  97  67  90  81  19  39  47  23  16
   82  18  95  18  88  90  48   8  51  81  98   3   8  56  91  64  42  77
   51  61  75  96  95  17  96  84  42  22  26  68  49  22  63  59  45  34
   92  35  96  33  39   2  78  77  55  66  95  53  23   4  11   6  60  51
   30  59  62  11  38  52  81  50  10  22   4  72  97  98  80  57  53  79
   35  10  23  87  55  42  12  65  52  25  11  12  24  42  89  52  88  71
   52  10  28  59  86  17  11  94  48  31  37  91  32  71  75]
 [  0  59  31  96  95  89  62   8  37  38  33  52  58  32  51  16  69  24
   68  37  29  57  72   4  34  50  54  71  51  39  81  80  93  99   1  80
   88  82  91  43  83  35  64  84   6  12  70  66  78  87  48  56  30  46
   94  57  34  87  42  49  69  42  84  31  13  58  63   8  34  10 100  48
   21  72  74  82  43  85  71  40  79  51   3  60  65  41  43   4  33  33
   13  30  42  73  68  35  25  51  89  78  71  20  14  85  93  99   1  50
   30  70  69  15   2  23  98  69  70  35  82  57  70   9  26  50  35   1
   18  78  11  59  50  59  30  43  64   2  11   6  29  42  36  44  10  71
    7  90  61  59  97  43  17  69  79  73  38  21  35  12   5  46  64  69
   61  25  99  67  33  16  38  87  37  91  58  12  37  76  99  64  31 100
    3  34  44   1  71  18  84  92  30   1  22  11  87   7   4   5  23  35
   92  49   5  41  45  77  15  81  78  74   7   6  63   6  34  80  72  67
   95  84  10   6  84  23  90  68  96  26  86  59  67  54  64  37  28   9
   83  80  41  38  43  39  66  95  19  89  63  95  43  39  71  26  60   6
   27  56  62  18  79  57  43  27  36  63  34  59  45  29  16  68  80  92
   14  63  44  68  64  69  28  31  91  82  26   3  39  27  87  23  78  50
   73  84  88  78  20  80  98  33   8  79  64  30  47  73  77  85  98 100
   65  46  78  13  79  19  39  88  37  80  39  12  55  83  72]
 [  0  66  21  53  94  15  67  94  21   8  75  54   2  86  30  57  10  65
   63  97  98  95 100  94  18  62  42  73  25  61  55  10  88  13  10  73
   28  56  33  27  26  14  82   6  59  73  88  95   9  43  13  99  53  72
    1  22  13  51  67  23  66  27   1  16  27   6  57   6 100  67  37  46
   90   9  49  52  32  12  11  73  59  19  28   5  66  44  19  57  20  38
    2  81  26 100  66  88  16  65  48  54  94  10  50  27  50 100  69  48
   73  90   8  42  45  87  22  78  56  50   8  72  83  98  12  38  13  82
   10  27  47  12  38   3  16  89  28  66  12  92  59  82  26  99  47  49
   56  88  92  70  70  97   4  27  27   8  62  44  35  61  48  63  22 100
   91  72  94  17  38  11  80  96  80  16  96  52  28  21  57  68  16   7
   91  25  63  95  22  41  58  54  66  90  22  98  50  53   3  44   3 100
   55  31  55  58  56  66  11   5  83   1  30  41  58  62  78  44  59   5
   12  18  53  53  62  50  78  69  35   6  78  38  84  44  54  84  73  95
   69  61  47  31   3  43   4  94   4  64  96  73   5   8  66  58  38  72
   35  25  30  78  37  45  81  56  29  71  90   7  74   1  81   9  71  35
   25  25  42  46  35  33  35  36  72  60  54  22  94  50  61  49  74   6
   93  40  31  33  55  92  84  88  92   4   6  78   3  83  52  95  12  45
   32   9  43  17  15  60  69  76  69  92  29  56  92  99  92]
 [  0  53  82  97  25  23  66  78   3  53  52  85   5  15   9  32  57  94
   97   2   2  42  96  23  19  16  20  45  66  54   6   4  88  46  85  85
   24  90  26   8   3  88  80  78  11  24   3  50  57  41  72  17  12  89
   20  34  42  63  73  26  95  25  37  13  81  52 100  82  39  92  96  40
   28  17  97  64  21  19   8  75  28  54  26  77  44  41  78  20  87  93
   72  88  52  70  91   8  71  10  68  19  81  33  75   4  85  34   3  44
   43   9  13   1  37  55  76  81  62  23  90  99  40   4  49  32  53  94
   71  89  21  86  94  73  70  69  93  48  18  43  77  88  90  66  89  25
   74  20  73  90  64  35  29  13  49  69  96  16  38  66  96  49  96 100
   25  56   8   8  18  99   6  23   4  76  62  79  12  43  57  78  56  78
   76  84  85  39  42   7  58  49  81  58  84  45  43  66  75  97  64  14
   10  36  33  94  51  79  30  97   8  69  27  34  46  43  42   9   7  50
    4  16  23  76  80  57  15   5 100  46  43  30  64  70  95  36  35   5
   98  35  94  79  42  69  74  37  68  89  69  12  35  60  36  91  84  51
   42  90  40  30  90  30  54  24  75  61  75  13  61  42  61  53  52  14
   86  45  35  11  29 100  15  63  86  21  91  87  17  13  74  55  31  48
   76  76  88  81  84  65  30  50  14  68  66  21   1  91  13  99  81  19
    7  23  63  33  17  98   7  43  30   1  28  51  45  88  26]
 [  0  79  21  88  66  56  33  66  17  97   5  99  11  79  22  81  26   8
   23  56  61  74  99   2  83  46   8 100  38  74  14  99  70  26  90  66
   16  74  95  69  79  67  63  92  31  38  52  99  39  18 100  99  14  43
   19  45  78  83  56  74  82  13  51  67  50  52   9  33  91  60  71  19
   41  74  84  78  26  24  16  63  53  51  53  57  54  56  27  90  95  91
   63  11  65  11  93  41  10   9  12  44 100  63  33  31  40  14  68  39
   27  65   8  49  32   4  86  85   3  98  47  84  12  89  34  83  53  97
   87  37  55  43  57  37  51  30  79  41  40   6  39  44  61 100   8  66
   55  62  58  97  17  78  20  14  57  87  74  88  42  93  51  34  70  34
   90  48  73  46   4  91  26  52  35  17  19  53  93  43  21  96  15  60
   36  28  92  25  61  13  95  97  77  95  31  69  75  95  87  90  86  20
   96  62  65  68  89  43  37  97  11  25  54  31   7  72   8  26  92  91
   41  15  12  30  23  61  27  13  88  18  73  24  79  35  16  26  22  56
   54 100  42  61  43  23  49   7  92   2  51  41   4  83  81  49  65  40
   57  43  63  15  80  90  71  11  75  90  27  14  17  75  86  93   8  21
   93  60  49   3  96  11 100  50  68  15  66  29  83  99  32  49  42  58
   40  88  68  57  96  72  77  56  18  40  41  38   4  33  88  71   4  21
   68  20  22  37  59   1  17  30  91  31  21   1  76  52  88]
 [  0  59  45  13  72  15  17  75  33  64  92  21   1   8  27  30  98  80
    5  72  86  50  77  73  67  23  75  64 100  92  64  29  88  53  11  14
   97  55  21  37  19  27  33  96  84  18  88  18  83 100  99  46   5  40
   70  74  66  92  34  16  13  48  82  22  30   5  96  13  61  28  11  52
    8  14  21  79  20  74   1  19  32  31  57  72  72   6  67 100  86  12
   56  37  74  44  62  36  32  56  92 100  17  58   9  68  85  29   4  26
   76  50  77  99  11   4  42  60  39  67  63  67  20   4  31   4  38 100
   35  91   6  28  15  36  41  10  24   5  56 100  67  51  17   6  80  27
   19  90  38  28  28  57   1  36   4  90  58  98  48  78  64  27  11  96
   87  59  52  97  51  72  30  74  49  64  87  71  97   7   4  90  25  33
   61  70  51  66  10  30  33  42  64  49  83  67  42  18  65  71  59  21
   58  20  44  76  77  92  74  84  63  23  10  45  61  24   6  19  81  21
   16  22  75  99  98  76  45  85  73  91  63  72  15  30  75  68  58  94
   48  26  25  21  96  36  80  32  69  95  88 100  65  84  62   8  36  30
   22  69  37  18  79  66  37  58  72  21  15  19  94  70  86  36  35  52
   92  14  94   2  43   7  96  42  79  13  88   8  44  68  64  43  59  64
   64  57  95  91  66  86  74  34  10  61  62  69  15  54  73   5  57   5
   22  38  35   5  31  76  45  32  73  17  14  44  14  57  90]
 [  0  69   2  35  85   8  32  85  95  57  97  96  90  96  41  20  79  48
   84  15  31  16  39  55   3  83  96  21  96  70  77  38  95  76  37  88
   78  34   3  18  45  36  60  53  16   7  87  96  58  56  85  42  62  70
   89   6  10  31  92   6  69  69  15  71  76  20   5  86  38  24  58  97
   20  25  67  29  91  80  69  48  47  57  59  74  47  46  61  24  66  43
   11  82  53   9  99  66  52  15   8  91  53   7  46 100  76  68 100  34
   85  20  32  37  75  57  92  39  33  24  38  27  86  40  12  53  71  10
   97  77  97  90  94  79  85  88  81  53  42  97  61  19   9   5  92  30
    5  86  42  38  85  72  41  27  54  81  64  51  46  80  91  92  25  72
   20  11  46  19  22  92   8  20  65  72  90  99  65  90  56  76  90  53
   62  14  44  13  28  41  32  90  91   8   4  33   3  72  57  65  89  59
   67  98  48  18  45  50   5  36  41  26  73  53  55  49  18  17  42  92
   99  20  37  51  47  96  36  93   9  67  86  14  75  16  96  73  56  32
   19  85  11  35  90  72  12  84  89  22  77  87  75  87  36  83  43  94
   21  23   4  39  90  70  43   1  82  44  71  92  11  90  17  19  87  69
   34  74  64  29  63  22  47  99  42  49  94  11  80  32  95  73  94  86
   25  13  22  13  11  28  49  91   4  12  57  12   3  91  39  87  40  13
   62  87   8  98  65  81   1  85  45  47  80  34  93  26  52]]
 setup_times
 [[[ 0 20 15 20 19 15]
  [ 0  0 22 29 24 15]
  [ 0 28  0 15 27 24]
  [ 0 15 22  0 17 27]
  [ 0 18 17 26  0 15]
  [ 0 24 15 18 21  0]]

 [[ 0 29 23 20 19 27]
  [ 0  0 20 20 21 27]
  [ 0 25  0 19 16 21]
  [ 0 22 25  0 19 22]
  [ 0 29 21 20  0 22]
  [ 0 22 18 18 15  0]]

 [[ 0 19 20 22 17 27]
  [ 0  0 18 27 17 16]
  [ 0 17  0 15 29 21]
  [ 0 16 25  0 15 26]
  [ 0 18 25 24  0 29]
  [ 0 28 29 26 19  0]]

 [[ 0 22 27 18 17 22]
  [ 0  0 29 20 27 16]
  [ 0 22  0 29 19 25]
  [ 0 19 16  0 17 17]
  [ 0 28 24 26  0 26]
  [ 0 27 19 27 23  0]]

 [[ 0 29 15 18 18 24]
  [ 0  0 25 23 15 21]
  [ 0 29  0 22 28 21]
  [ 0 16 21  0 19 21]
  [ 0 18 20 21  0 23]
  [ 0 22 29 27 25  0]]

 [[ 0 20 24 15 23 17]
  [ 0  0 16 18 21 28]
  [ 0 17  0 24 24 23]
  [ 0 16 22  0 24 27]
  [ 0 17 20 21  0 17]
  [ 0 21 25 26 29  0]]

 [[ 0 18 16 20 26 24]
  [ 0  0 26 18 15 26]
  [ 0 15  0 18 21 20]
  [ 0 27 18  0 22 28]
  [ 0 28 15 22  0 17]
  [ 0 16 27 29 17  0]]

 [[ 0 20 17 19 26 18]
  [ 0  0 15 17 26 19]
  [ 0 26  0 23 26 22]
  [ 0 18 20  0 29 25]
  [ 0 25 27 17  0 21]
  [ 0 27 21 18 25  0]]

 [[ 0 25 25 27 16 28]
  [ 0  0 28 17 26 19]
  [ 0 24  0 28 28 24]
  [ 0 17 29  0 25 15]
  [ 0 15 26 24  0 27]
  [ 0 25 24 19 29  0]]

 [[ 0 29 21 25 22 21]
  [ 0  0 20 21 18 19]
  [ 0 16  0 17 19 19]
  [ 0 25 28  0 20 20]
  [ 0 16 17 21  0 26]
  [ 0 20 28 27 22  0]]

 [[ 0 26 21 25 22 27]
  [ 0  0 19 20 16 15]
  [ 0 20  0 25 27 16]
  [ 0 19 22  0 19 15]
  [ 0 25 26 20  0 29]
  [ 0 18 24 15 15  0]]

 [[ 0 22 18 28 18 20]
  [ 0  0 19 28 27 25]
  [ 0 17  0 24 23 17]
  [ 0 19 19  0 22 26]
  [ 0 20 18 18  0 19]
  [ 0 28 25 17 19  0]]

 [[ 0 19 16 20 27 20]
  [ 0  0 18 17 26 20]
  [ 0 25  0 26 21 24]
  [ 0 26 28  0 22 24]
  [ 0 27 26 18  0 26]
  [ 0 16 20 18 26  0]]

 [[ 0 20 17 21 25 29]
  [ 0  0 15 27 16 27]
  [ 0 29  0 24 25 28]
  [ 0 25 18  0 27 28]
  [ 0 26 27 23  0 28]
  [ 0 24 22 23 27  0]]

 [[ 0 28 27 29 26 19]
  [ 0  0 24 22 24 24]
  [ 0 20  0 25 29 22]
  [ 0 15 29  0 29 16]
  [ 0 17 22 21  0 27]
  [ 0 15 27 25 23  0]]

 [[ 0 17 22 26 23 27]
  [ 0  0 22 23 29 23]
  [ 0 19  0 27 17 17]
  [ 0 17 28  0 23 27]
  [ 0 24 27 18  0 24]
  [ 0 15 21 23 20  0]]

 [[ 0 17 16 16 22 16]
  [ 0  0 17 27 19 28]
  [ 0 20  0 28 18 25]
  [ 0 16 25  0 20 18]
  [ 0 20 26 15  0 18]
  [ 0 18 18 28 28  0]]

 [[ 0 18 28 17 24 27]
  [ 0  0 21 16 29 29]
  [ 0 15  0 25 29 27]
  [ 0 21 22  0 23 24]
  [ 0 29 17 21  0 22]
  [ 0 21 16 23 21  0]]

 [[ 0 18 26 25 29 28]
  [ 0  0 21 25 27 17]
  [ 0 28  0 17 25 23]
  [ 0 17 15  0 20 28]
  [ 0 27 29 22  0 26]
  [ 0 28 24 28 18  0]]

 [[ 0 19 20 23 25 24]
  [ 0  0 21 20 24 16]
  [ 0 28  0 23 27 21]
  [ 0 20 19  0 15 29]
  [ 0 17 25 20  0 22]
  [ 0 26 22 25 15  0]]]
 delivery_times
 [[ 0  4 15  8  3 25  9 16 17 16 19 24  4 11 12 29 23 15  2 14 10 27  6 21
   5  9 17 12 19  8 15  2 19  2  9 25 24 11 18 10 24  8  5 16 20  4 26 13
  18  9 22 29 18 24 24  7  1 15 12 19  3  3 11  3 15 29 23  3  8  4  3 13
  27 14 17 16 28  1  1  1 12 12 13 23 14 20 24 11 29  5  4 19 18  4 20 12
  29 18 25 11 15 13  6  6 29 11  3  5 17 16 11  2  8 28 25  5 26  7  5 17
   7 21 21 10  8 17 28 12 24 27 12 24 17 19 18  2 25 12 14 12 12  5 26 11
   7 19  1 20 24 25 12 18 14  2 23  9  8  1 10 15  7  8 17 13  1  3 17 20
  14  5 16 10 22 21 15  8 17 27  7 15 25  4 15 21  5 19  8 19  4  7  4 17
  22 10 27 22 22 17  1  5 15 20 14 25  3 29 18  7 15 17 16 23 29  6 23 28
  18 21  9 14 26 13  2 20 13  5  1 11  4  8 17  8 28  8 19 22  5 28 12 10
  21 16  5 27  1 21 12 26  6  8 17  3  6  7  2 20 26 12  3 27 10 15 21 14
  18  1 27 25 14 21  1  1 17 21 20 12 23 21  5  4  1  7  2 22 28  4 16 17
  29  4 14 22  5 13  4 13 24  1 10  8  5 23 28  9 22 14 12 14  2  4 21 21
   2  6  1 12 28  2 24 17  7]
 [ 0  5 14 22  9 15 26 17 24 22 25  6 26 29 13 23 29  6  7 17 11 17 11  4
  14 10 16  5  7 28  4 19 12  5 13  1 25 12 14 27  4 14 20 12 15  4  1 21
  18  5  5 20 21 25 16 23  2 16  8 14  9 27 11  1 17  2 19 15 26 20 18 27
   7 22 25  1 23 13 14 13 29 10 10 15 13 29  2 27 26 18 29 29  5 13 15 18
  25  6  2 18  9 23 13  8  3 11 19 12 21 24 26  4 20  7 13 22  4 14 14 27
  17 28 15  6 28  5 21  3  7 19 21 26  7 19 28 21 18  1 28 19 27  3 22 15
  22  3 14  8 15  6 24  5 23  8 28  4 25 14 16  1 26 16 20 26 23 23 16 15
   2 29  3 21 18 20 27 18 29 16 15 27 26  7 26 20  2 17 23 20 26  8 13  6
   8 20 20  4 17  8 24 18  8 24 26 27 23 12 17 18  7  1 26  2 15  4 15  5
   6 22 26 16 24 24 15  5  2 11 12 17 18 29 19 20 11 21 16 12 11 19  6  8
  11 21  3 14  7 10 18 10 14  1  9 13 29  7  4 20 24 13  9 27 12 15  6  5
   8 21 23 18 28 28 26 27 10  7 28 23 25 21  8 28  4 24  3 18 19 12  6 14
  23 29  3 17  7 24 19  6 13 26 14  3 14  1 28 22 14 11 18  8 27 19 20 29
  14 13  9 29 12 18  5  7  8]
 [ 0 22  9 24 28 18 14  9 13  1 16 12 16  6  9  1 26 19 12 17 13 25 13 22
  15  6  6  3  8  2 18 28  9 10 14 29 29  5 15 25  3  1 15 16 10  3  5  6
  12  5 15  1 23  7 27 25 23  9 10 15 18  2  3 25  7 28 12  2 19 24 15  8
  27  4 23 29  3 19 14 17 10 13 18 23 23 12 24  2  6 16 25 16 26 19 10 13
  27 23  1 17 21  3 15  4 26  3 10 28  3 21 15 28 14 10 24 20  6 10 21 10
  11 10 21  3  8  1  7 26 12 25  3 21 24 13 16 23 26 11 23 21 18  5  9  9
  23  8 29  9 29 22  3 10 23 13 18 29  3 25  8  7  7 29 24 15  9  6  7 18
  25 12 26  5  5 15 12 11 15  2 13 13 11  6 17 25  5  4 26 18  8 19 16 21
  29 26  2 12 15 25  9  3  4 16 23 28  5 25  3 17  2  7  7  6 13 21 20 28
  14 27  7  2  6  6  5 17 14  1 13  9 21  5 15  3  6  7  5 19 12 28 29 13
  25  5 20 10 13 13 23 14 24  2 19 28 15 14 21 26  8 24  5 20  4 18  4 11
  14 16 26  1 23 29  4 17 15 12 26 16  3 21  1 16 21 25 27  1 29  5 29 29
  17  7 11 10 29 26 19  7  4  1 27 28 26 22 24 22 19 21  7 15 26 28  5 20
  20 27  8 16  2  3 27 26 25]
 [ 0 25 25 27 25  2 18 24 27 22 12 26 11 17 25 14 22 29  6 27  2 25 24 13
   2 11  8 18 25 23 15  3 20  9 26 22 13 29  9  4 27 18 14 14  2 28 22 22
   9 24  6  8 13  4  5  4 22 27 12  6 14 15  3 28 28 12 27 25 16 21 18 13
   2 21 24 16 28 25  6  3 13  6 20  1 27 23 10 23 10 17  8 21 22 23 21 27
  11 18 11  3 26  9 18 10  9  6  4 17 25 20 26  9 15 20 21 26 20 22 14 20
   4  6 14 24 20 28  4 29 15  6 14  9 15 13 19 13  6  5 20 14  4 26  9  9
  21 29  5 18 15 14 18  4 14 25 10 26 21  4 14 25  7  4 21 16  2  2 21 24
  17  9 28  8 25  2  2 10 17 12 25 28  1  4  2  7  4 14 27  4 16 18 18  3
  20 24  4  7  5 26  1 24 26  2  8 16 17 27 24  1 27  9  6 28 21 14 10 19
  27  9 17  9  4  4 15  2 24 13  9 15 10 21 24  1 28 25 17 18 19  3 12  3
  13 21 29 10 24 22  8 26 13  7 15 29 23 29  4 28  7  5 16 26  7 20 13 27
   2 26 27  2 15 10  3 16 28 17  9  3 22 10 17  5 11 29  6 18 25 10 12 22
   2 26 17 18  5  9 22 17 20 14  6 15  5  7 23 15 11  8 21 16 24 13 23 11
   3  1 17 22 15 29 14  7  6]
 [ 0 22 28 17  8  4  1 26 10 24 21 19  8 19 12  1 24 24 24 19 19 18 19  5
  17  2  4 16 29 28 21 27  2 10 13 17  6 16  1  2 11 28  9  1  5 18  9 17
   9  3  3 16  8  6  1  7 22 22 22 20 10  3 12 25 22 14 20  3 28 25 19 18
   2 23 12 17  1  9  2  1  3 23 23  1  2 20 22 26  8  5  7  5  1 16  8 18
  29  3 14 18 27 11  3  3  2 12 10 24  4 22  6  7  6 22 25 10 25 18 19 28
  19 17 13 21  1 29 28 29 29  1 17 11 28 15  2  6 17 11 26 23  1  6 27 18
  10 28 21 16 28 19  7 25 22 14 19 22  3 22 11 21 17 23 14  4 22  8 14 25
   8  6 20  6  2 11  9 20  4 28  3  7  2 16 12  9 29  1  3 13  4 20  3  1
   3  8  6  9  6 22 11 10 17 29 15 20 19  5 12  4  5  9 23  5 12  3  7 11
   8  5 24 11  1 16 15  5 16 11  7 26 24  5 21  7 10 28  3 23  7 10 21 27
   5  7 12 10 16 27 29 15 11 18  9 12 27  2  1 22 13  1  3 26  9 22  3  2
   1 25 14 24  9  8  4 20 24 24  2 15  5 25  1 18  2 22 17 18 28 23 16  4
   2 22 15  4  9  6 11 18 25  8 12 18 18 21  8 26  4 19  1 16 13  7 21 15
  28 14 22 28 29  1 24 14 18]
 [ 0 21 18 20 12 18  2  3 23 25 15  4 25 10 20 20 28 14 19  9  2 26 24  7
  16 13 11 10 28 26 12 10 22 24 29 28 25 22  3 29 20  1 13  7 28  7 28 26
  26 10 19  7 17 27 17 22 16  8  6 14  7 21 20 26 18 22 15  5 20 21 27  2
   5 25 29  3 25 15 12  8 16 24 20 27  8  1 25  8 26 29 21 13 18  5 25  5
  18 13 11 29 19 29 23 16 23 22 16 19 15 19 19  6 19 19 23 23  1  6 16 21
  13 17 27 25 14  5 27  5 27  1  6 18 21  6 20 13 14 19 26 20 17  6 27  2
  14 26 25 21  2 15  9  7 11 12 11 26 15 26 12  4 12 15 13  2  9  3  8  7
  24 27 26 19 27 10  7 16 29  1 12 18  9 15 17  4 15  1  7 10 25 23 10 19
   2 28  2  5  9 26 17 17  2 17 10  1 10 14  2  8  2 19  2  7 29 24 23 27
  29  3  9 24  9 11 28 25 28 11 18 18  2 29  1 20  2 22  5 20 26 22 22  9
   4 15 21  2 10  4 18 29  9 25 10 25 26  6  8  2  3  7  9 28 18  7  6 22
   2 20  3 19 13  8 25  4 20  5 18 22 13 22  1 12  4  3  8 15  3 20 20 21
   5 11  3  9  1 28  6  9 28  4  4 12  4 18  6  8  6 15  9  3  3 10 12 26
   5 21 28 21  5  4  6 12 12]
 [ 0 20  8  2  6  1 12 21 26 27 10 26 13 25 24 25 23 24 22 23 14  7 15 10
  29 28 29 23 27 18 19 23 27  8 29 24 23 25  4  9  4 20 14 13 19 18  6 17
   9  9  5 18  3 17 11 24  5 19 23 21 13 10  7  6  5 27  9 24 26  5 17 23
   7  7 28  3 14  1 10 17  9 27 26 23 11 21  2  3 13 26  5 22 15 29 16  9
  25 17  2 22 27 17 27 23  2 10 20  9 25 25 14  7 19 16 17 29 29 23 26 16
  25 22 20  4 19 13  9  3  5 17  8 20 28 19 20 10 16 19 12 11 27 17 19 25
   5 20  1 23 12 14 27 28 19 29  9 15 12  7 22  4  1  2  5 14 12  6  2 10
  22 24 14 23  2 16 13 17 15  8 17 20 24 12 24 18 25 24 21  3 15 23 17 13
   1 18  7  1 23 26 10 20  5 28  6 14 10 24  6  4 26 22 11 13 29  8 24 28
  11 24 25  8  8 17  6  3  7 25 17 14  6  5 13  1 18  5 24 27 19 24 24 23
   2 28 17  3 23 10 29 16 16  6 24  9 16 11  4 28  7 10  8 18 19 27 10 16
   1  6  1 22 14  8  2 16 24 20 18  1 18 25 18 10  3 18  7 19 27 11  5 12
  15  6 21 22 21 20 16 21 11 28 18  6 14 16 19 12  9  1 19 27 10 24 29 15
   4 10  5 14 14 21 16 11 20]
 [ 0  6 26  3  2 25  6 24  1 23  6  3 20 11 27 16  9  1 27 17  7  5 11  4
   2 27 28 18 28 19 18  5  8 10 15 19 28 18  5 24  6 24 29 10 17  3 20 20
  26 14 22  2 17 27 15  2 19 25  2  3 17 27 10  7 29 26  6 22 22 12 20 15
  22  2 21 18 25 29 24 15  6  1  5 18 20 10  3  7 18 18 27 25 29  5 26 25
  26  4 17 27 21 19 20  2  3  2  8 28 25 28 13 10  3 10 20 27 25 24  2 24
   2 15  2 10 21 28 26 24  9 10 21  9  2 10  5 19  7 17 24  6 28 25  9  9
   7 12 19 22  1  4 22 22 14 25 13 18 29  2  7 26 11 18 14 19  8 10 16  1
   5 20 24  2  4 27 12 22 27 13 19 16 18 26 22 16 10  5 10 26  1 26 26 19
   2 17 14 14 18 28 22  8 18 19 21 17  8  6 14 10 16 25 16 15  8  6  6 28
  25 25 22 24 14 13  8 26 25  1 26 19 25 26 19 27 16  8 10  5 17  4 12 22
  18 22 23 28  4 13 12 27 28 27 23 17 26 20  6 29 26  5 22 27 23  8 11  2
  15 24 19  7  4  3  1  2 15 15  7  1  4 25 21  8 11  3 17 23  9 18 24 24
  22 11  3 16 26 11  3 16 28 21 17 22 29 21  2  8 10 17 17  3 16 12  6 10
  19 14 18 12  7 12  6  2  2]
 [ 0 17  4 21 25 27  9  2 23  4 23 12 24 25  1 16 26 26  9  3 26  8 10  6
  19  3  4  8 13  4 21 17 14  4 29 29 14  8  7 19 20  4 28 14 17 14 14  3
   6  9 25  7  5 27  1 19 10 11 21 28 21  9 21 16 23 19 16 28 15 29 15  9
   5 22 16 12 12  4 12 25 16 17  4  7  6 11 20  6  8  7  1  5 22 11 18 20
  26 20 16  2 23  6  4 21 11  7  6 23 28  4  9 25 26  7 26  9  3 18 28 11
   6  6  6 16 22 24  6  3  1 25 28 25 20 19 14 12  7  1 19 27 26  8 22  7
  19 25  6 14 15 20  6  3  6 24 19 13 26 22 18 23 11 21 24 18 15 20 19 14
  13 14  3 23  2 15 10  5 20 29 11 12  7 20 23 11  7 22  4 13 28 26 15 20
  10 14  8 14  3 28 11  3 10 15  9  6  6 12 24 13  1 29 21 24 21 26 28  3
  24 29  4  7 13 28 11 19 18 13  1  4  5 15  9 27 11 20 25 16 12 14 21  5
  27 26 23 27  3  1 25  2  2 10 15 18 23 13 23  7 16 21 27  8  3 25 25  1
  19  3 14 11 17 25 16 29 11 18 24 11  1  9  9  5  7 10  2 18 12 26  4 19
  12  6 10  9 29 23 18 24  5  8 27 15  6  7 25 26 26 22  9 25 29 28  4 17
  14 22  8 27 15  7 19 13 15]
 [ 0 25 27 28  1  7 10 14  2  6 16  9 19  9  2 20 24 21  6  8 20 23 24 22
  14 11 13 15 22 14 16 23 19 22 10 11 14  5 19  4 23  7  6 21  4 26  4 22
   5 11 24  6  2  2 22  5  4  7 27 26 14 16 12 12 18  6  3  2 28 28  5  9
  18 29 12 27 23 20 18 29 29 26 13 21 15  9 26 20 26 28 12  2 20 18 25 25
  22 14  4 10 18 18 21 28  1 20 11 23 28  9 10 16 17  4 20  8 26 26 17 22
  28  7 26 26  7 22 23 18 29 23 25 15 26 25 13 15 27 23  8 21 24  9  5 15
   8 23  6  7  8  3  4 17 27  9  3 26  8 10 16 25 15  3  2  9 26  6 18  6
   8 19  1 26 22 17 26 16 25 10 29 18  8 14  1 19 28 13 27 12 24 14 24  9
   4 17  4 20 24  6  3 23  1 11 14 28  1  7 12 22  5 18 22  3  1 11  4 11
   3  2 25 24 22 24 27 19 13 29 15  3 17 29 10 29 16  5 24 24  3 11 13 26
   5 21 26 11  9 18 17 18 13 14 25  5  5 23 28  4  9 28  5 25  1 25 11 17
  19 23  8 27  8 17  5 25 25  7 16 21 11  1 11 14 26 21  3 21 29 22 25 17
  27 14  4 20 18 24 22 13  3 27  4 28 23 28  5 10 11  2 15 24  4 26  9  9
  26 15 12 27 23 20 11 14 12]
 [ 0 10 25 23  1 18 12  1 16  5 21  5 28 20 22  2 16 23 25 28 13  2  9  5
  10 26 16 24 13 12 16  3 26 16 12 13 25  5  6  3 28  3 15 24 25 21 21  2
   7  2 26  9 21  3 28 18 29  9 27 27 22 25 12 26 27 12 20 29  7  4 22  5
  22 27 20 20 21 22 29  3 27 14  7  5 11 25 24 11 27 15 25 25 12  1  3 26
  18 28 21 29 15  1  2 19 18 18  9  7 16 24  2  2 15  9 23 27 26 21  1 16
  22 17 15 23  3 26 28 25 17  5 26  4 25 27  9 13 20  8 23 12 22  3 29 25
  17 23 12 15  9 14 25 25  1 15  5 10  4  7 14 15 29 21  4  8 17  5  3 26
  22 13 16 20 11 16 15  4 27  9 10  8 17 20 24  9 29  3  6 17  9  3 21  5
   4 12  8 19  9  6 24  9 24 20  6 17 21  8 15 17  8  5  7 29  2 17 19 14
   5 11  5 18 17 15 27  6 13  2 23 20 25 14  1 21 16  6 26 19 23  8 29 12
  17 12 18  3  4 12 21 10 13 23 22 26 18  2 14 16  3 22 13 23 22  1  9 29
  25  8 29 29 20  4 13 14  2 29  9 20 21  4  1  8  1 21  5  5 14  2 15  4
  27  4 28 23 22 24 29 19 18  7  4  4 25 13 23  8 24 26  7 14  8  6 25 28
  26 27 22 11 19 15  4  8 19]
 [ 0 23 24 18 27 23  3  8 27 28  3 23 29  5 13 16 13 12 20  9  3 28  3 21
  22  3  8 19 25  3  6 21  8  2 12 14 28 13  1 13 24  7 25 23 17 16 24 10
   5 23 22 27 10 18 25  3 15 27 16  2 23 26  2 13 22 18 28  2 16  2  7  3
  29 16 17 12  2 22 28 24 13 21 25 10 27 12 27 28 29 18 25  9 25  5 12  6
  26 13 20 29 28  2 12  3 12  6  4 22 23  8 13 25 28 11 24  1  9  7 22  1
  22 16 19  3  8 21  7 16  7 11  4 20 29 18 27  6  1 19 28 27 27 28 14  9
  19  5 20 24  7 25 28 25  5 12 23 16 17  8 20 25  9 27  1 26 17  4 11 22
  28  5 26 21  6  2 13  4 17 12  8 29 22 22 25 10  9 17  5 28  9  1 20 13
  13 25  1  2 26  3 28  6  2 19 28  8  2 20 20 29  5 25  4  3 27 25  3 11
   3  8 25 21  1 19 11  3  6 24  8 23 11 19 17 14 12 14  5 24  4  2 29 16
  29  9 15 29 20 12 18  5 29 24 25 29  1 10 17 14  8 29 21  6 21  6  2 29
  26  2 24  8 24 18 15  7 11 16  5  6 28 19 25  6 19 13 22 21 25 17 11  3
  11 22 14 24 17  9 27  4 18 27 20 14 14  4 18  3  9  8  3 29 13 18 22 29
   3 26  6  1 18  2  3 18  4]
 [ 0  7 16  9  3  9  2  6  2 11 27 18 22  3 29 15  7 29  1 14  4  4 28 18
  16 10 11  9 14  2  4 10 19 17 22  7 26 13 28 21 11 17  2 21 20 26  6  3
   8 25 29 28 15 12  9 22  5  2  6  9  7  6 24 27 22  3 25 15  8  6 24 27
   8 13 20 25 12 20 22 11 16 11 22 16 27  7 26  7  8 16 25 16 24 14  3 12
  27 18  3  1 15 17 24 20 20 21 13 12  6 26 11 20  2  8 17 20 20 26  5 19
  14 22  9 25 19 16  3 24  3 19  1 27 22 26  1 17  8 27  7  7 17 10 13 12
  28  6 26 11 26 11  1 22 21 22 19 19 13 19 27 26 28 20 20  6 29 11  2 28
  18  4 27  7 25 15 10 12 23  3  7 28  7  6 16  7 28 11 28 29 19 11 24 26
  14  9 25 25 10  2 20 13 23 11 17 21 23 28 25 29  3  1 26 28  8 16  6 16
  11 24  4  2 12 19 22  6 29  8  6 16 10 28  6 11 10 10  3  4 28 27  3 23
  22  5 20  5 25  1  7 16  8 17 21 16 12 21 26  9 10 24 10 11 21 20 17 28
  10 25  3  7  6 22  2  7  6  7 27 21  4 28 26 26  5 23 28 20 12  4 28 29
  14 18  1 18  2 24 24 25 13 18 17  4  5 12 19 22 25 28  1 29 21 23  6 19
  29  5  5 18 24  2 18 21 21]
 [ 0  1 29 23  1  6 10 23 27 15 19  1 23 12 18 27 10  2 23 18 29 17 23  1
   8  7 14 12 12 27 16 13 15 16 18 29 18  9 29 29  4 14  2 15 11 19  5  8
   5 26 26 10 28 16 24 12  5 17 12  6 18 20 15  8 10 28  1  8 12 29 11  6
  10 19 22 18 14  1 27 21 24 12 25 21 21 11 25 14 29 28  4 12  7 22  7 27
  22  4  1  6 11  2 29 25 28 13 22 22 23 26 12 10 28 12  6 11 13 16 16 28
  13 10 11 16 16 22 18  7  6 22 15 15  8 11  8 27 20  3 21 25 16 25 21 24
   4 25 14 20 13 23 29 15 28 24  2 28 26 20 20 28 27 20 23  7 16 20 18 11
   8  6  4  3  1 20 18 18  9 20 26 18  2 24  3 26  3  3 17 12  4  4  1 14
  12  4  9 10 12 10 22 16 29 21 10 17  8 22 28 26 11 12 27  3 27 10  4 29
  20 21 29 19  9  5 27  3 27 11 21 15  7  2 22 14  1 24 18 28 11 23 10 21
  14 27  8 10 28 10 20 28 24 10 15 16 17 24 22  2 20  6  1 12 11 21  1 17
  28 10 24 18 15 13  6  2  1  4 18 19 20 16  8 21 12 20  1 24 16 13 10 10
  29  5 13  5 11 25 26 11 24 25  6 19 11  8  7 10 10 21 28 25 28 26 26 22
  29  2 13 23 21 14 24 29  7]
 [ 0  7  7  5 11  4 23 21 22  3 12 10 25 23 16  9 23 21  8 11 19 20 27  6
  20 19 22 23 19  2 25 22  7  4  5 28  3  7 29 26 24  6  4 10 18 16  2  4
  12  5  5  7  1 19 29 21  2 24 22 18 27 16 12 14 28 18 20  4 16 27 20  4
  10 12 14  9  8 27 15 19 29  7  8 10 27 24 27 23 12  7 13 20 11 10  1 24
  20 15 12 19 12 13 18  4  1 27 12 10 12  7 27 22 28 28  4  5 21  3 19  7
   6 22  4 21 16 14 25  3  3 16 12  7 27 23 14  8  9  7 13 24 10 28 17 21
   8 22 12 14  1 17  9 10 11 29 21  8 25  5 18 23  3 10  6 16 24  4 15 24
   2 26 26 13  5  8  1  5 29 17 21 22 14 17 28 11 23 25  5 17  3 28 17 22
  13 25 12  8 29 20 11  3  8  6 26  2  8 15  6 18  8  3 26 29 29 17 13 20
  25 19  1 29 22 12 29 16 24  9  1 24 19 25 12 20 29  7 18 18 13  4 16 24
  17  2 10 24 16 26 22  4 17  2 26  9  5  4 25 12 13 17 29 12 16 20 10 19
  13 27  3 20  5 12  1 13 15 28 17 21  7 22 23  5  9 27 16 18 28  4 23 29
  14 27 12 23  9  9  3 16 24  3 26 20  8 11 14  7 28 17 12 26 24 23 23  3
  10 12  4  7 19  5 27  3  9]
 [ 0 21 12 26 28 15 15 13 13 12 23  7 19 24 10  9 12 21 10 19 12 14 20 20
  23 27 10 20 12 13 17 20 16 27 25 27 15  9 17  3 17 19 18 17 11 29 21 17
  21 21  2 10 21 29  3  7 23 17  7 29 18  4 20 20 23 26  1 29  4 27 12 12
  29 21 27 14  3 22  6  4 28 19 23 15 25 14 26 23  2 20  4 14  7  3  8  9
   7 22  1 12 25 23 28 21 23 15 14 23 18  3  1 20 28 18 11 18  3  8 22 11
   4  6 23 23  4 10 25 24  4  3 11 29  7 12 16 12  2 17 24 23 20 27 10  1
   7 22 22  6 13 18  1  2 22 27 23 17 15 16  3  3 14  2  4 24  7 15  4  6
   8 11  3  9 19  6 27  1 25 21 22  7 11 29 26  2  1  7 17 18 14  8  6  9
  24 29 21  5 14 19  2 12 17  7 17  7 20 15  8  2  7  8 23  3 13 26  9  7
  28  1 14  2  3 29 17  1 24 22 10 15 15 18 10 15  4 21 10  8 18  7 24 16
  12 25  2  9  1 21 24 24 20  5  1 12 21 29 20 16  4 12 28  5 25  9  1  5
   2  4  1  1 16 16 23 19 27 28 18  7 19 29 29 15 21 18  7 23 14 19  9 11
   3 23 13 20  7 25  7 14  7 19 19 13  3 19 28 10  9 19 27 18 29 20 24 26
  20 19 19  8  6  7  1 16  7]
 [ 0 15  4 21 28 21  5 28 16 11  2 28 15 18  5  1 27 19  7  7 22  5 15  8
   8  4 13  7  3  6  2  8 22 23 28 14 26 29 23  8 22 11  7 21 15 16  4 20
  19 15 11 24  9 27 25 21 22 26 15  7 15  8 10 17  3  1  4 14 10 23 13 10
  24 15  1  5  3 25 21 11  1 15 24 15  4 21 13 12  9  9 11  3 27  7 14  1
   7 17 21 10 16 17 16 18 22 19 17  4 29 10  8  7  6 15  5 10 26 14 22 11
  22  7 20 25 10 25 24 17 28 15 26 25 15 19 29 11  8 26 17  8 21 22 11 26
  27  8 21  5 27  9 24 16 29 11  4 26  4 14  9 21 12  1 10 20 22 28 19  6
   4 15 25 10  5  4 13 18 23 16 19 18  5 17 24  7  3 16 16 26  7  8 24 27
  22 25 18 18 10 10 13 20 25 11 23 11  9 21 29  1 28  2 27 20  8 21 11 20
  29  5 17 21  4 20 18 20 15  8 23 27 16 12 29  9  1 16 10  8 26 29 11 16
  18  4 10 18  9 23 20 12 23 18 26 21 12  4 24  5  6 16 26  4  3 18 21  9
  10 25  1 26 23 15  2  2 28 28 29  4 20 18  4 28  4 10 16 22 13 17 17 21
  20  3 20  1  3 22  6  3 25 21 24  7 11 25  4 15  1 17  4  3 18 25 10  3
  18 11  2  3 23  4 25 18 11]
 [ 0 13 21  5 13 12 12  4  2  1  2 27 19 18  7  8  1  3 13 28 19 20 22 24
  15 25 17  5 13  7 23  2 10 17 22 11 26  6  5  9 15  2 23 13 27  5  5 14
  12 22 17  6  9 10  1 22  5 15 17  8  2 12  6 27 10 12 26 25 23 18 27  3
  15 26 10 16 16 21 25 22  7  9  8  6 29  5  1 26 28  9 11 26 12 13 11 14
  29 26  3 29  5  7  5  2  5 25 20 17 16  3  8 22 22 25 15  8  6  1 25 24
  14  2 16  3 11 16  3 12  5  1  8 22 24 15 20  5 12  8 23  6  5 24 29 20
  27  4 28  6 18 27 14  9 26 23 19 23  3 20 11 20 17 18  5  8 20 25 26 25
  25  7 17 18 23  4 27 28 14 26  9 25 17 21  2  3 29 25  9 18 24  3  8  6
   9  5 21 13 18  6  3 25 14 22 15 25 27 12 15 26  8 23  1  6  3 24 22 20
  13 12 29  9 15 19 26 27 17 10  4 27 23 25 27  2  1 29 15  3 15 13  3 25
  15 17 12 18  8 18 14 20 12 26 29  2 16 21 12 29 24 14  9  7 12 23 15  1
   2 20 25  6 16  9 13 29  1  2  7  2 16 19  1 21 15 21 15  8 13  3 18 17
  12  9 24  5 15  6 11  8 11 18  6  6 22 11 10 13  4  8  7 20 28 21 14 12
  11  4 11 19 21 17 16 18 16]
 [ 0 19 16 27  8 13 20 28 27  8 11 28 24 16  2  2  6  2  1  3 29 23 20 29
   6 20  1 15  6  6 12 15 16 28 24 28 29 16  7 13 29 19 21 27  8 16 22  4
   7  9  2 24  8 19 25 21 28  1  2  6  9  1  9 24 20  7 13 23  3 25 24 26
   5 21  2 13  4 29 17 13  2  7  9 26 13  2 15 17  6 12  7 12 15 16  6  9
   2 11 24 15 14 25  8 27  4  2 19 22 18 19 27 17  1 23 27  1  8 24 17 28
  27 27 24  5 11 18 21 10 13  7 20 12  2 12  9 27 26 14 17 22 12 18 21 24
  10  1  4 28  5  6 21  7 23 25 10  2 20 14 18 16 26 25 12 19 21  4 27  8
  20 22 28 16 14 16  1 25  7  3 19  8  3 12 11 19 15  4  3 12 23  8 28 18
  26 12  1 26 24 20  7  1 22 10 12  4 13 22 28 13 28 23  6 10  9 16 21 16
  25 14 18 26 25  8 10 10 14  7 13  1 24 23  5 27 17  1 10 18 25 26 18 12
  25 24  4 26 25  9  3 21 23 20  8 23 12 24 26  3 11 17 26 10 10 10 13  1
  25 29 14 27  2 27 20 20 24 22 23  8 15 14 23 16  5 23 21  6 26 14 27  2
  13 18  4  3 25  8  2 17 27 23 12 15  1 25 25 22 13 11 14  4 18 14 21 10
   3 13 13 10 29  5 12  3 28]
 [ 0 12  5 25 12 27 14  8 24 18 12  9 14 14  6  2  7  3 25 18  1 22  6  1
  24 10  5  6 21  3  6 19 12  1 18 25 26 26 17  7 11 22 26  1 13 18 13 23
  29  2 24 15 27 22  3 22  5 16  6 26 23  5 21  3  9 19 27 16 18 29 14  4
  17  6  9 26 15 29 22 11 24 24 20 17 11 22 25 17 16 10  6 15 24 13 19  2
  28 16  1 16  8 12 20 28  4 17 11 26  1 29 20  8 22 23  3 24 10  9  8  7
  19 27 13 24  7 27 19  8  7 10 11  6 29 17 17 24  9 22 28 15 20 12 29 15
  16  8  9 10 14 18 19 24  6 24 17  3  8  5 29 23 12 13 12  1  1 16 25  9
  22  3 27 19 10 22 13 24  6  5 20 20 14  2 22 25  3  1  9 23 12 11 14 12
  29 27 16 10 21 17 17 10  9 23 24 10 10 18 28  6  8 12  7  5 15 29  6  7
  24 21 28 14 22 20  3 11  9 22 11 18 17 23  1 28  8  3 15 26  6  4 22  1
  25 23 28 13 27  4 23  7 19 12  8 12  2  7 29  5 15  3  6  2  1 17 14 10
   2  2 27  6 14 15  6 29 16 29 12 12 27 20 27  4 17 20 17 19 14 27 29 16
  24 28 23 28 16 23  7 14  3 11  4 29  1 12 18  4 24 24 23 24 16  7  4 18
   7 14 19 11 25  2 22 25 21]]
 job2fam
 [[1 0 0 0 0 0 0 0 0 0 0 0 0 0 0 0 0 0 0 0 0 0 0 0 0 0 0 0 0 0 0 0 0 0 0 0
  0 0 0 0 0 0 0 0 0 0 0 0 0 0 0 0 0 0 0 0 0 0 0 0 0 0 0 0 0 0 0 0 0 0 0 0
  0 0 0 0 0 0 0 0 0 0 0 0 0 0 0 0 0 0 0 0 0 0 0 0 0 0 0 0 0 0 0 0 0 0 0 0
  0 0 0 0 0 0 0 0 0 0 0 0 0 0 0 0 0 0 0 0 0 0 0 0 0 0 0 0 0 0 0 0 0 0 0 0
  0 0 0 0 0 0 0 0 0 0 0 0 0 0 0 0 0 0 0 0 0 0 0 0 0 0 0 0 0 0 0 0 0 0 0 0
  0 0 0 0 0 0 0 0 0 0 0 0 0 0 0 0 0 0 0 0 0 0 0 0 0 0 0 0 0 0 0 0 0 0 0 0
  0 0 0 0 0 0 0 0 0 0 0 0 0 0 0 0 0 0 0 0 0 0 0 0 0 0 0 0 0 0 0 0 0 0 0 0
  0 0 0 0 0 0 0 0 0 0 0 0 0 0 0 0 0 0 0 0 0 0 0 0 0 0 0 0 0 0 0 0 0 0 0 0
  0 0 0 0 0 0 0 0 0 0 0 0 0 0 0 0 0 0 0 0 0 0 0 0 0 0 0 0 0 0 0 0 0]
 [0 0 0 1 0 0 0 0 0 1 1 0 0 1 1 0 1 1 1 0 0 0 0 0 0 1 0 0 0 0 0 0 0 0 1 1
  0 1 0 0 0 1 1 0 0 0 0 0 0 0 0 0 0 0 0 0 0 0 0 0 0 0 0 0 0 0 1 0 0 0 0 1
  0 0 0 1 0 0 0 0 1 0 1 1 0 0 0 0 0 0 1 1 1 0 0 0 0 0 1 0 0 1 0 0 0 0 0 1
  0 0 0 0 0 1 0 0 0 1 0 0 0 0 1 0 0 0 1 0 1 0 0 0 0 1 0 0 0 0 0 1 0 1 1 0
  0 0 0 0 0 0 0 0 0 0 0 1 0 0 0 0 0 0 0 1 0 0 0 1 0 1 0 0 0 0 0 0 0 1 0 0
  1 0 0 0 0 0 1 1 1 0 1 0 1 0 0 0 1 0 0 0 0 0 0 0 0 0 0 1 0 0 0 0 0 0 0 0
  1 0 0 1 1 0 0 0 0 1 0 1 0 0 0 0 0 0 1 0 1 0 0 0 0 0 0 0 0 0 0 0 0 0 0 0
  1 0 1 0 1 0 0 0 0 0 0 1 1 0 0 0 0 0 0 1 1 0 1 0 0 0 0 0 0 0 0 0 0 0 0 0
  1 0 0 0 1 0 0 0 0 0 0 0 0 0 1 0 1 0 0 0 0 0 1 0 0 0 0 1 0 0 1 0 0]
 [0 0 0 0 0 1 1 0 0 0 0 0 0 0 0 0 0 0 0 0 0 1 0 1 0 0 0 0 0 1 1 0 0 0 0 0
  0 0 0 0 0 0 0 0 1 1 0 1 1 1 0 1 0 0 0 0 0 1 0 0 0 0 1 0 1 0 0 0 0 0 1 0
  0 0 1 0 0 0 0 0 0 0 0 0 0 0 0 0 0 0 0 0 0 0 0 0 0 0 0 0 0 0 0 0 0 0 0 0
  0 0 0 1 0 0 1 0 0 0 1 0 1 0 0 1 0 1 0 1 0 0 1 0 0 0 0 0 1 0 0 0 0 0 0 0
  1 1 0 1 1 0 0 0 0 1 0 0 0 0 0 0 1 1 0 0 0 0 0 0 0 0 0 0 0 1 0 0 0 0 0 0
  0 0 0 0 0 0 0 0 0 0 0 0 0 0 0 0 0 1 0 0 0 0 0 0 1 0 1 0 0 1 0 1 0 0 0 0
  0 0 1 0 0 0 1 0 0 0 0 0 1 0 0 0 0 0 0 1 0 1 0 0 1 0 0 0 1 0 1 0 0 0 0 0
  0 0 0 0 0 0 0 0 1 0 0 0 0 0 0 0 0 1 0 0 0 1 0 0 0 0 0 0 0 0 0 0 0 0 0 1
  0 0 1 0 0 0 1 0 0 0 0 0 0 0 0 1 0 0 0 0 1 0 0 1 0 0 0 0 0 1 0 0 0]
 [0 0 1 0 0 0 0 0 0 0 0 1 1 0 0 0 0 0 0 1 0 0 0 0 0 0 1 1 1 0 0 0 1 0 0 0
  1 0 0 1 1 0 0 0 0 0 1 0 0 0 1 0 0 0 0 0 0 0 0 0 0 1 0 0 0 1 0 0 1 0 0 0
  1 0 0 0 1 0 0 0 0 1 0 0 0 1 1 0 0 0 0 0 0 0 1 0 1 1 0 1 1 0 0 1 0 0 0 0
  0 0 1 0 0 0 0 1 0 0 0 1 0 1 0 0 0 0 0 0 0 1 0 0 0 0 0 1 0 0 0 0 1 0 0 0
  0 0 0 0 0 1 1 1 0 0 0 0 1 0 1 0 0 0 1 0 0 0 1 0 0 0 1 0 0 0 1 0 1 0 1 0
  0 0 0 0 0 0 0 0 0 1 0 1 0 0 1 1 0 0 0 0 0 0 0 1 0 1 0 0 0 0 1 0 0 0 0 0
  0 0 0 0 0 1 0 0 0 0 1 0 0 0 0 1 0 1 0 0 0 0 0 0 0 0 0 0 0 0 0 0 0 0 0 0
  0 0 0 1 0 1 1 0 0 0 0 0 0 0 1 0 1 0 0 0 0 0 0 1 0 1 0 0 1 0 0 1 1 1 0 0
  0 0 0 1 0 0 0 0 0 1 0 0 1 0 0 0 0 1 0 0 0 1 0 0 0 1 0 0 1 0 0 1 1]
 [0 1 0 0 0 0 0 1 1 0 0 0 0 0 0 0 0 0 0 0 0 0 1 0 0 0 0 0 0 0 0 0 0 1 0 0
  0 0 0 0 0 0 0 0 0 0 0 0 0 0 0 0 0 0 0 1 0 0 1 0 1 0 0 0 0 0 0 1 0 0 0 0
  0 1 0 0 0 1 1 1 0 0 0 0 1 0 0 0 0 0 0 0 0 1 0 0 0 0 0 0 0 0 0 0 1 1 0 0
  1 0 0 0 1 0 0 0 1 0 0 0 0 0 0 0 1 0 0 0 0 0 0 1 0 0 1 0 0 0 1 0 0 0 0 1
  0 0 0 0 0 0 0 0 0 0 1 0 0 1 0 0 0 0 0 0 1 0 0 0 1 0 0 1 0 0 0 1 0 0 0 0
  0 1 0 0 1 0 0 0 0 0 0 0 0 0 0 0 0 0 1 0 1 0 0 0 0 0 0 0 1 0 0 0 1 1 0 0
  0 0 0 0 0 0 0 0 1 0 0 0 0 0 1 0 1 0 0 0 0 0 1 1 0 0 1 1 0 0 0 0 1 1 1 1
  0 0 0 0 0 0 0 0 0 1 0 0 0 0 0 1 0 0 1 0 0 0 0 0 0 0 0 1 0 0 1 0 0 0 0 0
  0 0 0 0 0 1 0 1 1 0 0 1 0 1 0 0 0 0 1 1 0 0 0 0 1 0 0 0 0 0 0 0 0]
 [0 0 0 0 1 0 0 0 0 0 0 0 0 0 0 1 0 0 0 0 1 0 0 0 1 0 0 0 0 0 0 1 0 0 0 0
  0 0 1 0 0 0 0 1 0 0 0 0 0 0 0 0 1 1 1 0 1 0 0 1 0 0 0 1 0 0 0 0 0 1 0 0
  0 0 0 0 0 0 0 0 0 0 0 0 0 0 0 1 1 1 0 0 0 0 0 1 0 0 0 0 0 0 1 0 0 0 1 0
  0 1 0 0 0 0 0 0 0 0 0 0 0 0 0 0 0 0 0 0 0 0 0 0 1 0 0 0 0 1 0 0 0 0 0 0
  0 0 1 0 0 0 0 0 1 0 0 0 0 0 0 1 0 0 0 0 0 1 0 0 0 0 0 0 1 0 0 0 0 0 0 1
  0 0 1 1 0 1 0 0 0 0 0 0 0 1 0 0 0 0 0 1 0 1 1 0 0 0 0 0 0 0 0 0 0 0 1 1
  0 1 0 0 0 0 0 1 0 0 0 0 0 1 0 0 0 0 0 0 0 0 0 0 0 1 0 0 0 1 0 1 0 0 0 0
  0 1 0 0 0 0 0 1 0 0 1 0 0 1 0 0 0 0 0 0 0 0 0 0 1 0 1 0 0 1 0 0 0 0 1 0
  0 1 0 0 0 0 0 0 0 0 1 0 0 0 0 0 0 0 0 0 0 0 0 0 0 0 1 0 0 0 0 0 0]]
