params：
 weight-->(1, 10)
 proc_times-->(1, 100)
 setup_times-->(30, 60)
 delivery_times-->(1, 30)
 job_rate-->16

start:
alpha_1
16
 alpha_2
1.0
 mach
20
 job
320
 fam
5
 weigh
 [[0 8 3 6 6 2 3 6 1 6 7 6 8 3 4 1 5 3 2 2 5 2 9 7 1 4 8 4 7 2 7 5 2 5 9 3
  5 7 1 8 4 6 2 6 3 9 4 1 9 9 6 4 8 6 4 5 1 6 4 3 3 7 8 9 6 5 7 8 9 3 8 8
  3 6 8 6 1 6 2 9 2 1 8 4 7 4 9 9 7 8 4 6 9 2 6 5 1 1 2 8 7 4 7 5 3 6 8 7
  1 6 5 8 2 5 8 1 3 5 1 5 9 5 9 5 9 8 7 8 9 7 7 8 8 3 1 5 7 8 4 5 8 4 7 2
  2 5 9 4 4 7 5 8 8 4 5 5 5 9 1 7 7 9 3 7 1 1 3 7 6 5 3 3 3 7 5 1 2 2 2 7
  9 9 6 7 4 2 8 1 9 1 3 2 9 8 8 4 2 5 8 3 7 7 7 2 8 8 8 8 4 4 2 4 5 9 7 6
  3 5 8 7 8 9 7 9 4 2 2 3 1 7 4 7 9 7 1 5 4 5 3 8 1 2 7 5 9 6 8 4 8 2 6 7
  2 8 7 9 2 4 9 9 9 4 7 3 4 8 4 3 6 6 6 1 8 3 8 8 2 5 4 6 9 2 3 6 5 7 3 9
  6 7 1 5 7 5 7 1 7 2 3 9 6 2 7 8 7 1 5 7 5 3 3 9 3 4 7 3 4 4 4 3 2]]
 proc_times
 [[  0  37  82   1  25  83  33  60  39  14  86  85  69  19  98  34  50  34
   74  89  23  99  10  72  66  19  10  23  92  85  30  89  64  79  35  34
   29  86   4  33  73  71  12  13  56   2  81  54  29   4  48  11  98  55
   39  74  42  51  70  66  99  79  64 100  64  60  79  67  22   6  98  54
   65  82   7  83  65  24   9  77  93  84   7  25  35  15  39  28  87  71
   30  12  63  82  55  63  92  33  74  15  26  70  37  22   4  90  50  84
    8  56  54  58  31   5  88  41  87  77  73   6  25  23  31  35  60   2
   52  97  28  55  33  97  57  67  38  35  98 100  64   9  62  58  11  18
   64  21  17  28  97  80  49  74  32  42  83  84   9  43  52  72  69  74
   86  90  10  93  61  73   7   3   8  65  20  20  54  87  67  86  80  13
   63  69  36  87  48  64  63  28   3  36  56  34  75  64  26  11  37  60
   68  63  33   7  17  92  30  72  14  20  75  22  11  16  66  45  24  65
   41  72  71  40  84  85  68  77  17  61  48   2   9  92  75  42  10  26
   69  15  35  30  82  31  49  73  22  48  55  79  48  31  67  55  85  75
   73  59  15  74   5  94  21  48  63  60  25  21  14  28  47  48  33 100
   92  12  59  73  80  55  81  35  99   9   9  50  51  65  40  38  33  98
   39  43  33  60  88  64  61  93  79  31  13   5  20  47  91  45  86  84
   79  96  53  56  59  16  19 100  19  50  91  63  43  23  65]
 [  0  17  20  56  14  38   5  62  91   2  15  45  50  36  80  95  35  80
   78  46   5  48  76  86  49  82  69  78  27  47  81  40  80  18  24  94
    1  50  67  72  90  78  25  40  20  30  21   5   8  14  92  77  29  39
   43  26  60  95  18  10  54  58  74  40  74  30  81  30  96  81  32  51
   44  51 100  67  93  75  91  97  44  80  38  15  51  20   9  66  67  36
    7  59  43 100  46  62  87  74  69  37  93  39  16  22  78  99  69  35
   62  42  59  66  63  20  77   1  11  50  82  39  94  27  17   3  30  91
   40  11  28  12  72  88  30   5   5   4  95  88  92  72   4  56  94  65
    1  88  14  15  69  85  48  83  36  56  38  92 100  79  42  44  10  76
    8  15  50  92  86  11  29  31  73  13  20  80  82   6  58  84  95  17
   69   2  35  56  73  49  64  83   6  13  56  33  84  15  88  67  82  86
   23  47  18  63  73  50  10  30  53  84  71  93  78  11  19  14   8  14
   69  22   4  48  35  41  37  84  68  18  55  86  71  47  90  35   8  55
   23  74  55  11  38  75  26  70  80  33  63  57  74  39   6  45   4  10
   28  69  13  46  59  80  29  70  87  65  67  85  28  45  87  49  54  53
   93  44  56  80  71  43  72  20  39  25  80  51 100  56  30  37  95  34
   40  79  10  30  41  85  48  38  81  55  54  78  34  92   3  77  75  83
   59   5   3  84  39  78  63   7  94  21  61   7  16  70  97]
 [  0  49  37  18  80  35  21   4  12   5   4  77  43  15  56  46  25  38
   52  44  11   2  51   4  72  67  15  50  89  84  23  86  52  78  90  65
    9  30  16  60  81  76  18  81  29  20   8  83  35  96  33  53  89  86
   89  91  27  66  56   9  17  26  23  98  61  42  98  39  57  70  52  30
   35  66  23  10  87   9  40  26  87  77  64   8  54  84   2  59  13  73
   65  36  33  10  72  77  36  59  22  38  89  54  83  34  36  49  69  47
   41   8  25  80  93   7  97  91  44  35   4  76  17  38  55  66  73  88
   55  47  76  39  64  26  13  31  42  49  42  27  40  65   8  44  60  74
   66  31  85  83   9  64  49  17  26   2  10  16  98  43  45  22  56  68
   58  29  69  14  58  50  81  52  58   4  26  36  48  75  35  45  86  33
   59  98  26  56  67   2  13  45  74   8  51  80  21  79  29  33   5  50
   10   2  71   2  16  32  16  57   9  46  28  31  70  64  75  81  81   4
   74  61  50  99  50  82  73   3  58  76  72   4  88 100  88  53  63  56
   60  58  40  75   1   1  82  62  36  69 100   2  69  74  12  24  80  47
   63  61  14  42  12  20  81  96  31   9  87 100  91  53  17  52  55  85
   90  38  55  55  13  44  78  42  57  54  78  43  82   7  74  81  91  29
   79  43  71  12  97  35  86  52  14  52  26  37  12  50  65   2  59  55
   36  49  48  21 100  15  79  99  19  84  49  52   4  35  62]
 [  0  61  79  85   5  88  76  87  24  75   5   7  69  48  29  70  17  69
   44  33  13  71  84  70  50  26  98   2  70  25  51   6  21  17  31   9
    6  37  13  80  89  37  79  19  16   5  34  32  18  28  32  63  87  73
   23 100  42  99  53  89  77  57  84  92  62  25  53  44   9  38  33  37
   18  40  53  89  55  70  33  15  97  94  91  16  24  57  72  30  75  94
   17  88  38  40  51  78  99  24  88  26  43   3  45  75  56  86  42  13
   16  47  94  65  70  96  63  63  42  63  81  60  22  79  47  93  92  99
   54  97  16  22  88   1  11  72  85   2  65   3  54  99  63  42  19  88
   25  90  69  52  81  13  36  14  99  73  96  15  98  91  79  95  33  22
   14  57  52   4  11  60  95   9  67  90  16   6  20   7  31  66   9  99
   73  58  60  50   1  82  61  30  16  74  51  76  96  46   6  41  92  23
   60  25  17  32  10 100  60  40  12  23  51 100  81  68  34  96  19  63
   61  46  52   2  65   5   1  42  95  21  74  49  63  18  90  97  26  96
   66  45  86  77  77  61  81  52  54  86  25  27  99  89  34  60  95  24
   87  71  43   8  35  79  47  54   3  17   2  83  67  24  67   8  90  27
   62  92  16  16  17  87  13  87  84  19  22  82  14  34  71  19  18   3
   74  26  28  64  48  71  10  78  50  56  37  29  19  60  53  25  93  72
   95  93   2  65  69  44  66  79  93  43  23   9  88  52  71]
 [  0  95  11  80   9  32  10   6  51  94  92   8  46  23  77  27  12  96
   58  26  99  48   8  97  68  26  89  39  83  92  28   3  73   3  33  62
   18  18  96  38  55  12  66   1  80  81  98  56  85  72  11  93  26  47
   88  17  59  95  92  69  76  56  31  89  12  96  69  84  10 100  98  94
  100  54  82  83  87  17  38  80  80  34  14  99  50  80  85  64  88  91
    8  95  69  94  74  94  61  25  67  51  56  29  14   7   3  58  79  31
   91  79  37  89  87  60  20  15  66   9  58  63   5  70   9  87  38  83
   32  93  60   4  90  97  67  22  38  91  70  38  42   4  14  18  16  14
   30  28  62  19  84  53  90  93  20  42  95  13  83  42  90   2   8   7
   67   1  80  51  93  85  59  50  20  52  36 100  24  76  19  13  70  48
  100  50  91  62  13  24  37  40  26  38  92   2  68  50  25  18  46  16
   41  88  52  29   6  45  34   2  52  63  95  85  76  24  17  55  52  41
   43  33  78  67  99  41  12  10  18  52  32  94  52  82  90 100  73  59
   76  98  90   5 100  12  81  80  17  38  24  62  59  22   4  37  36  52
   15  94  24 100  55  71  70  94  82  91  97  43  47  88  23  18  30  84
   94  63  76  36  47  97  68  18  98  78  87  75  65  23  48  96  85  38
   11  49  24  30  48  86  19  53  85  47  91  28  96   2  30  97  30  50
   51 100  21  36  59   9  48  89   7  53  34   1  39  97  15]
 [  0  87  64  53  53  60  52  43  78  48  68  73  29  50  95  89  62  97
   85  80  31  61  59   9  49  86  78  57   8  62  46  53  78  70  86  35
   98  83  72  92  86  41  32  17  63   5  61  77  62  76  69   9  68  43
   72  50  15  34  92  82  22  86  32  27  69  21  55  65  52  90  82  47
   13  63  77  14  41  21   1  36  14  70  31  69  90  83   4  34  21  93
    5  17  32  49  24  19   3  16  76  37  86  86  93  48  47  50 100  49
   76  95  33  21  26  65   8   5  90  74  23  95  88  19  83  59  93  22
   12  27  73   7  36  26  18  32  29  64  58  99  25  22  35  41  52  53
   35  99  92  68  94   3  67  73  90  31  85  16  55  94  69  11  72  63
   43  67  28  12  20   8  44  19  94  67  24  14  66  77  54  62   4   8
   68  25  31   4  36  33  36  40  88  80  67  44  68  62   6  64  33  87
   10  61  46  37   7  95  11  79   3  90   4  45  69  79  17  18  35  81
   80  81  13  20   3  41  50  92  32  26  92  14  73  23  52  50  58  40
    8  22  52  23  54  34  54   3  36  12  25  68  40  12  58  79  38  93
   27  29  95  81  13  55 100  45  10  40  27  30  18  76  75  38  48  86
   23  68  34  15  67  87  29  16  40  57  74  73 100  10   6  37   8  80
   27  14  55  45  36  63  26   1  17  75  59   2  74  54  63  40  24  21
   55  23  89  64  74  62  75  93  34  14  47  17  42  68   2]
 [  0  97   3  91  81  15  95  22  72   8  97  56  83  31   4  55  28  45
   15   9  84   5  48  79  32 100   7  51  20  32  22   5  61  60  55  26
    1  39  25  70  65  77  94  90  93  68  91  95  14  15  89  18  70   4
   26  72  78  65  87  13  13  19  94  77  39  75  91  93  83   7  68  24
   33  41   7  99   8  38   8  67  57  45  60  10  77  79  41  18  26   2
   45  16  47  57  38  54  16  13  88  21  52  26  86  51   9  99  15  27
    5  74  16  91   6  16  29  18  63  73  85  92  93  44  61  54   7  92
   18  66  41   6  56  67  49  33  40  23  68  44  15  87  46  43  79  30
   38  49 100  34  86  67  81  53  86  48  64  43   5  17   6  55  70  28
   32  88  57  50  40  25  97  87   2   4   9   5  91  68  80  12  57  85
   67  44  72  81  79  20  72  43  28  26  15  29  81  36  85  32  64   4
   67  23  95  70  11  37  35  92  32  54  31  88  18  25  37  93  69  35
   22  80  79  76  58  45  82   8  76   6  65  16  78  99  83  62  27  15
   11  16   1  97  13  26   7  11  67  41   6  57  66   8  14  16  66  43
    2  81  79  31   4  41  57  50  35   4  85  65  53  82  83  52  77  42
   11  42  95  18  37  65  83  78  97   5  23  66  87  80  85  86  63  82
    9  19  15  18  91  83  10  25  49  45  50  11  15   5  69  75  16  41
   48  23  60  24  35  35   4   7   9  15  72  53  76   8  40]
 [  0  68  71  35  59  30  13  32  59  24  90  63  99  84  94  59  49  53
   49  76  66  75  39  13  10  42  53  98  59  41  57  21  93  10  32   7
   32  48  55  39  95  99  93  97  37  78  79  15  94  13  62  93  13  72
   57  71  84  38  42   9  69  42  95  12  56  32   4  58  70  71  10  34
   51  31  60  84  34  59  94  21  88  41  96  66  52  66  54  98  53  38
   21  96  36  57  55  24  45  58  18  34  31  50  43  38  77  12   6  57
   35  35  85  30  92  81  54  73  43  84  88  39  98  44  15  13  45  93
    7  91  20  14  57  62  73  35  51  56  24  45  12  97  77  47  74   6
   41  47   6  97  23  31  59  45  21  14  28  11  67  37  48  52 100  51
   97  74  39  55  26  33  19  92  47  93  99  75  60  80  39  24  47   5
    1  44  76  38  90  64  60  24  34   2  90  95  77  63  38  69  91  99
   75  87  74  24  84  57  94  81  80  89  27   9  20  56  75  56  24  99
    9  28  56  33  76  57  23  87  13  10  79  30  29  35  39  54  51  75
   41  35  62  16  10   3  30  34  99  24  88  76  55  75  99  35  99  20
   24  33  29  43  39  29  27  24  18  35  74   6  88  90  29  76   4  43
   71  48  73  72  31  55  31  39  51  24  47  90  51  97  18  29  79  87
    1  31  95  60  38  85  44  25  27  60   3  16 100  96  60  90   9  39
   24  57  95  97  32  55  22  14   6  31  37  83  50  82  59]
 [  0  91  25  31  67  96  97  27  36  96  26  56  33  24  53  61  78  94
   39  52  20  83  83   7  71  99   6  42  33  39   1   4  46  17  61   5
   11  96  82  61  80  73  22  99  34  24  85  32  32  34  70  46  86  27
    6  38  48  94  35  88  56  40  61  76  97  63  50  20  58  14  60  26
   68  45  10   7   5  93  88   3  51  75  23  21  26  67  75  94  48  84
   27  90  94  55  37  86  97  83   1  27  97  53  93  70  33  80  25  33
   52  74  20  38  28  27  17  87  68  34  98  76  98  81  43  62  84  85
   89  72  69  39   9  85  93  15  16  70  79  48  66  49  61  17  72  91
  100  87  37  48  38  83  13  38  27  78  76  26  39   9   4  47  43  56
   71  94  51  48  47  92  96  48  26  49  32  58  50  46  55  72  25  73
   42  39  95  34  33  18   7  37  79   2  68  42  80  98  40  84   3  45
   95  76  85  97  56 100  39  27  12  13  56  63  94  59  54  40  51  99
   97  11  43  77  24  21  46  76  60  90  81  69  97  15  67  56  22  11
   56  67  71  36  20  23  71  38  74  42  40  18  40  40  33  97   4  66
    8  84  99  74  96  30  82  58  87  64  50  58  41  61   4  28 100   3
   89  76   7  69  69  53 100  87  89   4  76  27  47  90  58  16  50  90
   22   9  12  32  26   8  58  45  77  39  80  56  57  39  50  32  69  31
   11  92  68  13  17  67  41  27  92  34   5  56  43  76  23]
 [  0  35  62  85  39  40  35  42  79  38  79  22  73  71  42   7  96  37
    2  36  45  44  55  10  94  25  65  79   1  31  93  51  57  57  27  85
   68  13  20  60   9   2  57  41  56  98  31  20  66  70  17  23  88  85
   78  67  93  84  44   8  78  40  64  22  10  75  39  37  26  51  60  33
   36  95   5  60  16   6  48  53  23  67   5  80  53  95   6  99  42  33
   17  77  32  35  33  77  47  80  34  79  19  10   9  97  99  81  79   8
   49  97  32  49 100  14  19  40  40  88  90  10  37  17  64  70   1  30
   76  11  93  73   2  38  57  83  27  10  93  45   7  72  50  27  44  42
   55  71  94  24  14  90  27  73 100  87  64   9  95  41  33  76  78  19
   12  38  27  63   8  96  67  84  17  67  16  24  13  65  73  39  13  86
   79  70  10  93  86  37  16  77  86  17  97  29 100  94  25   4  18  50
   44  30  94  47  13   5  44  88   1  47  14  10  30  31  79  18  10  17
   98  23   6  20  38  26  87  32   2  97   1  80  66  84  45  43  29  51
   67  98  86  43  28  66  84  97  74   2  25  44  12   2  79  38  85   3
   72  86  79  99  75  46  20  53  50  15  83   1  50  85   6  77  13  11
   83  51  30  73  53  59  61  78  58  25  69  59  46  45  17  52  20  21
   31  57  31  31  84  72   5  39  17   3  38  29  48  38  64  25  21  86
    7  32  30  91  83  53   9  57  35  60  94  66  19  63  13]
 [  0  36  56  11  22  69  33  60  52  52  28  14  20  26   1  70   8  51
   88  26  22  18  81  21  67  89  37  86  16  43  96   1  50  44  35  52
    3  34  81  24  49  20  98  63  88  46  58  96  99   7  89  23  97  61
   40  41  31  99  10  60  27  21  45  32  38  11  32  18  62  34  35   5
   77  84  20  67  16  12  95  51  90  65  58  10  43  47  87  29  98  75
   63  85  72  46  67  43  72  92  24  76  68  11  34  34  91  18  24  17
   12  12  98  19  66  47  18  38  58  88  37  46  12  35  12  66  24   6
   34  70   2  91  95  50  27  26  39  63  62  38  59  97  45  40  22   6
   58  96  78  59  98  79  18  78  41   1  91  70  83   3  75 100  41  10
   66  82  84  31  72  66  11  78  71  15  87  76  56 100  21  74  28  79
    7  23  18  88  61  65  49  26  68  47   3  15  96  81  41  20  56  23
   86  83  65  23  31  81  34   9  10  29  51   7  79  12  69  59  50  50
   83  24  87  20  63  25  28  73  69  97  38  43  30  51  64  34  21  80
   17  48  19  71   7  69  47  21  95  10  73  32  88  20  13  66  10  95
   49  26  39  40  56  32  13  16  83  14  59   3  45  51  91  46  21  59
   50  70  45  91  32  18  72  59  16   2  27  39  76  87  40  78  42  17
   47  43  56   9  57  35  76  87  22  86  80  87  26  86  60  80   6  10
   91  27  60  45  61  39  10  96  36  74  69  96  45  57  58]
 [  0  45  59  97  19  94  33  92  70  96  68  67  86  62  34  72   9  30
   45  67  40  75  32  70  70  58  90  22  81  29  70  19  52  69  43  44
   93  64  93  59  74  75  83  35  66  99  46  50  34  30  45  60  21  26
   91  13  71  54  32  69  82  32  61  61   5  65  68  84  78   2  25  87
   47  50   1   3  71  41  90  16  32  79  98  63   6  32  70  58  41  69
   32  33  78  67  86  82  17  34  44  10   8  10  50  48  69  19  91  62
   74  77  79  25  73  56  89  78  30   3  30  53  74  89  23  79  69  16
   18  18  64  52  74  93  63  64  83  37  51   9   9  27  15  54  47  95
   24   2  68  89  91  15  30  89  89  23  56  65  74  16  18  90  67  24
    6  83  38  99  16  63   8  19  10  71  20  17  99  18  26  69  26  68
    3  70  64  22  47  73  45  20  47  98  79  99  33  55  27  20  24   4
   64  48   4  68  85  49  88  28  78  32  16  89  32  85  12  87  74  92
   13  28  11  45   3  45  71  73  76  84  53  97  54  96  68  78  81  39
   49  17  49   3  69  86  82  57  83  56  97  80  38  14  73  39   8  12
   59  82  17  28  60  92  16  18  54  71  60  56  92  28  27  13  87  62
   87  98  24  67  45  17  44  62  88  41  93  43  54  99  38   4  22  62
   63  93  69  85  23   1  11  28   3  20  90   9  56   4  29   8  21  19
   61   4  20  95  60  32  45  72  31  87  34   6  53  88  83]
 [  0  12   6  62  11   7  30   4  30  66  72  69  13  93  96  24  63  17
   70  34  22  27  37  79  74  78  11  66  80  29  24  29  99  50  53  29
    4  69  98  40  33  10  23  21   4  59  59  46  38  83   3  86  63  38
   81  61  56  46  75  79  82  53  40  84  22  31  54  47  80  66  45  29
   31  86  48  11  19  94  27  65  97  80  95  65  31  43  99   7  38  79
   90  92  22  46  38   7  99  72  95  16  86  23  97  24  66  27   2  98
   97  73  28   7  85  44  78  49  66  58  24  10  68  50   1  62  78   3
   81  46  79  91  60  36  70  42  65  90  77  53  53  85  63  22  85  47
   93  72  86  38  30   6  40  96  75  45  97   9  73  65  80  38  30  64
   92  57  38  82  32  47  73   2  23  29  41  45  32   5  26  78   3  76
   75  10   7  11  15  42  32   2  65  24 100 100  29  97  68   7  62  92
   48  27  97  59  15  63  39  21  97  25  25  74  53  67  20  50   1   9
   77 100  66   7  40  53  20  34  26  58  24  45  54   6 100  84  63  87
   22  51   1  20   3  28  50  64   1  83  17  90  94  91  99  70  10  85
   30  95  50  80  68  84  92  68  71  59  41  64   6   8   3  55   2   2
   23  89  23  51  15   4   6  10  50  73  24  51  36  57  36  64  72  45
    3  52  91  69  31  17  74  34  10  63  86  36  31  32  93  63  90  58
   46  41  37  95  72  15  90  35  69  41  75  53  17  46  52]
 [  0  22  11  50  86  68  36  36  58  60  37  51   4  32  18  92  35   9
   73  27  10  23  53  52  65  98  90  88  13   4  43  29  40  13  41  54
   94  91  93  54  36  49  52  85  54  37  37  83  71  61  55  80   9  12
   95   5  90  99  48  45  20  68  24  18  53   1  33   1  26  94  91  53
   49  52  12  34  38  83   4  11  29  75  69  97  72  40  74  17  60  30
   25  16  10  31  63  13   7  73  81  87  63  85  53  43  36  66  81  61
   50  18  56  47  52  38  92  19  42  58  78  37  67  63  45  62   7  77
   38  80  97  15  43  15  41  89  29  60  17  76  80  75  30  53  82  91
   88  54   3  86  20  88  36  48  75  73  98  25  36  30  71  73  56  88
   35   6  70  34  35  24   1  31  57  60  22  40  64  85  78   3  57  91
  100   4  78  61  16  53   6  74  96  76  12  72  96   4  90  71  65  66
   28  68  67  40  55  28   1  11  81  21  26  67  93  20  77  99  16  25
    6  38   1  10  17  28  74  24  27  84  30  68  96  97  74   3  96  16
   62  34  84  12  41  98  51  21   6  51  30  50  28 100  37  96  68  43
    6  37  89  96  10  25  64   2  92  19  42  17   5  88  76  24  35  40
   23  57  12   3  29  78  70  94  99  68  47  66  74  36  26  86  36  74
   88  57 100  90  56  24  70  42  36  27  23  90   6  21  50  21  82  97
   12  67  55  64  98  76  45  26  66  72  21  78  64  19  46]
 [  0  74  13  87  55  16  12  99  89  79  54   3  33  61  12   1   8  19
   81  81  39  41  50  96  36  99  11  34  83  92  24  25  27  96  37  81
   45  98  63  76  67  46  55  26  40  96  59  86  85  98   7  63  29   4
    8  94  97  26  20  46  29  16  36  73  26  30  53   9  20 100  88  34
   86  41  50  22  28  67  80  15   8  96  97  27  82  75  29  76  44  83
   26  52  48  19   8  70  48   7  88  51  83  84  66  88  90  77   5  42
   58  60  70  32  55  69  73  25  46  77  67   1  89  60  55   6  18  93
   23  18  46  42   3  21  31   2  36  54  80  76 100  25  16  17  21  81
   33  46  64  82  63   7  86  49   9  57  70  18  34  10  94  78  57  53
   31  40  25  68  90  81  78  37  12  86  45  98  35  93 100   3  22  76
   72  78  67  15  34  89  30  15  80  91  66  22  19  68  28  21  75  15
   76  78  73  41  84 100   5  24  34  34  16  33  68  70  92  21  27  78
   72  40  84  51  52  32  93  72 100  57   7  44  20  11  33  91   6  12
   69   8  48  52  44  92  24  88  31  59  35  89  93  82  73 100  45  44
   17  79  90  84  31  12  79  68  24  21  15  30  32  64  73  60  28   4
   58  98  24   5  93  51  58  13  40  64  35  59   8  72  24  70  50  16
   48  60  61  94  62  24  98  50  78  66  38  62  23  57  16  90  84  39
   46  83  68  22   1  81  77  97  99  51  22  50  66  37  80]
 [  0  41  93  11  64  69  70  32  49  93  90  75  67   1  42  63  19  91
   95 100  34  70  41  20  73  48  74  95  93  46  90   9   3   7  94  30
   28  18  93  77  88  17  49  19  81  88  62  54  17  28  34  76  40  77
   46   4   8  42  64   1  22  29  88  78  40  90  31  50  60  20  48  27
   94  81  67  91 100  43  48  56  61  97  74   3   4  75  10  39  59  56
   16   9  12  49   7  86  39  66  76  21  99  55  37  43  93  59  92  99
   94  81  37  64  21  44  25  22  28  49  27  92  13  36   5  22  56  39
   52  67  64  91  17  53  27  35  88  17  49  48  47  95   7  21  51  98
   53  65  92  21  91  21  78  40   1  20  95  50  78  42  49  50  66   7
   88  16  59  40  75  13  57  10  61  93  50  34  76  57  79  64  77  20
    1  84  87  59  10  25  45  28  52  33   1  98  23  33  12  70  37  78
    6  63  99  74  14  76  17  70  90  89  49  27  12  66  42  41  28  76
   59  91  68  68  16  34  84  20  61  88  89  19  57  12  76  51  77  10
   95   5  41  47  64  90  86  51  91  52  55  23  74  10  12  54  58  90
   43  62  42  17  98   7  78  84  30  67  75  34  29   3   7   5  59  94
   20  95  71  47  13  27  69  55  67  34  27  47  24  20  76  13  28  20
   37  27  60  15   6   7  95   3  72  54  41  12  32  74  91  51  75  45
   41  77  22  15  49  28   3   2  70  72  55  84  81  54  66]
 [  0  16  92  66  56  93  95  22   5  49   4 100  70  39  22  36  27  25
   20  35   5  90  14  69  23  79  94  53  98  79  67  43  99  74  10   2
   99   7  69  31  62  91  95  63  38  72  65  21  88  66  93  42  92  52
   80  81  18   5  15  21  29  10  60   1  46  10  47  11  45  19  34  20
   91  17  80  11  22  63  88  55  40  34  28  53  25   1  10  31  33  58
    9  62  42  36   6  42  21  98  20  36  73  47  38  13  86  91  37   6
   27  51  18  78   7  73  60  60  28  33  75   4  15  29  45  22  69  77
    6  56  41  93   6  60  28  91  81  67  86  95   2  46  31  52   9  58
   24  47  46  21  14   6  36  95  12  28  16  27  11  25  58  11  26  11
   38  40  65  72  16  66  28  36  17   4  47  18  72  96  50  64   6  59
   79   8  42  12  15   3  35  16  40  58  11 100  24  27  80  74 100   8
   90  69  75  70   4  56  29  59  98  67  90  63   7  81  60   8   3  71
   94  26  22  83  63  72  84  93  90  13  93  86  48  60  75  47  95  81
   80  27  74  88  25  43  34  98  62  79  34  56  58  57  89  47  69  89
   34  91  70   6  16  79  70  83   8  50  96  48  77  89  24  59  70  46
   43  85  32  81  76  11  32  84  77  57  33  65  86   6  98  37  14   5
   11  51  41  79  39  94  24  87  35  39  25  95   8  29  40  50  32  16
   50  95  53  11  92  53  43  42  67  33  51  81  28  11  73]
 [  0  83  21  25  64   6   7   6  40  95   2  24  13  20  70  69  18  16
   95  41  25  45  90  30  86  59  20  34  42  99  73  83  91   1   4  84
    7  90  81  87  63  36  51  77  33  40  98  71  42  99  63  75  53  96
   17  84  77  24  73  13  48  15  26  24  25  43  26  10  27  79  21  95
   56  89  53  65  47   1  40  93  58  11  35  27  73  63  34  79  14   8
   30  79  99  26  36   1  69 100  68  40  70  81  69  91  63   9  29  96
   70  73  54  30  41  27   5  14  18  99  78  84  42  12  63  16  92  26
   56   2  94  15  40  77  10  85  18   8  66  51  26  44  58  50  69   5
   20  99  99  81  88  14  30  64  64  10  28  29  49  46  44  55  11  42
   38  54  72   2  75  49   5  85  85  85  83  32  79  36  64  17  22  69
   82  22  90  83   6   3  31  97  77  85  64  37  89  35  57  76  55  14
   80  23  66  14  17  74  88  60  30  45  89  33  95  95  53  52  88  64
   68  41  51  50  81  74  42  29  24  72  18  93  74  76  33  71   2  13
   55  20  13  11  60  25  85  96  40  93 100  66  26  72  33  78  46  91
   83  51  26  12  27  72  57  98  62  24  61  52  99  92  50  15  59  77
   30  39  73  85  64  68  92  92  22  44  82  49  97  95  97  81  89  86
   35  51  68  34  22  52  26  96  70   7  47  13  68  36  59  23  90  60
   87   3  43  19  61  89  43  69  11  14  84   4  94  37  84]
 [  0  75  69  18  94  15  64  61  97  69  99  40  22  49   7  49  48   1
   24  87  51  47  48  30  46  35  30  43  63  35  29  44  96   2  15  25
   44  66  31  72   6  38 100  73  30  22  87  86  11  17  18  10  28  44
   72  18  52  65  26  31  67  96  55   5   2  15  82  54  33   4  58  93
   89  86  14  89  33  76  69  61   8  24  10  56  79  21  90   5  50  82
   28  23  89  67  82  57  62  86  59  33  58  58  56   4  10  94  97  22
   85  32  28  91  40  45  13  14  62  41  31  44  46  25   4  79  81  79
   50  67  59  21  39  10 100  21   1  34  83  92  48  50  78  94  76  31
   44  15  56  91   9  23  74  32  30  29  63  27  73  97  14  90  95  78
   60  68  66  18  44  84  71  37  68  21  78  54  52  32   7  24  19  76
   55  73  19  45  47  94  63  95  32  18  11  62   7  38  17  68  47  26
   33  77  84  53  39  17   4   9  41  46  57  39  79  18  35  22  34  19
   91   7  71   8  77  60 100  64  17  42  38  95  87  89  77  26  13   8
   91  31   9  70  21  69  34  84  20  37  92  12  40  25  79  16  45  90
   29  78  87  39  52  61  25  53  13   3  71  76  19  13  22  27  35  75
   66  34  64  29  41  99  58  43  12  98  84 100  34  93  24  69  87  82
    8  27  43  67  15  98  47   1  63  23  95  36  65  96  87  97  60  39
   85  17  21  76  83  82   5  24  72  74  64  21  37  44  69]
 [  0   7  53 100  34  45  91  13  76  38  74  35  76  76   7  37  77  52
   60  34  80  92  78  62  90  70  32   7  25  50  76  55  75  90  24   4
   29   3  54  15  46   6  43  95   3  54  71  48  24  68   2  20  53  73
    2  42  37  30  82  55  15  95  80  86  51   2  79  62  76  12  28  27
    7  56  71  41  57  16  38  30  21  32  58  12  82   6  95  13  38  84
    1  53  95  61   6  29  28  22  72  41  43  22  79   8  36  43   4  86
   64  73  92   1  58  98  50  70  99   6  37   7   8  86  52  76  87  27
   18  77  45  80  25  58   6  96   8  24   1  99   2  34  34  52   9  96
   22  91  77  41  45  26  32  98  31  24   9  91   5  62  52  93  51   8
   44   4  56   3  90  79  23  70  27  19  99  71  78  95  45  60  70  39
   61  36  82  70  15  28  19  99  55  56  15  52  63  43  38  18  36  30
    8  68  80  59   3  86  57  65  75  18  22  81  19  39  12  10  36   9
   41  76  99  70  18  58  31  78   1   3   3  14  51  30  63  87  66  70
   31  12  93  99  61  21  70  72  92  65  74  68  48  83  22  96  87  44
   34  61  49  27  35  41  63  71  26   7   5  51  40  46  70  93  51  89
   52  90  20  23  98  92  24  30   7  63  43  43  56   1  82  73  63  93
   83  56  68   1  79  92  37  34  49  22  45  31  37  60  66  16  47  21
   60  92  80  42  11  59  21  77  73  62  74  87  68  43  52]]
 setup_times
 [[[ 0 36 30 32 43 38]
  [ 0  0 52 39 39 37]
  [ 0 38  0 57 39 51]
  [ 0 49 50  0 53 50]
  [ 0 42 44 45  0 48]
  [ 0 36 42 51 51  0]]

 [[ 0 59 36 45 42 47]
  [ 0  0 48 31 31 39]
  [ 0 33  0 51 59 51]
  [ 0 41 35  0 42 33]
  [ 0 36 43 38  0 52]
  [ 0 57 39 50 41  0]]

 [[ 0 56 33 59 48 46]
  [ 0  0 37 40 44 42]
  [ 0 53  0 31 55 57]
  [ 0 37 38  0 57 55]
  [ 0 32 36 46  0 40]
  [ 0 54 42 48 54  0]]

 [[ 0 43 46 57 35 41]
  [ 0  0 41 56 47 46]
  [ 0 37  0 41 35 37]
  [ 0 44 50  0 36 45]
  [ 0 34 42 31  0 50]
  [ 0 42 50 48 56  0]]

 [[ 0 31 54 35 54 33]
  [ 0  0 37 34 53 57]
  [ 0 38  0 35 59 53]
  [ 0 47 57  0 32 58]
  [ 0 54 35 50  0 58]
  [ 0 58 48 39 50  0]]

 [[ 0 39 34 48 39 57]
  [ 0  0 33 55 39 35]
  [ 0 39  0 43 30 45]
  [ 0 42 56  0 40 34]
  [ 0 59 57 31  0 46]
  [ 0 41 49 54 58  0]]

 [[ 0 40 33 57 32 30]
  [ 0  0 34 47 57 49]
  [ 0 40  0 36 58 38]
  [ 0 49 31  0 40 33]
  [ 0 30 40 56  0 46]
  [ 0 57 33 39 49  0]]

 [[ 0 44 54 42 50 45]
  [ 0  0 34 39 31 57]
  [ 0 46  0 41 38 43]
  [ 0 48 57  0 50 38]
  [ 0 44 33 35  0 40]
  [ 0 49 54 55 36  0]]

 [[ 0 33 57 50 31 37]
  [ 0  0 53 47 49 37]
  [ 0 46  0 32 59 39]
  [ 0 58 39  0 35 50]
  [ 0 45 59 45  0 51]
  [ 0 57 42 49 30  0]]

 [[ 0 30 56 40 45 41]
  [ 0  0 32 56 54 39]
  [ 0 55  0 52 35 35]
  [ 0 44 41  0 49 45]
  [ 0 38 46 42  0 40]
  [ 0 58 35 59 37  0]]

 [[ 0 56 53 52 58 47]
  [ 0  0 52 55 52 38]
  [ 0 34  0 42 52 48]
  [ 0 48 40  0 38 53]
  [ 0 46 41 43  0 53]
  [ 0 41 41 58 43  0]]

 [[ 0 50 54 33 31 57]
  [ 0  0 36 36 35 32]
  [ 0 44  0 56 57 44]
  [ 0 47 34  0 32 36]
  [ 0 54 41 35  0 57]
  [ 0 36 44 58 31  0]]

 [[ 0 35 46 50 46 42]
  [ 0  0 39 57 55 33]
  [ 0 36  0 50 49 48]
  [ 0 42 38  0 54 58]
  [ 0 56 38 52  0 46]
  [ 0 47 36 41 43  0]]

 [[ 0 48 46 50 34 45]
  [ 0  0 33 36 56 30]
  [ 0 47  0 54 59 37]
  [ 0 57 34  0 52 51]
  [ 0 47 52 38  0 34]
  [ 0 55 59 40 31  0]]

 [[ 0 47 54 46 55 48]
  [ 0  0 53 33 59 53]
  [ 0 52  0 43 54 45]
  [ 0 44 54  0 37 53]
  [ 0 30 30 38  0 53]
  [ 0 59 46 55 38  0]]

 [[ 0 51 50 56 58 38]
  [ 0  0 44 40 40 46]
  [ 0 58  0 50 58 48]
  [ 0 49 50  0 54 56]
  [ 0 58 52 55  0 32]
  [ 0 35 52 46 37  0]]

 [[ 0 41 46 31 51 42]
  [ 0  0 37 58 59 40]
  [ 0 56  0 44 49 57]
  [ 0 57 51  0 31 35]
  [ 0 48 50 46  0 30]
  [ 0 42 32 52 54  0]]

 [[ 0 51 54 33 41 59]
  [ 0  0 35 30 31 39]
  [ 0 30  0 58 49 47]
  [ 0 50 54  0 51 44]
  [ 0 39 57 32  0 55]
  [ 0 42 36 31 59  0]]

 [[ 0 46 46 31 42 53]
  [ 0  0 57 50 38 33]
  [ 0 54  0 38 48 33]
  [ 0 54 33  0 32 41]
  [ 0 56 42 30  0 30]
  [ 0 54 49 40 41  0]]

 [[ 0 53 59 34 56 45]
  [ 0  0 34 36 41 51]
  [ 0 47  0 39 30 35]
  [ 0 50 32  0 46 35]
  [ 0 37 33 40  0 44]
  [ 0 42 46 51 56  0]]]
 delivery_times
 [[ 0  5 25  8 21 26 18 22 12 23 26 18 18  8 20 20 23 15  9  5  6 25 27 20
   9 15 29  8  7 10 21  7 17  2  8  7  9 15  2 20 13 12  4 14 27 11 22  3
  14  4 27  2 17 13 18  5  5 18 25  7  7 13  4 23 29 25 21 10 17 19 25 18
  15 17  6 14 23  5  8 10 25 23  3 22 13 20 20  6 25  4 10 15 28 21  9 23
   9  7 13  6 27  4 17 20 22 28 26 16 18 20 14  9  3  1  7 24 16 17 29  3
  13  6 28  6  9  3 26 19 21 19 18 25 11 15  2 25  9 20 12  8 13  9 15 18
   3 12 15  1 27  3 29  4 26  3 27 16 21 22  6 23 12 20 18 16 16  1  8 10
  13 14 22 25  3 18 16  8 17 24 26 12  6 11 15 28 13 11  3 24 20  9 23  9
  29 29 22 14 16 22  8  7 27  6 16 24 26 22 20 10 26 15 17 27 24  1 25  3
  15 18  4  2 23  8  1 12 15 10  2 26  4  5 18  3  8 20  8 11 12 29 21 12
  14  4 17 21 12 22 13 27 17  9 13 15 10 17 17 26 20 24 10  9 29 15 15 29
  10  8  1 22  1  1 19 14 27 25  9  7  3 18  2 14 25 22  4 28 15  7 18 26
  13 14  2 20 26 11 19  7  6 16  7 18  9 25 14 26  9  1  6 28 27 25 11 27
   7 11  5  3 11  3 27 23 24]
 [ 0  6 19  1 19  6 18 20 21 21 21  5 21 21  6  7 17 29  3 10 21 23  6 25
   9  2 15 23 24  3  5  2 11 21  8  7 17  6 22 17 25 16 26 10  6  6  3 24
   6 19  9 16 16 15  6 25 19 17 15 18  5  1 23 26 21 10  4  2 22  5  4  6
  25 19 23  1  7  9 23 15 28 12 27 27 18 17  9 15 12  4 25 22 19  9 17 26
  27  4 28  9  1 21  6 11 20 26 19 26  2 25 13  7  3 10  1 26 25 10 21  6
   4 27  2 11 19 18  3 26  2  1 24  8  4  1  8 11 24 28 24 12 10 28 23  6
  14 21 20  9 21  7 15  2 14  1 23 12 16 12 25 28 26 28 14 15 23 22  6 21
   8  4 26  2 18 18 24 10  7  1 28 22  7 20 16 10  1 19 12 21  6 10 11 18
  17 25 22 29  5 22  8  9 27 15 20 13 24 22 18 13 26 23 23  7  5 23 12 11
   7 14  6 27 22 14 20  2 25 14  5  4  9 25  9 13 12 11 28 21 11  8  2 11
  26 12 20 10 21 10 29 14  1 15 21 10 28 27  4 26  5 10 11  1 21  9 25 11
  15 12 12 28 15  5 23  4 27 10  7  6 16  4  8 18 14 20 21 28  2  1 11  3
   8 26  3 21 10 12  2  4 28  5 11  9 13 18 12 23 22 23 28 16 26 28 10 22
  26 17 26  6 26  8 12 18 11]
 [ 0 25  1  2 14 27 25 20  4 10  9 16 13 15  2  3  6 13  8 27 13 20 24 10
  10  5  5 27  1 28 29 25  5 22 22 25 22 29  6 10 13 13  3  5 26 13 27  4
  24 26 17 17 23 29  9 18 11  7  5 10 13 29  3 12  1  1  7  8 13 14 23 24
   8  3  7  1  8  6 16  6 11 26  7  4 12 12 10 23  5 22 19  2 14 12 25 25
  25 27  5 18 28 20 15  6  2 21  8  4 14 29  5  6 26  9  3  8 13 25 24  4
  27 27 23  8 15 16 28 10  7 21  5 12 11 13 12 15 25 25 10  8 10 16  7  8
  29 20  3  4 12 19 29 19 24 25 11 19 10 21  7 28  6  2  4 23 19  4  6 14
  10  8 28 23 26 23 10 27 13  1 28  7 17 27 14 23 17 25 26  5 28 19 23 10
  13 13  5 16  6  6  6  3 24 29 10 26  6 18 23  1 25 12  5  8  4 12  3  2
  29 17 11  8 22 21  7 13 19 20  1 24 16 24  8 17 11 23  6 23 13 22  5  6
  27 15  4  6 10  5 19 25 26  5 26 26 10 27 24 13 11 20 29 10 18 21 19 12
   7 20 26 13 11 24 14 27 12 22 14 16 22 23 11 24 26  5  7 19  4 11 14 25
   8 17 13 15 20 11 10 22 24  3  4 13 17 29  1 27 14 18 21 29 24  8 22  3
  25 22  3 24 24  8 13 13 21]
 [ 0 23 14 10  7 28  6  6 17 19 13 29  1  3 24 28 25 15 18  1 29 29 26 17
   8 20  8 15  4 19 27 26  4  4  5 28  9 29 25 17 28 24 18 28 17 21  6 15
  21 22 24 11  7 14  1 18 20  9 17 19 22  2 17 17 15  7 26  9 16 22 17 28
   9  8 10 15 14 14 13  6 15 23 22 14 25 25  4  4  4 20  2  1 21 12  2 14
  21  5 15 13 16 11 13 22 16 17  1 25 25  3 14  4 21  8 16 22 14  8 29 29
  25 19 29 10  6 25  9 16  7 16  7 23  7 17 17 10  4  1 20  2 22 25 15 20
  22  7 13  7 28 21  2 12  4 28 13  6  1  6 10 15  7  6 10 22 17  9 28  5
  28  8  2 25 28 12  8 13  2 26  1 27  3  2 16 18 12 17  7 17 18 20 24  5
  24 17  9 24  5 10 21  8 28  2 15  1 18 16  8  8 24 20  7  8 29  4 20 14
   3 22 15  5 12 10  4  6 13 19 27 27 26 28 14 17 16 22 16 19  4 24 20 18
   3  9  4 25 19  9 20 23 26 24  9 12 20 24  1 11  2  4 17 26 26 25 28 23
   9 18 20 16  4 14 28  3 17 18 22 23 23  5  7 11 11 28 18 20 11  8 12 25
  19 16 28 19 16  5 27 23  3 10 11 10 11 19 17 22 11 18  6 28  5  8 25  3
   2 27 20  7  8 16 15 14 27]
 [ 0 25  5 24 22  7 12 20  4 20 17 11 22 18  5  5 25  1  7 21 24 19  3 25
   3 20 21 28  7 20  7  5 14 12 26  3  7  3 27 15  6  6 26 26 10 22 13 28
  28 20 29  3  7 20  2 11 25 21  8  8 27 20  5 12 21 14 10  2 25 22 11 19
  19 14 13 15 11  8  1 23  9 17 28 18  3 11 21 22 10  8 17  1 12 12 25  9
   4 14  3  7 22 14  9 18 25 26 10 14 26  3 11  1  5  4  6 22 12 24 26  1
  25  3  9 21 17 26  3  6 13  2  8 18 16  7 15 10 10 13 15 26 28  9 15 13
  19 11 21 24 20 12 29  2 15 19 22 24  9 13 17 28 26  3 29 17 15  2 17 20
  19 18 29 29  6 16 18  7 21 14  1 17 28 15  3 24  9 11  8 27 25  7 23 23
  19  7 17 15 17 12 21  1 22  8 29 21 21 12 19 27  9 10 26 27  7 17 12 16
   1  4 15 15 18  3 12 13 24 27 25 23  6 23  2 16  7 26 22  8  2  3  6 10
  17  3  5 21 29 14 22 13 22  7 28  6  5 13  3 27 18 25  6  7  6  1 24 25
  20 12  7 26 18 14 24 28 12 24  6 14 14  5  2  2 12  7  1 17 16 18 16  5
  14 15 29 13 19 11 25  2  8  2  5  1 21 25 16  1 19  4 17 22 29 17  7 24
   6 14  9  7 23  3 16  3  5]
 [ 0 28 14 25  3  8 11 19  4 21 13 20 27  1 11 25 11 19  1 13 11 22 21 22
   5  1 29  6  3 29 17 18 11  3 14 24 21 22 19 25 22 23 26 18  7 27 19 28
  26 19 25 13 22 12  3 19  4 25 21 25 25 18 22 10 26 15 18 24 26 14 26 29
  23 14 10 18 24 17 16 27  9  5 25 15 15  3 22 16  9 13 21  1 15 26 12  9
   2 26 11 11 19  2 28 29 28 27 21  7 13 16 24 13 17  3  5 21 15 15 22 19
  13  6  5 26 18 25  3 16  7 11 14  7 20 29  5 10 13 19 10 14 15 20  6  2
   7 11 12 21  3 19 24 24 16  4  2 19 21 27  1  4  5 12  1 21 23 26 22 19
  28  2 11 17 21 29 26  5 18 24 25 11 26 26 20 17 19 14 13 25  2  5 29  2
   5 17 15  7  1 21 17  3 10 10 25 19 13 20  6 15 17 20 23 19 21  4 18 10
   2 28  6 13 22  9 26 17  1 29  6 17  3 13 24 15 10 28 13 26 17  8  1 10
  15 19 27  2  2  7 28 23 17 10 15  8 28 20 26 25 10 10  4 12  8  4 27 15
  14  9 11 12  4 18  5  2 25 16 16 11  6 10  9 28 12 19 25 27 12  9  6  7
  25  7  2  9 20  3 17 17 25 22  8 22  4  2 16 22 23  4 19 17 26  4 22 22
  26 21 29 29 28 24 18 16 13]
 [ 0 11 24  5 18  1 27  4 13 22  3  7  7 25 28  9 11 19  8 15 21 15 20 25
   1 16  8  8 15 22 23 24  4 18 20  4 10 13 22 23 26  2  6 21  4 11  8 11
  29 10 21  6 23 11 14 17  8 24  5 11  5 22 23 12  8 15 14 19 12 20 26 11
  18 21 14 25  1 15  8 28 20 21 10 18 17 27 21 15 27 29 15  3  4  1 19 28
   7 15 29 27 20 17 29 23  2 25 28 17  1 18 10 22 13 22  9  7 23 12 14 14
  12 29 14 18  3 24 21 11 17 24 24 19 18  7  4 25 15 28 21 29 11 12  9  2
  22 15 20 11  8  3 25 15 27  5 10 27 11  2 24  7  6 19 25 19  9 24 17 16
  29 22 10  6  4 10 19  4 11 29 17 12 11 14 23 29 11  9  8  6 12 12  7  6
  11 15 24  8  9 14 19  4 16 24 18 18 17 22  2 29 13 23 23 11 27  9 23 24
   3 12  5  5 25 11 10 27 19 10 27 16  2 11 15  9 19 25 26 19 20  1 25 29
  14 19 12 11 18 19 17 24 12 24 16 15 12 19 29 18 15  2 25 16  7  1  2 15
  20 11 29  2 27  1 29 11  3  4 19 18 25 14 24 21 15  2 13 17 22  3 12  3
  13  2 22 24 26  5  7 17 20 10  4 17 13 25  4  9 17 16  5  1 12 23 19 19
  25 22 24  6  4 16  5 17 14]
 [ 0 24 27  6 23 14  6  2 14 14 14  4 11 26 12  2 19 10  4  4 16 25 22  7
  27  4 19 18  2 28  2 28 23 22 20  5 16 26 16  3 23 25 21 19  6 10 23 10
   6  8  8 21 20 19 20  5  4 20  7 21 22 29 29 29 19  4 25 15 13  5 22 14
  24 28 14 23  3 22 18 29 23 13  2 15 25 23 13 20 14  3 13  2  1 18 13  1
  17 24 18  6 21 15  8 15 20 28 26  3 25 11  4 23 12 18 14 28 21 12 13  9
  20 26  8 14 24 24 25 24 13 25  8 16 17 10 29 14  8 23 25 13 11 29  6 23
   3 25 13  7 27 23 13  6 20 21 11  1 17 27 25 20 23 20  3 26 20  6 27 20
  18 16 17  7 29 14  4 16  6 12 24  6  2  7  3 21 27  5 24  8  8 19 23  6
   2 13 24  8 17 21  9 15  3  1 28  1  6 29  6 26 22  8  9 24  7 24 17 13
   7 17  1 25  1  2  4  7  9 28  9 25 17 16 22  9 12 16 13 23  7 12 18 11
  17 14 18 29 19  9 29  6 22  7  9  1  7 19 11  6 14 19 12 25 16 29 12  5
  24 20 15 15  7  2 28 21  9 23  3  5  6 24 22 19 28 25  6 20 12  6 13 23
  18  5 11 29  3  3  9  3 29  4  8  3 16 12 20 13 10  9 14 12 27  9  2  5
  20 28 15  6  2 11  2 28 15]
 [ 0 29 14  3 27  2 14 17 27  6 12 18 29  4 28  2 19 10 17 15  6  9 19  8
  23 15  4  2 20 20 26 26 24 22  4  6  1 21 27  1 14 28 27 23 26  3 22  9
  27 18 20 13 24  5 26  5  3  6  2 25 11 14 19  9  8  4 25 17 23 28  7  5
   1 17 21  2 12 27  2  9 13 27  5 18 27 14  8 20  1 24 27 25 27 24 10 26
  16 17 20 27 28 19 16 25 24 11 11 21 14  8  1 13 17 13 16 27 28 16 20 24
   3 28  7 22 21 17  6 26 25 29 13 17 16 24 29  4 10 12 20 12 20 15 10 11
  18 14  4 15 17 20 11  8 27 13 20  9 24 24 13 11 24 12 21 15 29 18 21  1
  26  4  5 22 11 25 10 19 16  3  9 20 10 17 23 16  6  4  9 18 19 19  5 10
   7 25 22 18 19 22 18 26  9  9 25 13 15 25 29 19 21 19  5 22 14 22 19  5
  28 19  3 22 18 13 29 22 14 24 16 10 10  9 29 23 11 17 13 23 26  1 22 18
  24 25  6 21 18 26 16 10 15  3 21 17 14  8 25 26 14 15  9 24 18  9  1 13
  12 22 26 19 26  7 28  1 11 22 25  1 29  2 25 20 18 16 26 22 26 10 10 19
  16 11 11 10  6 29 14 28 28 23 21  9 20  8 23 12 10  3 22 16 20 14 28 13
   3 22 29 11 13 25  1  4 24]
 [ 0 15  5 26 23  6 12  6  3 26 22 26 15 11 17 24 29 13  4 10  9 19  7 10
  11  4 13 17 28 22 15 20 21 23 22  2  7 23 21 23  4 27 16 26  3 29 16  4
   2 27 10  9 23  7 14 24 18 28 23  4  9 16 14 13  1 15 16  6  5  4 25  8
  17 27  9 28 20 18  7 18  3 11 20 20 21 28  6 12  9  2 25 28 24 21 12 20
  26 22 16 26 15 24 29 29  9 17 18  2 13  9 19  6  9  7 26  1 14  2  7  4
  24 28 26 19 25 23 17 10  6 20 29  8 25 17 28 19  9 13 17 19 27 17 17 20
  16  7 11 21 19 29 20  8 10 18 22  7 18 17 19 23  9  7 18 29 15  5 14 15
  11 19  2  1 29 26 28 27 18 15 18  5 20 15  8 14 21 26 16 10 12 29 17 16
   5 19 23 25 13  7 11 18  4 11  8 17 16 17  1 24 24 20 20 17 23 22  4 17
   2 27  9 11 20  6 29 10 19 18 23 23  2 28  1  3 27 13  7  4 19  8 20  6
  16 19 26 22  4  3  8 26 13  5 14 26  9  7  1 22 11  5 15 19 18  8 13 21
   2 19 27 13  4  8 20 23  8 23  4 12  3  2 27  3 25  8 25 11  1 24 27 25
   6 24 27 17 28 14 24 27  3 13 18  5 11 26 20 23 19 11 17 26  9  9  2  2
  25  7  2 10  4 25 16 29  4]
 [ 0 22  6  8 25 10 20 19  4 12 15 10 10  8 24  8 22 26 23 14 11 25  6  4
   7 12 12 19 18 22 28  5 19 14 23 23  6  5  5 15 17 24  7 18 18  6 25 27
  19 13 20 24  3  5 13  6 20 26  2 27  2  4 15 18  3  1  3 20 27 27 18 10
  11 13 11 28 28 27 14 13 15 21  7 24 26  3 19 19 29 13 11 17 27  3 15 15
   4 16  5 18 17  1 25 15 26 15  3  8 14 27 12 14 16 10 12  2 10 18 11 29
  13  2  5 17 24 21 20 26  5 11 20 17 19 17 15 13  6  9 19  7 29 27 26 11
   8 21  4  4 14 20 13 23 12 24  3  6 18  2  9  5 20  5  1  5 18 29 18 23
  17  7 21 26 19 23 23 13 20 10 11 12 10  3 28  6  5 25 28 23 17  2 29 15
  11 18 20 12 27 16  4  1 18 15  7  7  2 29 15 18 13  6 20 24  2 21 14 24
  21 13 10  9 21 19 29 27  6 28 21  6  3 28 23 20 18 10 13 15  6 12 19  7
  12 22 17  2 13 13 17  5  5  2 17 16  6  7  4 18 17  4 19 22  1  2 12 24
   2 26 22 27 11  7 22  1 10 21 16 14 17 13 18 17 26 10 16 13 29 16 17  9
  16  2  8  4 16 11 23  7 14  7  7 23 27  3 26  1  1  1 12 22 11  4 16  5
  12  4 16 13 16 21  7 21 18]
 [ 0  3 28 24 24 28 24 19 19  5 26  6  3  8  5 15 16  5 26  6 16 21 12  7
  11 13 19 14 22 15 24 10  2 29 18 14 22  8  6 11  8 28 17  2 16  9  3 11
   7  5  7  7  6 23 20 29  5 17 26 24 18  1 23  3  4  9 22 14 21  1 27  5
  13 20 22 15 11 16 29  3 27 25 10 10 27 19  7  7 29  9 29 10 24 12  4 28
   1 28 24  1 29 25 23 20 20  6 29 28  7 26  4 27 12  8 14 18 22 29 22 21
  18  6  5  4 24 27 24 11 27 14 14  7 11 19 10 17 20 17 12 20  5 19 24 28
  12  3 24 14 27 15 13  7 28 15 18  5 17 27 14 22 10 24 21  4  3 24 11  7
   5 20 16 14 24 12  1 27  9  3 12 12  7 10 12 10 27 24 28 18  4 10  7 24
  13 23 26 10 18 14  5  5 25 17 26 20 22 22 26  2 20 14 18  1 12 18  9 23
  25 16  7 13 29  5 21  7 18  9 21  8 11 21 10  3 19 12 17 13 11  3 15 17
   6 21 20 24 16 16  9 23 26 14 25 25  3  1 10 20  8  3 26 20 25 28 25 18
   3 29 17 25 13  4 27  7  6 17 28 22 19 29 24 14 15 23 20 12  6 23 19 19
  29  9 15 23  8 10 21 29  1 17 17 13 18 18 27 29 25 19 20  8 13 18  2 14
  12 26 10 24 17 28 13  2 17]
 [ 0 17  7  6 19 19  5 25 21  5 23 19  8  5 11  6 15 25 29 28  1 22 25 28
   3 19  1  3 13 17 11 28  6 21  3 24 20 29 25 16  9 16  6 23  1 17 10  1
  24 10  3 14  8 24 21 25 11 23  1 28 18 19 17  8  6  8 24 29 14 26 25  2
  24 11  7  6  9  3 11  8 29 10  2  2 26 25 10 17  4 13  3 19 22 22 14 27
   8  9  9  7  8 23 19  5 13  1 21 17 15 14 19  3 15  2  2 19 20 24 11 29
   7 21 11 11 14  4 13  4 18  9 29 18  6  2  8 21 25 18  1 23  2 29 17 29
  29 23 15  2  6 29  9  4 29 26  9 29 25  4 24 15  3  8 11  3 23  4 27 12
  21 11 26  7  2  4 17 20  7 13  6  6  1  5 10 22  2  1 18 23  5  3  1  9
  10 22 23 22 23 27  2 14 15 15 29 22 27 10 27  1 14  5  6 26 12 18 16 10
  29 24 19 20  5 20 25 18 19  6 19  3 26 28  8 16  6  3 27 15 14  7  1 22
  29 16 24 24 20  9 21  3 20  8 23 12 21  2 24 13 10 19  2  6 29 25 18 22
  17  8 27 19 27 28  1  4 21 23 29  4 11  4 19 16 27  1  5 21 17 27 28 25
  23  9 15 11  9  6  7 10 28 12 29 26 10 22  9  5 11 14  4 22 16 17  8  5
  15 13 26 23 21  2  8 10  6]
 [ 0 10 10 23 10  2 24 18 13  6 12  4 16  1 12 12 27 22 21 29 23 18 21 13
  21 18  5 25  3 17 17 25  7 22 21 11 11  7  1  9 23  9 11 16  4 15 18  4
  26 29 28  4 25 11 27 24 14  6  6 11 13  3 17 24 20 19  3 27 13 19 14 26
  12 24 29 14 17 12 12 19  2 15  8  4 21 27  1  3  2 16 28 27 11  6 16 21
   4 27 22 16  6 24 20 11  4 13 23 18 22  3  6 27 14 18 13 28  1  1 24 19
  16  4 13 23  9 21 28 25 15 10 20 11  7 26 15  1 19  5 13  2  1  2 13 22
  17 21 26 18 12 12  3 17 22  4 27 21 16  9  9 25 16 22 26 10  8 25 22  4
   2 10 14 24  4 20 15 12 14 19 17 18 29 14  2 24 18 27  7 14 21  1 18 27
  12 13  1 22 22 29 27  7 20  3 18 27  9  9  5 18  3 14  2  5  8 20 29  9
   1  9  7 23 28  7 28 25 13 24 19  7 29 22 27 21 19 10 29 10 23 21  3  6
  22 14  2  4 26 14 11  4  9 11 12 25 25 10 29 16  6 17  3 20 18 18 22 12
   9 14  8 15 12  7 11 18 26 13 18  8  2  3 29  9  5 27  9 13 24  6 25  4
  24 28 17  6 22 12 28  8  5  1 11 23 17  8 29 29 11 27 14 18 25 10 18 17
  22  5 20 20 18  2 23  4  4]
 [ 0 10 13 29  5 27 17 10  4 20 11 16 17 22 25  2 25 25  4  5 21 22 20 26
  21  9 22 17 26  1 16  3 19  8 17  6 11  1 19 14 21  1 12 11 27  5 23 23
  21 23  9  7 14 16  3 16  9  5 12 21  9  1 11  2 19 17  1  6 17 25 24  2
  21 14 27 23  4  9  8 28 11 18 11 13 20  7 10 11  3 27 17 14  7 28  2 12
  24  4 12  2 27  5 27 20 10 11  5 20  1 24 29  1 26 11 15 16 18 14 10 21
  27 18 16  3 13 23  3 26  1  5 20 28  4 23 10 12  5 14  1 17 15 29 15  1
  20 27 13 25 29 13 27 19 26 17  5 21 24 18 18 18 20 15 27 24 28  6 28  1
  13 28 21  2 28 10 18 14 23 12  4 19 23  4 29 19  8 13 20 18 17 24  4  2
  28 28 27  7  7 26 27 27 22 28 18 11 15 20  4 18  6 29  7 18 10 28 17 17
  18 12  3 15  5  5 23 25  6  2 13 29 11 15  3 19  4 21 11 13  6 19  7 28
  12  5  1 17 12 25 15 22 28 29  8 26 10 21 19 15 26 10 21 20 16 20 20  7
  14 25  6 18 11 23  9 27  7  8  3  3 17 26 17 18  6 17 16 14 10 16 24 25
  22 28 25 12  9 17 10  1 22 12  5 14 23  7  5 20  9  6 15 23 14 20  6  5
  17 17 18  3  7 11 11 14 21]
 [ 0  8  1 16 15 12 14 15  1 17 20  4 24 12 23 16 27 18 28 11 21 20 13 24
  22 24 21  4  9 13 28  8 15 12  6  8 24 28 12 24 13 16 26  4 28 21  6 10
   1 19 17 26  9 22 27 28 13 27 24 19 23  2  6 11  5  7 19 28 23 19 25 13
   8 19 24 19 23  6 13 27  8 19  6 25 13 13 21 25 21  1  5  3  8 21 12 17
   5 16 15  7  4 12  4  6  7 22  7 10 20 25 10  3 16 11  9  5 19 13 28  5
   2  3  6 22 12  8 10 12  7 17  9 11 24  3 15 11  6 26 18  5  7  1 16 28
  16  6  3 11 19  9 12 27 10 29 26 15  1 13 23 11 29 24 20 22 26  6 19  9
  16 12 27 16 26 29 18 10 28 26 14  6 22 21 13 15 12 13  7 29 20  7  1 24
  13 13  7 29  7 20 18 18 27  3 26 26 26 19 10  3  1 13  5 16 26  1  4 22
   9  7  5 25 20 28 18 10 26 13  8  1 28 17 16 26 10  1 11 27 11 15  2  6
  11  2  3  2 13 23  4  4  5 13 12 20  4 20  5  3 23 22  5 14  5  8 17  6
  28  9 20 22 19 18 12 26 13  7  7 19  3 11 10 27  3  7  2  7 19  1  5 16
  27  4 14  7  9 25 15 26 14 25 23 16 15 23 10  9  7 17 17  3 25 10  9 22
  29  6 22  1 15 19 21 27 14]
 [ 0 19  3 11  8 10 19 24 28 13 19 12 19  1 19  6  7 10 11  3  5 17 15 17
  19  6  7  2 25  7 29 17  3 13 28  6  6 21 26 17 19  9 19 25 19  3 28 24
   3  6 19  4 21  8 28 14 23 19 21 26 27 25 18 18 25 27  2 21  6  8 11 28
   1  8 26  4  5 16  2 22 19 12 12 27 15  1 25 20 24 20 26  9 26  6 20 17
   8  8 29  1 18 24 15  7 23 27  1  6  2 17 26 14  8  2 13 20  7  4 23 29
  22  9  2 14 25 23 17 13  3 28 26  3 10 14  7 27 27  9 10 24 18  6 27  7
  14 18  2 26 29  3  2 24 18 21 21 17  3 29 29 22  2 27 21 21 15  5  9  2
  11 26 13 12  4 19 18 23  8 18 14  8 10 19  4 24 11 15 17 24  4 27 22 20
  14 28  5 10 29 22 13 19 29 23  8 11  1  7 29 17  8  5 17 13 23  3 19 21
  28 12  3  5  2 10  4 17  4 25 22 26  3 12  2 17 15 19 20  7  8  7 26 17
   7 23 23 28 21 13  6 20 21 14  1  3 27 24 23  3 19 16 19  3  5 24  1  3
  23 22 15 17  3 25 13 10 17  9  7 19 19 28  8  6 26  5 13 14 22 11 23  8
   8 12 14 14  4 10 15 29  4 22 23  5  3 12 19 11 24 21 22 26 17  8 25 26
  25 26 14 25  7 23  2  9 21]
 [ 0 20 24 23  1  5 22  5 14  4  4  8 15  1 20  4 20  6 10 27 15 10 24  8
  16 18 24 26 29 14 16 26  2 12 14 27  5  7  3 15 21  4  9 16 25 19 26  1
  21 18 22 27 21 27 16 20 13 26  6 17 22 14  6 18 23 12 10 14  2  6 23 15
  26  7 20 29  6 24 23  7 14 23 16 26  9 18 21 18 22  9 26 10  1 24 15 25
   3 16 19 20  5  6  8 27 16  4 21 23 12 17 24 24 13 29 13 25 19 13 15 15
  10  7  7 29 23 16  6 27 24  7 12  5  7 28  8 14  2  8  5 10 10 22 21 12
   1  6 10 29  5  6 21 11  1  5 21 23 15  6 24 12 18 26  8 24  6  3 22 14
  23 29  3 29  8 25 15 27 19 24 16 13 16 28  5  2 14  9  4  8 29 10 16 19
   9 21 12 16  7 12 10  9 21 23  9  3 10  7 29 13  2 13 21 27 12  7  2 10
  14  5 15 23  4  4  9 10  5 12 20 21 16  2 29 19 16 19  6  4 11 29 23 24
  23  9 28  7  1  9  7  7  9 21 20 15 29 25 21 10  6 21 18  5 20  3 23 17
  29 17 26  1 21 11 20 23 22 14 29 20 29 15 22 20 14 17 21 26 25  9 18 20
  21 25  9 20  5 12 12 11 25  4  7 14  4 29 21  8 28 27 18 28 25 24 22 16
   7 29 16 19  7  8 22 28 10]
 [ 0  7  1  4 21 29 18 11  5 23 10 27  6  1 22 17  2  8 11 23  1 14  1 23
  29  7 13 21 19 10  3 13 17  3  8  2  2 25 15 20 22  1  1  2 24 22 14 24
  26 15  2 19  5 16  5 19 20 26  9  2  1 17  2 23  3  2 12  6 10  2 27 27
  15  6 26 17 28  8 22 13 24 20  3  5 25  5 17 17 26 26 22  6 11 22  5  1
   2  7 17 25 12 11 28 27  9 10 25  2 25 15 15 25 21 19 21 15  9  9 14 12
  20 21 14  9 10 15 13 10 24 25  7 12 13 14  3  6 23 11 29 26 24 16  8 16
   3 13 27 21  2 18 17  3 16 21 11 28 22  8 13 25 14 14 11 23  2  8  9 26
  26 15 21 21 21 13 22  6 16 28  4 29 20 13 10 19  1  7 13 29  9  7 12 18
  27 26  1 25 16 18 13 15  2  4 23 19 10 18 14 23 22 20 15 19 23 21 13 17
  15  2 11  2 26 10 20 13 23 20  2 17 17  4 23 22 22 13 22  2  9  6 10 10
  13 16 20 21  1  5  3  3 12 23 27  2 24 23 24  2 12 19 26 20 11 18  2 11
  16 12  4 17 11  8 26  9  7 14 19 20 23 20  9  1 12 21 15 28 26 27 29 19
   4  7 22 25  7 17 12 17  6 19 17 17 25  8  6 11 20  3  9 13 20 15  7  5
   5 11 19 16  7 29  7  8 23]
 [ 0  8  2 16 19 28 26 18 20 12  3 23 20 10 17  4 11 17 24  2 16  1 20 19
  23 21 25 17 22  5 13 26  4  6 25 16 25 21 10 10 10 28 12  8 25 28 15 12
   2 23  2  3  4 23 12 11 24  1 26 22 28  3  6 21 19 28 21  8  7 28  6  1
  11  8  5  6 12 12 24 14  9 23  7  5 26  7 25  8 18 13 13 26 16  1 20 17
  13 21 27 25 21  3 21 11  5 10  2  5  3 21 19  3  7 27  2 23 23 17 21  9
  28 10 13 12  9 26 13 13 16  4 22  7 15 19 22  8 26 29 21 20 24  4 17 23
   1 25 13  9 23  4 14 25  6 18 12 17  7  7 17 25 20  2 21 18 27 27  1  6
  16 18 16 16 16 16 23  2 23 14 26  7 28 13 16  3 10 13 22  2 24 19 10  5
  17  6  6 15 14 12  4 25 29 27  2 15 21  9  8 15 17 19 28 21  4  2 14  2
   6 11  7  9 23 13 29  7 13  1  8  3 10 14 25 16  3  6 25 29 29 19 12  6
   9 15 11  9  2  6  7 12 17  2 13 28 22 17 13  5 26 17  7 17 17  4 18 21
  12 28 29 24 28 19 11 13 24 19  1 26 15 11  5 26 22 12  3  7 15 23  1 22
   9 17 16 13 25 21 18  2 17 28 16  7  1 18  4  9 19 10 29 10  7 23 13 11
  22 26 13 10  5 18  6 16 25]]
 job2fam
 [[1 0 0 0 0 0 0 0 0 0 0 0 0 0 0 0 0 0 0 0 0 0 0 0 0 0 0 0 0 0 0 0 0 0 0 0
  0 0 0 0 0 0 0 0 0 0 0 0 0 0 0 0 0 0 0 0 0 0 0 0 0 0 0 0 0 0 0 0 0 0 0 0
  0 0 0 0 0 0 0 0 0 0 0 0 0 0 0 0 0 0 0 0 0 0 0 0 0 0 0 0 0 0 0 0 0 0 0 0
  0 0 0 0 0 0 0 0 0 0 0 0 0 0 0 0 0 0 0 0 0 0 0 0 0 0 0 0 0 0 0 0 0 0 0 0
  0 0 0 0 0 0 0 0 0 0 0 0 0 0 0 0 0 0 0 0 0 0 0 0 0 0 0 0 0 0 0 0 0 0 0 0
  0 0 0 0 0 0 0 0 0 0 0 0 0 0 0 0 0 0 0 0 0 0 0 0 0 0 0 0 0 0 0 0 0 0 0 0
  0 0 0 0 0 0 0 0 0 0 0 0 0 0 0 0 0 0 0 0 0 0 0 0 0 0 0 0 0 0 0 0 0 0 0 0
  0 0 0 0 0 0 0 0 0 0 0 0 0 0 0 0 0 0 0 0 0 0 0 0 0 0 0 0 0 0 0 0 0 0 0 0
  0 0 0 0 0 0 0 0 0 0 0 0 0 0 0 0 0 0 0 0 0 0 0 0 0 0 0 0 0 0 0 0 0]
 [0 0 0 1 0 0 0 0 0 1 1 0 0 1 1 0 1 1 1 0 0 0 0 0 0 1 0 0 0 0 0 0 0 0 1 1
  0 1 0 0 0 1 1 0 0 0 0 0 0 0 0 0 0 0 0 0 0 0 0 0 0 0 0 0 0 0 1 0 0 0 0 1
  0 0 0 1 0 0 0 0 1 0 1 1 0 0 0 0 0 0 1 1 1 0 0 0 0 0 1 0 0 1 0 0 0 0 0 1
  0 0 0 0 0 1 0 0 0 1 0 0 0 0 1 0 0 0 1 0 1 0 0 0 0 1 0 0 0 0 0 1 0 1 1 0
  0 0 0 0 0 0 0 0 0 0 0 1 0 0 0 0 0 0 0 1 0 0 0 1 0 1 0 0 0 0 0 0 0 1 0 0
  1 0 0 0 0 0 1 1 1 0 1 0 1 0 0 0 1 0 0 0 0 0 0 0 0 0 0 1 0 0 0 0 0 0 0 0
  1 0 0 1 1 0 0 0 0 1 0 1 0 0 0 0 0 0 1 0 1 0 0 0 0 0 0 0 0 0 0 0 0 0 0 0
  1 0 1 0 1 0 0 0 0 0 0 1 1 0 0 0 0 0 0 1 1 0 1 0 0 0 0 0 0 0 0 0 0 0 0 0
  1 0 0 0 1 0 0 0 0 0 0 0 0 0 1 0 1 0 0 0 0 0 1 0 0 0 0 1 0 0 1 0 0]
 [0 0 0 0 0 1 1 0 0 0 0 0 0 0 0 0 0 0 0 0 0 1 0 1 0 0 0 0 0 1 1 0 0 0 0 0
  0 0 0 0 0 0 0 0 1 1 0 1 1 1 0 1 0 0 0 0 0 1 0 0 0 0 1 0 1 0 0 0 0 0 1 0
  0 0 1 0 0 0 0 0 0 0 0 0 0 0 0 0 0 0 0 0 0 0 0 0 0 0 0 0 0 0 0 0 0 0 0 0
  0 0 0 1 0 0 1 0 0 0 1 0 1 0 0 1 0 1 0 1 0 0 1 0 0 0 0 0 1 0 0 0 0 0 0 0
  1 1 0 1 1 0 0 0 0 1 0 0 0 0 0 0 1 1 0 0 0 0 0 0 0 0 0 0 0 1 0 0 0 0 0 0
  0 0 0 0 0 0 0 0 0 0 0 0 0 0 0 0 0 1 0 0 0 0 0 0 1 0 1 0 0 1 0 1 0 0 0 0
  0 0 1 0 0 0 1 0 0 0 0 0 1 0 0 0 0 0 0 1 0 1 0 0 1 0 0 0 1 0 1 0 0 0 0 0
  0 0 0 0 0 0 0 0 1 0 0 0 0 0 0 0 0 1 0 0 0 1 0 0 0 0 0 0 0 0 0 0 0 0 0 1
  0 0 1 0 0 0 1 0 0 0 0 0 0 0 0 1 0 0 0 0 1 0 0 1 0 0 0 0 0 1 0 0 0]
 [0 0 1 0 0 0 0 0 0 0 0 1 1 0 0 0 0 0 0 1 0 0 0 0 0 0 1 1 1 0 0 0 1 0 0 0
  1 0 0 1 1 0 0 0 0 0 1 0 0 0 1 0 0 0 0 0 0 0 0 0 0 1 0 0 0 1 0 0 1 0 0 0
  1 0 0 0 1 0 0 0 0 1 0 0 0 1 1 0 0 0 0 0 0 0 1 0 1 1 0 1 1 0 0 1 0 0 0 0
  0 0 1 0 0 0 0 1 0 0 0 1 0 1 0 0 0 0 0 0 0 1 0 0 0 0 0 1 0 0 0 0 1 0 0 0
  0 0 0 0 0 1 1 1 0 0 0 0 1 0 1 0 0 0 1 0 0 0 1 0 0 0 1 0 0 0 1 0 1 0 1 0
  0 0 0 0 0 0 0 0 0 1 0 1 0 0 1 1 0 0 0 0 0 0 0 1 0 1 0 0 0 0 1 0 0 0 0 0
  0 0 0 0 0 1 0 0 0 0 1 0 0 0 0 1 0 1 0 0 0 0 0 0 0 0 0 0 0 0 0 0 0 0 0 0
  0 0 0 1 0 1 1 0 0 0 0 0 0 0 1 0 1 0 0 0 0 0 0 1 0 1 0 0 1 0 0 1 1 1 0 0
  0 0 0 1 0 0 0 0 0 1 0 0 1 0 0 0 0 1 0 0 0 1 0 0 0 1 0 0 1 0 0 1 1]
 [0 1 0 0 0 0 0 1 1 0 0 0 0 0 0 0 0 0 0 0 0 0 1 0 0 0 0 0 0 0 0 0 0 1 0 0
  0 0 0 0 0 0 0 0 0 0 0 0 0 0 0 0 0 0 0 1 0 0 1 0 1 0 0 0 0 0 0 1 0 0 0 0
  0 1 0 0 0 1 1 1 0 0 0 0 1 0 0 0 0 0 0 0 0 1 0 0 0 0 0 0 0 0 0 0 1 1 0 0
  1 0 0 0 1 0 0 0 1 0 0 0 0 0 0 0 1 0 0 0 0 0 0 1 0 0 1 0 0 0 1 0 0 0 0 1
  0 0 0 0 0 0 0 0 0 0 1 0 0 1 0 0 0 0 0 0 1 0 0 0 1 0 0 1 0 0 0 1 0 0 0 0
  0 1 0 0 1 0 0 0 0 0 0 0 0 0 0 0 0 0 1 0 1 0 0 0 0 0 0 0 1 0 0 0 1 1 0 0
  0 0 0 0 0 0 0 0 1 0 0 0 0 0 1 0 1 0 0 0 0 0 1 1 0 0 1 1 0 0 0 0 1 1 1 1
  0 0 0 0 0 0 0 0 0 1 0 0 0 0 0 1 0 0 1 0 0 0 0 0 0 0 0 1 0 0 1 0 0 0 0 0
  0 0 0 0 0 1 0 1 1 0 0 1 0 1 0 0 0 0 1 1 0 0 0 0 1 0 0 0 0 0 0 0 0]
 [0 0 0 0 1 0 0 0 0 0 0 0 0 0 0 1 0 0 0 0 1 0 0 0 1 0 0 0 0 0 0 1 0 0 0 0
  0 0 1 0 0 0 0 1 0 0 0 0 0 0 0 0 1 1 1 0 1 0 0 1 0 0 0 1 0 0 0 0 0 1 0 0
  0 0 0 0 0 0 0 0 0 0 0 0 0 0 0 1 1 1 0 0 0 0 0 1 0 0 0 0 0 0 1 0 0 0 1 0
  0 1 0 0 0 0 0 0 0 0 0 0 0 0 0 0 0 0 0 0 0 0 0 0 1 0 0 0 0 1 0 0 0 0 0 0
  0 0 1 0 0 0 0 0 1 0 0 0 0 0 0 1 0 0 0 0 0 1 0 0 0 0 0 0 1 0 0 0 0 0 0 1
  0 0 1 1 0 1 0 0 0 0 0 0 0 1 0 0 0 0 0 1 0 1 1 0 0 0 0 0 0 0 0 0 0 0 1 1
  0 1 0 0 0 0 0 1 0 0 0 0 0 1 0 0 0 0 0 0 0 0 0 0 0 1 0 0 0 1 0 1 0 0 0 0
  0 1 0 0 0 0 0 1 0 0 1 0 0 1 0 0 0 0 0 0 0 0 0 0 1 0 1 0 0 1 0 0 0 0 1 0
  0 1 0 0 0 0 0 0 0 0 1 0 0 0 0 0 0 0 0 0 0 0 0 0 0 0 1 0 0 0 0 0 0]]
