params：
 weight-->(1, 10)
 proc_times-->(1, 100)
 setup_times-->(15, 30)
 delivery_times-->(1, 100)
 job_rate-->16

start:
alpha_1
16
 alpha_2
0.5
 mach
20
 job
320
 fam
5
 weigh
 [[0 4 3 2 6 8 5 7 7 5 4 5 9 3 2 4 2 9 2 9 2 4 2 7 8 5 6 6 3 1 9 6 1 2 6 4
  3 6 2 7 5 7 7 4 2 9 6 2 8 2 6 1 9 7 6 3 8 3 6 4 9 8 3 1 3 7 7 4 7 9 6 2
  4 5 7 8 4 9 8 8 4 7 3 8 2 9 6 3 1 1 1 7 3 5 7 9 3 2 2 1 8 6 4 5 5 4 2 2
  9 1 1 7 7 5 2 6 2 7 1 2 9 5 8 1 1 4 1 7 8 8 9 3 7 3 1 7 4 9 3 1 7 1 5 7
  7 6 4 2 6 3 5 1 1 1 6 8 4 2 5 7 4 7 5 5 8 3 3 6 6 3 1 9 7 7 2 1 8 9 5 8
  9 8 3 5 3 1 6 3 1 9 8 3 7 2 7 8 2 9 6 3 4 2 7 4 5 5 5 9 7 8 8 5 3 7 8 7
  3 5 9 9 3 2 8 1 1 2 2 5 9 1 6 2 2 2 4 5 4 7 5 9 2 2 1 2 6 1 1 4 4 5 8 6
  2 8 7 4 9 1 2 9 3 8 4 3 3 4 9 1 7 5 8 1 2 5 4 4 4 2 3 6 9 1 4 1 7 4 3 6
  1 6 7 5 1 5 1 1 3 2 8 3 6 3 2 2 7 8 9 1 7 5 1 3 1 6 5 9 9 3 9 4 4]]
 proc_times
 [[  0  58  62  48  63  55  32  48  42  38  97  23  66  91  62  50  51  47
   76  78  11  16   4  24  49  75  78  17  98  95  83  30  73  93  10  46
    5  20  15  99   6  35  67  35  11  37  14  67  84  92  54  53  54  28
   41  38  57  26   1  97  14  77  99  95  58  51  83  34  48  10  30  28
   34  59  56  68  34  12  82  86   1  47  96  79  10  36  46  27  96  93
   46  38  98  23  54  21  99   1  94  35  40  18  20  33  74  34  78  45
   99  12  95  40  67  36  86  38  50  74   8   9  73  37  64  61   9   1
   80  69  48  92   1   9  12  59  81  79  79  50  32  53  98  31  32  40
   12  59  61  97  51   2  33  44  37   2  82  78  21  34  84  67  65  29
   98   4  41  89   7  77  16  52  43  16  60  53  39  16  22   5  35  68
  100  35  57  71  90 100  68   2  33  56  89  17  31  71  61   8  32  10
   11  30   9  94  78  57  43   8  11   6  93  40  50  30  78  62  17  41
   12  47  79  77  95  76  70  90   9  53  63  89  95  37  34  23   7  80
   24  50  51  39  59  30  15  54   6  30  74  27  77  52  60  32  37  73
   62  73  37   7  44  81  29  25  87  46   9  72  54  21  97  77  14  37
   63  26  84  37  24  50  95  96  60  70  68  24  94  65  54  92  46  24
   93  29  14  81   4  61  70   5  98  33  37  75  15  77  41  75  95  12
   12  49  63  51  27  43  92  54  45  14  94  22  82  82  42]
 [  0  36  91  32  36  90  17  83  21   7  25  93  27   4  83  22  42  71
   56  43  50  60  10  37 100   5  87  24  75  92  60  18  93  66  20  40
   97  14  20  69  47  72  58   6  50  10  16  97  39  24  39  22  86  45
   36  65  24  59  67  17  24  99  39  17  16   3  56   1  62  27   2  32
   13  40  22  77  32  36  78  86  90  56  31  50  35  81  44  16  88  49
   83  59  82  59  36  15  52  90  62  11  32  96  30  55  76   7  60  93
    1  42  43  70  12  39  36 100  88  81  48  84  60  49  54  15  50  23
   33  61  46  11  89  17  83 100  53  30  67  36   1   5  61  93  89   5
   36  13  57  18  71  59  73  31  42  88  19  19  18  86  98  24  60  11
   90  80  57  49  12  66  19  57  86  86  37   8  60  46  50 100  45  88
   23   3  70  19  59  66  98  46  75  74  36  25  48  75  85  99  45  68
   52  80  34  92  38  38  21  27  18  22  72  25  98   2  70  59  23  62
    3  94  95  32  34  91  12  25  72  61  36   2  34  84   4   4  41  74
    2 100  39  63  56  18  68  29  66  56  49   8  94  74  20  72   9  28
   23  75  58  75  22  82  90  67   8  72  86  39  87  27  27   2  39   6
   52  67  38  15  33  53  58  59  16  23  34   6   8  49  13  59  80  99
   83  95  85  46   2  10  38   4 100  28  40  24  76  98  49  59  91  92
   25  41  48  44  19  49  64  24  58   5  42  55  14  46  97]
 [  0   9  93  16   6  54   7  17  93  16  32  33  41   2  73  31  99  55
   10  59  15   9  76  56  95  91   9  42   2  91  27  19   3  35  48  83
   97  14  92   6  64  13  63  32  55  95  36  38  91  96   5  76  98  94
   60  69  17  76  67  33  73  95  22  33  80   2  94  28   3  19  60  41
   37  11  79  89  57   5  75  24  46  18  13   6  81  77   7  48  82  82
   46  11  33   9  14  66  77  21  45  62  11  11   6  90   5  46   6  94
   13  24  13  79  76  22  84   8  57  74  26  82  32  77  95  74  76  40
   48  58  66   8  79  17  94  39  61  27  99  36  29  34  15  90  36  90
    6  16  97  21  27  28  70  31  62  68  65  88  63  95  92  92  51  21
   10  97  37  29  65  16  84  40  79  43  79  41  58  50   2  68  44   5
   64  98  51  89  40  45  22  67  43  75  99  24  99  50  66  30  92  36
   91  65  55  37  80  21  89  36   4  80  31  70   3  94   9  32  96  11
    9  46  16  84  29  73  81  64  39  38  82  53  36  33   3  67  94  42
   56 100  60  32  38  96   8   3  76  29  35  26  43  48  25  57  32  96
   49  64  30  89  21  88  69  82  54  98  31  33  80  84  71  56  88  64
   21  31  81  81  10  49  23  85  74  23   6   5  87  16  29  29  81  30
    9   7  43  45  73  14   4   4  44  84  61  13  89  89  38  26  11  24
   14   6   5  88  45  18  40  38   2  97  24  77  26  42  65]
 [  0  42  50  20  69  38  23  78  48  36  44  66  63  97  71  59   2  28
   86  35  61  18  62  64  78  74  45  94  19  43  44  80  50   8  78  51
   53  14  81  62  29  21   4  91  88  60  76  32  39  60  60  84   4  54
   43  73  87  74  47  72  21  88  78  19  71  60  98  59  43  65  36  19
   87  10  14  54  84  59  60  56  54  30  14  72  41  88  32   3  41 100
   52  82   3  53  21  79  70  49  16  36  19  22  24  90  83  61  14  76
   28  67  51  63  69  31  84  95  36   4  18  20  93  56  79  12  36  56
   34 100  46  20  51  54   7 100  70  19  71  30  56  45  80  15  38  20
   41  56  87  26  19  38  64  80  53  93  54  16  73  58  82  60  11  31
   86  50  49  68  40  75  57  60  63  95  89  84  68  97  72  15  31  76
   99  25  67  30  73  32  33  88  19  61  96  46  21  64  42  33  37  92
   13  26  96  39  91   6  24   7  70  30  42  74  51  48  76   3  76  46
  100  11  30  92  50   4  32   5  24  31   7  86  72  76  99  97   3  38
   66  12  37  94  21  61  69  94  53  16  25  57  52  31  72  47  87  47
   19  79  61  37  29  49  10   7   4  81  41  22  36  10  99  84   9  50
   39  44  72  89  92  21   9  43  95  84  10  51  68   7  12  98  32  48
   99  34  42  80  66  72  78  72  85   7  59  21  26  91  34  64   9  35
   90  85  78  20  65  73   1  80  42  27  94  34  50  23   5]
 [  0  23  46  89  46   9  61 100  21  76  26  61  85  65  10  86  53  87
   70  85   2  44  30  38  76  70   3   6  94  15   4  88   5  76  45  14
    8   8  51  31  39  38  17  45  13  39  33  59  78  70  78  98  86  47
   41   6  71  51  58   2  48  91  26  26   2  55 100  40  50  84  90  35
   49  18  89  30  54  26  38  73  29  64  90  78  69  66  78   2  77  23
   50  72  27  82  66  82  77  22  38  49  90  93  76  13  13  73  22  95
   97  56  89  77   9  42  31  22  91  48  32  30  30  20  87   2  13  92
  100  30  34  81  49  93  72  57  53  77  91   7 100   6  18 100  94  32
   51  49  89  17  68   3  13  87  80  72  83  36  18  31  58  61  34   7
   85  89  70   2  93  12   9  86  12  47   6   3  22  98 100  89  13  34
   58  45  58  20  23  37  32  98  52  12  50  90  71  96  11  79  60  28
   18   7  34  28  27  84  48  59   7  71  18  99  86  85  66  56  27   9
   89  51   2  58  38  90   3  13   3  19   2  76  51  88  27  94  55  24
   88   1  70  28  77  48   6  96  39  42  23  62  26  88  52  23  65  94
   81  76  20  43  35  14  13   9  79  97  53  93  60  15  36  88  79  17
   28  66  96  33  41  44  63   5  43  36   8  59  48   6  85  28   8  23
   73   2  54  26  72  37  10  66  85  42  95  95  61  94  23   1  26  17
   98  49  80  59  51  66  50  47  97  63  59  91  79  67  56]
 [  0  88  14  58  43  46  88  28  72  75  88  39  32  31   7  67  55  22
    6  16  38  53  67  30  10  27  20  68  58  55  51  71   1  69  74  94
   65  88  28  53  47  33  35  49  63  95   4  80  47  57   3  74  40  25
   51  70  17  65  70   2  66  26  83  61  33  35  90  80  14  19  48  67
   58   9   1  60  19  13  63  71  49  19   9  73   4  46  31   5  75  60
   95  55  45  41   1  58  47   4  15  74  34  31  96  10  32  39  51  63
   73  79  29  48  40  29  91  91  26  91  26   6  61  91   1  64   6  82
   70  13  22  95  47  49  97  51  29  62  55  63  87  19  86   3  22  30
   13  33  87   3  18  32  37  57  62  69  25  48  78  48  12   3  18  30
   79  71  88  65  83  54  83  87  31  39  47  24   6  96   4  67  18   3
   90  57  12  15  63  77  89  25  88  32  12   6  37  20  66  10  82  63
    5   2  75  17   7  87  94  24  91  19  21  37  89  66  13  24  97  19
   41   4   9  22  67  83  68  40  67  60   6  76  70  41   5  53  28  45
   70  99  40  83  14  37  45  59  80  16  56  28  25  63  92  52  70  57
   28  75  73  53  35  87  35   7   1  41   6  97  35  88  66  29  51  82
   13  15  70  35  10  28  72  53  45 100  12   8  11  85  40  50  13  57
   69  81  85  98  34  45  44  39  31  54  51  40  39  97  13   1  34  87
   81   3  19  12  88  87  18  57  96  37  41  60  43  58  81]
 [  0  60  97  43  64  18  57  17  63  19  40  36  73  81  89  14  40  13
   67  72  35  57  68  73  22   3  54  28  59  19  87  36  17  80  78  76
   94  83  17  63  33   9  27  38  78  55  89  33  50  28  30  80   5   8
   43  98   6  16  85  59  74  56  78  53  20  34  86  28  86  75  69  88
   56   2  66  37  57   2  82  72  50  39  22  36  42  69  79   3  19  63
   65  40  25  50  95  10  45  65  79  25  79   9  59  67  67  85   9  44
   69  84  49  16  62  51   6   4  47  13  92  50  64  78  27  60  42  39
    1  19   9  38  52  75  60  11   4  72  90  16  80   7  25  97  25  24
    6   1  27  24  36  70   1  44  20  88  74  55  12  11  33  66  54  52
   69  87  75  11   7  27  41  59   6  34  34  66   5  75   9  39  70  72
   51  93  55  98   1  50   8  64   2   3  80  83  31  61  90  48  83  89
   84  57  90  25  68 100  83  25  34  55  93  59  30  41  12  64  69  89
   24  99  29  98  44  97  40  42  69 100  35 100  44  38  98  27  90  28
   60   1  62  14  56  99   8  69  95  97   5  99  93  41  68  26  68  73
   76  41  90  73   4  43  46   3  79  27  56  43   6  15  70  81  86  37
   99  61  46   3  34  64  98  77  23  10  98  51  45  90  56  88  23   6
   15  69  95  71  71  12  72  93  53  39  36  21   3  40  47  77  94  24
    3  12  65  57  60  26  68  30  96  76   5  54  65  29   2]
 [  0   9  23   1  40  13  48   1  28  39  54  54  59  46  16  41  74  67
   27  20  35  29  89  85  88  93  51  39  95  34 100  45  92  57   2  84
   22  79  75  51  63  79  27   6  22  34  28  73  57  62  35  84 100  49
    6  82  66  57  45  40  61  28  49  14  91  20  33  25  80  36   1  76
   21  73  47 100  91  95  91  97  87  22  41  51  64  86  62 100  42   2
   12  11  23  62  11  59  85  41  66  12  13  65  13  62  62  36  38  61
   16  78  28  31  34  13  96  66   2  94  88  92  64   9  51  80  12  94
   67 100   5  55  13  90  34  73   3  58  64  11  39  52   7  83  20  83
   90  96  71  61  26  42  44  60  52  22  73  92  20  79  91  70  10  74
   97  15  40  31  92  26  99  95  77  81  72  20  96  65  43  85  70  40
   10  33   3  25  37  20  22  64  67  71  56  66  42  38  50  48  65  95
   24  61  52  40  65  93  36  98  40  89  77  33  62  37  81  87  55  99
   75  93  98  94  86   1  89  37  90  17  10  31  91   2  79   5  24  55
   49  65   6  20  68  48  53  57  58  51  15  36  35  98  33  20  36  75
   16  69  27  52  80  42  53  97  16  46  60  67  10  29  60  48  55  82
   84  52  58  45   2  28  93  25  38   3  19  17  32   2  48  27  23  72
    3  43  86  23  85  31  71  36  14  89   7  28  58  60   7   7  18  74
   12  59   3  99  60   5  40  28  48  46  71  10  72   9  80]
 [  0  13  20  81  20   8  31  47  35  32  20  69  59  46   7  18  43  40
   78  26  49  28   5  54  75  71  55  44  11  49  51  27  16  23   7  77
   18  59  74  92  81  15  46  53  79  43  54  97  45  53  36  16  59  24
   32  76  38  22  99  30  49  47  67  41  29  28  52  14  61  34   2  60
   96  55  25  66  18  13  90   6   3  82  75 100  78  76   8  50  74  61
   63  69  60  83  87  73  34   4  63  54  36  79  48  25   1  52  71  26
    8  83  50  55  95  48  85  91  80  73  49  99  26  77  57  71  90  43
   52   3  74  65  24  42  34  63   9   3  10  63  32  30  71  86  92  53
   84  31  99  54  86  54  66  58  27  64  20  43  48  83  74  33  59  31
   58  16  64  79  56  68  97  54   5  56   7  28  75  90  29  25  67  21
   37  74  13  78  82  80  34  82  62  15  53  56  58  46  24  25  39  79
   78  91  56  70  71  38  49  33   1  35  71 100  14  55  96  61  30  51
   72  18 100  97  60  18 100  88  45  52  54  31  22  58  42  34  76   8
   53  16  33  59  19  65  43  94  63  97  95  12  41  10  92  52  79  53
   20  14  22  45  37  63   9  26  66  26  18  84  78  47  90  46  47  14
   84  19  60  19   3  72  48  22  36  46  54  40 100  97  68  40  80  68
   77  50  87  51  35  82   2   7  66  84  47  95  62   9  48  62  71  48
   79  15  93  81  36  18  72  74  96  19  43  58  56  68  41]
 [  0   9  32  52  98  57  86  83  64  62  89  88  74 100  68  33  81  60
   36  21  77  15  63  34  68  28  94   1  47  62  43  60  26  75  10   7
    7  15  11  17  12  20  23   6   9  33  32   3  76  73  16   2  62  58
    2  68  53  18  80  77  83  69  35   3  71  90  50  36  84  40  43   3
   73  42  68  54   4  54  85   9  86  24  72  76  62  30  71  30  80  37
   60   6  38  79   9  39  34   1  55  70  62  12  80  51  63   6  80  75
   49  63  14  66  90  30  99  21  12  55   4  54 100  62  41  62  17  70
   25  78  82  88  90  40  65  62  24  80  73  77  59  91  28  27  88  32
   26  82  23  85   1  91  94  63  41  30  60  51  86  86  76   9  39  24
   81  19  34  61  78  48  61  20  83  92  20  54  41  55  97  79  96   9
   84  32  52  79  27  15  88  46  22  21  60  97  71  80  22  16  18  29
   57  22  31  63  41  52  13  49  88  74  65   9  46  11   7  63  82  59
   59  21  67  99  54  48  21  63  15  57  79  18  80  19  77  13 100  49
   63  77  45  46  89  84  92  59  74  14   5  39  50   3  15  24  34  28
   94  20  23  32   6  62  84  90  85   6  91  29  80  55  25   2  95  38
    7  59   4  23  66  72  86   1  29  19  12  45  62  50  93  74  71  61
   23   4  47  92  26  19  92  95  35  56  26  54  11  14  37  13  38  38
   43  24  15   9  91  69  55  87  31  78  33  53  22  39  45]
 [  0  77  37  74   3  46  88  79  42   3  59  37  31  79  84  72  78  72
   45  24  37  35  22  55  47  51  48  42  16  79   4  92  55  69   1  81
   59  71  41  16  47  94  13  93  12  71  64  77  96  18  31  37   6  44
   13  69  79  68  78  99  52  78  87  19  38  50  89  57  57   8  77  91
   22  95  12  79  23  48  23 100  30  61  96  78  74  75  56   5  53  19
   57  26  90  98  96  34  69  65  47  68  22  16  75  57  38  48  92  61
    3  19  49  51   4  41  27  33  15  51  95  98  90 100  94  43  73  29
   78  50  27  86  59  79  99  30  29  64  59  67  72  81  61  92  48  48
   41  97  26  12   5  21   8  64  29  94  41  32  20  97  30  23  34  29
   14  38   4  62  34  53  37  74   2  93  18  29  58  94  23  78  90  58
  100  82  78  84  50  66  97  60  87  58  37  75  85  36  22  82  54  16
    9  19  30  86  77  41  69  42  85  46  24  88  50  95  37  26  39  19
   49  52   9   5  82   9   6  58  30  50  32  48  37  39  72  93  71  95
   68  97  86  84  56  34   4  87  93  40  35  63  58  16  59  32  47  74
   95  40  15  48  56  86   7   1  11   2  22  86  75  64 100  71  36   4
   92   2  92  70  29  90  76  47  68  27  81  27  64  15  52  92  28  61
   34  55  72  72  72  54  53  62  39  22  99  74  14  49  80  12   6  79
   48  92  68  62  60  37  96  52  47  43  80  29  25  53  29]
 [  0   6  32  51  84  91  96  48  81  83  30  87  75  62  99  44  64  49
   32  95  35  89  93  59  82  92  41  85  74   5  18   2  20  44  51  58
   66  19  80  11  46  29  92  70  62  98   2  81  74  82  57  10  49  77
   45  79  83  10  22  41  50  74  95  83  84   2  88  76  97   8  77  81
   24  93  64  33  99  14  88  72  26  67  68  46  74  98  27  68  63  72
   89  88  62  92  67  88  70  68  67  55  33  91  75  59  45  52  17  48
   69  53   7  95  81  50  34  90  33  16  33  51  68  94  75  73  91  86
  100  29  31  57  48   8  96   2  55  59  71  59  15  42  72  58  87  95
   65  33  45  96  52  53   1  92  78  75  51  40  14  37  79  14  48  44
   94  37  78  91  38  43  39  88  85  60  14   5  96  51  19  11  82  81
   11  62  51  49  28  49  76  32  89  40  76   4  13  38  18  70  40  74
   81  41  45  39  70  28  85   3  46  53   4  13  17   5  35  91  78  81
   50  76  98  96  12  94   7  34  36  15  81  82  37  37  21  79  53  40
   62  79  40  44  60  99  74   2   7  46   4  12  20   2  85  10  66  30
   21  56  21   9  33  16  75  44  61  72  32  91  89  61   2   7   4  55
   18   1  36  23  53  44  10   2  59   5  25  64  66  88  99  84  33  91
   31  10  22  54  95   1  33  93  75  79  92  69  31  75 100  38  52   2
    3  24   5  77  47   8  94  22  91  60  54  93  41  98  86]
 [  0  14 100  31  71  18  17   4  67  72  46  19  49 100  16   1  94  75
    5  74   5  33   9  52  60   9  38  67  14  59  40  11  43  26  29  81
   17  27  25  56  67  89  39  38  20  26  45  31  93  71  69  62  40  51
   26  66  55   1  29  71   1  90   2  97   5  87  55  46  43  96  63  27
   96  54  67  11  13  56  62  44  62   3  13   7  60  79  92  75  77  57
   72  53  73  57  37  27  61  93  69  92  14  53  24  50  83  56  44  38
   16  97  10  71  62  27  36  94   1  67  38  21  36  50  43  52  85  92
    8  37   7  33  36  83  90   8  85  71  91  70  14  50  26  35  90  83
    3  92  86  34  94  93  12  57  70  59  50  34  51  90  19  74  48  45
   56  37  29   2  77   6  13  70  10  99   6  44  39  33  85  19  93  88
   82  56  23  80  62   4  81  29  84  52  39   2   6  16   4  19  97  86
   55  52  98  94  26  91  41  68  48   5   6  43  29  76  62  67  83   5
   52  15  49  20  47  92  59  71  43  24  77  93  12  28  41  25  72  23
   32  12  75  21  72  12 100  73  90  51  29  37  76  68  27  83  19  49
   68  68 100  14  75  84  78  44  97  23  14  53  20  84  90  74  83  81
   25  15  73  95  26  59  97  95  36   1  62  64  32  98  21  58  48  17
   81  70  88  21  15  56  99  69  75  90  64  97  45  25  35  79  84  75
   65  12   4  78  94   5  20  76  30  41  51   7  38  49  48]
 [  0  46  45  25  31  75  85  56  62  61  11  20  62  99   1  52  41  69
   83  49  70  20  99  27  48  50  26  97  47  32  79  18  22  79  89  77
   21  53  77  85  93  47   9  61  95   8  98  80  72  69  87  47  76  28
   86  84  60   5  25  21  67  20  25  96  54  33  48  27  95  35  41  26
   83  83  83  64  93  44  65  32  49   4   3  95  66  82  49   2  66  40
    6  69  82 100  41  78  23  81  26  41  13   5  80  42  57   7  36  43
   12  85  36  56  44  10  31  90  93  40  64  30  55  88  41  77  59  28
   55   3  55  90  77   1  17  54  66  56  98  17  52  14  85  46   9  21
   46  38  75  20  56   4  79  48  48  48  74  54  79  39  94 100  34  25
   88  70  84  70  59  50   4  17  64  73  55  20  57  52  69  33  92   4
   79  18  46  77  90  55  49  95  35  62  93  71  17  13  38  81  80  18
   82  22  89  59  78  92  55  26  50  80  36  55  92  70  73  33  93  43
   86  26  90  93  71  94  57  95  26  59  55  32  79  62  98  84   8  48
   20  96   5  28  83  26  56  79  41  78  76  99  82  79  33  11  54  35
   22  58  47  86  60  95  17  37  77   7  51  14  96  18  91  96  43  44
   19  44   1  19  41  29  53  92  78  75  33  71  13  77  88  87  68  84
   13   4  78  18  28  73  96  21  59  65  79  78  80  13  84  93  76  39
   12  27  54  59   2  54   8  48  55  92  49  49  82  17  96]
 [  0  72  34  30  48  40  38  24  21  61  56  69  11  53  68  20  43  84
   78  39  83  65  90  67  31  87  28  55  22  60  48  84  92  87  44  40
   43  42  13  65  36  61  33  78  12  71  99   5  47   9  81  47  26  35
    1  31  88  36  80  40  83  44   3  11  24  57  29  97  45  35  65  49
   23  20  32  23  53  27  61  54  67  92   4   4  24  23  35  35  81  98
   32  43  49  66  18  83  45  35  54  41  73  92  38  45  93  62  11  48
   63  83  98  52  89  59  15  89  96  58  41  92  94  41   3  18  61  39
   71  84  58  29  65 100  33  35  60  79  61   4  51  10  58  78  77  57
   69  87  41  17  55  87  22  61  58  73   3   3  81  40  40  67  84  13
    8  37  77  36  55  24  29  16  70  42  42  76  26  13  40  58  39  90
   20  14  30  47  98  10  96  72  92  68  56  72  18  26  98   3  53  72
  100   4  35  39  47  94  53  95   9  12  53  57 100  62  70  99  65  63
   10  88  73  88  17  68   1  75  53  43  63   3  81   7  11  62  95  44
   39  26  78  67  94  86   4  29  87  13  16  25  14  11  40  77  75  37
    4  66   8   8  57  49   6  58  63   9  16  17   2  97  51  43  10  20
   33  89  80   1  23  52  41  54  89  55  64  75  53   9  91  84  92   8
   73  51  16  39  39  29  45  43  33  44  43  10  45  69   2  81  31  95
    9  11  27  49  69  48  97   8  70  34  87  65  19  60  10]
 [  0  32  38  52  22  56  95  84  78   5  40  61  79  21  88  40  61  17
   39  91  17  84  57  74  74  59  79  24  88  28  71  54   4   6   2  43
   20  61  48  37  55  99  88  60  77  15  54   7  96  79  50  52  18  67
   48  88  14  74  90  75  43  19  50  36  17  14   1  56  89  64   8   6
   56  28  41   5   5  46  60  51   2  62  92  92  71  38  11  74  19  44
   82  91  83  79  39  45  35  30   6  12  74  22  55  12   9  11  31  92
   21  15  32  76  27   6  37  41  98  69  28  59  87   6  88  38  58  28
   29   5  60  58  99  57  14   5  67  60   9  15   8  32  11  91  75  75
   85  39  83  38  76  71  38  73  51  14  82  43  11  86  73  82  75  34
   87  65   7  44  42  39  99  33  24   4  24  30  86  18  41  49  26  76
   77  86  82  73  77 100  65  66  96  47  45  15  82  42  59  93  44  63
   61 100  85   2  61  90  40  84  16  47  70  51  66  60  76  84  91   7
   13  31  26  17  71  51  55  62  22  54  19   8   5  15  62  83  24   8
   62  52  33  39  95  87  98  60  89 100  29  12   4  97  44  64  33  44
    9  92  78  39  67  78   7  34  91  68  94  60  98  11  24  85  94  88
   97  36  30  29  47  86   5  70  38  90   8  36  95  40  90  59  85  98
  100  46  92  37  79  83  74  18  79  92  70  18  94  61  46  43   6  65
   92  17  29  47  10  37   5  43  25  18  18  73  89  57  95]
 [  0  57  93  56  74  97  56  13  86  31   2  85  58  35  97   7  43  56
   30  14  20  94  70  32  64  56  35  94  38  31  62  37  89  44  99  52
   67  27  82  17   7  61  99  16  98  20  89  61  74  50  49  58  27  14
   65  35  18  61  21   8  47  69  80  73  94  39   2  79  61  72  63  66
   50  10  66  43  68  89  67  54  50  99  70  97  74  51 100  21  48  98
   12  92  92  77  83  43  34   4  98  62  26   8  38  43  36  56  41  64
   78  40  22  33  28  94  89  89  51  24  47  19  73  99  41  74  19  86
   94  12  81  45  83   5  10  80  38  44  87  90   1  76  80  41  64  76
   68  53  23  17  11  80  90  91  56   7  95  95  54  73  80  66  66  85
   17  48  74  39   2  58  64  54  94  30  22  53   9  94  79  53  61   5
   15  10  44   8  91  95  21  17  83  90  95  52  85  41  23  12  70  34
   73  33   3  93  43  14  48  85  97  74 100  11  40  19  72  21  93  52
   65  88  55  69  45  88  12  57  40  15  85  95  80   7  19  53  59  18
   79   3  42  95  40  89  75  88   7  40  86   7   7  15  86  18  21  10
   17  44  41  80  16  49  36  70  76  41  30  59  17  95  60  17  93   8
    4  90  82   5  10  35  77  10  59  83  35   3  98  70   8  69  72  11
    8  23  25  67  93  74  35  36  81  54   4  33  52  62  93  86  14  35
   87  39  11  91  75  44  58  73  59  36  62  79  54  63  59]
 [  0  16  88  42  63   3  89  63  64  33  89  28  28  58  43  32  56  69
   98  92  51  24  34  52  95  91  15  89  90  46  88  12   7  15  20  87
   67  74  65  61  64  74  59  76  98  48 100  42  79  31  17  27  87  88
   93  98   2  18  29  48  80  97   5  10  71  50  56  98  26  24  94  71
   63  58  45  45  55  47  43  76  19  85  65  74  14  80  14  35  71  12
   60  44  86  94  72  10  29  70   1  60  86  51  78  82   6  51  81  24
   59   5  25  16  37  50  84  99  18  28  83   5  75  46  86  94  61  23
   12  86  95  79  10  43  29  81  44  95  84  62  84  45  64  77  39  33
   92  46   4  63  92   2  60  49  53  11  88  62  76  15  65   6  90  92
    5  92  59  55  43  97  48  31  39  86  11  46  30   6  80  53  76  12
    1  40  54  64  98  37  76  74  71  46  94  94  67  21  90  87  30  16
   90  59  94  78  35  41  39  66  86  67  85  30   6  18  50  72  35  70
   93  12  74  82  46  63  90  49  85  40  20  70  69  95  94  27  80  55
   20  43  32  80  79  36  17  85   4  25  40  92  24  35  73  54  42  80
   63  67  26  36   5   4  74  39  33  76  41  85  99  80  25  94  38  69
   97  58  44   9  73  65  23  59  72  56  54  86   3  83  50  16  57  64
   25  86  35  66  52  30  79  81  58  74  55  83  33  99  48  71  94  15
   42  57  63  69  58  79  38  98   4  34  64  51  99  43  63]
 [  0  61  38  90  60  90  73  68  86  34  62  14  29  87  67  55  73  48
   45  79  42  31  12  35  39  30  21  91  45  69  38   7  17  22  50  25
   72  57  16   4  94  42  23  77  23  43  42  55  50  74  99  82  15  49
   91  53  64  87  99  54   7  33  37  26  13  96   7  38  79  63  66  10
   68  26  91  25  76  10  66  61  27   5  78  25  48  28  67  64  30  40
   25  34  20  78  63  74  85   5  65   4  42  23   8  28  99  34  47  27
    3  61  31  28  51  44  20   6  11  41  93  78  83  77  80  98  99  84
   90  36  55  75  47  96  39  66  40  62  19  31  84  78  60  43  46   6
   99  78  26  33  15  79  99  73  25  86  32  19  88  96  71  79  39  43
   27  57  69  19  78  93  76  39  35  98  59  33  73  88  51  33  63  37
   17  86   9  85  67  97  76  97  24  10 100  33  61  85  48  56  79  32
   34  90  75 100  34  69  40  56  13  84  47  99  99  55  63  12  37  70
   52  53 100  41   3  81   2  74  52  27  64  59  84  93  21  57  25  77
   55  70  52  83  66  80  79  54  20  77  67  13  19  68  79  12   7  73
   40  11  65  61  74  34  58  77  48  36  94  24  66  12  17  11  81  96
   96   8  72  56  58 100   1  44  25  30  34  92  74  32  36  50  33  30
   88  88  33  71  75  59  87   8  87  43  56  28  65  41  28  95  62  75
   60  53  94  74  95  62  95  15  55 100  28  98  19  16  37]
 [  0  17  49  47  29  69  83  42  36 100  69  85   9  77   3  21  99  18
   55  59  97  10  39  92  10  96  34  45  31  69  46  41  92  31  55  46
   90  86  42  14  80  82  68  55   4  11  40  56  66   1  33  82  40  76
   83  84  58  98  38  29  26   2  57  57  16  71  29  15  10  93  74  20
   71  95  26  11  20  74  50  76  23  80  67  42  77  40  88  42  62  88
   21  47  73  41  94  72  10  11  32  96  18  65  67  97  97  38  53  35
   72  82  79  54  76  21  55  15  66  59  41  15  26  76  25   4  98  79
    6  25   2  63  72  62  88 100  94  46  39  14  30  68   2  43  36  89
   48  46  22   3  73  73  92  83   8  72  63  75   8  21  53  23  95  77
   90  81 100  62  29  53  82  88  59  22  20  88  32  42  60  96  64   3
   87  20  38  35  64  42  57  55  26  84  47  59   9  17  59  39 100  25
   39  27  71  79  95  60  82  82  62  56  68  81  64  25  25  99  46  90
   84  86  79  53  65  34  43  86  23  92  94  24  48  79  35   1  40  17
   73  38  52  92  16  90  30  79  32  68  55  57  21  79  25  78  62  60
   37  73  33  67  63  23  15  76  54  56  59   2  82  24   2  43  98  26
   15  93  57  69  31  85  44  49  82  19  55  84  60  85  32  10  81  26
   43  88  91  81 100  46  36  64  80  38   5  37  45  16  50   7  77  86
   46  95  51  56  96  50  91   5  53  26  75  96  62  17  62]]
 setup_times
 [[[ 0 22 27 29 24 15]
  [ 0  0 18 22 23 24]
  [ 0 29  0 16 19 16]
  [ 0 26 22  0 22 23]
  [ 0 19 27 22  0 20]
  [ 0 25 19 28 22  0]]

 [[ 0 15 23 27 20 23]
  [ 0  0 16 21 16 19]
  [ 0 15  0 28 24 28]
  [ 0 19 15  0 21 19]
  [ 0 29 29 18  0 15]
  [ 0 15 29 26 24  0]]

 [[ 0 25 24 16 19 22]
  [ 0  0 17 20 22 17]
  [ 0 27  0 25 24 28]
  [ 0 25 23  0 28 20]
  [ 0 28 27 26  0 24]
  [ 0 23 15 26 20  0]]

 [[ 0 22 27 23 20 16]
  [ 0  0 18 18 17 27]
  [ 0 24  0 29 26 15]
  [ 0 20 18  0 21 23]
  [ 0 19 28 19  0 15]
  [ 0 23 18 18 23  0]]

 [[ 0 19 26 20 27 27]
  [ 0  0 25 22 27 22]
  [ 0 23  0 19 23 21]
  [ 0 23 15  0 18 19]
  [ 0 21 19 28  0 22]
  [ 0 25 15 23 29  0]]

 [[ 0 18 19 15 28 26]
  [ 0  0 29 29 24 27]
  [ 0 15  0 21 24 27]
  [ 0 16 23  0 24 27]
  [ 0 24 19 23  0 24]
  [ 0 28 16 22 26  0]]

 [[ 0 27 26 22 25 27]
  [ 0  0 21 28 15 15]
  [ 0 27  0 21 18 18]
  [ 0 27 15  0 26 28]
  [ 0 22 24 17  0 17]
  [ 0 20 24 21 29  0]]

 [[ 0 18 19 19 15 23]
  [ 0  0 26 18 27 23]
  [ 0 18  0 15 18 17]
  [ 0 18 19  0 19 27]
  [ 0 29 26 16  0 18]
  [ 0 29 27 15 24  0]]

 [[ 0 27 20 25 26 29]
  [ 0  0 16 29 17 20]
  [ 0 26  0 23 19 24]
  [ 0 23 20  0 18 16]
  [ 0 20 18 24  0 26]
  [ 0 29 24 28 25  0]]

 [[ 0 24 25 21 18 18]
  [ 0  0 17 29 26 27]
  [ 0 25  0 18 15 23]
  [ 0 24 20  0 26 28]
  [ 0 25 23 22  0 18]
  [ 0 17 28 16 25  0]]

 [[ 0 25 29 27 23 21]
  [ 0  0 23 26 17 26]
  [ 0 27  0 26 22 26]
  [ 0 25 21  0 18 16]
  [ 0 15 19 27  0 28]
  [ 0 26 29 17 20  0]]

 [[ 0 15 19 21 26 20]
  [ 0  0 29 28 16 29]
  [ 0 22  0 23 17 29]
  [ 0 16 23  0 18 28]
  [ 0 28 21 17  0 24]
  [ 0 23 16 27 28  0]]

 [[ 0 28 16 21 21 24]
  [ 0  0 20 26 17 26]
  [ 0 29  0 16 17 28]
  [ 0 26 20  0 22 22]
  [ 0 22 20 26  0 23]
  [ 0 23 28 29 17  0]]

 [[ 0 27 28 21 25 27]
  [ 0  0 15 19 21 22]
  [ 0 25  0 21 22 21]
  [ 0 22 18  0 26 16]
  [ 0 28 21 20  0 17]
  [ 0 27 29 21 22  0]]

 [[ 0 18 19 21 17 20]
  [ 0  0 28 25 22 28]
  [ 0 23  0 22 21 21]
  [ 0 23 15  0 18 22]
  [ 0 23 17 20  0 26]
  [ 0 23 16 27 25  0]]

 [[ 0 23 28 23 27 21]
  [ 0  0 29 25 29 27]
  [ 0 25  0 27 22 21]
  [ 0 20 18  0 22 26]
  [ 0 21 25 24  0 26]
  [ 0 22 23 21 17  0]]

 [[ 0 20 18 29 23 15]
  [ 0  0 22 22 27 16]
  [ 0 19  0 21 18 15]
  [ 0 27 16  0 29 25]
  [ 0 21 29 22  0 17]
  [ 0 17 18 15 29  0]]

 [[ 0 20 20 19 18 23]
  [ 0  0 29 19 28 23]
  [ 0 16  0 18 17 17]
  [ 0 15 20  0 18 20]
  [ 0 28 27 15  0 27]
  [ 0 26 18 20 27  0]]

 [[ 0 18 21 16 29 24]
  [ 0  0 16 28 17 23]
  [ 0 15  0 29 29 26]
  [ 0 27 19  0 22 29]
  [ 0 16 19 20  0 23]
  [ 0 19 17 25 22  0]]

 [[ 0 18 18 24 28 25]
  [ 0  0 18 26 24 20]
  [ 0 23  0 26 17 28]
  [ 0 16 18  0 22 15]
  [ 0 24 23 27  0 25]
  [ 0 17 29 18 20  0]]]
 delivery_times
 [[ 0  4 64 62 86 71 70 72 47 20 79 43 63 55 49 21  5 56 50 28 41 13 78 28
  43 45  1 42 87 79  7 25 96 61 25 33 85  2 73 59  5 45 96 54 80 20 62 23
  10 94 78 30 89 69 46 49 21 80 23 41 54 38 80 61  7 10 21 84 65 64 28 45
  26 86 84 18 83  9 53 94 39  4 35 22 87 71 97 36  4 22 91  8 40 53 77 39
  29 71 33 10 31 50 93 49 52 51 97 94 97  9 67 61 49 81 79 61 88 48 39 25
  87 71 49 52 47 22 84 24 71 26 99 90 27 53 31  9  9 85 89 74 47 71 45 87
  59 11 86 68 24 34 91 73 91  1  5 90 76 29 76 62 33  3 28 80 74  1 15 63
  33 93  7 23  8 23 39 47 69 90 31 52 52 78 34 44 93 34 98 98 99 93 38 84
  56 54 75 25  4 20 86 87  4 53 30 61 80  9 53 44 50 83 73 46 76 87 25 45
   3 56 12  7 37 91 80 53 52 34 92  5  3 87 97 69 84 83 69 68  2 95 66  9
  15  5 63 60 34 88 93  4 90 97 66 68 96 89 59 37 74 89 61  6 56 64 80  6
  30 26 20 59 30 63 53 67 16 95 82 26 37 43  6 54 45 38 50 98 41 89 83 62
  43 80 14 75 10 58 20 11 68 98 87 96 26 28 43 86 28 30 20 64 98 26 39 55
  89  4 47 28 98  9 80 13 69]
 [ 0 78 31 76 14  4 39 84 25 89  9  1 32 20 69 44 67 28 92 50 28 40 29 42
  96 39  5 34 79 11 76 58 73 55 63 92 96 56 51 43 28 24 26 44 44  6 83 25
  30 65 61  7 27 69 80 92 29 35 95 17 84 70 31 68 35 89 64 29 29 58 21 60
  72 46 34  7 50 49 93 46 40 38 10 69 80 65 29 74 58 10 15  3 16 11 65 98
  18 27  4 14 67 96 68 51 58 53 98 41 26 67 61 82 37 31 90 59 24 33 90 60
  34 84 76 79 71 84 14 44 90 39  6  3 64 22 65 72 15 82 99 23 79 43 88 77
  76 56  7 15 55 34  2 56 57 94 81 58 75  7 72  8 42 75 80 90 54 76 13 17
  58 63 97 29 36 95 57 73 12 37 24 45 35  5 86 75 95 42 33 99 91 54 33 87
  45 94 92 44 33  5 24 81 24 52 89 62 94 24 98 71 89 42 19 88 61 51 35 29
  37 61 94  9 84 21 51 59 55 63 23  3 53 30 14 94 66 41 41  2  8 13 96 79
  14 95 59 81 77 58 96 63 31 37 51 48 75 14 16 68 38 83 84 19 63 21 54 49
  11 97 73 23 16 59 68 99 84 21 75 49 26 24 40 87 34 51 34 15  6 75 37 93
  90 42 67 88  3 60 76 83 82 72 73 17  2  2 12 69 34 91 94 87  9 24 86 62
  20 71 30 76 29 90 53 69 14]
 [ 0 47 73 42  1 10 26 37 28 80 10 52 23 51 45 54 18 30 20 58 20 79 42 10
  47 72 46 78 60 66 49 62 56 14 62 18 10 95 85 21 79 22 67 33 87 21 26 26
  11 97 70  6 20 14 60 23 80 37 43 16 61 11 38 37 34 25  1 72 59 31 67 36
  95 63 53 42  1 48 91 99 20 46 60 24 55 82 68 76 55 83 59  1 23 87 59 10
  17 34 99 67 27 67 61 70 23 38  1 59 75 50  5 15 29  5 59 45 21 58 81  6
  47 73 87 79 31 86 69 44 82 27 33 47 65 16 87 56 76 95 57 56 91  7 59 29
   6 64 23 32 10  5 20 38 84 87 63 31 94 80 57 66 14  9 51 12 73 93 20 65
  35 32 76 78  9  3 21 61 87 91 98  9 36 30 17  5  1 60 28 88 66 67  5 35
  65 95 62 21 26 96 71 59 11 92 30 59 92 14 28 56 32 20 72  5 47 34 20 37
  94 56 17 33 14 36  3 46 66 19  9 31 42 82  4 18 25 76 51 69 23 64  5 29
   5 23 75 83 20 55  8 86 23 87  3  4 67 34 35 67 32  2 49 20  1 69 35 93
  68 83 44 29 82 46 84 32 90 82 29 55 77 91  4 97 12 50 57 83 88  1 78  7
  90 49 88 55 28 35 38  7 41 40 69  6 92 99 70 57 10  5 66 36 56 46 36 53
  35  2  8 83  4 85 50 79 73]
 [ 0 70 44  8 32 67 70 25 28 76 52 59 48  6 45 61 35 44 29 84 21 30 28 45
  12 96 21 88 70 93 56 57  9 94 63 57 48 31 66 54  1 53 78 76 44 96 82 74
  29 86 66 67 33 58  7 51 31 19 16 47 16 22 42 67 71 81 40 35  2 53 51 97
  10 44 43 59  1 46 43 87 88 36 97 31 50 33 82 84 68 38 97 27 58 57 84 41
  77  7 11 87 19 27 38  1 65 10 64 97 40  3 86 10 69 27 10 83  3  9 50 97
  32 32 65  4 85 95 87 80 15 45 43 73 29 81 20 81 37 27 20 88 49 75 14 29
  76 19 27 18  6 55 19  9 79 76 19 95 55 35 64 43 24 62 94 37 56  4 14 30
  90 25  9 91 45 88 31 32 89 26 77 52 79 64 71  6 13 71 11 84 37 96 38 44
  54 14 49 39 57 65 71 97 65  9 85 41 89 97 77 25 14 52 37 18 75 46 80 18
  87 95 31 53  3  2 55 75 10 57 78 47 11 77 99 83 58 54 11 28 23 34 28 17
  43 88 86 94 87 76 65 69 44 62 52 87 18  7  8 16 86 36 72 25 87 59  6 34
  45 60 46 91 52 12 48 54 97 34  8 46 26 43 36 75 89 51 60 12 51 14 63 11
  38 62  8 79 98  2 71 30 37  2 32  4 75 38 18 41 46 85  5 55 84 22 24 50
   3 47 47 73 92 63 70 60 68]
 [ 0 99 13 17  4 86 58 79 38 18 33 17 70 49 81 55 10 44 19 83 73 71 30 75
  85 56 82 44 74 79 92 92 45 43 19 20 91 43 32 97 24 85 47 97 65 74 78 25
  46 66 99 46 61 79 52 20 15 24 92 70 70 86 76 22 19 25 72 80 88 18 30 95
  35 37  9 90 67 97 86 61  3 23 14 16 70 80 71 68 37 91 24 35 37 96 45 12
   6 66 69 45 79 50 43 50 31 57 87 72 85 31 43 50 21 34  4 53 27 37 61 31
  22 60 14  7 54 42 34 81 42 53 23 28 63 50  5  9 48 66 36 81 84 91 17 68
  57 73 70 31 70 42  7 31 10 53 89  3 74 16 12 85 41 21 92 52 38 31 23  8
  66 97 38 37 43 58 13 51 11 19 68 23 47 45  2 38 31 38 59  3 91 70  9 14
  25 92 45 28 65 70 92 58 50 52 40 98 74 95  6 52 95 27  9 56  4 66 14 59
  25  2 83 12 48 42 51 72 42 27 68 58 70 52 25 87 71 77 42 70  2  7 50  2
  96 28 33 10 21 62 71 28 14 52 26 49 99  3 26 89 26 53 38 84 77 60 16 43
  55 55 24 97 70 40 50 13 66 54 89 93 62 82 25 68 17 94 77 55 61 40 65 81
  49 37 85 86  5 11  4  7 24 81 27  5 88 23 17 81 89  8 62 71 69 86  1  3
  54 35 75 55 93  9 34 92 49]
 [ 0 25 34 25 35 97 19 89 88 99 38 18 20 25 94 60 48 46 35 79 88 53 80 53
  23 71 97  8 91 54 16 40 15 14 39 24  6 77 52 93 95  3  5 59 85 50 92 11
  19 73  6 54 13 51 67 58 24 22 13 66 81 55 84 69 98 83 98 73 43 24 36 51
  63  1 51 65 14  9 59 25 88 99 70 63 81  2  7 72 51  1 22  8  9 76 83 29
  29 99 14 68 29 48 39 79 13 99 97 84 27 46 78 52 50 58 12 32  4  4 12 91
   8 37 34 63 82 21 16 82 27 54 34  9 75 88 87 78 34 50 23 40 66 48 53 28
  39 63 96 71 44 34 53 93 63 20 51 11 88 91 79 74 47 57 61 27  1 30 19 79
  84 36 83 46  3 19 69 43 68 68 92 83  1 74 19 76 16 81 46 48  8 42 28 70
  53 38 47 19 82 15  3 93 24  2 24 26 80 61 56 35 33 56 61 84 29  7 28 38
  38 26 91 61 31 67 97 13 66 50 75 39 65 81 57 79 76  8 65  5 98 39 82 24
  88 52 31  4 27 48 75 23 44 92 47 85 37 39 80  8 45 45 86 58 49 15  5  6
  36 60 72 61  1 67 69  5 26 37 75 88 21 61  1 24  3 27 22 32  8  8 45 31
  59 64 27 43 23 47 86 95 69 78 65 87 34 66  3 66  6 87 52 71 86 99 43  5
  14 27 79 26 18 62 79 68 23]
 [ 0 19 83 89 43 66 87 72 67 30 62 12 66 22 35 97 94  7 91 47 60 68 37 14
  67 97 40 12  6 49 20 73 16 51 73  2 50 44 73 78 52 82 73 17 32  4  6 27
  40 41 39 97 20 24 58 68 11 83 51 90 41  6 26 80 85 47 45 95 81 46 70 11
  22  4 41 57 21 26  8 16 48 89 50 65 59 36 55 62 27 41 73 13 87 11 51  1
  16 78 66 41  4 63 21 78 33 81 35 54 80 92 25 36  7 12 68 64 74 78 48 57
  84 19 73 56 71 22 77  2 86 93  3 17 51 67 41 27 57  5 74 65 85 98 71 54
  55  4 11 77 25  7 71 87 27  8 67 19 88  1 95 33 34  9 11  3 76 83  2 74
  85 81 61 82 79 14 23 79 56 86 33 89 96 36 22 34 94 11  9 36 39 21 21 89
  43 62 96 29 72 95 73 66 62 72 31  6 60 95 67 30 71 61  7  6 23 21 81 58
   5 96 21 21 85 96 91 18 91 69 63 22 82 86 14  5 39 78 27 88 43 33 45 75
  55 99 26 73 89 75 49 71 52 63 66 52 55 46 97 69 88 38 80 47 88 55 90 80
  94 10 70 36  9 80 85 31 98 79 60 90 54 46  7  9 17 30  5 96 38 78 33 14
  50  9  4  3 90 49 62 48 60 12  1 90 42 96  5 91 56 18 88 15 22 20 76 60
  21 89 41  2 21 90 64 48 56]
 [ 0 59 83 19 49 53 23 69 36 11 59 86 70 71 37 25 55 76  5 63 15 57 88 88
  83 22 31 20 43 41 88 70 24 22 20 56 37 75 22 76 23 63 90 60 41 57 57 68
  94  1 82 57 29 17 50 63 34 35 13 27 54 48 20 72 17 28 89 78  2 78 36 69
  98 73 97 77 53 17  4 69 75 91 40 59 89 62  7  2 95 28 65 13 65 99 28 20
   9 88  1 65 18 84 75 31 26 55 79 59 62 57  7 90 98 38  1 32  4 33 83 74
  19 17 74 95 74 47  3 33 57 28 68  1 47 44  6 88 40  4 74 77 43 93 66 16
  66 27 17 26 19 28 31 30 80 87 42 11 14 35 79  3 61 44  1 83 19 46 19 70
  41 23  1 23 78 92 54 76 92  3  6 62 99 48 25 40 62 11 34 35 83  1 36 34
  43 65 49 44 89 61 87 31 18  9 18 24 64 26 49 67 37 32  4  6 79 38 87  4
  22 13 46 36 54 72 34 20 19 85 74 75 78 67 82 22 50 64 66 14 91 48 21 65
  97 60 49 49 98  4 87 11  9  5 14  7 36 41 33 13 97 13 25 32 20 47 88 55
  15 37 66 81 92 70 27 44 82 10 34 61 23 47 95 62 79 53  4 43 71 22 76 74
  79 13 56 87 90  6 28 15 81 14 13 71 47 23 75 52 31 52 37 37 51 94  2 17
  65 11 69 72 47 42 95 70 84]
 [ 0  2 37 28 58 37 65  6 22  2 16 23 44  7 20 63 84 89 26 74 96 80 48 63
  54 24 75 97 10 41 48 39 85 52 72 96 88 53 35 14  4 14 70  3  2 17 61 89
  30 83 12 94  2 64 40 59 54 44 97 26 72 25 77 58 21 56 37 39 93 87 12 33
  50 46 88 99 39 92 43 20 89 54  5 50 83 37 74 29 63  7 45 50 76 72  2 80
  33 64 80 89  6 50 18 58 67 95 91 50 73 30 24  6 13 93 35 80 33 16  4 14
  46 28 62  9 48 69 69 41 59 13 30 48  7  7 31 49  6 61 27 33 75 83 83 83
  80 62  4 11 15 53 49  3 46  1 15 31 67 78  5 21 71 38 17 19 20 75 21 88
  47 41 30 54 22  8 61 20 54 13 12 24 84 44 85 71 65 82 85 27 30  3 54 74
  38 67 73 26  4 57 14 57 42 40 33 73 67 33  8 21 29  7 13 35  1 70 64 53
  57 80 68 60 65  8 79 23 47  6  4 90 15 53 82 11 81 54 84 15  4 73 25 56
  88 15 60 28 24 40 97  9 15 93  7 89 76 16  2 85 18 65 44 62 85 75 32  3
  64 38 78 17 52 24 48 39 83 61 30 31 46 91 98 76 24 84 97 30 51 66 23 34
  57 19 31 98 45 95 32 54 35 80 73 35  2 58 36 30 76 89 15 16 98 96 20 59
   5 56 61 56 61 34 21 24 61]
 [ 0 71 17 72 14 78 98 36 24 18 92 36 25 57 81 96  3  6 63 67 52 70 16 32
  53  3 26 76 93 63 91 57 48 83 84 39 85 69 53 11 91 14 70 11 97 37 33 59
  81 95 66 31 21 83 78 29 75 77 92 97 33 80  1 21 14 26 85  9 71 50 55 35
  77 26 33 59 93 78 15 10 68 23 49 93 64 11 40 12 88 33  8 64 96 80  7 74
  99 74 83 32 11 79  2 99 50 10 63 41 23 66 72 60 95 99 98  2  9 27 63 22
  97 28 20  8 32 97  4 54 71 87 99 91  4  2 97  3 34 79 95 47 18 29 90 32
  75 22 91 90 50 84 22  3 78 49 12 42 44 75 91 38 79 99 26 72 91 23 34 55
  47 51  5 64 88 52 68 71 30 80 19 63 15 82  9 77 14 38 88 81 64 26 53 95
  78 81 88 40 68 52 86 65 43 88  2 13 50 77 52 48 36  1 53 71 71 78  4 23
  92 98 91 88 42  5 61 87  9 84 82 81 23 53 70 31 42 74 10 42 33 61 18  1
  33 66 81 80 75 12 40 73 69 30 81 69 46 67 42 40 50 92 21  1 11 60 32 58
  13 90 74 55 94 96 81 70 86 30 30 41 17 31 28 38 38  8 42 68 45 30 32 17
  70 78 29  8 67 34 65 37 11 91 21 28 11 87 81 90 85 82 57 90 60 91  9 34
  16 45 44 55 48 59 70 58 10]
 [ 0 47 90 52 92 12 73 89 32 19 19 96 85 57 55 65 48 19  7 92 50 26 71 71
  14 83 90 87 78 46 47 88 74 69 63 48 64 70 52 77 97 18 45 50 47 13 15 17
  84 26 66 83 87 96 78  9  3 84 91 30 49 68 14 83 67 66 44 33 51 69 62 40
  22 24 32 79 17 44 38 24 96 44 82 90 52 85 69 71 90 37 78 14 41 47 53 90
  97 33 47 18 73  8 27 30 20 65  9 39  9 84 26  2 55 47  1 98 53 67 69 16
  69 33  4 21 86  9 40 72 23 91 47  6 73 81 87 10  1 94 15 99 20  9 16 19
  12 56 90 94 39 34 28 68 95 29 67 50 31 11 44 10 24 85 12 70 76 55 46 11
  90 19 41 67 56 89 60 70 19 51  8 35 32  4 40 52 88 38 81 90 80 19 68 62
  20 27 55 14 17 14 30 14  8 80 76 17 46 38 80  9 52 33 83  1 70 23 99 10
  18 39  2 66 99 44 50 89 62 83 98 33 46 39 55 46 47 54 57 77 38 38 73 10
  15 29 63 43 75 77 99  7 40 21 32 42 82 95 85 26 82 68 56 70 90 83 13 92
  82 10 16 92 89 92 88 45 36 75 35 39 23 37 93 19 19 77 33  4 72 14 79 92
  11 92 78 33 78  9 12 25 74 77 60 66 39 14  6  1  6 45 71 42 18 95 87 27
  45 78 95 41 79 79 26 33 21]
 [ 0 67 11 34 86 50 66 66 84 71 97 76 32 49 36 11 33 20 48 45 39 27 24 29
  58  7 22 46 42 52 83 47 83 87 97 19 61 54 77 72 73 75 19 15 43 43 21 21
   5 42 64 94 65 22 91 63 23 85 38 99  8 22 56 35 59 56 70 76 62 22 95  5
  45 35 72 70 21  9 47 57 84 82 94 74 98 63 75 90 88 57 77 74 25 17 80 84
  56 98 69 98 59 22 61 99 53 24 29 71 73 45 52 50 76 21  9 80 94 45 40 90
  84 22  9  7 41 97 11  3 68 11 82 36 20 48 63 54 84 21 89 70 50 55 25 56
   4 80 66 16 23  1 58 70 59 63 12 67 18 29 40 25 84 78 34 25 33 41 30 35
  92  8 90 17 53 84 71 66 53 56 85 83 42  8 58 11  6 14 73 95 91 68 26 37
   3 85 18 88 55 72 40 42 31 52 71 60 44 10  7 18  6 92 12  1 45 23 92 17
  25  9 85 71 37 83 95 87 36 25 15 90 85 93 24 94 19 69 67 75 76 83 51 97
  80 98 72  9 62 94 54 74 38 59 96 88  6 21 48 67 49 36  9 41 12 71 65 14
   7 11 73 25  7 63 76  8 87 55 37 12 45 10 71 83 56 69 24 53 26 80 64 34
  31 83 22  3 41 53 96 26 21 50 95 38 28 18  4 57 82 36 28 87 86 13  8 34
  61 94 74 37 47 20 74 76 73]
 [ 0 76 11 45 98 44 77  1 10  3 27 36 38 83 87 77 92 26 91 30 81 54 81 43
  20  2 28 91 15 15 68 31 63 88 79 33 89 99 31 67 86 50 30 53  3 83 37 31
  48  2 31 92 96 11 71 22 44 38 87 85  5  7 94 81 26 43 93  8 69 56 58 96
  80 65 25 74 82 21 23 73 19 62 17 41 51 17 77 91 50 40 36 70 58 83  4 45
   2 77 55 96 90 34 93  6 27 87 53 57 21 75 83 97  6 48 73  5 88  5 98 91
  94 20 23 25  5 93  9 11 72 98 13 72  5 12 88 37 89 64 24 32 84 85 32 74
   8  6 58 10 83  1 20 21 55 99 99 93 31 22 38 91 47 74 92  1 46  8 72 78
  75 92 99 18 15 24 63 25 26 63 95 82 83 79 69 43 56 80 36 82 97 52 71 85
   1 43 30 50 13 13 51 11 97  5 18 22 35 10 68 27 94 84 51 11 49 21 89 34
  62 60 34 94 83 24  6 11 96 56 61 59  8 80 68 46 43 74 66 39 75 56 87 88
  52 63 95 40 43 13 28 60 22 49 70 36 36 86 39 75  7 77 50  8 83 96 66 66
   1  5 26 23 91 29 14  8 27  4  6 54 32 64 38 92 90 11 39 92 74 42 86 97
  34 80 62 71 71 27 41 83 44 52 97 29 92 94 64 44 13 11 77 33 23 83 35 55
  68 83 16 97 73 26 29  7 78]
 [ 0 65 18 15 77  8 42  6 23 45 88 25 48 87 87 90 29 14 33 59 93 95 63  6
  83 76 98 77 91 71 35 14 99 57 45 47  3 84 40 98  1 51  3 97  2 47 87 19
  76 88 83 34 86 25 10 19 36 61 18  7 20 55 90 11 32 61 34 23 71 50 35 82
   6 60 42 69 42 44 63 23 98 18  4 26 77  2 22 44 92 60 31 42 51  2 23 87
  59 41 32 12 11 42 14 10  5 50 37 75  1 73 25 70 50 13 99 58 32 65 87 76
  22 79 76 51 12 17 69  9  5 14 39 41  3 85 44 68 13 40 87 99 42 36 71 26
  64 72 76  3 27 97 51 88 40 20 19 24 16 89 30 32 61 74 64 48 28 59 82 27
  89 74 90 45 97 38  7 29 78 75 18 79 20 81 29 32 91 61 86 36  6 40 42 99
   7 66 62 49 37 19  3 10 60 18 98 72 40 12 38 32 93 53 11 87 30 76 74 65
  88 98 72 49 22 80  8 61 34 76 40 95 76 30 54 93 45 43 44 99 22 96 73 51
  34  2 14 25 96 27 13 77 76 52 18 44 23 61 68 72  2 96  1 30 66 15 43 71
  89  8 47 46 80 68 46 70 37 39 43 87 89 81 33 95 15 26 52 98 48 95 48 59
  30 57 53  9 14 13 20 10 71 73 80  8 95 76 64 52 19 79 24 67 19 86 21 64
   7 98 85 62  6 43 66 60 88]
 [ 0 45 87 57 21 11 32 66 30 17 71 62 39 34 57  3 12 19  8 54 16 18 49  4
  68 65 18 81 93 86 51 77 66 90 10 49 70 38 51 49 92 99 16 59 55 34 58 55
  69 22 21 66 38 72  3 46 35  5 41 44 80 96 71  4 58 56 11 82 46 22 10 16
   3  3 93 29 30 13 78 59  3 75 70 13 94 15 21 11 85 95 11 47 34 50 31 60
  42 28 87 85 73 88 54 34 26 53 65 89 17 16 63 96 54 42 18 73 20  1 58 84
   2 60 79 35 42 62 23 77 74 39 86 35 31 82 95 31 62 93 11 72 48 61 70 89
  41 14 34 57 95 85 85 74 56 80 55 53 87 92  1 82 33 68 41 85 32 34 72 24
  66 83 54 27 50 72 73 19 62 28 80 56 15 48 55 33 51 31 11 80 55 49 80  4
  71 98 69 77  8  7 36 86 23 43 89 85 95 66 77  8  1 37 44 12 55 62 69 85
  11 27 25 19 33  8  8 11 74 63 59 90  2 89 52 36 61 30 36  8 17  1 37 50
  22 88 76 15 63 86 43 58 58 51 15 48 97 17 20 32 25  8 43 11 26 48 30 31
  32 78 29 90 50 66 49 95 47 96 90 60 64 32 20 70  5 26 49 86 22 84 14 35
  98 47  7 10 96 23 78 93  6 78 80 27 28 61 57 73 12 22 18 82 86 17 88 61
  80 17 40 58 34 33 62 51 88]
 [ 0 20 54  3  8  8 27 38 17 66 51 43 72 46 70 30 78 28 18 79 81 37 69 52
  42 56 81 43 31  7 62 24 15 74 46 88 88  8 72 69 14 82 71 62 30 70 97 78
  53 65 70 15 30 84 16 41 54 70 89 36 76 53 98 38 73 74 50 26 38 26 78 67
   7 48 83 37 45 99 28 98 41 82 40 78 51 11 55 92 31 84  7  9 83  8  3 48
  30 32 54 42 35  5 73 44 86 49 86 53 91  8 91 51 36  3 72 57 76 37 96 31
  25 32 11 73  3 81 16 84 25  2  9 27 60 52 43 17 98  8 42 73 37 81 86 56
  36 74  2 85 95 71 42 66 12  4 13 11 93 77 50 54 85 94 31 86 94  9 19 44
  92 99 37 86 76 95 25 88  5 72 44 96 72 78 19 34 94 41 77 93 70 66 32 23
  99 21 72 39 21 70 13 35 24 38 80 56 80 51 74 87 70 22 15 40 41 51 50 17
  23 52  6 48 69 17 68 27 48  1 96 30 66  9 82  6 74 78 67 39 92 27 66 62
  83 85 89 38 24 46  2 89 18 85 69 15 81  2  4 80 28 12 33 55 74 33 34 95
   1 75 81 11 40 74 33 70 56 75 94 64 48 38 83 27 49 31  9 71 33 52 30 68
  47 58 27 29 81 91 57 72 83 85 97 98 81 99 38 60 65 32 48 95 54 20 71 27
  28 29 77 53 98 50 51 54 73]
 [ 0 61 54 66 78 50 54 11 51 89 35 99 58 68 64 37 50 58 42 75 78 19 45 52
  37 70 78  5 95 49 97 96 39 69 42  3 12 77 64 93 55 66 71 44 87 32 69 67
  34 35 70 78 72 98 27 49 74 54 60 24 91 98 94  8 55 35 94 31 62 69 84 52
  33 52 71 12 89 98 63 73 80  4 39  4 80 34 24 41 57 27 72 96 89 46 85 55
   4 53 72 12 10 32 79 36  6 56 93 32  8 67 94 63  9 39 41 40 97 86 67 83
  95 27 43 42 68 38 70 18 69 38 28 76 71  7  6 21 12 83 99 68 21 40  8 27
   6 35 75 94  5 96 65 73 22 63 18 83 79 75 59 57 80 25 71 84 35 24 88 85
  57 27 85 74 59 65 74 31 68 23 37 18 68 76 69  4 60 25 64 34 18 50 95 55
  72 24 41 50 56 19 85 20 48 48 54 40  9 27  3 46 25 78 17 63 65 60 71 60
  98 42 63  6 93 50 41 24 23 89 94 83 42 85 64 80 38 49 64 90  4 15 84 26
  56  8 45 10 31 24 94  7 63 63  9 84  6 75 25  8 26 97 64 77 62 17 47 71
  55 67 44 38 52 26 13 20 16 12 34 54 25 84 66 22  7 69 51 10 28 13 14 27
  81 92  3 14 66 36 37 20 28 67 56 96  1 17 82 46 33 83 36 72 49 96 86 79
  80 87 33 88 71 75 52  6 35]
 [ 0 15 17 56 98 23 36 31 34 44 30  4 74 75 97 99 57 19 81 78 15 44 78 20
  49  2 53 34 96 45 87 95 33 57 22 67  6 35  1 54 27 37 70 33 98 94 25 95
  96 21 71 62 67 36 79 21 50 14 42  6 81 17 55 79  9 73 95 64 27  2 31 91
  32 33  7 49 44 65 42 53 44 54 43 58 93 12 83  4 64 73 59 53 84 33 96 54
  69 71 33 11 87 48 73 78 56 73 32 13 85 46  2 55 60  4  4 60 86 73 60 89
  98 27 84 47 23 11  3 66 18 90 42 42 83 50 80 38 15 11 77 84 10 33 49 97
  23 70 92 33 19 42 21 73 84 75 36  3 16 56 65 73 90  3  6  8 59 43 32 78
  94 95 30 51 52 11 45 15  5 27 89 82 96 45 25 66 18 56 69 90 30 24 55 37
  27 11 56 59  4 48 93 33 70 63  6 94 85 34 60 71 90 74 92 30 97  9 59 22
  73 51 98 93 94 34 12 15 76 53 26 97  8 54  9 45 72 64  6 98 35 56 23 89
  84 70 68 79 40 77 59 20 88 26 44 14 23 93  5 50 35 24 79  9 35 78 53 10
  49 66 80 39 25 26 36 49  7 14 43 17 21 48 40 40 17 33 56 34 67 78 84 99
   2 13 21 85 32 29 70 29 76 25 98 55 41 70 65 28 78 59 99 33 71 26 61 14
  78 66 63  1 43 11 80 22 95]
 [ 0 78 99 80 89 55 60 12 67 40 58 94 94 74 32 73 57 45 79 26 96 90 16 41
   8 84 43 41 46 56 36 31 70 15 65 13 78 20 39 87 81 45 32 79 15 10 98 29
  46 98 71 48  6  6 73  9  6 24 64 81 73 76 72 65 71 22 46 14 22  2 34 48
  94 94 50 31 98 85 16 56 56 15 67 65  9  1 26  9 44 36 20 96 23 38 90 20
   7 39 81 38 75 10 44 13 22  2 24 96 34 74  7 16  5 35 28 18 75 83 65 51
  92 54 99 51 38 90 89 34 57 96 86 79 30 25 75 84 97 89 43 66 68 81 61 93
  15 72 56 91 65 13 55 75 26 64 31 53 76 66 19  1 73  1 42 19 55  6 34 55
  98 53  9 55 35 71 70 94 69 55 39 53 76 78  3 90 78 12 12 50 25 56 33 14
  67 34  6 74 23 59  5 94 57 66 18 38 32 56 11 37 46 24 78 69 88 38 35 55
  24 75  4 26 49 50 23 79 75 20 26 30 86 78 34 40  4 66 11  8 44 65 32 99
  68 11 81 10 41 23 98 32 54 33 12 43 63 24 24 30 85 76 11 26 94 34 38 83
  25 39  7 91 48 54 45 96 13 67 18 74 33 93 85 39 49 56 79 68 83  5 36 71
  56 14 99 37 33 91 89 17 54 12 99 28 15  2 90 44 75  5  5 12  4 12 64 92
  55 40 95 89 68 13 29 52 58]
 [ 0 36 62 68 56  3 72  4 84 34 12 58 43 97 87 23 93 52 30 95 33 79 19 96
  78  9 89 14 85 90 10 50 70 93 45 48 54 14 86 20  3 77 66 54 70 86 52  5
  32 93 76 79 98 75 70 39 71 58 86 55 28 93 41 63 55 33 75 64 83 98 45 24
  39 51 14  2 29 18 31 77 51 80 41 81 12 52 49 20 57 94 15 11 47 67 76 11
  83 79 76 38 58 47 98 12 34 64 97 37 50 82 69 56  7 71  1 23 59 18 56 68
  34  8  7 98 64 73  9 69 19 38 45 23 36  5 21 41 71 72 74 34 64 56 86 57
  97 37 54 41 63 79 77 90 78 69 89 59 95  7 42 28 47 50 73 81 52 81 35 71
  62 92 96 51 71 56 63 44 45 33  7 31 66 79 54 42 37 47 30 41 80 53 85 16
  74 20 91 23 87 78 43 69 96 89 45 81 93 14 41 33 22  6 81 84 39  5  3 99
  19 24  6 42 20 17 23  3 19 65 52  9 99 21 81 23 53 76 97 27 24 93 89 61
  91 55 65 98 86  1 90 47 73  5 60 49 25 21 65 73 12 48 71  9  2 19 95 35
  56 49 16 92 31 52 96  7 90 97 23 76 75 68 47 78 57 58 57 89 39 73 86 62
  76 80 75  1 65 17 87 65 10 20 61 33 17 40 79 48 91 96 51 77  5 80 70 84
  52 72  6 11 96  5 27  8 33]]
 job2fam
 [[1 0 0 0 0 0 0 0 0 0 0 0 0 0 0 0 0 0 0 0 0 0 0 0 0 0 0 0 0 0 0 0 0 0 0 0
  0 0 0 0 0 0 0 0 0 0 0 0 0 0 0 0 0 0 0 0 0 0 0 0 0 0 0 0 0 0 0 0 0 0 0 0
  0 0 0 0 0 0 0 0 0 0 0 0 0 0 0 0 0 0 0 0 0 0 0 0 0 0 0 0 0 0 0 0 0 0 0 0
  0 0 0 0 0 0 0 0 0 0 0 0 0 0 0 0 0 0 0 0 0 0 0 0 0 0 0 0 0 0 0 0 0 0 0 0
  0 0 0 0 0 0 0 0 0 0 0 0 0 0 0 0 0 0 0 0 0 0 0 0 0 0 0 0 0 0 0 0 0 0 0 0
  0 0 0 0 0 0 0 0 0 0 0 0 0 0 0 0 0 0 0 0 0 0 0 0 0 0 0 0 0 0 0 0 0 0 0 0
  0 0 0 0 0 0 0 0 0 0 0 0 0 0 0 0 0 0 0 0 0 0 0 0 0 0 0 0 0 0 0 0 0 0 0 0
  0 0 0 0 0 0 0 0 0 0 0 0 0 0 0 0 0 0 0 0 0 0 0 0 0 0 0 0 0 0 0 0 0 0 0 0
  0 0 0 0 0 0 0 0 0 0 0 0 0 0 0 0 0 0 0 0 0 0 0 0 0 0 0 0 0 0 0 0 0]
 [0 0 0 1 0 0 0 0 0 1 1 0 0 1 1 0 1 1 1 0 0 0 0 0 0 1 0 0 0 0 0 0 0 0 1 1
  0 1 0 0 0 1 1 0 0 0 0 0 0 0 0 0 0 0 0 0 0 0 0 0 0 0 0 0 0 0 1 0 0 0 0 1
  0 0 0 1 0 0 0 0 1 0 1 1 0 0 0 0 0 0 1 1 1 0 0 0 0 0 1 0 0 1 0 0 0 0 0 1
  0 0 0 0 0 1 0 0 0 1 0 0 0 0 1 0 0 0 1 0 1 0 0 0 0 1 0 0 0 0 0 1 0 1 1 0
  0 0 0 0 0 0 0 0 0 0 0 1 0 0 0 0 0 0 0 1 0 0 0 1 0 1 0 0 0 0 0 0 0 1 0 0
  1 0 0 0 0 0 1 1 1 0 1 0 1 0 0 0 1 0 0 0 0 0 0 0 0 0 0 1 0 0 0 0 0 0 0 0
  1 0 0 1 1 0 0 0 0 1 0 1 0 0 0 0 0 0 1 0 1 0 0 0 0 0 0 0 0 0 0 0 0 0 0 0
  1 0 1 0 1 0 0 0 0 0 0 1 1 0 0 0 0 0 0 1 1 0 1 0 0 0 0 0 0 0 0 0 0 0 0 0
  1 0 0 0 1 0 0 0 0 0 0 0 0 0 1 0 1 0 0 0 0 0 1 0 0 0 0 1 0 0 1 0 0]
 [0 0 0 0 0 1 1 0 0 0 0 0 0 0 0 0 0 0 0 0 0 1 0 1 0 0 0 0 0 1 1 0 0 0 0 0
  0 0 0 0 0 0 0 0 1 1 0 1 1 1 0 1 0 0 0 0 0 1 0 0 0 0 1 0 1 0 0 0 0 0 1 0
  0 0 1 0 0 0 0 0 0 0 0 0 0 0 0 0 0 0 0 0 0 0 0 0 0 0 0 0 0 0 0 0 0 0 0 0
  0 0 0 1 0 0 1 0 0 0 1 0 1 0 0 1 0 1 0 1 0 0 1 0 0 0 0 0 1 0 0 0 0 0 0 0
  1 1 0 1 1 0 0 0 0 1 0 0 0 0 0 0 1 1 0 0 0 0 0 0 0 0 0 0 0 1 0 0 0 0 0 0
  0 0 0 0 0 0 0 0 0 0 0 0 0 0 0 0 0 1 0 0 0 0 0 0 1 0 1 0 0 1 0 1 0 0 0 0
  0 0 1 0 0 0 1 0 0 0 0 0 1 0 0 0 0 0 0 1 0 1 0 0 1 0 0 0 1 0 1 0 0 0 0 0
  0 0 0 0 0 0 0 0 1 0 0 0 0 0 0 0 0 1 0 0 0 1 0 0 0 0 0 0 0 0 0 0 0 0 0 1
  0 0 1 0 0 0 1 0 0 0 0 0 0 0 0 1 0 0 0 0 1 0 0 1 0 0 0 0 0 1 0 0 0]
 [0 0 1 0 0 0 0 0 0 0 0 1 1 0 0 0 0 0 0 1 0 0 0 0 0 0 1 1 1 0 0 0 1 0 0 0
  1 0 0 1 1 0 0 0 0 0 1 0 0 0 1 0 0 0 0 0 0 0 0 0 0 1 0 0 0 1 0 0 1 0 0 0
  1 0 0 0 1 0 0 0 0 1 0 0 0 1 1 0 0 0 0 0 0 0 1 0 1 1 0 1 1 0 0 1 0 0 0 0
  0 0 1 0 0 0 0 1 0 0 0 1 0 1 0 0 0 0 0 0 0 1 0 0 0 0 0 1 0 0 0 0 1 0 0 0
  0 0 0 0 0 1 1 1 0 0 0 0 1 0 1 0 0 0 1 0 0 0 1 0 0 0 1 0 0 0 1 0 1 0 1 0
  0 0 0 0 0 0 0 0 0 1 0 1 0 0 1 1 0 0 0 0 0 0 0 1 0 1 0 0 0 0 1 0 0 0 0 0
  0 0 0 0 0 1 0 0 0 0 1 0 0 0 0 1 0 1 0 0 0 0 0 0 0 0 0 0 0 0 0 0 0 0 0 0
  0 0 0 1 0 1 1 0 0 0 0 0 0 0 1 0 1 0 0 0 0 0 0 1 0 1 0 0 1 0 0 1 1 1 0 0
  0 0 0 1 0 0 0 0 0 1 0 0 1 0 0 0 0 1 0 0 0 1 0 0 0 1 0 0 1 0 0 1 1]
 [0 1 0 0 0 0 0 1 1 0 0 0 0 0 0 0 0 0 0 0 0 0 1 0 0 0 0 0 0 0 0 0 0 1 0 0
  0 0 0 0 0 0 0 0 0 0 0 0 0 0 0 0 0 0 0 1 0 0 1 0 1 0 0 0 0 0 0 1 0 0 0 0
  0 1 0 0 0 1 1 1 0 0 0 0 1 0 0 0 0 0 0 0 0 1 0 0 0 0 0 0 0 0 0 0 1 1 0 0
  1 0 0 0 1 0 0 0 1 0 0 0 0 0 0 0 1 0 0 0 0 0 0 1 0 0 1 0 0 0 1 0 0 0 0 1
  0 0 0 0 0 0 0 0 0 0 1 0 0 1 0 0 0 0 0 0 1 0 0 0 1 0 0 1 0 0 0 1 0 0 0 0
  0 1 0 0 1 0 0 0 0 0 0 0 0 0 0 0 0 0 1 0 1 0 0 0 0 0 0 0 1 0 0 0 1 1 0 0
  0 0 0 0 0 0 0 0 1 0 0 0 0 0 1 0 1 0 0 0 0 0 1 1 0 0 1 1 0 0 0 0 1 1 1 1
  0 0 0 0 0 0 0 0 0 1 0 0 0 0 0 1 0 0 1 0 0 0 0 0 0 0 0 1 0 0 1 0 0 0 0 0
  0 0 0 0 0 1 0 1 1 0 0 1 0 1 0 0 0 0 1 1 0 0 0 0 1 0 0 0 0 0 0 0 0]
 [0 0 0 0 1 0 0 0 0 0 0 0 0 0 0 1 0 0 0 0 1 0 0 0 1 0 0 0 0 0 0 1 0 0 0 0
  0 0 1 0 0 0 0 1 0 0 0 0 0 0 0 0 1 1 1 0 1 0 0 1 0 0 0 1 0 0 0 0 0 1 0 0
  0 0 0 0 0 0 0 0 0 0 0 0 0 0 0 1 1 1 0 0 0 0 0 1 0 0 0 0 0 0 1 0 0 0 1 0
  0 1 0 0 0 0 0 0 0 0 0 0 0 0 0 0 0 0 0 0 0 0 0 0 1 0 0 0 0 1 0 0 0 0 0 0
  0 0 1 0 0 0 0 0 1 0 0 0 0 0 0 1 0 0 0 0 0 1 0 0 0 0 0 0 1 0 0 0 0 0 0 1
  0 0 1 1 0 1 0 0 0 0 0 0 0 1 0 0 0 0 0 1 0 1 1 0 0 0 0 0 0 0 0 0 0 0 1 1
  0 1 0 0 0 0 0 1 0 0 0 0 0 1 0 0 0 0 0 0 0 0 0 0 0 1 0 0 0 1 0 1 0 0 0 0
  0 1 0 0 0 0 0 1 0 0 1 0 0 1 0 0 0 0 0 0 0 0 0 0 1 0 1 0 0 1 0 0 0 0 1 0
  0 1 0 0 0 0 0 0 0 0 1 0 0 0 0 0 0 0 0 0 0 0 0 0 0 0 1 0 0 0 0 0 0]]
