params：
 weight-->(1, 10)
 proc_times-->(1, 100)
 setup_times-->(15, 30)
 delivery_times-->(100, 200)
 job_rate-->16

start:
alpha_1
16
 alpha_2
0.5
 mach
20
 job
320
 fam
5
 weigh
 [[0 5 3 7 2 8 6 4 7 9 7 7 6 6 7 5 9 8 1 6 8 9 2 3 3 7 6 8 6 4 6 6 7 2 4 6
  3 9 2 1 9 1 2 6 5 8 9 2 2 7 2 3 8 6 8 9 6 2 6 6 4 1 1 4 2 5 9 4 3 1 2 4
  9 3 5 7 4 4 7 4 4 7 9 3 4 1 8 4 5 6 7 7 9 2 4 4 3 1 6 3 9 2 9 5 4 4 8 4
  8 2 6 1 9 8 7 4 7 4 9 5 6 8 8 5 1 4 1 2 6 5 4 9 2 5 1 2 2 4 1 6 2 3 8 9
  8 8 8 5 2 6 8 7 7 1 3 1 5 2 5 1 6 1 7 8 7 7 2 9 4 9 3 6 4 6 3 6 5 1 6 1
  9 9 8 1 2 7 3 1 4 8 4 6 6 7 3 7 8 9 5 3 4 6 4 9 3 6 3 8 1 3 9 3 8 8 7 6
  7 7 7 2 9 3 3 6 1 2 8 8 2 9 3 5 7 9 2 8 3 1 1 2 1 9 2 1 1 6 3 2 8 9 8 9
  3 4 9 5 2 3 4 4 8 6 4 2 8 5 7 1 9 7 6 1 3 2 8 6 3 5 5 1 1 9 6 7 4 1 9 3
  5 5 2 2 1 8 7 1 8 1 8 4 2 1 1 1 7 1 2 1 5 4 5 3 7 9 8 8 1 6 8 5 9]]
 proc_times
 [[  0  27  42  10  35   1  30   7  91  55  24 100  46  36  99  84  81  13
   30  23  15  63  68  55  14  91  75  33  63  70  33  29  53  90  83  23
   79  79  14  81   5  79  31  96  22  23  67  29  61  11  44  47  40  61
    2  87  11  89  45  35  71  98  36  90  18   9  66  74  67  84  97  67
   23   8  62  90  86  10   3  77  49  79   3  92  17  90  96  28  68  43
    5  44   2  20  51  22   5  81  30  18  32  24  44  20  28  72  65  94
   87  69  48  20 100  89  20  40  20  80   8  29   1  80  34  96  54  95
   56   9 100   6 100  89  69  15  20  49  15  44  47  30  20   9  88  62
   51  73  40  80  29  77  12  30  56  76  37  43  23  86  68  17  53   6
   14  40  94  46  92   6  56  90  50  13  41  55  41  31  47  61  85  36
   83  73   8  28  10  69  55  54  45  81  10   9  98  53  11  98  17  19
    6  74  18  85  56  60  89  76  46   3  69  27  10  23  84  43  85  42
   85  70  86  73  80   7  97  85  74  53  10  36  70  30  92  60  24  10
   84  75  40  86  70 100  35   2  58  19  65  14  18  43  69  76  29   2
   52  54  33  59  98  83  51  55  64 100  52  76  59  75  91  61  59  60
   25  21  45   9  53  75  10  69   5  35  44  81  86  72   2  15  53  66
   64   1  98  21  20  19  19  81  43  79  18   4  83  82  24  88  46  93
   43 100  12  99  37  70  81  80  81  54  27  32   5  16  91]
 [  0  42  13  20  98  11   2  21  89  81  22   8  32  88  20  58  82  37
   82  86  95  84  61  36  70  44  90  33  99  74  53   9  20  16  25  80
   89  61  89   7  22  46  40  23  99  56  28  54  34  51  81  46  20  27
    1  56  83  52  89  59  97  58  24  31  48  92  34  34  84  85  79  56
   15  64  28  65  94  51  96  72   6  69   9  39  51  12  17  50  15  91
   86  20  93  17  34  52  13  57  48  71  29  16  64  50  95   4  74  12
   31  46  27   2  23  46  56  10   1  75   4  48  49  53  58  87  74  15
   67  70  46  37  39  44  68  10  73  87  16  92  52  75  46  42 100  83
   53  80  38   5  96  12  52  47   1   5  94  65  98  63   3  75  99   4
   28  46  42  34  18  73  69  88   9  13  65  59  92  80  66   2  45  43
   49  82  65  64  17  77  94  67  34  32  48  97   3  56  22  24  74  26
   95  13  87  81  66  42  72  85  52  95  84  82   8  64  59  97  65  67
   29  86  61  82  48  65  38  50   3  34  81   7  68  87   9  78  27  48
   85   8  28 100  69  95   1   7  87  89  32  13 100  60  23  39  53  68
   72  37  85  49  15  96  93  98   4  97  26  13  66  15  96  76  75 100
   82  53  91  48  25  82  85  31  18  39  86  71   6   7  31  12  75  89
   11  23  63  47  83   2  88  85  67  64  98  59  62  19  83  69  47  12
   50  35   8  65  52  17  37  83  74   4  48  12  53   9  74]
 [  0   1  42   5  89  10  99  42  64  30  66  19  51  29  38  43  44  59
   22 100  36  45   2  90  80  21  70  38  68  30  58  22  58  48  71  91
   36  25  30  47  15  28  91  51  11  68  67  33  74  77  91  97   2  85
   61  21  41  52  85   4  11  41  59   7  58  57  20  67  50  37  64  34
   51  52  82  67  45  64  34  18  60  88  88  53   4  85  25   5  81  77
   21  60  26  58  37  67  73  19  71  13  87  23  15  46  24  79  74  62
   20   7  84  64  24  35  63  98  23   3  54  56  97  63  82  68  27  95
    4  24  17  81  89  70  96  21  94  91  69  70  94  62  11  38   6  42
   35  83  24  92  94  75   1  70   1  92 100  61  15  77  58  52   1  66
   83  12  43   5  46  76  90  93  23  66  68  88  82  87  95  75  36  41
   70  60  92  86  84  41   2  47  33  16   1  21  51  15   9  94  45  76
   95  24  49  15  96  44  72  97  83  94  66  35  92   5  38  63  97  57
   58  46   6  89  55  54  71  85  26  13  60  28  72  83  83  98  87  69
   87  78  86   2  45  87  88  45  19  59  49  22  19  47  89  74  99  90
   52  36  85  63   4  23  22  71  36  66  48  87  86  60  95  73  39  87
   95  97  44  82  18   6  60  74  99  36  33  19  15  96  50  34   9   4
   71  95  41  76  87  13  78  29  90  69  60  46  22  77   1  27  21  33
   82   4  25  37  27  97  66  61  35  16  33  42  28  98  47]
 [  0  79   3  24  97   4 100  37  33  29  21  93  55   1  86  90  27  61
   44  84  70  24  97  27  36  48  61  61   6  32  85  95  84   4  75 100
   12  13   4  96   6  74  81  84  22  44  16  33  38  91  53  88  95  35
    2  85  85  18   6  20  92  58  13  61  97  79  36  35 100  88  76  34
   71  72  22  79  44  41  12   4  58  43  73  14  61  83  52   4  25  60
   46  14  43  14  17  81  70  36  46  27  91  36  63  16  41  38  79   7
    8  45  73  42  86  83  11  49  93  98  94  38  81  66  41  27  16   4
   19  69  66  67  97  56  99  57  99  10  45   3  74  32   3  52  75  51
    2   6  28  70  95 100  73  94  46  86   8  31  22  67  35 100  46  89
   15  77  88  43  82   4  65   8  88  66  27   7  31  38   4   1  33  14
   26  24  31  28  78  42  10   4  36  86  46   5  69  10  10  11  35  39
   74  74  70  25  59   4  43  13  72  15  26  82  12   1  74  86  32  61
   51  83   9  60  10 100   3  62  24  26  73   6  89  22  88   6  67  83
   89  89   4  40  80  29  52  11  73  77   4  69  35  18  23  82  18   6
   81  46  13  64  73  42  79  32  54  85  56   2  18  77  74  37  40  97
   71  25  76  25  95  37  66  49  39  84  57  50   6  39  30  97  77  24
   61  60  88  37  37   2  75  79  54  53  22   3  69  29  56  96  11  14
   20   4  59  78  74  23   1  37  68   5   8  19  78  34  38]
 [  0  91  73  24   5  63   6   5  76  45  80  34  89  29  91  72  18 100
   92  59   5  47  87  24  39  15  99  11  78  75  88  55  92  53  45  67
   12  54  44  22  42  87  32  84  68  62  17  89  98  55  68  97  85   7
   17  34  86  17  67  63  23 100   7  80  73  98  69  50  23  15  49   8
   11   8  47  23   7  31  96  25  77  28  32  58  31  90  35  31  13  19
   63  11  14  18  77  49  18  71  36   2  15  66  38  96   2  83  46  41
   39  40 100  73  30  37  46  34  18  57  33  34  79  82  85  45  53  98
   83  39  48  33  31  25  20  51  55   6  50  29  16  99  64  99  68  48
   75  14  78  71  40  50  62  11   1  71  98  99  17   9  62  27 100  53
   95  77  39  54  64  97  59  51  23  84  53  84  21  32  15  50  75  12
   57  99  49  34  73  21  98  14  88  89  23  24  55  94   1  81  96  69
   94  36  36  15  15   8  48  31  26  66  49  11  88  77  27  96  57  65
   16  33  83  14  27  24  24  97   6  81  41  44   8  33  24  74  75  21
    6  13  61  39  39  36  12  72  91  49   1  90  30  99  38   5  26  36
   30  94  49  20  54  82  82  53  45  71  23  37  10  98  64   5  30  54
   44  34  41  75  43  49  70   4  74  72  83  53  20  47  33  32  57  78
  100  40  62  76  87  97  72  64  66  67  39  44  65  22  54  20  27  63
   28  10  67  50  18  74  44  87  99  91  73  82  15   4  26]
 [  0  92  56  65  65  69  82  94  93   2  95  50  36  29  39  46  12  84
   76  69  27  12  54  99  60  35   1  53  55  67  14  95  26  84  90  30
   17  15   5  28  61  41  86  12  83  90   6  87  84  38  15  39  33  91
   74  62  11  39  93  61  38  79  79   5  37  76  32   7  19  52   3  99
   20  22  97  68  96  58  93  70  20  45  88   2  11   3  15  98  92  47
    6  56  24  99  72   3  93  70  62  14  24  34  15  72  49   8   8  66
   10  37  86  16  77  25  89  33  78  25  31  37  60  37  12  98  32  84
   96  23  93  24  59  49   3  45  31  49  35  28  35   3   6  26  60  96
   65  34  55   6  13  57  93  51  18  92  66  18  29  13  53  55  48  41
   65  30  89  66  57  61  25  91  10  60  76  48  71   5  82  52  92  46
   98  23  59  17  11  36  83  72  32  26   4  84   8  23  65  59  91  70
   90  46  95  25  56  55  82  70  64  95  37  17  91  11  28  40  56  24
   58   9  19  77  74  17  86   4  77  46  10  20  26  92  31  31  75  66
   59   6  96  24 100  76  64  98  74   2  51  62  77  15  60  19  88  39
   13  28  37  64  11  30  67  68  35  79  16  59  62  23  75  73  55  98
   77  30  27  37  42  61  29  45  18   2  45  58  62  47  48  84  63   1
   33  93  89  86  41  77   8  10  48  97  27  67  91   1  48   6  44  28
   86  70  53  96  51  15  64  71   7  21  78  85  32   4  34]
 [  0  52  74  16  88  25  32  49  58  67  19  73 100  11  74  73  65  15
   31  39  42  88  66  58  52  90  40  61  74   9   4  87  53  52  13  93
   70  85   3  81  88  96  87  98  90  61   6  88  56  32  31   7  17  93
   18  76  91  88  53   3   4  53  40  17  85  57  87  86  25  92  95  56
   34  42  73  76  88 100  15  93  28  22  22  29  55  28  84  41  66  82
   90  40  87  73  12  25  61  10  65  93  78  94  62  27   9  59   9  82
   48   3  45  91  34  20  88  88  33  24  84  93   5  12   1  17   5   8
   11  69  73   8  89  67  84  37  38  31  91  70  47  47  47  75  93  90
   58  12  54  85  80  30   6  50  75  25  77  37  46  93  55  39  28  51
   73  32  66  83  90  12  44  71  88  53   5  12  75  68   3  71  25  51
   17  72  45  70  35  26  21  15  71  67  22  61  29  73  87  89   4  84
   31  81  26  77  92  12  57  57  64  30  61  66  31  53  27  37  22  13
   81   9  31  75   6  79  76  14  43  90  81  93  39  78   7  26   6  12
    5  83  78  11  80  20  77  64  96  48  93  24  96  73  99  68   1  90
   71  89  29  30  49  28  56  13  59  67  54  25  32  80  47  23  22  52
    8  78  22  89  65   2   9  29  70  90  16  61  16  62  63  11   2  39
   25  90  42  39  91  31  47  64  18  20   6  13  48  10  61  64  37  41
   31  10  87  75  47  43  47   2  37  47  88  69  64  80  75]
 [  0  80  46  37  99  80  76  66  40   4  68  28  46  98  45  84  66  58
   78  55  77  47  93  49  84  34  76  23  94   3  22  70  56  83  71  54
   19   4  71  79  48  54  82  66  11  96  45  69  11  35  70   9  59  53
   10  19  15  84   1   8  79  34  51  71  62  27  83  90  66  67  10  67
   43  67  49  29  73  17  28  15  46   1  39  79  51  78  57  78  65   4
   11  69  16  40  63  80  77  59  22  93  60  28  51  49  23  35   9  49
    4  92  23  57  77  63   6  12  19  65  14  22  41  55  76  51  26  16
   76  19  56  16  56  29  21  58  92   7  95  51  13  35  49  37  77  24
   57  58  21  36  97  85  13  39  76  12  12  30  49  98  60  70  46  92
   57  31  12   9  28  46  76  66   5  86  54  77  16  47  38  72  18  62
   81 100  50  61  14  27  47  74  37  93  78  87  30  95   9  22   5  20
   45  13  77  57  45  80  88  44  52  20  66  84  12  75  35  86  71  45
   74  66  50  36   6  57  20  96  89  64   4  98  61  87  41  43  61  47
   20  89  89  33  61  76  53  82  49  75   3  30  67  31  28  24  64  66
    3  96  59  91   2   1  49  40  60   1  54  68  78  74  78  18  84  60
   16  68  70  77  89  54  33  78   4  69  72  24  21  28  67  72  35  19
   81  90  42  56  54  23   3  94  80  58  37  56  61  27  71  49  40  91
   52  16  21  84  84  79  19  24  85  20  63  69  82  21   6]
 [  0  92  55  32  18  27   7  84  82  36  29   7  83  65  80  10  53  29
   84  34  43  95  91  80  34  47  24  28  50  57  39  77  93  41  86  25
   71  48  84   6  59   1  77  26  37  43  12  11  63  30  56  28  17  57
    9  97  85  57  49  72  24   1  67  28  53  22  45  51  11  12  51  52
   16  62  49   6  20  87  74  16  78  38  97  45  24  12   8  60  90  87
   15  46  36   2  90  76  79  89  46  64  34  65  17  55  28  47  70  31
   16  73  19  94  67   4  34  75  20  20  72  34  24  60   7  91  19  43
   87  93  81  36  79  56  45  85   2  58  14  88  71  70  52  86  58  50
    6  42  36  89  25  35  75  97  79  50   6  22  21  34  33   2  59  51
   53  15  35  58   5  23  92  44  55  19  49  63  86  74  72  39  70  70
   60  12  68  77  98   4  84  13  85  16  15  21  32  53  97  72   8   8
   95  29  37  95   9  66  67  86  83  45  93  59  18  54  98  70   4  96
   20  76  27  61  55  10  74  85  12  70  84  99   3  86  97  19  19  20
   38  76  65  88  22  24  16  53   2  85  56  59  60  87  95  79  52  81
    1  23  39  20  53  23  55  69  22  64  46  19   9  75  72  66  69   6
   41  57   8  43  48  54  24   3  58  83  80  22  35  66  80  43  70  78
   53  61  34  97   9   4  78  65  67  85  90  56  34  80  42  53  11  85
   78  30  30  43  24  13  59  21  18  55  60  81  58  11  32]
 [  0  98  84  47  29  32  25  49  12  27  36  98  44  41 100   1  74  69
   70   4  66  53  57   4  72  91  53  81  73  56  10  71  83  98  49   4
   71  75  23  11  73  20  31  76  45  86  21  37   5  78  32  76  54  50
   32  31  29  15  73  18  78  75   2  46  38  54  77  51  52  27  70  90
   18  54  56   6  18  24  92  89  70  67  74  17  67  15  16  95  16  64
   29  36  26  29  64  88  89  47  94  85  87  34  58  10  18  84  67  94
   27  53  57  64  69  80   4  28  92  77  11  57   7  88  95  23  14  28
  100  51   9  72  99   1  73  66  41  66  19  75  85  96  32  71  92  98
   56   8   4   4  91  56  56  55  16  79  89  30  47  92  51  16  56  80
   20  91  20  91  31  24  45   7  91   7  19  10  83   9  47  85  53  65
   49  88  65  23  99  99  70  36  86  90  95  89  53  60  87  84  97  28
   82  39  88  36  48  32  68  76  98  72  71 100  96  77  18  96  90  18
   98  46  24  59  61   7  15  81  55  79  16  51  56  12  85  21  23  99
   40  97  17  66   5  17  94  17  76  88  15  20   6  29  10  84  11  74
   33  66  86  12   5  68  19  12  11  58  39  65  99  98  18  84   2  99
   48  89  96 100   7  31  32  81  60  87  54   1  95  41   6  70  69  51
   50  96  48  85   1  25  46   1  14  92  29  96  26 100  36  13  48  38
   75  11   1  93  56  98  79  16  39  62  26  20  74  21 100]
 [  0   5  69   8   7  71  27  40  66  18  78  74  43  10  22  41  47  47
   66   5  87  43  51  93  57  91  37  11  58   4  94  78  59  46  88  24
   69  34  67  35  11  95  23  72  91  59  16  35  25  75  45  33  35  47
   79  31  52  13  48  36  93  18  69  81  65  28  32  99  68  31  57  53
   46  13  56  94  17  95   3  94  56  87  91  91  61   5  56  93  48  35
   99  53   7  22   3  41  71  82  67  97  61  64  63  87  70  30  94  69
   39  46  94  90  75  17  59   1  56  63   8  70  52  41  84  56   5  57
   79  72  68  58  63  14  56  17  32  26   2  56  17  96  93  31  22  11
   41  30  23  54  94  31  96  45  54  62  66  11  66  49  50  32  91  89
   31  80  22  71  11  13  66  54  50  66  23  48  12  50  21   8  35  68
   58  61  77  70  27  48   6  69   9  78  99  98  20  80  74  16   7   6
    1 100  82  96  56  68  86  68  68  29  19  77  12  59  79  50  88  16
   28  54  86  49  36  85  77  28  18  86  35  67  21  96  58  98  88  47
   71  98  77  26  99  70  69  48  42   1  79  80  48  21  99  43  51  44
   14  71  26  25  96  93  13  18  74  89  82  74  21  27  44   9  35  74
   35  82  80   1  44  55  62  44  57  53  89  79  97  96   9  57  66  95
   45   1  91  76  19  53  34  53  89  89  18  18  33  31  90  63  23  85
   99  14  77  31   3  87  79  19  38  52  81   7  73  37  18]
 [  0  43   2  47  27  11  51  76  11  82  94  59  16  66  91  99  22  59
    4   7  46  55  98  40  92  19  29  43  53  58  10  91  99   6  85  14
   91  36  43  31  80  35  17  37   7   9  94  91  37  82  24   4  15  46
   82  90  20  21   5  75  51  46  23  65  71  17  22  90  63  43  68  57
    6  57  20  28  72  58  72  12  58  28   7  20  86  25  15  21  59  32
   52  53   7  43  41  66   1  85  87  71  96  47  67  64  33  55  47  95
   78  69   5  43  88  43  84  67  93  65  42   5  44  63  51  91  16  68
   19  80  82  99  37  43  10  82  36  31  20  27  95 100  29  49  93  86
    6   9   7  90  12  95  89  88  51  39  59  43  66  32  48  35  13  35
   39  27  50  96  41  32  40  33  50  37  20  91  20  68  20   4  28  86
   34  89  24  61  99  75   3  31  94  84  21  43  53  23  85  15  88  55
   87  26  70  80  13  51  83   8  21  14  14  53  47  72   4  10  93  30
   59  78  92  49  59  11  17  89  24  50   2  25  63  60  27  47  16  14
   16  86  71  51  50  83   5  97  38  97  84   3  29  57  36   6   2  85
   31  81  49  39   8  38  53  10  52  85  99  77  78  44  33  62  65  75
   35  94  75  67   4  78  84  38  78  46  31  82  15   6   9  28  63  67
   93  68  30  85  74  96  28  74  25   6  22  30  43  48  39  31  63  96
   17  85  99 100  87  61  21   3  60  90  12  45  54  20   8]
 [  0  55  29  67  63  40   7  99  38  11  68  75   6  66  96  14  88  61
   61  68   6  27  51  69  42  14  96 100  49  35  76  99  51  29  52  50
  100  63  98  32  48  19  72  70  86  82  10  56  92  94   6  66  12  42
   12  54  88  63  90  85  83  69  56  91   9  33   5  67  16  24  58  36
   62  21  73  11  74  32  41  32  27 100  54  49  52  91  60  12  99  82
   74  23  46  98  12  36  36   9  36  22  52   3  14  41  41   7   2  71
   85  30  74  15  48  31  70  89  31  49  85  18  49  24   2  29  67  58
   82  92  16  65  89  78   2  21   2  63  85  74  54  97  66  64  35  56
   49  76  96  22  33  12  42  37  20   3  57   2  70  79  45  57  32  36
   37  41  83  21  80  55  94  45  81  20  37  27  84  11  32  99  50  22
   50  53  54  55  62  11  66  29  27  84  31  24  84  15   7  60  70  34
   53  46  56  42  87  29  76  54  45  78  35   2  99  50  91  70   2  51
   87  90  20   2  50  12   2  18  33   2  79  39  94  41  15  39  17  72
   84  98  26  66  47  33  34  45  40  58  84  62  42  69  56  85  56  11
   76  52  86  95  65  18   2  42  22  70  11  53  88  38  64  78  73  75
   34  84  24  91  85  78  14  91  99  80  94  50  91   1  61  59  17  51
   99  38  69  43  82  87  75   7  34  91  82  83  66  13  84  28  45  49
   89  51  58  71  54  30  88  93  56  41  53  48   9  29  23]
 [  0  29   2  23  55  94  86  28  20  52  61  29  42  75  15   6  57  23
   72  47   5  45  56  24  24  61  18  54  32  94  98  24  85  30  84  93
   50  99  87  72  80  32  68   9  79  55  61  41  15  50  78  89  40  14
   50  48  13   7  75  81   3  76   7  81  67  98  11  57  58  94  70  19
   23  39  25  49  98  76  69   9  51  73  96  84  22  18  60  62  66  26
   84  40  68  91  10  86  27  15  17  38  37  66  22  25  74  29   2  84
   58  99  32  92  50  25  32   6  34  97  40  31  30   6  23  19  35  46
   98   9   8   6  76  33  78  37  23  18  94  10  32  51  67  13  42  65
   72  67  49  31   2   5  33  19  62  30  36  62  12  89  27  43  83  41
   69  91  78  76  97  14  73   8  62  41   8  37  79  33  51  63   2 100
   69  92  50  85  23  45  23  18  85  27  66  18  34  39  71  39  33  48
   39   9  42  64  14  18  95  85  12  40  17  47  35   8  79  82  16  30
    4  37  86  85  89  45  95  78  30  13  89  28   5  35  30  51  18  34
   95  61  56  39  26  61  33  70  72  42  43  96   9  99  48  35  32  61
   79  80  67  24  98  40  36  98  32  11 100  20  56  16  27  10  64  29
   71   4  19   7  32  43  21  59   5  59  96  91   4  63  30  25  48  63
   52  31  27  89  76  16  83  18  10  80   2  94  60  12  99  40  96  99
   36  63  46  74  22  34  16  52  91  70  16  88   9  70  89]
 [  0  53  47  35  53  16  51  70  98  12  19   7   3  61  58  84   3  81
   67  81  23  31  19  66  24  16  13  54  20  49  54  14  61  20  22  35
   40  89  83  34  46  81   9 100   3  56   6  48   2   5  92  63  98  23
   47  81  91  51  71  16  47  45  90  96  60  37   7  88  92  87  39  19
   52  13  20  60  19  91  44  61  39  39   2  35  48  64  49  10  57  36
   79   4  75  65  37  74  66  71  93  87  75  40  51  63  55  93  36  62
   65  22  12  10  70  60  17  11  31   3  38  59   9  45  30  88  96  86
   55  30   3  74  94  34  38  38  94  65  59  28  50  90  20  42  17  89
   21  18  89   9  16  36  35  51  64  24  50  71  55  69  28  53  55  46
   46   1  82  31  14  64  48   6  38  14   8  27  59  22  28  46  69  15
   80  64  61  35  99  47  18  39   7  21  37   7  89  62  24  87  51  90
   41  88  67  25  77  54  45  92  11  15  75  18  12  28  79  45  28  20
   45  91 100  13  30  55   9  98  99  36   2   3  94  25  83  37  36  65
   42  14  50  50  87  33   4  74   5  24  22  95  50  79  28  10  37  71
   36  10  95  45   3  36  97  52  58  39   4  50  41  80  11  32  90   7
   80  57  82  76  94  50  43  91  98   7  62  86  42  75  36  35  74   3
   40   2  71  58  41  61   6  83  94  37  35  74  88  50  90  80  44  57
   97  26   2  24   1  10   9   8  45  76  37  24  87  82   1]
 [  0  56  10  79  13  15  69  59  97  73   7  74  42   3  32  75  82  66
   89  96  20  95  78  30  32  14  46  20   6  88  59  36   4  72  29   7
   42  60  87  67   4  68  86  80  25  21   3  13  17   4  73  13  38   7
   16  90  46  33  24  24  98  60  56  89  92  87  55  84   3  35  91  77
   15  17  80   3  97  85   6  50  51   7  86  23  54  78  60  68  96  90
   15  28  38  24  52  91  27   3  31  69  83  16  87  68  97  70  64  55
   99  84  55  66  44  98  91  32  52  81  10  40  73  59   4  99  75  55
   75  62   7  19  35  86  57  95  65  37  77  43  42  84  17  24  60  67
   86   2  41  88  14  94  24  35  83  81  59  85  56  84  11   7   1  90
   36  46  42  17   9  88  56  72  74  57  46  16  21  45  45  18  65  41
   78 100  35  72  74  69  11  91  33  39  11  48  21  95   1  49  13  18
   13  35  86   3  93  35  71  78  71  36  73  10  25  32  87  91  15  69
   78  31  88  52  45  33  16  87   2 100  55  97   3   8  63  36  21  59
   83  64  14  54  19  98  25  40  76  16  35  72  77  50  29  98  65   4
   60  60  65  63  92  30  56  69  32  18  64  22  67  67  49  50  53  10
   85  65  49  88   5  50  28  95  40  10  97  85  11  35  63  33  17  64
   33  36  93  14  58  42  49  55  10  91  90  71  63  77  37  83  76  43
   23  30   4  77   6  77  36  68  59  39  67  44  54  14  55]
 [  0  19  14  94  28  46  86  12  75  60  61  87  75  40  17  20  64  68
   81 100  16   5  51  89  97  83  61  89  51  36  40  42  24  19  27  82
   12  65  22 100  18  39  83   8  85  92   6  69  46  56  54  90  57  15
   72  38  29  25  69  55  37  89  31  60  11  86  98  10  34   9   3  35
   92  12  39  76  52  70  48  52  11   6  41  19   5  38  42  33  31  15
   54  66  94  24  97  15  89  73  49  45  61  13  11  99  68  29  18  73
   89  99  62  26  27  19  70  20  43  12  41  84  42  25  27  61   1  52
   96  31  88  93  84  39  25  32  14  21  63  74  25  58  32  68  14  50
   81  31  10  46   1  11  39   6  47  48  64  66   8  98  13  71  23  53
   34  79   1  50 100  31  15   2  66  45  25  85  72  58  90  78  40  78
   41  69  29  90  27  11   1  57  76  30  44  79  64  56  34   6  55  55
   66  96   5  25  73  84  64  14  59  23  96  58  82  49  79  14  68  74
   43  33  63  21  84  68  36  48   6  33  71  52  44  57  76  56  72  54
   63  89  62  80  85  96  25  81   7  54   1  55  13  22  53  59  46  89
   70  98  12  17  97  54  12  81  98  89  58  90  81  24  10  36  47  56
   77  20  69  61  88  74   4 100  86  70  84  17  47  99  22  87  38   1
   21  99   2  42   6  54  84   3  77  87  95  13  87  58  75  12  48  10
   25  95  63  47  37  59  29  72  94  85  22  10   1  79  67]
 [  0   6  11  15  56  27  24   2  82  65  52  57  92  18  67  39  65  55
   59  77  63  59  67  64  27  73  94  63  89   3  21  67  22  54  29  55
    8  17  84  43   3  94  81  96   9  20   3   9  70  84   9  33  81  81
   95  51  68  45   2  72  90  86   5  21  86  38  17  36  21  57  83  53
   21  19  60  73   8  38   2  29  25  90  88  47  84  96  13  77  94  73
   84  89  16  58  31   6  25  44  58  69  31  95  36  63  46  13  11   9
   14   5  60  88  98  46  13  80  10  10  21  44  11  44  84  30  64  42
   84  60  92  11  87  29  73  18  11  58  72  16 100  34 100  74  15  47
   15  78  24  30  39  35  62  90  29  23  44  51  45  64  75  76  91  48
   62  65  19  95  46  54  52  91  34  21 100  19  77  48  60  96  10  42
   95  75  52  68  19  54  20  35  92  49  23  62  64  31  68  43  67  95
   71  32  13  24  90  64  58   8  77  28  57  94  89  87  15   5  28  52
   98  42  14  17   8  78  19  45  23  44  61  69  72  75  36  21  84  11
   10  22  48   9  42  56  90  78  29  64  30   3  76  53  36  11  79  34
   68  79  43  23  29  51  23  55  92   6  22  99   8  32  22  39  19  86
   50  75  52   6  74  89  61   2  29  25   8  55  64  72  33  44  32  86
   86  65  86   1  38  96  52  75   9  94  13  93  27  26  54   1  11  59
   48  56   1  61  39  54  84  29  85  32  23  77  12  61  70]
 [  0  66  26   6  87  14  34  53  28  58  64  13  77  83   9  34  18  61
   93  26  66   4  43  39  22  48  17  65  79  94   3  48  63  49  47  40
   59  32  72  63  29  78  42  77  20  27  22 100  57  56  98  20  73  36
   55  58  50  21  36  86  71  90  86  70  22  60  95  83  12  12  57  17
   40  31  62  91  89  31  33  21  57  96  66  77  59  82  59  87   9  74
   36  63  52  76  44  78  23  55  54   7  22  25  17  98  66  69  84  48
   52  31  64  54  55 100  78  53  58   3  34  47  62  56  18  15  29  53
   83  71  13  14   7  39  74  19  45  13  98  33   3  53  79   8  65  59
   90  29  61  18   8  91  93  58  70   4  62  46  73  77  46  43  64  38
   81  28  12  41  88  86  86  70  39  28  62   3  71  73  66  97  51  80
   99  61  66  79  75  97   3  49  37   1  18  48  31  28  35  67   4  60
   89  28  11  47  36  70  35  62  72  55  78  51  34  29  82  66  90  52
   85  88  43  74  19  86  71  81  71  54  24   3  37  90  76  69  68  33
   95  34  78  77  37  42  86  65  45   4  90  43  72  37  97  24  54  83
    3  20  69  96   4  34   9  45   3  26  10  25  13  85  36  93  87  17
   16  44  45  67  92  83   3  44   2  66  50  84  36   2  21   2  18  18
   68  83  74  79  14  69  31  16  80   6  39  84  40  92  69  30  75  21
   74   7  48  20  58  80  52  72  87  50  49  25  14  45  12]
 [  0  62  19  19  56  31  12  61  28  84  68  37  32  69  41  46  85  26
   28  34  25  13  19   3   5  22  59   7  93  97  44  58  24  32  77  77
   98  99  67  35  48  38  78   8  99  75  31  81   7  28  49  59  47  52
   52  76  54  17  91  54  20  57  90  49  59  72  85  62  15   8   7  60
   73  33  71  97  99  46  79  54   5  78  26  53  29  24  42  55  22  39
   28  96  32  48  14  28  17  99  59  12  12  59  95   5  38   1  19  63
   54  96  78  93  94  16   8  60  18  28  61   2  64  25  97  36  94  26
   32  91  52  50  46  58  74  22  36  17  86  73  83   8   9  74   8  33
   99  31  52  70  61   3  24  10  48  87  24  20  40  94  37   6  41  28
   29  25  80  96  69  79  94  19  49  31  12   2  49  30  67  98  61  75
    9  76  67  96  73  80  21  45  62  71  36  25  41  98  17  72  38  63
    5  23  17  22  73  14   3  33  16  53  42   3  20  75  14  34  82  19
   30  81  67  44  85  58  96  23  32  77  51  35  57  18  48  57  93  31
   42  18  19  84  33  12  20  17  28  93  43  58  14  18  80  18  42  31
   57  86  69  11  83  14  56  77  50  35  73  76  45  88  83  35  14  55
   80  27  70  17  68  37  89  87  80  20   3  73  75  78  31  30  32  12
   88  93  68  66  50  74   3  14  24  97  82   6  80  59  12  15  93  52
   21  73  13   6  13  62  79  91  27  81  92  18  47  39  72]]
 setup_times
 [[[ 0 29 18 26 23 21]
  [ 0  0 28 18 15 21]
  [ 0 18  0 20 29 23]
  [ 0 15 21  0 22 19]
  [ 0 22 18 28  0 29]
  [ 0 25 25 18 28  0]]

 [[ 0 22 28 25 25 23]
  [ 0  0 23 26 28 17]
  [ 0 18  0 26 22 28]
  [ 0 21 26  0 15 27]
  [ 0 24 27 16  0 16]
  [ 0 15 24 23 29  0]]

 [[ 0 15 29 23 17 27]
  [ 0  0 29 26 27 18]
  [ 0 16  0 23 25 27]
  [ 0 15 19  0 21 18]
  [ 0 24 24 21  0 19]
  [ 0 15 28 16 20  0]]

 [[ 0 22 22 15 19 16]
  [ 0  0 28 25 15 29]
  [ 0 23  0 21 23 17]
  [ 0 25 29  0 17 27]
  [ 0 29 28 28  0 25]
  [ 0 18 22 26 28  0]]

 [[ 0 19 19 20 17 21]
  [ 0  0 16 27 25 22]
  [ 0 21  0 24 21 23]
  [ 0 29 26  0 24 15]
  [ 0 21 29 22  0 25]
  [ 0 21 22 28 18  0]]

 [[ 0 18 27 29 19 15]
  [ 0  0 17 27 23 19]
  [ 0 19  0 21 19 29]
  [ 0 20 21  0 20 24]
  [ 0 19 15 17  0 16]
  [ 0 22 22 24 19  0]]

 [[ 0 20 22 17 20 29]
  [ 0  0 22 19 22 20]
  [ 0 18  0 28 19 27]
  [ 0 17 26  0 16 15]
  [ 0 18 29 27  0 16]
  [ 0 19 19 20 21  0]]

 [[ 0 20 18 15 25 16]
  [ 0  0 25 26 26 21]
  [ 0 20  0 19 24 20]
  [ 0 16 26  0 26 15]
  [ 0 28 17 15  0 22]
  [ 0 25 29 26 28  0]]

 [[ 0 29 18 18 25 24]
  [ 0  0 21 22 29 18]
  [ 0 25  0 20 25 27]
  [ 0 25 26  0 20 24]
  [ 0 17 18 27  0 16]
  [ 0 24 23 24 16  0]]

 [[ 0 28 29 16 23 25]
  [ 0  0 21 24 19 25]
  [ 0 26  0 26 28 19]
  [ 0 20 24  0 27 28]
  [ 0 29 16 15  0 21]
  [ 0 28 16 28 23  0]]

 [[ 0 21 21 15 20 22]
  [ 0  0 20 20 29 27]
  [ 0 15  0 22 16 20]
  [ 0 21 26  0 19 25]
  [ 0 24 19 21  0 24]
  [ 0 21 19 16 19  0]]

 [[ 0 26 18 28 22 24]
  [ 0  0 25 18 17 26]
  [ 0 16  0 17 27 29]
  [ 0 28 16  0 18 24]
  [ 0 16 21 20  0 24]
  [ 0 29 26 19 23  0]]

 [[ 0 19 21 15 25 28]
  [ 0  0 20 15 15 23]
  [ 0 26  0 28 19 28]
  [ 0 28 26  0 20 26]
  [ 0 20 29 16  0 19]
  [ 0 27 22 17 24  0]]

 [[ 0 18 15 23 29 28]
  [ 0  0 22 16 22 28]
  [ 0 22  0 25 27 23]
  [ 0 25 15  0 24 16]
  [ 0 24 29 16  0 22]
  [ 0 19 29 26 27  0]]

 [[ 0 27 18 20 26 17]
  [ 0  0 18 18 20 26]
  [ 0 22  0 24 22 20]
  [ 0 27 19  0 28 20]
  [ 0 21 28 16  0 15]
  [ 0 23 24 17 27  0]]

 [[ 0 29 22 25 18 19]
  [ 0  0 17 28 17 23]
  [ 0 22  0 22 25 23]
  [ 0 24 27  0 16 18]
  [ 0 16 28 19  0 24]
  [ 0 19 25 16 20  0]]

 [[ 0 25 17 22 15 28]
  [ 0  0 22 26 23 16]
  [ 0 20  0 18 21 15]
  [ 0 28 29  0 26 18]
  [ 0 22 21 29  0 28]
  [ 0 21 26 21 25  0]]

 [[ 0 26 25 29 21 15]
  [ 0  0 25 17 26 22]
  [ 0 29  0 28 15 15]
  [ 0 23 20  0 24 25]
  [ 0 23 28 21  0 25]
  [ 0 21 18 18 24  0]]

 [[ 0 29 16 24 18 29]
  [ 0  0 22 24 18 27]
  [ 0 16  0 26 23 19]
  [ 0 21 19  0 15 27]
  [ 0 18 27 20  0 19]
  [ 0 18 22 18 19  0]]

 [[ 0 17 28 27 29 23]
  [ 0  0 16 29 24 28]
  [ 0 22  0 29 19 27]
  [ 0 19 26  0 29 25]
  [ 0 17 20 16  0 24]
  [ 0 25 19 19 28  0]]]
 delivery_times
 [[  0 117 170 115 132 110 121 128 118 183 165 123 184 124 191 162 197 120
  153 170 170 141 112 130 168 197 167 155 146 190 106 145 155 184 192 139
  196 144 175 149 191 122 142 187 108 194 143 129 168 164 185 197 175 100
  144 188 125 103 124 139 171 170 130 112 152 170 155 137 152 138 106 171
  159 134 148 196 105 190 171 102 184 147 167 180 123 160 116 154 149 105
  150 146 142 132 173 104 161 168 115 148 173 162 171 113 148 104 161 144
  189 191 136 146 175 108 198 162 150 100 153 154 105 161 132 105 174 153
  183 176 163 162 138 161 183 154 174 125 173 126 144 130 103 109 141 166
  179 124 143 186 148 120 198 149 121 117 183 176 195 161 181 165 139 119
  115 140 118 130 133 125 173 195 103 183 150 182 154 106 139 155 179 127
  108 196 103 148 153 175 175 152 144 141 124 138 154 161 135 131 127 159
  169 184 108 130 101 110 170 192 155 114 154 122 148 173 171 117 165 194
  124 180 193 147 199 189 161 102 183 187 134 181 142 108 135 175 142 161
  116 113 170 146 144 178 123 143 104 107 107 114 134 192 149 151 180 147
  110 121 127 124 168 138 127 101 156 101 110 120 182 155 106 166 151 176
  158 190 179 132 103 186 140 175 125 117 167 148 154 183 126 181 120 121
  111 153 144 171 149 194 107 106 170 151 195 107 146 164 180 199 127 110
  180 161 144 168 167 186 144 188 193 110 133 158 199 174 154]
 [  0 169 105 185 175 145 199 113 112 198 151 159 140 160 184 135 152 116
  130 152 187 197 110 125 188 127 101 183 155 104 193 180 133 119 155 119
  141 102 134 114 149 122 174 102 104 126 115 158 165 165 132 187 193 165
  130 146 130 166 199 146 123 133 197 101 110 116 122 175 199 118 118 181
  141 104 106 128 153 164 180 122 198 174 104 143 164 171 112 167 157 123
  177 123 173 148 132 164 160 152 132 104 196 103 179 194 169 165 114 160
  142 173 129 194 175 142 190 142 146 189 168 117 134 116 156 182 158 193
  133 134 158 133 187 108 196 192 173 103 150 171 155 126 115 137 136 148
  143 168 187 184 118 194 106 191 111 160 130 101 198 138 158 174 123 124
  120 162 153 189 156 109 190 141 143 133 172 106 154 130 144 125 169 106
  152 135 126 181 186 160 121 132 111 106 185 136 136 170 111 137 129 108
  101 108 133 171 173 129 166 142 154 123 151 182 109 110 181 191 104 193
  187 194 128 125 183 150 181 108 178 113 162 133 147 104 171 106 185 160
  143 197 100 103 175 132 114 133 193 119 121 127 194 181 144 149 124 168
  175 131 128 183 180 153 172 145 123 104 150 112 120 110 187 179 163 191
  176 148 137 122 105 124 166 133 105 124 135 197 123 110 133 109 138 159
  175 184 125 199 139 194 114 110 123 191 145 180 119 113 113 184 113 125
  117 117 176 100 163 105 116 133 188 194 144 164 191 178 127]
 [  0 114 191 104 110 137 131 123 126 100 145 124 189 167 167 179 125 161
  112 118 100 122 116 172 157 190 119 185 162 162 152 178 135 183 141 198
  166 198 178 112 134 105 164 137 198 178 188 196 137 107 174 178 124 190
  129 192 172 141 136 175 170 118 124 119 182 133 150 193 155 155 198 145
  124 131 145 119 165 194 147 103 131 154 133 120 193 160 128 109 188 128
  172 167 123 155 104 135 145 126 105 114 112 101 100 186 118 175 100 123
  176 180 170 180 130 138 123 140 144 172 107 190 189 107 109 144 119 178
  103 115 125 115 107 138 132 121 155 165 129 185 151 188 185 134 108 100
  106 134 103 125 133 118 178 147 146 175 150 195 153 183 183 180 162 189
  165 119 195 170 154 127 164 100 156 161 134 130 162 163 171 112 120 153
  156 135 151 199 190 151 181 154 107 191 126 107 123 109 160 110 122 175
  154 162 111 189 158 109 157 139 186 182 149 122 114 152 167 127 101 112
  130 106 126 138 134 156 120 165 133 106 133 115 191 185 121 117 147 181
  136 174 177 174 129 154 175 162 127 178 197 176 117 185 117 121 160 185
  164 182 124 159 183 137 104 136 100 156 177 136 176 104 192 122 147 193
  184 130 116 178 114 188 182 113 151 156 174 102 170 148 148 130 128 153
  139 190 132 180 195 150 185 131 139 186 163 128 169 123 110 191 141 116
  130 121 106 110 123 166 140 186 105 151 147 194 120 165 182]
 [  0 134 123 138 161 117 138 112 189 182 195 167 193 172 103 163 171 109
  188 183 138 161 180 102 187 162 179 112 151 143 123 189 150 146 150 134
  148 194 191 114 185 129 191 182 137 116 156 140 127 119 121 123 121 119
  128 149 108 134 139 111 177 109 167 106 170 146 155 122 129 189 197 160
  118 150 185 165 129 169 130 164 189 166 150 101 138 101 156 172 132 129
  132 153 176 173 100 151 132 168 115 137 121 188 191 187 131 194 171 168
  195 122 189 124 126 120 119 118 166 169 103 123 162 175 102 174 141 175
  133 133 170 174 103 148 174 115 197 149 193 151 133 134 166 170 124 174
  154 144 169 160 110 129 106 130 160 190 134 124 134 154 123 178 166 162
  176 176 124 146 103 155 142 114 105 185 117 113 179 115 148 194 102 184
  171 129 100 153 114 163 180 183 149 163 120 173 124 130 178 146 148 121
  165 193 175 102 143 120 144 112 165 135 178 110 136 126 146 145 133 141
  166 187 137 185 130 173 148 182 155 165 150 136 135 145 167 167 178 175
  186 175 156 193 175 146 177 194 161 195 115 130 174 133 103 158 122 120
  157 159 126 104 117 146 110 115 181 154 137 101 119 158 181 188 193 184
  125 131 153 152 153 185 188 155 120 134 113 118 186 103 197 141 193 112
  125 169 199 158 161 121 171 117 111 130 117 175 126 123 151 144 130 146
  185 176 109 194 157 112 147 122 198 121 193 118 132 132 190]
 [  0 182 175 154 164 162 129 130 178 134 196 192 137 182 168 101 120 173
  106 163 181 195 178 124 194 120 196 133 173 125 133 162 174 111 180 157
  181 140 105 138 189 173 179 133 123 173 126 111 183 152 117 100 127 169
  106 138 139 155 175 178 168 147 169 173 111 177 155 136 167 115 124 105
  119 159 146 104 180 196 148 159 163 179 173 165 167 153 149 135 174 192
  181 131 164 133 157 176 126 178 146 194 173 108 175 115 173 139 153 120
  134 170 155 167 186 190 126 115 134 194 159 188 103 195 171 187 177 178
  155 127 183 179 165 161 144 162 135 186 186 107 199 141 106 182 196 176
  114 135 142 157 127 105 183 137 140 130 120 188 197 193 141 105 134 117
  103 191 139 187 197 177 196 199 125 106 151 105 192 191 180 109 180 159
  117 181 152 104 174 179 107 167 124 151 105 162 128 149 167 108 105 107
  110 145 190 175 158 177 108 112 163 115 128 198 174 103 111 115 138 165
  182 161 182 191 146 148 192 186 178 166 161 148 153 175 149 199 152 198
  163 140 136 110 106 140 124 191 154 184 162 135 144 166 125 114 152 146
  173 129 121 154 194 153 158 148 143 176 162 169 102 184 161 160 127 173
  104 195 142 192 109 121 163 176 166 111 170 196 169 122 196 118 120 128
  156 141 103 161 130 106 136 112 191 179 157 174 161 185 177 121 129 112
  146 191 117 165 122 180 127 181 168 168 137 165 140 179 110]
 [  0 181 114 166 177 118 168 179 153 102 159 164 110 157 190 169 121 115
  150 154 180 139 160 136 142 166 186 156 102 147 160 173 198 169 163 111
  142 179 111 176 106 153 169 125 124 107 122 119 128 173 137 150 133 124
  125 119 176 155 147 181 195 190 179 168 128 164 174 135 117 103 114 116
  193 147 169 117 140 156 190 114 175 135 153 102 154 120 148 197 187 135
  132 148 164 167 125 107 138 170 156 130 193 113 174 117 158 153 166 155
  148 170 182 154 179 190 127 194 160 188 166 175 150 111 192 124 158 196
  178 185 114 168 174 196 193 177 133 179 167 110 129 199 181 188 142 161
  120 153 100 194 163 189 197 104 153 107 178 168 188 180 116 124 124 121
  163 188 187 175 123 145 135 102 191 168 196 122 158 125 163 136 109 117
  137 198 156 119 194 125 155 144 147 199 126 173 105 117 185 112 106 154
  187 158 191 153 142 177 159 139 110 193 169 124 159 145 159 195 152 105
  131 182 158 107 184 157 182 166 168 132 181 106 100 165 114 150 132 172
  142 142 162 148 109 157 182 199 140 156 195 109 157 136 129 134 146 171
  190 185 134 165 138 129 101 158 198 197 165 155 142 176 141 150 125 195
  116 138 112 155 149 171 194 158 136 109 152 103 199 111 145 157 142 103
  197 151 139 128 171 121 190 174 128 141 128 105 147 135 121 196 116 187
  188 102 189 165 103 158 145 122 178 139 150 167 167 131 194]
 [  0 113 125 199 161 193 167 169 134 152 141 134 135 115 154 159 167 182
  159 164 168 188 122 129 115 111 168 164 195 194 157 107 197 172 122 172
  173 191 163 110 167 175 128 106 145 191 114 191 138 170 168 115 198 197
  178 161 191 104 123 118 139 138 178 184 127 158 197 116 116 116 170 106
  107 120 129 176 160 140 106 116 113 158 180 101 103 142 186 182 126 119
  199 167 137 140 194 150 195 145 183 148 166 172 130 195 160 193 162 166
  136 159 137 106 152 123 192 183 126 139 178 169 175 184 105 138 124 152
  190 101 155 191 111 174 193 122 199 101 181 117 123 106 162 116 137 104
  112 142 139 150 129 104 189 185 186 139 138 179 154 172 158 158 119 137
  182 102 111 120 164 137 178 180 199 192 140 186 179 134 122 147 187 101
  187 181 162 156 194 174 122 139 175 177 102 106 100 186 191 185 112 102
  134 166 194 159 171 119 107 100 186 142 161 189 116 111 105 108 189 130
  155 136 192 185 193 168 152 187 198 138 142 196 142 142 176 168 183 111
  117 162 147 155 129 124 188 128 101 168 173 170 159 107 186 175 161 125
  198 142 135 169 125 195 146 166 112 121 170 186 192 152 124 150 152 129
  133 187 199 109 157 190 124 150 188 188 130 192 196 189 175 101 112 111
  144 188 191 181 194 184 148 123 115 187 158 143 131 100 178 185 171 157
  150 144 152 168 186 184 167 148 141 172 103 102 170 137 125]
 [  0 129 193 187 164 148 132 168 158 174 172 181 183 184 146 107 142 142
  160 182 106 133 189 147 103 150 177 107 146 148 180 147 185 198 171 178
  197 169 110 190 127 139 132 155 168 168 122 114 115 160 172 151 147 198
  130 107 181 125 163 176 182 135 197 138 132 138 151 180 145 167 109 187
  199 127 188 199 134 129 163 114 104 105 129 157 104 196 118 157 112 128
  145 144 143 105 136 109 172 152 103 197 104 139 164 104 144 151 193 148
  122 125 153 189 103 123 140 143 119 163 174 102 168 176 181 168 197 113
  182 117 119 157 127 133 125 139 193 166 114 167 162 152 126 128 130 175
  146 180 151 126 179 121 158 187 198 181 136 120 117 117 106 138 168 111
  123 183 156 179 199 111 112 145 195 142 155 159 112 144 124 168 196 176
  183 164 107 101 133 100 152 172 144 164 167 173 169 127 115 105 161 181
  146 143 103 116 113 104 192 193 112 177 131 108 169 192 181 199 187 152
  148 102 150 100 137 153 106 145 102 190 104 140 164 118 101 181 108 171
  114 157 190 150 100 173 123 110 123 158 193 186 125 169 157 184 117 121
  119 142 170 140 106 102 171 126 178 179 110 101 118 173 163 100 118 118
  157 148 131 125 153 115 148 106 183 138 142 189 122 150 120 103 154 173
  133 108 145 172 112 190 175 174 162 192 122 136 199 116 193 145 174 163
  139 101 175 157 181 196 175 174 140 168 145 122 176 111 154]
 [  0 169 127 192 152 138 131 149 182 177 102 197 104 108 182 197 171 120
  185 120 193 141 103 117 183 152 101 196 104 112 196 187 150 150 170 149
  107 193 111 133 173 165 158 125 158 152 130 164 114 192 126 181 113 155
  122 197 184 177 122 121 129 125 106 126 111 146 159 166 187 178 134 111
  166 124 107 101 119 145 129 168 173 197 140 165 147 165 186 147 155 186
  198 176 130 160 161 111 124 127 129 126 155 197 153 175 163 136 189 161
  112 128 121 100 177 127 185 189 112 146 114 128 151 197 105 162 113 162
  169 158 112 172 156 144 156 136 116 175 141 105 196 181 135 197 139 119
  188 187 184 137 109 138 171 197 132 111 192 129 176 148 150 191 122 144
  129 120 137 175 126 179 173 103 122 123 121 181 163 159 157 113 160 125
  184 173 199 167 138 134 182 195 149 141 169 174 191 174 104 179 164 196
  177 165 141 196 129 197 134 173 166 198 140 171 142 178 171 149 118 194
  109 184 163 131 130 173 171 123 111 178 112 161 193 137 127 190 165 162
  129 123 138 184 159 194 110 158 167 133 158 156 153 176 188 116 105 136
  184 137 194 149 171 136 154 196 104 173 110 148 166 159 179 106 137 126
  158 112 146 148 191 144 140 192 100 126 187 153 105 165 144 134 134 169
  159 134 178 151 135 101 164 190 134 104 110 104 167 125 103 125 155 135
  165 176 126 121 109 101 125 134 126 128 114 172 160 179 138]
 [  0 124 144 121 128 133 171 113 104 102 148 129 110 146 165 121 130 119
  100 115 157 185 171 121 190 170 180 125 187 185 177 169 116 139 116 117
  184 188 198 105 189 169 158 101 140 190 164 116 190 195 188 161 186 136
  141 197 192 177 183 132 144 177 134 127 134 144 136 140 120 174 147 199
  180 102 169 151 121 114 170 161 108 109 188 122 134 162 172 199 115 199
  197 187 178 150 134 183 181 152 140 197 141 113 140 189 168 122 143 183
  137 100 184 181 187 196 137 104 193 166 134 136 160 110 146 179 151 176
  102 194 178 193 176 149 104 171 128 117 111 193 173 188 121 151 140 157
  135 135 118 117 120 192 177 183 126 171 199 130 143 101 128 102 137 102
  178 133 113 192 143 106 112 121 159 176 190 178 145 121 135 126 120 188
  107 176 114 191 105 194 151 107 167 113 172 168 132 183 195 170 195 189
  196 133 195 179 189 139 101 141 141 193 144 195 128 175 144 141 106 103
  180 130 162 190 121 187 132 160 106 193 195 160 155 114 179 121 140 190
  185 145 175 189 166 169 190 136 183 179 131 134 110 161 127 114 116 112
  166 112 101 188 167 145 161 128 123 143 158 175 159 156 185 181 183 143
  125 124 156 174 151 163 178 172 101 164 119 178 127 157 100 109 146 143
  147 184 197 128 198 186 114 136 144 185 132 123 178 143 160 127 116 129
  130 120 141 199 131 159 164 127 140 155 180 112 189 173 122]
 [  0 129 137 107 122 139 131 179 153 127 161 141 138 192 173 180 110 146
  110 159 100 120 188 157 188 170 121 162 154 159 104 198 122 140 162 160
  171 135 120 190 184 130 154 125 101 186 187 151 189 164 165 186 175 167
  126 154 110 160 181 111 143 145 143 145 199 110 153 148 190 130 171 125
  165 119 140 153 156 123 113 167 191 190 146 131 126 178 108 146 197 109
  197 136 112 159 164 158 116 123 133 157 132 103 149 116 153 158 191 169
  112 162 168 116 183 144 157 153 186 166 188 105 171 179 188 118 125 141
  116 169 186 148 176 121 188 178 191 177 120 100 105 135 150 187 108 182
  188 133 194 150 109 154 196 110 172 106 171 107 133 189 151 164 144 101
  148 106 191 122 190 189 100 182 181 112 136 181 109 179 126 166 176 156
  164 170 149 100 151 134 141 186 192 158 151 104 109 165 103 131 150 124
  160 198 156 194 135 117 123 119 153 157 127 129 116 150 197 184 169 100
  195 138 133 137 151 170 184 188 125 186 167 158 139 155 120 150 155 175
  151 135 195 183 152 175 170 188 153 161 118 175 104 143 162 172 177 159
  115 194 160 113 182 194 148 173 135 116 103 121 110 147 183 192 108 173
  159 159 130 194 165 183 153 106 177 159 116 117 115 173 118 197 189 187
  186 159 111 171 193 178 190 114 166 140 137 110 196 130 174 135 160 120
  156 112 167 162 198 115 172 181 131 177 181 114 148 155 144]
 [  0 114 136 135 103 103 144 180 129 149 190 197 170 193 114 192 183 174
  196 188 105 126 173 126 126 134 187 129 175 117 154 177 167 175 151 121
  100 187 175 178 123 170 107 145 110 140 182 113 123 169 145 101 180 115
  118 123 141 113 159 182 121 108 126 134 113 157 190 128 195 116 107 176
  140 186 155 176 126 143 173 128 149 199 194 139 198 143 142 125 146 129
  108 138 161 114 110 100 110 108 135 156 190 122 174 161 131 159 114 197
  172 154 130 148 121 144 141 182 112 179 172 159 110 115 173 187 152 124
  172 117 128 195 131 114 155 143 196 101 150 121 116 174 102 199 138 154
  166 102 108 133 195 117 179 179 138 165 181 191 139 142 166 146 150 167
  187 114 132 186 175 158 121 138 150 157 199 142 150 186 187 106 171 185
  171 155 140 130 198 173 136 144 142 118 182 123 185 100 151 188 180 167
  166 141 189 164 113 180 187 129 159 191 171 118 168 169 107 122 170 121
  159 164 126 164 137 190 178 158 101 166 102 142 102 198 128 103 176 145
  107 160 161 147 127 163 189 100 197 158 129 133 130 125 154 108 105 131
  194 191 145 187 195 106 162 143 141 162 172 148 196 161 131 152 196 123
  147 172 184 174 187 112 144 152 193 159 139 190 183 186 128 188 183 120
  145 181 120 121 195 105 141 174 126 177 141 172 191 117 136 126 143 138
  191 179 194 168 113 150 137 163 144 143 116 160 135 176 174]
 [  0 120 156 188 148 181 191 124 146 122 196 149 170 151 194 105 110 108
  172 186 112 149 176 151 123 119 155 121 178 162 180 133 169 121 166 190
  173 135 105 170 107 170 106 132 121 109 193 107 193 165 143 105 131 161
  177 130 145 156 161 107 161 198 188 168 198 175 145 146 194 157 134 181
  181 168 105 103 151 130 111 147 103 194 180 154 106 143 113 149 184 118
  130 141 130 157 113 110 124 116 135 178 125 187 159 103 118 166 117 143
  141 105 116 184 110 178 140 134 100 139 133 186 157 181 111 166 157 125
  153 134 120 100 185 110 172 122 127 145 117 166 160 114 174 102 103 151
  145 148 177 138 119 167 121 151 186 125 162 134 172 136 190 101 186 159
  142 129 144 119 139 160 148 139 114 180 158 105 139 118 108 150 194 143
  157 120 129 118 167 166 176 135 134 159 169 112 116 191 117 182 194 190
  160 139 156 179 119 137 117 156 185 100 140 101 142 190 150 113 100 133
  156 137 119 139 182 127 103 112 107 162 192 180 192 172 103 187 115 149
  179 105 147 159 103 143 144 157 194 158 138 146 112 172 158 136 100 189
  166 187 186 153 167 152 189 123 120 114 169 130 109 182 158 120 195 168
  141 113 175 127 189 113 110 104 191 147 140 150 127 158 193 141 165 159
  161 121 137 140 196 109 173 164 111 120 117 163 140 127 120 184 172 177
  198 171 178 161 155 196 147 138 158 182 148 111 113 120 154]
 [  0 128 171 166 172 114 169 155 160 147 129 137 151 181 133 195 129 125
  135 113 192 129 141 108 118 161 136 109 134 150 173 119 159 196 149 185
  136 190 102 164 132 185 100 198 173 173 115 194 109 110 184 155 136 171
  168 184 148 190 156 156 199 177 187 198 113 130 186 155 128 178 173 179
  120 191 163 143 173 123 196 122 124 160 198 144 100 104 169 183 172 141
  151 106 170 134 136 180 109 152 192 108 172 109 185 118 118 171 174 135
  180 164 166 114 167 167 187 148 133 103 103 126 172 163 140 177 125 156
  196 198 100 166 197 110 181 112 165 156 198 134 122 181 113 195 165 158
  115 114 140 126 105 179 146 158 186 182 190 166 184 148 127 128 113 144
  199 196 151 144 151 154 128 147 141 170 116 197 180 159 177 155 165 180
  195 133 179 128 184 122 145 196 175 194 100 126 177 155 126 151 135 189
  196 143 140 109 152 101 198 110 194 112 142 133 122 184 110 116 174 141
  182 198 197 126 190 118 198 177 137 154 105 170 191 101 129 122 104 131
  171 176 112 107 109 162 135 107 180 111 199 124 132 110 162 146 124 199
  188 199 189 133 110 187 178 118 125 140 151 199 141 111 194 135 184 103
  168 185 146 143 118 111 181 184 173 177 156 113 171 179 130 131 146 151
  110 151 150 101 172 172 119 164 198 109 148 119 130 133 115 107 138 147
  174 158 104 159 172 156 191 135 192 159 178 169 158 181 171]
 [  0 193 118 196 110 106 135 186 124 105 170 128 152 173 146 134 136 143
  135 140 172 147 188 131 143 110 186 146 171 175 152 179 165 130 145 165
  169 160 101 115 137 121 192 161 158 148 145 155 128 127 110 123 113 191
  150 118 134 182 128 136 114 175 166 143 194 146 158 198 197 138 188 107
  160 166 165 164 149 189 177 110 116 191 149 184 111 196 106 147 173 141
  123 121 153 102 110 162 116 185 151 163 167 136 115 159 111 110 122 197
  101 117 116 139 165 198 167 141 185 155 161 178 100 182 160 130 182 178
  109 122 120 167 101 186 104 193 116 164 164 107 173 182 140 168 146 191
  173 112 184 168 193 103 186 171 153 164 143 169 106 123 171 159 184 178
  148 137 106 160 185 111 101 103 195 137 152 170 168 166 125 117 190 108
  198 135 144 157 191 159 193 136 100 122 104 135 173 146 145 143 182 196
  102 108 136 122 177 171 112 151 194 113 111 122 169 167 187 152 144 120
  156 158 153 197 186 106 107 195 101 176 120 193 108 125 150 147 131 168
  184 145 123 159 174 103 142 142 134 116 142 108 121 139 189 185 141 177
  111 117 171 140 127 110 120 164 198 111 191 173 132 185 130 197 187 100
  138 108 132 127 170 130 157 163 152 115 177 112 162 153 190 152 182 103
  152 122 150 103 190 137 147 179 179 103 123 137 170 122 190 125 162 129
  139 152 196 183 118 138 145 173 168 165 119 190 182 146 183]
 [  0 103 173 133 137 101 117 186 175 119 171 138 109 189 156 133 136 194
  138 121 105 158 114 173 106 184 188 199 153 147 110 196 141 143 135 183
  164 152 171 160 129 112 131 133 158 159 132 123 192 128 196 190 114 147
  190 163 125 163 155 184 107 107 102 124 150 150 148 107 174 145 138 163
  134 125 164 159 169 179 169 113 109 114 117 121 117 165 127 104 178 152
  122 181 164 146 128 159 118 110 115 162 152 186 148 108 196 132 101 191
  134 159 101 199 147 126 199 144 161 102 127 157 122 127 110 194 184 183
  106 149 113 115 145 180 116 114 188 190 198 110 109 105 160 118 148 146
  171 155 110 108 131 164 117 134 186 192 127 102 131 179 182 114 184 133
  174 140 105 186 152 148 107 194 163 159 118 173 101 148 180 109 159 136
  150 178 118 199 100 112 167 196 101 145 164 110 127 128 173 135 109 195
  149 178 141 163 154 101 129 182 128 103 189 183 176 189 198 190 181 173
  138 104 131 107 154 192 119 119 179 109 161 124 155 162 108 128 102 198
  150 199 198 165 190 196 171 169 169 156 132 116 165 139 131 141 132 196
  129 111 191 163 141 171 108 125 140 165 152 181 183 183 146 185 145 194
  182 141 177 122 184 189 177 188 141 196 117 125 142 183 196 125 105 146
  133 115 183 115 136 154 148 157 153 128 100 110 156 130 160 171 116 179
  114 198 169 135 179 102 121 167 192 104 176 133 194 161 138]
 [  0 162 124 142 190 148 146 140 142 110 186 147 132 127 141 146 132 164
  158 162 157 142 193 187 121 177 107 132 145 198 109 175 141 141 186 150
  150 194 118 141 118 104 100 114 154 116 199 183 147 174 116 146 190 198
  113 106 176 191 158 169 146 105 163 117 156 136 155 154 133 175 154 158
  144 156 114 179 137 178 183 166 135 180 131 186 168 147 130 100 143 120
  148 130 120 133 149 152 163 190 159 189 134 192 132 189 109 100 109 134
  152 150 124 146 183 181 136 111 143 127 147 112 169 119 186 186 143 120
  102 108 181 115 111 158 184 120 180 152 114 106 131 110 149 123 177 191
  184 110 161 134 124 110 123 112 109 182 131 166 171 166 131 180 130 161
  108 183 187 118 149 185 132 152 164 197 105 105 121 169 108 187 198 103
  168 193 110 196 146 106 171 160 118 114 119 155 115 122 105 149 175 170
  155 159 170 151 181 149 127 118 176 113 161 178 164 166 197 191 184 156
  117 149 105 105 110 191 182 181 127 176 136 177 121 198 159 170 158 193
  109 131 126 157 193 158 141 108 158 164 154 139 151 193 155 166 176 102
  101 177 173 110 100 122 119 169 179 176 196 181 170 196 143 162 128 186
  192 119 158 196 151 168 196 170 132 165 155 191 116 121 188 188 106 184
  173 177 158 132 131 106 154 131 164 186 198 116 114 157 150 118 173 183
  152 149 113 162 137 100 160 104 185 167 139 149 149 174 170]
 [  0 120 131 196 145 175 182 127 116 139 153 139 119 173 179 121 149 163
  161 163 105 135 125 120 196 130 182 165 175 106 179 107 152 119 194 121
  164 145 170 105 134 120 103 101 101 161 110 174 137 120 132 103 199 177
  111 173 134 176 176 105 191 176 105 196 116 187 150 166 100 173 148 106
  173 107 187 118 153 193 152 125 183 119 149 192 135 177 153 166 110 170
  155 113 181 161 193 119 159 105 195 112 111 144 130 183 103 128 154 136
  124 134 132 160 198 191 174 135 175 143 166 129 131 182 177 111 192 133
  187 132 194 118 112 134 136 173 179 119 164 123 199 150 177 128 139 151
  113 188 155 181 162 113 150 180 101 188 171 151 187 130 108 136 129 182
  187 143 157 163 104 102 153 143 175 142 144 160 140 191 197 130 139 124
  164 194 130 154 115 186 149 190 145 127 142 153 122 120 165 150 116 150
  132 151 129 125 154 153 125 106 185 136 165 138 112 152 116 180 152 194
  181 155 102 163 112 185 146 144 136 108 102 102 142 155 185 162 142 158
  118 163 196 188 152 115 167 116 140 130 163 171 160 148 139 101 141 188
  139 152 182 111 194 168 158 105 163 173 170 140 194 109 156 172 115 176
  186 104 178 176 139 152 128 144 163 166 187 137 121 178 194 199 199 197
  148 122 109 187 173 151 181 112 125 133 186 175 146 182 162 158 102 179
  178 135 159 123 115 129 155 180 147 170 188 169 128 186 151]
 [  0 114 105 151 163 102 167 115 135 199 187 134 162 193 156 127 156 147
  115 192 132 165 180 103 158 156 175 189 141 151 167 108 143 138 117 148
  178 150 154 101 155 120 117 161 195 119 164 183 131 113 157 130 154 175
  123 102 112 132 193 191 160 142 122 111 125 130 104 155 187 187 181 173
  155 170 181 145 180 104 112 194 147 137 100 156 151 193 132 191 141 101
  187 166 147 147 155 199 123 153 114 112 156 106 122 145 140 129 103 110
  199 165 171 108 127 199 155 100 184 162 181 135 122 195 176 178 194 196
  185 191 159 111 181 172 100 145 198 162 155 132 176 178 161 126 199 195
  129 181 134 146 140 199 144 115 146 142 123 110 141 132 181 149 174 131
  114 109 198 134 156 187 138 119 144 198 119 176 180 105 197 157 156 182
  187 191 128 134 188 102 147 172 125 176 165 134 109 143 106 152 189 132
  136 166 154 140 138 186 117 193 109 184 103 113 164 161 161 163 155 168
  128 123 191 156 163 156 112 156 170 149 184 143 179 120 183 184 105 182
  189 148 128 159 118 159 123 185 158 116 194 147 140 140 188 138 121 133
  164 139 116 140 107 161 105 158 113 150 166 144 114 185 199 108 190 144
  199 112 194 101 199 158 100 156 109 183 155 102 168 190 147 116 162 119
  115 140 138 125 182 169 142 172 135 181 154 143 145 111 172 110 185 114
  191 154 127 143 134 176 199 184 161 169 147 145 130 133 144]
 [  0 162 197 104 173 133 189 158 193 157 145 106 170 128 176 135 100 173
  149 193 108 160 147 108 153 111 130 169 164 165 154 143 117 113 185 119
  111 117 159 175 106 161 106 177 112 170 180 161 174 107 118 141 118 173
  136 132 111 138 137 174 184 177 148 150 101 161 144 113 185 162 169 117
  141 176 129 175 172 168 153 155 154 197 154 140 194 115 162 180 143 153
  150 126 115 197 101 135 127 102 152 171 171 156 135 192 172 185 174 145
  124 123 103 180 176 193 131 180 112 162 153 174 111 140 193 137 198 167
  148 197 139 106 115 123 159 110 102 183 180 147 166 139 184 188 189 139
  121 145 170 105 139 132 123 160 149 151 122 138 156 141 185 132 195 166
  142 113 125 174 149 117 121 136 146 198 131 151 100 179 136 156 126 133
  165 105 145 179 148 189 108 152 159 150 156 166 156 162 193 154 137 130
  190 143 146 176 117 149 150 118 117 144 132 168 169 190 127 109 142 149
  158 163 107 174 180 115 195 104 195 109 136 118 163 165 137 130 175 158
  187 141 137 127 162 136 152 122 115 118 160 124 118 102 199 143 131 142
  155 102 133 180 192 172 187 133 158 102 182 100 118 149 132 183 181 180
  123 186 157 176 117 125 139 147 178 141 121 118 199 172 163 183 129 167
  125 116 112 136 182 194 146 176 199 168 100 125 154 152 159 141 185 161
  109 182 171 173 172 100 161 199 138 118 140 162 131 160 136]]
 job2fam
 [[1 0 0 0 0 0 0 0 0 0 0 0 0 0 0 0 0 0 0 0 0 0 0 0 0 0 0 0 0 0 0 0 0 0 0 0
  0 0 0 0 0 0 0 0 0 0 0 0 0 0 0 0 0 0 0 0 0 0 0 0 0 0 0 0 0 0 0 0 0 0 0 0
  0 0 0 0 0 0 0 0 0 0 0 0 0 0 0 0 0 0 0 0 0 0 0 0 0 0 0 0 0 0 0 0 0 0 0 0
  0 0 0 0 0 0 0 0 0 0 0 0 0 0 0 0 0 0 0 0 0 0 0 0 0 0 0 0 0 0 0 0 0 0 0 0
  0 0 0 0 0 0 0 0 0 0 0 0 0 0 0 0 0 0 0 0 0 0 0 0 0 0 0 0 0 0 0 0 0 0 0 0
  0 0 0 0 0 0 0 0 0 0 0 0 0 0 0 0 0 0 0 0 0 0 0 0 0 0 0 0 0 0 0 0 0 0 0 0
  0 0 0 0 0 0 0 0 0 0 0 0 0 0 0 0 0 0 0 0 0 0 0 0 0 0 0 0 0 0 0 0 0 0 0 0
  0 0 0 0 0 0 0 0 0 0 0 0 0 0 0 0 0 0 0 0 0 0 0 0 0 0 0 0 0 0 0 0 0 0 0 0
  0 0 0 0 0 0 0 0 0 0 0 0 0 0 0 0 0 0 0 0 0 0 0 0 0 0 0 0 0 0 0 0 0]
 [0 0 0 1 0 0 0 0 0 1 1 0 0 1 1 0 1 1 1 0 0 0 0 0 0 1 0 0 0 0 0 0 0 0 1 1
  0 1 0 0 0 1 1 0 0 0 0 0 0 0 0 0 0 0 0 0 0 0 0 0 0 0 0 0 0 0 1 0 0 0 0 1
  0 0 0 1 0 0 0 0 1 0 1 1 0 0 0 0 0 0 1 1 1 0 0 0 0 0 1 0 0 1 0 0 0 0 0 1
  0 0 0 0 0 1 0 0 0 1 0 0 0 0 1 0 0 0 1 0 1 0 0 0 0 1 0 0 0 0 0 1 0 1 1 0
  0 0 0 0 0 0 0 0 0 0 0 1 0 0 0 0 0 0 0 1 0 0 0 1 0 1 0 0 0 0 0 0 0 1 0 0
  1 0 0 0 0 0 1 1 1 0 1 0 1 0 0 0 1 0 0 0 0 0 0 0 0 0 0 1 0 0 0 0 0 0 0 0
  1 0 0 1 1 0 0 0 0 1 0 1 0 0 0 0 0 0 1 0 1 0 0 0 0 0 0 0 0 0 0 0 0 0 0 0
  1 0 1 0 1 0 0 0 0 0 0 1 1 0 0 0 0 0 0 1 1 0 1 0 0 0 0 0 0 0 0 0 0 0 0 0
  1 0 0 0 1 0 0 0 0 0 0 0 0 0 1 0 1 0 0 0 0 0 1 0 0 0 0 1 0 0 1 0 0]
 [0 0 0 0 0 1 1 0 0 0 0 0 0 0 0 0 0 0 0 0 0 1 0 1 0 0 0 0 0 1 1 0 0 0 0 0
  0 0 0 0 0 0 0 0 1 1 0 1 1 1 0 1 0 0 0 0 0 1 0 0 0 0 1 0 1 0 0 0 0 0 1 0
  0 0 1 0 0 0 0 0 0 0 0 0 0 0 0 0 0 0 0 0 0 0 0 0 0 0 0 0 0 0 0 0 0 0 0 0
  0 0 0 1 0 0 1 0 0 0 1 0 1 0 0 1 0 1 0 1 0 0 1 0 0 0 0 0 1 0 0 0 0 0 0 0
  1 1 0 1 1 0 0 0 0 1 0 0 0 0 0 0 1 1 0 0 0 0 0 0 0 0 0 0 0 1 0 0 0 0 0 0
  0 0 0 0 0 0 0 0 0 0 0 0 0 0 0 0 0 1 0 0 0 0 0 0 1 0 1 0 0 1 0 1 0 0 0 0
  0 0 1 0 0 0 1 0 0 0 0 0 1 0 0 0 0 0 0 1 0 1 0 0 1 0 0 0 1 0 1 0 0 0 0 0
  0 0 0 0 0 0 0 0 1 0 0 0 0 0 0 0 0 1 0 0 0 1 0 0 0 0 0 0 0 0 0 0 0 0 0 1
  0 0 1 0 0 0 1 0 0 0 0 0 0 0 0 1 0 0 0 0 1 0 0 1 0 0 0 0 0 1 0 0 0]
 [0 0 1 0 0 0 0 0 0 0 0 1 1 0 0 0 0 0 0 1 0 0 0 0 0 0 1 1 1 0 0 0 1 0 0 0
  1 0 0 1 1 0 0 0 0 0 1 0 0 0 1 0 0 0 0 0 0 0 0 0 0 1 0 0 0 1 0 0 1 0 0 0
  1 0 0 0 1 0 0 0 0 1 0 0 0 1 1 0 0 0 0 0 0 0 1 0 1 1 0 1 1 0 0 1 0 0 0 0
  0 0 1 0 0 0 0 1 0 0 0 1 0 1 0 0 0 0 0 0 0 1 0 0 0 0 0 1 0 0 0 0 1 0 0 0
  0 0 0 0 0 1 1 1 0 0 0 0 1 0 1 0 0 0 1 0 0 0 1 0 0 0 1 0 0 0 1 0 1 0 1 0
  0 0 0 0 0 0 0 0 0 1 0 1 0 0 1 1 0 0 0 0 0 0 0 1 0 1 0 0 0 0 1 0 0 0 0 0
  0 0 0 0 0 1 0 0 0 0 1 0 0 0 0 1 0 1 0 0 0 0 0 0 0 0 0 0 0 0 0 0 0 0 0 0
  0 0 0 1 0 1 1 0 0 0 0 0 0 0 1 0 1 0 0 0 0 0 0 1 0 1 0 0 1 0 0 1 1 1 0 0
  0 0 0 1 0 0 0 0 0 1 0 0 1 0 0 0 0 1 0 0 0 1 0 0 0 1 0 0 1 0 0 1 1]
 [0 1 0 0 0 0 0 1 1 0 0 0 0 0 0 0 0 0 0 0 0 0 1 0 0 0 0 0 0 0 0 0 0 1 0 0
  0 0 0 0 0 0 0 0 0 0 0 0 0 0 0 0 0 0 0 1 0 0 1 0 1 0 0 0 0 0 0 1 0 0 0 0
  0 1 0 0 0 1 1 1 0 0 0 0 1 0 0 0 0 0 0 0 0 1 0 0 0 0 0 0 0 0 0 0 1 1 0 0
  1 0 0 0 1 0 0 0 1 0 0 0 0 0 0 0 1 0 0 0 0 0 0 1 0 0 1 0 0 0 1 0 0 0 0 1
  0 0 0 0 0 0 0 0 0 0 1 0 0 1 0 0 0 0 0 0 1 0 0 0 1 0 0 1 0 0 0 1 0 0 0 0
  0 1 0 0 1 0 0 0 0 0 0 0 0 0 0 0 0 0 1 0 1 0 0 0 0 0 0 0 1 0 0 0 1 1 0 0
  0 0 0 0 0 0 0 0 1 0 0 0 0 0 1 0 1 0 0 0 0 0 1 1 0 0 1 1 0 0 0 0 1 1 1 1
  0 0 0 0 0 0 0 0 0 1 0 0 0 0 0 1 0 0 1 0 0 0 0 0 0 0 0 1 0 0 1 0 0 0 0 0
  0 0 0 0 0 1 0 1 1 0 0 1 0 1 0 0 0 0 1 1 0 0 0 0 1 0 0 0 0 0 0 0 0]
 [0 0 0 0 1 0 0 0 0 0 0 0 0 0 0 1 0 0 0 0 1 0 0 0 1 0 0 0 0 0 0 1 0 0 0 0
  0 0 1 0 0 0 0 1 0 0 0 0 0 0 0 0 1 1 1 0 1 0 0 1 0 0 0 1 0 0 0 0 0 1 0 0
  0 0 0 0 0 0 0 0 0 0 0 0 0 0 0 1 1 1 0 0 0 0 0 1 0 0 0 0 0 0 1 0 0 0 1 0
  0 1 0 0 0 0 0 0 0 0 0 0 0 0 0 0 0 0 0 0 0 0 0 0 1 0 0 0 0 1 0 0 0 0 0 0
  0 0 1 0 0 0 0 0 1 0 0 0 0 0 0 1 0 0 0 0 0 1 0 0 0 0 0 0 1 0 0 0 0 0 0 1
  0 0 1 1 0 1 0 0 0 0 0 0 0 1 0 0 0 0 0 1 0 1 1 0 0 0 0 0 0 0 0 0 0 0 1 1
  0 1 0 0 0 0 0 1 0 0 0 0 0 1 0 0 0 0 0 0 0 0 0 0 0 1 0 0 0 1 0 1 0 0 0 0
  0 1 0 0 0 0 0 1 0 0 1 0 0 1 0 0 0 0 0 0 0 0 0 0 1 0 1 0 0 1 0 0 0 0 1 0
  0 1 0 0 0 0 0 0 0 0 1 0 0 0 0 0 0 0 0 0 0 0 0 0 0 0 1 0 0 0 0 0 0]]
