params：
 weight-->(1, 10)
 proc_times-->(1, 100)
 setup_times-->(30, 60)
 delivery_times-->(1, 100)
 job_rate-->16

start:
alpha_1
16
 alpha_2
1.0
 mach
20
 job
320
 fam
5
 weigh
 [[0 5 4 6 2 1 5 3 9 2 3 4 9 6 1 5 4 7 6 2 9 1 1 7 1 8 3 1 5 6 1 9 9 1 3 4
  1 6 3 6 2 8 1 1 2 7 6 9 9 9 9 1 1 8 6 5 9 6 8 1 9 7 9 6 8 3 8 9 6 6 8 8
  2 4 8 2 6 5 6 9 7 5 5 2 7 8 5 5 4 4 1 3 3 1 8 6 4 6 7 8 7 9 3 4 3 8 2 6
  6 5 4 4 3 4 4 1 4 2 1 8 2 4 1 7 6 4 9 2 3 6 7 3 3 2 9 2 4 5 6 5 6 2 5 9
  4 7 5 5 4 3 6 1 3 8 7 9 8 1 4 4 6 6 2 1 1 3 4 7 9 7 7 9 2 9 4 1 4 7 8 2
  8 3 5 1 8 5 9 9 8 3 7 1 4 2 5 9 6 3 3 8 9 3 4 7 5 4 2 7 9 8 8 4 7 9 2 6
  7 6 5 4 6 9 6 5 3 4 6 1 5 2 4 9 3 5 1 9 9 5 1 3 7 3 9 4 4 2 1 3 5 1 1 1
  8 5 4 3 9 3 8 1 2 1 5 2 9 3 8 3 7 6 8 4 1 8 9 5 7 2 4 8 8 1 3 5 1 1 2 2
  4 7 6 6 7 2 6 1 2 8 2 5 6 6 7 6 9 1 9 3 1 6 4 3 9 7 2 5 6 4 1 1 4]]
 proc_times
 [[  0  90  42   2  44  38  43  62  64  20  93  14  18  78  51  85  32  30
   29  56  18  15  29  90  86  78  61  99  11   1  77  36  69  83  39  29
   59  61  83  59  45  71  63  28  56   8  49  72  67  45  50  41  74  50
   73  18  75  12  60   6  94   4  73  51  67  73  52  52  86  43  66   4
   84  20  32  17  86  82  49  43  53  26  11  41  42  18  24  78  14  68
   54   8  30  90   1  26  29  76  17  67  92  93  33  80  84  11   4  18
    2  24  73  23  25  14  91  68  94  12  41  74  65  90  93   8  82  97
   82  53  25  71  89  59  91  49  28  74  52  47  93  69  57  63  31  94
    1  18  68  23  61  90  32   9  30  44  90  25  23  51  25  33  48  94
   35  28  84  61   7  79  21  49  35  77  19   9  19  91  47  91  84  66
   88   9  99  66  71   9  67  40  99   9  65  55  11  24  93  29 100  14
   22  65  33  82  72  81   6 100  56  24  92  63  94  10  40  66  66  22
   21  53  93  16  49   4  93  69  79  44  96   1  80  98  52  80  41  57
   62  79  92  51  54  55  30  88  58  42  46  89  91  79  96  71  65  91
   43  30  69   3  26  52  40  46   6  33  19  31   8  76  37  38  20  63
    5  84  41  97  25  45  31  63  96  39  81  33  64   6  80  57  87  87
   20  51  26  84  79  75  98  17   3  72  12  17  81   5   1  30   6   8
   59  32  10  58  71  28  44  26  74  61   6  58  85  35  99]
 [  0  26  96  62  24  12   6  95  26  21  98  62  13  44  42 100  76  54
   51  94  97  19  83  86  59  47  99  83  78  92  87  36  22  23  23  68
   33   5  17  32  68  57  81  86  94  73  64  61  81  79  40  69  79  28
   29  70  91  12  50   7  87  88   3  50  81  79  37  38  33  66  50  96
   84  10  32  90  43  15  41  52  69  40  42  37  75  91   9  16  64   8
   48  27  90  94  37  19  90  43   1 100  90  26  59  45  99  74  97  18
   36  67  46  34  95  69  56  40  72  68   6  18  70   2  91  62  34  16
   15  95  91  38  26  25  98  76  49  90  44   3  44  97   8  32  90  98
   45  32  63  45  42  66  17  69  16  92  52  37  83   9  88  90  10  74
   60  45  99  49   7  23   2  67  52  13  78  68  54  95  44  92  66  71
   50  43  35  82  36  22  19   5  51  90  11  81  94   2  16  43   2  73
   21  73  34  51  49  69  54   7  65  41   8  50  66  20   5  34  12   1
   33  50  70  28  15   1  43  28  43  89  27  45  94  83  73  90  57  96
   70  86  38  43  18  46  91  62  23  67   6  90  11  21  45  30  54  57
   85  64   9  42  95  87  29  53  39  60  43  79  63  32  95  90   9   9
   42  87  33  60   3  99  24  97  16  44  70  50  31  90  53  98  75  90
   61  58  82  16  98  27   6  63  19  68  51  62  73  59  65  81  73  69
   22  62  84  57   7  88  56  94  48  46  96   6  59  44  27]
 [  0  91  82  25  12  46  25  80  62  17  23  92  11  97  52  40  94 100
   66  42  51  64  92  27  36  50   5  34  84   7  29   7  46  47  77  37
   79  23  57  95  89  61  17  42  76  11  54  88  29  20  98  97  44   8
   55   8  79  72  18  87  68  24  25  53  43  22  82  78  39  45  32  33
   88  11  58  76  82  73  94  27   8  11  35  25  86  71  68  60  22  71
   55  44  51  99  11  15  92  98  79  64  84  58  85  48  62  46  35  19
   20  71  59  30  34  84  83  44  27  34  33  21  98  86  18  85   9  98
   93  17  29  42  97  23  14  83  58   4   1  55  97  11   8   2  40  49
   27  56  83  73  24  32  62  96   6  95 100  75  91  55  11  62  97  86
   91  19  14  69  19  48  27  23  40  95  51  72  15  59  49 100  92  60
   87  69  91  50  11  73  37  52   2   1  51  34  34   2  69  11  78  92
   48   6  69  63  92  57  93  68  30  48  59  56  11   4  30  15  80  70
   49  93  11  98  36   3  93  95  78  95  89  34  29   3  76  96   2  97
   62  91  26  84  92  55  59  17  86  55  44  37  25   8   1  55   9  14
   52  32  31  15  32  93  40  32  49  24   9   2  55  54  97  28  79  76
   63  29  93  88  91   2  53  20  72  92  58  55  98  80  14  11  89  49
   19  36  90  93  94  63  64  34   9   3  42  69  92  19  56  76  83  59
    6  25  55  25  67  80  44  52  81  18   7  48  13  90  63]
 [  0  61  32  54  87  36  58  62  13  96  80  67  47  98  53  95  47  56
   43   8  45  56  86  47  40  69  86  90   6  88  77   6  16  21  43  62
   38  33   4   3   8  22  62   3  85  99  64  31  17  90  88  57  37 100
   40  37  27  19  88  34  62  37  81  39  43  70  75   9  71  43  79  66
   73  10  96  38  18  94  26  57  33  62  98  69  41  94  27  91  38  94
   64  56  63  13  13  48  41  90  37  61  11  24  81  75  53 100  71  32
   53  22  80  14  32  33  93   8   7  71  86  54   7   6  31  42  57  79
   92  56  76  16  85  74  36  15  83  31  67  28  85  12  29  28  48  60
   58  92  77  39  83  83   2  16  27  82   2  47  69  11  46  94  63  49
   78  11  86  61  24  17  27  85  50  63  51  97  74  96  26  28  73   3
   58  94  72  19  24  88  57  35  61  46  27  25  95  13  64  16  62  80
   32  93  92  33  82  76  37  54  63  48  51  90  46  70 100  96  74  47
   28  47  11  91  29  40  96  10   3  90  18  77  74  95  77  68  42  41
   25  68  47  32  74  47  25   9  19  85  32  10  47  23  18  10  61  88
   30  63  97  79   7  44  81  18  98   5  84  91   3  45  44  66  89  84
   25  47   8  64   8  95   4  76  90  98  30  65  11  51  15  23  18  33
   28  35  23  70  66  85  60  13  80  59  20  97  31  10   2  77  52  42
   23  63  33  41  55  55  20  24  87 100  49  70  31  55   7]
 [  0  73  97  76  11  61  37  22  89  76  10  21  83  13  72  40  34  94
   24  51  40  66  85  57  64  45  56  96  52   8  80  59 100  75  57  95
    8   9  50   8  43   2  97   1  62  25  12  46  29  77  46  35  40  58
   41  30   4  72  76   6  20   7  28  14  66  96  80  83  30  92  42  38
   73  80  26  75  30  46  69  59  26  75  97  56  79  98  74   8  64  43
   46  17  34  25  50  78  52  80  98  20  87  14  70  34  20  10  77  76
   36  94  80  94  74  39  82  81  58  25   3  22  99  22   6  64  87  66
   45   1  26  80   7   7  84  52  18  36  98  64  53  89  35  16  57  47
   74  46  55  63  57  16  35  40  99  18  35  33  21   1  98  23  17  46
   55  40  34  94  37  33  30  66  96  18  46  95  20  76  91  98  73  70
   90  60  50  45   5  28  71  83  22  95   8  46  22  58  90  66  51  91
   78   7   8  80  47  76  84  24  72  69  14  36  41  16  25  27  51  73
   79  38  19  98  92  62  52  57   2  89  81  63  55  71 100  57  83  15
   56  45  11  41  83  63  80  68  47  95  39  64   9   9   2  84   9  84
   43  82  51  67  90  52  81  52   8  55  81  72  14  92  98  80  13  32
   49  39  34  51  74  28  15  28  69 100  33  36  33  17  71  38  24  52
   70  27  39  78   9  38  72  11  69  36  92  12  96  50   5  20  30  56
   24  42  74  72  15  65  62  25  78  73  24  46  22  14  83]
 [  0  22  76  20  93  74  45  93  68  97  62  95   3  49  22   8  83  72
   14  61  14  81  38  82   5   1  46  56  81  27  48  30  35  94  96  61
   50  66  34  21  95  96  38  56  82  83  40  71  61  59   1  28  22  38
   51  21  68  37  12  83  41  85  53  28  96  71  69  63  98  91  96  38
   44  17  57  13  23  70  51  30  99   7  56  98  20  34  27  83   1  15
   25  14  85  74  94  33   7  37  87  71  51 100  72  33  42  14   8  66
   77  14  98   1  68  61  56   9  20  33  11  30  34  70  61  96  29  16
   80  92  39   8  25  16  57  15  83  22  77  10  74  34  67  70   5  35
   15  20  35  90  93  65  61  53  58  25  79  95  68   2  25  38  57  64
   47  15  76  85  21  27  39  16   6  14  78   4  74  59  44  28  16  39
   53  30   6  89  92  48  89   4  27   4  65  87  86  83  41  48  37  66
   93  65  38  38  23  67  96  58  22  67  32  61  32  16  19  15  26   4
   67  32  95  56  73  56  72  43  95  79  49  31  50  17  63  87   6  44
   56  73  27  19  44  62  55  24  73  69  45  69  30  51  67  97  71  98
   38  34  88  15  96  57   6  42  72 100   6  39  38  26  12  57  93  87
   91  45   7  94   2  23  59  31  39  88  96  54  79   8  10  24  23  98
   23  54  80   2  48  14  75  36  64  81  87  57  64  65  46  93  44  32
   89  86   8  10  27  83  17  19  58  48  76  58  48  54  59]
 [  0  93  17   4  67  50  16   4  75  81  47  39  25   4  91  28   4  38
   81  11  72  88  52  38  95  26  62  27  25  74  27  98  28  85  42  58
   11  65  97   1  14  44  87  32  54  65  52  89  68  56  28  16  16  18
   69  79  94  98  49  88  82  45  49  88  35  14  93  27  74 100   2  40
   20  51   8  82  80  71  46  31  35  77  92  98  42 100  53  31  14  16
   45  43  38  49  52  13  24   2  53  58  67  10  37  99  87  42  74  73
   46  22  60  82  32  97  30  46  96  66  37  27  69  72  57  10  25  64
   52  58   2  53  33  42  38  29   7  87  78  59  56  84  65  85  70  90
   49  52  38  84  68  27  79  64  56  13  29  55  68  31  84  47  49  81
   29  62  28  79   4  39  35  69  54  73  71  39  39  66  76  57  44  41
   29  86  97  41  42  34  31  31  74  39  57 100  56  69   3  73  77  60
    3   2  44  35  33  25  59  58  19  96  88  10  82  83  85   4  78  93
   38  87  77  51  98  97  37  66  46  93  41  58  17  89  39  29  21  34
   30  75  55  28   9  18   3  73  23  17  15  32  83  31  73  92  69   1
   79  44  11  52  42  63  29  10   2  66   3  83  43  21  64  84  63  60
   38  16  67  79  22  72   7   6  26  59  35  89  41   5   9  95  41  57
   27  37  89  54  89  96   6  74  33   7  22  97   5  88  93  73  44  30
   96  35 100  84  65  34  38  88  26  94  37  16   1  38  25]
 [  0  76  97  67   9  36  76  41  14  55  69  18  14  18   2  36  43  24
   59  44  93  79  50  78  50  24  48  71   2  52  79  42  46  66   4  21
   33  57  56  89  91  85   9  93  41  58  47  92  62  12  72  39  93  76
   36  95  67  74   7  55   5  36   4  81  12  72  95  64  29  20  80  82
   24  42  95  21  89  16  66  55  66  86  95  52  61  56  28  20  44   8
   65  70   9  14  39  40  72   2  10  94  70  56  47  46  44  33  16  68
   67  97  97  15  90  46  24   5  34  38  86  25  32  38  21   7  64  49
   10  57   2  36  56  91  12   8  13  64  80  45  23  46  77  96  37  54
   53  30  84  44  28  89  80  49  73  76  30  33  89  32  73   8  35  84
   78  34  65  69  53  69  18  40  58  85  80   7  37  77  17   6  25  53
   97  86  42  98  33  40  38  73  94  77  36  25   3  14  86  75  69  57
   92  10  80  33  81  63  29  10   1  10  88  49  86  14  20  62   2   9
   89  49  74  52  66  75  92  14  55  64  93  70  39  97  49  41  56   2
   31  96  95   9  76 100  55  47  74  47  40  27  95  50  95   7  93  57
   54  50  28  81  55  72  34  22  64  96   3  45  92  46  92  67  73  40
   90  60   1  88  74  50  18  49  18  83  80  29  23  25  36  14  96  59
   24  84  19  64  43  71  90  12  21  12  79   3  47  12 100  52  70  79
   72  13  16  24  12  80  92  87  68  56  45  41 100  46  22]
 [  0  84  23  54   8  86  41  63  67   6  94  17  38  60  33  36  37  66
   35  93  32  24  12  98  48  91  45  73  83  84  53  59  28  44  71  60
   70  58  69  75  33  28  50  65  89  35  68  99  45  73  90   4  48  35
   58  24  38  30  44   8  71  55  10  15  17  82  16  16  40  44  63  99
   24  95  47   2  72  17  41  50  78  40  29  26  71   3  69  86  49   6
   93  84  96  27  42  55  36  16  39  65  78   7  41  14  46  76  28   2
   45  24  78  20  76  77  89  56  69  14   4  76   6  40  39  22  32   1
    3  60  18  63  12  60  29  32  62  12  35  60  66  69  90  72  66  72
   73  90  93  42  31  87  81  33   2  42  48  54  66  54  43  69  66  22
   80  86  10  33  65  65  28  38  57  41  80  95  89  42  81  10  32  64
   54  37  60  88  65  80  15  87  96  76  43   9  36  50  71  73   5  32
   34  69  63  86  54  82  78  38  38  82  55  85  65  53  47  26  60  31
   82  45  46  97  87  46  75  23  71  65  88   6  63  89  96  57  51  15
   89  26  21  67  44  28  64 100  27  97  89  88   4  47  51  71  38  31
   49  97   4  50  36  96  74  51  53  32  63  62  39  42  11  62  67  29
   23 100  94  53  84  47  77  61  86  45  84   8  57  14  60  98  18  76
   50  74  31  55   3   2  73  26  26 100  17  77  71  70  20   1  78  21
   71  37  38  35  69   3  58  15  79   8  21  61  93  67  26]
 [  0  80  74  80  26  20 100  84  30  76  85   2  50  78  30   4  84  13
    5  83  29  42  26  45  97   4  13  30   1  43  21  87   8  43  70  54
   40  60  65  69   7  74  57  22  14  62  43   5  29  42  52  74  31  61
   20  53  15  37  75  36  31  30  91  32  42  63  59  57   8  27  73  41
   74  65  35  39  34  31  33  99  98  81  42  88  92  57  79  36   2  90
   48  27  61  47   7  21  19  64  73  74  61  35   1  51  80   3  21  40
   12  18  31  26   5   5  50  85  36  73  19  85  36  76  26   4 100  97
   87  96  21  40  67  67 100  98  55  72  52  34  62  60  49  22  61  47
   75  49  22  32  17  87  58  89  78  70   1  77  27   2   1  74   2  64
   10 100  46  12  72  69  96  46  48   6  45  62   5  70  42  65  38  88
   49  87  79  62  91  72  73  89  83  44  74  75  25  62  37  13  53  43
   15  37  87  71  63  23  16  57  14  50  39  92  88  84  57   1  46  78
   66  47  89  85  53  39  99  73  86  83  65  31  78  73  36  50  32  99
   24   9  26  23   6  38  15  92  29  70  23  33  68  42  23  84  52  30
   64  37  14  25  73  48  10  80  62  92  23  40  24  26  11  64  66  32
   27  37  42  65  48  91  74  76  64   3  55  54  91   7  47  21  93  52
   13  14   2  33  23  56  69  59  33  43   4  68  46  13  92  73  16  75
   23  39   4  50  79   4  64  30  91  11  77  39  93  55  52]
 [  0   4  21  82  86  30  37  18  54  93  46  53  57  57  82  19  29  56
   31  13  41  76  91  14  56  68  47  76  19  44  56   1  88  76  96  63
   22  49  74  61  94  16   5  52  75  96  62  48  49  81  61  52  19 100
   80  58  95  87  78  42  97  64  13  14  44  34  37   9   4  17  88  96
   90  47  49  48  53  51  22  73  35  87  14  35  43  94   3  56  98 100
    9  61  19  37  70  40  49  57  26  61  38  45  95  34  60  31  71  91
   33  68  41  14  15  95  62  81  27  27  16  90  10  20  81  27  85  86
    9   9  51  66  42  24  27  14  55  53  38  19  82  41   8  52   7  89
   34  47  32  99  57  31  55  57   9  29  67  14  31  76  96  61  59  21
   70  66  42  26  62  96  21  30  37  56  49  91  59  58  92  70  29  50
    3  87  19  46  40  54  77  61  86   5  39  51  43  83  77  71  50  89
   34  98  81  58  28  55  46  56  77  79  69 100  13  21  10  21  60  74
   15  59  74  59  37  14   3  84  78  29  17  16  18  96  99  63  87   3
   88  81  78  80  73  32  66  46  25  20  21  91  81  91  14  23  66  17
   41  47  83  94  92  55  47  24  38  54  13  35  52  39  20  51   1  55
   38 100  54  59  39  51  44  85  37  40  76  16  80   9   6  77  37  21
   63  96  46  85  22  87   1  65  93  12  92  69  38  49  98  18  25  75
   92  83  16  49  63  63  24   2  92  94  15  14  84  32  71]
 [  0  33  68  76  80  39  23  13  81  33  72  18  46  47  51  63  53  43
   52  61  27  19  44  45  36  56  50  12   7  35  49  85  41  31  81  60
   59  21  98  44  76  94  17  68  48  32  33   2  50  96  20  99  15  97
   14  34  65  61  28  34  77  80  18  29  24  78  56  10   9  66  74  17
    1  66  99  31  49  80  98  52  89  19  21  78  58  19  28  47   1  93
   60  79  41  37  24  61  94  92  80  91  42  83  81  52  66  23  13  88
   26   1  82  57  82  77  25  15  61  49  57   8  45  79   2  95  31  76
   31  81  70  75  19  28  42  97  57  30  13  84  59  43  14  37  31  14
   91  54  69  61  72  71  60  64  35  81  62  81  56  92  43  29  11  72
   94  60  49  55  10  56  95   6  34  13  24  77  89  80  78   4  62  20
   94  11   4  66  26  59  54  91  38  80  41  84  11  90  66  68  75  21
   94  77  53  89  60  91  63  40  12   8  79   5  51  66  30  99  60  75
    7  51  60  92  30  72  61  79  65   5  71  91  74  92  64  91  37  76
   13  70  98  40  90  88   4  49  10  18  83  95  34  65  63  33  23  48
   57  78  25  72   1  78  89  76  70  39  41  66  97  92  74   8  71  72
   79  70  33  95  45  36  20  74  79  36  98  75  63  28  93  51  94   8
   48  55  64  58  25   1  72  32  61  49  55  76  41  78  15  75  62  30
   59  11  52  10  49  80   4  35  23   4 100  70  91  63  49]
 [  0  99  19  42  36  81  71  66  70  51  83  16  69  82  76  91   1  29
   95  91  16  53  82  11  77  27  25  85  62  50  24  20  25  20  70  87
   21  16  41  95  26  54   1   2  93  55  60   2  97  45  32  56  79  76
   70  69  80  86   9  55  29  22  76  40   8  14  94  13  28  16  79  19
   41  28  43  43  68  40  23   3  74  89  44  52  99  86  51   2  84  72
   23  78  17  62  91  77  37  26  17  22  39  29  43  77  87  45  19  70
   23  94  90 100  81  44  80  24  68  91  33   5  48  76  32  79  38   8
   21  25  83  88   7  44  76  86  74  60  21   1  70   5  99  93  37  90
   51  83  38  20  51  54  78   3  69  91  74   7  87  48  42  43  47  51
   94  65  17  90  84  83  36  29  82  83  20  43  57  99  43  72  57  11
  100  72   1  62  24  34  57  83  11  73  59  22  80  50  82  51  23  31
   74  81   2   2  49  83  93  61  48  55  78  25  97  26  31  11  24  14
   69  10  42  54  88  23  72   4  95  69   9  94  90  69  45  79  32  62
    1  10  98  38  79  59  78   3  61  31  28  39   8  93  14  47  87  87
   64  63  39  22   1  61  68  79  24  95  14  53  14  23  53  29  31  68
   91  24  76  68  78  26  24  23  97  11  83  78  78  86  31  69  53  92
   90  47  57  33   3  45  82  56  51  66  41  73  36  93  19  76  29  29
   63  33  66  14  56  47  20  26  19  77  15  45  78  92  84]
 [  0  77  62   4  70  97  61  29  88   2  41  53   4  19  45  20   2  29
   87  11  51  96   5   4  83  18  11  98  60  98  27  51  75  24  41  11
   88  41  60  88  40  72  40   5  54  16  71  44  61  75  64  56  29  91
    1  55  40  51  87   6  72  62  61  13  98  75  26  88  61  19  27  68
   56  78  30  44  64  32  91  28  72  48  58  23  15  68  36   5  13  83
   85  21   3  69  62  54  55  81  18  65  50  96  16   8  95  47  66   9
   83  20  78  79  30  78  31  40  91  93  43  66  61  92  30  90  51  98
   35  22  74  55  52  80   9  54   6  86  80  91  63  70  93  53  54 100
    4   6  46  14  14  34  29  66  41  37  97  31  32  19  90  51  84  27
   22  58  56  13  10  58  60   4  74  92  58  34   6   6  42  66  99  11
   44  90  69  55  21  65  92  84  56  95  97  71  30  28  13  54  51  49
   37  69  51  80  43  43  86   2  69  97  14  84  90 100   2  78  28  90
   39  90  15  76  26  70  80  15  77  19  64   8  74  55  98  64  94  15
   62  91  44  75  40   8   4  71  32  81  85  73  21  15  63  44  45  63
   77  19  14  34  54  92  56  31  85  35   1  67  39  79  46  11  62  51
   25  97   9   6  68  34  63  18  14  47  33  43  19  44  37  43  18  68
   50  43  53  74  28  15  52  37  61  85  96  51  80  12  73   8  23  28
   97  39  53  63  59  32  94  52  29  66  31  19  44  49  76]
 [  0  35  16  55  79  57  70  86  42  88  71  48  22  15  89  84  94  42
   18  60  98  20  13  82  76  60  17  96  29  62   9  11  66  82  29  52
   80  31  34  95  65  75  18   6  60  24  48  41 100  46  55  66  90  69
   53  24   8  69  52  76  26  27  15  44  15  84  38  94  66  25  46  21
   86  16  96  22  87  72  49  86  35  86  64  29  90   2  87  70  21   6
   64  96   1   5   8  41  87  20  51  46  37  78  82  90   4  13  36  25
   11   6   8   4  22  96  48  75  45  72  69   6  31   5  99  16  17  17
   22   4  13  33  88  94   7   2  79  76  78  43  45  22  18   2   2   6
   74  90  61  85  90  73  66  27  45  33  10   1  55  44   1  59  21  67
   92  88  66  70  66  51   9   4  61  51  92  41  17  91  98  13  77  42
  100  99  42  54  79  60  73  97  49  20  75  33  19  80  18  34  10  49
   28  51  84  75  37  30   8  51   4  66  20  47  38  19  52  23  41  98
   93  28  47  30  24  87  42   2  98  67  93  89  38  44  59  22  54  59
   97   9  74  37  47  33  15  96  11  67  48  97  56  48  26  40  84  40
   78  65  66  93   8  88  21  18  40  90   1  68 100  73  47  24  60  52
    5  57  78  69  22  29  34   3  21  11  69  69  80  72  71   2  40  84
   17  95  80   6  46  99  43  77  65  97  69  26  33  35  21  26  33  75
   64  81  44  49  58  48  96  52   9  81  59  79   8  21  97]
 [  0  23   8  12  22   5   1  72  20   8 100  97  29  39  55  92  99  48
   78  93  60  36  21  53  29  23  83  85   8  45  32  79  92  94   4  64
   70  80  46  39  32  73  13  12  41  75  53  88  39  34  36  84  69   7
   81   2  24  51  21   2  24  13  40  34   3  33  69  19  43  19  66   5
   93  13  49  84  81  62  94  49  49  79   5  61  58  78  14  77 100  85
   69  62   3  33  82  12  94   1  52  53  85  56  59  70  47  65  62  57
   16  39  33  78  88  43  51  51  55  11  31  54  68   7  99  30  47  32
   32  14  29  51  39  19  96  39  14  72   6  80   2  33  17  59  55  70
   12  18  40  52  24   7  45  98  60  69  33  37  72  24  53  19  81  44
   47  36  33  29  91  39  39  51  55  61  33  21  67  21  16  79  50  51
   32  82  32  97  43  62  73  19  77  84  17  16   1 100  72  89  97  93
    2  12  98  59   8  33  46  79  84  33  36   2  93  60  16  13 100  10
   12  56  98  25  27 100  77  73  86  93  16   6  66  45  13  63  21  37
   62  87  55  68  44  32  40  18  81  42  88  82  60  96  36  16  89  73
    1  89  23  99  46  71  49  61  42  61  32  54  76  88  85  32  51  90
   40  35  12  37  36  45  15  46  43  12  93  42  31  60   1  38  35  59
   91  84  95   3  97  25  95  69 100  23  84  53  15  32  41  33  36  86
   16  64  79  17  61  57  93  92  54   8  76  28  86  47  66]
 [  0   3  93   8  41  31  77  37  18   4   6  45  29  78 100  38  24  89
   91  73  96  80  96  78  65  56  87  37  44  83  96  52  27  27   8   9
   93  75  65  66   9  53  51  99  32  26   9  23  56  97   4  72  78  43
   16  82  44  79   9  35  67   4  74  79  71  81  73  87  94   8  19  46
   55  58  76  68  19  81  77  81  14   4  39  44  15  13  81  71   1  41
   40  16  95  23  73  16  71  65  52  30  11  84  65  46  67  54  33  24
   19  84  27  83   6  73  38   2  53  18  31  70  12  64  55  57  70  89
   25  38  17  56  47  22  15  44  18  90  57  49  11   1  47  90  31  79
   99  10  40  12   2  11  20  56  41  27  63  19   2  55  62  58  88  29
   50  50  76  36  60  59  97  31  13   6  65  45  86  33  26  88   5  60
   59  18  15  53  36  62  30  21 100  17  35  44   4   6  91  14  82  94
   51  60   9   5   8  47  49  41  16  19  79  80  14  10  39  72  20  86
   71  95  91   8  55  54  15  42  31  28   3  83  90  16   8  48  17  14
   23   8  11  23  21  23  29  58  78  54  53  96  44  59  63  27  61  92
   32  51  26  73  14  78  47  55  42  75  34  49  33  31   2  97  91  44
   44  84  13  42  67  23  28  81  38  54  50  86  91  18  59  44  64  82
   90  53  42  34  14  51  64  59  38  51  87  80  88  24  13  43  41  29
    3  82  75  18  32  68  45  91  75  98  96  13  12  98  99]
 [  0  92  14  27  24  68  15  36  50  55  28  27  65  16  13  96  55  20
   87  10  66  93  79  94   2  42  87  85  58  20  82  94  32  73  22  11
   82  63  64  42  73  50  46  36  54  84  65  41  42  90  62  98  12  34
   58  41  22  78  71  25  24  32  59  96  51  19  58  13  73  74  93  26
   27  89  62  72  60  70  75  84  20  57   9  77 100  51  94  52  11   3
   91  53  95  70  64  48  48  48  75  54   5   2  32 100  99  29  78  77
   46   9  40  66  13  68  90  29   1  53  65  30  80   7  26  82  98  92
   80  14  58  79  22  89  16  67  10  85  43  62  93  26  42  70  13  87
   21  67  36   9   8  37  58  48  84  11  69  71  21  89  55  45  82  27
    7  36  49  47  17  97  16 100  10  96  77  97  16  74  16  62  87  72
   94  70  86  15  31  24  11  20  36  92  53   9  45  55  24  25   5  86
   72  63  17  96  73  26  85  40  92  96  20  87  13  21  50  30  44  27
   49  14  69  39  14  57  79  81  79  51  57  76  42  83  18   8  39  53
   49  75  88  89  97  69   1  97 100  18  28  85  62  88  45  74  97  32
   69  11  16  34  75  64   8  28  47  21  24  60   4  82  41  46  46  28
   46  60   6  22  15  48  60  52  26  54  80  62  14  72  96  37  93  79
   50  90  35  33  23   4  60  59  68  16  57   7  41  10  14  10  40  62
   30  99  68   3  52  27  12  30  47   4  34  30  25  46  62]
 [  0  89  30  32  52  86  84  40  80  21  71   8  53  64  94   8  70  76
   66  93  50  41   2  47  93  43  11  82  45  94  45  19  18  89  78  49
   59  61 100   3  38   3  59  92  68  44  50   6  26  99  30  18  82  67
   48  28  20  17  92  49  63  87  55  79  98  47  81   9  88  95  21  64
   60  58  28  92  78  79  37  56  46  88  52  43  10   2  65  39  73  13
   86  30  76  23  70  90  60 100  14  74  95  48  47  50  16  52  20  64
   47   4   8  29  99  41  41  78  21  99  80  46   6  16  39  39  36  91
   68  99  93  88   7  91  19  38  29  83  53  11  88   4  33  51  74  58
   96  38  36  24  85  90  30  30  65  14   9  84  33  33  42  63  43  35
   67   9   1  69  74  99  61  27  83  39  87   6  71  83  82  43  37  93
   36  11  69  62  13  62  24  14  88  42  40  11  40  81  58  97  51 100
   37  53  38  14  28  86   8  65  65  96  72  54  27  73  54  24  73  39
    5  26  43  56  38  12  41  48  25  21  22  60   3  86  37   7  17  48
   74  91  54  90  73  56  92  14   1  22  95   8  58  91  67  54  71  15
   83  16  60  45  86  66  45  77  75  66  56  28  51  83  34  90  99  61
   45  32   2  39  34  27   3   5  67  59  29  62  59  31  87  14  16  96
   33  98  40  49   6  62  94  58  58  93  34  72  97  84  60   3  16  11
   96  35  79   6  20  75  90  53  40  22  36   5  85  88  70]
 [  0  66  13  62  80  54  40  42  57  40  65  14  63  84  21  83  12   5
   90  77  32  42  65  85  12  81  71  46  40  92  82  90  86  42  37  26
   37  37  41  95  20  61   1  33  72  40  37  92  51  60  35  67  82  66
   58   4  90  79  77  28  84  10  67  14  93  77  39  86  48  96  23  12
   46  69  55  97   9  28  55  17  52  45   2  24  40  72  35   1  46  89
   22  85  15   6  13  84  71  95  44  67  79  13  90  46  64  89  29  29
   63  87  65  61  96  92  78  60  71  48  57  96  29  71   2  86  65   2
   52   6  54  80 100  93  85  94  30  33  67  63 100  98  60  11  72  89
    9  27  76  98   2  30  68  20  52  50  58  15  94  70  77  80  17  50
   29  36  68  50  80  82  12  74  38  64   5  17  13  20  51  46  64  67
   75  53   8  75  75  30  89  62  16  42  40   6  28  64  39  90   5  51
   91  13  97  34 100  37  88  23  94   4  61  72  75  42  26  37  66  55
    5   6  92  61  82   1  32  78  83  93  95  74  60  26  22  27  62  95
   88  51  21  52  13  49  50  98  19  85  45  68  72  21  75  97  16  84
   63  68   9  61  20  62  89  94  82   5  86  61  88  51  13  86   5  26
   10  90  39  69  99  31  17   5  12  41  38  53  90  90  83  37  44  21
   54  82  21  62  94  87  94  88  65  94  59  32  33  84  20  26  20  48
   98  80  81  73  72  30 100  17  64  62  63  91  85  82  93]]
 setup_times
 [[[ 0 36 52 31 47 34]
  [ 0  0 40 50 38 31]
  [ 0 45  0 35 42 43]
  [ 0 45 46  0 57 54]
  [ 0 50 37 58  0 48]
  [ 0 55 40 48 30  0]]

 [[ 0 39 51 48 30 39]
  [ 0  0 38 59 35 36]
  [ 0 34  0 56 42 55]
  [ 0 53 58  0 58 30]
  [ 0 56 36 51  0 59]
  [ 0 43 35 51 37  0]]

 [[ 0 36 58 32 45 37]
  [ 0  0 33 53 39 30]
  [ 0 31  0 46 49 35]
  [ 0 57 44  0 32 30]
  [ 0 42 46 48  0 42]
  [ 0 39 44 57 30  0]]

 [[ 0 40 36 47 37 50]
  [ 0  0 38 48 31 52]
  [ 0 30  0 54 44 53]
  [ 0 54 51  0 53 53]
  [ 0 55 31 33  0 30]
  [ 0 50 31 31 38  0]]

 [[ 0 39 58 37 56 40]
  [ 0  0 42 33 57 56]
  [ 0 43  0 50 40 47]
  [ 0 31 45  0 50 45]
  [ 0 52 47 53  0 40]
  [ 0 37 40 53 52  0]]

 [[ 0 50 54 58 36 49]
  [ 0  0 56 46 51 30]
  [ 0 45  0 48 32 58]
  [ 0 54 39  0 54 41]
  [ 0 38 50 50  0 32]
  [ 0 50 49 56 32  0]]

 [[ 0 44 58 37 36 49]
  [ 0  0 41 48 52 36]
  [ 0 46  0 54 49 45]
  [ 0 45 35  0 56 32]
  [ 0 50 30 59  0 50]
  [ 0 55 50 47 40  0]]

 [[ 0 37 53 48 41 52]
  [ 0  0 42 54 56 58]
  [ 0 43  0 58 43 54]
  [ 0 58 31  0 57 38]
  [ 0 58 32 39  0 32]
  [ 0 55 30 46 32  0]]

 [[ 0 30 50 55 51 54]
  [ 0  0 58 52 58 34]
  [ 0 59  0 52 53 40]
  [ 0 47 32  0 36 55]
  [ 0 38 45 54  0 59]
  [ 0 38 36 56 55  0]]

 [[ 0 34 41 42 56 53]
  [ 0  0 55 41 58 48]
  [ 0 31  0 53 50 40]
  [ 0 47 44  0 59 49]
  [ 0 41 38 37  0 45]
  [ 0 40 49 55 46  0]]

 [[ 0 45 31 30 41 31]
  [ 0  0 45 38 36 41]
  [ 0 33  0 42 36 31]
  [ 0 49 32  0 44 41]
  [ 0 31 33 34  0 47]
  [ 0 37 48 37 48  0]]

 [[ 0 39 47 32 40 33]
  [ 0  0 34 32 37 54]
  [ 0 56  0 59 33 52]
  [ 0 55 31  0 31 57]
  [ 0 43 57 40  0 35]
  [ 0 36 35 38 35  0]]

 [[ 0 34 31 52 33 47]
  [ 0  0 31 44 55 50]
  [ 0 39  0 50 39 35]
  [ 0 43 30  0 32 38]
  [ 0 42 33 40  0 37]
  [ 0 55 36 35 45  0]]

 [[ 0 56 57 43 54 51]
  [ 0  0 36 58 33 45]
  [ 0 32  0 50 55 51]
  [ 0 45 42  0 35 44]
  [ 0 35 38 44  0 46]
  [ 0 52 40 34 43  0]]

 [[ 0 44 39 44 30 55]
  [ 0  0 39 59 35 33]
  [ 0 34  0 45 50 54]
  [ 0 30 38  0 54 35]
  [ 0 56 55 55  0 52]
  [ 0 56 41 46 55  0]]

 [[ 0 51 42 48 58 30]
  [ 0  0 55 33 59 39]
  [ 0 59  0 49 58 39]
  [ 0 35 48  0 55 34]
  [ 0 58 57 53  0 31]
  [ 0 48 49 40 38  0]]

 [[ 0 54 59 58 54 56]
  [ 0  0 39 53 58 38]
  [ 0 47  0 30 52 57]
  [ 0 57 35  0 37 54]
  [ 0 45 40 54  0 35]
  [ 0 38 46 53 30  0]]

 [[ 0 44 53 55 50 55]
  [ 0  0 56 36 58 39]
  [ 0 59  0 34 55 30]
  [ 0 56 40  0 37 38]
  [ 0 34 48 37  0 35]
  [ 0 30 58 52 32  0]]

 [[ 0 43 59 50 44 53]
  [ 0  0 54 54 31 33]
  [ 0 31  0 43 43 52]
  [ 0 46 31  0 51 53]
  [ 0 43 32 42  0 40]
  [ 0 44 49 52 40  0]]

 [[ 0 39 34 48 37 59]
  [ 0  0 53 49 35 44]
  [ 0 30  0 40 53 44]
  [ 0 32 50  0 33 31]
  [ 0 36 46 44  0 36]
  [ 0 52 38 47 40  0]]]
 delivery_times
 [[ 0 34 90 55 80 18 98 60 36 87 58 79 19 24 85 30  2  8 89 64 14 69 86  6
   5 55 53 75 22 23 31 77 30 93 54 18 12 17 41 18 96  5  8 76 26 22 10 60
  70 76 19 90 77 70 89  6 83 46 55 51  9 20  8 75 15 65  4 41 55 52  3 79
  62 15 73 72 51 79  7 93 46 66 69 74 97 92 54 10  1 85 50 34 73 67 60 43
  62 37 54 71 82  6 86 73  9 18 73 32 89 50 48 73 42 92 58 80 53 44 98 71
  40 96 71 22 65 20 43 22 15 44 50 25 67 50 61  3 51  8 56 15 18  1  7 30
  35  2 36 34 41 65 81 67 99 50 52 34 88 72 69 56 86 82 35 21 70 54  1 49
  98 44 42 23 36 35 48  9 30 58 65 37 21  1 48  8 11  8 88 48 71 11 70 18
   6 94 68 47 24 99  9 27 79 98 82 76 46 56 25 22 91 32 39 36 32 91 75 59
  56 91 99 94 39 63 20  3 74 72  7 11 40 47 50 11 23 39 21 90 62  1 12  4
  69 62 33 51 37 39 12 94 91 81 75 84 32 56 77 54 71 22  5 34 86 76 89 81
  31  6 16 15  4 46 32 14 75 36 28 49 56 72 90 17  1 41 18 75 76 25 29 29
  73 13 91 56 71 72 68 55 39 59 47 88  7 62 60 58 48  5 55 42 69 68 38 46
   5 63 87 82 65 21 33 34 47]
 [ 0 80 63 46 20 48 66 40 86 77 78 76 48  4 35  2  5 39 13 91 88 18 12 55
  86 56 21 42 61 79 48 73 28 57 56 54 48 12 67  1 91 39 22 51 12 55 21 10
  37 74 95 86 75 80 91 32 44 72 62 54 26 54 68 78 39 57 21 37 27  1 90 87
  26 98 52 27 97 84 23 73 83 61 72  5 25 72 54 29 94 97 68  5 30 44 57 72
  92 38 36 34 32 19 52 69 69 98 89 94 24 20 88 43 72 26 82 56 66 14 10 23
   3 38 84 72 68 81 44 28 22 23 27 84 94 38 45 89 38 49 82 76 50 23 19 65
  59 35 89 98 43 96 11 13 74  5 60 12  4 28 92 28 95 95 75 46 74  1 12 23
  54 18 86 63 45  6  8 45 87 34 52 21 56 52 16 58 52 39 41 12 81 84 75  8
  98 55  7 66 79 77 51 42 31 45 65 82 41 12 32 58 95 10 85 76 62 12 17 84
  86 63 98 48 47 30 26 58 57 17 61 17 40 42 27 23 69 81 18 57 82 50 44 82
  22 14 40 26 54 29 50 43 99  7 45 52 58 17 28 74 93 84 71 68  4  6 45 52
  18 42  2 63 35 33 73 78 23 67 44 77 64 94 99 72 93 14 34 22 24  5 12 46
  69 22  4 47  2 17 41  4 19 39 88 57 40 96 43 90 53 61 21 40 37 76 88 40
  74 57 90 69 42 22 92 68 70]
 [ 0 66 58  2 29 72 36 10 91 99 82 88 34 10 90 70 71 66 85 98 70 13 90 55
  72 17 42 83 27 85 64 96 60 87 33 82 77 10 42 91 49 35 79 71 87 84 93 69
  37 56 23 97 41 89 61  6 89 10 15 23  3  6 74 85 77 87 81 99 31 75 13 47
   4  2 67 15 29 12 64 86 99 31 44 12 44 47 69 39 87  6 13 82 65 26  9 50
  41 83 83  6 88 52  6 21 60 89 32 12 23 33 51 35 93 40 58 61 38 23 34 93
  89 58 29 91 41 11 10 11 25 63 22 52 98 39 93 19  3 34 73 18 87 50 79 65
  86 89 22 62 67 51 36  5 56 69 76 83 59 92 80 18 34 51 37 25 34 96  8 22
  81 96 19 82 75 42 63 50 19 51 90 31 56 49 21 17 60 11 69 79  9 50 32  5
  45 52 33 37 44 89 59 26 92 54 83 49 67 46 94 60 46 18 96 44 30 54 98 65
  88  6 32 12 58 94  9 55 13  5 75 47  4  5 20 55 71 68 72  3 34 32 41 99
  23 24 26 42 14 32 84 41 53 11 98 11 75 82 60 86 77 67 88 25 37 49 54 17
  87 94  5 55 64 46 92 12 55 81 64 53 85 38 87 71 78 63 75  1 98 56 63 52
  90 89 21 64 51 42 24  7 35 98  9 19 36 99 80 65 19 45 59 17 13 96 33 72
  84 49 33 30 38 21  9 42 49]
 [ 0 11 59 49 18 42 98 93 66 83 50 86 94 65 62 13 97  5 61 54 18 78 62 21
  77 31  8  4 78 18 82  3 90 33 91 95 85  8 37 42 57 48 34 79 51 44 35 37
   4 25 49 50 69 32 56 33 22 39 15 16 48 53 40  1 24 22  5 51 71 27 99 58
  92 26 42 27 34 27 63 58 86 60 91 36 53 68 73 97  1 74  1 58 33 58 51 41
   6 49 96 94 21 99  5 45 24 31 66 78 96 64 11 36  1 39 21 45 74 30 49 98
  44  5 49 71 81 72 50  4 25 38 61 12 55 51 42 89 17 36 43 74 83 35 47 44
   2 77  9 31 29 58 47 32 48 32 24 29 99 64 53 10 24 44 94 83 41 74 57 53
  50 53 11 88 70 89  7 86 99 80 17 14 61 51 32 60 90 81 15 63 18 72 59 62
  70 48 23  9 41 25 53 72 41 71 36 68 58 12 42  6 69 18  8 65 12  5 22 93
  40 17 53 41 34 50 67 10 18 98 80 63 70 30 34 78 71 30 27  3 59 32 33 87
  35 27 48 79 48 43 19 89 44 89 45 16 36 58 43 74 77 46  9 50 67 13  5 43
  93 87 65 63 54 14 12 52 89 90  2 82 92 61 49 60 60  4 24 71 86 22 65 33
  89 68  8 59 41 10 93 78  5 72  6 98  8  4 82 83  6  6 81 77  5 20 57 70
   4 47 43 50 48 64 28 91 32]
 [ 0  4 99 74 17 38 68 62 44 64 16 70 61 74 65 34  4 85 31 68 56 59 96  4
  53  2 44 13 15 83 21  4 44 58 74 51 61 10 94  7 99 82  2 25  3  2 99 95
  16 50 67 88 92 56 77 58 45 22 89 34 32 55 60 45 60 10 32 90 42 25 15 63
  77 20 39 10 53 72 98 30 46 66 22 26 50 32 36 19 74  9 16 71 27 23 85 61
  48  6 58 86 76 43 75 35 83 41 31 15 10 47 40 71 45 35 67 38 53 15 86 26
  82 25  1  2  1 24 74 68 65 62 44 33 81 71 15 72 18 14 82 97 15 19 84  9
  84 15 82 64 40 79 91 98 59  2 17 64 62 82 21 82 84 41 26  7 12 91 41 78
  14 95 84  1 44 36 13 29 85 57 44 56 10 24 13 64 92 70 55 17  1 37 28 28
  13 28 38 88 41 69 86 49 20 58 89 54  8 36 25 56 10 33 99 89 84 52 20  2
  48 50 59 72 89  9 48 63 91 68 82 25 22 87 80 48 59 18 56 88 93 83 77 21
   5 88 42 75 77 41 42 97 37 88  4 24 28 68 30 25 97 19 50 78 81 35 93 73
  86 98 41 71 10 25 45 73 22 46 59 57 70 70 62 93 71 82 64 29 98 65 20 58
  80 81 50 87 41  4 31 48 12 61 25 53 85 23 11 34 26 53 57 20 21 19 38 58
  46 30 16 97 15  5 26 54 95]
 [ 0 75 86 43 14 80 56 73 75 61 86 43 54 30  3 10 56 34 96 32 38 68 86 50
  89  1 29 67 23 86  7 54 56  1 37 85 22 48 77 92 49 78 71  3 11 10 26 22
   7 33 74 14 76 69 30 62  4 19 39 87  3 25 36 70 62 58 21  6 81 15  2 97
  45 21 74 28  9 37 65 37 72 23 74 91 88 20 91 13 59 43  8 28 74 75 12 61
  70 75 91 58 26 54 56 83 94 72 97 34 96 53 96 19 62 36 60 29 70 46 40 50
  41 70  2 46 20 39 73 56 69 49 29 32  6 85 80  5 37 87 26 55 62  9  3 77
  44 44 73 18 32 10 49 56 45 30 38 68 27 47 94 26 52 24 12 82 68 62 76 87
  73 73 61 96 90 47  6 42 66 72 95 89 58 11 73 87 13 13 61 41 40 29 79 65
  14 33  4 53 33 15 50 65 34 23 14 28 48 59  7 34 79 87 12 32 71 48 63 28
  37 77  8 48 39 18 26  2 27 69 81 76 17 41 39 95 58 63 34 39 51  8  9 65
  40 30 13 89  3 46 45 15 76 65 32 30 54 32 24 15  1 95 25 22 42 25 38 60
  37 88 10 48 55 55 65 64 30 51 18 91 41 76 84 82 53 99 56 96 57 55 33  8
  98 94 71 40 54 13 23 26 20 41 23 60 83 25 63 42 82 38 97 74  5 75 47 55
  16 47 86 59 73 50 92 91 97]
 [ 0 18 70 87  3 81 98 41 36 75 30 43 98 29 55 64 45 35 24 90 63 41 14 26
  99 77 72 11  7 78 51 62 32 68 44 34 26 58 29 39 59 86 26 68 33 66 72 50
   8 28  6 76 19 81 13 58 50 63  1 24 92 34 26 57 83  1 19 68 82  8 20 50
  50 97 28 58 70 14 32 66  8 37  4 42 21 17  9 77 83 50 63 62 73 61 20 48
  59 29 94 73 84 56 41 18 17 44 40 69  3 50 47 44 93 35 71 82 20 10 31 22
  51 92 49  3 29 92 78  8 47 78  6 53 19  5 65 93 59 39 63 87 35 29 11 14
  58 47 54 78  4  9  7 42 17 98 59 16 83 87  8 21 80  7 40 92 33 20  4  1
  63 25 91 43 63 44 16 50 61 69 89 24 16 92 16 20  9 32 71 43 98 70 11 68
  22 81 37 86 84  7 33 78 79 66 79  8 13 85 15 48 61 73 60 71 17 27 50 69
  26 67  8 74 30 38 47 50 35  5 86 51 79 46 12 51 20 71 60 32 41 94 28 27
   1 73 64 40 76 54 50 98 90 17 88 25 12 14 83 20 56  6 95 53 29 78 28 31
  45 82  5 94 25 53 98  3 39 79 40 82 61 31 71 61 90  1 60 35 16 73 85 74
  46 34 87 41 97 43 99 34 17 77 29 33 91  9 82 34  3  1 99 99 14 70 85 28
  25 91 25 65 46  3 51 56 86]
 [ 0 59 12 88 81  3 70 72 82 84 87 52 32 11 65 78 88 29 22 21 25 50 14 28
  24 98 43 53 87 89  9 75 41 39 30 97 36 97 20 51 78 65 98 17 90 27  1 89
  43 49 43 45 17 66 49 64 80 30 42 25 56 85  4 63 12 92 83 32 59 91 85 35
  57 90 65 97 45 16 70 67 96 64 34 61 34  4 64 50 72 96 98  7 40 37 55 66
  27 16 22 88 41 60 48 67 33 33 52 87 43 57 39 32 90  5 74  6 23 77 41 25
  30 81 19 32 58 98 65 53 88 80 87 58  8 42 99 52 96 89 71 87 19 72 51 42
  29 60 19 88  4 60 43  8 80 79 44 29 22 26  2 30 22 58 12 64  6 51  3 74
  66  5 11  4  6 58 58 24 38  6 88 22 66  1  8 95 97 65 68 93 35 52 59 39
   9 77 67 45 87 17 39 10 46 56 15 78 14 30 44 38 50 50 37 46 47 48 41 73
  16 32 40 59 61  5 36 75  1  6 40 65 72 86  5 20 32 46 62 42  4 85  2 34
  81 91 96 30 44 19 78 39 95 33 58  9 86 81 92 19 20 89 34  5 92  4 82 67
  79 49 73 48 83  5 31 28 32 18 50 81 33 52  1 16 78 42 42  8 93 88 96  8
  21 69  3 33 81 49 68 38 61 55 58  6  5 56 75 90 55 13 73 66 15 26  1 20
   3  1 63 76 20 61 40 19 26]
 [ 0 16  6 33 54  1  6 31 70 16 33 46 87 75 76 62 98 94 84 42 69 98 53 97
  70 53 77  5 51 51 59 97 55 84 99 87 57 45 80  2 89 82 44 13 53 98 60 17
   6 24 84 65 83 80  1 12 47 24 70 84 51 56 18 96 94 41 25 71 39 98  5 75
  27 40 69 76  7 49 23 13 56 94 17 81 36 82 74 25 42 35 22  4 46 80 97 75
  54 41 74 90 10 18 19 91 36 24 44 74 81  7  2 47 60 84 24 67 89 73 68 87
  56 60 36 53 20 54 64 60 32 18 74 22 89 73 12 21 41 25 52 87 25  7 61 72
  16 39 97 64  1 65 26 85 26 85 52 72 36  4 98 21 18 27 97 90 48 88 58 50
  13 61 42 82  7  3 64  7  9 65  9 16  6 56  9 15 21 75 91 94 64 15 99 18
  10 82  1  3 85 34 25 78 31 62 69 99 61  7 55 89 31 36  1 73 45 27  7 51
  72 79 99 24 43 46 77 48 37 15 16 45  3 67 54 38 25 98 10  6  4 22 11 49
  27 46  5 58 80  1 68 36 74 97 16  9 53 42 39 44  5 79 24 28 94 86 85 23
  46 35 47 47 52 70 13 57 91  1 60 59 63 42 65 77 60 59  7 27 58 62 71 12
  82 57 29 14 35 56 28 97 71 71 81 72 23 98 94 64  9 75 37 18 83  1 62 32
  98 10 19 46 35 74 46 76 73]
 [ 0 10  4 21 41 89 76 42 54  7 56 40 44 52 67 24 17 92 24  8 66  6 11 34
  94 12 10 50 78 72 25 78  5 78 35 56 76 87 76 21 68  8 47 58 41 20 18 87
  11 33 16 39 45 30 17 23 65 42  4 80 23 39 26 79 48 19 21 42  8  2 81  1
  51 35 13 44 54 89 55 88 86 65 29 90  3 22 37 36 92  6 26 29  4 42 98 91
  44 22 61 82  7  9 51 16 50 42 84 15  3  7 20 50 83 76 80 21 52 71 92 47
  11 60 71 23 97 39 77 59 85 52 53 13 38 64  3  5 92 50 23 19 12 50 78 20
   9 33 74 17 14 32 20 43 49 31  7 10 18 46 37 73  3 65 57 78 26 60 87 94
  96 70 80 87 73 21 44 30 46 95 74 46 58 41 23 48 83  2 63 89 72 28 97 97
  18 69 19 58 79 59 69 23 85 31 29 24 85 54 80  6 38 88  9 93 51 41 71 78
  66 54 31 69 12 57 23  6 65 70 63 50 92  5 18 60 64 95 97 24  3 19 41 57
  12 11 98 39 33 25 98 63  8 25 54 83 99  2 45 18 34 63 13 20 14 78 74 18
  42 20 77 36 12 69 35 83 56 98 43 47 24 70 18 18 15 61 30 20 29 23 74 19
  67 78 69 54 78 80 40 84 77 37 76 85 88 75 65 74  7 57  4 30 63 62 27 38
  65  8 29 61 66 31 87  5 96]
 [ 0 98 21 61 68 56 36  6 98 15 13 12 94 14 92 27 47 23 18 76 91 63 13 81
  43 58 68 15 35 31 78 92 16 17 76 19 10 44 14 35 93 43 91 87 52 13 58 13
  59 93 47 39 88 45 71 44 23 15 26 12 75 47 64 74 35 67 82 79 52 80 50 37
  72 63 89 34 40 24 67 69 22 89 37 50 77 73 63 10  9  4 46 81 85 21 94 62
  85 80 40  5 43 77  5 44 68 86 38 15 38 30 77 85 72 50 80 97 35 93 59 94
  58 99 23  8 35 71 33 24 75 70 23 57 17 49 25 47 52 56 30 96 11 63 18 68
  94 86 72 67 47 40 73 67 73 79 27 87  4 66 74 44 67 44 56 61 85  5 85 55
  93 45 24 17 10  8 28 71 43  7 96 89 79 18 83 33  6 73 75 71 48 31 16 60
  76 53 27 64 48 30 99 67 72 47 76 82 35 55 88 65 44 44 27 63 91 24 59 30
  67 57 20 71 94 94 32 53 49 34 23 19 35 80 75 14 82 29 41 50 51  7 32 71
  55 41 39 74 73  9 74 50 74 64 61 82 11  6 29 85 96  7 69 61 83 84  4 39
  74 43 61 71 19 56 81  4  1 61 17 58 40 71 41 58 39 76 38  3 76 32 82 25
  74 86 43 15 45 50 99 16 34 35 43 25 83 57 84 69 88 62 14 56 13 53 25 95
  59 19 88 31 67  9 75  5 33]
 [ 0 30 80 14 86 35 17 54 81  8 42 79 22 29  4 26 57 35 64 92 63 16 70  9
  78 97 99  6 32 42 24 31 71 94 39 63 84 33 22 41 11 35 64 79 26 52 32 88
  89 94 44 24 87 76  1 51 19 60 47 94  6  4  9 29 98 90 98 50 41 95 90 88
  15 53 13 76 54 80 60 92 97  9 75 58 33 30 35 31 26 46 49 64 56 84 65 98
  14 96 62 98 58 83 62  9 77 14 18 80  6 10 52 58  7 96 53 88 48  5 27 95
  63 15 32 46 91 46 76 49 41  5  1 73  7 84 92  5 83 20 59 64 20 21 64 52
  90 82 97 29  2 13 16 33 76  4  8 86 10 80  7 87 44 88 40 74 29 69 47 82
   3 65 15 90 25 63 64 74 23  8 48  8 50 86 12 18 72 13  5 68 90 20 23  8
  17 34  1 53  7 65 42  4 48 57 53 69 91 46 55 26 59 35 10 87 27 19 21 51
  45 94 96 67 53 89 45 34 23  8 93 76 41 76 51  1 28 50 75 49 38 39  8 43
  23 28 29 16 96 41  4 59 59 41 28 16  9  4 12 34 95 25 71 80 59 77 78 41
  26 64 43 85 49 86  6  7  8 62 51 31 73 14 93 90 19 12 38 78 10 97 78 91
  78 57 68 67  1 40 82 54 39 54  7 22 85 29 89 66 30 39  6 33 30 77 58 44
  43 68 82 75 12 26 69 66  4]
 [ 0 56 81 89  7 44 82 44 78 23  4 32 55 96 67 84 35 15 70  5 48 96 20  2
  82 51 94 39 66 63 14 68 60 43 37 17 32  8 10 29 15 60 82  4 35 86 13 90
  34 93 68  9 82 23 93 61 12 83 88 91  6 63 53 77 19 98 91  6 41  7 49 16
  75 11 29 63 70  2 50 23 42 10 70 40 85 10  8 30 50 20 52 59 31 13 87  2
   5 60 29 18 85  8 51 32 60 20  9 69 54 12 69 30 93 66 36 79 82 25 83  6
   5 47 30 73 19 38 58 59 62 38 41 26 13 71 87 80 65 21 22 68  9 96 58 30
  78 99 24 52 91 36 49 17 37 74 68 13 56 66 45 75 53  1 41 61 84 20 85 57
  27 68 40 10 54 17 28 43 17 81 70 28 44 47 73 73 46 91 61 92 12 43 55 24
  28 85 51 38 38 86 99 79 73 57 42 29  4 75 68 30 36 64 68 83  8 73 54 44
  30 24 54  1 36 17 82 43 72 47  7 47 85 19 36 16 39 46 16 85 71 73 53 24
  60 64 28 87 85 36 31 24 15 88 13 24 40 85 53 79 51 14 82  6 78  8 58  5
  77  8 82 95 41  2 63 28 35 56 28 45 74 16 55 85 78 68 56 38 46 20 48  9
  12 27  7 30 71 63 31  4 97  2 34 85 26 68 42 47  1 10  3 51 98 73 73 12
  98 14 48 84  9 33 86 33 54]
 [ 0 73 32 28 88  5 13 24 39 14 37 89 61 97 18  8 65 95 20 30 75 64 38 60
  46 58 15 68 60 51 55 87 11 81 34 65 79 12 58 39 87 84  7 97 69 18 86  6
   1 66 83 95 77 12 98 58 95 23 30 15 32 86 88 11 67 16 94 90 73 16 13 88
  82 97 36 68 97 72 88 15 19 72 53 85 22 90 42 62 80 14 12 55 58 30 36 11
  37 91 68 60  1 16  3 90 84 70 94 51 62  9 85 81 31 24 74 61 94 15 14 80
   1 18 87 44 73 70 71 48 38 32 70 84 12 51 73 97 34 78 59 16 23 51 22 87
  41 21 37 42 62 12 48 59 47 32 97 59 56 41 67 95 15 83 82 12 34 53 65 89
   4 45 86 46 59 91 97 59 71  3 27 30 76 99 28 50  9 25 12 23 44 55 44 10
  32 69 23 90 74 53 95  7 29 31 72 39 82 58 53 64 94  7 89  7 64 82  3 47
  32 31 13 56 43 91 47 41 86 44 39 20  2 68 78 45  5  7  2 42 14  2 97 73
  88 17 19 25 10 45 47 78 24 18 79 30 42 83 85 59 32 18 78 12 73 44 29  5
  71 63 26 69 37 71 66 84 91 69 38 22 76 96 39 64  1 42 18 40 56 92 33 72
  17 79 26 18 85 94 23 65  1  2 58 25 70 51 97 18 53 13 15 61 54 51 52 33
  59 50 84 77 63 79 17 34 31]
 [ 0 52 23 80 56 53 85 69 79 17 17 69 39 43 38 74 92 31 96 89 91 34 13 38
  74 65 51  6 44 78 46 10  1 62 83 43 20 37 16 83 24 29 20 69 79 76 38 17
  23 62 97 83 53 89 90 97 27 29 64 33 85 30 22 54 82 57 51 66 17 59 70 64
  87 10 94 48 41 10 83 12 79 64 17 41 46 60  6  6 51 54 32 23 77 10  7 82
  74 52 93 89 68 77 91 90  8 35 55 70 31 87 44 35 72 18 72  2 37 36 51 26
  25 42 85 49 17 28 85 78 15 23 99 10 16 26  4 30 62 91  2 35 23 79 38 58
  25 46 82 18 42  5  8  2 78 71 22 42 94 16 10 12 47 32 92 68 93 83 66 67
   2 96 24 26 51 34 53 25 31 43 84 67 91 79 79 41 67 79 86 92 24 78 94 89
  45  1 40 59 15 26 19 97 78 28 90 94 58 35 34 88 54 70 18 85  3 65  1 48
   8 40 82 25 50 63 96 21 99 74 18 18 77 70 63 26  6 40 28 45 50 89 96 50
  86 55 25 91 54 32 34 34 31 71  4 18  8 13 86 48 22 38 95 33 20 70 52 79
  77 54 35 12 69 49 67 32 45 45 65 99 22 98 26 19 14 69 44 59 59 21 63 80
  25 52 87 44 20 89 77 34 92 20 58 73 79 90 77  9 38 48 73 20 87 67 62 87
  32 35 53 59 91 20 67 98 19]
 [ 0 79 89 40 42 26 98 30 85 52 34 59 73 95 80 19 16 11 37 79 75 33 28 75
  76 40 47  5 69  9 78 98 92 86 83 15  2  8 66 10 79  1 94 89 98 67 52 35
  96 48  9 29 99 71 45 88  1 20 20 10 55  3 54 55 94 14  5 17 17 81 10 85
  64 33 11 20 71 66 23 49 14 29 75 73 23 78 60 39 33 82 83 81 61 87 39 75
  72 86 93 65 18 12 39  6 11 96 28 24 71 87  8  8 17 95 83 36 72 14 50 64
  62 24 98 74 48  8 91 52 73 79 49 75 85 40  6 66 45  7 98 92 63 87 58 82
  49 95 15 19 37 34 10  1 30  2 17 52 54 59 17 89 67 34 55 38 32 58 47 94
  88  1 38 33 34 84  7 91 75 70 58 99 93 92 15 62 21 59 75 31 95  6 25 42
  68 85 12 74 28 89 70 26  2 91 67 98  6 80  8 99 70 26 42 58 26 92 51  9
  75 68 24 76 53 56 16 95 40 11 72 34 40 44 32 93 11 11 33 46 42 66 13 76
  88 94 17 52 69 93 31 31 82 87 67 74 62 45 80 54 84 28 27 17 51 38 50 31
  64 53 91 45 57 35 86 10  5 75 88  8  6 18 10 80 45 72 35 37  6 93 20 84
  42 47 26 79 49 95 98 92 51 33 76 55 58 41 91 73 20 33 88 87 56 42 67 28
  52 32 33 75 47 98 37 75 23]
 [ 0 65 40 62 84 50 91 67 24 20 10  6 49 13 11 80 53 27 24 28 18 32 97 53
  24 90 44 31 22  6 96 69 76 15 95 57 10 35 64 82 45 89 74 83 30 94 23 87
  21 92 20 88 15 14  5 20 31  9 37 93 18 58 20 23 57 50 65 94 75 74 40 85
  71 71 85 66 39 12  3 25 91 72 35 39 71 40 56 21  8 54 63 62 26 12 85 84
  14 61 90 10 24 36 18 66 88 83 38 23 47 99 65 73 65 64  2 39 24 22 46 34
  21 22 36 81 79 56 74 84 96 52 23 73 85 49 27 94 67 28  5 25 46 39  4 12
  61 67 96 18 37 20 44 84 28  2 49 10 13  9 31 74 31 34 75 72 25 50 21 85
  28 79 33  6 81 19 38  8 49 13  2 34 17  3 23 10 93 90 69 91 99 22 15 18
  27 19  6 48  1 90 98 85 31 36 11  6 29 24 14 58 12 38 80  8 22 78 52 41
  61 85 87 63 92 37 86 52  6 11 37 36 84  7 98 67 12 95 84 11 19 27 53 12
  77  8 39 16 13  6 65 38 80 53 26 11 94 82  1 97 42 84 42 95 25  6 41 94
  13 94 74 24 27 32 58 11  5 93 46 58 32 89 22 87 10 83 14 78 99 35 98 37
  11 96 12 16 98 64 81 78 19 51 21 36 53 72 22 82 80 50 44 44 28 75 96 22
  93  2 95 49 48 82 17 43 90]
 [ 0  3 64 68  7 55 62 18 39  3 54 47 76 58 38 71 82 81 53 39 27 27 43 74
  57 82 72 23 89 51 53 86 43 38 34 76 86 75  3  1 18 30 84 38 30 74 52 59
  79 93 80 30 80  6 51  3 27 44 26 83 39 71  8 59 96 57 95 19 87 76 69 74
  13 71 69 14 67 46 47 42 82 18 51 27 90 97 27 32 33  6 94 13 44 40 85 71
  20 43 33 99 81 77 77 23 99 87 26 92 90 47 74 11 81  2 53 36 59 77 39 79
  78 88 35 60 82 64 78 71 38 83 11 99 27 76 57 84 14 24 26 42 26 81  1 91
  50 66 82  1 96 24 50 20 76 87 41 22 70 19 55 30 98 62 41 98 16  8 80  6
   8  2 24 46 47 38 63 71 78 58 88 11 56 60 79 49  7 84 46 74 77 91  9 78
  94 91 78 93 54 28  5 39 13 28  9  6 86  9  4 82 64 60 41 79 26 41 26 56
  72 82 11 14 87 31 58 89 19 17 52 70 37  9 38 45 96 64 32  8 90 75  3 85
  61 65 65 14 13 97 23 20 77 74 22 67 29 11 14  8 79 39 15  1 97 79 44 16
  94 42 21 77 91 69 19 83 89 63 42 59 16  1 15 43  3 36 37 80 28 19 56 85
  22 54 47 98  4 68 29 73  8 50 76 74 55 21 12 78 96 29 62 62 41 12 27 93
  11 97 20 85 10  1 80 86 13]
 [ 0 67 87 42 37 85 96 79 26 44 13 62  1 28 75 50 10 59 38 17 21 78 31 31
  92 24 92  3 59 36 95 93 45  4 87 21 13 54 28 97  7 25 22  6 18 60 87 67
  60 56 36 33 30 49 78 32 27 45 21 63 48 71 34 23 36 44 90 22  6 70 34 73
  45 77 21 51 14 92 35 41 36 95 48 19 72 95 42 15 71 82 62 91 90 68 82 81
  43  9 21 30  2 82 16 43 73 74 37 34 33 41 36 88 49 88  4 21 79 56  5 29
  98 36 25 59  6 55 72 62 74 98 50 94 68 61 93 37 19 95 76 88 47 21  1 29
  12 10 90 31 93 92 66 29 51 89 15 66 34 76  3 39 48 71 54 22 58 52 41 22
  72  7 19 62 21 25 85 57 23 28 35 39 79 83 28 30 89 15 29 91 79 90 87  7
  26 14 82 53 33 45 17 96 27 58 48 65 57 44 21 84 75 80  6  2 37  7 53 62
  14 57  1 57 67 32 65 12 68 10 38 28 53 79 48 83 23 50 85 75 45  2 87 66
  83 13 34 88 34 65 86 71  7 87 65 17 46 45 91 53 69 33 61 97 76 76 26 45
  30 54 85 63 10 66 41 77 66 30 67 89  8 99 37 81 44 75 34 98 59 48 44 81
  36  5 71 53 25  1 68 59 12 42 58  6 56 70 78 47  5 42 80 77 35 59 30 95
  92  9 73 39 82 16 91 58 11]
 [ 0 12 81 50 70 62 10 24 10 41 31 25 95  5 12 18 94 63 27 62 96 49 10 50
  23 25 35 52 33 88 26 36 62 74  8 36 27 72 95 53 42 66 24 53 60 78 22 93
  44 55 47 50  3 17 82 69 51 81 72 64 79 31 95 96 14  8 77  3 57 13 20 69
  96 60 77 90 56 24 83 35 26 62 99 54 72 56 25 68 44 37 41 68 54 90 80 88
  90 73  2 96 79 10 89 85 65 28 11 53 13 65 26 79 90  5 96 15 98  8 82 15
  71 38 47 90  1 74 21 91 55 37  3 19 65 67 62 22 42 91  9  2 66  2 40 59
   6 54 69 19 81 23 64 56 51  9  7 62 51 76 40 57 32 62  7 75 70 88 80 39
  21 92 75 78 57 25 33 80 27 76 79 31  1 48 87 23 64 74  2 70 59  1 97 96
  37 11 79  3 78 92 83 92 66 18 82 79 28 26 86 22 62 85 75 26  6 34 88 17
  68 12 56 56 11 89 86 67 90 28 83  9 38 60  6 27  4 52 46 68  7 78 89 46
  39 74 50 64 80  2 89 90 84 21 43 96 17 31 17  9 57 18 71 84 90 11 41 46
  95  8 28 82 91 45 45 54 18  7 70 91 29 78 54 75 18 18 57 77  1 85 37 41
  65 35 17 42 36 30 71 97 60 89 30 87 46 40 10 91 46  3 37 17  8 37 64 62
  96  7 79 97 10  5 63  7 91]]
 job2fam
 [[1 0 0 0 0 0 0 0 0 0 0 0 0 0 0 0 0 0 0 0 0 0 0 0 0 0 0 0 0 0 0 0 0 0 0 0
  0 0 0 0 0 0 0 0 0 0 0 0 0 0 0 0 0 0 0 0 0 0 0 0 0 0 0 0 0 0 0 0 0 0 0 0
  0 0 0 0 0 0 0 0 0 0 0 0 0 0 0 0 0 0 0 0 0 0 0 0 0 0 0 0 0 0 0 0 0 0 0 0
  0 0 0 0 0 0 0 0 0 0 0 0 0 0 0 0 0 0 0 0 0 0 0 0 0 0 0 0 0 0 0 0 0 0 0 0
  0 0 0 0 0 0 0 0 0 0 0 0 0 0 0 0 0 0 0 0 0 0 0 0 0 0 0 0 0 0 0 0 0 0 0 0
  0 0 0 0 0 0 0 0 0 0 0 0 0 0 0 0 0 0 0 0 0 0 0 0 0 0 0 0 0 0 0 0 0 0 0 0
  0 0 0 0 0 0 0 0 0 0 0 0 0 0 0 0 0 0 0 0 0 0 0 0 0 0 0 0 0 0 0 0 0 0 0 0
  0 0 0 0 0 0 0 0 0 0 0 0 0 0 0 0 0 0 0 0 0 0 0 0 0 0 0 0 0 0 0 0 0 0 0 0
  0 0 0 0 0 0 0 0 0 0 0 0 0 0 0 0 0 0 0 0 0 0 0 0 0 0 0 0 0 0 0 0 0]
 [0 0 0 1 0 0 0 0 0 1 1 0 0 1 1 0 1 1 1 0 0 0 0 0 0 1 0 0 0 0 0 0 0 0 1 1
  0 1 0 0 0 1 1 0 0 0 0 0 0 0 0 0 0 0 0 0 0 0 0 0 0 0 0 0 0 0 1 0 0 0 0 1
  0 0 0 1 0 0 0 0 1 0 1 1 0 0 0 0 0 0 1 1 1 0 0 0 0 0 1 0 0 1 0 0 0 0 0 1
  0 0 0 0 0 1 0 0 0 1 0 0 0 0 1 0 0 0 1 0 1 0 0 0 0 1 0 0 0 0 0 1 0 1 1 0
  0 0 0 0 0 0 0 0 0 0 0 1 0 0 0 0 0 0 0 1 0 0 0 1 0 1 0 0 0 0 0 0 0 1 0 0
  1 0 0 0 0 0 1 1 1 0 1 0 1 0 0 0 1 0 0 0 0 0 0 0 0 0 0 1 0 0 0 0 0 0 0 0
  1 0 0 1 1 0 0 0 0 1 0 1 0 0 0 0 0 0 1 0 1 0 0 0 0 0 0 0 0 0 0 0 0 0 0 0
  1 0 1 0 1 0 0 0 0 0 0 1 1 0 0 0 0 0 0 1 1 0 1 0 0 0 0 0 0 0 0 0 0 0 0 0
  1 0 0 0 1 0 0 0 0 0 0 0 0 0 1 0 1 0 0 0 0 0 1 0 0 0 0 1 0 0 1 0 0]
 [0 0 0 0 0 1 1 0 0 0 0 0 0 0 0 0 0 0 0 0 0 1 0 1 0 0 0 0 0 1 1 0 0 0 0 0
  0 0 0 0 0 0 0 0 1 1 0 1 1 1 0 1 0 0 0 0 0 1 0 0 0 0 1 0 1 0 0 0 0 0 1 0
  0 0 1 0 0 0 0 0 0 0 0 0 0 0 0 0 0 0 0 0 0 0 0 0 0 0 0 0 0 0 0 0 0 0 0 0
  0 0 0 1 0 0 1 0 0 0 1 0 1 0 0 1 0 1 0 1 0 0 1 0 0 0 0 0 1 0 0 0 0 0 0 0
  1 1 0 1 1 0 0 0 0 1 0 0 0 0 0 0 1 1 0 0 0 0 0 0 0 0 0 0 0 1 0 0 0 0 0 0
  0 0 0 0 0 0 0 0 0 0 0 0 0 0 0 0 0 1 0 0 0 0 0 0 1 0 1 0 0 1 0 1 0 0 0 0
  0 0 1 0 0 0 1 0 0 0 0 0 1 0 0 0 0 0 0 1 0 1 0 0 1 0 0 0 1 0 1 0 0 0 0 0
  0 0 0 0 0 0 0 0 1 0 0 0 0 0 0 0 0 1 0 0 0 1 0 0 0 0 0 0 0 0 0 0 0 0 0 1
  0 0 1 0 0 0 1 0 0 0 0 0 0 0 0 1 0 0 0 0 1 0 0 1 0 0 0 0 0 1 0 0 0]
 [0 0 1 0 0 0 0 0 0 0 0 1 1 0 0 0 0 0 0 1 0 0 0 0 0 0 1 1 1 0 0 0 1 0 0 0
  1 0 0 1 1 0 0 0 0 0 1 0 0 0 1 0 0 0 0 0 0 0 0 0 0 1 0 0 0 1 0 0 1 0 0 0
  1 0 0 0 1 0 0 0 0 1 0 0 0 1 1 0 0 0 0 0 0 0 1 0 1 1 0 1 1 0 0 1 0 0 0 0
  0 0 1 0 0 0 0 1 0 0 0 1 0 1 0 0 0 0 0 0 0 1 0 0 0 0 0 1 0 0 0 0 1 0 0 0
  0 0 0 0 0 1 1 1 0 0 0 0 1 0 1 0 0 0 1 0 0 0 1 0 0 0 1 0 0 0 1 0 1 0 1 0
  0 0 0 0 0 0 0 0 0 1 0 1 0 0 1 1 0 0 0 0 0 0 0 1 0 1 0 0 0 0 1 0 0 0 0 0
  0 0 0 0 0 1 0 0 0 0 1 0 0 0 0 1 0 1 0 0 0 0 0 0 0 0 0 0 0 0 0 0 0 0 0 0
  0 0 0 1 0 1 1 0 0 0 0 0 0 0 1 0 1 0 0 0 0 0 0 1 0 1 0 0 1 0 0 1 1 1 0 0
  0 0 0 1 0 0 0 0 0 1 0 0 1 0 0 0 0 1 0 0 0 1 0 0 0 1 0 0 1 0 0 1 1]
 [0 1 0 0 0 0 0 1 1 0 0 0 0 0 0 0 0 0 0 0 0 0 1 0 0 0 0 0 0 0 0 0 0 1 0 0
  0 0 0 0 0 0 0 0 0 0 0 0 0 0 0 0 0 0 0 1 0 0 1 0 1 0 0 0 0 0 0 1 0 0 0 0
  0 1 0 0 0 1 1 1 0 0 0 0 1 0 0 0 0 0 0 0 0 1 0 0 0 0 0 0 0 0 0 0 1 1 0 0
  1 0 0 0 1 0 0 0 1 0 0 0 0 0 0 0 1 0 0 0 0 0 0 1 0 0 1 0 0 0 1 0 0 0 0 1
  0 0 0 0 0 0 0 0 0 0 1 0 0 1 0 0 0 0 0 0 1 0 0 0 1 0 0 1 0 0 0 1 0 0 0 0
  0 1 0 0 1 0 0 0 0 0 0 0 0 0 0 0 0 0 1 0 1 0 0 0 0 0 0 0 1 0 0 0 1 1 0 0
  0 0 0 0 0 0 0 0 1 0 0 0 0 0 1 0 1 0 0 0 0 0 1 1 0 0 1 1 0 0 0 0 1 1 1 1
  0 0 0 0 0 0 0 0 0 1 0 0 0 0 0 1 0 0 1 0 0 0 0 0 0 0 0 1 0 0 1 0 0 0 0 0
  0 0 0 0 0 1 0 1 1 0 0 1 0 1 0 0 0 0 1 1 0 0 0 0 1 0 0 0 0 0 0 0 0]
 [0 0 0 0 1 0 0 0 0 0 0 0 0 0 0 1 0 0 0 0 1 0 0 0 1 0 0 0 0 0 0 1 0 0 0 0
  0 0 1 0 0 0 0 1 0 0 0 0 0 0 0 0 1 1 1 0 1 0 0 1 0 0 0 1 0 0 0 0 0 1 0 0
  0 0 0 0 0 0 0 0 0 0 0 0 0 0 0 1 1 1 0 0 0 0 0 1 0 0 0 0 0 0 1 0 0 0 1 0
  0 1 0 0 0 0 0 0 0 0 0 0 0 0 0 0 0 0 0 0 0 0 0 0 1 0 0 0 0 1 0 0 0 0 0 0
  0 0 1 0 0 0 0 0 1 0 0 0 0 0 0 1 0 0 0 0 0 1 0 0 0 0 0 0 1 0 0 0 0 0 0 1
  0 0 1 1 0 1 0 0 0 0 0 0 0 1 0 0 0 0 0 1 0 1 1 0 0 0 0 0 0 0 0 0 0 0 1 1
  0 1 0 0 0 0 0 1 0 0 0 0 0 1 0 0 0 0 0 0 0 0 0 0 0 1 0 0 0 1 0 1 0 0 0 0
  0 1 0 0 0 0 0 1 0 0 1 0 0 1 0 0 0 0 0 0 0 0 0 0 1 0 1 0 0 1 0 0 0 0 1 0
  0 1 0 0 0 0 0 0 0 0 1 0 0 0 0 0 0 0 0 0 0 0 0 0 0 0 1 0 0 0 0 0 0]]
