params：
 weight-->(1, 10)
 proc_times-->(1, 100)
 setup_times-->(60, 120)
 delivery_times-->(1, 100)
 job_rate-->12

start:
alpha_1
12
 alpha_2
2.0
 mach
20
 job
240
 fam
12
 weigh
 [[0 4 4 7 9 4 1 2 1 5 4 4 7 4 9 3 4 9 6 8 8 7 2 9 3 7 6 7 2 1 5 6 6 5 6 5
  4 8 7 3 2 1 8 5 7 5 1 6 2 8 1 3 7 6 4 4 5 6 6 3 1 9 5 2 4 1 1 7 8 8 9 7
  3 9 1 4 5 1 9 3 4 6 1 6 2 6 3 5 6 4 1 2 8 6 2 9 6 4 6 6 7 9 2 9 7 9 5 4
  8 2 9 7 3 3 6 1 7 2 2 4 9 7 6 4 4 9 3 9 8 1 3 5 4 3 9 2 2 7 3 8 1 3 2 7
  7 6 8 7 3 2 4 4 7 7 9 3 2 4 1 5 1 5 6 4 9 7 1 4 2 6 1 2 6 5 2 9 9 3 2 1
  1 8 6 2 3 7 3 7 3 4 6 6 4 8 2 5 9 2 1 9 2 1 5 5 6 4 4 2 9 1 3 1 8 7 5 6
  9 7 4 2 2 7 8 7 1 1 3 8 3 9 8 9 6 6 8 5 7 5 2 2 3]]
 proc_times
 [[  0  69  29  80  52  72  51  35  82  98  18   9  19   2  71  30  18  15
   96  88  18  50  27  46  94  23  70  75   1  70  41  88  59  50  23  28
   29  50  42  41  90  16  90  96   2  91  33  98  29  76  33  37  11 100
   24  95  45  83  37  78  66  11  18  76  58 100  86  17   8  54  63   5
   66  59  92  68  74  42  50  91  83  12  71  45  88   9  54  65  99   1
   69  79  88  81   7  27  54  63  63  12  69  88  46  88  66  60  19  16
   59  24  35  78  64  99  72  68  50  84  58  90  66  39  70  19  13  92
   90  95  69  15  34  80  59  94   1  55  25  14  25  62  47  80  94  33
   77  99  62  51  48  54   1  15  98  67  15  92  86   8  55  32  17  93
    2  16  88  65  57  10   6  46  33  93  39  31  61  46  76  23  46  30
   91  23  76  48  62  34  34  28  47  15  40  61  37  57  24  18  61  12
   53  85  83  54  83  35  82  42  45  17  74  53  77  80   6  90  29  99
   23  26   2  87  89  74 100  26  11  25  59   5  14  56  30  11  57  11
   79  42  50  81  36  22  61]
 [  0  38  16  36   8  52  86  16  41  10  89  56   8  21  80  12  21  68
   56  10  80  48  10  97  66  29  83  30  12  69   3  14  16  11  68   4
   90  38  89  61  88  81  40  95  87  75  81  79  71  46  56  30  93  37
   24  51  88  37   7  91  16  64  53  23 100  84  32  78   9  84  35  62
   50  34  95  37  83  15  27  60  98  19  32  25  97  32  16  34   6  38
   48  99   6  22  56  88  77  82  56  26  84 100  38  88   1  33  81  61
   63  15  40  49   2  14   7  57  84  42  68  25  86  38  69  91  25  93
   20  61  83  31  74  72  50  95  65  71  78   4  95  14  23   2  13  75
   79  28  78  15  20  75  36  54  93  42  14  86   5  83  82  50  74  15
   34  13  24  99  24  71  83  44  15  25  81  69  79  45  94  92  52  66
   35   7  91  42  59  99  36  36  15  77  44  42  80  10  72  27  20  35
   97  17  81  39  66  26  22  41  60  37  46  73  52  83  43   2  17  59
   43   8  28  90  10  43  23  85  35   3  76  12  81   2  30  32  19  11
  100  28  89  29  70  77  11]
 [  0  22  86  25  63  87  76  43  19   4  67  61   4  43  54  82  63  30
    5  42  10  22  52  73  50  14  12  84  67  98  23  16  99  42  87  10
   53  16  30   9  41  46  80   1  76   3   3  58  73  83 100  64  46  83
    7  14  91  71  18 100  13  86  80  37  83  94  36  16  77  85  48  86
   86  57  74  55  65  46  71   3  97  23  60  78  30  35  66  30  42  82
   28  38  62  24  10  53  44  18  84  86  86   8  97  60  94  81  35   8
   54  82  56  92  69  97  87  27  84  94  11  24  81  70   8   5  91  66
   13  35  93  54  48  29  43  68  45  13  38  70  87  46  83  82  19   1
   47  18  27  43  29  96  44  30  85  22  29  78  38  87   5  80  26  72
   42   8  54  49  18  58  75   5  90  53  49  57  32  99  33  87  79   6
   70  45  17  16  23  15  48  15  98  47  54  21  92  35  67  12  23  69
   49  25  19  78  13  38  59  36  85  22  38  89  10  79  77  92  29  78
   65  22  70  25  93  40  92  70  90  74  51  49  43  26  16  65  75  50
   84  81  84  85  13  44  41]
 [  0  23  21  75  33  88  96 100  58  23  36  10  42  61  11  73  82  39
   59  32  11  83  18  61  10  70  27  92  94   7  40   7  44   7  55  12
   59  23  20  71  62  34  21   3  62  36  88  68  27  29  91   8  76  43
   91  39  38   5  43  28  76  37  76  32  88  50  67  80  11  53  36  98
   97  55  46  10  81  97  25  48  56  63  50  23  68  38  65  16  22  42
   75   8  81  34  43  63  23  86  71   6  41  45  78  56  36  93  95  76
   74  30  74  72  16   6  99  28  83  95  48  33  30  34  85  89  34   8
   50  70  43  10  46  60  97  16   1  94  63  75  96  89  19  26  55  24
   58  47  95  24  67  18  42  92  14   5  49  41  75  33  97  44  11  34
   49  23  86  21  60  68  25  60   9  66  11  38  31  66  61  52  52  93
   95  30  94  64  76  43  79 100  11  60   2  16  22 100  13  34  30  23
   29  64   8  43  61  84  99  97  51  35  86 100  56   8  71  12  93  90
   67  51  19  96  34  92  62  25  85  61  14  11  90  13  66  90 100  27
   65  50  15  45  99  39  59]
 [  0   4  49  16  62  86  28  96  26  92  42  43  85  67  88  86  62  69
   78   1   2  14  46  62 100  70  13  32  74  22  17  26  52  91  91  29
   99  23  89  68  82  25  72  49 100  40  55  27  83  62  24  67  86  82
    6  83  78  42  17   4  47  39  71   1  27  81  52  92   3  88  84  84
   75  41  27  70  57  30  28  24  11  78  16  27  16  44  89  98  45   9
   37  42  85  30  55  78 100  93  16  30  94  92  58  45  12  85  54   9
   62  51  13  98  77  88   3  14  61  66  92  81  79  89  89  85  43  46
   17  87  13  91  69  31  29  11  64  57  90   7  89  44  47  74  92  53
   96  62  53  74  70  13  52  91  40  61  89  98   9  52  54  36  12  42
   51   3  26  92  55  21  84  68  14  81  82  28  49   7  12  59  72  66
   34  40   2  73  91  22  52   6  64  76  59  40  36  90  79  18  35  49
   85   4  68  85  41  88   9   9  98  93  16  78  77  49  75  14  37  40
   60  96  41  83  34  13  20  52  12  34  49  83  67  75  18  75  25  80
   18  83  84   5  14  62  37]
 [  0 100  25  88  90   3  69  47  49  84  46  80  53  55  57  22  94  46
   96  80  55  31  91  67  49  74  48  29  16  10  33  12  44  29  56  45
   87  46  25  88  85  90  12  82  44  70   2  77  76  47   8  76  39  93
   56  15  27  45  14  20  89   4  90   1  29  66  82  97  56  83  86  10
   82  25  67  18  14  26  87  63  65  10  95  34  42  67  96  34   5  29
    4   3  15  11  53  46  22  96  47  79   1  15  41  96   9  33  80  98
   15  16  73  61  22  37 100  35  32  50  60  95  43  98  37  34  13  97
   30  52  34   9 100 100  15  90  22  94  56  33  68  13  93  42  25  24
   33  37  41  27  61  92  97  36  25  27  53  97  11  56  23  83  65   2
   64  76  40  94   7  72  91  60  76  90   5  49  16  68  39 100  26  34
   13  31  35  23   7  95  99  39  41  31  89  28  33  23  47   2   8  21
    6  36  67  11  12   1  55  39  85  71  48   4  62  94  13  15  24  44
   42   6  34  16  82   8  78  25  70  63  87  12  83  97  57  28  88  59
   67  80  53  14  58  53  26]
 [  0  67   9  79  72  51  43  17   8  59  10  14  64  70  45  14  56  33
   86  55   1   5   5  41  68  17  64  46   2  52  59  85  60  24  38  40
   68  10  11  90  76  63  48  13  81  87  10  63  47  82  42   4  57  79
   98   5 100  96  52  58  73  74   1   5  96  37  24   1  93  56  91  50
   12  38 100  62  34  91  88  97  83  14  28  49  23  96  70  50  24 100
   10  97  81  88   4  85  63  77  45   7  31  25  51  58  48  47  96  86
   82  75  26  21   1  21  57  65  80  38  77  17  44  39  84  24  69  68
   61  66   9   6  67  67  72  91  88  42  73  64  85  47  90  22  89  52
   13  58  17   7  25  90  64  63   9  51  38  24  75  32  61  19  11  33
   20  96  91  93  81  89  70  15  52  97  14  87  76  71  26   7  10  65
   16  81  67  51  67  77  28  91  43  11  66  70  67  42  62  42 100  86
   67  67  64  63  41  15  47  77  97 100   5  54  47  23  56  57  89   7
   24  55  26  55  59  97  44  47   6  62  74   6  93  89  88  43  68  22
   76  90  16  45  57  32 100]
 [  0   6   8  92  76  61  44  84  41  12   1   5  38  61  24  97  35  77
   56  31  78  68   2  54  46  24  71  44  90  54  49   1   8  25  84  49
   95  52  41  80  82  47  96  49  64  64  52  60  18  10  95  93  22  14
   73  82  31  33   1  16  25  50  16  63  21  42   5  32  41  13  21  71
   94  51  99  23  19  43  65  99  55  72  23  28   3  73   8  96  44  46
   82  94  72  83   4  80  86  64  49  25  81  24  27  24   8  22  19  46
   55  91  94  29   9  33  14  52  60  45  86  14  63  19  92  24  28  73
   47  31  94  52  70  34  84   8  61  41   1  92  33  59  82  77  19  15
   13  90   5  15  63  41  90  19  93  41  62  76  80   1  97  63  66  78
   32  89   2   2  36  55  18  64  73  52  26  86  33  38  51   9  66  24
   45  43  42  80  18  33  55   9  18  68  65   3  85  67  11  59  90  95
   72  83  13  79  81  50  64  94  41  53  44  85  98  18  75  25  92  55
   92   2  32  70  44  60  56  92  99  43  88  29  18  34  74  98  79  27
   23  93  55  58  32  44  12]
 [  0  65   2  30  48  19  26   9  23  61  22  36  40  58  95  67  87  86
   96  99 100  44  43  71  33  20  95  86  99  72  50  76  19  50  66  98
   56  77 100  17  60  25  86  14  53  10  74  51  34  23  38  14  46  86
   41  21  85   1   1  92  67  96  40  77  72  73  58  56  18  32  74  37
   41  92  33  82  97  79  88  36  18   3  44  79  97  83  98   9   3  15
   72   6  83  30  79  15  48  90  45  37  13  53  85  61  43  88  47  77
   17  77  14   4  27  71  64   1  20  72  54  27  35  89  66  27  53  63
   47  35  52  55  48  67  54  17  85  73  82   9  81  65  23  20  45   4
   82  54   6   7  43  29  71  50  86  66  94  95  44  31  88  87  78  58
   82  66  36  64  89  11  50  18  38  63  90  54  26  33  47 100  68   9
   75  23   5  91  35  95  70   7  20  86  31   5  82  97  73  41  70  67
   94   2  24  43  26  50  86  24  33  78  12  79  42  35  81  23  21   3
   99  14  73  86  30  70  77  52  46  26   8  95  91  72  15  87   4  86
   60  19  78  99  42  92  98]
 [  0  92  74  29   3  91  92  16  69  60  29  65  23  78   3  17  80  46
   34  39  72  61   5  27  89  78  35  70  79  46   6  37  75  59  31  98
   54  94   5  28  31  70  87  58  51  81  39  24  10  72  91  33  81  87
   72  93  50   1  37  53  53  65  54  66  73  12   8  89  65  58  18  32
    3  12  18  49  42  15  77  33  47  96  91  88  24   7  48  53  83  27
   48  35  84  70  37  18  63  92  80  51  83  10  71  77  27  77  30  32
   82   1  44  24  87  24  18  27  65  65  30  39  66  54  22  75  90  57
   53  85  10  63  20  52  17  63   7  20  46  86  65  21  37  30  74   4
   26  47   8   8  95  28  86  63  47  53  73  21  63  45  66  76  20  63
   50  61  10   9  93  55  70  98  22  65  43  95  92  21  50  44  18  39
    8  81  64  72  20  42  14  89   3  51  67  54  65  36  96  95   3  99
   34  32  44  23  18  48  96  24  54  15  19  62  63  92  64  28  91  88
   11  54  32  74  48  32  23  90  92  34  67  29  16  96  29  68  16  92
   60  30  23  25  34  24  98]
 [  0  48  93  78  36  45  10  24  32  73  40   9  47  10  43  63  99  94
   70  54  49  66  63  19  42  12  21  51  51  27  78  40  53  29  95  31
   26  94  48  91  77  56  33  41  75  88  78  90  33   1   7  62  31  82
   68  22  29  34  40  77  23  18  25  45   5  71  80  83   9  65   1  62
   69  25  21  17  83  40  69  10  61  89  32   1  77  72  41  91  37  25
   61  95  25  88  26  45  37  43  18  77   7  68  59  64  46  22  90  85
   75  91  21  67   1  78   5  83  25  44   7  35  43  19   8  66  36  44
   43  69  95  43  87  39  68  50  86  97  99  28  33  26   3  16   2  63
   10   6  24  64   2  50  80  11  11   1   7  35  48  62  23  57  17  42
   55  62  92  39  80  63  82  99  11  84   6  33  31  66  93   4   8  37
   58   1  68  77  25  47  40  36  89  44  10   4  96  39  77  27  20  84
   34  64  46  65  14  65  68  75  37  21   7  52  87  61  99  88  81  45
   34  51  23  82  15  16  43  54  92  67  14  39  44  99  41  96  90  24
   58  19  33  21  17  72  69]
 [  0  35  21  12  94  14  29  36  91  40  39  74  71  35  71  80  80  44
    6  74   4   5  34  50  77  89  52  45  75  65  53  18  81  62   2   3
   75  51  84  62  77  65  54  29  52  23  99   2  49   1  20  91  53  52
   24 100  22  65  27  82  66  69  22  36  50  85  34  36  35  40  14   6
   67  47  23   3  71   3  43  16  58  36  68  44  66  83  56   6  52  29
   70  92  60  30  69   3  27  69  90  81  98  92  91  31  64   4  73   7
   65  91  64  26  80  49  25  68  29  73  59  74  18  38   3  91  88  81
   54  12  85   8  64  20   8  59  80  62  28  77  18  22  34  85  80  16
   78  76   8  77  32  96  88  41  47  12  83  32  75  42  86  20  47  73
   86  49  42   3   9  40  22  15   2  87  27  71  47  92  19  35  99  96
   61  20  50  45  27  61   5  34  65   2  51  23  42  76 100  46  25  39
   66  97  77  87  51  59  96  64  62  80  42   8   6  37   2  62  19  91
   60   2  98 100   1  80  86  32  18  77  40  58  36  86  22  86  93  59
    9  54  13  11  37  61  93]
 [  0   3  55  15  43  22  95  66  69  76  49  14  70   5  80  40  35  13
   11  80  82  26  90  85  71  44  81  25  65   1  66  96  33  96  57  59
   62  28  29   3   3  18  35  82   9  33  50  50  60  14  41  50  86 100
   60  86  69  88  52  86  42  90  36  91  18  58  41  73   2  75  35  24
    6   5  89   9  88  17  40  21 100  71  94  18  78  20   4  55  55  48
   36  15  49  69  43  44  28  18  35  71  76  77  33  69  81  88  79  32
   85  78  21  14  32  41   1  14  26  85  64  21  27  35  71  63  65  50
   41  83  95  13  56   7  26  12   2  92  21  88  17  10  92  98   6  65
   99   2  18  15  65  63  25  30  62  58  60  29  49  90  97  14  70  25
   78  89  92  86  78  62  95  35  90  53  41  25  87  65   8  81  43  34
   80   6  85  53  16  18   8  79  40  24  65  27  66  85  70  12  38  49
   85  99  67  73  33  99   2  23  43  92  82  34  97  74  37  58  33   5
   52   1  71  60  98  16  52  56  21  48  13  83  63   9  52   5  40  13
    1  78  60  81  29  65  78]
 [  0  52  83  82  32  13  19  82  66  52  48  41  41  21  47  94  71  68
   58  20  71  69  77   9  48  39   1   3  28  65  12  95  38  69  99  23
   88  23  17  81  66  22  36  67  83  59  78   8  88  26  87  23  76  63
   94  72  14  21  74  61  50  10  91  14 100   8  93  68  99  95  94  15
   54 100  57  75   9  51  94  96  72  14  49   4  24  38  14  39  95  20
   49  67  69   6  44  63  54  63  23   5  57  20  23  15  84  44  95  14
   45  10  48  51  45  10  37  33  21  63  88  65  68  12  52   4  17  58
   86  54  23   3  15  71  58  15  55  14  32  34  53   9  16  35  96  71
   40  16  85  64  76  68  98  32  15  15  41  28  15  93  15  51  89  80
   62  22  25  84  20  13  74  60  58  28  63   9  75  61  15  95  52  84
   25  24  11  10  98  57  22  64  69  19  25  96  55  76  50  61  59  25
   62  79  62  88  59 100  20  31  68  88  61  66  92  52  51   3  82  81
   93  87  17  16  80  69  41  17   2  77  70  43  21  33  78 100   5   6
   40  95  63  33  63  42  29]
 [  0  35  48  70  22  47  54  52  35  18  82  96  99   7  23  73  57  77
   78  60  82  71  61  22  12  82  70  99  43  75  73  62  47  41  62  58
   32   8  12  14  80   9  83  74  79 100  66  76  14  91  86   3  74  66
   52  77  75  19  73  54  49  58   8  32   4  64  84  70  91  97  33  14
   93  85  25 100  57  96  49  69  22  32  56  50  37  95  30  55  20  13
   40   4  82  51  35  31  69   2  46   2  78  90  78  22  28  62  94   8
   57  15  84  44  34   1  95  38  62  47  22  49  65  57  91  12   5  93
   15  94  92  71  60  82  20  14   7  19  82   7  90  77  64  68  85  95
   30   4  48  84  60  44  31  50   5  40  54  19   5  99   2  26  70  95
   58  11  73  19  97  51  96  42  36  69  58  78  43  64  42  74  84  95
   88   9  83  13  28  69  74  87  28  14  74  42  46  22  80  45  38  23
   20  70  16  50  34  24  21  96  53  22  73  98   5   6  52  36  84  87
   60  10  29  89  43  88  62  94  26  78  69  28  18  16  41  77   8  76
   48   2  91  50 100  44  35]
 [  0   6  68  33  32  77  62  54  71  90  35  52  74  86  44  35  76  74
   18  27  41  66  84  14  69   9  78  60  51  19  74  75   3  39  30  83
   65  86  46  95  47  65  12  96  22  26  47  75   5  31  32  73  72  95
   35  55  79  44  13  85  64  67  73  59  91  99  88   4  25  88  63  31
   26  11  50  32  69  96  23  96  44  79  51  35  74  20  11  14  47  10
   43  75  47  60  85  74   1  99  62  86  51  55  94  53  29  39  79  19
   87  94  64  67   1  88  37   3  77  12  35  74  79  89  78   9  86  93
   29  83   2  16  21  81  33  77  91   5  17  83  99  88  19  97  49   3
   24  15  41  72  51   4  71  70   4  16  78  50  28  77  48  40  10  49
   89  45  52  72   2  14  56  99  47  70  19  20  41  15  96  44   2  87
   76  28  18  70  33  48  99  27  13   4  58  59  86 100  74  97  68  38
   93  27  67   2  57  17  67  51  91  26  68  38  68  25  11  44  52  91
   69  56  96  77  37  83  85  69   6  34  66  78  43  32  26  17  82  99
   62  31  34  64  24   3   1]
 [  0  54  49  35  73  90  96  39  21  31  23  39  82  36  56   2  79  53
   94  76  10  22  85  28  50  56  11  54  77  79  30  70  47  99  36   3
   75  20   6  92  60  92  63  50  73  44  60  19  49  80   4  72  71  73
   21  52  38  76  97  25  23  68  36  27  39  24  29  13  80  24  30  43
   12  52  78  52  73  43  34  56  58  88  17  58  10  75  49  49  63  28
   13  67  75  97  55  12  67  16  16  55  51  52  75  44  68  48   6   6
   38  13  17  15  64  64  16  10  89  28  79  68  94  99  59  23  92  91
   20  31  12  15   6  51  14   6  97  98  15  69  12  43  81  99  81  13
   48  46  96  63  77  27  95  73   2  96  95  91  25  23  25  33  96  35
   97  94  95  96  78  88  83  82 100  74  78  29  88  18  81  69   9  88
   85   2  26  56  49  91  78  11  46  99  15   8  63  50  37  55   3  48
   80  39  59  14  67  52  77  84  80   7  49  61  92  45  25  79  53  17
    3   9  37  29  48  36  11  99  84   5  14  92 100  68   5  48  80   9
   34  25  57  88  71  95  74]
 [  0  85  92  53  87  36  33  95  64  63  63  27  49  73  77  52  31  87
   92  85  28  48  79   7  48  84  58  34  37  16   3  29  54  77  58   1
   58  23  87  75  88  43  83   6  45  35  56  35  10  55   8  95  90  85
    6  81  36  85  74  37  48  30  34  38  32   6  80  28  53  73  55  43
   87  85  27  17  25  63  26  89  46  44  19  56  81   1  95  66   6  27
    1  78  13  12   8  10  91  61   1  83  34  88  11  14  54  81  23  73
   14  55  15  74  31   7  34  72  10  28  36  85  36  59  21  62   6  52
   91  51  12  56   1  57  14  95  85  38  32  96  84  16  47  52  63  21
   85  44  70  29  15  63  40  26  10  76  56 100  91  25  88  92  23  24
   55  10  52  36   2   5  89  10  99  41  86   6  68  20  96  51  95  23
   58  87   5  52  99  51  61  25  15   8  18  92  49   9  61  12  72  46
   49  58  81  39  54  81  29  52   5  22  37  33  78   8  12   2  95  88
    5  35  87  59  38  61   7   2  28  60  62  26  41  52  19   3  34  21
   51  88   6  66  52  54  87]
 [  0  78  20  19  17  68  90  20  10   1 100  44  77  49  44   7  33   9
   53   7  53  22  79  23  58  78  95  93  40  58  70  79  14  21  15  65
   13  82   8  96  53  95  86  50  76  71  50  15  60  77  54  65  90  69
   30  98  26  34  29  60  47  80  91  11  92  27  53  70  28  89  67  49
   40  29  82  21  70  82  73  38  27  49  72  10  69  97  90  77  12  59
   70  58  38  13 100  14   4  88  85  45  77  99 100  31  30   8  45  44
   52  79  60   2  94  37  77  68  32  76  55  62  80  55  38  71  85  71
   85  99  34  91  69  36  39  33  98  93  12  93  12  39  86  90  89   2
   85  32  80  51  40  72  60  12  31  55  81  53  86  10  29   9  48  49
   25  29  98  16  81  67   6  30  87  51   6  70  25  78  41  57  97  99
   68  84   3  47  39  76  95  41  87  16  84  43  88  39  68  62  15  65
   44  40  40  91  92  86  84  72  52  53  67  62  12  80  19  17  40  26
   97  23  98  13  44  60  94  60  59  66  52  67  21  26  69  96  84  80
   39  15   9  40  91  58  62]
 [  0  99  31  27  72  29  62  85  62  99  59  14  17  88  15  65  69  92
   89 100  45  45  54  98  37  34   1  29  42  74  58  44  76  73  53   3
   57  58  95  10  82  35  68  39  78  70   8   8  88   9  70  78  89   5
   53  48  94  73  63  11  29  51  49  29   6  87  28  49  42  77  65  54
   96  72  66  47  11   8  89  38  34   2  21  18  77  44  49  75  32  49
   36  89  87  36  47  44  68  83  65  74  65  79  97  17  26  49  43  28
   87  50  74  27  82  31  40  99 100   8  78  15  18  26  55  91  96   9
    8  56  40   6  65  79  57   3  87  22  13  55  67   2  57  14  18  44
   85  22  51  29  41  20  74  65  96   2  83  61  21  10  45  34   1  78
   38  79  64  38  16  73  93  15  81  25  31  92  27  21  65  71  44  88
    7  91  76  16  50  79  34  47  94  72  74  72  53  22  13  95  53  50
   28  60   3  35  48  56  64  94  90  33  50  78  86  54  69  98  43  72
   67   7  36  33  92  13  95  52  82  57  67  65  72  12  62  25  98  68
   56  10  33  97  61  84  89]]
 setup_times
 [[[  0  76 102  70  87  73  64 102 104 109  89  89  77]
  [  0   0 105  62  91  68 104  68 116 108  75  81  79]
  [  0 102   0  97  98  96 117  81  99  84  94  89  63]
  [  0  70 112   0  60  66  98  83  64 102  69 104 110]
  [  0  93 101  64   0  73 113  81 106  64  76  60  82]
  [  0  89  83  67  65   0  64 113  92  88 116 101  66]
  [  0 106 101 105  76  68   0  83 110 119  91  90 111]
  [  0  94  71  81  85 118  75   0 113  63  96  78  98]
  [  0 115  60 105  81  92  75 109   0 111 119  97  73]
  [  0  73  82  67  75  78  91  90 101   0  96  93  64]
  [  0  98 112 109  92  63 100 114 102 103   0  75 104]
  [  0  68  94  63  70  61  73  63  76  73  87   0  94]
  [  0 114  80 112  73 113  91  74 102  86  95 112   0]]

 [[  0  76  82 117  85  90  93  89 118  69  64 106  93]
  [  0   0  76 109  63 106 108  72  76  68  90 113  69]
  [  0  67   0 115 102  70  61  63 113 118  75 101  90]
  [  0  94  86   0  99  68  77 111 108 119  98  98 111]
  [  0  80  93  88   0 116  66  79  99  70  77 119  61]
  [  0  88 107 115  82   0  83  71  62 111  90 117 111]
  [  0  88 114  84 114  69   0 100  72  77  99 101  87]
  [  0  69  81  66  89  92  67   0  82 119  91  76  73]
  [  0 113  71  81  90  76  61  91   0  67 110  67  96]
  [  0  62  68  66  87  86  81  74  81   0 105  78  72]
  [  0  73  74 104 106 113  92  96 103  62   0 101  74]
  [  0 113  84 106 101  64  77 109 110 113 118   0 108]
  [  0 115 116  60 107  62  92  90  84  88  82  98   0]]

 [[  0 118  66  69  97  65  87  74  75 117  71 103 112]
  [  0   0 109 115  89  95  64 118  94 107  77  61  73]
  [  0  68   0  62  94 107  79  88  98 105  62 108  60]
  [  0  65 105   0 110  64  77 100 114  94  86  71  78]
  [  0  87 116  74   0  68 109  89  78  91 103  60  78]
  [  0  67  63 100 104   0 112  92  62 103  64 119  79]
  [  0 103 101  67  73  61   0 102  98  66 106  80 116]
  [  0  81 116  89  80  79  95   0 110  86  68  75  65]
  [  0  74  67  63  83  76  95  62   0  65  77  90  95]
  [  0  85  70 112  83 114 100  85  64   0  63  83  68]
  [  0  83  79 111 114 110  64  93 105 119   0  88  78]
  [  0 113 112  91  76  75 113 102  72  91  94   0  81]
  [  0 114 108  85  94  71  79  71  60  91  65 114   0]]

 [[  0  77  66 101  69  81  93 109 101 103  91  61 102]
  [  0   0  67  91  94 106  78  76 111 109 108 116 111]
  [  0  74   0  61  63  80  60  69  89  83  64 110 112]
  [  0 113  70   0  67  72  78 113  87  84  95 100 107]
  [  0  66  94  63   0 100  68  91  71 109  80  89  76]
  [  0  74  67  85  91   0  69  91  62  65  87  80  99]
  [  0  69  93  84  86  78   0 119  63  94  80 105 107]
  [  0  84  77  69  81  77  67   0 103 118 115  75  94]
  [  0 113  81 102 101 109  64 101   0  60 119  65  90]
  [  0 119 115  61 108 115  95  84  61   0  70  79 102]
  [  0  79  87  60  70  94  91  69  67  66   0  88  66]
  [  0  97 116 111  63  61  67  63  63 112  80   0 112]
  [  0 119  76  83  95  72  77  88  74  73 103  97   0]]

 [[  0  99 105  69 110  89  68 103  71 119 101  96  78]
  [  0   0  61  90  68 119  87  92 117  76 116  87 113]
  [  0  80   0  85  97 108 104  71 107 105 100 108  71]
  [  0  89 119   0  91 116  71  60 103 111  84  95  71]
  [  0  83 102  84   0  86  78  65 107 113 104 106  96]
  [  0  99 116 117  82   0  95 116 102  76 100  88 111]
  [  0  66  71 113  69 108   0 114  88  65  81  92  84]
  [  0  94  90  91 110  78  62   0 111 111  72  67 117]
  [  0  77 110 116  72  65  68 115   0  87  86 117  94]
  [  0 118  90 109  86 104  95  79  65   0 117  78  88]
  [  0  98  68  77 119 106  74 104  90  63   0  92  61]
  [  0  60 107  65  98  95  77  86  81 104 115   0  88]
  [  0  79 117 109 111  83  74  89 104 108 110  63   0]]

 [[  0  99  87  84  75 102  95  75  94  67  68 103 100]
  [  0   0  85  91  61  79  85 107 101  88 111 113  91]
  [  0  96   0  76  72 109  71 104  66  61  62  94 101]
  [  0 105  65   0  97  69 104 111  65  94  68  79  91]
  [  0  68 111  84   0  99  98  78  63 118 101  69 114]
  [  0 104  73  94  86   0  87 115  76  61  85  86  73]
  [  0 102 105  74 113 117   0 107  76  62  97  77  89]
  [  0  67  65  85  95  86 113   0  98  76  71  77  61]
  [  0 110  77  62  97  91  96 103   0 118 103  74 111]
  [  0  66  83  90  65  73  72  66  95   0 111 105  93]
  [  0  95  94 114  97  60  80  95  84  64   0 101  63]
  [  0  88  60  70  62  92  78  82 104  72  65   0  82]
  [  0 118 105  80  63  60 109 116  65  68  69 114   0]]

 [[  0 102 103 106  89 101  68  94 101 109 115 108  91]
  [  0   0  84  70 111 106  91  61 117  81  71  79 108]
  [  0 101   0  64  71  81  84  70 113  91 110 108  88]
  [  0  90  81   0  95  93 108  72  86  77  91  70  95]
  [  0  95  63  95   0  62  68  98  92  86  63 108  94]
  [  0 103 112 104  94   0  83  93 107  88 116  96  82]
  [  0  68  70  76 111  91   0  85  63 119  90  76 101]
  [  0 117  76  81  98  93  62   0  89  74  99  74  60]
  [  0  99  79 107  62 113  86 113   0 116  95  92 116]
  [  0  60 102 108  91 118 104 113  85   0 106 110  81]
  [  0 118 103 108 104  88 107  94  77 104   0  77  62]
  [  0  61  97  68  74  72 113  89  90 108  95   0  97]
  [  0 119  62  83  73  99  67 118  63 119 106  78   0]]

 [[  0  98 101 115  84 103  92  87 115  76  75  82  67]
  [  0   0  90  97  83  95  86  76  79 102  64  62  74]
  [  0 116   0 117  80 113  79  78 102  92  74  81  75]
  [  0  86  74   0 103  77  89  98  77 119  64 109  66]
  [  0  99  77 114   0  65  92 103  68  60 118 118  80]
  [  0 112  84  80  76   0  76  91  86  95  69  64 112]
  [  0  73  99  66 112 112   0  81 104 109  95  80  73]
  [  0  60  63  86  70 100  85   0  92  82  83  65 112]
  [  0 114  71 101 107 108  68  74   0  97 117  92  62]
  [  0 107  99 102  64  87  74  65 103   0  84  89  60]
  [  0  65 116  99  92  63  60  64  74  98   0  66  98]
  [  0  77  78  69 109  62  97  61  83 115 109   0 119]
  [  0 104  65  79  81  91  67  66  99 105  97  83   0]]

 [[  0  64  76  65  84 117 109  64  91 110  78  65  98]
  [  0   0  86 109 112  79  62 113  84  77  93  62  76]
  [  0 104   0  93 102  60 115  69  76  76 104 103  72]
  [  0 106 118   0  95  75  86 104 105  95  68  94  96]
  [  0  70  60 112   0  96  69  97 104  82  99  98  69]
  [  0 111  85  64  81   0 111  93  75 104  94 118  90]
  [  0 110 109  83  92  68   0 119  92  85 106 100  68]
  [  0  76  78  97  78  98  94   0  95  63 113 105  71]
  [  0  77  89 110 113  62  67  73   0  92  61  99  66]
  [  0  84 107  89  99  98  82  79  62   0  94  84  98]
  [  0  82 115  87  75 119  62 103  89  61   0 102  80]
  [  0 115  77 100  88  84  65 116  63  69  63   0  79]
  [  0  99  61 108  82  74  87  97  71  82  72  74   0]]

 [[  0  65  81 108 117  61  88  76  79  97  99  63  95]
  [  0   0  69  99  86  81  88  71  70 110 108  89 109]
  [  0 109   0  88 105  83 107  89  65 104 115  93  89]
  [  0  83 104   0  74  92 105  87  98  65  92 117  88]
  [  0  67  75  81   0 110  75 114 118 118  68  93 114]
  [  0  89  77 109  91   0 114  87 118  90  63  73  98]
  [  0 106  73  65 110  81   0 110  80  60 102  71 104]
  [  0 114 107  70 106  86  81   0  98  76  80  94 106]
  [  0  95  90  66  65 117 114  84   0  88  86 104 114]
  [  0 112  91 110  69  71 109 105 107   0 115  63 116]
  [  0  70 110 110  90 104  66 106  63  79   0 118 104]
  [  0 117 106 105 102 107  74  70  86  71  90   0 104]
  [  0 102  98  82 109  69  67  76  67  80  97  60   0]]

 [[  0  77  80 100  79 106  75 114  83  74  92 118 103]
  [  0   0  88  76  96  93 113  60 104 104 115 110  81]
  [  0  60   0  64  97 102  67 106  92 113  97 104  61]
  [  0  73 117   0  98  73  76  67  81  96 112 105 104]
  [  0  73 110  69   0  80  60  74  97  79  96  93  74]
  [  0  68  70  77  75   0  92 105 103  77  87 100  89]
  [  0  60 118  80  61 108   0  70 108  92  65 100 101]
  [  0  68 103  95  91 116 110   0 116 102  71  88  63]
  [  0  76  75  64  85 100  97  83   0  70  89 113  97]
  [  0 119  71  92  82 110  60 117  98   0 107  60  73]
  [  0  85  66 115 104  81  63  81  86  80   0 107  87]
  [  0 107 108 113  76 105  89 118 114  78  78   0 110]
  [  0  78 103  72  88  92  71  67  71  62  86  99   0]]

 [[  0  62 106  82  87 115  97  77  63  97  68  72  98]
  [  0   0  84 117 118 104  65  78 118  69  61  70  69]
  [  0  91   0  82  65 117  84  88  99  71 116  89  99]
  [  0  72 102   0 119  68  76  76  63  73  76 106  73]
  [  0 104  92 114   0  94 115 119 116 113 106 112  89]
  [  0  94 117  85  61   0 103 111  62  63  68  68  73]
  [  0  98  84  96 110 117   0  81  70 102 112 105 111]
  [  0  86  84  65 113 116  82   0  94  63  91  61  90]
  [  0 103  68  76  82  81  94  80   0 112  71  69  63]
  [  0  99 112  72 117 115  61  60  77   0  74  80  88]
  [  0 102  90  77 103 112 114  63  85  88   0 113  80]
  [  0 104  65  93 110  68  72  91  96  66  77   0  74]
  [  0 107  70 108  69  82 108 106  94  85  97  85   0]]

 [[  0  94  82  74  93 115  79 111 106 113  62  65  81]
  [  0   0 107  94  93 116  96  80  66 101  82 100 115]
  [  0 118   0  89  86  79 112  87 101  82  82 116  97]
  [  0 110 114   0  79  97 112  70  95 100 110  93  76]
  [  0  93 110 118   0 110 117 113  99  94 106  93 111]
  [  0  69  81  82  76   0  66 101  96 116  62 104 119]
  [  0  80  86  67  66  89   0  71  79 117  74  76  66]
  [  0 100 117 117 110 100 102   0 104  66  94  83 108]
  [  0  95  90 106  91  78 109  72   0  67 116  79  68]
  [  0  96  67  90 115  78 105  84  83   0  77 111  60]
  [  0  71  70  60 109  98  94  80  81  79   0  90  62]
  [  0  71  92  76  83  67  84 101  63  93  92   0  98]
  [  0  91  77  87  72  80 109 119  89  66 118 113   0]]

 [[  0  77 111 105 101  74  88  75 110  73  67  93 119]
  [  0   0  65  62 103  73 103  80  65 108  67  75  91]
  [  0  84   0  84  66  98  73  96  63 108 102  68  84]
  [  0  88 110   0  77 108 116  94  84  86  77 109  84]
  [  0 108  61 111   0  75  74 116  70  87 116  73 103]
  [  0  61 110 109 117   0  77  77 114 110  65  60 117]
  [  0  89  65  79 100  99   0 115  91 108  88  71  69]
  [  0 117 106  60  88  78 104   0  97  78  88  70  92]
  [  0 109  88  87  61 117  89 113   0 108  83 118  83]
  [  0  74 117  93  91 106  87  77  86   0  94 108 105]
  [  0 100  97  63  67  92 117  96  76  77   0  75  67]
  [  0 101  95  91  76  74  83  98  98  91  84   0  61]
  [  0  95 109  94 107 107  84 109  63 113  71  98   0]]

 [[  0 111 110 114 103  60 104  95  97  94 117 106 118]
  [  0   0  76 103  82  72  85 103  87  60 103  64  68]
  [  0  86   0  68  89 115  89 117 107 109 100 118  79]
  [  0  83  96   0  63  86  66  75 103  91  77  69  95]
  [  0  65  77 111   0  99  71  86 118  85  68 106 102]
  [  0  83  63 117  69   0 106  65  82 103 114  89 106]
  [  0  70 106 113  82 118   0  61  89 110 105  76  63]
  [  0  79  70  84 100  97 107   0  61  97 119 102  83]
  [  0  74  88  62  98  96  94 106   0  89  94 116  73]
  [  0  90  80  92  64 101  94 117  99   0 107  92  75]
  [  0  82  79  95  99 108 105  61 118 117   0 114  61]
  [  0  76  74 103  90 100  85  83  85  78  93   0  65]
  [  0 102  60 115  89 102 108  77 100 107  90  64   0]]

 [[  0 114  82  87 103  80  81  82  61 107  86  88 107]
  [  0   0  76  67  74  84  60  74 117 117  98  92 106]
  [  0  94   0  99 111  78 109  71  82  97  80  64  63]
  [  0 103 101   0  61  79  61  82  76  98 103  61  89]
  [  0  95  90  68   0  81  62  90  99 113  97  95  90]
  [  0  63  81 105  63   0  69 103 107 103  70  68  85]
  [  0 105 112 111  77 110   0  99  84  85 111  72  63]
  [  0  99  79 117  95  69  62   0  79  98 102  97 109]
  [  0 109 111  62  80  79 113  99   0  69  82 115  77]
  [  0 113  92  89 107  95  99  93  75   0  80 101  90]
  [  0  66  92  66 108  82 119  78 106  71   0  83 114]
  [  0  72  94  67  85  74  69  74 117 115 111   0  87]
  [  0 108 107  96  68 109 115  64  86  61  71  87   0]]

 [[  0  70 113 119 103  79 109  99  71  63  63  71  79]
  [  0   0  75 110  79 102  74 104 109  85  86 111 108]
  [  0  81   0 118  94  87  70  74  97 119  75  84  99]
  [  0  81  89   0  70  76  80 117  83  89  85 111  81]
  [  0 115  88  85   0  99  92  80  73 110  68  72  78]
  [  0  75  91 106 113   0  69  77  68  97 100  89  79]
  [  0 103  95  98  86  91   0  94 101 114 105 103  60]
  [  0 108  69  91  60  60  92   0  68 115 101  66  98]
  [  0  88  68 113 118  81 103  67   0  83  62  91  88]
  [  0  87  92  93 101  80  97 107  94   0 119  91  97]
  [  0  87 104  97  61  73  81  61  90 113   0  69 104]
  [  0  67  83 119 119  91  86  87  69  79  70   0 109]
  [  0  81  67 108  63  72  91  83 119 112 117 109   0]]

 [[  0 113  83  89  94 103 100 104 113  84 100 119  97]
  [  0   0 105  79  90  72  72  69  96  91 103  74 106]
  [  0  86   0 106  79 106  92  81 116  78 116  60  88]
  [  0  91  78   0  93 113  91  95  68  99  88 100 114]
  [  0  81  85 118   0  95  68  68  88  68  72  90  69]
  [  0 101  97 103 106   0 101  73 108 116  80  86 103]
  [  0  60  81 115  78  82   0  83  70 103  77 107  98]
  [  0  69  77 119  77  82  69   0 109  87 110 101  83]
  [  0  86  63 108  81 108  77  61   0  86  76  61  77]
  [  0 108 118  76 115 117 117  93  84   0  71  95  97]
  [  0  79 113  60  73 105  60 100  68  73   0 101  75]
  [  0  97 113  78  68 109 115  76 107  80  74   0  71]
  [  0 114  96 100  77  81 106 108  66  82  63 118   0]]

 [[  0  60 117  81  84  80  61  63  98 111 103  81 109]
  [  0   0  96  75 103  81 114  65 113  93  93  88  80]
  [  0 100   0  75  76 104  87  80 116  73  89 119 112]
  [  0  73  66   0  96 114  78 108 101  75 100  60  70]
  [  0  80  74  61   0 110 112  68 118  67  99 119  75]
  [  0  65  72  74 108   0 115 118  64  74  91  85  71]
  [  0  93  66  89  97  90   0 101  77  98  82  79  61]
  [  0 116 101 107  92 100  82   0 107 111  61 101  73]
  [  0 101  71 104  72  90  76  97   0  83  97 115  80]
  [  0  60  77  78 102 110  68  85  60   0 116  69  99]
  [  0  67  66  93 105  81  73  69 114 117   0  72  84]
  [  0  60 102 105  64  90  65 116 114 108  88   0 119]
  [  0  62  82  69 119  89  94  92  80  77  62 105   0]]

 [[  0  85  77 100 103  94 111 105 115  91  73  95 108]
  [  0   0 119 113 115 114 104  79 118  68  68  64  63]
  [  0 114   0  71 114  81  81  79 102 115  65  79 100]
  [  0  83  77   0  97 115  93  63  75  68  71  88 100]
  [  0 100 119  94   0  65  83  61  93 108 111  69  91]
  [  0 109 110  73 113   0  70  87  61  67  83 117  68]
  [  0  68 111  78  64 102   0  63  82  76 106  73  98]
  [  0 119  67 106 119  99 103   0  94  77 113  79 117]
  [  0  66  98  99  79  79 115  60   0 119  96 112 103]
  [  0 102  65  67 116  64 105  83  96   0  74  70  69]
  [  0  74  65  63  73 104  84  91 113  68   0  86  78]
  [  0  70  94 100  87  74  91  77  63  88 105   0 103]
  [  0  90 112 114  73 107  60  76  68  98 109 100   0]]]
 delivery_times
 [[ 0 22  9 85 70 36 81  8 85 79 30 34 72 32 51 26 35 80 94 36 25 58 30 96
  88 65 66 36 46 57 96 45  9 70 53 93 68 12 91 36 79 36 29 98 13 57 86 50
  31 57 27  7  1 82 40 75 22 81 32 86 65 97 56 16 85 22 15 25 20  5 19 54
  92 63 54 25 97  9 27 16 77  5  3 85  8 18 96 94 21 56 56 55 71 90 76 28
  33 53 93 35 79 18 74 32 76 87 66 15 80 85 43 99 10 88 87 18 42 13  9 42
  14 60 69 81 53 67 10 93 57 40 61  8 78 87 17  3 41  5 34 25 86 79 92 42
  20 59 53  7 40 96 93  2 97 35 40 81 38 62 23 30 70  1 78 58 88 13 85 23
  39 73 20 41 78 11 83  8 76 73 75 94 25 12 18 25 31 47 54 53 64 63 79 89
  51 97 26 37 19 38  8 23 99 18 24  7 91 75 99 45 62  3 64  1 59 16 97  2
  36 95 10 84 38 53  5 58 33 86 57 59  6 86  6 31 96 26 82 26 22 99 84 75
  26]
 [ 0 34 48 40 76 96 45  2 55 86 90 94 36 46 67 63 29 95  6 68 31 13 65 98
  40  5  1 51 15 97 31 47 10 39 18 61 12 91 47 21 96 11 92 56 57  6  1 95
  50 50 30 31 48 10 29 63 92 81 94 36 31 97 61  8 70 44 53 39 92 21 88  7
  37 69 92 81 22 41 35 50 30 73 89 67 44 32 50 48 48 94 43 72 50 77 27 20
  10 47 50  1 86 51 48  1 85 41 10 88 62 52 89 21 40  9 59 27 53 27 63 66
  59 40 25  3 41 57 18 69 86 19 83 44 87 44 12  2 34 45 96 74 88 83  1 14
  13 90 83 44 91 33 59 19 78 51 69 39 35 89 93 10 21 68  6 68  3 28 60 69
  95 47 84 40 23  7 77 48 81 49 11 87 38 72 50 88 62 69 34 75 54 27 57  2
   2 48 60 77 57 76  8 20 86 78 66 70 47  3 71 24 10 85 91 97 17  3 72  7
  10 92 26 72 77 44 96 55 64 74 69 49  1 31 16 95 53 52  7 54 99 30 52 37
  77]
 [ 0 15 91 80 27 79 18 58 94 58 13 18 33 41 38 82 14 24 69 30 55 51 66 15
  19 97 58 14 13 77 54 57 28 70 81 30 71 53 87 51  7 27 55 40 78 91 28  4
  53 93 44  9 29  6 58 89 31 75 70 63 31 67 48 23 47 22 25 91 95 18 88 90
  15 90 93 53 93 12 15 26 29 92 43 94 34  1 26 96 66 80 57  4 49 29 90 41
  41 47 42 95 51 51 90 61 21 33 16 40 70  8 86 11 65 49 34 57 27 93 38 68
  60  9 44 72 95 15 82 96 73 98 65 26 47 30 47 92 90 21  2 85  8 56 91 51
  79 41 15 87 62 96 76 41 41 77 86 80 49 88 60 23 60 40 91 91 24 43 52 26
  79 56 83 91 34 10 70 45 90 65 32 27 64 13 80 61  3 31 54 32 36 38 76 35
  82 65 38 88 16 72  7  4 48 85 72 67 43 99 94 42 29 81 60  9 65 92 17  3
  42 51 58 49 27 79 76 82 64 58 19 21  7 43  5 95 41 47 87 14 39 81 69 32
  28]
 [ 0 64 54 50 55 17 97 56 84  7 50 99 31 34 98 94 18 91 69 42 74  5 22 79
  98 31 54 83 27 94 40 24 35 67 82  8 16 90 49  3  6 55 40 72 22 79 22 55
  57 27 87  1 99 38 31 61 13  6  1 27 95 40 89 50 20 95 53 47 51 17 31 89
  23 63 61 35 67 83 90 93 34 25 37 14 61 14 11 55 97  5 91 78 28 12 64 21
  55 44 99 60  1 85  8  4 58 26 59 21 80 57 52 18 39 96 13 51 73 41 56 14
  88 93 55 86 89 86 17  3 64 55 48 40 72 67 77  2 52 80 28 13 66 97 73 80
   1 79 67 36 35 25 88 88  4 36 57 21 70 43 15  1 88 35 34 62 99 98 19 69
  52 27 60 30 82 57 40 63 19 50 88 93 33 20 57 80  5 35 98 65 24  6  6 45
  45 19 83 77 85 47 35 67 21 63 42 46 58 72 85 20 46  2 68 86 52 40 52 15
   2 46  7 29 53 30 86 67 67 30 33 40 12  4 51 31 51 15 38  1 87 57 10 90
  14]
 [ 0 17 48 27 93 22 38  1  6 53 69 41 66 52 18 57 91 13 24 13 42 66 54  4
  10 71 18  5 52 91 39 32 44 48 25 77 51 93 68  6 46 36  1 90 19  9 65 79
  23 45 59 63 20 37 34 13 25 77 62 99 94 37 81 17 34 56 41 79 45  2 35 64
  31 83 87 45 49 14 98 80 22 30 75 49 48 50 45 22 53 52 82  9 15 96 15 28
  92 75 36 69 42 25  1 58 35 73 76 81  2 64 84 91 35  9 59 60 46 17 93 47
  33  4  8 45 35 74 78 91  1  2 98 20  7 54 89 27 17 57 74 54 72 88 68 56
  50  2 80  2 59 81 95 67 12 97 83 49 45 27 73 21 37 30 97 36 39 50 13 72
  23 88 78 70 18 78 93  1 40  4 65 84  6 38 49 37 22 59 77 94 66 19 17 64
  92 50  3 17 97 97 53 80 81 23 11 62 78 35 23 34 50 16 19 32 70 93 68 89
  78 52 77 32 57 29 93 88 25 97  2 13 38 45 37 39 66 79 70  6 81 55 86  9
  30]
 [ 0 76  4 85 91 15 93 68 31 76 27 80 32 96 77 62 79 76 33 22 91 86  7 12
  17 36 66 45 92 22 76  3 56 54 28  4 67 63 57 78 39 66 92 69 93 59 54 38
  61 48 14  2 98 80 39 10 79 25  2 26 27 76 22 62 55 77  2 76 93 13  4  2
  11 55 74 65 71 18 77 53 96 87 96  9 88 91 69 24 25 21 27 10  3  6 34  2
  15 81 81 24 26 41 81 51 52 62 59 33  6 44 32 29 56 10 24 43 32 99 94  6
  97 89 16 54 37  1 15 38 39 64  7 66 68 99 65 54 94 45 47 52 23  8 80 45
  43 16  3 34 24 93 34 88 87 97 76 99 38 34 37 67  5 90 97 63 31 57  9 53
  32 57 97 25 70 34 18 99 79 15 39 73 72 71 15 44 66 61  2 65 47 18 16 60
  52 15 25 48 16 42 89 94 39 42 29 52 29 99 80 73 32 25  6 28 26 29  3 53
   7  4 37 14 51 78 37 23 39 39 60 17 75 89 56 63 91 49 16  8  3  5  2 67
  11]
 [ 0 46 82 46 23 16 41 73 80 48 13 45 20  1 86 30 56 94 15 19 41 98 84 32
  63 38 26 16 48 85 31 87 44 70 57 54 61 51 99 69 95 36 45  2 83 94 77 28
  59  4 48 80 86 74 55 43 25 18 52 44 18 39 93 37 75 17 17 39 37 36 95  8
   9 37  3 75  1 98 61 43  7 48 37  8 48 69 58 43 57 67 53 16 88 12 75 82
  37  1 43 96 18 65 57 52  5 92 26 18 38 27  4 21 67 34 20 78 96 60 38 73
  64 88 47 56 12 57 74 39 12  3 14 44 90 78 70  7  6 75 78 70 90 14 70 50
   1 49 26 15 64 40 38 61  5 35 53 67 64 69 43 29 95 39 95 34 15 49  6 82
  62 94 92 97 51 65 86 96 30 83 49 44 62 82 67 58 15 52 44 22 64 72 29 26
  75  7 49 58 90  8 66 50 12 67 56 33 98  8 62 26 37 62 31 78 62 57 42 66
  62 99 32 79  2 55  1 26 12 76  2 46 46 10  5 88  1 44 40 75 82 73 10 20
  95]
 [ 0 80  3 41 16 57 85 42 75 47 14  5 85 28 91 91 81 82 24 81 59 54  9 39
  66 66 63 58 64 10  4 11 81 19  1 46 36 19 77 99 32 23  8 40 77 85 90 63
  70 41 60 25 64 94 16  8 58 80 85 55 49 65 47 19 19 11 17 60 63 86 26 79
  96 68 47 87  1 65  8 19 65  2 30 88 32 48  5 94 38 82 64 23 45 89 15 50
  99 62 93 45  8 93 68 11 46 90 87  2 48 17 63 70  4 17 82 24 83 35 81 99
  62 19 30 74 80 43 15 39 24 46 67 68 54 11 96 30 40 84 73 83 91 41 25 41
  58 42 93 41 15 82 94 77 32 66 39 81 18 75 50 18 23 75 12 39 70 66 58 26
  25 40  8 35 88 36 79 74 78 33 86 78 32 55 10 99 96 84 13 53 86 41 90 92
  57 85 80  2 53 62 52 89 13 10 58 14 36 17 15  7  9 60 21 57 46 84  5 57
  76 40 59 62 40 95 55 92 75 55 45 17 20 64 50 18 73 58  6 42 84 32 88 82
  22]
 [ 0 59 13 90 52 47 26 14  5 93 15 14 70 95 60 22 87 77 76 78 81 56 96 56
  37 54 96 96 43 32 56 97 76 20 84  8 77 60  9 19 62 31 76 48  6 65 51 14
  91 32 17 84 70 30 75 77 33  3 37 74 46 76 66 58 94 25 37 20 51 53 76 88
  17 54 35 30 91  7 78 85 43 10 90 51 88 28 88 53 83 50 54 61 17 70 67 88
  28  6 53 63 96 44 14 45 83 76 53 45 54 79  7 94 32 55 60  5 98 24 49 72
  12 37 87 44 66 66 22 65 58 53 54 44 54 90 16  1 66 10 95 30 68 92 30 28
  42 93 63  5 84 82 43 74 32 13 77 89 58 68 41 70 61 79  9 89 78 54 92 95
  21 59 87 79 59 82 46 24 69 19 76 80 98 23 16  7 65 30 80 82 49 22 22 61
  83 76 47  6 14 89  1 44 89 21 70 84 23 30 40  9 81  5 92 17 79 48 93 57
  76  1 55 22 71 18 60 88  1 95 56 29 71 46 12 79 91 96 14 10 42 17 28 61
  25]
 [ 0 75 49 28 13 76 70 83 59 83 90 37  7 96 59 30 75 84 82 42 63 13 23 83
  75 34 35 43 94 39 72 79 32 63 59  1 24 12 42 76 16 71 44 89 44 38 48 12
   1 96 16 68 68 54 51  8 99 44 90 49 13 53 72 19 34 48 88 54 81 68  1 50
  82 45 15 62 47 77 14 84  3 42 57 84 24 84  8 55 20 59  1 47 62 68 58  8
  55 89 17  7 57  6 14 13 59 23 57 98 34 97  5 62 86 68 49 75 24 23 49 66
  87 16 49 77 58 85 25 29 91 99 86 56 40 29 98 14 19 65 52 72  3  1  2 94
  43 37 49 49 43 53 36 20  9 42 36 89  9 62 46 53 51 37 90 32 77 15  5 39
  55  3 87 44 47 13  6 68 33 78 64 68  1 61 53 87 78 69 89  9 96 63 66 84
  34 42  1 72 48 99 91 27 82 73  9 39 45 51 41 40 76 25 25 99 82 25 33 64
  11 61 85 30 23 49 87 35 35 39 84 96 48  9  5 17 27 73 33 24 72 41 68 31
  44]
 [ 0 86 84 59 49 50 89 81 41  3 79  8 60 97 18  8 24 23 85 50 42  4 31 19
  20 67 54 39 49 34 50 56 16 96 34 23 64 10 87 63 52 31 55 43  1 38 19 90
  75  4 67 65 69 61 71 34 88 47 94 50  6 35 37 35 92 50 80 45  2 42 21 19
  13 74  4 14 91 78 98 70 74 77 20 99 69  1 10 21 13 47 49 98 54 35 86 46
  33  4 43 32 73 95 59 10 86 10 91 98  6  8 78 37 54 64 17 63 71 23 56 69
  92 70 66 41 47 79 29 61  1 77 47 25 97 25 12 59 76 81  8 39 19 26 31 13
  49  9 83 36 24 64 16 70 16  1 55 82 19 68 62 28 91 40 48 19 24 83 25 50
  61 31 82 51 67 78 17 87 39 32 64 45 30 81 19 71 63 17 94 60 81 44 16 65
  59 62 48 22 63 21 28 98 60 67 88 18 51 12 16 39 98 84 40 26 76  1 46 79
  19 22 58 10 98 59 44 18 56  8 50 23 31 31 87 98 86 96 78 98 40 91 61 67
   6]
 [ 0  6 48 58 13 90 41 65 16 28 47  9 79  1 18 82  3 66 64 13 88 46 40  3
  43 88 42 78 58 44 21 20 11 56 53 39 92 15 68 25 24 47 82 96 96 89 16 81
  88 80 21 59 35 48 74 72 46 96 93 31  9  5 30 20 10 35 70 27  6 79 92 17
  81 74 56 98 67 91  8 29 15 49 17 15 95  5 74 57 85 86 80 42 52 72 42 79
  70 43 90 92 37 10 24 18 11 20 84 47 19 29 94 60 94 62 20 36 20 33  9 43
  17 88 79 20 32 68 97 88 51 18 44 91 94 15 76 23 58 28 36 68 69 94 54 11
  17 26 77 63  2 77  1 85 43 41 46 66 91 43 66 85  5 82 51 90 77 93 78 27
   6 76 39 20 42 45 85 69 13 27 36 17 23  1 71 30 19 12 87  5 38 72 26 51
  19 46 35 88  7  6 93 65 21 84 37 58 88 18 53  1 17 60  7 32 24 11 31 81
  38  9 19 73 31 74 60 70  4 64 81  7 21 55  8 55 13 65 71 51 52 53 30 78
  16]
 [ 0 52 66 95 41 24 16 40  6 10 19  6 54 29 23 28 25 15 11 25 50 57 22 43
  91 65 20 45 35 34 76 92 47 21 99 35 23 88 16 88 22  2 68 38  1  4 14 68
  49 18 57 30 90 18 76 93 92 54 25 29 31 73 12 22 36 23 28 19 69 91 69 17
  43 10 36 25 35 93 73 31 87 30 95 41 70 58 14 99 73 84 84 68 67 50 49 66
  61 92 94 55 71 97 64  6 22  8 57 47 98 45 17 36 47 44 82 51 42 16 74 13
  88 39 17 24 37 77 87 29 26 12 54 38  5 85 84 97 76 67 65  9 74 64  3 88
  64 47 74 73 73 60 65  4 22 37 36 46  2 23 96 55 29 15 17  6 96 81 34 67
  34 12 16 68 18 45 15 40 68 79 23 17 46 68 12 46 91 83 12 52 92 48  1 32
  61 24 63 81 50 47 64 12 54 53 20 36 33 64 69 38 96  5 69 59 96 88 47 78
  50 60 51 29 42 54 97  8 93 23 98 79 13 24 10 39 27  2 75 83 37 83 93 13
  90]
 [ 0 86 38 37 68 51 32  4 12 28 41 48 39 39 37 83 34 49  2 25 17 62 73 74
  41 64 41 79 53 92 10 40 74 56  4 41 54 91 60 96 66  7 14 79 25  1 54 56
  48 95 36 68 90 87 19 46 26 29 64 58 69 39 74 91 93 81  2 72 88 48 90 90
  89 73 49 98 81 33 46 32 67 41 19 55 57 19 12 89 41 37 62 50  6 87 28 43
  83 48 29 31 54 85 91 22 50 59 38 93 38 51 82 64 62 93 55 33 77 72 56 74
  46 44 39 90 47 33 15 67 81 76 49 34 10 47  6  1 57  1 64  5 26 81 27 79
  85  1 82 80 79 69 80 21 34 86 31 83 32 25  3 54 77 85 33 43 79 14 79 60
  59 31 17 10 94 51 14 53 47  1 56 87 45 68 55 72 16 26 98 42 36 60 93 34
  36 32 31  7  7 44 70 93 86 58  7 97 47 40 80  2 50 61 99 85 61 89 12 64
  95  4 65 70 22 29 55 19 28 59 18 18 86  4 74 60 84 27  1  7 86 25 20 27
  47]
 [ 0 42 24 90 72 24 18 99 26  5 11 26 38  4 17 62 39 90 87 74 16 40 94 97
   6 61 18 53 69 53 69 50 51 65 91 38 42 61 11 13 75 48 49 67 49 65 25 41
  85 61 30 23 53 59 39 17  6  5 47 48 12  3 41 64 52 59 18 94 57 88 59 35
  83 45 78 68 85 78 82  7 33  4 17 66  4 24  1 60 17 87 71 87 41 55 50 60
  91 17 34 24 53 11 22  4 74 67 23 50 96 30  8 52 39 16 11 96 99 72 54 89
  85  1 32 93 58 65 35 49 44 70 98 69 94 64 23 72 27 37  1 44 36 77 38 83
  50 36 67 75 77 68 24 40 30 46 81 71 15 69 37 68 60 70 10 60 44 12 16 41
  34 57 33 49 67 71 78 39 17 86 49 13 53 54 66 70 38 95 24 73 64 63 69  6
  71 30 58 76 26 48 97 16 78 31 93  3 90 33 91 43 79 13 74 52 72  3 74 45
  84 83 66 28 75 16 19 24 30 51 16  4 84 78 36  2 14 86 38 71 60 62 50 78
  46]
 [ 0 54  1 58 41 96 12 37 50 83 76 63 99 41 75 89 24 44 67 68 52 73 43 52
  88  3 74 75 16 74 86 22 93 33 92  5 41 23 68 40 84 49 53 20 53  1 28 55
  15 88 43 77 39 81  9 17 28 55 95 40  5 18 17 30 79 75 88 16 19 98 60 35
  17 15 14 20 29 35 24 48 89 96 75 31 56 94 21 55 49 64 53 50 71 22 82 88
  64  5 89 59 18 87 36 49 71 44 47 60 94 64 84 38 79 76 80  7 52  2  7 90
  99 58 76 49 18 14 37 74 82 31 12 82 21 18 13 75  4  6 50 20 47 21 10 94
  17 55  8 45 98 51 22 43 38 61 83 69 52 30 86 51 15 52 64 30 42 76 97 13
  75 40 30 27 40  5  9 16 26 55 76 13 39 61  6 68 99  1 24 48 40 83 92 42
   7 71 68 50  7 63 47 28 76 97 67 13 27 59 91 43 48 87 73 12 66 38 92 12
  61 29 61  3 26 28 59  5 50 96 75 78 50 63  1 15 58 26 72 13 29 74 88 50
  16]
 [ 0 35 60 32 12 14 58  7 95 24 57 20 40 92 29 94 86 63 40 96  5 55 14 65
  91  3 76 73 34 93 80 85 37 36 24 10 89 55 31 13 45 37 26 87 25 35 45 46
  39 58 77 71 54 89 86 40 42 47 63 94 79 28 58  5 24 53  1 27 82 66 72 76
  86 75 41 91 32 28 68 82 25 37  5 53 35 17 43 24 97 63  5 82 13 16 98 39
  68 51 25 22 67 14 29 85 17 17 57 49 27 85 51 98  5 18 27 72 21 99 94 37
  29 66 25 74 78 95 37 52 58 68 46  2 52 22  2 29 93 95 43 44 80 16 36 42
  12  9 55 83 97 60 84 28 14 62 96 54 39 55  2 86 72 18 97 29 34 44 71 44
  90 78 29 65 22 77 15 68 77  3 22 23 34 83 23 11 11 58 53 48 49 60 31 21
  81 67 32 48  6 11 35 76 67 31 39 60 99 76 40 44  7 93 61 66 42 64 47 25
  28 54 95 59 37  7 11 41  9 14 76 70  9 84 90 42 70 48 32 86 83 64 45 99
  33]
 [ 0 74 70 92 62 47 57 51 26 90 31 48 52 31 61 17 75 56 45 58 39 39 99 89
  49 61 46 29 48 30 30 32 60 24 84 83 69 30 65 31 51 82 92 31 76 53 67 29
  40 43 16 42 14 18 41 54 28 64 47 66 77 69 38 49 70  9 63 91 99 31 35 55
  33 37 35 59 23 38 76 95  1 13 11 51 62 72 34 39 45 46 99 19  2 50 45 68
  32 62 51 45 91  7 50 10 67 40 84 38 46 93 51 78 45 52 29 41 91 96 61 43
  23 64 49 68 62 19 92 95 44 12 48 85 75 67 53 69 76 86 15 50 22 51 83 72
  18 88 65 74 38 89 51 79 75 70  8  8  2 89 40 22 64 71 21 45  3 93 19 50
  72 95 46 53 40 74 48 46 84 27 96 51  2 78 81 32 73 50  7 42 76 70  3 20
   3 50  6 53 44 98 64 62 15 32 37 64 60 24  3 56 34 98 47 21 48 79 57 15
   4 38 81 38 78 32 98 17 85 99 19 45 54  7 35 49 42 20 88 12 86 64 97 80
  10]
 [ 0 49 77 62 75 35 12 97 49 87 29  3 90 24 98 21 24 98 69 70 99 70 99 38
  43 28 86 16 61 65 25 84  7  3 14 29 47 40 41 76 86 92 33 36 51 74 53 54
  13  2 26  9 45 37 20 64 13 70 54 56 70 22 79 61 65 34 22 21 78 64 47 85
  74 52 99 13 11 96 20 96 84 37 15 17 19 40 93 27 27 38 90 18 39 64 97 19
  12 63 23 58 60 68 64 74 11 54 25 84 51 51 71 71  9 47 20 36 65 60 59  1
  22 63  4 20 35 98 56 93 12  5 76 39 63 57 51 78 74 29  2 32  4 57 50 23
  71 19  1 84 87 48 28 13 13 88 83 34 47 84 73 61 99 41 54 78 53 74 81 26
  14  9 10 17  1 70 13 14 17 89 65 87 57  5 44 58 97 40 25 74 13 14 57 47
   3 37 68 31  3 49 38 56 21 94  4 47 49 47 27 91 20 61 24 35 16 35 15 37
  62 67 42 92 14 40 28 25 54 82 12 72 86 99 83 89 21 92 40  2 98 27 23 56
  62]
 [ 0 32 76 61 30 72  9 87 24 97 37 11 80  4 42 32 40 88 45 23 76  2  4 52
  22 82 89 79 22 79 77 72 95 73 61 17 91 86 83 34 35 82 32 88 12 88 22 34
  74 49 66  2 67 59 64 86 66 98  9 16 63 20 72 15 43  6 51 17 24 87 21 83
  57 80 34 78  9 14 77 69 40 23 77 16 95 22 79 25 93 46  4 80 33 48 77 91
  97 19  9 40 97  9 98 95 36 79 75 94 26 10 16 19 16  2 15 14 76 79 33 62
  29 88 13 49 74 46 10 99 78 31 47  7 53 95 80 98 68 24 12 49 26  6 45 85
  57 70 16 33 57 42 12 27 75 12 67 46 34 62 31 93 80 97  9 35 25 12 49 14
  43 11 68 80 47 21 82 72 97 28 13 87 35 17 80 74 59 73 39 16 91 39 26 69
  82 38 39 21 17 88 16 77 30 79 51 52  7 64 66 89 73 41  9 85  1 31 76 63
  73 10 52 17 13 62 50 28 76 59 93 30 62 43 60 76 77 94 30 23 97  6 80 36
  25]]
 job2fam
 [[1 0 0 0 0 0 0 0 0 0 0 0 0 0 0 0 0 0 0 0 0 0 0 0 0 0 0 0 0 0 0 0 0 0 0 0
  0 0 0 0 0 0 0 0 0 0 0 0 0 0 0 0 0 0 0 0 0 0 0 0 0 0 0 0 0 0 0 0 0 0 0 0
  0 0 0 0 0 0 0 0 0 0 0 0 0 0 0 0 0 0 0 0 0 0 0 0 0 0 0 0 0 0 0 0 0 0 0 0
  0 0 0 0 0 0 0 0 0 0 0 0 0 0 0 0 0 0 0 0 0 0 0 0 0 0 0 0 0 0 0 0 0 0 0 0
  0 0 0 0 0 0 0 0 0 0 0 0 0 0 0 0 0 0 0 0 0 0 0 0 0 0 0 0 0 0 0 0 0 0 0 0
  0 0 0 0 0 0 0 0 0 0 0 0 0 0 0 0 0 0 0 0 0 0 0 0 0 0 0 0 0 0 0 0 0 0 0 0
  0 0 0 0 0 0 0 0 0 0 0 0 0 0 0 0 0 0 0 0 0 0 0 0 0]
 [0 1 0 0 0 1 1 0 0 1 0 0 0 0 0 0 0 0 0 0 0 0 0 0 0 1 0 0 0 0 0 0 0 0 0 0
  0 0 0 0 0 0 0 0 0 0 0 1 0 0 0 0 0 0 0 0 0 0 0 0 0 0 0 0 0 0 0 0 0 1 0 0
  1 0 0 0 0 0 0 0 0 0 0 1 0 0 0 0 0 0 0 0 0 0 0 0 0 0 0 0 0 1 0 1 0 0 0 0
  0 0 0 0 1 0 0 0 0 0 0 0 0 0 0 0 0 0 0 0 0 0 0 0 1 0 1 0 0 0 0 0 0 1 0 0
  0 0 0 0 0 0 0 0 0 0 0 0 0 0 0 0 0 0 0 0 0 0 0 0 0 1 0 0 0 0 1 0 0 0 0 0
  0 0 0 0 0 0 1 0 0 0 1 0 0 0 0 0 0 0 1 0 0 1 0 0 0 0 0 0 0 0 1 0 0 0 0 1
  0 0 0 0 0 0 0 0 0 0 0 0 0 0 0 0 0 0 0 0 0 0 0 0 0]
 [0 0 0 0 0 0 0 0 1 0 0 0 0 0 0 0 0 1 0 0 0 0 0 0 1 0 0 0 0 0 0 0 0 0 0 0
  0 0 0 0 0 1 0 0 0 0 0 0 0 0 0 0 0 1 0 0 0 0 0 0 0 0 0 0 0 0 0 0 0 0 0 0
  0 0 0 0 0 0 0 0 0 0 0 0 1 0 0 0 0 0 0 0 0 0 0 1 0 0 0 0 0 0 0 0 0 0 0 1
  0 0 0 0 0 0 0 0 0 0 1 0 0 0 0 0 0 1 0 0 0 0 0 0 0 0 0 0 0 0 0 0 0 0 0 0
  0 0 1 0 0 0 0 1 0 0 0 1 0 0 0 0 0 0 0 0 0 1 0 0 0 0 0 1 0 0 0 0 0 0 0 0
  0 0 0 0 0 0 0 0 0 0 0 0 0 0 0 0 0 0 0 0 0 0 0 0 0 0 0 0 0 0 0 0 0 0 0 0
  0 0 1 0 0 1 0 0 0 0 0 0 0 0 0 0 0 0 0 0 0 0 0 0 0]
 [0 0 0 0 1 0 0 0 0 0 0 0 0 0 0 1 0 0 0 1 0 0 1 0 0 0 1 0 1 0 1 0 0 0 0 0
  0 0 0 0 0 0 0 0 0 0 0 0 0 1 0 0 0 0 0 0 1 0 0 0 0 0 0 0 0 0 0 0 0 0 0 0
  0 0 0 0 0 0 0 0 0 0 0 0 0 0 0 0 0 0 0 0 0 1 1 0 0 0 1 0 1 0 0 0 0 0 0 0
  0 0 0 0 0 0 0 0 0 0 0 0 0 0 0 0 0 0 1 0 0 0 0 1 0 1 0 1 0 0 1 0 0 0 0 0
  0 0 0 0 0 0 0 0 0 0 1 0 0 0 0 0 0 0 0 0 1 0 0 0 0 0 1 0 0 0 0 0 0 0 0 0
  1 0 0 0 1 0 0 0 0 0 0 0 0 0 0 0 0 0 0 1 0 0 0 0 1 0 0 0 0 0 0 0 0 0 0 0
  0 0 0 0 0 0 0 0 0 0 0 1 0 0 0 0 0 0 0 0 0 0 0 0 0]
 [0 0 0 0 0 0 0 0 0 0 0 0 1 0 0 0 0 0 0 0 0 0 0 0 0 0 0 0 0 0 0 0 0 0 0 0
  0 0 0 0 0 0 0 0 0 0 0 0 0 0 0 0 0 0 0 0 0 0 1 0 0 0 0 0 1 0 0 1 0 0 0 0
  0 0 0 1 0 0 0 0 0 0 0 0 0 1 0 0 0 0 1 0 1 0 0 0 0 0 0 1 0 0 0 0 0 0 0 0
  0 1 0 0 0 0 1 0 0 0 0 0 0 0 0 0 0 0 0 0 0 0 0 0 0 0 0 0 0 0 0 0 0 0 0 0
  0 0 0 0 0 0 0 0 0 0 0 0 0 0 0 0 0 0 1 0 0 0 0 0 1 0 0 0 0 0 0 0 0 0 0 1
  0 1 0 0 0 0 0 0 0 0 0 0 0 0 1 0 0 0 0 0 0 0 0 0 0 0 0 0 0 0 0 0 0 0 0 0
  0 1 0 0 0 0 0 0 0 0 1 0 0 0 0 0 0 0 0 0 0 1 0 0 0]
 [0 0 0 1 0 0 0 0 0 0 0 0 0 0 0 0 0 0 0 0 0 0 0 0 0 0 0 1 0 1 0 0 0 0 0 0
  0 0 0 0 0 0 1 0 0 0 0 0 0 0 1 0 0 0 0 0 0 0 0 0 0 0 0 0 0 0 0 0 1 0 0 0
  0 0 0 0 1 0 0 0 0 0 0 0 0 0 0 0 0 0 0 0 0 0 0 0 0 0 0 0 0 0 1 0 0 0 0 0
  0 0 0 0 0 0 0 1 0 0 0 1 0 0 0 0 0 0 0 1 0 0 1 0 0 0 0 0 0 0 0 1 0 0 0 0
  0 0 0 0 0 0 0 0 0 1 0 0 0 1 0 0 0 0 0 1 0 0 0 0 0 0 0 0 0 0 0 0 1 0 0 0
  0 0 0 1 0 0 0 0 1 0 0 0 0 0 0 0 0 0 0 0 0 0 0 0 0 0 0 0 1 0 0 0 0 0 0 0
  0 0 0 0 0 0 0 0 0 0 0 0 1 0 1 0 0 0 0 0 0 0 0 0 0]
 [0 0 0 0 0 0 0 1 0 0 0 1 0 0 0 0 0 0 0 0 0 0 0 0 0 0 0 0 0 0 0 0 0 0 1 0
  0 0 0 1 0 0 0 0 0 0 1 0 0 0 0 0 1 0 1 0 0 0 0 0 0 0 0 0 0 0 0 0 0 0 0 0
  0 0 0 0 0 0 0 0 1 0 0 0 0 0 0 0 0 0 0 0 0 0 0 0 0 0 0 0 0 0 0 0 0 0 0 0
  0 0 0 0 0 1 0 0 0 0 0 0 0 0 0 0 0 0 0 0 0 0 0 0 0 0 0 0 1 0 0 0 0 0 0 0
  1 0 0 0 0 0 0 0 0 0 0 0 0 0 0 0 0 0 0 0 0 0 0 1 0 0 0 0 0 1 0 0 0 0 0 0
  0 0 1 0 0 1 0 0 0 0 0 0 0 0 0 0 0 0 0 0 0 0 0 0 0 0 0 0 0 0 0 0 1 0 0 0
  0 0 0 0 1 0 0 0 0 1 0 0 0 0 0 0 0 0 1 0 0 0 0 0 0]
 [0 0 0 0 0 0 0 0 0 0 0 0 0 1 0 0 0 0 0 0 0 0 0 0 0 0 0 0 0 0 0 0 0 0 0 0
  0 0 0 0 1 0 0 0 0 0 0 0 0 0 0 0 0 0 0 0 0 0 0 1 0 1 0 0 0 0 0 0 0 0 0 0
  0 0 1 0 0 0 1 1 0 0 1 0 0 0 0 0 0 0 0 0 0 0 0 0 0 1 0 0 0 0 0 0 0 1 0 0
  0 0 0 0 0 0 0 0 0 0 0 0 1 0 0 0 0 0 0 0 1 1 0 0 0 0 0 0 0 0 0 0 0 0 0 0
  0 1 0 0 0 1 0 0 0 0 0 0 0 0 1 0 0 0 0 0 0 0 0 0 0 0 0 0 0 0 0 1 0 0 0 0
  0 0 0 0 0 0 0 0 0 0 0 0 0 0 0 1 1 0 0 0 1 0 1 0 0 0 1 0 0 0 0 0 0 0 1 0
  0 0 0 0 0 0 0 1 1 0 0 0 0 0 0 0 0 0 0 0 0 0 0 0 0]
 [0 0 0 0 0 0 0 0 0 0 0 0 0 0 1 0 0 0 0 0 0 1 0 0 0 0 0 0 0 0 0 0 1 1 0 0
  0 0 0 0 0 0 0 1 1 0 0 0 0 0 0 1 0 0 0 0 0 1 0 0 0 0 1 1 0 0 0 0 0 0 0 0
  0 0 0 0 0 0 0 0 0 0 0 0 0 0 0 0 0 0 0 0 0 0 0 0 0 0 0 0 0 0 0 0 1 0 0 0
  1 0 0 1 0 0 0 0 0 1 0 0 0 0 1 0 0 0 0 0 0 0 0 0 0 0 0 0 0 0 0 0 0 0 0 0
  0 0 0 0 1 0 0 0 0 0 0 0 0 0 0 0 1 1 0 0 0 0 0 0 0 0 0 0 0 0 0 0 0 0 0 0
  0 0 0 0 0 0 0 0 0 1 0 1 0 0 0 0 0 0 0 0 0 0 0 0 0 0 0 1 0 1 0 0 0 0 0 0
  0 0 0 1 0 0 0 0 0 0 0 0 0 0 0 0 0 1 0 0 1 0 0 0 1]
 [0 0 0 0 0 0 0 0 0 0 0 0 0 0 0 0 0 0 1 0 0 0 0 0 0 0 0 0 0 0 0 0 0 0 0 1
  0 0 0 0 0 0 0 0 0 1 0 0 0 0 0 0 0 0 0 0 0 0 0 0 0 0 0 0 0 0 0 0 0 0 0 0
  0 0 0 0 0 1 0 0 0 1 0 0 0 0 0 0 0 0 0 1 0 0 0 0 0 0 0 0 0 0 0 0 0 0 1 0
  0 0 0 0 0 0 0 0 0 0 0 0 0 0 0 0 1 0 0 0 0 0 0 0 0 0 0 0 0 1 0 0 0 0 0 1
  0 0 0 0 0 0 0 0 0 0 0 0 0 0 0 1 0 0 0 0 0 0 0 0 0 0 0 0 0 0 0 0 0 0 0 0
  0 0 0 0 0 0 0 0 0 0 0 0 0 0 0 0 0 0 0 0 0 0 0 1 0 0 0 0 0 0 0 0 0 0 0 0
  0 0 0 0 0 0 0 0 0 0 0 0 0 0 0 1 0 0 0 1 0 0 0 0 0]
 [0 0 0 0 0 0 0 0 0 0 0 0 0 0 0 0 1 0 0 0 0 0 0 0 0 0 0 0 0 0 0 0 0 0 0 0
  0 1 1 0 0 0 0 0 0 0 0 0 0 0 0 0 0 0 0 1 0 0 0 0 0 0 0 0 0 1 0 0 0 0 1 1
  0 0 0 0 0 0 0 0 0 0 0 0 0 0 1 0 1 0 0 0 0 0 0 0 1 0 0 0 0 0 0 0 0 0 0 0
  0 0 0 0 0 0 0 0 1 0 0 0 0 0 0 0 0 0 0 0 0 0 0 0 0 0 0 0 0 0 0 0 0 0 0 0
  0 0 0 0 0 0 1 0 1 0 0 0 0 0 0 0 0 0 0 0 0 0 1 0 0 0 0 0 1 0 0 0 0 0 0 0
  0 0 0 0 0 0 0 0 0 0 0 0 1 1 0 0 0 0 0 0 0 0 0 0 0 0 0 0 0 0 0 1 0 0 0 0
  0 0 0 0 0 0 1 0 0 0 0 0 0 1 0 0 1 0 0 0 0 0 0 0 0]
 [0 0 0 0 0 0 0 0 0 0 0 0 0 0 0 0 0 0 0 0 1 0 0 0 0 0 0 0 0 0 0 1 0 0 0 0
  1 0 0 0 0 0 0 0 0 0 0 0 0 0 0 0 0 0 0 0 0 0 0 0 1 0 0 0 0 0 0 0 0 0 0 0
  0 1 0 0 0 0 0 0 0 0 0 0 0 0 0 1 0 0 0 0 0 0 0 0 0 0 0 0 0 0 0 0 0 0 0 0
  0 0 0 0 0 0 0 0 0 0 0 0 0 1 0 0 0 0 0 0 0 0 0 0 0 0 0 0 0 0 0 0 1 0 1 0
  0 0 0 0 0 0 0 0 0 0 0 0 1 0 0 0 0 0 0 0 0 0 0 0 0 0 0 0 0 0 0 0 0 1 1 0
  0 0 0 0 0 0 0 0 0 0 0 0 0 0 0 0 0 0 0 0 0 0 0 0 0 0 0 0 0 0 0 0 0 1 0 0
  1 0 0 0 0 0 0 0 0 0 0 0 0 0 0 0 0 0 0 0 0 0 0 1 0]
 [0 0 1 0 0 0 0 0 0 0 1 0 0 0 0 0 0 0 0 0 0 0 0 1 0 0 0 0 0 0 0 0 0 0 0 0
  0 0 0 0 0 0 0 0 0 0 0 0 1 0 0 0 0 0 0 0 0 0 0 0 0 0 0 0 0 0 1 0 0 0 0 0
  0 0 0 0 0 0 0 0 0 0 0 0 0 0 0 0 0 1 0 0 0 0 0 0 0 0 0 0 0 0 0 0 0 0 0 0
  0 0 1 0 0 0 0 0 0 0 0 0 0 0 0 1 0 0 0 0 0 0 0 0 0 0 0 0 0 0 0 0 0 0 0 0
  0 0 0 1 0 0 0 0 0 0 0 0 0 0 0 0 0 0 0 0 0 0 0 0 0 0 0 0 0 0 0 0 0 0 0 0
  0 0 0 0 0 0 0 1 0 0 0 0 0 0 0 0 0 1 0 0 0 0 0 0 0 1 0 0 0 0 0 0 0 0 0 0
  0 0 0 0 0 0 0 0 0 0 0 0 0 0 0 0 0 0 0 0 0 0 1 0 0]]
