params：
 weight-->(1, 10)
 proc_times-->(1, 100)
 setup_times-->(60, 120)
 delivery_times-->(1, 30)
 job_rate-->12

start:
alpha_1
12
 alpha_2
2.0
 mach
20
 job
240
 fam
12
 weigh
 [[0 3 8 1 8 2 3 4 2 3 2 2 6 1 2 8 6 1 6 8 6 2 7 2 2 9 3 8 2 8 4 3 6 9 6 4
  6 6 4 6 5 5 2 7 4 4 3 8 1 7 3 5 6 5 4 2 4 7 6 7 6 3 1 2 3 7 1 9 6 5 1 9
  9 7 7 8 7 5 7 4 2 6 1 7 1 1 7 3 3 7 3 7 4 1 6 1 5 3 7 4 5 8 3 6 6 3 6 2
  4 7 6 5 8 7 6 2 7 9 5 2 2 7 1 4 4 9 7 7 6 6 2 5 5 5 4 7 8 3 7 3 9 8 9 4
  2 3 4 2 5 6 2 6 9 8 5 8 2 4 1 6 1 9 2 9 8 9 5 2 9 3 5 8 6 7 3 8 2 1 9 6
  2 2 9 9 5 7 7 8 1 2 4 6 4 8 7 2 8 8 3 6 7 3 2 8 3 9 7 3 8 2 4 2 5 1 4 1
  6 7 8 6 8 8 9 6 9 2 3 8 3 5 9 9 3 5 1 2 7 3 7 4 4]]
 proc_times
 [[  0  82   8  26  31  62  36   9  28  78   4  83  17  55  15   1  26  97
   61  79  53  91  57  73  84  64  52  42  69   9  76  44  27  12  36  83
   50  57  14  76  42  32  18  11  52  13  99  38  12  73  20  53  29  21
   84  47  71  76  86  60  52  18  10  49  79  30  42  88  86  11  84  72
   39  59  76  80  31  91  41  73  30  29  97  85  90  50  71   6  29  33
   65  67  97  58  47  76  34  30 100  98  38  66   6  45  67  25  97  49
   65  59  75  57   2  69  80  42  83  96  94  67 100  13  15  89  50  80
   29  64  98  54  24  20  45  40  49  24  67  74  72  52  54  16  65  78
   40  68  18  33  37  69  18  61  57  57  99  82  32  85   7  86  71  13
    5  90  91  51  44  41  62  99  62  43   3  60  98  29  88  68  91  91
   37  30  71  26   8  20   7  78  39   8  47  66  19  20   7  70  26   7
   72   8  79  66  75  30  35  40  90  20  95  82  92  90  23  90  88  79
   56  15  25  72  39  74  14   1   6  53   4  23   3  19  59   6  91  30
   42   7  35  41  40  57  40]
 [  0  19  14  56  98  87 100  92   3  95  36  43  26   7  16  40  56  71
   76  28  67  34  90  36  57  70  28  97  44  81   4  79  49  22   1  80
   81  93  26   8  56  28  58  99  46  57  53   6  45  64  46  65  55  70
   30  51   8  12  82  34  69  93  77  42  84  16   3  34  14  80  12  39
   86  95  51  64  26  63  34  95  79  23  35  45  53   9  20  45   9  57
   87  76  85  48  99  45  16  12  17  23  96  21  98  96  93  26  64   6
   97  92  42  15  32  41  98  25  11  24  24  55  97   3  23   6  76  13
   78  87  19  15   4  98  52  67  33  63  84  53  41  18  25  73  46  31
   99  43  23  63  60  65  89  91  47  65  65  43  63  77  92  95  37  47
   63  46  87  43  69  89 100  67  50  48  26  71  26  76  18  49  35  67
    5  75  22   9  42  54  86  68  68  85  75  48  45  96   2  79   9  69
   30  35  23  73  79   8  50  79  73  45  76  67  80  55  73  99  14  39
   31  88  12  40  61  71  85  22  48  25  45  67  27  80  99  56   8  41
   24  78  75  97  28  27  51]
 [  0   5  13  96  52  23  18  97  65   6  18  58  93  51  86  92  64  80
   50  25  49  36  56  61  53  46  86  68  29  94  57  11  88   4  60  68
   60 100  79  33  81  93  90  13  90  12  59  28  19  84  41  27  98  36
    6  19  63  55  10  46   3  25   9  41  45  83   1  23  69  89  44  30
   12  89  61   9  14  18  94  43  53  88  63  75   1  71  69  36  65  88
  100  79  77  22   1  53  70  43  59  63   9  62  40  72  93  40  97  84
   91  84  14   5  22  18  86   7  27  10  26  92  25  62  14   7  30  12
   14  56  29  10  38  41  88  31  84  19  60  18   4  88  20  50  81  90
   18  20  83  66  38  16  35  44  91  80  23  73  17   8  17  62  82  62
   50  15  44  22  13  48  56   9   8   9  20  74  76  43   6  62  45  79
   29  81  12  36  77  77  27  23  90  52  12  21  77  74   3  15  27  48
   18  10   6  81  17  36  25  39  33  37  80  19  45  39  78  46  68  81
   56  24  29  89  44  13  88  74  89  45  33  99  90  94  30  96  62  11
    4  34  10  75  16  92   4]
 [  0  76  91  24  14  83   7  92  87  96  24  69   2  19  37  38  47  13
   82  21  62  19  85  34  98  58  14  21 100  44  64  99  19  40  46  46
    6  38  55  61  84  53  63  23   2   8  72  93  35  61  45  78  40  21
   58  74  17  27  65  94  86  95  81  97  60  56  30  15  74  78  64  67
   44   9  20  63  82  54  58  72  30  28  56  81  43  26  31  97   3  41
   99   5  76  61   6  72  11  76  62  97  73  82  46  60  10  48  40  23
   13   1  71  28  47  91  62  84  37  59  17  29  56  56   9  96  62  12
   51  14  92  22  44  31  28  24  77  10  51  19  24  17  65  52  65  95
   54   8  83  18  46  95  63  16  79   4  56  68  34  93  90  18  57  77
   82   5  52  48  42  75   6  75  66  41  90  56  42  61  93  87  40  25
    9  48  47  67  71  14  79  97  44  47  64  78  59  12  56  27  67   6
   62 100   2  15  13  61  29   9  49  80  72  36  54  48  46   7  45  49
   17  46  44  22  47  48  57  69   3   5  96  11  87  44  82  34  51  86
   52  77   5  75  74  26  67]
 [  0  14  79  61  39   2  44  59  12  17  86  11  29  23  69  29  71  55
   11  68  87  79  70  93  68  70  47  42  38  72  84  70  93  10  98   2
   82  37   6  20  10  64  87  59  78  36  53  46   4  39  28  90  55  36
   77  64  99  71  32  36  79   4  59  71  42  92  69  69  71  89  19  92
   22  57  62  76  95  89  80  49  58  63  88  22  79   9  83  93  60  22
   29   4  49  44  51   1  41  74  74  92  75  78  71  79  41  51  41  59
   25  25  17  22  21  51  42  35  49  13  51  18  91  19  29  12  12  80
   28  22  62  33  56  14  70  86  40  80  75  30  17  63   4  91  91  57
    8  93  43  94  34  32  46  23  67  13  64  40  82  24  23  47  97  34
   83  55  48  78  23  93  64  86  64 100  99  89  88  43  80  95  13  71
   99   1  59  13  88   8  33  35  88  21  62  14  36  12  96  84  22  87
   79  69  29  39  45  62  30  35  30  71  58  51  49  88  82  90  89  18
   77  66  50  87  37  45  24  70  82  82  14  92  57  45  91  16  14  58
   18  93  79  29  58  53  74]
 [  0  74  79  46  94  15  59  79  23  84  91  11  77  50  19  13  35  84
   80  34  30  28   7  57  27  32  20   3  28  27  73 100  30  86  29  68
   65  11  83  52  74  50  37  14  64   3  71  83  84  66  38  36  48  20
   40  50   8  58   3  38  96   2  56  40  20  77  81   3  56  74  28  32
   70  14   7  97  97  74  87  50  83   8  19  35  57  37  64  56  58  66
   63  86  72  34 100  15  13 100  67  15  96  85  21  80  19  57  98  97
   24  90  24  57  52  66  49  73  20  75  54  36  31  84  58  63  19  58
   36  99  66  65  52  78  68  41  71  28  89  80   9  31  93  32  87  64
   19  11  31  50  42  68  71  11  35  49  46  15  11  78  21  32  40  38
   77  98  94  92  71   5   3  30  45  17  80  75  25  43  62  37 100  19
    2  22  16  21  12   5  23  49  79  83  83  22  43   3  85  32  82  62
   26  59  93  45  96  24  74  15  23  77  59  60  86   4  22  43  13  20
    5  96  69   6   8   4  44  60  28  46  92  88  29  58  58  11  36  92
   76  49  31  22  39  51  94]
 [  0  13  60  30  78  57  16  73  11  89  37  84 100  74 100  26  67  15
   25  85   6  92  53  58   6  29   6  47  28  69  96  48  68  61  50  82
   39  26  11  34  75  26  29  20  31  96  42  67  69  83  99  48  92   8
   70  54  99  23  98  34   9  12  77  69  75  37  83  82  90  97  87   5
   40  60  47  65   4  26  25  48  21  98  58  87  85  54  66  10   7  33
   66  11  71  39  24  45  44  58  37  67  15  52  18  91  49  23  30  67
  100  57  44  78  59  96  30  19  92  67  30  66   8  75  59  54   9  86
   20  75  17  66  64   1  60  11  38  93  62  47  59  92  76  80  45  25
    1  18  57  73  40  62   2  51  22  76  28  15  90  96  87   1   9  52
   27  72  48  83  53  47  32  22  59  25  49  67  88  36  65   7  68  63
   41  81  88  22  50  92  26  38  82  97  63  54  20  69  16  12  16  85
   37  69  42  35  63  61  59  27  43  48  39  51  59   3  95  70  57  65
   78  55  32  19   8  91  45  13  92  39  91   6  31  81  90  93  48  73
   26  55  34  79  26  27  15]
 [  0  37  33  90  24  28   5   6  24  82  91  74   6   3   1  83  43   7
   19  48  81  27  76  28  87  39  57  79   7  56   4  41  28  28  76  95
   31  98  34  63   1  16  65  17  49  73  26  80  10  59  44  86  38  39
   20  62   8  38  91  86  88  51  32  99  87  78  35  21  93  76  95  24
    7  30   2  60  75  41  20  80  92  66  23  62  84  19  55  97  37  74
   76   8  55  75  43  90  48  14  84  14  98  43  14  40  74  48  10  10
   50  77  28  66  83  58  20   4  86  66  25   2   4  54  28  45  49  12
   69  96  66  24  28  73  77  40  94  38  48  55  28  15  20  54  23  99
   28  77  66  52  43 100  30  37  46  51   5  65  66   2  12  53  90  97
   92  99  57  72  26  70  25  82  77  87  52  54  70   8  96   9   6  45
    5  78  97  80  56  35  81  22  14  38  29  87  70  14  96  55  91  94
   29   6  80  65  91  99  84  25  41  26  71  70  42  47  65  57  38  77
   20  91  38  10  16  86  42  64  84  25  47   7  33  86  96  35  62 100
   65  19  80  52  18  41  96]
 [  0  90  41  82  44  11  85   7  25  25   4  68  94   4  79  46  65  12
   52  14   3   8  13  57  38  30  31  52  98  26  16  13  39  29  96   6
   92  99  98  81  34  31  74  14  89   1  94   9  31  10  10  37  84  72
   25  19  86  31  99  44  47  66  24  79  18   6  26  18  49  22  14  92
   76  90  63  59  89  23   3  73  79  29  30  97  67   5  30  80   2  78
   14  55  51  70  20  46  86  60  65   5  75  83  94  46  44  22   5  99
   34   7  19  97  49  22   3  76  74  89  42  43  44  46  19   7  42  25
   54  76  82  54  84  36  50  96   8  26  97  94  35  34  50  44  77  42
   87  36  69  21  27  84  30  60  75  20   6  60  18  71  82  30  50  83
   71  48  54  14  28  89  66  88  47  51   5  19  48  92  61  11  93  70
   25  62  79  30  63  10  96   6   7  47  54  50  43  60  37  74  95  33
   85  42  34  41  20  45  40  23 100   2  68  89  42  72  67   7   1  96
   71  41  35  16  41  10  51  59  95  77  76  85  79  33 100  49  17  34
   43  10  11  34  25  26  78]
 [  0  85  41  19  45  97   4  65  51  33  29  40  54  64  20  71  60   1
    4  49 100   7  49  83  96  65  12  73  73  31  17  19  26  22  31  70
   81  15   2  98  61   9  69  93  81  54  94  88  20  31  26  72  73  83
   92  48  43  72  42  21  50  49  41  46  67  42   5  19  75  53  22  28
   21  31   1  27  96  75  93  24  39  90  52  28  55  47  60  55  52  39
   19  59  17  34   2  41  67  55  57  87  17  45  38  61  81  89  57  63
   59  61  55  75  73  69  67  47   9  95  60   2  61  52  60  24  31  89
   61  49  32  54  83   7  62  11  78  99  82  76  61  97  82  43  56  17
   25  17  97  35   9   1  84  61  62  22  11   6  26  94  18  44   5  18
   11  25  34  39  50  54  72  60  53  61  24  39  81  93  19  27  33  95
   53  90  66  51  35  45  12  62  98   6  16  84  35  32  81  52   3   6
   45  88   4  48  40  22  56  95  50  18  98  93  20  39  38  59  25  45
   28  60  64  39  11  47  75  71   4  38  23  33  34  60  98  53  23  28
   97  86  29  91  24  67  35]
 [  0  74  82   2  72  57   2  62  84  53  68  82  46  97  51 100  97  96
   27  83  88  11  69  47  72  98  77  71   9  83  89  14  35  12  68  66
   85  54  32   2  85  14   9   3  94  97  82  54  47  52   2  87  31  23
   11  24  64  45  43  40  15  89  78  65  30  24  54  55  49  78  22  53
   88  33  99  50  54  75  12  48  47  82  99  88  64  35  66  66  34  73
   80  83  73  12  53  26  34 100  82  84  46  20   9  59  50  90  34  32
   14   5  18  79  46  81  67  15  89  85   1  40  73  67  12  18  40  29
   18  71  76  68  15  62  67  61  64  76  78  58  98 100  37  64  12  73
    6  86  61  55  37  10  53  52  40  46  96  83  50   6  41  68  89   6
   59  55   6  95  84  97  96  46  68  64  19  78  79  14   8  49  38  20
   78  12 100  61  43  10  96  90  90  37  42  89  73  31  76  39  22  22
   66  39  12  21  21  95  59   7  47  17  18  86  52  24  60  33  40  19
   52  64   7  23  30  22  33  41  83  75  68  36  38  58  33  44  76  69
    7  33  36  16  71  29  13]
 [  0  92  64  94  38  70  21  77  90   6  51  28  49  27  36  62  18  81
   38  39  68  47  24  77   9  46  38  72  21  11  26   5  30   3  12  22
   60  26  77  40  79  95  77  74  35   4  32   2  85  99   3  32  53  93
   97  26   4  40   8  87  58  45  80   1  19  34   7  32  36  96  87  43
   80  62   7  88  88  82  40  41  66  72   2  78  48  31  99  92  56  85
   28  53  70  46  63  37   1  35  49  96  61  79  30  71  61   4  33  15
   20  53   8   1  85  43  18  33  20  49  86  10  11  24  61  55  96  63
   16  11  96  55  99  19  41  33  43  36  89   5   7  79  35  13  52  98
   83  35  42  93  48   3  60  72  61  51  54  78  83  20   5   3  36   9
   28  24   3  86   5  77  42  33  55  16  49  88  56  30  67  71  62  10
   75  70  66  39  76  86  28  39  96  23  53  76   9  41  47  92  66  46
   32  27  57  35  69  46  51  77  71  43  80  91  19  41  21  69  38  43
  100  28  48  46  53   5  46  40  87  80  56  49  52  77  92  90  61  36
   52  71  30  46  94 100  48]
 [  0  35  47  88  74  78  35  57  24  71  57  88  69  41  38  25  35  71
  100  52  41  67  35  56  73  56  10  33  60  36  55  26  50  59  90  34
   80   6  28  79  86  96  81  59  71  23  43  39  16  49  65  76  57  86
   94  48  11  97   7  70  15  67   3  12  43  67  57  23  32  41  36  22
    1  47  92  87  47  91  30  60  11  84  18  14  15  36  59  68  94  44
   88  40  61  16  73  10  17  58  17  87  73  20  66  41   7  52  45  81
   60  95  41  92  76  70  46  57  98  73  93  70  94  56  82  26  40  55
   74  96  33  10  86  36   8  21   8  63  54  45  52  95  39  59  15  14
    2   7  34  83   5  24  28  34  17  26  86  34  31  37  20  96  42  54
   71  70   7  68  13  96  14  17  84   2  57  81  84  74   5  20  87  94
   52  46   3   9  17  81  93  21  69  10  21  92  57  61   2  82  20   4
   18  85  37  37  73  50  75  11  41  37  30  69  86   8  12  13  46   4
   90  86   1  64  20  46  80  45  33  75   9  46  49   2  20  46 100  83
   25  71  74  13  42  73  14]
 [  0  94  34  31  29  20  23  65  46  97  82  78  13  17   5  74  11   6
   78  65  90  84  74  51  37  61  52  77  77  17  11  68  29  12  30  26
   16  70  64  67  31  41  28  66   5  11  80  46  64  53  18  58  50  95
    8  18   9 100  14  36  14  85  46  60  27   2  69  43  64   6  63   8
   79  78  77  21  57  35  95  32  39  49   9  48  73  59  77  83  43  33
   59  95  50  51  27  22  72  23  24  23  68  38  73  92   2  69  83  39
   90  78  23  57  93  41  71  37  39  80   1  52  55  99  12  63  77  54
   91  63  68  13  19  42  82  61  59  14  69  75  23  45  12  31  24  86
   16  75  14  22  22  31  22  86  12  21  16  96  53  23  92  92   6  22
   67  81  82  73  25  87   9   3  81  17  66  47  40  47  27  50  10  36
   84  45  89  38   8  62  68  96  80  49  44  25  63  65  35  65  24  72
   17  27  97  71  83  72   3   1  45  72  17  23  85  58   2  62  61  94
    2   2  72  17  96  94  43  35  71  44  99  99  79  47  21  76  91  33
   35  88  70   3  42  68  45]
 [  0  57  66  60  34  70  65  60  23  82  81  83  55  62  46   2  91  96
   96  68   3   8  97  62  49  62  74  92  35  79  11  30  24  25  79  32
    3  94  71  80  23  27  75  32  44   8  17  54  20  30  73  64  35  76
   88   4  53  28   5  84  33  65   7  53  23  53  38  94  87  97  55  97
   69  63  67  70  52  12  75  62  62  26  61  83  12  73  61  76  61  54
   97  15  11  44  37  70   7  59  95  50  74  48  41  30  89  69  85  78
   60  63  68  31   6  42  42  38  76  41  10  72  80  97  27  47  37  10
  100  91  39  55  29  71  59  38   4  59  69  24  44  86  51  83  31  24
   18  64  97  36  20   6  24  54  26   7  59  32  81  90  40  64  69  29
   19  15  62  82  13  57  69  26  98  67  25  51  27  33   2  84   2  15
   29  36  87  72  93  96  33  93  15  66  15  82  51  72  77  68  13  27
    6  38  10  87  63  70  11  93  93  45  41  29   3  19  35  96  76   4
   31  92  25  20  50  35  17  77  62  29  81  84  40  47  55  93  55   2
   47  37  11  64  56  58  82]
 [  0  89  31  10   9 100  53  38  45  72  70  38  24  31  46  69  95  80
   49  42  99  56  62  55  43  63  45  34  78  48  59  65  86  90  16  67
   30  48  61  51  58  61  55   7  29  19  92   7  91  49  33   1  17  73
   64  82  48  56  21  86  12  26   4   4  17  17  83  55  64  16  99  27
   38  50   1   4  37  58  62  78  82  97  31  78   9  60  37  22  79  70
   70  79  23  23  56  43  95  11  96  46  91  32  56  32  36  40  15  87
   63  96  89  78  59   4  92  19  58  87  52   8  61  86   9  30  78   2
    3  17  36  45  72  45  16  88  17   7  85  90  41  10   5   7   6  74
   22   1  32  78  31  63  26  26   9  80  57  33  64  94  98  75  76  70
   78  28  18  99  22  57  68  52  51  10  30  59  70  60  50  14  82  39
   64   3  19  45  37  60  21  69  37  93  79  99   9  42  51  46  48  76
    9  23  95  68  60  28  84  78  75  18  52   8  66  34  66  35  90  88
   64  88   1  43  68  21  74  94  12   9   8  90  37  73  42  82   6  92
   10  52  75  19  40  95  74]
 [  0  23  33  19  99   8  56  34  86  10  79  65  26  90  32  88  78  80
   52  66  87   4  54  70  71  57  94  24  62  39  33  56   5 100  11  78
   56  32   8  68   6  23  32  70  17  80  83  51  12  10   4  20  90 100
   76  65   8  93  50  12  19  46  15  58  52   1  51  73  79   6  61  45
   95  36  11  16  49 100  41  15  66  57  17  54  14  23  73  93  95  27
   95   6  60  72  51  37  19  24  87  88  34  92  22  92  88  95  26  72
   36  53  72  18  44   8  68  21  19  21  60  80  46  88  32  54  16  93
   18  59  80  62  27   7  32   3  48  79  65   7  23  91  35  68  67  56
   55  22  65  67  88  35  38  42 100  30  96  81  83  68  90  93  11  65
   12  12  35  57  75  54   8  18  20  69  78  92  87  40  62  81   9  64
   48  89  71  80  46  97  24  71  34   1  19  64  39  24  42  66  23  14
   53  50  38  42  37  98  35  13  91   7  29  46  75   1  61  16  26  31
   10  67   9  40   2  44  58  74  90  45  46  58  68  18  61  32  73  42
   25  90  17  96  17  22  12]
 [  0  60  70  83  16  21  39  97  53  66  52  33   7  77  10  16  90  32
   14  90  48  52  38  88  99  66   3  68  85   7  82  94  40  74  72  92
    4  62  81  52  10  97  80  98   4  99  44   8  88  45  11  96  94  40
    4  11  74   8  10  61  43  40  14   5  53  69  64  45  57  97  63   8
    1  88  92   1  66  82   4  53  94   2  10  80  16  49  23  65  71  33
   99  26  74  64  89  41  56  88  70  48   6  54  77   4  93  95  65  90
   86  28  35   5  62  22  17  55  74  13  58  80  50  62  23  23  97  21
   88   4  71  29  91  70  73  35  94  16  45  25  71  19  60  73  21  82
   94  81  94  56  11  53   5  41  34  76  24  65   1  40  34  88  71  53
    5  45  33  86  88  56  38  71  45   8  26   7  85   2  46  39   9  52
   94  13  91  18   6  67  13  49  42  67  67  38  57  57  99  58  62  83
    4  94  28  74  24  76  81  70  89  80  22  99  84   4  75  82  53  90
   68  52  20   9  97  58  79  20  87   1  48   2  55  85  30  31  22  43
   70  22  57  77  35  76  46]
 [  0  44  35  71  94  53  64  29  25  65  72  67  22  72  87  28  50  13
   79  97  99  97  12  46  34  72  33  73  48  54   9  40   1  65  95  68
   46  24  51  87  84  47  82 100  27  66  68  68  29  86  24  62  83  28
    9  69  50  25  47  26   1  46  54  86  66  68  43  15  84  19  34  86
   60  92  97  89  47  52  32  38  98  58  53  87   7  99  94  25  99  62
   93  85  92  69  10  41  69  41  23   3  69  13  70  92   1  57  66   3
   60  82  67  65  43  98  94  44  97  51  79   5  74   7  14  62  82  49
   51   6  64  63  67  57  64  27  43  77  68  21  30  93  80  68  43  47
   96  42   4  77  35  37  16  49  73  59  49  51  24  47  28  42  67  29
   17  94  83   4  84  75  56  26  86   9  85  26  95  64  38  96  48   9
   66  37  69  64  31  76  61  31  46  90  11  93  92  76  67   3  78  94
   25   3  84  12  92  61  50   6  47   3  32  19  24  40  33  80  25  99
   60  19  34  83  63  12  48   8  24  56  93  37  35   5  71  72   4  96
   53  91  17  46  64  11   9]
 [  0  20  58  87  68  42  85  75  57  99  30  64  80  46  40  49  19  14
   78  22  52  48  50  71  46  48  11  51  12  31  45  51   1  96  90   7
   67  58  50  48  90  22  63  32  95   2  97  70  47  13  16   5  25   9
   81  91  70  74  54  59  44  97  20  75  31  97  66  89  68  75  67  86
   10  69  77  62  84  80  75  93  60  60  55  88  57  91  28  98  20  86
   71  23  96  55  51  20  15   8  58  29  48  88  74  57  59  55  65  39
   11  79   9  26  19  11  27  38  44  45  39  57  76  30  48  76  99  86
   78  88  66   3  78   4  43  87  45  70  33  14   9  19  63  76  49  96
   93  25  38   6  39  69   2  66  18  13  79  14  92  37  60  40  36  88
   97  98  22  90  28  88  73  97  18  56   2   9  40  56   4  51  53  67
    9  53  38  92  95  87  91  83  20  47  49   9  10  84  40  30  38  48
   66  24  35  58  46  90  88  89  26  87  74  84  73  26   5   6  47  17
   75  12  19   9   2  77  32  76  90  74  78  57  20  49  86  30  91  13
   73   6  66  40  56  82  95]]
 setup_times
 [[[  0 114  63  82  73  88 105  71  79  70  92  72  77]
  [  0   0  85 110 111  86 104 114  85  71 103  65  78]
  [  0  98   0  90  76  97  77 104  85  69 103  82 118]
  [  0  96 103   0  98 119  70 103 113 115  70  82  82]
  [  0  72  71  64   0 104  60 111  81  60  99  79  77]
  [  0 111  88  68  85   0  62  87  75  77 103 109  96]
  [  0  70  60 119  74  90   0  75  94  71  66  84 105]
  [  0  65  69  64  71 105  86   0  86  88  63 119 103]
  [  0 116 111  97  77  76 113 114   0 104 115  62 105]
  [  0 102  87  77  71 116  92 109  62   0  93 112 107]
  [  0  91 109  97 103  65  64  85  96  72   0  79 105]
  [  0 105  67  77 117 113  84 107  69 112 101   0  76]
  [  0  90  76  90  86  62 119  95  70  78  89 117   0]]

 [[  0 115  61  92  93  88  77  90  80  84 114  64  73]
  [  0   0  80  69  76 111  63 101  60  86 119  86 116]
  [  0  78   0  80 113 107 104  68  69 114 113 108 112]
  [  0 115 100   0 117 112  74  74  78  69  83  72 110]
  [  0 102  62 107   0  65 105  80  81  99  70  97 107]
  [  0  99 108 119  73   0 109  87  68  84  67  86  77]
  [  0  82 101  75 109  64   0  69  87  73 112 105  72]
  [  0  64  63 119  79 107  64   0  71  94 102  69  68]
  [  0  83 117  99  83 101 113 111   0  69  67  95  83]
  [  0 110  66  66 113  78  95 116  95   0  74 102  81]
  [  0 112 113  60  69 105 105  86 119  88   0  92  83]
  [  0 103  80 116  78 101  97  86  82  66  82   0  70]
  [  0  81  87 109 113 101  94  68  68  62  97  95   0]]

 [[  0  79  83 119  63  78  76 108 107  93  69  72 113]
  [  0   0  73  69  92 116  80  76  98 117  71  88  82]
  [  0  96   0 101 112  89  77  73  97  93 113  94  82]
  [  0  83  82   0 111  67  69  83  69  95  96  87  70]
  [  0  97  92  74   0 116  64  96 112  91  81  89  72]
  [  0  93  63 118  65   0 101  66  87  78  85  86 108]
  [  0 115  68  74 113  79   0  97  68 113  85  99  87]
  [  0 119  64  80  96  94  66   0 106  63  78  85  84]
  [  0 105  89 116 118  70  64 106   0 108  64  86  78]
  [  0  84 115 119  60  78 119 118  62   0 104  97  65]
  [  0 109 113  73 112  84 104  71  67  86   0 117 100]
  [  0 118  82  97 110  81 111  94 119  83  72   0  92]
  [  0 108  87  97  74  96  61  71 116  94  71  88   0]]

 [[  0  94  98  79 119 100  75 116  73  61  74  69  84]
  [  0   0 114  61  93 100 109  82  61  72  87 116  66]
  [  0 118   0 100 101  71  92 105  93 103  67 113 112]
  [  0  72  86   0  65 106  69  98  94  61  94  93  71]
  [  0 106  71  77   0  71  75 112  64  73  82 115 106]
  [  0 108  86 109  75   0 119 100 118  81  65  80  72]
  [  0 103  64  65  81 117   0  81  89 102  83 110 111]
  [  0  61  69 108 117  79  93   0  89 118  70  90  88]
  [  0  72 108  91  63 103 109  65   0 110  99  91  75]
  [  0  64 108  70  91  72  92  74  91   0  69 119  78]
  [  0  76  69  69  61  90 111  85  80 117   0  68  61]
  [  0  80  61  99 110 111  78  64  62  63  93   0  82]
  [  0  91 103  68  66 112 117  74 106  66 100  70   0]]

 [[  0  72  67  92 100  80 101 100  79  90  60 117 103]
  [  0   0  84  97  73 116  73  75  88  61  86  99  62]
  [  0  85   0  69 101 110  99 106 114  66 111 108  89]
  [  0  95  68   0  70  80  99  80  76  82 105 100  87]
  [  0  74 106  72   0  98  62  65  67 101  91 112 112]
  [  0  87 118 110 100   0 113  95 110  92 103 110  78]
  [  0  60  92  70  61  77   0  64  82  83 119 100  61]
  [  0 112  84 118  83  91  86   0 111 108  83 101  95]
  [  0  77  79  63  88 104  89  91   0  95  75  80 118]
  [  0  98  89  70  91  87  99  84 108   0  65  87  93]
  [  0  77  96 108  78  89 100 101  63  70   0 114  98]
  [  0 117  75 114 112  91  81  74  98 119  75   0 107]
  [  0  74 117  60  86  72  88  97 107  95  87  76   0]]

 [[  0  88  67 117  92  72  79  66  79  87  98 107 110]
  [  0   0  93  82  86  63  92  63 113  76  78  93  70]
  [  0 108   0  90  78  80  72  67 106  97 107 107  90]
  [  0 102  67   0 110  99 118  79  85 113  92 102  62]
  [  0  69  85  75   0 105  60  72  63  81  74  86  80]
  [  0  88  93 108  83   0  80 104 104 101 101 104 110]
  [  0 104  91 104 105 103   0  67  83  65  93 113  71]
  [  0  67  98 111  88  60  96   0  84 101 117 105  73]
  [  0  89  78 118  94 105  74  86   0  70  83 108 101]
  [  0  94  67  64 113 118 106 100 116   0  76  77 119]
  [  0  62  84  63  71  73  69  73  99  96   0 118 104]
  [  0 107 116  92 104  85  74  66 110  77  94   0 101]
  [  0 101 115 102 106 119 116  84  61  78  98  68   0]]

 [[  0 119  78  95  70  94  76  74  91  70  89  85 100]
  [  0   0  83 103  82  85  67  64  71  61 118  99  72]
  [  0  79   0 110 106  62 117  83 119  99  70  96 118]
  [  0  60  87   0  93 105  80 100 105  85  67 110  97]
  [  0 106  61  85   0 115  63  89  62  94  75 100  75]
  [  0 112 119  67 104   0  79  95  90  98  81  83 103]
  [  0  97  97  87  99  93   0  87 104  93 110  91 115]
  [  0  93  65  97  68  67  96   0  65  70 107 117 104]
  [  0  70  88  60 103 104 116  90   0  91  71  82  61]
  [  0  74  73  93  74 104  87 102 101   0  68  72 118]
  [  0  66  98 102  71  85  88  85  66 115   0 100  70]
  [  0  87  80  64  81  70 108  89  79  79  84   0  72]
  [  0  76  70 119  87  74 100  85 118  86 105  77   0]]

 [[  0 102 103  75 103  60  65  97  74 108  71  83  98]
  [  0   0  71 107  82  69  83  76  75  94  66 117  98]
  [  0  70   0  83  84  93  84  60  73  99  96  74 105]
  [  0 102 100   0  69  92  79  96  87  93  75  62  62]
  [  0  79  73  77   0  67 110  62 106 119  90  61  67]
  [  0  72  91 106 111   0 107 107  90  75  78  76 109]
  [  0 118  87  91  66  74   0  73  62  77  71  71  98]
  [  0  96  91 113  69  91  92   0 110  75  64 109  88]
  [  0  89  68  64  68 105  65 118   0  91 112  89  94]
  [  0 108 105  89  95  93 107  70  88   0  79 107  84]
  [  0  67  95  82 109 112  79  93  96 112   0  64  90]
  [  0 113 102  67  70  68 113 111  98  84  98   0  61]
  [  0  68  95  70  82  90  76  61  75  97  71 113   0]]

 [[  0  90  98 106  66  70 104  77  98 100  69  90  98]
  [  0   0 100 115 104  74  90 114  62  92  70 110  80]
  [  0 119   0  95  85 112  92 118  73  93  67 106 100]
  [  0  98 115   0  63  76  67  87  96  73  86  90 119]
  [  0  77 108 116   0 115 114 107  91  98 109 111  92]
  [  0  92  88  94 106   0 117  60 115 100  92 104  86]
  [  0 104 103  81  60 119   0 118 114 114  99  70  68]
  [  0 115  90 109  73  89  80   0  75  97  96  65  90]
  [  0 106  69  69  60  83  72  85   0  66 110 101 102]
  [  0  66  89  84 108 102  65  88  67   0  75 118  76]
  [  0  97  71 116 100  93  75  66  64 118   0 104 113]
  [  0 110  71 108  74 105  98  62 117 112 114   0  88]
  [  0 102  85  77  97  67 109  71 104  76  69  89   0]]

 [[  0  74  94  86  74 105 115  80  98  69  72 111  97]
  [  0   0 119  71 103  75  67 113  85 116  80 101 112]
  [  0 111   0  91 119 106  66  64  99 101 106  75 103]
  [  0 109  69   0 112 115 112  71 113 108  75  87  87]
  [  0  94 100 118   0 111 104  89 100  88 102 102  98]
  [  0 107  60 116  86   0  64 113  86 104  79 105 112]
  [  0  87 119  72  94  88   0 110 107 111  81  95 115]
  [  0  69 109  98 101 118  80   0  79 104  83  81  77]
  [  0 106  88  76  70  71  88  89   0 106  63 118  95]
  [  0  77  94 102  98  66 107 108  77   0  72 117 113]
  [  0 106  69 101  95  69 113  79 115  79   0  88  71]
  [  0 110  75  93 100 117  87 112  79  93 105   0  95]
  [  0  86  74  61 116 105  97 119 105  98 117  88   0]]

 [[  0  64  79  87 102 119  82  74 116  84 105  70  72]
  [  0   0 112  70  69 119  81  63  90  62 110 117  64]
  [  0 114   0  93  94  80  83 116 110  76 119  70  69]
  [  0  96  85   0  71 112  95 105  74  74  96  77  99]
  [  0  94  87  68   0 107  74  89  76  95  72  86  94]
  [  0  73  61  61  72   0 105  84 116 112  72  64  64]
  [  0 107  71  73 111  67   0 106  81  65 101 116  69]
  [  0 108  64 113  99 114 111   0  60  78  73  62 106]
  [  0  89 108 110  75  80  71  64   0 102  61  85  82]
  [  0  64 119  77 118  88 106  82  99   0  71  69 110]
  [  0  74 116 104 104 101  98  81 118  88   0  60 118]
  [  0  67 102  74 109  71 101  62  61 111 108   0  84]
  [  0  94  68  92  88  63  61  98  79  85  90  70   0]]

 [[  0  93  72 112  74  67  61 110  74  91  89 101  90]
  [  0   0  78 117  82  78 107  77  84  68  71  90  61]
  [  0  60   0  90  94  62 105  66  79  76 110 119 117]
  [  0  89 100   0  97 102 100  98  67 100  91  78  82]
  [  0 110 108  73   0 115  89 113  62 113 103  93  73]
  [  0  75  75 114 119   0 106 106 105  97 106 113  66]
  [  0  77  71  97 102 109   0 101 110  89  71 102  63]
  [  0  97  85  87 103 110  61   0  97 101  68  68 111]
  [  0 115  84  73  91  68  87  70   0 101  78 109 102]
  [  0  71  61  90  97  69  89  76  65   0 110  79 109]
  [  0  93 110  88 115 104  84 101 119 111   0  82  81]
  [  0 105  82  72  89 113 110  99  67  62  75   0  79]
  [  0  60  75 105  63  77  60 118  80  79  72 107   0]]

 [[  0  94  70 111  89  61  64  80  97 116  91  84  92]
  [  0   0  79  65  60  66 108  89  97  94  60 103  86]
  [  0  95   0  80 118  82 101  81 102 102  71 111  64]
  [  0  73  78   0  79  62 113 101  71 116 118  61  97]
  [  0  96 105  97   0  93  66  75  65 114  68  81 115]
  [  0  93 100 101  73   0  87  98  72 102 107 116  95]
  [  0  99 119 106  85 108   0  95  84  73  64  81  69]
  [  0  77  79  75 112 116  76   0  86 104  83  86  96]
  [  0  90  99  61  74 104  93 104   0  72  95  96  88]
  [  0  89 102  73  73  87  65  97 118   0  76  72  84]
  [  0 100  65 100  80 100  99  97 111  67   0  73  90]
  [  0 103  80  87 116  60  93 117  70  67  93   0 115]
  [  0  67  91  71 102  95 109  73  71  99  70  75   0]]

 [[  0  73 108 118  68  89  77  70  89  90  81 110  73]
  [  0   0 118  88  62 119 107  64  74  76 119  70 104]
  [  0 115   0  63  77  65 114 100  98 118  65 110  66]
  [  0  83 106   0  90  89  77  86 119  89  60  74  99]
  [  0  81  77  92   0  85 114 103 103  92 109 117  63]
  [  0  70  77  95  79   0 112  91  74 110  68  84 102]
  [  0 114 102 119 114  64   0 113  74 110  75  70 113]
  [  0 117  60  99  71  88  63   0  80  75  98  88 114]
  [  0  82  82  72  71  73 113 100   0 100  70  70  82]
  [  0 115  76 114 117  83  64 104  80   0  72 102  84]
  [  0  67  61  73  76  96  78  61  91 103   0  77  68]
  [  0  73  92  80 100 118  75  62  96 103 105   0  91]
  [  0  70 110  66  65  81  92 114  86  63 114  62   0]]

 [[  0  81  63  71 104  86  95  95  84  74 117 109  72]
  [  0   0  92 117 100 108 108  94  91  63  86 102  86]
  [  0  78   0 100 103  96 109  79 116 109 102  91 108]
  [  0  76  72   0 110  68  63  88 104  87  63  84 116]
  [  0  87 110  64   0  69  88  95  68 102  88 116  88]
  [  0 100 109  78  69   0 100 118 107  75  93 113 113]
  [  0  97  69  67  73 118   0  62 103 114 113  70  83]
  [  0  97  97 118 110 116 114   0  71  68  77  63 113]
  [  0  77 118  84  70 108  63  83   0  82  95  73 108]
  [  0 105 117 110  66  83  63  94 103   0  71  70 106]
  [  0 105 105  96  68  79  61  94  64  79   0  95 112]
  [  0  79  70  70  62  70 101  80  71 115 100   0 105]
  [  0  83 115 117 112 114  82  77 107  98 105  68   0]]

 [[  0 110  76  99 105  66  64  70  79 118  77 100 112]
  [  0   0  76  68  65  70 108  64  98  78  68  73 103]
  [  0  88   0  80  72  60 112  68  63  82  65  96 102]
  [  0 101  84   0 113  68  68 111 108 106  91  72 114]
  [  0 114  77  69   0  92  90  81 104  95 114  73  71]
  [  0  77  78  92  64   0 113  76  90  79 110  76 117]
  [  0  84  92  82 100  64   0 105  79  69  87  70  62]
  [  0 117  63 106 114 114 107   0  90 102  90  62  81]
  [  0  91  68  84 118  87  90 117   0  91  70  89 104]
  [  0  78 109 108  61 117 108  88 110   0  74  69 107]
  [  0  86  64  61  93  80  91  86  93  89   0  73 111]
  [  0  96 111 113 114 100  92  73 116 104  94   0  80]
  [  0 104 101  64 119  66  72  76  94 113  97  69   0]]

 [[  0  78  63  90  90  60  76  67  74  96 116  86  64]
  [  0   0 117  93  69  71 108  66  97  87 116 107 115]
  [  0  69   0  67  71  62  60  71 111 115 119  84  88]
  [  0  68  94   0  98  96  93 105  78 115  76 114  60]
  [  0  98 100  82   0  66 107  88  79 104 106  96  67]
  [  0 103  61 118  73   0  72  81 111  96 114  70  69]
  [  0 105  67 105  83  87   0 106  96  75 114 117  87]
  [  0  99  64  64 105  69  89   0 111  95 116  76  99]
  [  0 109  71 102  71  94  77  82   0  63  74  73  60]
  [  0 118 101  78  92  61 105  77  83   0 113 105  66]
  [  0  68 119  83 109 114 119 114  97 113   0  96  97]
  [  0  96 104 105 106  81  65  84  86 100 108   0 108]
  [  0  65  91  73 100 100 109  96 109  73  77  64   0]]

 [[  0  69  81  66 108 118  85  84  74  81 105 111  62]
  [  0   0 109 105 110 103  93  84  68  81  96 116  90]
  [  0 119   0  99  85  93  71  82  85  77  76 112  98]
  [  0  90  65   0 108  75  92  88  91  75  84  93  70]
  [  0 106  80  92   0 114 106 103  94  64  76  69 116]
  [  0  78 114 116  98   0  70  77  82 118  67 113  69]
  [  0  90  67  93 110 100   0  68  75  69  75  94  63]
  [  0  98 112 104 119  78  91   0  89  94 103 111 100]
  [  0  92  70  81  93 112  93  94   0  84  92 101  83]
  [  0 116  64 114  95  75 119 108  91   0  95  61 103]
  [  0  70  87  93 104  73  68  87 117  91   0 115 105]
  [  0  94 115  93 100  77  75 116 104  64  99   0 114]
  [  0  60 100  67  77  70  62  76 105 111  71  67   0]]

 [[  0  98  79  69  94 116  74 113  93 119  81  87  65]
  [  0   0  96 100  74 108  68  85  81 115  77  90  97]
  [  0 112   0  73  92  84 105  94 111  67  61  78 105]
  [  0  65  78   0  68  88 108  87  80 104  92 117  85]
  [  0  63  63  78   0  87  60 116 111  85 116  75  91]
  [  0  91 100 106  81   0  99  88  98 112 106 107 114]
  [  0 111 105  81  73 119   0  87 107 118 101 113 116]
  [  0 116  63  63 109  87 116   0  70 112  88  81  99]
  [  0  75 113  94  86 114 114  81   0  98 110  62 112]
  [  0  64 111  60 104  63  68  65  94   0  88  94  95]
  [  0 105  79  79  99  96  63 116  90  78   0  74  96]
  [  0  77 106 117 107  91  66  79 104  94  98   0 111]
  [  0  79  85 113  77  96  80 110  99 101  84  86   0]]

 [[  0  77  81  98 118  97  97 110  76  90  86  96  96]
  [  0   0 112  80  70  80 104  90  79  60  68 104 100]
  [  0  72   0 105  84  76  64  83  72  93 108  78  63]
  [  0 109 119   0  82  95  68 109 107  84  99  89  95]
  [  0 102  73 114   0  63  86  60 113  77 106  71  82]
  [  0 117  69 116  61   0 108  87  95  82  83 108  78]
  [  0 116  80  74  67 107   0 119  76  65 106 102  86]
  [  0  95 117  90 115 104 110   0 100  71  81  85  76]
  [  0  70 107 103 101  63  71 111   0 108  94 107  85]
  [  0 101 104 109 107  81 107  70  84   0  90  62  96]
  [  0  85 100  65 119 119  93  69  61  81   0  61  66]
  [  0 119  81  95  93  97  80  71  88  87 101   0  60]
  [  0  75  67  90  69 112  99  85 114 106  72 102   0]]]
 delivery_times
 [[ 0  9  9 15  8 20  5 12 11 15 25 12 23 17 23 11  1 20  9  5  9 21 26 25
  14 15 11 21 10  2 15 12  8 28 26  8  5  7 24  2  3 17 10 16 27 26 26 10
  14  9 29 12 29  4 27 11 25 20  7 17 10  3  3 22  3  9 28  1 29  4 29 23
  19 21  6 24 27 29 12 15  9 11  7  1 17 22 27 21  8 17 28 16  6  6  1 21
   6  5 28  3  6  6  4  3 22  5  2 13 23  5 14 12  2  6  5  3 11 28 10 14
   4  3  7 23  8 22  9 20 25 11  2  9 28  1 19 12 15  6 18 16 12 27  2 19
   6  9 24  9  2 16 28 29  3 17  6 20  7 15 19 14  7  6 27 12 23 23 15 18
   8  8  3 29  4 19 23  8 18  9  7 26  8  9  2 20 21  8 23 20 18 25 29 16
  14  3 19 21 24 17  7  5 18 20 13  9  7  4  2 13 16 17 24 14 15  2 24  1
  27  2  7 23 16  4  9  2  4 20 11 21 12 22 11  2 17 12  6  3  5 20 21 26
  24]
 [ 0 18  8 26 28 23  7 16 17 22 19 11 20 26 16 11  1 22 22 18 23 13 23  8
  25 10 19 13 17 13 28  2  7 24  2 27 26 29 29  1 22 18 21 22 18 26 22 29
  14 19 23 18 24 26 21 12 18 12  7 16  1  4 16  8 14 16 15 29 19  3 18 22
  20 13 20 15 25 26 18 22  2 22 17 28 23  2  2 26  8  1  2 26  7 27  6 23
   6 16 11  5 25 29 25 11 23  9 14  1 14 23 11  1 19 15 22 29 27  2 11 21
  15  1 11 16 26 23 18  3 29 11 11 29  8 13 22 10  8 17 13  3  6 10 24 12
  24 28 16  8 20  4  5  2  6 17 21 23 19 16 22  2  3 14 27  5 16 11  3 22
   4  4 10 24 10  8  3 18 25 20 13 10  6 25  7  5  9 27 28 19 14  8 20 13
  22 22  7 11  5  7 15 16 25  8  2 23 26 24  6 17 16 19 16  1 17 19 21  5
  19 28 14  2 11  7 21 19 11  2 29 25 16 12 22 10 13  4  6 12 27 11  9  7
   3]
 [ 0 10  6 10 11 20 14 25  1 16 23 11 20  9  3 25  7 29 28 25  8 17  8 19
  16 14 22 26 16 12 24 27 24 16 10 14  7 24 28 14 15 28 12 12 12 27 21 22
  22  5 16 26 25 26  2  9 22 29 17 28 11 28  5  9  4  9 26 12 28 21  4 26
   4 10 19  3 25 20  4 24  2  2 29 13 20 14 13 15 11 28  4  4 16  5 12 10
  26  4  8  3 22 25  5  8 21  7 28 12 16 28 14 24  2 25 27  9 19 17 19 27
   4 19 21  9 21  8 27 25 10 20  3 21  3 17  6  7 11 27  2  5 13 28 15 15
   5 12  4 20 24 23 13  8  2 29 17 28 23  1 18 29  1  7 23  4  4 15 20 19
  20 19  6 20  4 11 10 24 10 22 20 12 15 25 26 20 26  8 24  1 24 13 15 28
  25  8 21 21 10 25 21  1 20 22  7  6  1 15 15 28 26 22 26 28 10 25  7 17
  16 13 11  2 13 29 19  7 21 13 20  9 22 22 11 18  7  5 11 29  4 27 17 29
   4]
 [ 0 16 22 15 28 24 24 25 28 14 14 18 16 26  1 10 10 27  2 19 14 20 15  7
  26 23  9 25 22  7  3  7 19 15 22 22 28 13 29  7  4  2 16 27  1  3 14  4
   5  4 25  3 18  3  7 14 17 13 27  4  1 26 14  3 25 28 25 10 13 27 21  5
   9 27 15 17  9 15 28  6  8 25 26 28  6 18  5  7 19  4 10 14 13  9 27 29
  22 13  2 12 18 20  7  2 21  9 25  1 13 24 21  6 27 13 28 15  8 19 28 22
   4  3 16  8 26 17 26 13  8 13 10 17 28 18 15 25 22 17 15 15 20  3 22 27
  22 15 28  7 11 10  2 19 18 25 20 14 19  6 27 22 17 12  9 17 23  6 29 10
   2 17 21 26 20 14 11 15  2  6  5 14 15 16 17  7 15 11  9  2  7 25 19  8
  14 21 12 14 26 18 21  3 18 13 22  1 25 20  2 29 20 17  9  8 20 28 12 28
  11  8 24  5 13 20  2  2  2 20 26 14 17  6 22 17 23 12 15  8 28 20  6  7
  16]
 [ 0 28 21  2 22  7 25 16 17 18  4  5 12 13 15 23 27  1 18 22  3  8 22 20
  27 25 20 11 23  4 18  7 21 11  1 17  8 10 24 21 17 19  6 20  5  3  9  4
  15 16 10 15  9 18 25  1  1 28 17 21 28 23  3 15 11  8  8 11 24 17 23 17
   6  8  7 14 19 28 23 20 19 23 28  1 25  2 16 14  5 25 17 27 21 23 25 16
  21 19 13 19 14 11 10 14  9 26 14 21 18  3 12 10 16 18 27  6 16  5  6  3
   3 14 20 11 20 20 28 12 27 12 28 14 11 27 21 23  7 12 14 14 29 24 22 12
   3 11 20 14 11 22 16 15 17  8 21  2 16 27 29  9  9 10 21 11 28 13 28 29
  21 10 12  1 26  6  6  1 23 20 27  4 15 11 21 12 27 18 27 18 27 21 21 13
  29 28  6 20  8 12 21  8 28 15 12 16 12 12 23 25 22  3 14 22  9 29 16 29
   7 13 14 16 18  9  9 12 20 23 24  4  9 18  4  2 18  4 16 28 23 24 28  5
   2]
 [ 0 26 12 20 28  5  9 14  1  2  4  5 23 16  9 23 11 19 28  1 21 18  5 16
  14 25 16 19 25 12 24 27 28  3  2  4 21  6 21 20 24  7 15  8 26 17  8 17
  14 14 13 19  4  9 18  3 24 18 25  4 29 23 29 18 13 17 15 28 12  3 26  3
  20  5 16 11  1 25 20  3  7 11  4  4  3 26  7 22 15 26  6  4 22  4  7 11
  24  7 20 12  7  5 28  4 20 28 29  7  7 13 20  4 20 19 14 10 12 18 22  4
  21 22 17 21  2  1 16 24  5 29 14 29 24 14 29 11 24  9 19 19 21 20 10  7
  18 18 11 23 19  8 17 13  1  9 15 20 25 29 15 15 27 22 10 25  6 20  5 10
  22 23 13 16 14 16  1  8  2 28 22  3  9 27 10 25 10 22  5 27 11 26 15  5
   4 19 27  9 12 20  8 19 29 10 11 11 19 16  5 24  5 10 15  1 17 21 10 24
   1  4 20  5 15 13  4 21  3 21 25  2 26 25 18 22 23  5 10 19 19 14 14 18
  21]
 [ 0 18 26 21 27  9 16  6 11  4 28 23  6 13  8  2 20  4 25 22 21 25  8  3
  25  5  1  8 18  1  5 17 12  2 26  1 10  4 11 27 22 26 11 29  8  9  9 15
   4 29 16 29 24  3 29 16 25 12 21  6 24 15 11 22  4 21 10 28  9 14 14 22
  19  3  4 22 10 11 19 29 14  6 29 29 17  9  8 11 25  5  3 13 24 12 19 29
   3 21 27 15 17 12  6 29 29  8 22 27 15 13  2 11 27 22 25 29 14 18  9 17
   9 29 27  8  6  2  8 29 17  7 29  3 26 16 23  4 21  2 27 23 21 28 27 27
   9  4 25 23 20 22  5  3 12  2  3 13 20 25 28  2 27 21 26  2 18 15 24  4
   5 27  6 20 11  3  5  1 11 26  2 18 20 19 24 19 11 12 28 26 27 18  5 24
  15  9  5 11 14 29 12  5  6  4 16 16 22 10 12 27 28 24 21 24 14 17  4 21
  16  3 10 12  6 24 17 26  5 29 28 11 20  2 14 13 16  6 21 15 22 21 15  7
   8]
 [ 0  4 18 12  5 14  8  2 11  6 24  5 16 23 20 29 10 25  1  3  8 20  7 28
   7  5 25  9 25 15 22 13  8 24 21  8 26  9 17  3  1 28 23  2 27 18 12 27
  13  1  9  7 11 10 21 20  5 16 10 23 23 26 26 27  4 24 14  4  1  2 24 26
   3 10 10 13 14 11  8 20  8 16 13 19 15 24 13  9  6 14  6  9 21 23 17 28
   7 12 27 16 22 14 26 10  9 27 24  4 25 26 16  4  5 17  6  8 27  3 27 11
   1  2  6 19  8 26 21  2  7 23 23 14 24 15  4 16 22 17  9 29 29 23  7 17
  21  2 20  8 20 21 20 19  8  6 19 18 22 29 21 19  2 16 23 27 16 24  2 22
  20  5 17 27 27  2 22  3  5  4 17 11  4 25 13 26 16  2 27  8 25  1 27 13
  18 13  8 23 24  3 18 19 11 15  4 18 18 28 19 15 22 10 16  4 24  9  9 19
  18 28 29  7 15  6  4 27 14 28  5 21 22 28 28  3 24  2  4 19  9 26  6 16
  16]
 [ 0  8 16 16 14 25 15  8  9 17 18  3 20 20 25 26 27 27 11 17  2  8 15 25
  16 12  5 20 23 12  9 22 11 25  1  9  7 21  1  5  2 29 16 27  3 25  4  9
   2 14 15 13  8 18 20  7  8 29  3  5 14  2  6  6 23  6  3  7  3 12 16 21
  29 28  9 17  8 21  6  9 10  8 17  5 22 28 21 22 12  6 10 24  8 28 20 15
  29 11 29  8 10 12  9  7 16 18 16 24 11  5  7 23 21  5 16 13 25  4 23 16
  17 23 29  5 22  8  7 21  2 17 15 22 25 28 24  4 26 13 13  1 29 16 12  3
  20  3 10 29  6  3  1  1 10 10 27  9 14 26 10  9  5 10  3 21  7 23 12  4
  20  1 20 13 16 17 10  2 26 22 20 15 22 17  8 14 19 27 25 24 27 21  3 12
   3 24 13  2 26 24  2 23 28  8 15 11 16 19 16  7 27 29 13 14 25 27 14  5
  13 21 12 18  2  8 19 18 23 23 17 20 26 12 26 27  3 14 29 27  8 10 28 22
   4]
 [ 0  4  2 19 12 26 26  6 22 21 11 29 17 10 11 21  6 10  6 12 24 20  4 14
  18  7  5 27 21 21 28  8  1 27  4  2  4 29 14 29 22 14 14 19  2 20 14  3
  13 17  4 28  3  3  3 28  1  1 12 16  5 21 24 25  4 22 23 23 10 26  9 20
   4  5 13  5 26 22 18 21 23  8 11 24  6 27  2 27  8 28 11  1 26  2  2  7
  27 20  8 10 17 15  8 12 23  4 17 15 18 24 14 27 14 28  7 28 17 25  8  3
  10 15 17 15 17 19 19  7  6  3  5  7 29  6 16 15 25  4 27 16 22 17 17 16
  20 14 15 21 27 28  3 18 25 27  9 23 15  7 23 11 20 18  6 16 16 25 15 20
   1 26  8 11 17 15 20  1 23 27 15  7 28 19  9  9 18 14  2 14 15 26  3  9
  13  8 26  3  9 21 24  6  8 28 11 22 13  3  4 28 19  1 15 27 27 20 27  9
  23  5 28 27 26 27 15 10  9  7  3 21  7 24 10  3 27  6 11 12 15 21 16 27
  13]
 [ 0 10 29 28 20  5 12 28  3  1 25 21 25 14 18  9 23 18  3 24 22  6 25 25
  26 23 26 11 16  4 19 19  5 23 17  5 22 24 21 15  8 14  4  3 16 17  4  4
   4 26 13 17 23 25  2 13 13  8 15 25 22 26 10  3 12 29  7 24 25  8 22 16
  27 11  9 28  9 22  1  4 27  6 24  6 16 20 15 11 15 12  7 16 27 21 21 15
  19 18  7 16 24 24 15  5  6 29  3 12 29 21 24 27 13 18 29 14 10  2  4  3
  24  7 26  7  1 16 28  2 24 13 14 13 24 20 29 28 13 16 21  2  5 11 27 13
  27  6  6  2  1 10  6 13 23 20  1  5 23  5 10  7 19 10 20 18 11 17 28 22
  24 11 27 10 26  6  2 14  4 15  3 21 14 19 11 28 12 21 25  7 24 27 12 10
  16 19  1  7 26 14 18 16  5  1  5  8 13 19 24 20 29  5 11  5 22 17 11 23
  18 26 23 23 24  1  7 25 21  3 12 23  9  5  9  9 20 26 27 24 18 28 24 28
  12]
 [ 0 16 25 10  8 15  4 17  8  9  9  5 22  2 16  6 20 28 16  5  9 12 11 15
  24  5 25 12 19 15 15 28  5  7 10  5 18 13  9  1 16  4 15  6  1  2 24 20
  24 18 26 24 10 26 23 17  3 15 12 16  8 28 15 22 28  4 18 12 10 20 25 25
   1 23  6  4 25  9 16 18 18 28 22 19  5  7  9 17  4  8 24 13 12 24 26  1
  26 17  1 23 27 20 24 29 20 10 14 15 15 24 14  3 27 17  4  3  7  2 27 17
   4 16  4 29 24 27 28  3  7 10 23  2 25 16 28  2  9  7 13  3 26  6 13 27
  19 14  7 29 25 17 28 20 20 23 28 19 17  5 20 14 29  8 21  1  3 29  7  2
  14 23 16 11 12 24 12  8  3 10  5 23  1 12 26  6  2  6 24 23  7  5 19 21
   3  3 24 28 17 22 23 11  1 22 10 13  4 29  9 17  9  2 10 12 18 18  1  7
  16 26  5 13 16  1 23 15 19 20 24 13 25 10 23 24 28 13 28 13  1 16  3  9
   4]
 [ 0  1 27 24 13 24 23 26  3 14  6 27 17 18 19 25 13 26 20 28  2 23 25 14
  17  6 17 16 18 12 15 25  3 12 29 29  3 14 27 21 21 16 29 22  8  7  6  9
  12  1 28  7 27  2 25 15 29 26 29  6  2  5  1 22  7  8  2 13 27 24 23  1
  23 15 13  8  6  1 22  4  8  6 28  7 13 12  7 11 16  4 17 23  7 26 20  4
  12 11  8  3 13 14 11 14  3 13 12 17  7  3  6  2 15 17 21 10 28  1 11 15
  11  2  9  1 15  7  9 16  1  7 15 20  7 23 23  5 26  4 15  7 17 19 12  4
  10 14 13 10 21 11  6 27 29 15 13 18  4  2 21 10 11  6 27 23 25 11 25 29
  21  5 15  6  4 18  4  6 20 17  4 11 24 19  3 17 14 21 11 23 24 18  1  7
   6 10 27  9 26  2 27 10 26 16 26 25 29 12 18 13 20  8 16  8 20  3 26  8
  26 20  9  7 20 26 22 27  3 27 11 19 19 18  8 24 11 20 16 25  8 21 28  3
  10]
 [ 0  8 22 25 27 13 14 16 24 21 11 28 29 24  5 21  1 15  2 23  8 23 29 10
   9 14 23 24 15 18 20  3 15 25 22 25 24 19 27 17 25 26  3 26 25 25 21 15
  12  4 26 26 12 18  4 10 27 25 28 18  5 11 18 16 13 10 17 13 18  5 12 28
   7 21  3  7 27 18  7 13 17  7 22 12 27 21 28  1 14 13 25 29 14  7  9  6
   3 23 28  7 13 11 11 28  7 22  3  1 19 15 17 12 13 17 20  2 21 27 28 27
  20 14  7 14  2 19 17 20 14 16 16 25  7 27 16 24 13 24 22 23 26  2 23  2
  23 15  4  8 13 17 15 17 23 12 29 19 15 11 17 25 24  2  1  3 21 23 21 29
  14 28 19 16 14  8  7  5  4 27  6 18  8 11  8 19 22 17  9 19  6 20 16  5
   5 16  6  9 17 27 28 22 29 19 17 15  9 17  4 12  7 14  2 20  7 21 21 11
  21 13  1 24 14 22 28 25 10 21 13 14 28  9 26 15  4  5  7  9 29 24 10 19
  10]
 [ 0 12 19  4 10 11  5 16 22 11 17 15 13 12  5  5 19 25 10 29 14  5 24 13
  14  8  1  4  7 23  3  8 11 29  9 20 26 21 18  8 28 17 10 21 26 10  5  6
  14 18 24 21 22  1 28 10 20 13 11 17 14 26  8  9 11 23 22 16 18 28 13 19
   8 18  8  3 12 14  3 13  3 25 14 27 15 11 11 27 22 21 10 23 22 21 15  8
   1  3  7 29 20  1 14  8  7 29 12 20 23 17  3  3 29  5 12 28 27 16 23  9
  10 21  9 29 21 22 25 20  8 18 20 11 28 12 27  8 12 29 28 16  2 29  9 15
  23  5 23 17  2 23  6  9 16 12 14 28 22 11  6 21  5  7  4  6 29 10 26 13
   3 25  7 18 18 18 26 23 23 22 11 23 22  3  5  9 20 13  9 26 16 23 28  6
  16 23  8  5 20 14 22 19 12 21 20  3 12  7 17 13 21 28  4  9 13 11 21 13
   3 29 26  9 17 22 16 19  7 26 12 14 22 13 16 27 25  2 19  3 15  3 11 29
   3]
 [ 0 13 27 29 26 23  9 20 26 23  3 21 16 23 28 13 11  3 29  8 10  2 11  8
   4  9 16  7 11 25 24 13  7 24 29 18  6 12 27 20  5 21  3 13 26 15 29 18
  19  6 22  4 29 20 27  4 15 12  2  3  2 12  6 14 18  9 12  6  3 19  7 27
  18 23  9 11 24 27 12 25  2 20 15 19  1 12  6 15 16  6 10 11 21 18 18 22
   6  4 21 12 25  1 18 25  2  5 10 20  1  9 10  4  2 19 21 28 15 29 18  4
  17  5 18  9  6 16  9 13 29  7 13 18 26 14 13 14  9 25 28  4 14  7 13 19
  26 21  4  2 19 12 25 17  7 19 11 20 16 17 29 21 28 10 19  2 20  6 13 19
  28 26 24 14  9  2  8 28  3 26 17 24  9 27  7 13  9  2 20 20 20 23  5 15
  16 22 15  9 16  5  5 21  8  6 21 28 21  8 13 29 28 24 29  8  8 26 22 14
  12 11  2 15 17 29 23  8 12 27 14 14 22 26 28 21 10  3 22 24  1 18 28 21
  21]
 [ 0  6  9 20  7  8 16 24  1 20 26 10 13 13 21 21  6 28  2 25  6 18  8  3
   3 18 29  8 19 28 28 21 21 22  2  2 15 17  3 11 20  1 12 11 17 23 29 25
   4 24  4  6  2 23  5 18  3 29 23  4 19  5  5 26  6 27 15 20 23  6 28  2
   8 14 26  8 11 17  9 21 18  3  2 23 26 23 19 26 20 23 14 20 24 14 17  5
  28 16 15 16  3 10 20  3 25 10  3 11 28  1 17  7 18  1 24 11 28 28  7 28
  19 21 11 23 22  5 22 16  4 15 19 23 12 19  2 13  8  2 19 20 16 13 23  2
  24 15  9 14 10  8 25 21 13  3  6 28 19  9  4 16 16 18  6 14  8 11  5 27
  16 11 19 23  7 10 20  4 14 22 25 11  7 11  5  4 16 12 16 15  1 20 13 12
   4 17 10 10 12 12  1 22  5 26  6 20  7 15  9 12 29 15 25  9  7 26 18 12
   5 22 13 25 22 23 11 13  9 25 28  3 15 27 19  4  4 19 23 23 24 27 16 26
   7]
 [ 0  8  6  3 21  5 18 12 27 25 14 16  5  9  3 25  1 26 21  2  9 12 15 18
   1 19 14 13 14 13 11 23 23  5  1  9 14 11  5  5 26 24  4  5 22 27 28  4
  26 11 11 15 18 13 12 22 24  4  6 10 28 12 11 13 27 15 24  6 25 29 12 16
  10 20  5 27 22 19 15  8  5 14  5  4 23 13 27 14  4 13  6 24  6 14 10  2
  26  9 29 11 17 29 16 24 27 15 19 24 26 16  2 22 23 10  3 18 14 10 15 25
   5 29 28 26  3 28 27  4 24 29 14 24 23 28 22  2 24 24  1 25 21 14 11 13
   4 23  2  2 10 14 11 15 26  8  9 29  5  2 21  8  7 17 27  1 14 13 28 17
  29  3 23 17  3  7 26 27  7  6 29  9 28  3 19 21 22  1  2 26 25  9 20  5
  26 29 24 26  5  1  5 10  8 18  9 22  3  5 26 14  5  9 25 14 21 12  6  2
  14  3 12 17 12 20 11  7 18  2 10 10  7 26 19 23 19  7 28 27 11  3 15 17
  10]
 [ 0 22 27 21 26  7 24 15 21 12 20  4 12  3 28  2 15 10 27  3 18  3 11  9
   5 20  9  9  3 24 18 17 19 25 20  6 19 29 28 10 24  9  4 18 27 12 29  4
  11  1 14 13 18 24 12  3  7 19 24 23 13 20  6 10 16 22  1 16 17 10 22  7
  20 13  3  6  1 14 13 24 29 22 13 19 27 13 17 15  8  5 15  1 11  9  6 13
  26  1 22  9 24  5  4 25  6  2 19  5  3 24 24 25 10 10 27 15  7 29 19  5
   7 11 29 25 11 22 13 24  4  5 18  9  5  8  2  7 16 16 17  6  1 21 10 19
  18 28 11 23 18 14 29  7 11  3 21 10 19 24 11 25 20 17 14  8 22 23  3  2
   3  9 22 26 16 17 19 26 10 28 17 17 20  6 27 20 17 17 12  5 29 24 29 22
  17 21 15 14 18 20 16 11 19  8  9 29 25 22 13 15 11 17 14 18  6 16 16  5
   5 27  1 28 28 16 17 24 22 25 10 18 13 29 15  9 13 14 12  5 27  1 12  7
  19]
 [ 0 22 16 20 22 25 22  4 13 29 23  6 25 17  7 11 23  4 24 13 11  2 25  8
  27 20 13 21  2  5  5 18 12  2 23  3 10  6  1  8 19 10 14  6 12 15  5 21
   5  7 26  2 20  5 18 16  4 25 29 18  9  7 19 27 10 25 20 27 14  9  7 18
   2 27 21  1 14  9 23  6 11  3 14 14 27 17 14 15  7  3  8  5 11 27 11  8
  13 15 24 23  7 28 26 21  8 29 29 19  7 14 11 15 22 17 29  5 17 15 22 25
  23 21 15  8  2 11 16 24  9  2 13 16  3 27 23 17 16  1 13 16 26 18  8 29
  20 20 22 29 29  8 23 20 14 15  8 16  8 27  7 23 13 19  8  8 25 16 27 15
  28  6 18 15  1 26 21 12 25 19 15 22 28 15 17 14 19 11 18  5 12  2  9 29
  16 29  2  8 16  8 11 20 11  6 13 18 24 23  8  8  6 27  3 14 24 25 14 10
   9  6  5 23  2 13  1  8  1 11 19 10 18  6 12 20 21  9 15  4 18  4  3 15
  14]]
 job2fam
 [[1 0 0 0 0 0 0 0 0 0 0 0 0 0 0 0 0 0 0 0 0 0 0 0 0 0 0 0 0 0 0 0 0 0 0 0
  0 0 0 0 0 0 0 0 0 0 0 0 0 0 0 0 0 0 0 0 0 0 0 0 0 0 0 0 0 0 0 0 0 0 0 0
  0 0 0 0 0 0 0 0 0 0 0 0 0 0 0 0 0 0 0 0 0 0 0 0 0 0 0 0 0 0 0 0 0 0 0 0
  0 0 0 0 0 0 0 0 0 0 0 0 0 0 0 0 0 0 0 0 0 0 0 0 0 0 0 0 0 0 0 0 0 0 0 0
  0 0 0 0 0 0 0 0 0 0 0 0 0 0 0 0 0 0 0 0 0 0 0 0 0 0 0 0 0 0 0 0 0 0 0 0
  0 0 0 0 0 0 0 0 0 0 0 0 0 0 0 0 0 0 0 0 0 0 0 0 0 0 0 0 0 0 0 0 0 0 0 0
  0 0 0 0 0 0 0 0 0 0 0 0 0 0 0 0 0 0 0 0 0 0 0 0 0]
 [0 1 0 0 0 1 1 0 0 1 0 0 0 0 0 0 0 0 0 0 0 0 0 0 0 1 0 0 0 0 0 0 0 0 0 0
  0 0 0 0 0 0 0 0 0 0 0 1 0 0 0 0 0 0 0 0 0 0 0 0 0 0 0 0 0 0 0 0 0 1 0 0
  1 0 0 0 0 0 0 0 0 0 0 1 0 0 0 0 0 0 0 0 0 0 0 0 0 0 0 0 0 1 0 1 0 0 0 0
  0 0 0 0 1 0 0 0 0 0 0 0 0 0 0 0 0 0 0 0 0 0 0 0 1 0 1 0 0 0 0 0 0 1 0 0
  0 0 0 0 0 0 0 0 0 0 0 0 0 0 0 0 0 0 0 0 0 0 0 0 0 1 0 0 0 0 1 0 0 0 0 0
  0 0 0 0 0 0 1 0 0 0 1 0 0 0 0 0 0 0 1 0 0 1 0 0 0 0 0 0 0 0 1 0 0 0 0 1
  0 0 0 0 0 0 0 0 0 0 0 0 0 0 0 0 0 0 0 0 0 0 0 0 0]
 [0 0 0 0 0 0 0 0 1 0 0 0 0 0 0 0 0 1 0 0 0 0 0 0 1 0 0 0 0 0 0 0 0 0 0 0
  0 0 0 0 0 1 0 0 0 0 0 0 0 0 0 0 0 1 0 0 0 0 0 0 0 0 0 0 0 0 0 0 0 0 0 0
  0 0 0 0 0 0 0 0 0 0 0 0 1 0 0 0 0 0 0 0 0 0 0 1 0 0 0 0 0 0 0 0 0 0 0 1
  0 0 0 0 0 0 0 0 0 0 1 0 0 0 0 0 0 1 0 0 0 0 0 0 0 0 0 0 0 0 0 0 0 0 0 0
  0 0 1 0 0 0 0 1 0 0 0 1 0 0 0 0 0 0 0 0 0 1 0 0 0 0 0 1 0 0 0 0 0 0 0 0
  0 0 0 0 0 0 0 0 0 0 0 0 0 0 0 0 0 0 0 0 0 0 0 0 0 0 0 0 0 0 0 0 0 0 0 0
  0 0 1 0 0 1 0 0 0 0 0 0 0 0 0 0 0 0 0 0 0 0 0 0 0]
 [0 0 0 0 1 0 0 0 0 0 0 0 0 0 0 1 0 0 0 1 0 0 1 0 0 0 1 0 1 0 1 0 0 0 0 0
  0 0 0 0 0 0 0 0 0 0 0 0 0 1 0 0 0 0 0 0 1 0 0 0 0 0 0 0 0 0 0 0 0 0 0 0
  0 0 0 0 0 0 0 0 0 0 0 0 0 0 0 0 0 0 0 0 0 1 1 0 0 0 1 0 1 0 0 0 0 0 0 0
  0 0 0 0 0 0 0 0 0 0 0 0 0 0 0 0 0 0 1 0 0 0 0 1 0 1 0 1 0 0 1 0 0 0 0 0
  0 0 0 0 0 0 0 0 0 0 1 0 0 0 0 0 0 0 0 0 1 0 0 0 0 0 1 0 0 0 0 0 0 0 0 0
  1 0 0 0 1 0 0 0 0 0 0 0 0 0 0 0 0 0 0 1 0 0 0 0 1 0 0 0 0 0 0 0 0 0 0 0
  0 0 0 0 0 0 0 0 0 0 0 1 0 0 0 0 0 0 0 0 0 0 0 0 0]
 [0 0 0 0 0 0 0 0 0 0 0 0 1 0 0 0 0 0 0 0 0 0 0 0 0 0 0 0 0 0 0 0 0 0 0 0
  0 0 0 0 0 0 0 0 0 0 0 0 0 0 0 0 0 0 0 0 0 0 1 0 0 0 0 0 1 0 0 1 0 0 0 0
  0 0 0 1 0 0 0 0 0 0 0 0 0 1 0 0 0 0 1 0 1 0 0 0 0 0 0 1 0 0 0 0 0 0 0 0
  0 1 0 0 0 0 1 0 0 0 0 0 0 0 0 0 0 0 0 0 0 0 0 0 0 0 0 0 0 0 0 0 0 0 0 0
  0 0 0 0 0 0 0 0 0 0 0 0 0 0 0 0 0 0 1 0 0 0 0 0 1 0 0 0 0 0 0 0 0 0 0 1
  0 1 0 0 0 0 0 0 0 0 0 0 0 0 1 0 0 0 0 0 0 0 0 0 0 0 0 0 0 0 0 0 0 0 0 0
  0 1 0 0 0 0 0 0 0 0 1 0 0 0 0 0 0 0 0 0 0 1 0 0 0]
 [0 0 0 1 0 0 0 0 0 0 0 0 0 0 0 0 0 0 0 0 0 0 0 0 0 0 0 1 0 1 0 0 0 0 0 0
  0 0 0 0 0 0 1 0 0 0 0 0 0 0 1 0 0 0 0 0 0 0 0 0 0 0 0 0 0 0 0 0 1 0 0 0
  0 0 0 0 1 0 0 0 0 0 0 0 0 0 0 0 0 0 0 0 0 0 0 0 0 0 0 0 0 0 1 0 0 0 0 0
  0 0 0 0 0 0 0 1 0 0 0 1 0 0 0 0 0 0 0 1 0 0 1 0 0 0 0 0 0 0 0 1 0 0 0 0
  0 0 0 0 0 0 0 0 0 1 0 0 0 1 0 0 0 0 0 1 0 0 0 0 0 0 0 0 0 0 0 0 1 0 0 0
  0 0 0 1 0 0 0 0 1 0 0 0 0 0 0 0 0 0 0 0 0 0 0 0 0 0 0 0 1 0 0 0 0 0 0 0
  0 0 0 0 0 0 0 0 0 0 0 0 1 0 1 0 0 0 0 0 0 0 0 0 0]
 [0 0 0 0 0 0 0 1 0 0 0 1 0 0 0 0 0 0 0 0 0 0 0 0 0 0 0 0 0 0 0 0 0 0 1 0
  0 0 0 1 0 0 0 0 0 0 1 0 0 0 0 0 1 0 1 0 0 0 0 0 0 0 0 0 0 0 0 0 0 0 0 0
  0 0 0 0 0 0 0 0 1 0 0 0 0 0 0 0 0 0 0 0 0 0 0 0 0 0 0 0 0 0 0 0 0 0 0 0
  0 0 0 0 0 1 0 0 0 0 0 0 0 0 0 0 0 0 0 0 0 0 0 0 0 0 0 0 1 0 0 0 0 0 0 0
  1 0 0 0 0 0 0 0 0 0 0 0 0 0 0 0 0 0 0 0 0 0 0 1 0 0 0 0 0 1 0 0 0 0 0 0
  0 0 1 0 0 1 0 0 0 0 0 0 0 0 0 0 0 0 0 0 0 0 0 0 0 0 0 0 0 0 0 0 1 0 0 0
  0 0 0 0 1 0 0 0 0 1 0 0 0 0 0 0 0 0 1 0 0 0 0 0 0]
 [0 0 0 0 0 0 0 0 0 0 0 0 0 1 0 0 0 0 0 0 0 0 0 0 0 0 0 0 0 0 0 0 0 0 0 0
  0 0 0 0 1 0 0 0 0 0 0 0 0 0 0 0 0 0 0 0 0 0 0 1 0 1 0 0 0 0 0 0 0 0 0 0
  0 0 1 0 0 0 1 1 0 0 1 0 0 0 0 0 0 0 0 0 0 0 0 0 0 1 0 0 0 0 0 0 0 1 0 0
  0 0 0 0 0 0 0 0 0 0 0 0 1 0 0 0 0 0 0 0 1 1 0 0 0 0 0 0 0 0 0 0 0 0 0 0
  0 1 0 0 0 1 0 0 0 0 0 0 0 0 1 0 0 0 0 0 0 0 0 0 0 0 0 0 0 0 0 1 0 0 0 0
  0 0 0 0 0 0 0 0 0 0 0 0 0 0 0 1 1 0 0 0 1 0 1 0 0 0 1 0 0 0 0 0 0 0 1 0
  0 0 0 0 0 0 0 1 1 0 0 0 0 0 0 0 0 0 0 0 0 0 0 0 0]
 [0 0 0 0 0 0 0 0 0 0 0 0 0 0 1 0 0 0 0 0 0 1 0 0 0 0 0 0 0 0 0 0 1 1 0 0
  0 0 0 0 0 0 0 1 1 0 0 0 0 0 0 1 0 0 0 0 0 1 0 0 0 0 1 1 0 0 0 0 0 0 0 0
  0 0 0 0 0 0 0 0 0 0 0 0 0 0 0 0 0 0 0 0 0 0 0 0 0 0 0 0 0 0 0 0 1 0 0 0
  1 0 0 1 0 0 0 0 0 1 0 0 0 0 1 0 0 0 0 0 0 0 0 0 0 0 0 0 0 0 0 0 0 0 0 0
  0 0 0 0 1 0 0 0 0 0 0 0 0 0 0 0 1 1 0 0 0 0 0 0 0 0 0 0 0 0 0 0 0 0 0 0
  0 0 0 0 0 0 0 0 0 1 0 1 0 0 0 0 0 0 0 0 0 0 0 0 0 0 0 1 0 1 0 0 0 0 0 0
  0 0 0 1 0 0 0 0 0 0 0 0 0 0 0 0 0 1 0 0 1 0 0 0 1]
 [0 0 0 0 0 0 0 0 0 0 0 0 0 0 0 0 0 0 1 0 0 0 0 0 0 0 0 0 0 0 0 0 0 0 0 1
  0 0 0 0 0 0 0 0 0 1 0 0 0 0 0 0 0 0 0 0 0 0 0 0 0 0 0 0 0 0 0 0 0 0 0 0
  0 0 0 0 0 1 0 0 0 1 0 0 0 0 0 0 0 0 0 1 0 0 0 0 0 0 0 0 0 0 0 0 0 0 1 0
  0 0 0 0 0 0 0 0 0 0 0 0 0 0 0 0 1 0 0 0 0 0 0 0 0 0 0 0 0 1 0 0 0 0 0 1
  0 0 0 0 0 0 0 0 0 0 0 0 0 0 0 1 0 0 0 0 0 0 0 0 0 0 0 0 0 0 0 0 0 0 0 0
  0 0 0 0 0 0 0 0 0 0 0 0 0 0 0 0 0 0 0 0 0 0 0 1 0 0 0 0 0 0 0 0 0 0 0 0
  0 0 0 0 0 0 0 0 0 0 0 0 0 0 0 1 0 0 0 1 0 0 0 0 0]
 [0 0 0 0 0 0 0 0 0 0 0 0 0 0 0 0 1 0 0 0 0 0 0 0 0 0 0 0 0 0 0 0 0 0 0 0
  0 1 1 0 0 0 0 0 0 0 0 0 0 0 0 0 0 0 0 1 0 0 0 0 0 0 0 0 0 1 0 0 0 0 1 1
  0 0 0 0 0 0 0 0 0 0 0 0 0 0 1 0 1 0 0 0 0 0 0 0 1 0 0 0 0 0 0 0 0 0 0 0
  0 0 0 0 0 0 0 0 1 0 0 0 0 0 0 0 0 0 0 0 0 0 0 0 0 0 0 0 0 0 0 0 0 0 0 0
  0 0 0 0 0 0 1 0 1 0 0 0 0 0 0 0 0 0 0 0 0 0 1 0 0 0 0 0 1 0 0 0 0 0 0 0
  0 0 0 0 0 0 0 0 0 0 0 0 1 1 0 0 0 0 0 0 0 0 0 0 0 0 0 0 0 0 0 1 0 0 0 0
  0 0 0 0 0 0 1 0 0 0 0 0 0 1 0 0 1 0 0 0 0 0 0 0 0]
 [0 0 0 0 0 0 0 0 0 0 0 0 0 0 0 0 0 0 0 0 1 0 0 0 0 0 0 0 0 0 0 1 0 0 0 0
  1 0 0 0 0 0 0 0 0 0 0 0 0 0 0 0 0 0 0 0 0 0 0 0 1 0 0 0 0 0 0 0 0 0 0 0
  0 1 0 0 0 0 0 0 0 0 0 0 0 0 0 1 0 0 0 0 0 0 0 0 0 0 0 0 0 0 0 0 0 0 0 0
  0 0 0 0 0 0 0 0 0 0 0 0 0 1 0 0 0 0 0 0 0 0 0 0 0 0 0 0 0 0 0 0 1 0 1 0
  0 0 0 0 0 0 0 0 0 0 0 0 1 0 0 0 0 0 0 0 0 0 0 0 0 0 0 0 0 0 0 0 0 1 1 0
  0 0 0 0 0 0 0 0 0 0 0 0 0 0 0 0 0 0 0 0 0 0 0 0 0 0 0 0 0 0 0 0 0 1 0 0
  1 0 0 0 0 0 0 0 0 0 0 0 0 0 0 0 0 0 0 0 0 0 0 1 0]
 [0 0 1 0 0 0 0 0 0 0 1 0 0 0 0 0 0 0 0 0 0 0 0 1 0 0 0 0 0 0 0 0 0 0 0 0
  0 0 0 0 0 0 0 0 0 0 0 0 1 0 0 0 0 0 0 0 0 0 0 0 0 0 0 0 0 0 1 0 0 0 0 0
  0 0 0 0 0 0 0 0 0 0 0 0 0 0 0 0 0 1 0 0 0 0 0 0 0 0 0 0 0 0 0 0 0 0 0 0
  0 0 1 0 0 0 0 0 0 0 0 0 0 0 0 1 0 0 0 0 0 0 0 0 0 0 0 0 0 0 0 0 0 0 0 0
  0 0 0 1 0 0 0 0 0 0 0 0 0 0 0 0 0 0 0 0 0 0 0 0 0 0 0 0 0 0 0 0 0 0 0 0
  0 0 0 0 0 0 0 1 0 0 0 0 0 0 0 0 0 1 0 0 0 0 0 0 0 1 0 0 0 0 0 0 0 0 0 0
  0 0 0 0 0 0 0 0 0 0 0 0 0 0 0 0 0 0 0 0 0 0 1 0 0]]
