params：
 weight-->(1, 10)
 proc_times-->(1, 100)
 setup_times-->(15, 30)
 delivery_times-->(170, 200)
 job_rate-->7.5

start:
alpha_1
7.5
 alpha_2
0.5
 mach
2
 job
15
 fam
5
 weigh
 [[0 6 2 6 7 3 9 1 3 5 9 8 5 2 7 5]]
 proc_times
 [[  0  84   4  60  83  77   4  96  88 100  37  54  16  54  63  29]
 [  0  19  85   8  72  78  81  46  91  86  28   5  14  72  75  62]]
 setup_times
 [[[ 0 15 23 17 20 15]
  [ 0  0 25 27 21 25]
  [ 0 28  0 19 19 28]
  [ 0 25 24  0 24 21]
  [ 0 15 27 22  0 27]
  [ 0 25 19 21 15  0]]

 [[ 0 22 28 21 16 26]
  [ 0  0 20 16 28 26]
  [ 0 29  0 16 25 19]
  [ 0 22 17  0 16 15]
  [ 0 25 19 23  0 16]
  [ 0 22 27 28 20  0]]]
 delivery_times
 [[  0 183 185 170 177 191 186 175 188 180 193 172 180 171 187 183]
 [  0 179 196 191 184 172 171 187 196 170 173 181 184 195 176 182]]
 job2fam
 [[1 0 0 0 0 0 0 0 0 0 0 0 0 0 0 0]
 [0 0 0 0 0 0 0 1 1 0 0 0 0 0 0 0]
 [0 1 0 0 0 0 0 0 0 0 0 1 0 0 1 1]
 [0 0 0 0 0 0 0 0 0 1 0 0 1 0 0 0]
 [0 0 0 0 1 1 1 0 0 0 1 0 0 0 0 0]
 [0 0 1 1 0 0 0 0 0 0 0 0 0 1 0 0]]
