params：
 weight-->(1, 10)
 proc_times-->(1, 100)
 setup_times-->(30, 60)
 delivery_times-->(170, 200)
 job_rate-->16

start:
alpha_1
16
 alpha_2
1.0
 mach
20
 job
320
 fam
5
 weigh
 [[0 5 4 6 5 7 7 6 8 3 7 9 7 7 5 9 3 6 5 9 3 7 3 7 5 8 5 6 8 3 6 1 1 2 9 6
  5 2 3 9 4 2 1 2 3 2 1 2 8 7 4 4 4 8 3 1 2 6 7 1 7 8 6 6 7 7 3 6 2 3 2 1
  8 5 6 7 9 8 8 6 6 8 5 2 7 3 6 7 7 5 1 9 3 3 1 8 1 8 9 7 9 3 7 7 6 3 5 6
  3 7 8 9 7 8 6 8 3 5 8 1 8 5 8 2 5 2 7 8 2 7 2 9 3 9 7 6 3 6 1 2 2 5 6 4
  1 7 1 2 3 2 5 8 3 6 9 9 3 9 3 8 1 7 5 8 7 3 6 6 9 8 9 4 5 7 5 4 1 8 1 9
  7 3 3 4 6 9 5 9 3 5 2 2 5 9 8 1 7 6 1 6 9 3 9 1 1 9 1 1 1 1 4 3 1 8 3 1
  1 1 5 1 4 3 2 1 4 6 7 1 5 1 5 2 4 3 4 5 9 9 7 6 8 1 3 9 5 6 9 9 9 9 4 3
  1 3 7 2 4 9 3 2 2 5 9 1 7 5 5 1 7 7 6 3 7 9 5 7 6 3 7 3 4 3 8 4 7 1 1 6
  5 2 2 3 7 7 3 9 5 1 8 8 1 6 5 2 1 1 9 8 9 7 7 8 1 3 2 8 1 5 5 4 4]]
 proc_times
 [[  0  53  93  33  78  72  72  31   9  98  51  44  47  16  23  89  27  58
   28  88   3  58  39 100  31  99  60  16  31  59  22  87  96  47  50  49
   47  22  14   1  42  91  35  13  49  95  50  81  31  42  46  91  77   9
    5  81   5  39  41  17  67  29  10   6  51  83  76  68  33  91  89  49
   15  79  68  43  27  28   8  74  71  55  32  23  87  61  21  43  38  86
   28  87  90  91  90   1  43  46  93  83  59  53  40  95  49  57  94  90
   53   7  32  56  88  39  22  54  26  64  73  95  48  22  21  66  92  42
   44  95  32  51  64  54  15  17  47  47  38  58  47  92  82  89   1  43
   73  76  58  97  50  31  49   4  92  40  61  56  89  17   4  16  51  64
   61  20  61  98  56  91  44  39  75  21  83  84  38  37  20  86  29  21
   13  35  76  59  59  95  41  19  53  82   5   3  87  84  19  83  19  81
   81  57   1  43  33  11  61  81   2   3  44  37  98  10  13  44   7 100
   42  22  79  95  44  29  62  98  93  41  95  24  96  46   9  94  14  69
   21  74  88  79  80  55  41   8  19  41  41  67  22  48   1  95  70  54
   18  79  96   5  89  45  65  45  99  11  98  92  89   9  53   9  33  13
   87  59  79  71  19  34  76  17  94  66  31  52  74  47  64  26  37  32
   62  15  74  42  94  94  94  72  17  89  81  57  34  32  39  78  40  82
   16  31  36  76   8  75  72  94  36  51  84  90 100  20  53]
 [  0  96  16  98  50  26   5  11  24  83  80  51  60  23  77  90  59 100
   69  22  10   7  82  25  70  57  62  76  89  76   1  49  31  45  99  80
   27  10  14  14  54  98  87  44  57  28  61  18   8  72  47  82  74  73
   93  90  17  68  76  36  26  15  97   4   8  58  14  49  68  31  61  66
   48  62   5  77  21  71  69  25  45  24  47  79  32  98  53  31  85   3
   72  67  48  30  15  66   3  97  46  58  35  54  83  30  52  91  96  81
   25  53  15  52  81  81  78  64  38  15  17  92  22  50  14  67  64  38
   22  18  71  46  16  55  43  85  35  89  43  18  65   4  24   2  26  30
   56  40  89  15  64  72  47  85  13  57  13  67  14  82  85  68  40  46
   23  75  75  16  12  56  60  76   6  87  10  83  13  74  18  42  20  43
   91  73  36  19  18  68  44  50  64  12  61  64  86  43  26  39  99  48
   20  25  19  96  76  11  99  33  33  18  96  84  45  63  57  30  51  87
   94  26  90  82  11  19  97  89  46  71  41 100  74  56  49  65  11  45
   80  20   6  27  75  17  45   5  39  35  50  93   5  68  19  60  58  51
   38  51  36  46  44  31  21 100  36  15  51  79  55  52  33  51  38  37
   42  30  69  84   3  62  79  48   8  15  33  58  31  76  97  52  55  55
   57  53  38 100  68  64  82  75  42  40  95  80  35  74  75  57  65  79
   24  51  52  83  41  35  20  93  99  93  87  15  53  27   7]
 [  0  90  65  60  56  64  90   8  64  38  59  24  62  87   2  80  37  22
   27  47  57  98  12  54 100  50  32  80  97  67  76  48  24  43  28  92
   41  53  94  20  86  20  99  90  66  62  32   9  85  70  90  56  88  57
   10  88  82   6  39  88  79  96  35  78  43  14  22  63  31  45  67  39
   58  50  67  50 100  43  50  33   8  84  98  24  26  63  35  47  98  13
   68  89  12   8   9  73  61  89  62  63  91  32  59  91  87  79  17   4
   81  41  71  12  93  38  62  36  96  20  50  65  63  80  73  30  75  54
    9   1  37  90  19  31  42  49  12  97  49  79  15   9  67  33  13  57
   99   5  48  68  98  42  53  15  36  66  25  41  27  20   1  47  42  93
   26  11  96  16  61  67   2  26  39  96  82  76  40  41  26  33  94  53
   33  84   2  35  42  62  88  35  40  27  57  12  81  79  14  46  89  68
   67  22  37  70  82  40  77  72  75  74  59   3  88  18  44  30  92   7
   79  81  63  34  53 100  32  98  81  84  25  79  83  89  92  45   6  29
   18  26  22  85  78  31  51  10  24  63  70   9  94  13  63  13  83  98
   89  53  25   8  58  58  45  98  73  92  85  25  66  61  56  78  64  73
   90  91  83   2  76   5  29 100  83  49  16  89  74  99  90  87  94  61
   31  79  39  11  80  33  38  26  43  89  60  96  92   4  39  44  50  36
    6  96  73   1  91  67  22   7  38  33  56  81  21  22  88]
 [  0  61  25  13  16  27  35  27  45  80  50  10  20   9  32  78  65  50
   92   8  86  92  99   2  13  79  19  59  22   4  88  71 100  99  96  89
   42  74  42  85  83  37  14  78  19  78  66  41  59  31  98  21  99  50
   19  89  39  45  12  93   9   7  37  35  68  38  94  68  53  54  68  42
   49  62  66  32  45  48   6   7  46  36   3  96  35  87  16  13  70  32
   28  26  78  26  44  23  31  96   8  99  40  13  60   5  26  85  67  10
   32  58  55  64  48  97  77  66  88  40  61  21  47  95  55   4  70  45
   93  40  24  61  96  77  41   1  36  65   2  52  10  28  32  24  31  99
   21  10  11  85  33  38  52  33  96  88  35  69  83  88  15  94  26   4
   75  41  93  88  99  40  64  60  69  55  33  11  20  80  98  27  52  25
   51  85  14  19  16  29  16  23  43  62  47  64  53  74  35  35  50   6
    4  77  52  10   7  96   8  94  57  57  25  82  60  69  93   4  38  38
   57  99  45  47  61  34  64  40  25  44  90  92  23   5  37   5  84  71
   35  12   5  57  87  18  76  24  40  84  89  79  47  99  28  27  99  77
   69  66  51  85  79  11  36  10  77  26  20  34  70  17   4  88  67  23
    9  15  69  62  30  71  65  55  47  51  25  26  87  70  90   4  85  63
   16  71  99  65  20  16  65  24  95  88  86  95  79  61  37  94  58  49
   19  76  16  18  69  79  95  55  11  47  77  87   2  46  15]
 [  0  21   9  32   5  18  26  36   1  63  92  86  31  20  98  29  78   7
   66  75  68  67  89  54  85  86  80  49  53   7  21  13  44  17  28  25
   48  75  71  65  91  45  36  17  54  23  69  61  93  15  83  65  92  61
   86   8  76  78  71  71  85  83  93  82  13  32  17  83  38  16  92  82
   70  92  19  31   4  89  45   3  50  81  47  61  39  61  33  92  74  81
    9  15  42  86  99  26  68   9  46  51  30  68  79  70  62  82  46  93
   75  28  82  78  57  69 100  98  28  23  65  94  96  28  98  68  48  80
   35  66  96  58  42  98  88  30  52  63  79  82  19  78  40  43  16  44
   21  69  86  66  77  63  16  62  48  38  45  89  79  85   7  42  58  72
   63   8  69   1  17   7  28  41  16  98  86  47  28  46  17  72  91  31
   41  96  93  34  80  31  39  20  48  65   9   7  52  43  79  64  94  77
   50  53  18  91  30  29  68  76  66  36  88  14   3  57  51  18  59  92
   21  32  71  36  25  99  53  38  31   7  27  52  39   8   2  60  30   5
   95  17  10  15  15  87  85  83  44  67  67  78  20  64  78  64 100  94
   23  42  87  24  63  43   4  53  79  39  13  80  72  96  36  77   6  60
   19  10  59  52  54  67  95  66  15  71  57  12  24  67  68   6  12  77
   71  94  60  74  92  91  11  71  91  23  87  51   9  54  17  81  41  32
   35  65  73  22  11  48  90  26  60  80  53  86  27   9   4]
 [  0  71  54  30   6  64  96   8  81   8  87  71  64  59  68  88  43  98
   79  86  17  15  19  29  45  78  94  97  56  28  77  76  16   9  49  58
   94  33  56  30  44  55  30  78  92  52  16  64  77  47  30  86  28  87
   87  19  47  42  22  23  64  73  45  84  66  61  87  28  62  58  43  54
   91  26  74   8  62  82  31  77  35  55  28  99  52  28   1  46  38  97
   26   6  31  27  84  13  93  22  75   3  56  96  68  66   6   4  48  16
   54  29  33  86  71  76  79  60  88  87  85  37  28  18  91  26  36  33
   36   9  60  31  26  22  10  98  74  86  54  83  87  11  32  19  83  81
   73  79  27  25   9  17  84   6  43  73  87  83  52  89  65  31  71  84
   34  72  86  18  56  68   2  95  16  61   4  37  40  30  39   9  90  55
   56  49  63  29  85  45   7   5  32  86  77  17  26  18  85  74  21  56
    9  14  45  46  15  44  42  79  97  67  20  33  27  76  71  93  13  57
   61   9   1   9   5  35   5  45  69  27  95  40  98  90  14  92  93  49
   57  52   1  49  74  61  57  42  51  42  24  66  81  78  23 100  44  35
   55  56   5  57  91  76  64  16  57  90  52  81   3   6  19  30  56  56
   77  33  69  87  43  10  82  54  82  63  93   6  70  63  35  26  40  40
   73  14  79  89  43  52  76  53  89  70  42   2  81  37  64  64  63  47
    8  77  82  61  21  78  21  14  45  11  72  25  98  10  60]
 [  0  84  81  51  42  42  83   7  10  11  64  82  94   6  10  33  65  48
   91  16   7   4  91  70  27  78  74   7  92  99  59  42   5  21  73  90
   61  83  15  53  31  70  67  87  39  86  29  34  78   3  33  27  89   8
   58  94  77  40   6  57  54  13  97  25  71  55  41  72  61  84  38  42
   57  56  90  77   3   2  63  12  11  15  91  25  86  12  24  71  19  72
   32  41  90  84  12  53  46  34  80  30  99  56  37  13  96  76  92   7
   70  20  99  16  53  56  31  87  33  43   1   5  98   9  12  14  60  77
   57  41  24  82  33   7  90  73  64  39  29  97  58  14  81  47  24  55
  100   6  91   9  92  85  47  73  55  96  43  93  39  65  67  49  27  82
   32  32  96  84  62 100   6  92  23  98   9  40  29  56  97  79  10  82
   70  51  46  50  85  83  23   8  48  40  85  60  28  60  44  84  42   7
   16  60  14  23   6  99  19   8  36  18  99  48  98  18  82  84  68  79
   55  96  53  13  82  34   3  89  25  45   1  46  52  15  13  22  63  37
   58  91  50  96  35  39  19  88  61  22  45  12  80  42  25  31  97  91
   57  77  31   1  82  27  48  80  49  36  75  82  28  42  89  39  30  29
   49  74  55  65  77  67  33   5  48  39  51  80  86   8  45  44   6  60
   53  62  65  86  99   3  24  42  70  61   7  97   6  76  55  21  44  23
    2  47   9  92  57  67  58  56  41   2  58  54  50  15  50]
 [  0  67  91  68  64  84  63  21  61  65  24  87  12 100  88  94  81  42
    5  12  51  41  77  22   3  31  57  27  30  89  94   1  39  30  98  87
   73  68   9  75  65  44  84  99  93   2  50  80  51  84  12  53   7  84
   63  71  57  36  92  13  52  32  21  50  68  58  22  32  91   8  92   6
   55  46  28  69  76  38   4  69  83  84  24  35  90  46  21  15  23  25
   24  50  50  72   4  93  80  34  85  44  50  55  88  38  63  29  93  52
    8  47  98  18   2  50  40  46  75  81   6   2  53  45   5  40  55  68
   41  40  49  49  21  11  23  39  63  50  83   5  41  92  82  36  25  81
   61  37  16  80  80  53  43  49  67  57  16   5  35  73  59  17  59  30
   41  55  43  35  68   9  35  50  60  65  27  25 100  32  18  14  29  49
   91  23   3  37  33   1  40  77  14  33  18  95  48   8  30  77  23  33
   16   8  84   9  30  44  31   7  23  45  93  47  68  18  33  17  69  43
   78  38  25  71  37  91  29   4  90  75  17  16  96  40  90  85  96  78
   72  38  15  59  22  37  96  84  34  49  73  96  84  22 100  80  22  63
   68  86  33  91   8  60  88  69  39  85  94  86  29  76  12  47  79   1
   57  14  60  73  52  51  77  33  97  34  47  98  19  35  16  70  86  49
   89  25  15  95  27  86  29  75  94  59  50  94  81  25  79  66  53  89
   73  85  59  80  28  89  57   2  64  98  45  64  59   5  39]
 [  0   4  58  34  38  78  39  94   4   1  22  40  52  26   1  83  45  20
   92  88  50  61  22  34  22  92  71  92  23  35  92  45  76  98   5  75
   70  19  51   2  99  73  92  36  75  68  89 100  35  87  28  54   2  66
   78  36  24  96  42  89  20  87  78  41  79  89  23   9  41  76   9  76
   93  90  82  99  41   7  62  92  74  75  54  86  87  70  43  14   8  54
   71  52   2  72  21  52  58   7  70  82  81  42  82  72  32  61  95  26
   49  43  95  79  83  88  84  23  66  23  12  94  85  15  54  38  54  16
   94  98  82  67   8  68  49  87  12  67  88  77  79  10  84  59  97  53
   61  41 100  45  61   3  24  75  79  93  93  23   8  45   5  97  19  42
   47  36  45  74   4  76  65  59  10   8   4  72  31  89  61  29  48  68
   86  57  12   5  28  83  43  58  78  90  68  65   9   2   6  59  45  15
   37  71  94  69  76  45  79  71  83  89  30  76  90  22  31  32  56  49
   25  31   8  91  50  70  17  84  35  81  25   3  17  13  15  58  87  92
   78  13  65   9  87  48  93   2  39  62  50   5  39  20  97  35  34  59
   82  31  40  88  99  69  48  90  14  94  72  50  88  98  85  82  80  67
    3  89  98  55  43   8  92  76  26   4  86   6  82  56  51  73  97  86
   38   7   4  45  63  17  61  29  59  24   8  72  21  10  47  35  91  49
   59  70  15   5  92   1  88  67  66   6  78  16  50  68  18]
 [  0  80  96  73   9   4  44  17  77  57  77  40  78  83  95  90   9  55
   21  80  27  89  22  24   6  82  18  23  82  50  83  45  43  76  56  52
   59  50  57  83  67  26  59  56  10  58   5  50  26  64  81  15  78  52
   25  74  93  81  80  92  98  32  86   9  96  13   8  28  42  98  84  48
   47  64  31  82  27  28  41  45  57  90  79  95  60  97   8  38  42  52
   95  51  64  37  33  92  22  11  14  84  85  79  75  35   1  62  27  89
   77  41  72  96  13  67   3  60  93  88  39   2  39  95  41  19  53  50
    9  10 100  63   3  45  94  20  10  51  29  62  69  96  66  10  50  45
    4  70  21  89  34  52  67  44  73  80  40   4  83  57  54  93  66  54
   10  83  21  51  70  78  93  51  91  81  73  60  15  40  71  57  17  13
   32  53  22  38  85  66  44  78  52  86  83  52  58  97  69  47  21  28
   50  63  53  12  27  14  16  12  32  94  86  22  87  69  83  86  98  26
   98  19  39  99   5  39  48  36  62  23  33  65  46  18  79  45   2  16
   79  40  10  37  72  37  36   6   4  66  83  38  56  35  36  74  27  34
   19  57  31 100  26  22  13  79  26  58  98  84  15  47  81  59   5  17
   59  92  29  93  20  71  99  90  46   6  75  35   2  87  92  59  83  58
   83  27  75  38  20  21   2  66  62   5  41  58  67  14  64  77  25   3
   83  82  13  32   4  40  95  22  47   7  49  55  51  33  25]
 [  0  35  14   6  84  94  99  12  88  27  56  96  87  61  79  35  71  62
   39  69  18   3  28  60  84  51  73 100  42  34   2  27  73  61  23  34
   86  71  61  79  67  64  96  37  14  17  42  26  39  52  26  16  24  54
   94  58  58  34  90  84  43  85  69  49  95  47  79  21  16  27  15  37
   62  20  44  57  46  24  71  40  47  68  85  15  33  99  66  81   2  10
   14  83   3   4  39  60  44   6 100  72  16  48  81  11  34  74  82  87
   45  29  16  81  34  37  22  71  47  22  12  59  89  33  68  15  88  53
   27  22  57   3  78  93   5  47   9  90  70  19  75  52  95   8  88  98
   43  27  98  77   8   2  40  65  73  42  63  50  69   9  79  20  79  82
    3  36  90  48  10  23  31  11  89   9  64  92  71  27  18  16  30   3
   60  10  55  87  56  37  32  44  74  33  76  37   4  72  55  13  75  42
   57  71  98  18  57  16  69  53  82  49  73  73   8  17  66  65   1  95
   57  95  13  88   6  48   6   9  46  63  21  31   1  83  37  80  84  47
  100  98  49  43  33  95  23  69  76  31  62  16  10  18  48  80  15  73
   81  38  81  22  35  22  63  61  25  52  69  65  19  21  38  36  87  89
   79  68  29  48  85   2  95  65  82  60  15  31  58  53  14  43   1  65
   66  34  84  10  60  80  88   4   9  70  74  64  46  10  80  13   4  17
   79  92  40   6  15  60  47  28  63   2  50  73  14  65  37]
 [  0  58  45  16  64  57  50  99  34  39  16  69  60  49  89  82  10   5
   92 100  16   6  94  52  80  82  20  65  79  56  48  78  64 100  47  94
   83  76   1  73   7  41  28  11  67  56  73  15  13  10  70  96  50  66
   92  28  24  67  15   1  16  64  84   4  97  67  52  78  18  90  66  35
   36  14  33  94  28  95  24  52  50  62  15  35  29  98  88  35  10  12
    4  53  24  63  43  64  74  49  95  72  14  89  68   8  65  69   4   8
   73  58  61  53  43  99  94  76  51  86  75 100  40  11  69  18  23   6
   52  86  51  75  40  22  11  37  94  85  43  74  19   4  30  98  69   9
   64  35  78  47  30  90  86  30  76  41  10  59  42  78  98   2  84   3
   35   7  25  54  76  23  71 100  93  94  64  30  31 100  69  49  97  37
    8  56  32  34  43  70  31  83 100  63  50  66  67  67  75  33  55  88
   46  31  84  10  50  31  69  21  29  72  37 100  96  24  98  49  53  30
   62  52  55  92  46  17  84  73  46   3  56  10  84  70   2   1   7  39
   76  16  51  94  87  90  57  46  52  14  45  50  16  80  85  61  83  59
   45  33  88  30  85  24  27  67   6  85  42  49  28  75   9  65  69  74
  100  71  85  64  34  64  59  11   8  49  23  87  43  12  82   3  71  68
   17  84  58  64  10  73   5  83  41  33  79   8  55  90  92  67  69  64
   41  56  91   9  62  11  83   4  78  90  12  32  86  97  41]
 [  0  52  25   8  83  62  88  38   7  32  96  66  85  47  60  24   9  30
   41  24  23  72  68   1  97  55  61  90  15  60 100  27   5  68  23  85
   54  37  16  99  87  72  68  29  43  35  78  61  25  16  66  76  30  16
    5  66  79   3  71  31  43  99  42  22  37  33  61  60  29  38  35  58
    9  24  23  27  14  55  58  54  16  90  24  27  99   3  23  10  66  20
  100  48  14  96  15  15  51   2  63  54  48   2  66  92  99  34   1   7
   40  32   5  99   5  83  93  16  77  59  50  89  57  50  23  54  57  15
   46  60  69  36  40  38  34  31  62   3  18  76  49  31  67  41  35  80
   26  62  95  55  88   5  95  83  91  13  98  96   5  31  99  21  54  26
   81  12  33  10  59  74  12  33  23  77  41  43  19  10  83  19  41  41
   17  27  42  38  46  87  42  29  23  73  97  61  62  95   8  89   3  42
   99  78  81  82  24  69  36  42  56  75   5  84   8  31  42  11  34  21
   75  10  62  59  58  49  97  89  70  62  48  64   6  71  93   6  59  37
   82  17  29  92  13  94  11  98  88  32  40   4  76  78  73  17  89   7
   24  66   2  25  20  76  68  84  68  88  72   6  96  92  10  48  42  29
   12  95  61  66  14  47   9  74  32  48  34  45  51  53  44  15  79  84
   85  11  45  25  35  75  84  53  65  20  85  56  52  28  10  55  91  78
   37  21  79  42  65  20   6  66  59  88  31  93  65  77  23]
 [  0  27  80  33  87  36  91  45  61  71   9  11  91  27  10  13  10  77
   14  20   5  62  90  38  24  90  89  45  54  28  20  91  65  89  20  90
    1  18   7  41  32  59  44  13  75  46  89  48  36  72  40  62  57  96
   97   6  91  84  77  22  85  56  49  93  64   1  72  68  94  63  39  88
   97  14  63  59  75   7  15  43  22  53  23   7  35  14  39  11  78  61
   12  46   6   3  87  94  83  39  46  23  53  35  17  16   3  99  54  24
   27  29  27  79  84  65  84  26  19  11  46  31  30  38  35  44  11  38
   55  70  80  92  13  93  28  56  56  86  56  25   1  21  35  86  24  38
   45   9  48  15  16  62  68  88  26   3  48  70  20  81  60  12  64   9
   43  12   1  69  29  95  98  51  98  87  55  35   5  39  24  44  25  94
   53   3  51  11  52  19  12  91  59  96  95   9  74  43  71  61  23  51
   79   8  94  40  97  97  27  68  63  80  12  82  56  36  54   7  27  98
   72  64  32  52   2  41  52  46   7  81  41  78  44  22  13   6  62  38
   34   2  99  39  53  59  81  94  64  30  79  89  29  55  98  96  98  41
   35  41   9   9  52  44  88   2   1  25  74  88  69  83  60  39  12  38
   29  34  78 100   4  75  23  68  60  11  94  69  51  30  99  73  47  97
   78  78  45  99  69  54  89  61  43  12  20  68  37   8  87  86  11  16
    9  44  85  43  74  85  47  91  75  69   1   7  74  22  30]
 [  0  75  17  37  57   6  96  42  72  89   6  75  52  57  39  11   4   5
   11   6  67  53   3  16  66  38  73  13  45  50  61  21  69  92  83  72
   41   9  64  63  35  66  12  52  31  23  22  48  59  10  32  68  21  37
   30  50  62  27  66  16  47  58  97  36  55  10  38  76  53  56  36  17
    2  62  53  18  99  58  99  50  86  32  96  23   2  96  46  23  98   8
   69  62  21  16  45  23  26  76  63  61  14  85  61  56  61  65   2  64
   90  18  33  69  41  97  60  92   9  32  93  72  49  97  80  93   9  55
   67  24  27  43  28 100  96  68   1   2  80  16  40  93  39  33  59  76
   10  30  93   7  24  90  85  54  63  94   4  14  69  99  98   4  36  77
   35  60  94  82  79   7  88  45  42  10  41  10  98  38  20  25  84  46
   94  35  17  84   5  82  80  87  58  32  34   7  83  80  18   2  45  22
   94  82   3  28  63  28  68  10  33  27   9  54  56  50  91  19  26  85
   20  66  18  58  74  17  22  86  25  19  28  86  24   8  60   4  14   6
    5  34  85  59  60  21  76   5  72  69  94  78  83  93  42  16  91  55
  100  80  94  93  50  80  70  34  34   3  27  92  84   6  77  62  85  70
   99  70  63  41  23   9  39  85  77  78  14  11  72  78  20  58  80  54
   92  89  43  83  49  38  53  23  19  23  33  42  61  12  50  67  53  11
   13  93  60  43  17  60  70  60  75  61  59  52  35  23  57]
 [  0  66  19  69  34  62  84  49  31  15  62  18  84  42  75  52  81  35
   27  84  42  91  12  61  65  81  40  46  59  35  65  94  50  32  82  80
   90  15   7  26  62   2  49  36  74  35  33  13  58  81 100  19   9  34
   47  68  71  82  57  47  25  29  74  64  10  40   1  64  31  50  96  38
   29  86  57  34  32  70  63  27  73  94  12  64  24  46  38  20  43  91
   59  35  77  49  45  43  38  41  18  39  11  44  95  88   3  90  48  49
   13  62  31  78   5   2   7  68  29  27  56  19  97  11  34  53  79  33
    5  93  17  17  92  20  57  66  74  87  63  88  64  10  42  32  97  26
   54  54  63  51  23  40  40  53  13  82  62  80  53  69  51  81  19  25
   33  76  46  96  27  43  64  98  50  21  89  95  51  58  10  96   7  26
   24  93  71  20  90  61  84  20  90  85  32  77  36  36  49  80  62  63
   51  93   8  84  45  24  44  18  97  71  70  64  67  41  16  17   5  67
    4  92  93   1  12  77  20  44  64  94  96  63   8   5  70   5  51  94
    7  15  32  62  20  30  24  36  96  18  94  43   2  29  89  50  38  72
   28  25 100  45  97  45  17  38  37  50  60  85  38  25  79  79  72  47
   32  89  83  76  31  65  94  45  49  76  86  65 100  59  61  17  44  48
   67  58  57  37  69 100  79  72  46  92  63  88   1  33  79  82  14  52
   82  97  51  23  89  83  89   7  47   7  22  99  73   7  55]
 [  0  45  97  11  67  35  56  80  81  83  59  56  11  19  11  30  82  98
   74  75  13  98  65  34 100  79  49  57  88   7  11  21  80  20  98  54
   50  12  61   1  25  86  19  60  82  64  42  12  20  43  37  83  71  82
  100  44  94  85  58   9  71  68  25  14  52  82  31  59  43  47  47  50
   60  51  79  41  17  24  99  37  80  93  91  64  32  43  68  98  16  85
    8  76  58  51   4  86  71  55  18  77  61  50  91  58  22  41  87  27
   45  38  82  32  67  93  68  55  42  55  52  88  88  52  80  96  98  46
   94  86  42  80  37  24  13  78  59  76  12  13  11  40  91  15  99  43
   39  18  20  45  91  71  96  16  71  78  25  95  54  86  91  68  52  26
   74   3   5  27  79  30  11  19  87  55  27  85  16  64  54  92  99  99
   53  88  16   9   2  88  64  61  23  34   6  15  28  57  66  70  45  51
   16   5  32  74  39  36  70  49  91  95  16  36  93   1  58  48  21  11
   67  73  53  85   8  69   8  75  66   8 100  12  10  75   3  24  49  17
   19  87   1  57  43  95  33  55  20  27  87  62  23  55  22  57  50  54
   70  85  18  67  36   6  44  25  13  10   4  26  35  91   3  80  86  69
   89  60  85  24  44   9  86   4  82  46  32  83  85  41  10  54  10  85
    6  69  32  89  12  15  37  59  72  60  82  48  49  17  10   5  57  72
   50  11  75   9  59  60  72  18  39  99  23  49  85  73  10]
 [  0  69  50  75  82  81  66  50  62   2  28  14  82  40   9  78  15  69
   95  30   1   8  59  28  10  96   3  45  61  25  35  70  68 100  16   6
   95   5  70  47  60  78  47  87  31   4   8  80  66  86  32  60  23  48
   34  46  96   8  58  46  21  36  79  41  16  97  65  81   7  37  57   2
   19  71  57  12  25  25  30  84  81  19  48  83  44  20  65  15  91  41
   89  85  64  88  29  70  13  50  29  13  88  67  14  25  45  19  37  60
   15  50  52  58  21   4  21  84  77  31   3  79  18  40  94  26  90  88
   39  40  87  92  63  73  90   7  16  46  11  28  13   1  53  92  42  34
   75  68  40  67   3  67  90  55  61  91  67  12  26  26  60  24  10  65
   38  68  39  68  11  95  25  60   4   7   8 100  47  42  43  78  92  62
   50  91  45  67  89  56  34  10  81  75 100   2  63  54  12   8  41  76
   30  94  81  12  95  15   1  57  66  70  36  90  53  13  96  77  55 100
   31  37  61  69  77  69  72  59  10  98   6   3  52  48  46  18  48  76
   94  81  44  62  85  23  56  45  25  21   6  21  16  41  39  45  30  83
   67  74  85  88   6  15  93  88  70  62  80  44  56  22  90  79  50  27
   52  10  77  10  72  83  19  56   4   5  70  93  11  41   6  98  67  32
   68  17  31  40  44  45  71  12  29  87  67  54  10  58  63   5   9  32
   96  98  18  55  38  17  54  81  99  33  24  11  10  42  45]
 [  0  88  96  56  29  67  38  99  46  66  52  98  69  34  56  62  19  35
   34  24  49  73  29  33  91  82   1  97  53  34  71  70  66  75  22  77
   22  27  56 100   2  40  68  57   7  48  98  50  96  95  73  34  45  59
    9  18   8  81  16  81  15  91  90  36  46  42  26  51  61  81  26  22
   30  67  64  27  42  81  48  86  83  52  42  28   4  84  34   9  37   5
   64  62  33  82  96  58  67   7  40  34  64  72   7  83  79  15  18  32
   45  97  43  40  66  81  36  37   5  29  94   1  97  16  56  12  44  73
   59  82  71  64  59  99  99  55  65 100  65   5  74  54  57  90  77  31
   23  79  71  91  47  38  39  33  90  19  48  92  66  87  18  54  30  51
   91  65  13  86  89  74  41   6  78  41  12  64  84  87  60  32  75  62
   93  92  86  29  42  15  19  75   6  77  50  10  18  53  19  75  24  34
   71  73  35  18   7  49   7  37  45  26  54  54  95  40  54  65  58  27
   64  95  74  21  58  49  66  97  52  25  81  49   5  31  58   6  82   7
   30  21  79  10  74  69  81  14  37  42  73  38  96  47  54  11  96  87
   57  45   4  99  21  50  70  59   8  91  46  82  70  57   7  32  89  94
   44  20  87  72  48  77  95  78  73  32  39  80  97  86  59  13   9  14
   45  69  59  10  72  51  25   6  96  31  85  12  86  58  84  82  93  15
   27  37  43  65  40  23  79  29  60  89  36  48  70  27  11]
 [  0  21  66  37  92  27  24  70  69 100  26  97  84  27  23  40   5  86
    6   2  84  11  31  98  47  31  92   1  29  47  63  57  27  72  73  73
   12  41  48   7   6  29  46  52  89  87  33   6  60  34  42  79  76  20
   10  45  79 100  15  22  98  38  69  31  94  49  96  93  33  24  77  78
   12  65  16  51  57  23  24  34  96  55  46  62  57  74  56  67  55  78
   55  75  33  13  65  50  52  31  73   7  83  80  46  67  24  28  84  46
   92  93  95  14  74  77  68  73  72  13  45  76  23  97  49  32  97  72
    8  66  69  66  68  42  17  60  54 100  59  36  94   1  49  77  83  76
   77  38   2  60  49  88   1  48  33  95   9  87  42   3  58  29  47   9
   57  40  94   9  28  17  82   8  63  18  96  90  31  22  77  73  30  35
   80  30  25  34  82  87  57  41  73  81  39  12  65  81  34   3  70  41
   65  85  64  47  58  17   7   1  21  41  40  30   4  11  94  16  63  60
   45  66  87  24  68  55  52  70  21  98  53  33  60  11  33  32  32  79
   26  92  42  39  99  17  87  61  47  61  58  86  50  33  48  65  48  23
   80  79  25  45  38   4   8   5  42  50  62  89 100  77  95  77  43  42
   60  31  92  49  49   2  34   2  39  91  86  28  20  42  14  79  32   7
   85  54  47  43  54  37  80  22  39  42  35  98  59  56  64  90  69  53
   92  41  88  44   1  13  41   5  91  74  55   1   1  88  62]]
 setup_times
 [[[ 0 56 39 55 32 34]
  [ 0  0 41 38 32 39]
  [ 0 53  0 36 41 36]
  [ 0 45 31  0 44 41]
  [ 0 48 36 41  0 45]
  [ 0 33 35 30 54  0]]

 [[ 0 51 36 58 36 45]
  [ 0  0 49 31 52 57]
  [ 0 37  0 49 51 34]
  [ 0 59 31  0 45 33]
  [ 0 30 39 45  0 35]
  [ 0 48 52 43 47  0]]

 [[ 0 36 43 31 42 53]
  [ 0  0 45 54 45 39]
  [ 0 41  0 30 55 37]
  [ 0 32 36  0 59 56]
  [ 0 44 53 58  0 40]
  [ 0 41 57 31 58  0]]

 [[ 0 40 42 51 37 52]
  [ 0  0 34 31 48 46]
  [ 0 42  0 52 41 37]
  [ 0 45 30  0 37 31]
  [ 0 43 34 37  0 57]
  [ 0 47 34 44 49  0]]

 [[ 0 54 33 52 46 41]
  [ 0  0 51 40 57 57]
  [ 0 47  0 55 37 32]
  [ 0 50 51  0 44 45]
  [ 0 53 48 48  0 48]
  [ 0 37 33 46 57  0]]

 [[ 0 39 52 50 52 41]
  [ 0  0 47 31 35 41]
  [ 0 40  0 58 36 54]
  [ 0 32 58  0 37 58]
  [ 0 35 51 42  0 53]
  [ 0 39 59 33 54  0]]

 [[ 0 40 47 45 59 46]
  [ 0  0 58 58 46 48]
  [ 0 44  0 37 53 58]
  [ 0 36 47  0 34 36]
  [ 0 32 51 39  0 36]
  [ 0 59 45 43 33  0]]

 [[ 0 41 45 35 47 36]
  [ 0  0 51 42 33 39]
  [ 0 50  0 56 50 39]
  [ 0 43 53  0 39 44]
  [ 0 31 51 31  0 47]
  [ 0 56 51 48 46  0]]

 [[ 0 52 37 59 40 30]
  [ 0  0 31 41 33 44]
  [ 0 30  0 30 50 33]
  [ 0 54 42  0 49 46]
  [ 0 50 39 40  0 54]
  [ 0 41 40 46 34  0]]

 [[ 0 41 56 30 39 33]
  [ 0  0 38 55 54 45]
  [ 0 42  0 39 57 55]
  [ 0 58 40  0 47 44]
  [ 0 39 44 34  0 47]
  [ 0 45 32 49 47  0]]

 [[ 0 43 45 55 31 51]
  [ 0  0 33 33 32 46]
  [ 0 49  0 55 49 31]
  [ 0 47 56  0 30 56]
  [ 0 35 58 50  0 58]
  [ 0 37 34 58 37  0]]

 [[ 0 55 43 42 57 55]
  [ 0  0 44 52 34 50]
  [ 0 45  0 45 54 49]
  [ 0 41 53  0 58 36]
  [ 0 57 37 32  0 47]
  [ 0 59 43 43 47  0]]

 [[ 0 31 33 58 55 44]
  [ 0  0 34 57 55 57]
  [ 0 49  0 59 50 42]
  [ 0 49 41  0 31 56]
  [ 0 58 59 51  0 31]
  [ 0 57 46 43 34  0]]

 [[ 0 50 49 33 34 59]
  [ 0  0 34 49 55 51]
  [ 0 55  0 45 58 58]
  [ 0 42 52  0 30 46]
  [ 0 44 31 40  0 38]
  [ 0 41 55 51 31  0]]

 [[ 0 53 36 53 59 37]
  [ 0  0 38 48 36 52]
  [ 0 40  0 33 40 47]
  [ 0 55 38  0 55 42]
  [ 0 56 56 57  0 45]
  [ 0 43 46 58 39  0]]

 [[ 0 40 43 51 50 57]
  [ 0  0 39 41 49 54]
  [ 0 49  0 59 56 41]
  [ 0 34 48  0 41 52]
  [ 0 49 52 46  0 59]
  [ 0 54 36 31 42  0]]

 [[ 0 48 57 57 41 50]
  [ 0  0 48 30 32 49]
  [ 0 56  0 41 36 57]
  [ 0 33 44  0 55 38]
  [ 0 55 46 46  0 59]
  [ 0 44 46 54 34  0]]

 [[ 0 38 39 46 50 34]
  [ 0  0 44 35 47 52]
  [ 0 32  0 44 58 59]
  [ 0 36 41  0 47 33]
  [ 0 30 40 32  0 52]
  [ 0 45 44 56 42  0]]

 [[ 0 33 36 33 34 58]
  [ 0  0 59 48 47 58]
  [ 0 30  0 38 51 34]
  [ 0 35 34  0 32 36]
  [ 0 54 50 43  0 31]
  [ 0 33 34 53 54  0]]

 [[ 0 47 38 32 51 34]
  [ 0  0 40 41 33 34]
  [ 0 46  0 38 37 43]
  [ 0 43 38  0 53 55]
  [ 0 52 33 42  0 59]
  [ 0 57 47 56 57  0]]]
 delivery_times
 [[  0 199 174 186 196 191 179 198 181 192 199 197 193 188 195 187 182 186
  181 184 189 195 195 176 171 178 189 194 170 174 190 197 191 198 174 195
  179 184 187 186 171 185 179 196 190 187 181 180 192 173 187 175 184 185
  190 199 199 173 187 185 174 194 197 183 190 185 194 173 176 196 175 179
  170 195 189 184 186 199 178 198 173 179 191 190 183 175 185 197 175 194
  190 184 186 197 185 198 193 184 181 177 187 192 197 189 173 196 176 197
  187 194 179 187 194 175 175 173 178 196 199 173 173 192 175 189 179 186
  181 179 178 180 170 173 197 181 180 176 179 175 182 181 183 171 194 174
  185 193 171 190 176 199 197 196 186 180 183 183 176 199 185 177 179 171
  198 194 180 173 198 199 175 173 178 193 175 198 179 183 172 189 183 184
  196 179 178 180 190 182 172 184 193 181 182 179 180 180 192 184 178 171
  175 195 172 187 174 199 171 187 173 187 195 174 193 188 175 176 191 197
  175 186 187 193 193 172 173 195 197 188 198 195 185 180 187 171 190 189
  191 170 178 191 185 171 184 193 187 176 187 170 181 178 179 190 174 194
  197 182 193 173 187 184 190 180 186 172 178 191 176 182 187 197 176 183
  179 198 181 183 185 190 181 182 178 178 187 196 195 193 187 192 170 177
  182 171 187 172 189 187 186 173 190 175 185 188 177 192 177 177 197 192
  176 190 180 182 198 188 170 194 188 195 197 196 191 180 192]
 [  0 181 194 173 178 176 177 183 181 181 172 191 187 184 177 182 193 199
  190 183 176 178 190 177 192 194 194 175 176 182 173 194 175 189 192 198
  180 195 191 192 172 194 175 193 195 177 174 191 180 176 186 187 186 181
  181 174 175 176 183 188 187 189 173 182 188 196 190 181 174 190 178 194
  191 191 186 182 190 179 187 171 186 173 185 199 193 194 196 186 178 175
  172 171 190 190 180 171 171 173 189 198 177 199 174 171 190 171 188 180
  199 199 170 198 197 172 171 176 196 194 194 199 171 170 190 183 178 192
  180 173 180 172 176 191 193 176 193 184 194 199 193 186 172 188 192 180
  198 170 178 174 180 184 195 188 186 171 187 172 189 176 172 186 198 171
  196 180 185 173 185 176 182 197 172 182 174 190 186 179 179 185 185 180
  192 186 177 198 176 178 199 181 178 174 188 196 170 192 187 190 173 195
  183 182 193 173 179 188 197 184 186 184 193 177 186 196 178 189 189 173
  191 199 185 198 174 188 195 176 199 198 174 197 180 180 197 184 176 188
  192 198 172 172 195 190 178 188 179 199 172 192 198 196 178 176 186 179
  171 171 178 188 191 195 178 171 182 181 183 183 179 187 171 189 181 172
  186 184 174 179 172 175 176 193 199 197 185 179 187 195 174 179 174 179
  171 194 187 191 174 194 193 179 178 199 190 190 195 185 193 197 191 187
  181 196 180 194 186 175 192 171 199 187 196 193 177 180 181]
 [  0 175 194 185 175 195 189 188 194 170 179 199 192 171 174 192 192 173
  170 187 181 173 190 170 181 181 187 171 189 180 197 188 171 176 190 189
  188 182 189 179 187 174 180 171 171 188 190 181 170 180 195 173 179 187
  181 183 185 178 197 171 199 172 197 178 182 192 171 192 185 191 172 181
  188 183 186 186 173 188 188 180 182 172 193 196 172 175 175 192 179 184
  182 180 184 198 172 182 192 182 172 183 191 192 180 190 197 185 172 179
  181 197 181 177 198 190 177 193 173 172 180 173 199 197 181 182 199 171
  192 188 198 185 186 171 173 186 194 187 194 179 198 176 177 176 172 198
  196 172 199 182 187 193 187 189 188 182 180 182 196 179 172 194 194 179
  195 197 194 189 175 196 193 196 194 196 198 195 199 188 199 190 172 196
  194 177 182 180 195 176 176 195 175 194 183 193 198 181 182 188 172 175
  181 191 196 189 198 171 171 173 182 171 185 182 184 187 178 172 173 178
  171 183 173 185 196 179 181 172 194 192 189 176 184 189 193 174 197 199
  174 170 173 197 171 181 189 193 183 194 174 186 189 186 188 191 183 188
  191 179 181 174 190 185 172 188 194 189 199 170 186 174 171 189 199 189
  172 187 188 175 178 191 197 181 195 183 191 193 177 182 171 176 195 170
  198 189 190 186 193 181 170 197 177 182 199 196 195 181 179 192 186 196
  179 179 192 199 181 186 170 178 186 186 173 199 179 183 173]
 [  0 174 177 196 194 197 174 178 194 175 177 192 195 198 180 184 192 172
  198 182 173 180 183 181 184 191 180 196 198 178 174 193 187 197 198 199
  192 192 172 188 190 185 187 182 190 189 185 173 185 180 186 172 175 190
  183 195 191 189 189 187 182 172 192 173 195 185 190 173 179 182 184 192
  174 180 184 195 186 182 171 189 192 185 176 175 180 187 175 175 196 177
  182 178 186 184 196 185 198 171 182 184 178 172 195 171 179 197 197 177
  185 194 177 193 176 187 197 191 195 186 194 182 187 196 172 170 184 197
  187 186 198 189 198 187 192 191 190 180 188 180 188 183 176 183 192 199
  187 171 198 188 197 180 190 193 188 195 175 176 181 183 182 175 192 181
  181 193 189 198 176 184 171 189 172 172 196 171 195 186 196 176 183 179
  197 192 195 174 194 187 173 179 194 180 180 196 183 181 174 187 191 195
  181 177 180 180 188 177 182 192 194 188 189 183 194 178 194 191 191 180
  179 182 179 182 197 197 197 185 180 176 184 180 185 179 190 177 174 186
  187 187 193 189 192 193 189 178 177 187 171 170 182 180 196 183 181 199
  192 181 173 177 177 191 197 176 174 195 197 171 197 189 198 197 193 196
  172 188 196 194 188 182 177 191 183 188 180 196 186 186 171 188 196 176
  198 185 180 176 199 176 188 192 185 172 191 179 193 176 192 172 196 193
  195 199 179 198 198 186 173 198 190 178 171 189 180 177 188]
 [  0 177 189 188 183 173 197 179 189 182 180 184 182 185 185 184 184 196
  189 173 198 198 199 187 178 189 177 183 182 171 196 186 185 179 199 173
  179 187 181 194 172 194 196 199 183 181 179 176 195 198 185 190 177 196
  183 174 187 195 182 179 186 174 177 182 170 171 192 176 177 191 196 174
  182 183 186 197 189 185 194 179 188 198 192 182 197 194 180 194 198 196
  181 194 174 190 185 178 172 191 190 186 174 191 195 176 195 178 187 198
  181 199 191 196 172 170 177 183 171 187 199 181 174 199 176 177 194 188
  197 192 195 196 180 183 183 192 198 188 180 194 173 176 195 193 182 178
  177 197 196 189 196 182 194 193 187 198 190 185 183 174 185 174 198 177
  185 199 199 191 170 195 186 194 185 190 175 198 192 174 175 181 187 178
  195 180 192 180 197 174 192 186 171 198 194 194 172 182 190 188 184 180
  196 187 190 172 188 172 188 197 193 191 195 171 185 198 171 182 185 182
  184 180 194 174 196 180 199 196 197 184 170 180 190 170 182 193 185 198
  198 173 199 194 180 181 196 195 179 199 194 184 192 182 194 176 195 177
  195 175 173 199 182 194 187 186 188 179 199 196 197 193 196 186 186 186
  179 182 198 194 186 199 176 176 179 191 191 194 175 193 176 181 178 193
  196 181 179 184 175 187 189 176 170 197 176 189 180 178 196 176 181 177
  195 184 172 189 175 173 171 185 176 199 191 176 183 181 177]
 [  0 174 175 193 173 197 186 182 185 189 185 181 197 181 188 185 188 191
  176 174 186 178 189 179 171 177 173 190 184 194 179 192 179 173 173 187
  170 184 194 198 183 191 199 172 191 186 179 197 187 175 179 174 188 180
  183 193 192 170 175 193 172 187 188 192 194 176 174 180 198 194 181 189
  171 190 175 189 185 176 189 197 178 187 199 187 176 188 178 181 192 192
  183 199 192 180 187 188 188 190 171 172 180 189 179 185 194 180 193 198
  173 197 171 194 194 186 175 174 187 177 186 177 199 194 171 174 173 176
  170 176 174 193 187 197 191 193 197 186 186 174 195 183 191 197 186 186
  194 197 185 196 183 173 184 196 180 172 193 181 176 182 170 191 177 183
  170 190 187 192 172 173 171 188 192 175 177 193 172 182 181 197 181 182
  185 199 188 192 173 193 178 184 175 186 172 196 193 194 170 197 184 183
  178 192 178 189 190 178 198 182 189 174 179 181 193 186 194 190 175 178
  189 170 182 173 182 192 173 186 197 180 190 180 180 183 178 171 184 182
  190 193 185 177 182 199 177 173 184 182 193 191 171 197 177 195 194 191
  191 177 190 195 174 183 174 170 199 199 175 180 187 189 171 174 181 174
  172 188 180 189 187 170 187 191 188 174 194 189 189 178 189 177 188 190
  171 178 171 181 190 189 184 173 177 185 185 172 195 189 199 172 181 171
  196 187 181 172 170 171 197 194 195 171 184 197 193 190 179]
 [  0 170 175 197 181 185 184 182 191 197 184 181 195 195 191 189 188 177
  193 171 192 198 172 181 183 184 191 177 197 187 199 188 190 186 183 186
  172 188 195 197 184 194 190 180 193 196 198 172 170 177 189 185 171 198
  176 174 177 190 189 191 191 181 182 195 195 186 178 174 178 191 174 197
  192 172 184 195 184 173 180 195 177 183 196 196 185 179 175 183 193 180
  183 178 199 188 181 186 174 179 185 189 193 195 174 196 176 178 184 196
  182 174 189 194 187 185 195 175 187 181 185 195 188 194 173 177 175 185
  191 175 182 184 181 197 194 176 194 185 185 194 198 177 189 191 170 184
  187 176 188 197 196 173 186 181 193 184 174 170 191 170 190 185 189 175
  195 199 195 181 176 188 181 172 195 193 171 199 177 188 182 188 180 182
  196 198 175 170 189 171 179 180 189 183 185 197 172 174 195 193 197 176
  186 193 187 176 186 180 181 175 197 170 186 186 179 184 195 188 179 193
  197 196 193 189 197 175 181 199 188 185 171 196 196 180 181 173 187 196
  176 177 184 183 172 171 184 187 197 178 198 184 183 172 171 199 177 197
  188 175 180 180 189 176 185 179 172 179 174 197 199 197 179 180 185 174
  180 180 174 189 199 181 184 181 194 170 193 198 186 197 181 186 185 182
  185 171 184 178 192 173 189 194 179 188 187 170 192 193 179 180 173 172
  175 170 191 187 173 192 188 199 178 174 184 172 174 193 183]
 [  0 184 192 181 174 191 197 179 197 189 198 178 173 196 191 199 186 199
  191 174 174 197 190 187 180 199 193 196 170 184 181 187 192 182 199 174
  190 188 197 179 195 194 197 184 195 197 179 190 193 178 193 173 191 178
  199 173 170 171 199 199 170 170 189 190 198 175 193 197 198 198 191 173
  170 185 182 194 174 176 187 179 198 179 185 175 188 195 194 181 187 180
  184 193 188 185 181 188 197 199 179 191 189 184 198 179 193 198 179 179
  193 180 173 174 181 171 185 178 197 173 174 193 175 187 186 175 178 199
  181 178 191 173 170 185 183 195 185 175 177 189 175 180 193 178 186 194
  193 186 181 186 185 193 184 195 188 179 194 191 177 181 184 189 184 196
  199 179 175 192 195 190 171 173 184 198 174 193 174 198 199 189 176 173
  195 179 197 187 186 189 183 173 186 199 193 191 171 183 174 178 182 197
  185 196 196 191 187 178 181 198 192 190 171 199 187 188 172 185 192 182
  188 190 193 174 185 170 177 182 172 185 181 182 184 170 172 190 195 188
  182 196 197 186 177 179 176 191 191 192 193 183 171 181 198 193 182 186
  188 177 171 189 193 180 174 177 196 172 187 174 175 171 187 196 190 189
  184 190 193 180 192 198 198 180 172 189 191 179 190 171 171 195 189 190
  172 193 182 198 184 186 172 182 178 185 181 191 170 178 182 198 176 186
  183 196 176 184 171 188 172 188 195 194 193 192 194 198 184]
 [  0 183 175 176 186 185 192 197 187 182 172 196 195 196 174 199 197 171
  180 191 183 180 170 180 194 176 171 185 182 181 175 188 194 191 175 191
  186 192 181 184 199 171 190 194 183 190 195 181 187 196 180 173 173 190
  198 176 177 178 190 183 199 195 190 199 172 188 185 193 191 182 172 183
  194 186 185 173 196 174 173 178 184 172 182 197 199 179 198 173 184 184
  185 195 173 196 180 195 186 171 171 177 170 175 192 189 181 193 190 180
  199 183 170 195 178 173 193 177 190 180 171 194 197 174 179 193 192 176
  199 184 174 174 172 174 177 179 190 179 179 197 186 199 185 179 192 184
  190 195 187 193 174 189 189 171 181 194 178 185 182 197 181 187 187 175
  174 183 170 181 198 199 194 183 175 193 196 195 183 186 180 189 179 198
  170 189 172 199 174 191 185 188 177 195 195 174 188 184 181 191 171 194
  189 183 178 186 198 198 196 193 186 170 187 172 199 173 184 184 197 187
  184 181 194 199 186 186 183 184 190 195 193 182 183 177 186 178 173 194
  198 176 171 170 173 181 171 194 189 192 174 183 175 170 180 172 174 195
  187 180 194 172 180 173 197 173 190 196 195 192 192 182 193 199 186 191
  198 186 183 174 182 174 194 184 181 172 191 195 180 170 186 191 188 195
  176 192 184 191 193 192 179 176 171 185 199 195 187 198 198 193 198 177
  195 182 186 196 194 188 186 185 178 198 179 177 191 189 175]
 [  0 185 189 186 188 188 198 173 177 174 191 175 171 198 197 199 171 179
  171 191 182 170 186 176 189 170 192 170 188 181 171 193 176 185 199 171
  197 174 170 174 196 193 180 183 197 184 177 178 197 188 178 176 175 178
  195 190 180 191 180 171 183 176 173 193 193 191 195 184 174 197 175 197
  187 192 187 176 182 191 178 175 195 197 184 199 196 181 185 194 175 186
  181 184 197 196 192 176 190 197 196 173 184 193 171 181 197 196 199 184
  182 198 185 173 191 182 172 195 188 176 187 170 172 178 198 174 197 181
  181 175 174 185 186 187 172 185 185 190 192 174 180 197 171 171 197 170
  174 193 178 185 189 172 186 185 188 175 170 194 170 191 196 185 180 174
  197 173 182 177 195 184 180 170 198 176 195 181 173 194 182 177 188 194
  186 182 175 180 171 190 188 199 186 171 198 192 171 198 173 194 172 192
  188 196 191 190 193 185 189 176 192 184 190 198 179 195 191 178 178 182
  195 196 198 193 177 186 170 183 176 173 188 180 194 191 188 181 189 187
  171 170 187 186 189 189 185 175 187 193 193 199 175 182 190 172 196 184
  190 176 176 197 198 197 191 186 194 190 180 195 181 174 175 188 186 188
  172 193 174 195 186 183 182 187 178 197 187 194 174 191 199 179 196 183
  193 170 175 195 181 180 192 184 194 177 172 196 186 180 176 175 190 178
  181 173 178 198 194 176 177 182 188 172 180 183 188 177 196]
 [  0 190 175 199 173 191 179 177 172 192 174 185 198 197 190 177 189 197
  184 194 187 192 184 177 170 185 183 182 196 188 181 188 175 170 190 181
  178 177 198 196 172 194 193 195 185 181 177 199 184 177 183 197 189 180
  171 183 170 190 175 181 174 197 192 190 179 186 178 174 197 190 183 194
  173 191 176 176 173 179 190 179 175 195 170 188 184 176 171 182 181 188
  177 173 174 171 186 180 189 173 174 188 181 174 187 195 175 170 177 199
  184 179 190 195 171 190 185 179 185 182 173 189 193 189 187 183 194 180
  191 171 194 197 198 174 171 199 175 191 188 194 192 194 175 179 189 179
  172 186 192 178 193 188 179 198 181 181 193 191 187 198 191 196 179 176
  191 180 190 193 176 191 199 187 179 192 194 198 179 180 179 199 180 199
  183 187 199 186 199 179 195 176 182 187 193 174 177 171 180 179 194 170
  188 184 177 185 190 175 192 171 197 179 175 173 189 173 189 185 183 177
  182 194 198 181 187 170 185 184 183 195 187 172 170 182 177 193 192 194
  193 179 196 193 186 189 178 187 171 176 197 189 190 183 187 189 192 174
  174 176 198 170 172 177 185 187 188 191 183 179 188 181 186 193 177 197
  191 189 176 178 189 187 184 188 196 188 182 197 171 187 190 193 189 179
  183 190 199 193 178 172 196 179 194 174 181 199 186 188 188 184 187 180
  189 192 175 172 199 170 173 198 171 173 185 179 198 178 186]
 [  0 193 193 170 185 182 186 181 190 186 179 174 189 177 173 176 185 190
  194 184 193 198 190 199 195 181 185 173 193 181 194 193 172 188 175 186
  174 187 175 174 197 178 185 190 190 183 191 176 174 190 184 194 188 198
  173 178 170 182 176 170 174 193 190 174 170 171 197 197 184 176 171 196
  194 195 178 197 189 187 173 189 184 191 192 179 184 178 195 176 198 194
  188 198 179 177 194 199 194 186 199 191 171 170 184 175 170 195 187 183
  180 189 191 180 171 187 196 190 193 180 177 182 191 185 183 196 179 194
  195 197 184 179 185 186 180 186 173 183 195 197 192 175 170 192 177 179
  186 197 188 188 199 186 175 174 195 180 196 194 172 196 170 188 185 170
  192 192 186 188 182 180 192 198 191 179 181 196 193 180 173 197 177 172
  193 170 178 171 170 177 192 175 178 193 191 193 195 192 179 180 190 178
  188 176 179 177 183 180 188 195 183 174 197 171 188 191 179 170 171 184
  189 183 194 176 181 196 190 184 170 189 177 170 191 199 189 175 183 171
  196 193 190 191 186 180 178 185 196 187 193 189 177 172 176 195 180 196
  190 174 177 181 187 195 197 191 180 177 170 190 192 185 190 195 186 180
  176 184 172 183 191 184 170 192 175 184 187 198 191 189 178 172 194 181
  173 182 197 175 170 174 172 192 198 176 176 184 183 175 193 176 195 188
  199 183 194 190 196 173 193 198 190 185 198 196 197 177 176]
 [  0 199 185 197 179 182 188 194 195 187 181 189 187 197 183 191 183 176
  179 184 192 193 182 199 174 197 190 177 192 196 175 177 198 174 191 177
  173 184 195 199 190 176 192 199 197 189 188 189 182 188 196 187 183 174
  173 188 176 191 183 184 179 170 187 195 177 195 185 185 189 182 184 196
  194 180 171 172 193 198 181 199 179 191 197 183 171 171 173 180 187 175
  193 187 191 185 173 193 177 173 170 179 172 172 194 170 189 179 177 185
  191 184 184 171 196 196 189 188 184 181 195 182 175 195 189 197 181 174
  186 180 193 182 190 182 171 175 175 170 193 192 187 182 198 176 194 174
  188 191 199 179 188 197 191 170 176 180 186 178 196 189 181 171 194 186
  170 186 186 182 199 178 182 190 171 189 196 171 188 174 171 196 197 195
  190 172 181 188 192 192 193 179 171 174 190 197 172 190 194 189 179 187
  177 180 176 187 192 174 171 195 180 186 172 177 190 175 181 173 186 188
  173 193 192 173 171 191 174 190 195 186 171 187 178 178 193 175 198 198
  175 172 179 193 192 198 182 174 195 194 171 183 174 171 192 182 179 187
  177 172 191 183 187 177 185 189 194 192 197 184 194 188 182 190 184 199
  194 192 188 175 180 191 183 174 188 172 182 193 175 193 175 198 184 192
  183 179 173 170 197 175 185 186 191 199 177 174 172 191 193 184 182 170
  171 172 182 171 178 196 195 182 191 170 198 173 188 180 172]
 [  0 196 193 184 195 190 186 189 196 199 173 197 188 184 197 181 199 193
  197 179 170 195 175 190 192 177 173 196 175 174 186 188 186 190 185 197
  195 182 194 193 186 171 197 182 188 198 183 183 170 196 191 187 179 178
  174 194 170 185 178 177 194 171 188 196 173 170 197 196 180 175 191 179
  174 178 186 181 181 194 185 173 183 171 192 180 184 190 182 188 181 172
  179 192 194 178 174 197 193 191 195 179 197 185 171 172 197 170 171 183
  170 179 191 178 177 173 184 187 189 170 191 193 176 183 177 172 194 190
  185 180 170 190 189 185 183 189 172 187 194 196 190 188 172 194 183 195
  172 183 181 193 182 183 194 198 172 183 196 195 179 188 178 192 173 185
  178 175 193 197 176 176 174 196 199 179 192 192 180 195 187 199 195 193
  179 198 187 172 187 191 188 188 174 176 197 191 176 199 182 190 190 188
  175 189 190 192 186 182 180 183 176 184 191 181 194 170 170 188 187 171
  171 197 182 197 184 176 173 195 173 199 173 186 173 187 174 175 182 171
  174 192 199 191 177 187 189 183 170 180 176 182 182 195 181 173 179 192
  191 180 185 180 188 175 183 177 178 179 186 184 194 198 183 199 182 180
  171 195 195 182 196 197 173 185 178 183 198 191 180 171 199 172 189 183
  198 170 189 183 171 178 185 185 194 172 184 189 192 172 188 178 187 174
  170 188 181 180 171 196 181 171 181 178 171 199 183 197 173]
 [  0 191 191 172 180 191 198 187 190 178 184 187 174 193 188 192 196 175
  171 178 180 186 180 171 176 173 177 179 170 199 184 172 196 186 183 185
  193 190 194 185 198 190 182 185 182 175 189 185 176 171 184 171 178 197
  179 171 195 192 185 181 181 194 179 177 170 182 186 199 178 199 180 186
  186 177 180 194 189 179 190 195 193 190 182 194 173 182 186 177 176 181
  170 186 171 183 181 189 179 199 196 188 177 186 198 180 186 171 176 187
  193 177 179 177 181 181 197 191 190 186 175 178 186 186 194 197 176 197
  195 184 195 178 192 198 171 195 194 176 187 198 182 199 184 171 191 187
  197 197 196 187 175 179 176 179 197 178 189 192 192 172 183 174 171 172
  170 178 196 186 178 186 173 176 184 189 183 196 171 196 181 190 177 185
  198 171 183 189 195 184 191 184 181 172 186 191 186 190 197 181 196 171
  184 187 188 189 191 187 196 181 178 175 172 175 188 179 186 193 184 196
  195 180 172 180 186 193 183 182 174 192 196 198 199 176 197 179 187 187
  194 192 171 187 175 177 199 186 174 181 182 175 175 191 178 175 174 178
  189 195 172 186 185 176 195 198 192 183 192 189 187 192 199 197 198 186
  197 189 176 195 196 191 193 188 196 182 189 176 194 185 190 173 182 191
  181 190 178 191 195 184 181 171 190 174 185 188 176 182 196 198 172 174
  176 192 177 176 188 182 188 188 184 177 196 193 194 175 189]
 [  0 178 176 177 171 177 177 185 193 188 175 189 190 199 192 174 187 188
  191 199 175 182 188 177 195 185 193 196 175 181 184 184 174 172 170 175
  180 178 181 198 185 191 173 187 170 178 198 180 197 180 195 172 178 172
  180 171 172 195 182 198 179 174 174 173 187 175 191 191 190 197 183 173
  171 180 172 185 174 187 184 173 193 171 174 189 188 188 172 170 196 193
  193 189 176 173 175 182 180 193 193 170 179 194 176 199 184 199 173 185
  190 175 194 198 186 196 173 181 175 196 187 177 178 177 173 189 197 188
  194 176 194 176 175 170 182 176 179 178 186 189 180 181 193 183 198 185
  194 174 185 190 177 191 178 194 181 190 184 182 192 186 175 193 173 184
  199 195 171 186 192 172 187 186 186 173 182 185 186 195 178 196 189 199
  196 197 198 170 180 188 197 187 199 197 174 188 184 171 170 171 184 191
  189 193 192 198 198 199 188 180 170 179 171 196 173 178 189 173 174 172
  177 181 198 196 179 188 183 185 188 188 194 177 199 182 198 189 175 187
  186 173 177 171 196 187 192 193 194 197 185 190 170 195 180 173 176 190
  186 183 181 195 196 184 185 180 173 176 181 177 183 178 174 190 175 174
  199 173 174 189 171 170 188 198 198 173 184 180 193 183 198 170 199 177
  184 191 186 175 178 174 188 177 179 175 196 199 179 188 192 191 195 181
  198 199 172 189 194 174 192 181 192 176 188 172 188 172 179]
 [  0 199 193 197 179 181 199 189 198 182 191 179 191 196 187 190 175 173
  190 191 173 173 195 198 190 179 196 170 190 185 199 191 185 187 189 175
  194 175 170 181 186 195 183 175 174 178 173 178 183 194 197 182 180 194
  174 194 179 170 199 170 198 179 194 189 172 188 184 198 179 183 196 170
  175 191 181 196 199 175 172 182 177 174 179 194 194 192 174 180 174 198
  174 177 170 185 194 174 187 189 197 183 172 171 189 180 171 193 179 197
  199 172 196 180 189 181 176 185 186 180 197 199 174 177 184 182 196 193
  174 190 171 185 173 184 189 191 191 171 198 179 185 178 178 197 187 176
  196 197 177 187 185 176 196 184 173 183 178 174 195 171 183 171 195 194
  173 174 179 182 185 179 177 186 175 183 170 186 178 174 184 190 177 178
  171 179 181 175 177 192 175 192 179 190 170 199 176 199 194 179 174 196
  191 195 174 197 195 188 195 184 194 189 185 189 186 176 199 193 177 188
  176 194 179 174 187 175 176 192 172 171 185 186 185 174 194 184 190 170
  187 183 190 191 178 172 182 198 192 189 177 176 196 191 177 194 180 172
  181 186 189 198 191 189 197 172 181 187 194 180 196 199 170 187 195 184
  178 197 193 192 189 192 182 179 190 181 173 175 180 192 194 179 183 183
  171 174 186 193 181 189 184 196 182 186 186 170 171 191 181 174 179 195
  180 170 186 177 179 181 188 177 187 190 193 173 191 194 193]
 [  0 186 198 191 194 173 176 188 179 183 194 176 176 192 194 198 199 183
  177 192 188 194 181 198 198 199 173 175 189 176 190 193 174 182 172 172
  173 180 185 191 192 178 186 192 185 193 188 182 171 182 172 194 185 175
  195 176 172 197 177 195 180 173 199 197 179 180 195 172 192 196 175 191
  194 171 173 192 182 170 193 185 176 174 183 187 187 180 171 179 193 195
  195 179 192 191 184 199 187 199 186 177 180 188 188 184 178 186 195 184
  183 170 187 176 197 193 182 176 186 171 195 178 183 183 185 194 176 171
  174 180 179 192 198 186 195 198 176 172 186 195 195 172 181 182 174 198
  183 185 185 199 190 179 183 190 197 173 198 172 175 179 176 187 186 171
  184 179 170 189 187 172 183 172 190 192 199 175 183 187 198 181 180 175
  171 182 175 177 191 197 199 188 193 185 182 196 170 173 197 182 186 199
  170 173 172 173 192 187 187 196 185 186 187 185 176 190 194 171 172 171
  172 195 180 188 186 184 190 177 174 184 176 182 193 192 176 190 196 188
  189 189 179 170 186 185 185 181 188 196 183 190 191 192 190 195 171 173
  185 176 195 180 194 199 182 176 186 177 172 181 191 182 173 191 183 187
  191 191 179 172 187 181 176 171 174 174 191 197 173 195 180 185 175 197
  190 193 179 178 178 178 194 193 184 195 193 177 194 173 185 171 192 199
  183 193 178 173 188 192 176 171 189 197 184 177 179 175 171]
 [  0 174 183 192 194 193 199 170 199 192 195 180 187 195 185 199 191 171
  184 178 179 171 176 184 173 190 197 185 182 199 194 186 178 186 174 171
  193 171 195 175 176 196 188 192 174 196 198 196 173 173 172 187 177 194
  185 199 196 182 181 183 172 189 188 194 174 185 195 191 175 174 181 192
  178 177 187 196 198 177 174 196 178 181 178 173 197 176 194 197 171 180
  195 181 174 194 176 177 179 185 195 186 177 185 180 199 194 176 174 180
  189 186 195 191 191 191 196 186 183 192 180 195 185 178 192 171 170 174
  173 187 170 194 195 186 189 189 186 180 183 188 173 176 170 199 199 182
  191 196 186 177 178 188 182 172 196 176 184 181 171 182 186 179 197 181
  196 176 190 184 175 193 190 186 171 176 181 172 178 181 185 173 199 198
  191 171 192 186 178 173 183 179 184 183 195 192 182 182 198 177 183 173
  196 176 189 184 184 186 180 199 174 170 194 179 183 191 180 187 175 194
  181 188 171 197 181 179 188 189 188 170 170 188 180 181 191 174 192 173
  171 182 184 173 174 191 173 191 171 177 172 190 199 198 179 173 185 184
  197 181 195 199 181 194 187 197 177 187 170 177 180 184 173 181 186 196
  195 186 191 197 177 190 196 175 175 181 189 181 180 189 177 186 190 187
  176 191 181 178 173 185 185 178 191 172 194 187 180 191 180 182 173 175
  177 176 180 184 172 179 182 191 194 189 190 186 178 184 182]
 [  0 172 174 178 177 178 195 199 174 173 174 194 192 174 179 174 180 194
  184 177 193 185 185 199 196 174 171 171 191 181 174 187 192 170 192 185
  198 174 189 198 192 176 190 194 191 182 192 173 172 177 198 187 197 172
  185 189 179 187 186 183 195 197 176 187 191 189 195 174 171 198 174 192
  194 198 177 170 171 181 177 187 188 175 194 176 174 189 196 195 197 177
  198 178 171 177 173 189 171 199 193 195 192 172 193 170 195 172 195 183
  177 184 170 192 177 180 181 170 181 183 199 199 185 171 183 199 184 199
  176 171 172 190 198 198 194 189 172 174 179 182 170 191 187 190 183 190
  194 187 182 174 185 179 195 174 183 194 182 176 197 191 188 183 196 184
  199 176 172 171 184 188 191 190 191 184 195 195 189 183 190 194 172 170
  170 187 189 199 190 194 183 188 175 188 189 173 189 182 187 194 182 184
  180 182 183 192 171 189 174 196 198 173 187 172 191 178 196 178 193 187
  193 171 189 174 180 195 172 183 175 179 183 172 198 187 176 184 172 193
  183 183 192 186 197 176 174 187 188 194 180 171 190 189 180 189 171 186
  182 188 191 173 195 186 194 171 173 198 197 171 171 188 179 175 192 178
  183 191 183 185 177 189 199 189 175 190 188 185 192 192 193 187 183 189
  195 195 197 174 182 193 182 172 186 197 187 172 193 193 186 182 185 184
  170 170 179 187 184 195 186 182 192 196 198 180 173 176 193]]
 job2fam
 [[1 0 0 0 0 0 0 0 0 0 0 0 0 0 0 0 0 0 0 0 0 0 0 0 0 0 0 0 0 0 0 0 0 0 0 0
  0 0 0 0 0 0 0 0 0 0 0 0 0 0 0 0 0 0 0 0 0 0 0 0 0 0 0 0 0 0 0 0 0 0 0 0
  0 0 0 0 0 0 0 0 0 0 0 0 0 0 0 0 0 0 0 0 0 0 0 0 0 0 0 0 0 0 0 0 0 0 0 0
  0 0 0 0 0 0 0 0 0 0 0 0 0 0 0 0 0 0 0 0 0 0 0 0 0 0 0 0 0 0 0 0 0 0 0 0
  0 0 0 0 0 0 0 0 0 0 0 0 0 0 0 0 0 0 0 0 0 0 0 0 0 0 0 0 0 0 0 0 0 0 0 0
  0 0 0 0 0 0 0 0 0 0 0 0 0 0 0 0 0 0 0 0 0 0 0 0 0 0 0 0 0 0 0 0 0 0 0 0
  0 0 0 0 0 0 0 0 0 0 0 0 0 0 0 0 0 0 0 0 0 0 0 0 0 0 0 0 0 0 0 0 0 0 0 0
  0 0 0 0 0 0 0 0 0 0 0 0 0 0 0 0 0 0 0 0 0 0 0 0 0 0 0 0 0 0 0 0 0 0 0 0
  0 0 0 0 0 0 0 0 0 0 0 0 0 0 0 0 0 0 0 0 0 0 0 0 0 0 0 0 0 0 0 0 0]
 [0 0 0 1 0 0 0 0 0 1 1 0 0 1 1 0 1 1 1 0 0 0 0 0 0 1 0 0 0 0 0 0 0 0 1 1
  0 1 0 0 0 1 1 0 0 0 0 0 0 0 0 0 0 0 0 0 0 0 0 0 0 0 0 0 0 0 1 0 0 0 0 1
  0 0 0 1 0 0 0 0 1 0 1 1 0 0 0 0 0 0 1 1 1 0 0 0 0 0 1 0 0 1 0 0 0 0 0 1
  0 0 0 0 0 1 0 0 0 1 0 0 0 0 1 0 0 0 1 0 1 0 0 0 0 1 0 0 0 0 0 1 0 1 1 0
  0 0 0 0 0 0 0 0 0 0 0 1 0 0 0 0 0 0 0 1 0 0 0 1 0 1 0 0 0 0 0 0 0 1 0 0
  1 0 0 0 0 0 1 1 1 0 1 0 1 0 0 0 1 0 0 0 0 0 0 0 0 0 0 1 0 0 0 0 0 0 0 0
  1 0 0 1 1 0 0 0 0 1 0 1 0 0 0 0 0 0 1 0 1 0 0 0 0 0 0 0 0 0 0 0 0 0 0 0
  1 0 1 0 1 0 0 0 0 0 0 1 1 0 0 0 0 0 0 1 1 0 1 0 0 0 0 0 0 0 0 0 0 0 0 0
  1 0 0 0 1 0 0 0 0 0 0 0 0 0 1 0 1 0 0 0 0 0 1 0 0 0 0 1 0 0 1 0 0]
 [0 0 0 0 0 1 1 0 0 0 0 0 0 0 0 0 0 0 0 0 0 1 0 1 0 0 0 0 0 1 1 0 0 0 0 0
  0 0 0 0 0 0 0 0 1 1 0 1 1 1 0 1 0 0 0 0 0 1 0 0 0 0 1 0 1 0 0 0 0 0 1 0
  0 0 1 0 0 0 0 0 0 0 0 0 0 0 0 0 0 0 0 0 0 0 0 0 0 0 0 0 0 0 0 0 0 0 0 0
  0 0 0 1 0 0 1 0 0 0 1 0 1 0 0 1 0 1 0 1 0 0 1 0 0 0 0 0 1 0 0 0 0 0 0 0
  1 1 0 1 1 0 0 0 0 1 0 0 0 0 0 0 1 1 0 0 0 0 0 0 0 0 0 0 0 1 0 0 0 0 0 0
  0 0 0 0 0 0 0 0 0 0 0 0 0 0 0 0 0 1 0 0 0 0 0 0 1 0 1 0 0 1 0 1 0 0 0 0
  0 0 1 0 0 0 1 0 0 0 0 0 1 0 0 0 0 0 0 1 0 1 0 0 1 0 0 0 1 0 1 0 0 0 0 0
  0 0 0 0 0 0 0 0 1 0 0 0 0 0 0 0 0 1 0 0 0 1 0 0 0 0 0 0 0 0 0 0 0 0 0 1
  0 0 1 0 0 0 1 0 0 0 0 0 0 0 0 1 0 0 0 0 1 0 0 1 0 0 0 0 0 1 0 0 0]
 [0 0 1 0 0 0 0 0 0 0 0 1 1 0 0 0 0 0 0 1 0 0 0 0 0 0 1 1 1 0 0 0 1 0 0 0
  1 0 0 1 1 0 0 0 0 0 1 0 0 0 1 0 0 0 0 0 0 0 0 0 0 1 0 0 0 1 0 0 1 0 0 0
  1 0 0 0 1 0 0 0 0 1 0 0 0 1 1 0 0 0 0 0 0 0 1 0 1 1 0 1 1 0 0 1 0 0 0 0
  0 0 1 0 0 0 0 1 0 0 0 1 0 1 0 0 0 0 0 0 0 1 0 0 0 0 0 1 0 0 0 0 1 0 0 0
  0 0 0 0 0 1 1 1 0 0 0 0 1 0 1 0 0 0 1 0 0 0 1 0 0 0 1 0 0 0 1 0 1 0 1 0
  0 0 0 0 0 0 0 0 0 1 0 1 0 0 1 1 0 0 0 0 0 0 0 1 0 1 0 0 0 0 1 0 0 0 0 0
  0 0 0 0 0 1 0 0 0 0 1 0 0 0 0 1 0 1 0 0 0 0 0 0 0 0 0 0 0 0 0 0 0 0 0 0
  0 0 0 1 0 1 1 0 0 0 0 0 0 0 1 0 1 0 0 0 0 0 0 1 0 1 0 0 1 0 0 1 1 1 0 0
  0 0 0 1 0 0 0 0 0 1 0 0 1 0 0 0 0 1 0 0 0 1 0 0 0 1 0 0 1 0 0 1 1]
 [0 1 0 0 0 0 0 1 1 0 0 0 0 0 0 0 0 0 0 0 0 0 1 0 0 0 0 0 0 0 0 0 0 1 0 0
  0 0 0 0 0 0 0 0 0 0 0 0 0 0 0 0 0 0 0 1 0 0 1 0 1 0 0 0 0 0 0 1 0 0 0 0
  0 1 0 0 0 1 1 1 0 0 0 0 1 0 0 0 0 0 0 0 0 1 0 0 0 0 0 0 0 0 0 0 1 1 0 0
  1 0 0 0 1 0 0 0 1 0 0 0 0 0 0 0 1 0 0 0 0 0 0 1 0 0 1 0 0 0 1 0 0 0 0 1
  0 0 0 0 0 0 0 0 0 0 1 0 0 1 0 0 0 0 0 0 1 0 0 0 1 0 0 1 0 0 0 1 0 0 0 0
  0 1 0 0 1 0 0 0 0 0 0 0 0 0 0 0 0 0 1 0 1 0 0 0 0 0 0 0 1 0 0 0 1 1 0 0
  0 0 0 0 0 0 0 0 1 0 0 0 0 0 1 0 1 0 0 0 0 0 1 1 0 0 1 1 0 0 0 0 1 1 1 1
  0 0 0 0 0 0 0 0 0 1 0 0 0 0 0 1 0 0 1 0 0 0 0 0 0 0 0 1 0 0 1 0 0 0 0 0
  0 0 0 0 0 1 0 1 1 0 0 1 0 1 0 0 0 0 1 1 0 0 0 0 1 0 0 0 0 0 0 0 0]
 [0 0 0 0 1 0 0 0 0 0 0 0 0 0 0 1 0 0 0 0 1 0 0 0 1 0 0 0 0 0 0 1 0 0 0 0
  0 0 1 0 0 0 0 1 0 0 0 0 0 0 0 0 1 1 1 0 1 0 0 1 0 0 0 1 0 0 0 0 0 1 0 0
  0 0 0 0 0 0 0 0 0 0 0 0 0 0 0 1 1 1 0 0 0 0 0 1 0 0 0 0 0 0 1 0 0 0 1 0
  0 1 0 0 0 0 0 0 0 0 0 0 0 0 0 0 0 0 0 0 0 0 0 0 1 0 0 0 0 1 0 0 0 0 0 0
  0 0 1 0 0 0 0 0 1 0 0 0 0 0 0 1 0 0 0 0 0 1 0 0 0 0 0 0 1 0 0 0 0 0 0 1
  0 0 1 1 0 1 0 0 0 0 0 0 0 1 0 0 0 0 0 1 0 1 1 0 0 0 0 0 0 0 0 0 0 0 1 1
  0 1 0 0 0 0 0 1 0 0 0 0 0 1 0 0 0 0 0 0 0 0 0 0 0 1 0 0 0 1 0 1 0 0 0 0
  0 1 0 0 0 0 0 1 0 0 1 0 0 1 0 0 0 0 0 0 0 0 0 0 1 0 1 0 0 1 0 0 0 0 1 0
  0 1 0 0 0 0 0 0 0 0 1 0 0 0 0 0 0 0 0 0 0 0 0 0 0 0 1 0 0 0 0 0 0]]
