params：
 weight-->(1, 10)
 proc_times-->(1, 100)
 setup_times-->(60, 120)
 delivery_times-->(1, 30)
 job_rate-->16

start:
alpha_1
16
 alpha_2
2.0
 mach
20
 job
320
 fam
5
 weigh
 [[0 1 6 5 9 7 4 7 1 6 3 5 5 9 1 6 9 4 7 1 9 5 3 4 6 2 7 8 6 2 8 3 8 4 1 8
  7 3 5 4 1 2 6 4 4 2 5 7 2 7 8 4 5 7 6 4 9 1 5 2 2 3 7 7 9 6 3 4 8 6 7 9
  6 8 7 2 3 4 2 7 2 5 3 9 8 1 5 8 2 3 2 1 8 5 5 5 1 9 1 5 9 3 2 1 1 8 4 5
  8 3 6 9 7 5 5 5 9 9 9 8 5 7 9 3 8 1 9 5 3 1 2 1 7 2 2 1 4 7 8 1 4 5 8 8
  9 6 8 1 6 4 6 1 7 1 9 2 3 8 7 7 3 4 6 9 4 3 2 8 8 8 4 2 3 5 6 9 6 3 2 4
  9 4 1 1 1 1 3 3 1 1 8 3 3 8 2 3 7 2 3 3 4 2 7 5 1 6 6 8 8 5 3 2 3 4 7 3
  3 7 6 4 5 7 4 8 3 8 3 8 8 1 9 6 1 7 7 2 6 9 6 1 1 3 7 6 1 5 5 9 5 8 3 7
  5 7 4 2 7 2 1 3 5 2 8 7 8 5 9 4 4 1 2 9 1 7 3 5 6 4 1 7 9 2 7 2 8 3 8 7
  3 7 7 7 5 6 7 6 7 4 7 2 3 7 8 7 1 6 8 6 2 8 3 5 7 3 8 8 4 4 5 8 6]]
 proc_times
 [[  0  43  72  21  30  46  88  87  79  21  34  54  90  94  72  25  56  18
   32  82  22  47  81  98  76  76  21  95  44  41  80  88  53  87   9  54
   62  62  99   6  35  82  13  33  20  46  66  54  78  50  81  59  81  27
   30  65  70  16   5  92  23  62  93  21  33  96  84  29  91  22  83  64
   20  93   4  77  84  79  25  14  66  99  29  74  51  20  38  80  26  60
   95  47  33  73  76  87  34  99  81  53  75  11  72  89  58  97  19  31
   45  24  67  77   7   2  28  24  57  57  81  20  20  35 100  92  22  58
   45  17  34  68  85  79  72  29  80  92  29   3  86  55  10  36  10  97
   84  31  90  70  47  35  50   6  55  58  18  64  78  27  93  39  88  46
   59  30  92  26  48  18  72  80  97 100  54  26  46  18  61  49  18   9
    9 100  46  58  33  68  64  68  69   1  25  57  30  37  91  95  45  82
   58  20  30  66  21  90  56  98  27  15  30  58   8  93   5  97  95   8
   97  94  98  61  13  67  76  96   3  67  45  95  42  16  70  64   7  66
   37  35  63  67  43  44   2  58  59  65  10  52  60  37  24  96  35  52
   84  62  46   4  16  11  52  29  43  80  96  65  58  26  12  80  42  50
   84  98   5  75  54  54  69  23   3   1  71  40  26  42  53  36  62  44
   59  60  68  45  13  74  78  68  52  93 100  17  95  45   7  83  44  40
   81  89  38  79  75  70  63  16  35  26  37  84  54  13   1]
 [  0  45  69  43   3  25  76  37  93  76  81 100  81  30  34  34  29  86
   51  45  92  88  64  98  20  35   8  42  18  74  10  76  30  30  88  90
   96  16  52  50  71  27  18  83   2  90  11  80  11  78  56  67  58  46
   43  94  20  57  69  76  65  79  71  34  29  19  14  43  29  65  52  31
   42  94  96  87  18   5  57  87  53  69  18  15  21  63  61  18  26  52
    1  59  64  29  57  83  63  11  49  73  30  72  77   6  10  29  45  22
   61  32  12  99  89 100  15  22  74  67  65  82  46  23  62  22  72  72
   72  17  48  88   7  88  74  76   1  70  56  74  84  79  51  90   4  54
   46  20  52  77  17   2  15  84  55  55  63  23  51  46  10  91  95  34
   75  83  81  38  72  60  64  15  39  33  44  27  16  92  98  35  84  43
   87  30  34  27  17  31  25  75  52   8  71  89  91  19  21  90  62  69
   69  74  91  48  47  69  49  66  42  17   4  44  89  95   7  76   7  15
   36  13  32  25  21  22  37  91  34  68  32  75  78  92  87  13  17  68
   95  46  67  69  55  27  62  79  57  48  88  71  14  10  48  76  29  71
   39  50  79  50   4   8  31  77  84  15  42  60  18  41  47  97  76  77
   50  45  27   5  86   5  76  76  40  49  77  41  21   6  74  44  26  14
   58  84  12   4  97  15  82  55  80  32  20  10  67  42  43  30  39  84
   94  81  68  22  12  68  93  13  23  17  20  20  62  43   1]
 [  0  64  86  59  93  96  13  10  19  40  48  90  52  96  94  13  48  67
   28   5  18  74  62  12   8  10  84  91  50  79  39  62  97  42  53   5
   37  88  94  54  65   5  84  14  20  23  87  99  52  21  94  51  71  21
   86  14  35  83  55  35  11  50  54  64  84  68  20  80   8  10  63   8
   45   1  94  13  78  10  80  58  26  32  69  11  37  44  36  87   7   2
   64  22  63  15  70  11  62   6  33  41  26  13  49  45  39   8  44  32
   76  81  45  20  61  94  28  49  21  50  78  80  72  39  39  65  55  44
   93  78   4  84  79  67  31  36  78  27  30  41  84  79  40  86  57   5
   57  98  33  13  87  38  62  56  91  95  44  60  88   2   4  15  53  51
   17  40  14  47  95  31  27  57  93   3  88  95  16  26  19  28  66  11
   93  16  13  19  62  64  73  51  58  44  18  37  75  39  87   7   8  44
   26  13   9  56  56  47   7  49  22  27  34  49  46  75  10  12  38  96
   39  22  91   5  18  49  31  20  36  25   7   9  10  69  23  41  25  32
   97  79   2  43  59  77  47  30  85  94  91  81  70  23  46  49   8  16
    3  45  63   4  75  38  93  36   6  54  74  79  19  88  28  81  98  24
   60   3  60  40   6  41  63  50  83  99  73  93  40  94   8  38  26  95
   10  88  90  30   8   3  85  17  82  85  98 100  30  76  32  16  68  31
   77  63  79  78  84  94  42   9  21  75  43  10  26  86  68]
 [  0  92  25  48  47  25  21   7  21   1  61  32  69  39  80  84  56  20
   64  68  15  61  79  37  74   6  26  28  32  18  29  65  93  66  92  83
    9  76   2  93  63  39   3  85  30  26  53  75  40   7  29  33  13  96
   59  89  31   8  42  48  33  70  40  30  52  79  28  42  80  67  13  45
    7  51  24  85  43  39  43  61  25  56  23   7  58   1  23  41   3  60
   13  10  24  35  39  38  31  26  17  51  30  26  85  48  82   9  75  74
   19  79  20  71  39  28   3  26  17  83  80  70  93  67  79  55  17  33
  100  48   4  77  55  93  69  59   5  71  69  37  75  36  78  45  98  66
    3  35  62  78  24   8  72  44  87  41  82  80  31  23   8   3  59  17
    5  48  39  74  48  77  32  91  58  84  68   2  20  36   2  22  45  26
   30  62  31  16  57  75  29  23  96  61   8 100   7  96   8  24  49  28
   13  34  14  96  30  27  84   5  21   8  35  67   9   8  48  15  56  82
   94  58  71  88  75  55  42  73  87  65  74  26  75  68  93  85  52  23
   38  96  44   9   4  66  41  91  63  53  14  39  83  68  43  22  99  63
   67  67  64  21  35  92  71  87  42  93  25  31  39   2  70  35  89  15
    9  66  24  41  91  41  79  78  70  10  59  51  41  43  12  79  55  94
  100  76  27  63  66  70  66  42  86  38  78  15  61  87  22   3  43  24
   96  47  46  39  25 100  81  36  12  90  73  55  89  21  86]
 [  0  13  47  65  43   2  42  35  36  67  82  96  13  95  71   3  54  54
   77  81  31  95  11  67  50  11  98  58  56  48  93  73  79  70  24  64
   32  96  62  46  88  63  78   3   1   2  81  90  78  11  71  32  79  45
    9  35  14  10  33  15  99  63  53  64  46  52  26  40  20  63  68  38
   34  25   5  31  48  52  22  84  78  40  11  47  66  56  75  64  22  74
    2  47 100  98  39  55  13  88  26  18  45  62  61  51  29  18  37  25
    6  17  78  24  73  38  43  54  45  83  22  90  88  84  44  97  81  22
   61  34  30  38  31  82  35  34  80  76  35  33  29  31  67  55  66  59
   31  25  55  50  25  82  64  20  76  75  48  64  87  39  94  72  21  71
   54   1  31  23  66  34  98  22  42  26  85  79  47  22  93  86  77  35
   23  75   1  32  82  63 100 100  77  92  63  38  11   8  39  83  13  96
   37  63  38  36  40  69  85  90   5  29  91  70  63  60  29  28  88  39
   56  24  82  39  47  30  62  39  29  81  84  88  65  56  64  86  41  49
   96  18  26  52  93  91  20  20  94  91  95  82  34  21  83  69  28   6
    3  74  33  91  36  97  47  17  40  94  32  73  98  50  11  43  48  11
   12  36  42  45  19  94  31   8  60  25  49  43  30  14  13  68  76  60
   75  93  92  36  89  97  31  18  24  18  58  68  67  62  45  85  44  56
   91  17  64  62  20  55   6  83   9  64  13  98  46  56  53]
 [  0  98  55   5  44  31  11  17  64  37   3  47  95  91  46  11  77  78
   40  48  20  34   2  13  97  69  68   4   5  36  68  12  38  46  62  68
   23  51  40  62   6  25  12  87  67  13   2  20  88  33  45   4  36  48
   40  43  61  50   4  72  22  52  46  82  99  25  58  83  88  84  42  17
   10  53  62  33  12  14  56  97  98  56  96  77  90  17  24  31  70  66
    3  98  30   5  18  50  22  11  17  64  93  55  51   4  17  49  43  90
    6  46  46  85  42  62  97  21  61  32  52  10  87  30  54  71  95  70
   67  76  88  66  89  51  22  62  98  50  22   5  54  69  15  69  33  79
   58  47  84  97  84  24   5   3   7  96  57  59  78  47  72  69  68  41
   74  29   8   1  57  19  72  38   1  66  86  92  87  98  56  52  49  47
   94  61  65  59  18  34   1  37  18  25  60  39  39  66  21   4  79   2
    3  25  83  15  94  83  28  71  65  75  53  21  90  46  91  69  18  44
   65  63   1  77  64  87  41  13  12  39  71  62  68  56  98  36  44  67
   40  67  27  14  42  33   4  87  34  70  88  15  15  76  75  41  67  11
    2  58  80  83  42  61  74  64  20  82  83  74  60  40  35  23  67  30
   32  28  14  75  81  87  14  70  11  71  14  51  78  71  54  15  75  55
   16   6  99  43  40  27  53  28  54  56  14   6  76  69  45  42   5  30
   15  80  81  78  48  23  12  97  78  20  86  97   3  13  68]
 [  0  18  53   3  57  74  31  14  65  66   7  80  17  41  10  19  19  66
    5  14  83  59  56  44  27  59  91   7  79  18  47  62  56   3  96  61
   92  26  48  22  44  63  10  17  12  78  94  18  34  16  71  14  69  62
    8  98  59  62  80  49  26  28  37   8  84  11  31  96  50  40   5  91
   12  50  79  49  88  57  92   4  92  10  57  22  83  16 100  92  57  44
   56  91   4  87  35  33  47  95  51   2  14  53  87  37  72  41  49  28
   63  22  13   8  67  73  39  40  48  72  39  25  20  11  51  76   2  28
   21  73  37  92  17  15  38  80   1  86  25  10   4  89  27  52  37  79
   68  89  51  97  97  88  57  79  71  19  65  35  52  10   6   1  48  80
   92  48  71  86  67  33  94  64  20  75  36  98   1  13  98  75  13  97
   94  70   9  51  22  72  99  23  78  96  17  84  87  73  79  78  55  40
   37  94  90  65  65  47  61  36   6  60   5  89  26   4  58  18  98  16
   41  10  47  68  66  52  70  10  50  27  28  59  67  71  63  74  21  20
   89  54  49  47  85  59  44  81  87  29  44  77  48   7  38  26   3  76
   64  62  39  38  25   5  54  84  11  76  25  22  36  99  15  19  81  19
   89  92  55  76  87  35  55  19  65  20  85   7  48  83  91  89  38  21
   69  90  21  54  39  90  31  34  99  48  40  76  13  11  11  69  88  70
   33  71  96  32   3  37  69  25  34  54  77  97  27   4  53]
 [  0   9  15  27  45  85  31  29  67  27  76  91  81 100  75  55   7  60
   76  39  13  93  26  66  99  69  66  10  20  17   1  51   9  23   3  27
    5  11  59  53  32  58  62  72  24  54  27  42  11  83  90  99  46  71
   37  73  51  49  44  66   8  49   5  53  94  33  39  40  19  48  30   5
   57   2  55  40  85  19  23  87  17  86  55  93  15  35  22  81   1  53
   27  91  53  90  99  22   5  52  33  96  16  67  82  37  26  53  86  43
   34  67  51  50  97  79  22  40  52  34  41  61   8  18  70  40  35   7
   81  76  88  23  77  83  32  33  26  50  21  34  99  58  82  42  56  87
   46   9  40  57  42  37   2  93  73  37  90  74  20  69  46  22   4  83
   74  89  60  63  76  82  28  68  15   5  32  21  78  62  35  89  59  24
    3   9  13  22   7  34  92  75  90  95  21  76  82  86   2  32  91  83
   73  45  85  64   5  68   7  37  71  22  49  70  20  42  44  85  13 100
   19  59  33  64  47  83  87   4  40   8  38  17  88  61  46   5  93  52
    5  34  85  28  76  13  72   3  95   3  38  91  87  93  22  92  86  74
   95  79  39  63  97  72  60  92  71  74  83  80  41  17  26  74  23  46
   61  92  86  10  95  86  31  18 100  27  81  44   7  20  53  26  31  72
   75  14  39  70  86  89  34  59   2  18   7  54  47  40  31  89  15  24
   53   2  79  47  41  95  76  33  72  72  98  40  69  81  81]
 [  0  15  29  93  28  26  20  17  14   9  43   2  32  79  38  42   9  77
   68  59  28  14  39  63  38  87  31  85  75  44  32  68  84  35  39  76
   24  84  79  51  96  18  42  87 100  87  11  51  63  80   5  65  13  28
   24  29  75  79  38  64  28  35  56  79  57  48  73  11  17  54  47  19
   96  73  78  24  55   9 100  58  79  12  64   7  64  77   8  81  86  86
   84  77  30  62   1  36  58  88  57  54  82  34  97   7  24  33  74  42
   42  51  99  87  15  43  27  93  37  52  87 100  22  24  21  63  43  77
   73  53  23  37  74  49  89  44 100  94   2  98  98  98  97  91  14  28
   22  56  37  70  96  81  21  86  93  25  55  82  24  85  47  32  65  43
   94  86  80  82  36  64  48  55  27  27  39  20  87  28  83  34   9  48
   62  94  83  59   3  22  13  23  13  52  18  37  85  15  90  97  51  74
   38  46  24  67  58  37  49  22  82  48  23  18  66  77  14  84  52  13
   54  75  78  66  58  87  69  86  89  51  16  42   7  21  81  84  16   4
   87  71  51  19  53  10  21   4  84 100  33  24  15  90  51  41  35  24
   60  84   1  69   9  61  90  90  19   1  81  91  77  58  12   6  59  83
   70  90  38  26  50  42  89  32  86  60  71   8  63  71  30  82  58  74
   54  28  14  63  43  22  57  62  63   7  89  51  23 100   2  69  40  80
   88  41  54  32  65  21  63  30  77  26  70  42  42  35  50]
 [  0  69  16 100  10  66  42  62  99  66  12  33  75  94  12   3  13  11
   89  37  53  73  54  53  47  13  71  49  20  45  16  30  52  55  57  86
  100 100  49  13   8  87  58  88  59  40  61  91  13  56  49  33   4   9
   37  35  61  12  77  49  50  88  80  67  90  71  58  37  85  37  22   5
   98  54  96  56  95  57  15  47  74  13  35  89  40  36  12  12  37   7
   71  98  57  53  17  29  67  95 100 100  15  14  54  67  92  96  76  26
   33  19  43  86  98  72  72  83  32  88  57   7  26  43  87  90  33  78
   91  95  30  80  62  37  69  66  42  62  98  89  73  54  61   4  27  99
   96  63  74  84  67  64  27   4   9  42  87   6  66  58  56  86  74  63
    8  56  44  41  44  18  27  30  57  44  94  52  68  46  64  33  39  38
   39  92  29  15  34  68  49  75  14   2  45  51  79  24  85  28  69  51
   78  87  64  73  35  10  51   8  62  86  91  74  72  14  54  56  40 100
    9   2  77  84   8  95  38  68  29  60  21  76   6  13   5  15  78  71
   63  91  54  27  82  63  11  57  31   4  88  78  10  23  34  56  21  37
   74  33  33  89  11  23  58  82  60  66  54  34  27  70   4   5  31  10
   80  35  99   1  61  75  56  17  44  50  53  88  45  56  86  50  84  21
   52  61  19  60  91  47  72  43  17 100  14  21  99  99  92  15  93  85
   42  20  25  54  49  91  10  30  52   6  98  97  13  58  54]
 [  0  51  25  83  10  90   3  69  77  76  44  41  22  26  12  11  30  75
   87 100  99  17  94  78  45  33  39  39  32  32  33  15  56  84  61  14
   75  65  19  27  12  34  31  12  98  90  62  93  75  33  86  64   8   2
   38  24  39  13  85  37  86  87  71  18  17  67  29   9  18  45  10   9
   29  15   4   7  88  19  27  43  81  21   9  90  88  34  13  55  20  99
   77  26  89  49  65  74  44  75  30  28  80  23  82  76  47  85  49  53
   61  96  27  42 100  11  56  75  70   5  69  20  85  22   8  33  13  52
   78  26  43  70  91  24  78   9  34  97   9   1  69  42  98  24  52  46
   81   1  51  16  46  97  19  21  80  94  24  16  58  61  81 100   7   4
   65   8  40  76  36  23  65  75  95  56  21   6  52  38  75  51   5  11
   89  58  95  97  17  87  46  90  60  87   6  46  92  80  41  39  61  54
   42  11  79  13  67  18  17  55  90  95  97  56  66  26  69   5  10  73
    3  27  94   9  98  76  62  46 100  65  57  36  93  22  30  58  87  67
    9  76  41   4  66  70  47  19  78  30  26  16  76  69  74  34  97  63
   11  60  62  26  70   7   9  88  99  79  36  16  32   9  85  83  92  97
   84  28  10  63  65  42  27  58  43  21  63  57  94  54  28  70  23  80
   94   2  27  36  77  89   3  31  87  54  11  18  31  55  65  28  64  47
   50  89  84  78  26  67  62  14  32   4  68  52  22  12  40]
 [  0  88   1  42  67  68  53  41  79  89  46  42  95  90  52  38  64  32
   85  48  94  39  79  87  99  79  68   8  57  72  89  83   5  78  17 100
   85   1   9  19   8  99  64  56  81  60  55  10  50  15  25  77  42  13
   96  88  77  83  46  78  49  81  35  89  77  48   6  34  49  75  32  30
   21  63  35  21  59  92  39  24  80   4  80  20  26  15  58   2  37  88
   46  26  95  47  49  87  71  26  64  36  19  98   8  13  46  14  33  15
   92  33  12  40  61   9  88  57  17  92  83  21  88  95  65  45  12   7
    4  24  40  17  40  25  84  74   2  74  76  50   5  42  91  54  78  16
   92  49  54  68   7  70  88  73  19  43  61  18  29  32  80  39  83  48
   67  53   5   5  51  53  88  87  62  67  84  44  43  34 100  35  48  11
   30  85  86  18  80  16  35  65  12  22  16   1  11  59  16  43  90  75
    6  94  26  69  67  75  37  46  66  68  55  56  60  84   5  53  37  62
   89  84  43  37  74  84  21  84  96  45  44  51  31  17  36  11  36  58
   80  29  14  44  78  18  24  99  23  25  69  73   7   5  37  41  95  22
   84  15  92  27  98  89  50  93  82  58  31  99  40  92  46  99  22  48
    4   7  25   5  65   8   6  25  90  87  47  31  30  98  71  48  12  87
   56  14  19  92   3  64  27  82  36  85  87  62  94  80  33  66  31  59
   12  23   6  84  96  66   6  69  78  92  52  36  63  28  92]
 [  0  79   1  54  33  61  56  63  26  37  58  66  27   5  59   6  78  23
   28  34  46  16  69  14  83  39  54  96  98  97  53  25  54  34  82  26
   19  82  83  57  71  81  77   7  84  44  14  91  52  84  53   3  84  51
   19  24   1  72  51  43  72  17  75  82   3   7  65   2  90  42  82  32
   62  69  71  94  24  82  81  73  69  85  83  36  62   7  81  43  83  89
   61  24  12   4  27  66  66  19  78  24  54  72   6  80  34  38   4  35
   25  68  21  81  60  81 100  44  69  33  32  21  97  93  41  30  49  70
    8  86  86  10  29  29  58  33   5  17  39  49  11  14  40  46  13  82
   33  65  48  27  71  77  63  28  31  17  98  60  54  40  25  72  83  13
   95  79  37  37  38   2  36  81  39  31  13   5  25  32  84  59  14  10
   59   6  66  40  29  13  83  95  23  21  88  49  23  90  41  16  10  92
   11  13  18  35  62  60  97  51  74   7  70 100  34  74  31  89 100  34
   18  11  24  56  15  75  43  81  55  22  40  82  76  75  25   1  26  66
   56  82  64  40  89  96  72  56   3  78  29  58   8  86  71  21  10   6
   11  45  25  58  43  71  96  91  36  69   6  61  37  35  81  95   6  26
   34  17  64  10  83  65  28  14  45  31  52  26  81  57  19  19  42  14
   64  43  29  48  34  26  99  91  45  97  52  84  98  13  53   4  86  83
   44  19  87  25  58  38  43  35  11  91  61  56  14  68  87]
 [  0  76  90  91   4  96  89  18  26  61  71   4  29  99   1  33  67  69
   23   7  42  74   1  68  13  91   2  58  40  30   1  55   3  94  19  50
   44  67  88  83   6  15  57  79  36  33   9   6  64  14  17  56  66  37
    2  96  68  19  20  92  84  27  62  35  63  22  96  10  33  38  47  10
   99  71  59  14  45   6  93  69  71  14  35  89  25   8 100  82  91  27
   85  15  33  35  37  24  53  86   8  99  72  98  30  60  63  88  89  94
   80  11  82  35  22  16  33  90 100  75  18  72  98  44  52   1  86  59
   90  29  95 100  14  71  23  39   8  91  79  87  74  14  98  70  52  68
   81  96  89  44  37   7  93  63  34  17  79   7  77  35  98  44  46  49
   34  44  48  42   9  37  67  59  88  14  50  40  51  66  25  76  44  58
   74  78  86  94  76  82  43  17  59  45  49  42  87  70  43   5  48  27
   54  47  87  35  15  26  82  78  89  93  97  74  60  15  31  66  27  67
   29  85  90  80  29  24  79  43  62  51  39  32  49  35  70  54  41   7
   96  17  65  95  82  93  36  22  34  80 100  45  17   6  62  77  82   6
    9  25  19  55  70  77  67  65  49  94  31  68  99  27   3  67  21  80
   10  53  80  81  25  45  52  41  46  90  42  23  36  76  17  98  46  20
   25  95  43  94  98  98  72  41  34  65  76   4  27  36  54  73  58  23
   74  82  69  93  14  14  45   1 100  33  46  91   7  71  61]
 [  0   4  24  20 100  96  62  10  93  83  47  82  86   1  52  34  91  56
   27  25  60  52  17   1   4  19  16  53   1  91  31  27  67  51  44   7
   82  86  76  72  72  57  63  85  93  79   9  55  98  12 100  29  20  32
   97  36  95  80  86  46  93   1  92  64 100  75  18  80  18  54  31  24
    8  35  52  15  72  95   9  60  76  92  93  76  78  54  44  72  25  64
   88   6  79  91  53  18  76  45  72  54  85  95  62  60  41  37  39  73
   38  60  97  42  39  18  35  46  28  15  35  96  43  22  18  51  44  38
   79  12  47  29  49  82  91  67   2  42  75  26  54  62  67  87  60  71
   60  64   2  44  72  95  15  34  12  93  28  77  32   7  41  30  63  97
   44  52  34  94  25  78  90  85  51  13   3  70  16  20   6  30  32  87
   82  36  98  58  64   9   4  49  99  18  90  81  83  65   1  57  16  33
   52   1  22  53  10  90  50  61  79  28  98  59  82  58  30  76  29  90
   83  33  69  88  22  83  70  27  60  22  72  43  47   8  73  43  71  37
   81  76  17  92  37  27  90  17  53  77  51  32  55  60  97  66  34  30
   92   8   7   8  51  47  92 100  65  52  40  55   8  28  21  14  34  75
   38  47  13  68  18  32   1  68   7  26  60  91   3  93  60  30  15  13
   17  74  65  36  21  83  81  98  29  49  84  97  23  32  83   9  74  70
   44  23  69  86  30  92  95  26  74  59  28  73   7  57  15]
 [  0  60  76  68  38  40  70  19  66  23   3  50  73  34  22  28  95  27
   19   9   7   8  21  10  46   4  44  37  44  10  62  83  59  25  58  45
   62  32  75  74  78   9  33  24  25  63  49   6  72  16   2  82  63   3
   41  16  12  75  75   7  25  43  23  91  76  76  31   8  59  60  13  72
   73  21  95  39  77  66  47  37  44  87  98  32  86  56  11  61  73   8
   89  22  75  55  20  33  98  35  52  54  47  20  29  79  80 100  90  43
   87  98  41  31  73   9   2  39  14  70  86  18  89  18  78  15  11  51
    8  93  49  63  10  57  40  96  64  39  92  82  54  15  38  90  30  31
   35  77  66  60   4  89  89  62  59  31  31   4  34  24  14  89  48  43
   77  35  26  51  92  85  42  17   5  43  71  16  24  48  99   4  39  69
   68  29  89  23  18  40  61  22  28  57 100   9  20  62  17   7  60  66
   84  36  27   5  82  37  35  67  34  96  74  41  40  69  48  50  46  12
    2  54  55  27   3  45  74  60  69  47  47  76  84  98  51  96  24  86
    4  86  51  69  12  39  91  28  47  23  36  34  95   2  51  68  31  64
   11  15  55   9  35  32  97  97  56  52  57  35  96  69  56  61  21  99
    2   1  57  32  81  38   9  31  33  76   6  13  73  40  96  15  78  33
   15  53  40  47  63  40  72  76  79  98  34  90  33  38  16  18  52  53
   19  86  58  71  50  22  85  66  16   1  99  11  25  17  51]
 [  0  24  97  19  41  24   3  13   4  16  42  78  44   7  88  71  34  14
   58  67  80  19  82  56  73  80  23  37  61  42  73  37  79  90  94  27
   56  86  76  55  24  17  77  87  77  63  40  49  24  42  17  82  31  30
   78  40  70  34  86  49  55  28  38  33  50  92   4  85  93  97  86  44
   72  37  28  42  27  47  26  63  34  22   8   9  18  69  74  95  84  48
   72  61  19  70  94  49  63  43  64  53  67  71  99  90  97  86  32  31
   47  85  42  23  12  26  32  36  67  98  81  85  25  58  19  11  51  83
   39  35  65  83  13  87  39  87  62  29  34  34  16  22  75  52  30  10
   36  92  62  11  15  86  42  23  28  43  13  70  32  89  68  99  70  24
   99  30  31  27  67  15  89  65   9  82  35  98  31  25  17  67  50  31
   40  60   6  56  96  35 100  49  41  51   1  17  17  36  52  13  68  79
   90  93  12  46  21  44  91  35  67  85  83   9  28  20  11  64  36  33
   34  52  12  84  28  20  69  46  88  32  93  47  24  31  77  53  82  93
   67  30  62 100  81  52  75  17  39  57  52  89  46  92  23  57  53  31
   28  70  79  21  85  99   6  35  69  55  49  94   1  12  18  93  16  39
   73  42  30  96  85  44  69  88  34   8  69   1  24  59  26  14  37  76
   82  17  95  40  62  60  64  43  86  30  54  22  31  15  74  93  58  74
   33 100  85  78  26  52  43  89  53  91  45  48  16  35  28]
 [  0  99  98  96  91  48  69  93   2  28  60  90  75  62  22  38  66  62
   18  89  42  17 100  19  98   5  71  41   4  71  85  16  27  43  28  78
    2  12  51  66  36  11  19  17  11  91  84  98  72  30  10  34  34  76
   44  54  32  51  90  55  80  48  10  51   8  64  78  12  89  95  16  26
   46  95  43  49  55  64  95   8  19  39   7  57  57  65   6   4  47  32
    7  27  55   2  34  87   9  17  29  60  87  59  37   9  88  70  43  56
    7  51  43  83   1  81  14   2  68  13   3  87  39  34   4  33  38  97
   24  99  96  21  56  43  26  81  85  52  88  74  41  89  49  78  43  53
   78  54   1   4  49  12  74  12   5  78  10  86   4  70  21  73   4  55
   22  61  82  69  10  48  29  50  82  77  88  42  84  44  45  95  90  11
   32  62   7  94  77  71  85  62  43  58  50  32  41  91  81  56   9  10
   67  15   3  99  58  64  82  74  18  78  56  71  69  31   2  69  88  77
   51   7   8  69   4  44  92  18  58  56  70  72  45  42   5  64  66  37
   23  34  63  40  69  29  51  43  55  59  70  15  82  91  14  63  72  50
   15  45  64  13  88   2  13  68  47  55   1  48  88  59  72  82  90  88
   76  56  35  29  25  21  10  36  58  92  41  34  72  34  44  21  32  43
   20  42  19  59  49   9  52  59  64  99  74  32  40  39  66  67  30  68
    7   1  86  62  33  96  83  18  15  64  65  14  30  39  19]
 [  0  38  94  34  72  72 100  45  45  74  75  76  26  27  22  92   7   1
   96  97  97  34  75  54  64  60  38  40  39  53  53  28  39  96  22  70
   59  32  34  26  48  57  80  27  60   3  92  10  17  18  97  72  61  50
   16  42   4  69  66  67  76  78  55  84  18  55   7  95  30  53  32  67
   65  43  22  65  28  72   6   9  72  16  39  39  13  72  53  92  27  57
   79  69   8   1  79  44  99  92  88  72  43  96   2  88   9  47  73  69
   18  63  97  25  42  37  36  67  52  15  94  45  23  18  46  29 100  32
   97  52   8  54  43  39  63  20  48  93  39  15  66  53  54  63  27  85
    6  47   7  89  62  82  69  58  15  49  51  13  96  94  63  36  89  47
   33 100  31  91   3  55  16  50  31  58  57   5  55  41  83  86  95  33
    5  37  97  57  32  97  37  83  39  64  76  40  51  47  22  55   1  94
   15  15  46  87  54  81  54  62  62  40  67  91  50  43  49  21  55  70
   70  83  30 100  59  87  89  58  44  35  44  68  41  92  89  46  10   9
   60  16  76  46  95 100   2  26  49  39  24  62  43  56  44  47  28  49
   93 100  13  85  20  95  73  60  69  21   3  72  96  36  62  89  96  72
   49  76   1   6  13  72  53  53  22  16  70  51  13  33  12  30  45   1
   36   8  50  62  66  47  82  73  59  92  98  68  93  36  23  59  87  23
    9  74  83  59  94  16  78  19  94   2  67  28 100  91  65]
 [  0  50  82  90  91  68  65 100  57   5  93  52  59  14  24  54  31  52
   57  11  80  54  35  22  78  64  51  37  64  33   7  81  34  89  58  88
    3  13  41  93  24  67  64  50  85  10  67  26  70  34  31  19 100  72
   94  45   9  68  63  88  62  38  49  73  57   2  79  33  11  49  83   7
    5   8  47  41   9  32  87  30  85  24  43  48  18  21  26  12  21   9
   97  60  30  43  33  46  14  64  11  48  47  35  51  81  96  14  45   2
    5  21  17  76  92  34  30  42  65  24  73  94  23  26  27  24  57  14
   72  35  66  75  14  29  98  72  96  42  79  63  25  84  56  42  92  15
   60  74  62  45  69  18  21  49  97 100  73  10   2  34  67  71  94  72
   37  56  78  70  87  20  45  57   9  30  28  31  40  61   7  62  33  48
   97  59  15   5  19  59  33  47  88  91  62   1  74  51  55  65  35  25
   75  84  37  73  85  79  79  53  16  60  94  48  29  52   4  30  22  72
    7  11  55  90  11   8  10  32  57  18  85  75  67  70  31  98  65  50
    3  96  75  97  40  10  14  70  42  12  89   3  98  98  45  17  23  40
   14  44  88  28   5   1  98  67  91  51  95  33  69  35  23  85  44  31
   28  81  36  99  49  38  81 100  40   4  51  88  49  64  77  31  42  37
   97  98  89  71  17  28  56  38  41  24  86  38  86  62  38  39   8  90
   41  63  76  84  77  37  99  66  86   8  27  50  91  94  91]]
 setup_times
 [[[  0 104  96  99  90  87]
  [  0   0  92  91  85 117]
  [  0  95   0  79  87  83]
  [  0  90 119   0  93 101]
  [  0 103 113  86   0  82]
  [  0  84 112 112  93   0]]

 [[  0  86  99  73  71  63]
  [  0   0  72  71  72 110]
  [  0 116   0  84 115 117]
  [  0  99  61   0  70 112]
  [  0  94  78  70   0  88]
  [  0  94 102 103 113   0]]

 [[  0  90  88  74 115  69]
  [  0   0 107  73 117  90]
  [  0 115   0  66  77  68]
  [  0  83 105   0 110  78]
  [  0 117  76  78   0  95]
  [  0  86 103 116 108   0]]

 [[  0  79 108  66 107  78]
  [  0   0  66 103  78  81]
  [  0 117   0  61 110  66]
  [  0 101 113   0  84 103]
  [  0  78  90  84   0  77]
  [  0  74  88  72  68   0]]

 [[  0  65  70 106  94 106]
  [  0   0  76  81  91 102]
  [  0 102   0 104  68  77]
  [  0 110  77   0 111  74]
  [  0  68  71  95   0 119]
  [  0 107  63 108  83   0]]

 [[  0  96  62  68  83  78]
  [  0   0  93 105  77 102]
  [  0  85   0  81  88  90]
  [  0  68  75   0  93  75]
  [  0  62 114  71   0  73]
  [  0  66  78  70  63   0]]

 [[  0  95 106  74  68  77]
  [  0   0 109  67  93 117]
  [  0  94   0  93  84  80]
  [  0  75  78   0  95 109]
  [  0 116 101  64   0  82]
  [  0 115 109 117 100   0]]

 [[  0  88  68 103  71 107]
  [  0   0  83  93 104  66]
  [  0 113   0  96 118 106]
  [  0 105  69   0 112 117]
  [  0 108  67  76   0  81]
  [  0  83 113 105  85   0]]

 [[  0 103 116  67  73  77]
  [  0   0  92  68  78  79]
  [  0  84   0  90  95  81]
  [  0  66  67   0  79  76]
  [  0  74  71  74   0  66]
  [  0 113  95 115 104   0]]

 [[  0  67  84  65 112  63]
  [  0   0  78  97  91 104]
  [  0 101   0  74 113  74]
  [  0  66 116   0  65  71]
  [  0 113  79 113   0  92]
  [  0 107  74  91 114   0]]

 [[  0 114  94  90  78 114]
  [  0   0 103 117  79  72]
  [  0  88   0 101 113  79]
  [  0  65  63   0  91  71]
  [  0  98 116 106   0  86]
  [  0  60  84  89  61   0]]

 [[  0  78 115  96  91 107]
  [  0   0  98  62 107 102]
  [  0  75   0  62  68 102]
  [  0 119  70   0  71  87]
  [  0  95  70  74   0  75]
  [  0  91 103 102  81   0]]

 [[  0  94 109 111 105  95]
  [  0   0 117  79 115  68]
  [  0  93   0 104  83 112]
  [  0  79  81   0  85  99]
  [  0  77 117 113   0  68]
  [  0 102  76  94  81   0]]

 [[  0 103  98 105 119  75]
  [  0   0 119  87 103  64]
  [  0  74   0 104 114  91]
  [  0 119 112   0  86  62]
  [  0  73  73  87   0  68]
  [  0  72  67  78  61   0]]

 [[  0  74 109 113  64  84]
  [  0   0  63  73 112  85]
  [  0 101   0  60  64  89]
  [  0  74  89   0  62 100]
  [  0  91 108  67   0 103]
  [  0  73  82  83 117   0]]

 [[  0  75 108  71  99 108]
  [  0   0  72  62  85  94]
  [  0 110   0  96  68 113]
  [  0 112  67   0 105  60]
  [  0 115  69 102   0  77]
  [  0  95  83 111  64   0]]

 [[  0  79  74 116 107  76]
  [  0   0  92  95 107 110]
  [  0 117   0 116  91 106]
  [  0 100  65   0 119 110]
  [  0  99  93  86   0  69]
  [  0 116  74  66  69   0]]

 [[  0  81  63  85  83  70]
  [  0   0 113  63 119  85]
  [  0 110   0  97 118 100]
  [  0  78  77   0 100  87]
  [  0  76 115 111   0  66]
  [  0 113  73  76 109   0]]

 [[  0  63  63  70 106  84]
  [  0   0  98 106  93 107]
  [  0  88   0 114  68  68]
  [  0 100  79   0  88  87]
  [  0  60  61  81   0 114]
  [  0 110  97  85  74   0]]

 [[  0  60  71 118  96  87]
  [  0   0  87  92  95  82]
  [  0 113   0 100 106  71]
  [  0 104  66   0  76  62]
  [  0  68  96  96   0  84]
  [  0  92  96  75 109   0]]]
 delivery_times
 [[ 0  6  7  1 29 19 25 14  3 12  6 21 14  8 17  9 10 24 18  9  7 13 28 23
   3 20 13 17 21 29 11 22  3 10 25 28  1  6  6  2 21 29  8 21 20 10 18 10
   1  9 17  3 22 23 11 26 10 11  6  1  9 23 10 18 17 13 18 10  1 17 21 16
  18 21  4  7 29 28  8 21 27 21  9 23  3 16 10  9  7 14 10 14 16  9 19 13
  11 15 13 26  3  8 15 19 27  7 16 16 13 16 11 15 23  7 15  4  3 15 12 25
   9 23  6 19  6  6  7  3 21 10  8  1 22 25 29 25 25  3 26 23 15 13 24  9
  16  9 27 26 20  7 19  2  7 26 20 26  7  9 29 11 22  6  7 18 25 28 21  8
   9  8  8  4 22  7 26  3 18 16  6 11 29  7  6  4  4  9 12  5  1 10  5  8
   2 22 10 11  1 17  7 28  1 14  4 14 15 18 13 12 25 13 24 12  2 17  2 21
  10  2 22  5  3 19 21 14 12 22 13 10 18  8  1 23  7 23  9 14 21 13 27  6
  29 17  1 27 26 20  4 20 26  4 24 21 28 18 21 22  9  8 26 10 26 19 26 11
   9 17 18 21 14  2 21 27  6 28 27 17 20  9  6  3 29 19  9 21 26 14 27  7
   3  1 17  3 21  5 26  4  6 20  8 24 21  3 23 29  3 10 16 15 28 17 10 18
   4  5 20 26  9 20 26 13  9]
 [ 0  7 22 24  6  5 16 15 13  4 15  3 26 20  6 13  2  3 27  2 14  3  4 16
  10 19 20 24 23 26 20 26  6  1 23 24 18 24 10 25 13  7  9 28 13  2 28 13
  18 10 10 20  1 27 19 26 14 27  1 14 29 16 17 22  8 22  9 27 29  4 18  2
   2 18 10 26  1 14  4 27 13 28 21 13 27 10 27 25 10 26 28  7 20 15 15  6
  16 25  7 16 21 17 13 11 17 15 29 29  4 11  7 18 11  2 23  6  3  9 20 11
   4 20 10 12  7 22 13  9 20 11 15  6  2 11 22 23 13  6 28  7 28 13 23  3
  22 20 29 18 23 21 21  3  4  9 10  6 27 13 21  3 22  1  8  4  6 22 24  8
   1 18  7 27 19 14 13 12 24 26  9 10  9 27  8 29  2  8  6  3  4 28 23 29
  22 15  5 11  1  9 13 12 19 16  3 14 13  5  5 26 28 22 24 29 11  6 10 28
  28 15 28 17 29 21  6  2  9 13 17 26 21 21 22 12 29  9 15 12 13 21 11 23
  26 29  3 26 28 20 16 21  8  5 14 16 17  7 13  4  9 12 24 27 27  5 27 14
  20  4 17 27 18 23  6  5 19  7  4 22 16  2 14 12 24 21 20 23  6 23  3  2
   6 23 29 27 22 22 11 27  7 23  5 27  7 19  1 19 23  2 20  1 10  6  5 14
  20  4 11 16  1 18 18 21 26]
 [ 0 23 12 26  9 17 23 10 26 21 18  2  1 21  5 12  1 24 13  5 25 16  3  3
  21 24  8 27  9 19  2 27 13 19 18  9 15 29 24 12 22  5 28 18  9  1 16  4
   9 11 17 28  6 24  3 29  7 26  7  2 12 19 14 13 16  5  1 28 22  4 14 15
  25  7 29 10 22 27 15 29 14 27 11 25 24 20 12  7 17 24 12  4 26 19 27 14
   5 10  5 24 11  1  3 29 25 29 23 19 24  4  5 26  9 29  2 23 17 27 29 26
  11 21 12 25 23 17 27  3  9 15 27 27 27  3 28  5 28 16  5 14  6  7 13 25
  25  8  8  7 24 12  3  6  5  3  4 24 24 20  1 21 23 16  9 14 28 11 11 17
  27  5  8 13 12 19  4 29  2 25  7 20  2 24 16 13  5 12  4 28  2  8  8  8
   5 12 26 12 18 27 14  4  6 23 13 20 29 15  3  9 18 11 28 25  7 22 23  9
  14 19  2 14 19 24 29 11 16 21  1  1 24 26 29  6 13 29 16 11  6  7 15 29
  11 15  8  3 11 16 21 28 23 10 19  1 17 20  7  3 14 23 22 25 24 24 29  9
   9 23 22 13 24 21 29 10  6 16  6  6  5 22 13 13 27 17 24 17  3 15 17  9
  25 15 25 14  2  5 21 10 23 16  3 19  1 28 13 20  2 26 29 28  4 14  6 12
  13  2 13  1 11  8 12  4  1]
 [ 0 13  1 25 10 24  5  1  4 27  2  5  3 27  8  5 15 10 18 16 21 21 14 27
  17 22 16 12  5  9 12  6 11  9 13  8 28 10 10 24  2 29 22 11  4 24  8  4
  29  7  6 13  2 23 14 18 17 18  6 12 13 17 11 28 15 20  4  1 25  4 26 23
   5  1 23 18 28 24 13 19  8  1 23  8 13 28 22 23 14 23  1 24 12  4 26 27
  28  4  2 25  5  7 17 21  1 26 23  7 13 16 27  6  6 15 21 28 24 10  2 26
  27  1 20 26  2  8 14  3 28 16 16 10 11  6  4 27  2  4 10  5 23  3 14  5
  21 19 23  2 22 29 23 10 26 19  3  8 21 10 11 16  7 24 28 18  8  4  5 13
   2 16  8 26 21 23 14 26 27 22  4 14 22 10  3  5 18 17 11 27 11 13  9 11
  14 20  5 15  6  6 19 25 16 23 26 22 25 26 21  7 14 12 25 28  7 29 21  4
  11 17 11 15  2  3 23  5 14  1 21 10 21 15 12 29 18 26 20  8  9  8 22  7
  25 14 29  2 13 25  8 28  7  9 12 29 22 16  9  7  8  4 20  2 21 14 24 24
  25 24 22  8 11 20 15 24  5  3 29 25 17 13 24  9  1 19  7  7 14  2 15 12
   3  6 28  2 21 20 27 16  7 18  2 28 15  5  5  6 28 18 16 26 24  7 26 17
  15 29  4  3 13  8 10 19 24]
 [ 0 22 14 28 29  3 26  2  1 19 15  6 27 24 14 28 22  3  3  9 13  1 28  2
   9  6  6 14  8  2 12 25 14  5 29 24  3  9 24 10 19  5 21  1  7 14  1 28
  17 20 27  9  7  6 19 14 14  2  7 17 10 13  6 29 11 19 17  4 23 24 21 16
  12 16  9  7  1 26  4 19  1 22 11  6 11 25 11 16  3  4  8 21  5 20  2 19
  15 13 11  2  9 21  2 27 13  9 21 17  4 12  9 15 28 21  8  6  8  7 10  5
  23  7 25 27 25 27  9  7 11 28 29 15  1  5 19 21 29 20 16 12 29 14  9 19
  17 28  1 21 18 28  8 18  2  6 18 29 16 17  8  1  7 28 18 22 21 26  1 12
  29  7 14 23 22 19 29 23 26 25  3 27  4 15  5 16  5  3 18 15 21 23 23 15
  13 27 14 19 22 21 11  2 18  5  8 13 22 26 25 25 17 16 28 12 27 22  8 18
  18 11  8 26 24 28 17  9 14 23  9  9 23 14 24 11 16  3  8  7 29  2 18  2
  19 29 19 29  2 12 15 29  2  2 10  7  4  8  6 28 18  9  1 12  7 24  2 24
  14 19  2  7 19 27 23 23  9 12  5 23 25  8  8 21  1 11  8 12  9  3  8 17
  25  3 10  6 21  6 24 11 14 11  7 16  8 27 23 29 26 12 13 26  5 24 10 17
  27 24 21 16 15 18 25 27 18]
 [ 0 28 14  6  5  7 16 12  1  8 27 28 14  6 11 26 28  7  7 12 21 23 22 11
  11  5 20 10  9  8 19  7 18 13 16 20  3  2 14  3 19 12 21  9  6 13  4 27
  26 29 11  1 29  4 16 26 14  9  1 26 28 12  8  7 26 16 20 26 11 13 11 16
  12 14 29 11 29  1  2 21 18 12 21  3 26 16 27 17 24  9 12 22  3  8 14 12
   8 19  4 29 25 18 21 17 20 13 29 26 19 28 22 15  7  2 10  8 13  2  8 28
  16 11 27  3 18 19 19 19 10 19 24 22  9  5  1 24 12 22 15 26  7 25  1 15
  19 14 29  9 28 27 26 19  7  9  1 22 20  6 18 12 14 15  9 15 18  5 14  7
  15 24 19  5 26  7 28 15 18  5 15  5  9 28 20 24  5 27 28  9  7 12 21 20
  21  3 16 24  7  9 18  7  5  5 20 12  7 24 18 23 11 29 25 28 11  2 23 27
  26  4 19 27  2 18 21  3 11  7 22  7  8 13 13 19  5 14 14 25 25  5 10 11
  29 14 28  8 17 12 10 15 16 27 25 14 14 13 22 13 25 27 29  3 19 22  9 23
   2 23  7 12 18  9 17  4 27 11 16 10 19 27 23  1 11 25  6  2  5  8 13  4
   2 22 24 17  8  8 17 13  9 21 29 26 12  6  8 27 28 27 12 16 14  8  9  3
  24 20 28 19 15 15 28  2  7]
 [ 0 20 29 14 18  9 14  1  6 18 16  7 27  2  5 22  2 22 19 29 13  9 18 20
  29 20 16 25 11  4 21 23 27 23 13 16  1  5 26 14 14 26  6 16  3 24 13  9
  14 23  4 13  5  8 20  5  2 18 24 11 24 27 14 26 25 29 20  6 10  1 13 21
   1  1 17  5  5  7  6 26 19 17 14 27 28 17 16  8 25 29  7 20 29 15 21 19
  19 26 19 14 12 15  7 29 19  2 20 19  7 24 16 18  8 27 23 16 15 11 12 21
  22  1 14  3 10 24 15  6 24  5 14 24  7 10 12 13 22  2 15 20 26  9 18 20
   6  5 15 17 14  7 29 14 25 16 15 19 14 16  5 27  7 18 17 20 14 29 21 25
  24  7 11 28  2 26 19 18 17 29  4 28 28 27 24 27  8  4 13 18 12 15 15  2
  27 19  9  1  4  5 26  5 24 28  1  5  5  9 29  8 19 22  9 15 28 23 24  9
  25 14  5 27 25  3 11 27  6 25 10 12 25  3  3 18 11  6 21  5  4 18 18 25
   4 26 17  1  3 24 28 24 11 28  2 14  5 12 23 16 16 25 29 29 28  9  5 10
  21 22 22 25 28 21 10 21 16 18 13  2 16 18  7 22 11 14 13 28 26  9 24 10
  18 15 20 11 17 13  3 27  5 15 27  2 11 24 10  7  1  9 20  1 12 18 23 27
  17 13 23  2 12 10  7 14 28]
 [ 0 24 12 24 29 18 24 27 21 22 19 11 13 19  8  2  9 10 27 26  1 15 17 10
  24 20 27 15 20 21  9 11 19 29 22  1  3 29 17  4 12  7 13 26 19  4 12  9
  12 16 25 17  2 25 11  5 16 26 17 14 13 28 21 20  7  9 23  1 25 21  5  1
   1 23 24  5 13 16  7  6 12 17 15  7 29  4 26 14 24 12  5 29  4  9 17 15
  16 12 20 27  4 22 24 13  7 29 16 24 16 13 21 20 14 20  4 27  1 26 14 13
   8  2 21 10 12 11 27 24 14  5 25 24 28  9 27  9  6  5  5 12 18 23 21  5
  11 18 10 23  3 26 28 27 22 22  3 16 20 27 17  9  8 20 12  7 12 25 18  4
  29 28 21 21 21  6 10 25 28 14 12 21 17 15 15 10 21 27 14 22 16  9  5  3
  12 28  4 24  3  1 29 28 26  7  6 29 18 25 27 19  9 18  3  8  7 16 17 25
  16 22 17 28 12 15 28 11  5 16 14  6  6 24 25 26 24 29 23 19  4 14  9 25
  14 21 16 29  6 13 28  6 13 28  6 11 21 24  5 14 22 27  6 29 27 23  9 15
  22 21 15 18 28 10 23  9 27 10 24 14 12 13 26  4 12 26  3 23  8 20 27 13
   2  7 27 20  7 16  5 19 23 24 23 18 19 26  3 13  7 17  9 16  5 29  8  4
  21 20  8  9  1  3 13  9  4]
 [ 0 13 12 27 10 28  2 28 22 27 25 18  4  5  4  1  1 25 29  4 29  2 21 18
  13 15 14 19 11 14 28  8  8  2 20 21 22  3 15 29 11  5 20 15 29  7 14 13
  14  5  9  9 16 26 13  3  4 23 28 14 28  1 26 22 16  3 11  9  2  8  7 12
   6  4 13  6 22  8  8 24  7  3 24  2  1  4  6  9 28 12 11 25 11  7 14  1
  28 14 29 27 16 16 25 21  4  7 16  6 24 25 16  6 23  4 23 23 27 10 23  1
   2  2 12 23 21 13  6 13 15 21  4 19 19  2 21 26  7 24 29 10 28 23 27 28
  28 22  3 25  9 23 19 15 19 19 29 26 17  2 21 24 22  2 29 28 19  5 15 13
  24 28  2 15 24  2  9 10 24  4 21  4 19 17 29 18 13  3  1  8 19  8 24 15
   3 19 27 18 10 10 24 20 17 12  9  9  4 25  1  9 24 24  6  1 22  3  5 13
   8  8 20  3  5  2 10 28 29 26 21  5 20  2 24  7 13 11 20  6 22  6 22 29
  18 15 10 25 12 11 29 27 17 25 26 10  9  3 22 21 27 25 24 22  1  9 27  7
  28 22 29 26 18 10 25  8  8  2  2  1 29  9 13 11 12  7 13 19 16  6 21 12
  28  8 13 26  3 29 20  7 12 19  6  6 12 10  5 23 28  4  5 13  1  9 12 10
  13 18 16 13  7  2 24 18  9]
 [ 0  4 10 22  4 25  2 17 23 18 29 12 28 24 26  1  2 11 23 24  6 24 28 22
  29 20 22 27 21 10 22 24 19 11 13 23 14 23 28 26  9 20 26 20 22 29  5 14
   7 10 25 23  7  1 19 22 29 18 29 13 17 17 28 25 10 13 24 10 14 26 21  8
   3 14 13 23  8 24  1 12 11 21 28 21  1 17 28 17 15 14 14  9 21  4 12 15
   4 16  2 17 15  1 25 21  6 18 19 23 20 25  4 19 21 14  9  1  5  8  8  3
  25 21 10  7 16 17 15 10  7 18 13  3 10 19 26 26  6 18 22 13 27 16 13 29
   5 13 23 23  2 24 24  5 19 28 16 29 14 22 14 14 20 28  2 16 17 29 29  9
  29  3 11 12 29 23 19  9 17 23 19 24  6  3  5 12 12  4 11 25 12 24  9 17
  24  3 28 26 11 29 25  4 15 15 22 24 12  9 18  5 19 13 26  1 10 15 13  8
   6 25 13  4 29 15 23  9  2 22  7 13  9 25 27 19  6  6  9 14  9 19 16 13
  26 13 24 25 15 24 17  7 13  6 11  6 10 15 29 26 19  1 24  4 18 24 16 28
  15 19 26 26 10 25  9 12  8 19 29 28 19  6 16 26  8  5  4 27 25 10  4  5
  18 25 18 25 15 25 21 27 24 12  2 12  6  7 24  6  4 16 17 13 23 15 17 16
  22 26  2 16 19 11  9 23 23]
 [ 0  1 25  6 13 19  6 14  1 17  3  2 28 20 21  1  8 15  3  2 17 22 27 28
  17 21 23 28  6  9 28  3 15  1 20 17 11 17 26 26  2  9  8 22 25 19  9  7
  27 26 15  1  2 18 24 23  6  9  9 22 23  2 17 28 19 10 10  9 26  5  5 18
  10  2 29 11  4  9  9 14  8 10 27 26  6 20  5 10 15  9 24 24 25 22 24  6
   1  2  5  8 24 10  7 16 24 29  7 26 14 29 29  6 21 29  1  2  3  1 16 18
   9 23 20 13 11  1 27  1 24 24  4 11 16 15 22  1 28 27 25 26  6  8  4 12
   6  9 21  1 14 27 25 13 28  2  1 13 12 22 16 18 16 25 12  5 20 20 19 24
   9 12  8 28 26 23 28 26 15  1 27 18  2 14 28 23 15  1  7 25  9 21 24 29
  27 20 29 10 19 28  9 26  9  2  6 10 23  9 18 11 25 18  1  8  4 26 16  3
  22  7 23  9 14  9  5  2  3 21  8 29 25 21  3  5 16 17 16 17 20 29 29 17
  17 12  7  1  2 28 15 27 25 29 11 17 13 21  1  2 29 17 15 28 15 12 25 23
  29  6 25 23  3  8  3 10 13 19 26 10 25 20 27 10 14 24 24 19  7  3 20  2
  15  7  7 21 29 16  6 17 24 27 15 11 20 24 22 19 11 18 27 16 15 21 28 16
   2 26 12  3 21 28 25 17 20]
 [ 0 27 10 18 24 22 24  4 10 12 19  2 21  8 23 29 21  9  4 10  2 19 11 28
  20  4 22 20 25  9 24 18 27 10 22 28 19 11 29 25 12 19 10 10 22 14 17  1
  10  1  4  4 17 21 17  8  8 24 12 21 28  7 21 28 11  4 16  5 24  3 20 14
   4  4 27 18  1  6 29  5  8 23  1  7 17 28 23 15 26  9 21  5  1 14 10  9
  14 25  3  7 29 16  2 17 23  3 11 21 22 25 22 21 17 22 23 26 11 18  1 28
  11 28 29 20  1  6 28  1 14 28 27  3 22 23 16 16  5 13 12 24  1  1  5 23
  10  7  4  2  6 28 27 24 12 16 29  1 15  3  7  7 16 18 16 28 26  2 22 17
   5 20 18 29  4 25 15  9 24  2  3 20 16 14 26  8  5  6 22 28 16 13 15 15
   2  2 28 22 25 22 28 16 27 10  4  4 28 26 21 24 13 25 20  6 20 19 16 27
  29 20 25 10 27  4 11 14  3 17  7  2 14 25 12 12 18  3 19 26  4  4 20 19
  16 10 15 27 22  3 26  3 22 27 28 26 15 17 12 21  6 29 23 21 29  8 29 11
  21 26 15 13 12 14 10 13 21 18 29  1 29 11 23 25 10 16 28  9  9 24 14 13
  13  3  2 25  5 16  1 26 16 14  9 18  4  9  9 14 11 12 29 26 20 10 25 10
   9  6 17 14 16 19 14  2 10]
 [ 0 29 11 16  1  7 26 24 10 20 29 28 27 11 25 21 25 26  2  1  6 29 26 23
   7 13 29  6 19 11 29 26 24 19 11  1  9  8 12  2 22 11 12 22 10 28 27 20
  18 22 12 15 27 26  3  4 17 18 13  6  7 21 27 26  7 24 13 12  8 14 13  1
  11  4  5 11 18 16 29 14  3  1 12 14 29 11  2  9 26 25 10 12 14 24 21  4
   9 28  5 20 16 28  8 28 10  2  3 18 13 15 27  1 22 12 14  2 16 28 28 28
  15 20 16 27 21 28 22 26 20 19 20 29  8  3 15  7 18 23 15 25 10 17  8 15
  20 21  5 18 14  4 17 15 20 26 25  7 26  4 13 19  3 28 19  3 23  9 11  3
   3 27 10 16 23 12 15  9  3 18 16  4 13 10 26  6 20  8 16 11  4 17 10 22
  21 28 27 28 20 21  2 11  2 14  7 26 29 16 20 17  9 21 19 20 20 15 29 25
  13  5  5 28 24  3 27 25 28  8 15 27  2 20 10 12  5 15 18 10  1 22 13  8
   1 25 15 15  7  2 11 20  7 25  2  8 12 15 10  8 14 19 24  9 14 23 23 12
  27 22 11 15 21 12  3  6 24  8  5  2 22 22 19 15 13 22  5 20 27 13  8  4
  17  5 24 27 25 26  7 29  9  5  3  5 29 17 13  8 25 15  3 21 15 23 12 21
  15  8 22 26 25 29 13  9  4]
 [ 0 21 27 22 14  2 12 27 28 10 12 23 23  4  3 25 16 15  4  6 22 11 26  6
  20 11  1 18 27 18  6 14 21  7 16  8 19  2 12 23 17 12 16 28 29 19  4 24
  28 13  2 18 19 15 17  8 27 16  9 13  9 25  1  5 22  4 15 27 14 20 13 20
   6  9 22  1  1 12 11 27  2  2 13 27 27 24 26 16 13 26  5 12 23  1 25 19
  10 13  8 19 26 20 10 26 14 14 13  9  6  1  5 26 23 20 28 17 17  6 16 15
  21 15 16 22 14 27 19 27 28 28 29 27 19 17 18 29 13  1 20 10  2 11 11 26
   9 23 11  7 25 22 18 20 15  8 11 25 13 16 18  7 14 18 28 23  7 14 12 26
  11 10 22 14  2 14 17 18 27 28  6  2  7  9 10 11  4 19 19 18 11 17 19 18
  27 20  8 10  5 27 25 17  9  8 10 21 12  9 10 17 28  3 23 17  4 21  9  3
  21  6  1 24 28 18 22  8 22 24 24 22 11 19 25 16  1  7 16 15 14  8  3 22
  28  1 27 21  6  5 20 29  3  3  2  1  8 22 10  9 23 11 18  6 18 29  6 13
  26 24 15 17  6 16 24 16 10 21 21 26 26 11 29 26 13 19  2 10  7 25  5 16
   2  2  7 23 17  1 14 17 26  1 11 28 11  8  9 19 10 11 24 27 29 11 23 18
   6 24 22 23 25 24 16 24 28]
 [ 0 25 20 16 14  6  5  8 19 12  4  3 22 27  3 11  6 23 21 15 29 25 16 22
   3 25 16 27  6 24 13  4  5 25 10 26 13 11 17 15 23  7 14 20 14  1 17  6
   9  3  2 22 16 29  8 19 10 17 19  8 19  1 19 17 11 15 22 22 14 23  6  3
  11 21 25 24 20 10  3  4 20 28 17  6 10 28 21 18 25 25 26  1 15 17  8 18
  21  9 28 17 19 26 13 25 24 22  5 20 28 26  4 12 22  1  2  6  2 21 15 22
  28 26  3  3 24  3 25 29 15 29 11 13 28  4  5 21 28 24  8  1 18  1  3  3
  24 19 26  9  2 24  6 15 21 16 14 23 14 23 13 12 26 21 12  6 23 19 29  5
  17  7  9 20  9 15  3 25 29 20 29 24  8  4  7  8  8 26 19  8  5 28  2 17
  27 15 18 20 13 16  7 15 22 20 12 11 10 22  2 13 25 28 22 22 20 27 14 21
  26  8 22 21  5  5 16 14 21 11 22 15 25 27 19 16 12 17 14 10 13 12 22 26
   1 20 20 29 15 24 16 17  7 27 26 23 17  8 17 13 20 15 21 26  6 15 19  3
  13 24 13  8  7  9  4 11 15  4  9 14 28 19  9 24 28 27 21 22  6 12  9  1
   9 25 11  2  4 24  8 19  9 20 12 25 16  4 29 20 20  6 26 19  5  9 28 24
   1  8 24 21 11 15 21 24 23]
 [ 0 15 11 18 27  3  4 29 14 29 16 24 17  4  4 20  1  5 24 13  9 23  9  3
  19 22 15 19 27 16  5 21 23 12 23 22  2 24  8  3  5  3 28 13 22 22 26 16
  27 23 29 10 18  8 10 21  5 27 19 28  6 22 11 22 10  3 24  4 17  5 22  8
  12 19 20  7 19 25 10 29 27  9 11 22 15  8 22 16 15 13 21  7  7 11 16  5
  18  2 20 11  3  6  9 12  1 13 21 19 20 10 14 23 22  4 11 15  7 18 14  1
  25 25  9 25  9 26 21  2 25 25  3 18 27  3 24 17  1 25 19 27 27 28 18 26
  22  2 12 18 18 17  8 17 17 16 26 15 17 12  7 19  8  1  6 25  8 29 21 14
  28 24 22  3 24 11 14 14 15 27 21 29  1 11 18  7 14 21 12  9 21 26 19  2
  11  1 11 27 24 12 15 20 26 29  2 10 22 13 21 29 24 22 23 24  5 17 28  6
  22 24  5  4 12  1 28 23 14  5 21  4 18  1 28  9 15  8  4 23 28  5 15  2
  13 21  1  1  9 14 20 26 27 16 16  3  4 18 25 22 25 13 10 27 11 16 28 17
   2 18 17  5 15 14  2  5  2 28 24  3  4 25  8 13 21  8 20 26 12  9  1 10
  28 24 22  5 14 11 22 18  9 20  7 15 12  5 26 17  7 10 20 26  2 16 12 27
  14 11  5 29 16 24 28 12 13]
 [ 0 14 29 19 16 13  3 11  3 14 12  8 26  3 13  6 25 27 18 11 13 28 11  5
  10 28 28 19 25 23  8 11  1 12 11 24 29 15 14 22  4  8  9 21  5  7  5 13
  13 25 10  1 10 23  3 17 13 19 18 13 10 27 12 19  6  2  1  8 23  1 28 25
   8 14 16 12 13  9 21  3  5  9 20 24 23  8  4 12 28 27 25 13 14 28  4  9
  12 19 22 20 27  8 22  6 29  8  2 29 27  6 26 21 29  7 25  7 11 18 14  8
   6 11  4  1 24 27  5 11  8 12 27 15 25 26 14 15 14 25 17 12 28 10 18 21
  26 15 29 23 10 13 29 22  8  2 16 12  7  8 14 12  6  4 28 27  3  1 17  8
  13 26 24 27  5 10 22 20 21  3 11 15 15 11 29 24  1 28  3  4 29 24  3 29
   1 21 24 13  6 25 29 20 14 26  5 28 26  8  9  8 26  3 25  6 14 13 29 13
  17 16 11 24  3 20  6  1  8 19 21  7 26 12 16 28 19 25  8 27 19 26 26 12
  27 20 11  4 17 14 29 24  6 12  1  7 14 21 25 17  2  5 15  9  3  2 20 23
  16 15  9 26 24 21 22 29 22 23  2 22 24  9 16 16 14 26 19 22 23 28 26 17
  20 15 17  7 16 21 19  1 28 18 22 28 13 23 24  3 23  9 22 10 18  2 17  3
   2 22 23 19  8 18  2 29 21]
 [ 0 20  8 22 25  3 15 12 17  2 24 23 10 11 22  4  1  6 15  7 14  2 29 22
  24 15 17  2  5  6 29 21 17 28  2 20 22 18 28 18 17 28 26 19 18 27 24 13
  24  1 13  7  9 12 22  6  8 29  2 23  6  5  3 19 28 29  4 15 12  5 15 18
  21 19 24 19 17 14 16  9 12  3  1 17  2  4 12  3  6 10 16  7 21 23  8 22
  13 25 25 14 29 12 25 21 12  7  7 12  9  8 15 13 24 26 11 13  7 20 17 28
  13 25 14 16 25 14 26  5 28 10 11 12  1 10 23 22 11  9 19 25 11 27 13  8
  27  4 17 11 10 12 17 19 11 18 26 26 28 23  2  6 18 21 22 15  5 24 28 11
  18  6 14  3 14 10 15 19 19 12 14 15 10  3  4 15  3 25  9 14 24 24 22  4
   2  5 25 25  2  6 19 20 17 16  7 16 17 27 23 13  8 18 17 14 11 11 29 14
  12 11 18 22 27  6 20 14  6 28  7  9 23  4 26  2  9  3 25 29  3 19 29  1
  26  1 19 21 21 12  8 10  3 21  3  3  2 25  6 27 17 14 15  7 19 28  1 12
  25 28  4  2 17  3 22  3 19  2 20 17 13 18 24 14 21  1 14 12 28  4 11 21
   1  6 12  2  9 22 10  9  8  5  1 27 23 18  5 14 12  5 10 20 15  3  4 10
  23  8 21 17 29 13 10  2 17]
 [ 0 16 20 10  3 15 19 19 21  7  2 12  2  1 23 28  7  5  4 13 12 25 10 10
   9 19 11 15 24 18  4 18  4  4 27  2  8 11 17  1 23 28 17 26 19 24 27 20
  11 16 23  3 11 17  7  4  4 27 28  3 14 10  1 26 11 12 21 10 16 23 18 12
  27 13 28 26  2  6 18 14 14  9 18 10 24  2 20 29 10 26 17 19  8 18 24 28
  19  3 11 11 13  8 17 20 25  5  9 19 20  4 29 24 17 16  3 10 27 24 25 29
  15 19 12 15 17  2  3 18 23 20 24 15 12  8 14  7 29  2 22  2 29  8 10  4
  23 17 22  4  2 26 27  7 10 18  6 28  5 20 22  7 10  8 14  1  3  7  2 11
   9 17 22  7 25  4  3  3 10 21  3 22 26 12  2  8 14 17  3  6 17 13  4 27
   2 20  9 12 16 18 14  1 20 23  8 11 19 10 16  8 21 13 10 28 11 27  6 15
  23 11 20  1 11  6  3 27  9 26 27  7  2 18 22 11 20  9  9 16 17  4 29 29
  16  5 12  3  8  3 15 22  4  3  9  6 16  3 27  3 16 24  9  9 29  4  8 17
  25 15 22  9 12 20 19 27 24 29  6 21 25 25 22 10 12 21  4 29 23  7 13 24
  18 11 25 14 14  6  2 17 28 18 22 23 11 29 29 25 16 15  4 28 15  5 21 18
  29 27 28 24 26 21 11 28 24]
 [ 0 23  3 23 13  3  8 17 16  5  5 29  2  2  3  5 26  5 22 21 19  5  9 20
   8 27 25 17  8  8  6 26 18  3 15 21 22 17  4 11 19  6 12  9 11  1 16 26
   9 12  1 25  8 21  1 26 21  2 22  5  7 20 22 10 27 12  7 16 21 27  3  9
  19  5 16 11 13 19  9 16  5 11 20 15 20 18  2  2 16 29 23 14 28 22  6  2
  13 19 26 15 16 13 19 15 22 18  9 25 19  3 28  6 27 29  6 17 16 12 19 12
  14 17  2 23 15 22 15  7 21 17 20  5  8 29 21 10  1 13 20  3  5 22 10 23
   2 21  3 15 29 21 25 15 22 28 13  1 13 27  3  4 29 22 28  5 14 22 29 28
   6 16 15 16 28 23 23 22 17 15 26 29 28  3 17  5  7  4 12 16 20 12  3 22
  24 21 10 28 19 20 21 22  7  4 22 10 20 21 10  8 16 18  1  8  1 25 22 15
  16 11  1 12 17 19  5 12  1 29  4 15 19  2 13  2 21  9  9  6 22 26 17 26
  21 29 25  3 26 10  8 18 23 25 16  6 10  6 21 19 18 23 19 11 25 25 11 20
  24 19  7 14  3 16 29  1  6 13 14 28 29 20 23  8  1 16 26 12 23 25 29 26
  24 16 18 28  5 20 21 26 21 17 22 15  1 10  9  2  5 15 24  6  8 17 15 10
   3 28  5  6 21 20  8  1 14]]
 job2fam
 [[1 0 0 0 0 0 0 0 0 0 0 0 0 0 0 0 0 0 0 0 0 0 0 0 0 0 0 0 0 0 0 0 0 0 0 0
  0 0 0 0 0 0 0 0 0 0 0 0 0 0 0 0 0 0 0 0 0 0 0 0 0 0 0 0 0 0 0 0 0 0 0 0
  0 0 0 0 0 0 0 0 0 0 0 0 0 0 0 0 0 0 0 0 0 0 0 0 0 0 0 0 0 0 0 0 0 0 0 0
  0 0 0 0 0 0 0 0 0 0 0 0 0 0 0 0 0 0 0 0 0 0 0 0 0 0 0 0 0 0 0 0 0 0 0 0
  0 0 0 0 0 0 0 0 0 0 0 0 0 0 0 0 0 0 0 0 0 0 0 0 0 0 0 0 0 0 0 0 0 0 0 0
  0 0 0 0 0 0 0 0 0 0 0 0 0 0 0 0 0 0 0 0 0 0 0 0 0 0 0 0 0 0 0 0 0 0 0 0
  0 0 0 0 0 0 0 0 0 0 0 0 0 0 0 0 0 0 0 0 0 0 0 0 0 0 0 0 0 0 0 0 0 0 0 0
  0 0 0 0 0 0 0 0 0 0 0 0 0 0 0 0 0 0 0 0 0 0 0 0 0 0 0 0 0 0 0 0 0 0 0 0
  0 0 0 0 0 0 0 0 0 0 0 0 0 0 0 0 0 0 0 0 0 0 0 0 0 0 0 0 0 0 0 0 0]
 [0 0 0 1 0 0 0 0 0 1 1 0 0 1 1 0 1 1 1 0 0 0 0 0 0 1 0 0 0 0 0 0 0 0 1 1
  0 1 0 0 0 1 1 0 0 0 0 0 0 0 0 0 0 0 0 0 0 0 0 0 0 0 0 0 0 0 1 0 0 0 0 1
  0 0 0 1 0 0 0 0 1 0 1 1 0 0 0 0 0 0 1 1 1 0 0 0 0 0 1 0 0 1 0 0 0 0 0 1
  0 0 0 0 0 1 0 0 0 1 0 0 0 0 1 0 0 0 1 0 1 0 0 0 0 1 0 0 0 0 0 1 0 1 1 0
  0 0 0 0 0 0 0 0 0 0 0 1 0 0 0 0 0 0 0 1 0 0 0 1 0 1 0 0 0 0 0 0 0 1 0 0
  1 0 0 0 0 0 1 1 1 0 1 0 1 0 0 0 1 0 0 0 0 0 0 0 0 0 0 1 0 0 0 0 0 0 0 0
  1 0 0 1 1 0 0 0 0 1 0 1 0 0 0 0 0 0 1 0 1 0 0 0 0 0 0 0 0 0 0 0 0 0 0 0
  1 0 1 0 1 0 0 0 0 0 0 1 1 0 0 0 0 0 0 1 1 0 1 0 0 0 0 0 0 0 0 0 0 0 0 0
  1 0 0 0 1 0 0 0 0 0 0 0 0 0 1 0 1 0 0 0 0 0 1 0 0 0 0 1 0 0 1 0 0]
 [0 0 0 0 0 1 1 0 0 0 0 0 0 0 0 0 0 0 0 0 0 1 0 1 0 0 0 0 0 1 1 0 0 0 0 0
  0 0 0 0 0 0 0 0 1 1 0 1 1 1 0 1 0 0 0 0 0 1 0 0 0 0 1 0 1 0 0 0 0 0 1 0
  0 0 1 0 0 0 0 0 0 0 0 0 0 0 0 0 0 0 0 0 0 0 0 0 0 0 0 0 0 0 0 0 0 0 0 0
  0 0 0 1 0 0 1 0 0 0 1 0 1 0 0 1 0 1 0 1 0 0 1 0 0 0 0 0 1 0 0 0 0 0 0 0
  1 1 0 1 1 0 0 0 0 1 0 0 0 0 0 0 1 1 0 0 0 0 0 0 0 0 0 0 0 1 0 0 0 0 0 0
  0 0 0 0 0 0 0 0 0 0 0 0 0 0 0 0 0 1 0 0 0 0 0 0 1 0 1 0 0 1 0 1 0 0 0 0
  0 0 1 0 0 0 1 0 0 0 0 0 1 0 0 0 0 0 0 1 0 1 0 0 1 0 0 0 1 0 1 0 0 0 0 0
  0 0 0 0 0 0 0 0 1 0 0 0 0 0 0 0 0 1 0 0 0 1 0 0 0 0 0 0 0 0 0 0 0 0 0 1
  0 0 1 0 0 0 1 0 0 0 0 0 0 0 0 1 0 0 0 0 1 0 0 1 0 0 0 0 0 1 0 0 0]
 [0 0 1 0 0 0 0 0 0 0 0 1 1 0 0 0 0 0 0 1 0 0 0 0 0 0 1 1 1 0 0 0 1 0 0 0
  1 0 0 1 1 0 0 0 0 0 1 0 0 0 1 0 0 0 0 0 0 0 0 0 0 1 0 0 0 1 0 0 1 0 0 0
  1 0 0 0 1 0 0 0 0 1 0 0 0 1 1 0 0 0 0 0 0 0 1 0 1 1 0 1 1 0 0 1 0 0 0 0
  0 0 1 0 0 0 0 1 0 0 0 1 0 1 0 0 0 0 0 0 0 1 0 0 0 0 0 1 0 0 0 0 1 0 0 0
  0 0 0 0 0 1 1 1 0 0 0 0 1 0 1 0 0 0 1 0 0 0 1 0 0 0 1 0 0 0 1 0 1 0 1 0
  0 0 0 0 0 0 0 0 0 1 0 1 0 0 1 1 0 0 0 0 0 0 0 1 0 1 0 0 0 0 1 0 0 0 0 0
  0 0 0 0 0 1 0 0 0 0 1 0 0 0 0 1 0 1 0 0 0 0 0 0 0 0 0 0 0 0 0 0 0 0 0 0
  0 0 0 1 0 1 1 0 0 0 0 0 0 0 1 0 1 0 0 0 0 0 0 1 0 1 0 0 1 0 0 1 1 1 0 0
  0 0 0 1 0 0 0 0 0 1 0 0 1 0 0 0 0 1 0 0 0 1 0 0 0 1 0 0 1 0 0 1 1]
 [0 1 0 0 0 0 0 1 1 0 0 0 0 0 0 0 0 0 0 0 0 0 1 0 0 0 0 0 0 0 0 0 0 1 0 0
  0 0 0 0 0 0 0 0 0 0 0 0 0 0 0 0 0 0 0 1 0 0 1 0 1 0 0 0 0 0 0 1 0 0 0 0
  0 1 0 0 0 1 1 1 0 0 0 0 1 0 0 0 0 0 0 0 0 1 0 0 0 0 0 0 0 0 0 0 1 1 0 0
  1 0 0 0 1 0 0 0 1 0 0 0 0 0 0 0 1 0 0 0 0 0 0 1 0 0 1 0 0 0 1 0 0 0 0 1
  0 0 0 0 0 0 0 0 0 0 1 0 0 1 0 0 0 0 0 0 1 0 0 0 1 0 0 1 0 0 0 1 0 0 0 0
  0 1 0 0 1 0 0 0 0 0 0 0 0 0 0 0 0 0 1 0 1 0 0 0 0 0 0 0 1 0 0 0 1 1 0 0
  0 0 0 0 0 0 0 0 1 0 0 0 0 0 1 0 1 0 0 0 0 0 1 1 0 0 1 1 0 0 0 0 1 1 1 1
  0 0 0 0 0 0 0 0 0 1 0 0 0 0 0 1 0 0 1 0 0 0 0 0 0 0 0 1 0 0 1 0 0 0 0 0
  0 0 0 0 0 1 0 1 1 0 0 1 0 1 0 0 0 0 1 1 0 0 0 0 1 0 0 0 0 0 0 0 0]
 [0 0 0 0 1 0 0 0 0 0 0 0 0 0 0 1 0 0 0 0 1 0 0 0 1 0 0 0 0 0 0 1 0 0 0 0
  0 0 1 0 0 0 0 1 0 0 0 0 0 0 0 0 1 1 1 0 1 0 0 1 0 0 0 1 0 0 0 0 0 1 0 0
  0 0 0 0 0 0 0 0 0 0 0 0 0 0 0 1 1 1 0 0 0 0 0 1 0 0 0 0 0 0 1 0 0 0 1 0
  0 1 0 0 0 0 0 0 0 0 0 0 0 0 0 0 0 0 0 0 0 0 0 0 1 0 0 0 0 1 0 0 0 0 0 0
  0 0 1 0 0 0 0 0 1 0 0 0 0 0 0 1 0 0 0 0 0 1 0 0 0 0 0 0 1 0 0 0 0 0 0 1
  0 0 1 1 0 1 0 0 0 0 0 0 0 1 0 0 0 0 0 1 0 1 1 0 0 0 0 0 0 0 0 0 0 0 1 1
  0 1 0 0 0 0 0 1 0 0 0 0 0 1 0 0 0 0 0 0 0 0 0 0 0 1 0 0 0 1 0 1 0 0 0 0
  0 1 0 0 0 0 0 1 0 0 1 0 0 1 0 0 0 0 0 0 0 0 0 0 1 0 1 0 0 1 0 0 0 0 1 0
  0 1 0 0 0 0 0 0 0 0 1 0 0 0 0 0 0 0 0 0 0 0 0 0 0 0 1 0 0 0 0 0 0]]
