params：
 weight-->(1, 10)
 proc_times-->(1, 100)
 setup_times-->(60, 120)
 delivery_times-->(170, 200)
 job_rate-->16

start:
alpha_1
16
 alpha_2
2.0
 mach
20
 job
320
 fam
5
 weigh
 [[0 2 1 3 4 3 2 8 1 9 7 5 3 2 2 6 5 1 2 7 8 2 4 4 2 3 9 5 4 8 7 5 2 9 1 1
  3 5 2 3 8 3 1 7 5 4 8 4 9 8 3 5 6 4 7 6 1 1 4 8 2 8 8 8 1 5 2 1 2 2 4 9
  1 6 8 3 3 2 5 1 8 4 7 8 9 7 8 9 3 4 8 7 4 6 9 2 3 8 4 4 4 3 8 4 7 8 2 2
  5 9 4 9 8 3 7 9 9 5 3 5 8 3 6 3 9 2 3 6 5 6 1 5 8 8 9 5 1 5 4 4 4 3 8 7
  4 2 3 6 7 5 9 1 6 5 9 9 7 9 5 5 6 6 8 9 9 7 7 7 3 3 6 4 1 4 7 8 4 3 8 1
  7 5 9 1 4 4 4 1 7 5 6 6 9 4 6 9 6 7 7 2 6 8 2 8 9 3 7 8 9 6 8 2 4 2 7 7
  6 5 5 4 7 9 8 8 3 6 2 6 8 5 9 5 7 6 9 5 3 2 4 5 6 7 7 2 4 2 9 3 3 3 7 6
  4 2 6 5 3 3 3 3 8 2 8 3 5 6 6 2 9 2 6 8 9 4 7 6 5 2 5 1 9 1 8 4 7 2 2 8
  5 1 6 1 1 2 3 6 2 5 5 8 2 2 6 4 4 5 3 3 4 8 2 8 4 6 4 1 4 7 2 5 1]]
 proc_times
 [[  0  10 100  39  89  65  12   3  23  22  83   4  48  27  93  65  35  84
   43  57  59  51  71  67  59   8  61  39  78  75  92  67  29  89  43  46
   39  45  97  71   4  50  79  36  39  52  39  32  96  48  35  50  23  65
   74  71  22 100  37  20  58  27  38  65  19   8   7 100  21  82  75  62
   58  82  77  48  52  80  41  99  72  69  81  78   9  96  28  47  40  78
   85  29  87  32  68  78  81  49  31  88  58  93  91  83  75  16  48  64
   12  56  94  99  91  65  32  79   1  35  41  90  54  61  31  66  16   5
    6  49  15  17  98  45  96  74   5  57  21  59  56  72  44  30  62  13
   77  37  92  74  61   7  27  84  27  78  15  49  53  22  83  43 100  48
   59  64  29  63  80  90  35  56  83  79  13   6  99  23  11  55  43  92
   93   9  80  73  38  62   8  21  30   4  14  26  57  74  47  34  70  10
   83  29 100  85  81  13  29  47  93  40   4  43  21  40  48  18  70  43
   57  95  91  60  85  64  43  92  61  99  70  98   1  92  69   2  32  52
   79  63  88  96  54  92  56  48  54  42  14  53  20  94  54   2  42  20
   90  56  97  11  23  36  21  27  29  89  83  76  59  75  55   3  97  22
   16  23  72  80  84  61  37   8   3  20  10  79  57  20  24  58  39  51
   42  39  38  39  24  80  78  45  44  81  96  40  57  41  48  44  81  52
   60  92  27  47  95  72  93  63  19  82  27  73  28  60  18]
 [  0  90  46  26  20  18  23   5  68  98  30   4  21  26  10  64  74  43
   83  69  36  34  45  42  19  49   4  43  29  24  84  82  30  13 100  35
   64   1  26  46  73  86  15  64  37  76   4  87  52  23  64   5  81  99
   90  40  13   5  97  47   9  39  88  95  37  57  36  55  44  31  42  73
   67  57  13  40  95  69  21  92  95  54  12  72  78  34  30  47  69  40
   35  45  30  50  89  57  25  36  36  87   6  57  22  55  63  14  91  24
   48  21  18  47  23  91  68  55  78  21  42  25  80  19  17   5 100  56
   96  44  32 100  14  62  36  41  90  29  37  86  59  95  29  56  24  88
   78  58  37  58  66  86  41  82  96  16  13   2  23 100   1  86  19  64
   57  20  59  56  14  22  95 100  33  70  19  10  18  49  77  84  71  44
   70  42  13  69  88   3  27  71  86  67  96  97  68  23  75  90  78   2
   88 100  94  81  26  39  14  92  98  99  40   3  36  67  11  13  97  85
   96   5  48  43  22   9  96   3  56  51  25  79  84  62  58   5  88  63
   87  75   1  24  21  90  19  38  15  49  87  49  42  28  26  95  83   5
   35  12  85  30  17  99  30  94  73  60  42  87  29  64  64  81  79  35
   19  11  61  31  39  88  91   4  35  78  91  86  57  11  22  86  23  89
   45  80  57  72  65  75  19  34  62  74  42  67  94  96  77  54  53   4
   64   2  76  55  95  85   2  33  57  98  18  51  19  98   1]
 [  0  31  10  53  72  15  21  82  45  41  72  30  18  76  83  13  46  66
   88  54  90  68  32  93  89  26  39  41  70  38  22   7  19  94  82  26
   59  51  72  34  24  87  37  70  47  22  29  70   9  33  10  96  93  13
   35  28   4  61  55  25  23  68  67  36  70   2  83  92  76  16  24   5
   51  21  92  26  95  71  88  18  53  35  96  74  33  84  48 100  71  20
   94  43  43  27  52  88  40  15  92   1  92  37  26   9  82   8  39  48
   68  60  17  15  53  63  57  39  22  75  72  64  75  53  95  77  59  54
   19  26  73  23  40  31  20  57  99   1   4  66  49  39  68  84  99  51
   40   9  67  35  46  93   7  11   9  17   2  89  57   1  43  38  77  20
   34  68  69  16  36  84  24   9  60  70  42  65  88  80  56 100  34  92
   13  98   5  76  43  14  10  89  83  59  40  22  76  18  98  84  32  14
   18 100  19  39  58  53  44  50  64  91   4  78  81  35  82  70  92  86
   19  35  83  21   8  52  45  70  30  61  27  99  52  93  52  72   5  42
   21  49  49  46  93  72  67  67  50  99  47  91  72  75  57  32  18  52
   44  28  97  82  30   1  66  69  17  41  50  97  30 100  15  82  31  13
   41  93  46  22  92  40  46  35  83  14  18  35  26  14  98  31  54  71
   71  97  43  23  19  56   1  50  85   6  35  29  83   7  63  99  56  99
   93  72   2  65  64  45  56  86  84  71  26  39  26  47  23]
 [  0  50  58  74   7  59  28  43  84  55  60  38  33  22  59  13   9  27
   22  13  12  51  42  27  20  23   5  12  13  75  20  60  12  36  27  84
   66  90  70  75  33  42 100   3  59  23  96  61  63   8  68  87  50  49
   54  32  86  55  94 100  15  67  21  60  29  77  54  13   7  43  73  19
   27  81  65  26  10  77  32   8  71  71  76  29  97  26  64  93  70  76
   69  85  16  71  38  73  33  50  51  97  27  42  43  52  92  74  22  46
   48  70  47  12  65  10  32  91  30  69  42  99  21  63  70  86  35  11
   46  89  35  82  95  81  77  76   7  43  79  24  41  17  10  32  74  25
    1  62  10  93  61   1  90  48 100  32   1  61  93  39  47  56  80  29
    4  30  67   1  61  60   2   4  47  33  18  55  42  74  21   9  63  43
   52  31  12  98  38  86  53  87   7  80  51  98  22  74  25  52  75  83
   10  78  63   4  71  77  10  29  99  41  87  22  23  36  54  40  18  22
   78  46  23  14  44  41  90  45   4  77   3  75  72  28  75  56  53  48
   57  28  55  23  82  55  62  61  63  50  54  59  88  64  57  96   5  14
   38  73  75  46  21  56  10  76  43  88  34  53  85  56  70  24  52  27
   53  86  83  33  19   7  59  51  78  66   8  31  98  37  85   2  47  14
    8  82  64  89   5  91   6  14   2  34  41  36  31  33   9  98  79  24
   84  11  98  52   1   7  88  75  99  62  79  97  74  32  89]
 [  0  16  93  69  37  32  76  38  37  31  17  28  96  30  87  67  54  16
    4  18  35  90  21  63  84  55  59  41  72  12   3  91  89  31  12  17
   53  50  27  43   8   7  75  39  48  13  36  64  77  40  20  50  27  68
   76   3  67  31   4  54  71  17   1  28  20  72  57  95  95  99  55   7
    6   5  21  15  86  75  63  30  89   7  55  85  40  26  10  97  40  20
   37  46  85  54  30  81   4  33  90  74   5  21  56  66  39  92  74  45
   28  46  77  45  28  82  98  54  20  62  45  46  14  11  15  87   9  36
   82  30  56  26  51  14   4  84   8   9  95  59  23  15  77  21  41  68
    8  14  17   7   4  59  54  25  69  26   4  63  70  72  76  65  10  22
   47  97  56  51  45  30  45  95  17  92  40  64  53  73  46  19  79  50
    3  85   8  22  14  70  44  20  42  38  91  42  60  14  39  95  79  41
   70  92  58 100  28  42  97  66  84  52  35  92  79  34  41  60  87  23
   93  35  96   3  94  56  83  44  51  58  73   9  39  13  73  68   8  73
   40  52   5   1   9  21  17  84  12  72   4  51  32  25  44   3  20  65
   68  96   4  78  79  47  21  98  89  90  33  12   8  13  92  67  90  29
   69  10  71  44  42  39  34  99  82  18   2  40  12  75   7  81  43  49
   35  68  41  10  54  12  85  50  52  22  17  60   1  70  22  73  44  49
   15  30  57  26  76  96  66  62  21  15  49  83  35  83  29]
 [  0  58  44  18  51  76  85  12   3   5  88  55  18  72  28  33  15  10
   95  30   6  24  76  73  96   3  95  19  21  64  74  47  37  80  94  48
   99  30  81   9  62  39  78  88  70  58  85  79  56  25  52  20  44  77
   10  46  44  18  80  81   5  82  30  21  37  23  44  52   2  85  63  57
   47  41  89   8  50  71  42  70   1  38  60  37  90  15  40  92  20  97
   32  97  48 100  37  93  89  99   9  11  18  11  51  98  35  37  45  79
   56  83  89  64   7  10  38  68  76  90  43   2  23  57  49  23  33  98
   55  14  68  78  90  75  22   8  94  70  74  69  71  82  24  19  60  39
   81  80  33  48  55   2  90  45  73  60   5  45  69  84  23  45  71  52
   39  13  82  34  52  94  90  59  55  76   5  99  44  91  85  70  41  46
   62  41  23  15   5  27  35  47  53  78  92  81  67  80  12  82  43  13
   18  73  33  57  68  43  77  64  59  92  71  83  45  56  62  13  64 100
   29  61  20  41  65 100  65  18  28  92  44  97  46  72  27   9  41 100
   26  93  63   2  22   7  84  98  54  36  67  24  60   6  96  90   7   3
    9  36  78  72  76  43  18  52  78  52  76  47   4  90  80   9  36  80
   20   7  75  30  66  56  45   7   8  26  64  55  83   4  90  98  64  10
   21 100  29  68  91  74  33  67  39  82  28  11  73  89  67  26  29  63
   48  78  19  90 100  29  18  42  60  78   5  81  39  85  61]
 [  0  14   2  97  18  56  37  61  64  96  87   2  76  46   5   4  59  18
   72  76  15  72 100  46  19  44  78   2  71  44  26  99  63  92  53  94
   89  52  19  41   8  40  36  40  41   6  97  89  14  87  93  74  98  83
   83  59   2  30  35   4  89  54  14  93  94  44  62  79  82  73  16  60
   17  26  78  36  72  32  69  54  86  11  97  35   8  88  68  50  37  93
   79  38  34  27  39  29   1  33  31  85  41  42  92  80   9  35  89 100
   13  95  95   9  68   1  52  56  87  13  95  34  72  24  92  77  81  95
   41  60  79  93  31  98  36  66  73  44  70  61  18  62  36  82   9  71
   31  13  37  30  50  53  64   7  89  42   7  84  12  70  83  66  64  75
   52  18  27  38  14  83  55  44  28  37  14  40  87  92  59  30  64  25
   90  51  25  35  90  67  23  75  13  35  79   7  52  19   3  59  79  44
   20  83  76   5  74  90  84  38  89  44   9  18  66  69  76  84  87  16
   12  45  11  78  69  73  24  36  20  54   6  26  79  46  92  40  43  71
   98  48  99  92  73  80  36  44  76  63  54  50  61   9  88  60  34  61
   94  43  43  29  79  93  99  13  38  58  19  12  61   2  39  51  16  63
   50  94  74  88   1  36  88   9  36  47  55  27  22  51  81  17  74   2
   87  64   2  24  87  19  23  83  35  76  67  33  72  15  72  79  78  71
   86  59   3  71  78   5  41  94  37  77  82  81  22  69  81]
 [  0  62  38  78  98  59  93  53   6  94  69  27  56  19  90  90  14  15
   89  35 100  80  49  12  21  35  25  66  85  24  58  74  53  35  24  79
   17  45   4  63  38  81  69  20  89  59  92  83  55  40  77  14  66  54
   36  67   1   6  42  87  62  24  99  54   2  87  68   1  27  64  90  10
    2  61  57  68  38  32   8  93  69  73  69  22  34  61  37  50  39  37
   71  83  38  67  80  67  30  74  18  53  89  45   9  73  65  14  50 100
   16   3  73  76  91  30  75  86  10  49  74   9  38  25  48  74  76  23
    3  87  44   2  23  83  36  79  61  41  74  97 100  42  30  83  14  52
   10  37  36  37  50   4  88  24  14  83  58  90  39  48  18  80  64  27
   72  32   9  18  43  41  28   1  50  82  83  75  80  68  18  52  86  81
   82  52  90  88  95  71  24  51  86  39  83  67  99  22  34  81  94  58
   81  61  25  65  98  82  94  18  65  53  14  33  16  81  37  14   8  64
   22  53  32  10   1  20  62  90   2  41  94  81  16  21  21   2  62  59
   18  96   5  88  89  69  53  74  59  48  87  92  37  25  15  27  58  57
   36  31  27  39   5  49  24  97  97  62  20  18  40  70  79  90  38 100
    4  51  58  76  59  67   8  57  54  50  23  86  39  20  51  66  98  61
   94  26  83  99  75  22  92  95  76  77  16  13  79  93  89  63  22  28
   54  81  51  41 100   4  60  29  55  48  61  22  75   6  85]
 [  0  19  90  75  45  92  14  90  79  95  79  64  16  19  45  19  32  62
   91  55  80  42  82  75  89   3  42  10  25  54  99  57  29  44  47  11
   38  93  85  79  93  37  90  22  99  19  84  19  80  34  96   8  60  10
   84   6  42  57  40  88  37  83  91  66  77  32  55  88  76  18  45  91
   81  28  86  41  74  98  57  19  99  44  41   8  14  57  68  17  16  44
   37  82  18  10  76  65  23  75   9  95  97  99  69  21  29  87  92  70
   12  81   3  82  87  52  18  28  11  62  88   2  55   8  50  64  85  34
   52  30   4  54  78  68   7  95   9  29   9  67  41  80  81  20  75  39
  100  57  64  45  90  76   1  90  29   4  44   6  99  83  30   8  18  92
   56   6  59  19  66  79  10  72  45  45  84  67  87  15  77  15  77  89
   13  43  59  67  15  42  61  62  18  13  99  26   1  14  87  89  23  66
    3  32  97   8  75  61  18  44  15  74  83  55  73  95  30  75  72  69
   97  60  63  40  32  32  42  57  92  27  70  71  54  68  50  67  69  97
   12  36  99   1  37  20  25  68  15  57  66  61  18   9  84  26  26  87
   81  30  48  97  96  16   3  12  19   1  96  56  73  39  60  51  88  86
    6  15  57  60  45  99  31  19  58  30  65  23  40  64  30  78  94  84
  100  37  85  85  81  30  10   8   2   6  22  50  93  97  55  31  87  89
   28  48  27  85  58   3  98  41  13  50  50  33   7  75  88]
 [  0  90  21  30  30  11  13  17  48  24  79  98  80  24  78 100  88  22
   65  36  78  74  56  86  66  54  89  46  59  93  37  93   1  33  40  42
   65  53  83  68  32  84  20  96  20   4  77  13  71  82  45  11  50  95
   91  15  42  70  35  92  12  85  30   6  50  18  10  43  60  99  46  39
   96  31  10  17  28   7  85  86  24  25  85  84   9  50  95  76  93  43
   89   9  70  61  68  10  49  18   5  24  85  23  25  39   9  33   5  77
   61  71  92  12  62  60  29   5  75  50  96  29  59  61  98   9  28  68
   64  64  15  10  92   9  17  37  36  44  69  28  88  85  18  16  90  11
   58   1  43  61  36  78  27  99  72  94  78   5  12  90  47  75  56  14
   30   7  15  24  26   5  63   1  95 100  72  28  29  12   6  23  64  39
   75  43  53  14  76  53  41  97  61  23   5  43  93  23  91  96  33  56
   53  90  59  36  29  92  18  21  98   8  83  11  83  14   4  50  15  31
   69  33  11  45  57  37  62  48  51   4  89  94  97  81  96  51  96  88
   53  55   7  16  53  85  20   5  38  25  62  18  51  86  71  70  29  71
   99  55  69  28 100  92  29  85  44  25  10  62  95  51  35  77  40  44
   41  66   6  52  13  72  42  96  91  65  41  34  84  56  85  10  52  22
   33  62  91   4  78  22  24  15  41  99  68  29  23  98  91  69  14  12
   55  34  78  11  60  88  40   3  26  98  59  44  39  91  62]
 [  0  58  38  51   7  62  14  48  23  68  99  11  97   1  87  48   6  65
   98   8  81  22  43  90  55  26  35  75  76  64  26  86  57   3  74  10
   68  88  69  86  16  42  77  31  21  59  63  64  18  13  70  12  17  26
   26  36  10  17  83  15  17  35  71  72  25  73  30  91  26  91  17  23
   26  75  88  68   1  43  83  85  39  99  57  36  70  71  24  34  87  62
   20  18  31  53  89  84   8  72  30  45  97  40  19  76  80  38  64  44
   50  45   3  46  97  66  34  30  21   4  36  50  18  96  91  27  44  70
   69   6  31  64  36   1   9  25  37  55  54  26  61  61  62  38   7  71
   12  16  14  93  36   3  81  25   2  82  37  81  30  33   7  44  25  40
   39  64  70  13  67  59  75  54  32  14  97  32  59  67  83  71  10 100
   18  87  78  76  52  67  62  26   2  56  37  86  53  50  60  55  53  95
   45  16  79  11   5  17  14  46  33  39  25  83  43  35  56  42  67  54
   65  12  87  17  89  50  20  63  15  82  51  72  33  52  60  31  36  20
    2  72  62  50  61  72  99  43  98  81  29  65  29  95  28  55  59  13
   45  35  53  41  62  92  97  66  31  90  62  23  47  46  42  58  25  97
   33  30  67  33   6  15  18   3  65  78  35  88  19  45  92  28  52  94
    3  92  63  25  94  58  38  46  52  89   3 100  13   5  45  73  30  77
   16  30   7   8  10  72  76  80  72  96  32  64  76  40  87]
 [  0  21  30  41  82  78  98  89  85  39  22  14  15   6  84  18  60  80
    8  20  75  34  17  50  28  89  69  63  48  20  76  81  44  34  97  58
   77  81  10  68  35  76  52   1   4  24   4  13  42  92  35  74  21  71
   20  57  46  45  64  12  89  64  63  85  81  69  93  48  79 100  36  43
    3  82  18  35  90  30  31  16  47  45  79   4  65  57  94  13  31  37
   31  79   1  64  25  53  54   6  32  87  43  47  27  36  89  57  78  85
   16  95   2  22  74  99  68  30  31  10  93  94  88  17  57   1  94  89
   75  46  98  36  41  44  66  92  49  99   5  21  95  64  22  81  56  56
   68  45  61  39  78  10  55  29   4  11  96  81  11  48  23  75  39  30
   17  97  51  11  60  69  91  55  19  75  44  56   2  64  25  51   1  27
   41  74   9  49 100   4  95  97  72  27  23  11  85  49  44  92  51  96
   75  60  89  36  35  79  91  26  57  51  94  64  52  58  39  23  10  36
   32  52  48  58  57  49  37   4  80  40  45 100  78  58  49  97  67  14
   52   9  37  73  22  16   6  68  33  51  97  28  41  24  79  11  58  38
   65  62   6  98  61  31  78  10  51  56  46  52  80   5  74  11  32  43
   10  60  72  84  95  38  70  95  45  30  55  60  60   3  66  77  76  45
   39  67  23  62   4  93  92  22  38  67  15  55  36  61  56  74  54  26
   37  92  72  41  69  92  79  65  80  11  18  40  99  39  53]
 [  0   4  52  21  73  90  61  66  54   6  17  32  60  72  89  70  61  33
   91  63  94  91  21  67  40  46  74  85  32  78  62  68  43  64  86   5
   60  28  16  89   5  99  95  87  79   2  23   8  66   9   4  49  55  46
   42  44  70  56  80  71  64  64  42  71  32  87  76  92  73  22  12  25
   59  90  87  77  91  94   7  89  70  25  54  49  65  72  73  21  60   8
   44  52  29  95  33  33  76  97  57   4  49  56  89  25  53  16  40  84
   69  79  83  93   9  44  70  24   5  68   7  84  84  90  71  89  62   6
   26  64  86  41  66  76   1   7  48  37  63  13   4  44   6  57  83  74
   28  95  70  48  43  91  89  95  48   2  57  67  12  36  90   5  72 100
   97  58  89  25  33  23  27  53  60  86 100  61  57  54  87  39  72  32
   51  91  58  27  90  22   6  22  92  41  13  12  60  28   2  22  70  78
   82  84  17  91  18  49   2  81  50  74  86  31  64  41  27  41  50  37
   46  21  44  48  34  31  48  36   5  34  22  87  37  64  54  20  10  67
   27  83  29  14  79  53  62  85  18  86  96  38  22  50  22  58  28  30
    2  17 100  22  53  85  74   3   9  28  65  51  72  57  24  25 100  56
   71  38  42  83  15  10  21  34  78  98  40  97  78  98  26  83  56  84
   81  21   9  65  55  24  95  65  57  61  66  10  70  86  65  37  39  97
   25  21  21  95   2  14  29  73  37   5  72  90  88  97  95]
 [  0   6  77   7  78  24  30  23  66  82  10  93  38  83  24  46  96  85
   34  26  94  43  61  73  99  52  11  84  19  22   3  31  89  85  94  28
   37  12  58   4  27  36  12  24  23  25  51  39  46   7  60  66  34  23
   56  16  45   7  90  70  78  47  72  27  57  87 100   5  26  35  21  22
   78  49  10  91  34  80  40  72  62  11  93  74   2   7  12  51  18  16
   95  67  63  62  53  36  71  85  85  69  73  20  20  37  62  11  47  78
   71  59  73  32  43  12  12  23 100   3  52  60  19  48  50  88  74  22
   40  65  95  95  35  21  92  42  12  77   5  81  39  52  66  83  66  98
   38   1  28  45  67  95  64  18  52  10  23  11  81  98  37  49  57  66
   91  39  33  68  55  86  70  73  57  83  97  54  68  79  53  25  66  62
   48  48  23  20  99  76  12  36  66  60  19  57  95  88   6  93  36  22
   36  15   9  54  36  87  95  50  11  41  91  43  40  33  28  83  69  27
   18  95  33  31  14  12  33  92  35  88  85  20  60  53  37  35  73  29
   44   9  14  77  49  29  52   2  76  25  52  78  78  40  83  45  62  37
   58  52  36  41  47  25  45  29  80  86  32  22  55  13  36  16  25  78
    8  54  36  26  27  37  55  28  50  70  15  12  49  36  67  95  39  73
   43  32  47  24  90  50 100  96  93  43  72  28  67  10  61  48 100   4
   60  20  54  41  28  33  68  96  58   6  67  53  89  30  64]
 [  0  60  16  42  45  17  50  46  78  20  99  17  27  62  70  90  70   1
   69  93  63  95  94  20   4  90  23  66   1   4  74  92  79  71  57  33
   28  52  65  34  36  69  96  66  39  55  20  88  91  49  51  51  44   8
   64  38  46  33  69  89  68  88  75  73  44  11 100  68  68  58  71  64
   64  64  73  70  19  55  26  13  52  46  81  50  98   3  16  73  82  97
   86  90  44  13  62  51  29  50  96  44  87  68  17  67  95  16  72  54
   87  52  80  22  37  88   1  14  56  75  87  24  39  36  49  80  18  37
   73  35  41  27   8  30  82   4  53  32   8  52  61  99  25  88  45  51
   95  40  34  97  10  34  81  24  16  13  62  36  38  17  12  32  57  12
    3  58  76   4  68   5  44  24  61  17  10  66  99  13  94  73  69  19
   76  58  39  72  79   4   6   6  23  71  54  84   4  37   9   2  73  79
    8   2  74  22  93  11  23  54  44  24  99  61  31  40  82   9  32  83
   87  24   4  89  46  92  23  31  31  50  77  11   7  46   2  11  74  73
   53  74  25  60  78  46  34  58  25  95  40  40  88  33  90  86  91  64
   44  42  40  32  38  86  62  68  32  18  59  87  63  80  29  58   6  56
   92  41  40  49  93  76  23  16  26  31  24  16  67  13  93   7  54  31
   62  72   3  33  58  93   5  94  26  55  40  85  81  59  14  46  51  14
   15  62  10  68  50  75  91   2 100  62  82   9   8  23  10]
 [  0  83  48  48  94  94  63  96   5  87  90  39  65  46  39  17   2  85
   94  12  14  74  39  86  75  98  42  59   9  46  60  37  78  98  47  80
   61  39   1  38  35  69  18  46  64   9  38  21  10   7  76  50  49  56
   77  99  67  10  18  80  74  71  72   5  45  47  39   7   6   1  85  75
   98  18  17  80   2  62  49  36  75  87  54  73  31  39  68  94  39  85
   45   7  10  72   7  15 100  12  29   7  52   8  45  45  39  37  42  20
   27  82  97  82  65  51  51  90   2  99  43  16  87  15  74  72  68  74
   26  89  41  16  91  62  49  36  50  10  18   1  41  80  79  15  68  33
   39  16   7  45  28   1  74  38  10  85  43  46  32  34  29  69  86  94
   90  14 100  23   8  80  21  29   7  59  22  41  18  92  41  29  65  43
    4  43  91  83  18  70  60  62   7  76  43  59  97  36   3  68  56   4
   66  88  13  96  63  97  83  71 100  97  49  11  87  61  60  10  12  17
   51  13   7  33  13  83  18  31  46 100  26  57  35  63  17  57  56  33
   54  70  17  21  37  70  29  90  70  53  56  94  36   2  85  37  62  22
   81  97  73  91  29  96  98  57  28  97  67  45  19  32  27  66  51  84
   24  99  58  90  18  45  49  64  20  14  28  33  27  43   4  49  32  80
   66  17  36  95  22  49  68  88  44  61 100  95  77  14  71  63  16   2
    5  82  40  83  27   8  76   6  70  84  41  80  31  63  34]
 [  0  21  64  64  11  52  97  73  27  94  27  96   5  14  67   8  81  73
   55  98  99  83  97  55  69  74  60  93  54  41  67  38  32  50  47  30
   53  91  34  47  62  31  60  78   8  36  55  65  65  20  78   4  84  82
   87  35  82  20  89  47  56  14  64  54  81  10  30  89  47  79  82  65
   14  33  85   3  84  82   8  10  17  43  93  30  94  24  96   8   3  80
   86   1 100  40  30  44  73   9  69  33  82  70  46  62  78  45  80  38
   98  17  12  16  68  52  64  21  99  68  71  32  59  48  63 100  39  24
   42  68  33  56  62  59  35  65  21  99  24  63  35  94  15  61  35   3
    1  52   3  32  85  81  77  70  55  44  49  12  23  68  17  87  70  38
   58  45  37  82  55  39  10  57  87  49  41  52  33  50  68  19  18  27
   43  90  39  47  31   4  49  88  33  70  89  41  87   7  52  77  67  82
   55  20  46  51  11  95   8  79  12  43  27  14  45  97  68  42  82  61
   16   7  68  76  90  36  60  20  19  75  54  22  88  53  95  22  69  90
    4  42  36  66  30  68  60   5  75   9  87  71  22   3  66  20  71  61
   78  35  54  19  19  30  61  79   8  22  99  18  83  12  77  25  39  99
   52  68  25   7   9  26  11  96  13  46  53  28  16   1  69   8  80  75
   63  84  10  40  21  53  72  22  96  50  22  36  96  36  77  58  36  46
   82  83  60  97  33  48  98  84  17  39  49  59  82  91  34]
 [  0  42  78   8  22  64  41  16  58  94  29  33  63  81   4  12   2  25
   82  29  15  84  49  37  10   4  41  58  93  24  76  17  41  33  76  12
   73  77   5  96  76  83  94  30  81  20  92  56   5  80  93  62  99  47
   14  58  50  84   5  42  66  24  32  98  90  18  63  56  70  30  91  90
   36  95  81  24 100  32  13  60  90  90  12  75  64  48  42  14  17  35
   37  15  34  97  19  51  49  52  45  66  36  49  26  78   6   7  16  55
    4  27  12  36  46   4  65  67  57  42  65  47  28  25  61   4  71  31
   55  72  58  48  64  33  20  98  36  34  90  78  37  75  39  93  89  51
   94  49  74  81  13  48 100  48  59  61  74   9  44  68  45  83   8  19
   28   6  67  63  10  41  78  23  47  32  13   3  62  72  23  84  51  97
   22  50  91  93  68   6  74  57  19  85  19  55  20  19  96  79  86  18
   51  81 100  91  36  55  99  99  42  58  32  49  97  63  51  96  14  56
    4  89  62  38  61  99  76  51  94  42  57  15  68  75  11  30  41  61
   99  27  60  75  92  32  59  30  19  99  25  75  29  39   2  48  89  51
   87  16  25  78  54  44  63  69  25  92   7  97  48  93  63  47   9  63
   57  39  35  61  42  32  78  15  16  14  93  70  16  64   5  22  59  55
   16  42  37  42   4  78  88  94  30  11  71  67  61  34  15  20   5  10
   80  49  95   8  18  65   6  76  73  13  60  88  81  98  98]
 [  0  71   2  25  86  75  29  21  86  64  57  16  39  42  54  93  58  95
   29 100  80  90  67  56  75  86  28  27  99  88  51  87  17  78  14  35
   23  18  73  10  70  15  53  12  91   2  85   1  26  82  43  75  60  90
   73   9  92  21  31  84  19  90  75  97  48  45  96  97  77  46  23  31
   83  93  45  75  33  71  73  85  46  81   1  77  45  78  81  36  70  41
   81  82  16  50  28  21  73  14   1  83  20  90  58   7  89  57  46  96
   10  15   4   3  60  33  79  34  41  90  66  68  27  66  98  91  35  12
   78  49  78   8  60   3  78  94  88  63  33   2  41  60  18  13  63  52
    8  97  42  67  70  37  30  82  30  25  10  18  28  13  50  47  55  29
   16  15  22  93  42   5  30  10  38  68  53  77  60  27  81  25   8  72
   51  75  44  21  50  38  80  82  93  63  50  58  55  84  11  33  65  16
   71  11  61  78  28  13  93  47  17  27  63   8  92  41  78  84  55  58
   70  41  61  77  52  29  53 100  22   2  18  22  86  45  57  61   5  77
   15  12  66  82  86   9  96  53  92  33 100  75  23  39  70  37  68  76
   50  83   9  67  90  78  35  82  83  44  48  50  57   4  18  32  27  21
   26  64  77  42  86  64  16  28  61  36  55  68  43  31  96  31  18  32
   47  74  48   2  47  28  77  81  33  29  45  88  48  64  13  55  26  87
    3  22  32  66  92  30  33  86   2  84  49  84  35  87  81]
 [  0  41  35  61  66  57  89  54  66  55  70  61  94  94  93  36  38  79
   53  80  78  99  59  88  50  66  29  99  45   7  35  78  52  56  81  83
   31  18  86  62   8  11  34  87  83  21  26  13  77  45  29  99  17  83
   82  53   2  40  52  75  38  16  59  67  41  13  65  92  58  62  43  47
   99  64  74  14  99  33  30  64  92  28  11  49  61  88   9  76  42  36
   79  27  97  46  57  58   6  23  26  35  24  97  30   2  73   9  55  84
   95  84  30  55  45  39  39  26  31  33  85  66  62  31  68  23  23  11
   79  66  70  89  52  45  72   8  60  61  78  82  80   1  92  65  35  12
   47  67   3  27  29  31  75  74  43  19  34  23  17  44  62  93   4  13
   40   3  50  13  13  68  62  35  61  74  73  11  32  61  36  19  92  25
   22  54  93  59  45  10  71  26  81  21  99  70  29  55  55  28   8  72
   15  28  17  86  11  78  85  26  59  75  25  92  51  13  55  57   8  82
   22  48  87  50   9  93  57  19   6  75 100  11  19  20  64  23   3  14
   27  92  36  51  16  62  64  27  24  93  58  35  60  48  12  67   8  52
   13  28  17  77  83  25  28   6  74   5  90  88  29  21   6  74  25  13
   64  92  62  75   9  30  61  37  12  46  66   6   8  78  38  91  81  14
   58  16  35  53  92  12  24  92  16  35  19  65  25  93   5  44  13  21
   49  12   4  10  71  14  19  91  35  15  42  90  35  22  15]]
 setup_times
 [[[  0  72  87  76  98 113]
  [  0   0  90  71  69 114]
  [  0  86   0 114  65  99]
  [  0  78  70   0  76  86]
  [  0 108  87 104   0 110]
  [  0  83  71  74  91   0]]

 [[  0 105 110 117  65  74]
  [  0   0  88  84  98  76]
  [  0  90   0  83 113  73]
  [  0 106 109   0 104 119]
  [  0 104  81 101   0  91]
  [  0  88  90  80  94   0]]

 [[  0  98  87  70  65 113]
  [  0   0 112  89  86  80]
  [  0  66   0 108 115 100]
  [  0  68  78   0  72  74]
  [  0  81  84  88   0  85]
  [  0 102  78 105  76   0]]

 [[  0  97  60  61  73  86]
  [  0   0 117 115  99  93]
  [  0  75   0 104 113  91]
  [  0 101  73   0  91 116]
  [  0 103 112 102   0  77]
  [  0  83  80  91  84   0]]

 [[  0  72 100  85  92 100]
  [  0   0 100 118  95 117]
  [  0  79   0  61  74  82]
  [  0  89 102   0 113 114]
  [  0  99  96  72   0 109]
  [  0  91  92 115  70   0]]

 [[  0 108  69 108  70 108]
  [  0   0  60  82  98 102]
  [  0  86   0  91  80 112]
  [  0  82 111   0 115  79]
  [  0 100  63  80   0  70]
  [  0  62  85 118  69   0]]

 [[  0  74  68  95  70 100]
  [  0   0  94 112  95 118]
  [  0 113   0 107 111  84]
  [  0  81  85   0  63  95]
  [  0  72  92 103   0  65]
  [  0  79 113 101  93   0]]

 [[  0  92  81  64  62 114]
  [  0   0 115 113  80  92]
  [  0 106   0  68 117  92]
  [  0  68  89   0  77  64]
  [  0  65  85  61   0 114]
  [  0  97  70  65  60   0]]

 [[  0  75 109  85 115 107]
  [  0   0  61 102 105 115]
  [  0 110   0  96 109  99]
  [  0  96 100   0  97  76]
  [  0  74  94  97   0  83]
  [  0 114  83 112 107   0]]

 [[  0  75  96  97  94  77]
  [  0   0  62  85  98  76]
  [  0 117   0  91  89  71]
  [  0  88 110   0 103  84]
  [  0  60  65  91   0  68]
  [  0 110 108  67 119   0]]

 [[  0  89  95  83  77  89]
  [  0   0 112 106  89  82]
  [  0  74   0  96 116 100]
  [  0 108 111   0 109 101]
  [  0  75 104 112   0 106]
  [  0  61  83  83  92   0]]

 [[  0  76 108 103  78 102]
  [  0   0  72  80 100  81]
  [  0  80   0 119  83 117]
  [  0  90  63   0  99 115]
  [  0 103 102  87   0  79]
  [  0 106  62  68  93   0]]

 [[  0  86 116 114  62 110]
  [  0   0  94  65  62 104]
  [  0  73   0  83 119 103]
  [  0  69 106   0  84 107]
  [  0  79  97  73   0 105]
  [  0  63  65 108  68   0]]

 [[  0  87  84 110  86  95]
  [  0   0 116 108  73  95]
  [  0 102   0  87  76  90]
  [  0  80  84   0  93  71]
  [  0  77  70 101   0 118]
  [  0 109  65  62  96   0]]

 [[  0  86  65  60  84 103]
  [  0   0  81 107 119  79]
  [  0  78   0  77 116  93]
  [  0  68  74   0  87  83]
  [  0 106  92 102   0  82]
  [  0  66  68  65  64   0]]

 [[  0 102  93 107  70  93]
  [  0   0  95  79  74  88]
  [  0  88   0  98 106  90]
  [  0 102  64   0  80  83]
  [  0  79  88 103   0  67]
  [  0  81 116 107  61   0]]

 [[  0 114  77 111  86 101]
  [  0   0  92  74  70 102]
  [  0  87   0 115  82  69]
  [  0 116  62   0  69 117]
  [  0  75  95 113   0  70]
  [  0 111  96  85 118   0]]

 [[  0  72 117  95 106 114]
  [  0   0  69 111  98  71]
  [  0  64   0 115  67  65]
  [  0  78 107   0 111 116]
  [  0 108  94  96   0  91]
  [  0 110 108  84  71   0]]

 [[  0  75  63  73 101  62]
  [  0   0  60  79  94 104]
  [  0 114   0  83  70  80]
  [  0  97 116   0  63  76]
  [  0  80  99  89   0  84]
  [  0  89  86  69 113   0]]

 [[  0  82  96 112  91  72]
  [  0   0  80  86  80  75]
  [  0  77   0  70  68 107]
  [  0  62 110   0  65 118]
  [  0  80  94  61   0  64]
  [  0 118  79  99  81   0]]]
 delivery_times
 [[  0 190 188 185 198 196 174 197 175 177 178 194 189 179 194 189 175 187
  184 181 198 187 198 191 194 196 196 179 195 171 184 170 182 171 182 174
  197 182 184 197 174 183 187 177 183 182 176 184 177 180 172 181 186 192
  182 192 181 184 176 177 191 199 196 182 180 176 177 177 190 176 179 188
  174 198 197 197 197 173 173 176 197 174 170 190 175 194 185 176 186 177
  176 187 183 179 178 199 173 193 178 171 192 173 186 194 190 178 176 188
  194 194 191 181 187 182 178 172 197 179 188 197 172 188 176 188 189 190
  175 177 194 181 187 198 193 189 191 171 179 192 179 178 195 183 184 174
  194 185 199 186 191 194 197 178 175 196 197 196 187 176 184 186 184 190
  181 170 187 197 185 173 189 178 174 170 198 181 173 197 192 183 197 178
  199 193 191 188 177 176 170 188 180 177 195 170 198 199 177 187 172 199
  192 189 195 185 170 191 189 180 177 180 175 194 170 195 185 181 176 194
  174 188 191 186 176 170 196 182 171 180 196 181 190 176 192 197 171 184
  177 192 193 185 194 198 173 189 189 181 194 177 172 181 190 179 189 174
  173 181 192 176 172 198 194 187 187 192 184 199 174 182 195 191 186 173
  188 174 186 196 178 193 174 196 174 172 188 199 173 193 170 171 188 192
  197 177 185 170 171 186 194 195 170 179 176 184 176 172 178 186 184 194
  177 178 193 197 185 185 174 198 177 189 177 180 199 180 194]
 [  0 192 188 190 177 171 180 177 192 184 196 184 172 178 192 192 171 184
  197 194 172 180 189 192 195 172 194 184 199 175 171 185 171 170 172 171
  170 194 171 178 192 170 186 171 196 190 190 173 185 172 197 180 193 198
  174 192 189 193 188 189 172 190 192 170 192 196 189 198 174 173 172 180
  199 183 184 175 193 183 190 175 193 197 184 189 173 181 193 192 173 199
  170 192 187 198 181 180 194 175 189 181 189 193 177 173 172 172 188 180
  199 175 175 185 177 171 193 182 178 189 175 183 192 188 197 185 182 192
  183 171 194 196 186 197 194 198 190 179 194 173 184 183 199 175 184 186
  189 178 193 184 172 171 173 175 196 181 199 178 172 172 177 173 182 189
  184 183 180 179 186 196 199 186 179 194 171 171 174 175 174 193 181 197
  178 170 190 190 186 183 199 191 186 195 178 175 186 177 187 184 180 185
  183 194 178 175 187 170 189 194 181 170 179 188 178 183 189 198 190 177
  194 172 197 182 193 190 198 182 176 197 193 171 177 181 183 170 185 190
  191 190 182 190 179 191 193 183 189 181 171 193 174 170 184 188 193 183
  196 174 177 170 170 197 173 181 198 189 178 172 194 185 188 180 181 186
  198 178 189 179 173 183 199 180 186 189 172 191 194 189 190 171 170 172
  174 189 193 176 177 196 189 187 190 197 191 174 180 180 183 172 191 179
  177 180 195 176 196 171 199 194 175 193 176 193 193 175 188]
 [  0 190 195 184 198 174 192 176 180 173 192 194 199 194 180 197 177 189
  171 171 195 179 174 177 175 187 185 172 177 184 173 197 195 178 185 178
  171 177 189 191 192 171 188 189 178 193 182 195 187 180 190 199 175 192
  199 171 171 189 191 190 181 177 199 189 172 187 199 186 180 173 186 198
  199 171 171 182 179 180 198 177 180 183 180 197 177 175 178 178 191 175
  194 170 193 194 179 189 199 178 181 176 195 177 172 174 174 193 181 172
  170 185 180 186 183 187 176 195 199 172 179 196 172 199 199 194 191 178
  172 187 184 176 178 191 175 196 179 179 173 180 184 193 173 184 189 191
  181 191 194 176 179 196 182 176 176 174 187 184 183 190 195 197 189 184
  184 183 191 170 178 170 194 170 172 196 184 177 174 181 187 185 199 191
  196 180 181 170 190 192 192 178 198 178 179 189 191 174 181 183 197 190
  188 175 170 185 197 173 185 177 172 195 174 177 183 192 183 184 194 192
  188 183 185 187 188 180 187 180 196 197 188 175 199 192 197 194 187 193
  189 174 197 197 193 194 177 175 185 195 191 182 175 175 171 195 172 177
  198 197 187 183 199 195 186 174 180 170 175 171 196 178 193 176 185 189
  181 174 170 197 170 199 199 177 194 170 170 197 173 178 174 188 179 184
  196 183 189 183 198 189 187 171 176 175 172 172 174 184 176 196 182 189
  186 172 194 180 177 191 176 182 170 185 172 184 175 193 180]
 [  0 193 199 177 188 191 197 185 189 184 187 195 196 173 197 184 182 198
  186 192 177 180 187 175 186 199 174 195 199 171 172 184 198 196 195 183
  182 195 179 182 193 179 180 182 170 196 192 190 199 185 193 172 181 174
  178 175 198 189 171 170 179 189 198 185 198 172 170 178 193 186 171 189
  172 178 170 193 192 172 196 178 181 178 191 180 190 175 179 195 178 187
  182 195 192 194 178 181 174 180 184 194 176 197 198 183 178 182 198 194
  190 187 174 174 182 185 184 199 179 182 170 177 175 191 174 193 170 177
  197 187 173 187 191 189 192 198 194 193 188 196 176 176 173 196 191 183
  172 198 189 182 197 192 176 178 189 197 186 177 181 177 173 183 177 170
  197 197 170 171 179 186 185 171 180 199 198 191 174 190 178 189 171 192
  181 176 188 191 188 196 179 170 186 174 190 173 178 196 187 191 170 182
  172 177 174 199 178 194 191 187 182 181 174 177 199 194 171 181 183 183
  185 194 178 191 198 175 199 195 189 187 177 192 180 175 189 184 197 181
  199 184 192 186 191 197 191 174 189 178 182 194 175 195 173 185 183 188
  180 189 188 185 187 190 184 186 175 196 182 176 193 197 190 183 190 180
  188 194 189 177 198 180 187 183 174 172 179 186 172 178 198 178 180 174
  186 186 198 187 181 198 191 175 190 187 176 186 177 174 181 179 198 174
  195 194 175 199 197 189 185 189 171 180 179 189 185 177 179]
 [  0 196 197 179 178 180 171 174 189 194 179 199 189 193 187 187 182 171
  186 170 197 189 198 191 174 190 177 190 173 196 175 192 193 183 189 181
  176 177 183 178 185 184 177 179 186 196 181 183 190 176 187 188 195 196
  187 187 191 177 190 183 186 175 177 191 171 190 188 185 172 178 184 179
  176 198 192 179 181 176 196 182 176 176 173 172 189 185 178 170 175 187
  192 171 188 185 171 197 196 177 193 187 178 194 193 176 189 196 175 192
  184 190 199 199 173 172 183 187 181 194 180 178 185 186 173 174 180 186
  191 176 177 197 190 194 197 177 194 187 179 191 192 186 175 172 177 193
  189 196 186 172 178 179 194 178 184 177 187 198 188 194 181 172 175 170
  195 186 187 171 193 187 177 195 180 192 178 180 170 194 170 176 188 185
  177 176 175 172 193 174 177 180 183 170 189 197 176 197 170 197 193 187
  191 199 175 176 194 182 176 185 181 176 170 187 187 186 184 183 174 194
  188 183 171 188 186 171 183 190 191 198 171 190 171 172 176 180 191 191
  193 190 185 190 197 177 177 193 197 178 189 174 193 187 175 195 177 186
  175 195 177 195 183 194 195 194 187 176 179 170 199 172 199 177 191 188
  181 198 178 192 181 175 194 178 172 174 182 196 191 196 179 194 199 185
  192 175 185 196 194 174 179 190 188 172 179 186 173 184 196 188 195 189
  178 198 186 199 189 197 170 188 185 189 180 198 188 183 188]
 [  0 179 173 184 170 187 197 183 188 176 191 189 188 182 173 179 182 181
  195 178 193 190 196 188 196 197 181 198 184 194 187 170 174 195 195 194
  198 193 196 185 186 194 197 191 195 190 198 179 181 187 195 184 176 179
  193 199 186 170 193 194 176 196 179 194 196 197 188 193 189 199 195 184
  199 196 177 181 190 199 179 185 194 192 192 179 174 178 193 185 170 170
  185 189 171 177 188 191 190 182 190 174 190 188 170 192 198 183 198 180
  195 186 179 196 175 172 195 181 181 194 182 188 198 195 190 189 198 175
  173 181 189 187 196 187 177 176 175 185 173 191 177 171 199 183 181 190
  180 177 185 176 190 171 197 187 181 193 187 197 171 180 175 171 177 171
  195 180 192 194 196 175 194 171 173 199 173 181 178 193 175 191 197 177
  183 183 186 187 186 187 184 177 171 198 188 185 179 183 185 172 179 179
  191 197 182 184 192 183 174 196 196 185 181 177 181 199 183 171 171 193
  191 172 175 176 191 174 198 178 170 186 186 180 190 189 179 185 185 190
  174 170 183 194 170 182 170 172 183 180 199 199 171 181 172 174 196 192
  182 171 197 191 182 189 191 173 173 179 194 174 176 193 198 170 186 181
  196 179 180 190 198 173 176 186 179 182 170 183 183 174 195 182 172 184
  182 180 179 186 171 191 179 176 192 177 185 197 187 183 176 175 180 181
  171 197 197 170 194 198 183 198 194 199 183 191 186 170 177]
 [  0 189 179 172 198 173 192 181 181 182 195 177 192 192 183 184 186 186
  174 186 173 184 171 171 177 185 184 187 198 187 177 190 172 170 198 198
  182 182 174 175 184 198 197 180 194 181 181 170 178 175 178 196 193 174
  173 180 188 187 173 199 184 173 187 181 199 179 195 183 192 190 177 191
  196 192 193 196 179 171 189 177 186 176 193 183 187 198 196 190 175 182
  173 191 178 183 171 183 184 178 193 181 193 199 173 184 173 174 198 198
  174 185 176 177 178 179 174 190 172 185 173 199 180 181 190 173 176 189
  189 190 190 188 171 185 195 195 178 178 174 174 189 174 192 195 174 180
  198 199 176 182 181 190 185 179 191 186 194 197 177 177 198 176 176 182
  195 179 181 192 180 182 183 188 194 197 171 178 183 170 181 177 177 181
  170 193 170 193 185 177 197 175 188 193 173 190 196 187 195 186 172 175
  178 171 184 175 182 174 196 174 193 178 195 188 184 181 190 180 191 178
  188 195 186 177 172 197 199 186 188 180 181 179 195 188 189 176 195 177
  170 172 181 178 175 170 186 176 188 177 183 176 199 181 179 172 186 198
  192 187 181 175 170 187 181 197 196 179 180 174 185 178 173 174 186 174
  196 193 181 189 182 177 176 172 198 183 183 172 183 195 183 187 177 183
  187 196 180 193 189 175 189 197 171 194 176 194 199 178 186 191 187 190
  177 189 199 196 198 184 192 183 190 177 186 187 179 177 193]
 [  0 171 192 174 172 199 197 173 178 177 176 172 170 173 180 189 184 195
  186 173 199 199 190 179 176 199 182 175 199 179 184 199 189 198 194 193
  183 184 185 183 185 179 198 193 195 196 192 177 191 177 191 170 184 181
  184 183 197 187 181 177 170 181 196 177 181 186 181 176 188 197 183 188
  192 172 179 178 182 195 180 176 195 193 191 177 187 190 199 175 191 180
  179 192 197 175 177 194 199 177 188 179 183 173 182 191 194 176 187 181
  175 197 192 193 184 171 178 187 194 193 197 188 180 171 182 199 175 194
  178 182 189 172 172 174 172 184 172 195 196 171 187 199 189 179 178 191
  182 199 174 185 183 183 188 199 181 196 190 184 171 175 199 194 171 174
  188 172 186 174 186 171 177 172 181 178 195 172 194 180 178 198 178 186
  172 187 190 197 180 195 173 171 197 175 194 182 193 197 177 179 172 197
  191 172 178 173 181 193 181 179 185 193 173 187 183 192 183 185 183 189
  186 191 186 195 174 181 173 181 178 198 197 188 183 184 176 183 183 182
  174 183 184 185 176 197 180 196 199 182 179 171 182 198 184 197 172 185
  177 176 179 188 197 187 197 195 172 199 189 188 187 185 170 195 171 199
  181 193 174 182 194 181 190 196 189 195 195 173 192 187 179 185 185 194
  197 186 183 175 196 192 186 174 172 178 183 186 182 170 188 192 173 194
  170 196 184 192 184 185 187 194 187 175 176 189 176 183 170]
 [  0 194 189 198 190 172 176 191 188 199 181 192 170 178 182 170 178 191
  192 184 173 175 172 186 171 196 195 194 179 182 183 179 190 198 198 179
  185 180 183 173 180 182 181 193 173 183 171 173 189 186 185 193 193 188
  184 175 192 174 172 188 181 188 190 186 190 195 177 196 184 181 196 190
  188 192 177 194 178 179 171 170 189 185 197 196 175 189 190 198 171 185
  176 194 194 183 187 191 181 188 181 182 195 178 179 175 176 189 179 191
  198 189 180 175 192 198 189 192 171 196 175 189 173 188 187 176 177 198
  194 177 181 176 173 197 192 177 199 179 175 172 173 196 193 192 187 196
  175 175 170 178 190 181 190 199 197 183 178 170 174 179 188 173 193 192
  197 191 182 198 171 196 183 179 175 179 190 179 175 190 190 182 172 183
  194 187 173 175 177 186 189 170 184 196 181 188 198 176 184 184 185 185
  172 173 191 194 186 182 175 177 177 195 190 174 185 191 189 179 177 178
  181 192 185 179 191 188 191 191 178 172 184 192 186 174 175 197 190 198
  198 174 191 186 187 185 185 175 174 196 192 170 189 192 183 186 194 192
  173 196 198 199 190 195 190 196 174 192 175 193 187 183 196 183 190 174
  194 186 182 196 181 188 183 178 181 195 195 173 182 181 171 176 171 198
  182 183 173 172 174 173 178 176 193 172 197 194 190 188 183 185 181 197
  195 197 170 170 189 171 171 171 190 182 187 184 171 188 179]
 [  0 195 182 188 181 183 194 172 179 196 172 177 194 184 174 177 172 188
  190 195 181 174 186 192 177 195 182 181 174 195 172 198 170 179 179 174
  191 182 182 176 173 171 191 191 195 172 189 194 182 193 183 190 184 188
  181 188 184 184 194 191 181 178 178 191 173 192 191 193 198 170 177 180
  199 188 186 172 195 172 197 186 181 185 198 176 188 186 170 177 177 187
  171 192 181 180 195 189 189 190 195 188 170 179 193 174 180 190 194 176
  198 176 194 175 183 197 176 184 195 173 189 195 181 182 176 171 191 189
  199 173 182 170 192 175 187 189 197 177 173 188 180 189 198 183 192 178
  198 195 170 180 199 192 173 187 178 194 183 195 191 188 191 183 171 191
  172 188 184 179 192 177 184 179 178 179 175 173 172 198 199 174 173 184
  170 196 170 187 195 182 189 199 185 183 180 192 189 194 195 186 180 173
  178 192 172 180 193 183 177 181 173 172 187 177 193 195 192 171 181 186
  185 174 181 186 185 182 189 194 190 199 181 176 187 185 182 192 181 184
  184 196 181 176 199 196 191 174 184 176 170 194 182 192 187 190 194 175
  184 190 197 180 171 173 195 192 197 177 170 186 189 177 189 192 188 186
  173 192 191 176 198 190 193 172 191 187 188 188 192 183 186 184 177 185
  191 196 171 177 177 174 195 178 174 186 178 192 194 192 196 196 199 172
  185 196 187 175 183 179 176 191 181 175 197 187 170 178 197]
 [  0 183 177 193 179 180 186 193 192 196 179 197 180 181 176 189 195 185
  198 170 180 195 178 197 181 175 170 170 170 196 181 184 175 193 179 190
  195 186 193 191 184 179 178 182 174 186 187 196 182 179 179 193 193 197
  190 176 199 179 192 173 176 183 176 190 177 192 171 198 191 173 186 182
  198 185 187 170 178 175 199 173 196 184 192 193 196 191 181 195 193 190
  179 171 191 183 187 192 195 192 196 173 189 178 188 189 181 194 194 193
  192 173 170 174 196 193 171 179 186 198 193 170 174 179 173 172 186 175
  193 198 179 186 178 180 177 195 171 181 172 193 183 179 181 197 193 170
  187 182 196 179 185 182 197 188 194 183 195 170 194 172 188 189 185 171
  194 190 175 199 188 195 181 176 193 191 196 170 178 180 194 198 192 180
  190 173 179 197 194 190 187 178 198 182 192 173 195 192 198 172 179 173
  188 182 178 184 183 199 172 185 196 195 173 179 183 195 178 180 198 182
  172 180 170 176 184 184 185 176 195 185 170 198 193 196 180 180 194 184
  178 186 182 171 192 179 197 184 173 182 184 187 174 190 199 177 188 197
  171 193 187 179 196 190 179 177 188 174 196 171 199 195 179 192 197 189
  172 186 183 193 187 179 188 199 177 179 176 174 189 195 173 191 192 175
  185 170 171 198 183 184 196 190 193 191 198 187 180 182 176 198 172 197
  190 189 172 192 184 178 184 173 181 185 178 182 192 190 192]
 [  0 194 188 198 170 194 197 179 189 173 179 184 189 188 171 194 194 171
  194 173 185 184 180 181 195 178 181 187 193 178 198 175 174 185 174 175
  176 199 199 177 176 183 192 196 173 185 189 188 185 179 182 197 172 172
  183 198 177 187 186 187 182 196 195 171 196 188 177 190 183 195 180 177
  198 175 175 192 183 194 198 192 178 185 174 186 170 190 188 175 187 194
  177 183 196 189 181 180 179 172 185 188 193 185 193 185 192 185 188 172
  175 173 170 188 199 175 179 187 195 171 199 176 170 193 172 182 195 194
  179 177 178 175 172 197 193 180 188 172 196 189 180 193 193 198 194 194
  185 198 191 190 192 171 191 188 197 194 185 196 192 196 182 190 173 176
  182 176 199 198 187 194 178 184 189 183 196 196 193 175 184 170 181 171
  177 180 188 194 195 198 183 188 182 193 178 172 172 187 194 181 192 180
  196 191 199 173 193 186 187 195 187 181 185 198 195 198 176 176 184 189
  173 187 198 176 193 176 173 178 193 175 197 196 198 198 190 195 179 172
  183 191 176 185 183 195 171 181 191 192 193 192 191 198 172 177 196 183
  179 189 196 186 185 196 188 170 194 178 184 183 193 192 193 179 193 184
  170 196 193 197 188 171 182 195 177 190 180 179 181 178 178 177 194 199
  174 192 188 194 199 182 175 197 192 198 179 194 193 184 174 178 183 196
  186 195 172 196 178 182 181 182 181 199 176 182 190 186 198]
 [  0 198 176 171 175 192 178 198 191 172 190 170 173 187 194 175 189 199
  182 178 199 199 180 198 195 174 189 196 184 176 198 189 176 184 194 185
  196 195 198 191 198 192 182 199 181 182 197 187 188 184 174 190 175 188
  170 174 178 190 193 180 173 188 197 196 174 186 193 199 190 180 176 190
  174 174 175 175 186 197 191 198 171 183 183 179 190 185 187 189 194 184
  189 179 181 193 172 188 191 189 196 190 196 178 195 191 198 179 177 177
  170 185 186 172 196 188 199 178 191 172 193 199 173 191 189 188 192 172
  199 193 175 199 174 180 173 184 174 196 191 186 172 180 198 177 198 197
  182 196 186 182 180 184 193 197 185 199 187 173 171 180 195 182 172 198
  192 189 187 176 180 180 187 193 172 182 182 176 175 179 183 173 190 186
  182 185 178 189 180 171 173 187 173 184 180 187 188 199 192 196 180 175
  172 176 188 171 177 187 172 188 183 192 179 195 177 192 197 173 184 188
  189 192 197 192 194 192 178 187 178 186 184 186 199 186 189 187 173 172
  186 185 181 172 174 197 182 175 172 194 189 176 173 197 177 172 183 170
  178 173 179 171 189 174 198 197 177 190 182 185 191 190 174 175 170 196
  190 189 181 173 185 177 195 190 182 171 180 179 185 175 175 188 171 172
  176 195 195 196 189 193 183 182 178 178 182 171 180 187 186 197 197 170
  184 176 190 187 199 180 189 186 197 183 178 182 193 183 191]
 [  0 174 193 180 174 176 173 171 172 199 192 172 192 199 170 190 180 196
  181 175 188 190 189 197 175 194 194 170 183 185 191 197 173 185 192 174
  183 174 180 193 179 195 188 182 195 191 173 193 178 189 183 186 192 172
  170 191 192 175 183 199 182 183 196 171 193 186 174 194 194 190 182 172
  171 170 190 189 182 192 183 190 179 189 191 171 175 198 170 186 173 188
  180 171 195 187 182 177 189 182 187 195 183 175 192 187 184 183 176 175
  181 188 177 177 190 176 184 180 179 175 199 170 197 171 182 176 172 176
  180 174 192 177 173 195 199 170 174 192 186 195 193 178 198 195 180 175
  180 186 194 170 199 170 175 195 185 187 197 187 171 192 191 183 175 172
  182 176 198 172 187 176 195 172 197 183 188 177 177 178 189 194 191 197
  184 195 197 195 172 186 175 179 172 193 189 184 195 199 177 196 170 198
  178 192 183 182 192 181 172 185 186 199 174 188 176 191 193 187 196 172
  192 183 187 183 170 194 189 188 198 180 180 175 181 191 189 198 181 185
  176 184 182 186 183 170 198 190 182 197 172 192 179 193 197 195 196 198
  172 173 177 191 197 180 184 170 174 192 176 199 175 182 192 190 172 184
  170 198 172 195 181 188 177 198 197 177 170 199 178 188 186 197 193 190
  191 190 196 177 195 196 186 189 191 172 198 178 181 182 183 182 186 178
  189 191 189 197 187 189 190 185 192 198 180 186 173 179 178]
 [  0 180 170 170 178 177 173 190 198 193 189 181 196 192 188 170 176 177
  173 198 171 180 190 174 188 196 192 185 181 174 170 187 171 176 182 174
  180 197 183 193 194 175 180 179 184 183 187 187 192 180 188 181 193 177
  195 188 184 188 178 185 178 176 184 182 185 186 172 176 182 181 186 170
  179 175 187 171 187 176 180 192 174 182 192 177 175 186 174 187 199 196
  178 185 177 183 175 186 176 191 182 172 183 175 178 199 188 182 182 173
  175 178 194 190 178 199 193 190 182 199 187 183 197 195 189 193 171 193
  199 193 178 179 198 170 170 183 183 175 180 176 195 198 193 195 171 175
  185 192 171 190 194 172 178 178 181 182 174 174 178 170 194 193 196 180
  176 188 190 197 174 198 182 171 175 182 187 183 178 177 193 178 185 191
  198 171 170 179 196 188 179 193 197 181 188 180 187 195 184 190 173 198
  192 199 191 174 179 193 187 187 171 194 185 188 191 175 179 180 183 178
  185 198 197 171 170 170 194 189 178 173 170 183 182 188 180 190 181 170
  191 173 187 170 188 184 192 176 196 186 197 170 192 171 179 190 186 199
  178 177 186 184 194 187 199 173 183 181 183 184 176 173 172 189 188 183
  191 179 170 173 177 184 179 182 188 176 176 175 170 176 199 172 186 178
  171 192 181 190 185 189 195 184 177 186 191 172 192 178 189 181 180 178
  198 184 174 197 173 195 197 194 182 187 183 185 172 170 177]
 [  0 189 184 174 187 192 186 190 174 183 198 191 175 183 170 196 175 188
  187 194 191 172 191 192 170 181 195 179 176 183 197 192 173 175 176 177
  177 183 197 194 190 183 178 180 181 173 199 195 197 179 197 198 170 180
  197 180 193 194 183 184 182 195 176 189 181 173 184 198 194 171 192 174
  174 171 196 177 192 176 185 179 177 178 199 184 180 199 191 196 181 193
  183 189 180 176 189 175 190 176 195 178 187 183 182 175 190 183 183 199
  170 189 186 182 170 180 170 172 174 196 190 187 191 177 198 190 181 173
  197 194 195 190 180 188 196 196 185 172 185 174 179 171 195 189 171 172
  177 181 196 178 174 184 193 195 171 176 198 175 179 180 196 186 174 189
  179 182 182 178 197 179 198 198 175 173 180 184 194 196 183 180 194 177
  197 193 173 198 176 199 195 195 170 174 193 187 176 195 180 171 185 185
  196 197 192 199 172 177 171 199 179 174 171 172 195 197 175 194 176 173
  195 170 176 171 195 180 184 176 177 182 187 179 179 171 177 196 180 174
  197 189 199 175 190 198 190 189 173 175 176 172 171 178 182 183 178 181
  174 192 180 196 191 187 182 194 192 197 193 193 195 197 172 180 190 188
  194 179 181 194 196 192 190 172 170 191 187 185 196 172 195 170 199 182
  192 179 192 187 173 199 178 186 189 189 188 170 171 192 191 182 198 188
  193 196 179 175 185 198 188 196 189 178 185 194 188 175 183]
 [  0 175 198 197 191 191 178 185 173 187 170 180 195 176 180 174 198 185
  197 173 176 189 195 198 176 170 197 190 188 190 194 191 171 187 172 178
  194 190 172 187 177 194 184 172 172 195 198 198 183 186 182 184 197 178
  179 182 176 173 186 195 183 193 188 186 185 192 183 180 178 174 183 171
  171 179 188 190 185 174 171 177 175 196 181 199 190 183 185 181 175 191
  185 176 176 176 170 173 197 175 197 180 184 184 175 188 188 178 194 178
  197 198 197 179 173 176 173 175 193 174 188 178 182 192 186 190 186 184
  171 178 192 196 190 198 188 188 172 187 181 175 196 194 170 184 185 175
  176 183 187 177 174 191 181 180 198 178 183 182 179 174 173 188 197 197
  182 170 181 186 198 198 198 177 197 186 172 195 177 193 172 190 183 179
  191 193 191 198 174 185 175 182 191 181 190 184 172 177 198 170 191 174
  176 187 174 186 176 197 171 182 175 196 170 196 195 196 185 193 190 196
  187 190 172 189 189 188 177 170 188 184 181 177 191 199 172 199 199 199
  174 194 189 186 179 184 181 186 189 172 197 196 196 171 189 197 199 197
  179 190 173 176 187 170 195 181 181 180 199 184 178 175 199 172 184 181
  175 191 189 183 198 175 189 178 190 170 172 191 172 191 191 181 178 199
  195 187 173 189 176 178 191 176 195 185 170 188 183 185 178 180 185 177
  189 187 171 188 182 182 186 195 195 193 190 198 192 193 179]
 [  0 177 187 195 198 174 178 184 192 184 171 183 193 171 188 188 190 183
  173 187 187 185 193 180 189 176 193 176 198 182 199 182 197 182 179 178
  180 196 187 176 199 192 194 189 172 192 182 184 177 195 189 194 198 190
  184 170 197 171 184 191 184 184 178 187 198 174 179 179 180 194 178 172
  175 188 187 191 192 190 180 172 199 196 184 172 186 195 189 173 196 173
  188 196 196 176 180 195 184 186 175 198 183 187 191 196 186 187 179 182
  190 194 178 178 179 190 178 181 178 185 198 180 185 177 172 173 198 196
  183 198 170 197 189 171 171 198 178 172 186 188 195 187 191 196 180 195
  176 170 178 178 175 194 178 198 187 185 186 176 180 193 197 170 176 196
  174 186 176 199 175 180 187 184 191 186 192 196 184 187 183 183 187 188
  173 197 195 189 187 186 197 176 189 181 193 180 179 171 191 199 180 177
  195 172 182 187 193 193 187 198 181 172 170 172 180 199 176 190 177 188
  194 193 197 175 196 197 170 195 180 180 199 183 179 190 177 193 182 172
  173 194 175 191 188 187 192 171 173 188 170 190 190 179 181 199 192 190
  196 183 173 198 192 177 199 180 175 196 176 190 178 181 182 193 194 182
  198 195 178 196 194 198 177 179 185 193 180 181 197 193 174 171 193 198
  194 182 193 176 188 175 196 178 183 170 172 171 186 187 199 188 174 193
  185 170 178 187 199 174 183 175 198 178 177 183 198 194 188]
 [  0 199 187 185 181 179 183 184 178 193 196 189 171 187 175 199 189 180
  180 190 173 180 178 193 185 178 198 199 192 176 186 182 184 199 190 173
  171 174 195 185 180 182 184 181 177 172 172 199 172 196 196 189 181 189
  186 181 179 174 182 195 170 174 183 199 190 194 173 180 188 196 193 199
  195 180 170 186 196 187 176 182 191 197 199 188 193 177 184 199 173 192
  175 171 178 184 182 193 194 172 172 173 183 181 186 182 192 179 194 179
  172 198 188 180 192 196 179 197 199 176 195 178 191 190 186 170 180 183
  171 193 195 182 171 179 196 173 196 178 173 195 197 190 196 199 179 181
  196 179 176 172 177 170 189 184 193 179 191 171 178 176 183 192 190 199
  189 191 187 193 187 188 186 190 174 171 189 197 187 170 174 197 187 193
  192 184 178 198 174 185 186 197 187 172 190 177 187 170 197 172 188 194
  183 194 198 176 178 193 179 188 198 191 182 186 190 177 170 188 196 189
  197 180 190 186 198 183 197 170 182 173 198 198 183 172 171 173 188 192
  198 187 180 198 182 178 194 173 186 196 172 182 181 196 177 179 185 171
  172 183 176 197 174 183 174 170 186 185 176 178 173 180 180 174 198 184
  191 193 194 184 172 192 172 180 189 196 197 180 180 189 175 178 178 170
  177 180 174 175 171 173 190 187 175 187 191 195 171 192 199 197 171 174
  185 180 178 182 172 172 198 178 176 192 199 174 194 178 199]
 [  0 174 187 193 183 170 192 177 179 183 172 176 191 188 179 197 179 194
  178 198 178 192 171 171 176 194 174 191 193 190 171 193 177 186 171 193
  181 197 187 170 186 197 184 176 190 174 190 186 192 170 193 175 194 181
  191 177 192 176 176 191 191 199 188 180 170 194 185 178 183 194 197 184
  186 190 188 192 178 171 177 177 171 194 195 181 192 171 186 176 185 171
  185 187 195 174 192 196 180 180 172 173 185 173 174 193 189 181 176 172
  183 176 188 192 191 188 183 188 184 191 195 191 170 198 179 174 172 170
  185 191 180 172 185 197 170 175 170 192 191 185 178 175 187 185 179 197
  193 195 188 180 181 191 171 172 198 178 186 182 184 189 181 185 182 171
  188 186 176 185 177 176 193 177 183 183 183 183 174 184 199 185 171 197
  188 183 195 197 195 186 187 198 182 181 198 195 186 186 177 197 196 191
  180 196 189 187 174 192 194 170 186 193 190 177 186 198 186 178 176 188
  181 176 176 176 180 186 189 174 180 198 178 188 199 170 194 198 190 183
  181 199 170 185 185 187 173 180 193 171 185 174 180 183 170 187 189 189
  186 195 194 179 176 185 182 171 191 184 194 170 187 174 184 181 182 178
  182 198 192 199 180 173 192 193 178 179 182 170 189 172 186 177 178 171
  182 181 191 191 185 198 178 173 179 178 176 188 184 191 187 199 188 176
  175 183 186 182 192 183 173 198 170 175 198 190 176 174 180]]
 job2fam
 [[1 0 0 0 0 0 0 0 0 0 0 0 0 0 0 0 0 0 0 0 0 0 0 0 0 0 0 0 0 0 0 0 0 0 0 0
  0 0 0 0 0 0 0 0 0 0 0 0 0 0 0 0 0 0 0 0 0 0 0 0 0 0 0 0 0 0 0 0 0 0 0 0
  0 0 0 0 0 0 0 0 0 0 0 0 0 0 0 0 0 0 0 0 0 0 0 0 0 0 0 0 0 0 0 0 0 0 0 0
  0 0 0 0 0 0 0 0 0 0 0 0 0 0 0 0 0 0 0 0 0 0 0 0 0 0 0 0 0 0 0 0 0 0 0 0
  0 0 0 0 0 0 0 0 0 0 0 0 0 0 0 0 0 0 0 0 0 0 0 0 0 0 0 0 0 0 0 0 0 0 0 0
  0 0 0 0 0 0 0 0 0 0 0 0 0 0 0 0 0 0 0 0 0 0 0 0 0 0 0 0 0 0 0 0 0 0 0 0
  0 0 0 0 0 0 0 0 0 0 0 0 0 0 0 0 0 0 0 0 0 0 0 0 0 0 0 0 0 0 0 0 0 0 0 0
  0 0 0 0 0 0 0 0 0 0 0 0 0 0 0 0 0 0 0 0 0 0 0 0 0 0 0 0 0 0 0 0 0 0 0 0
  0 0 0 0 0 0 0 0 0 0 0 0 0 0 0 0 0 0 0 0 0 0 0 0 0 0 0 0 0 0 0 0 0]
 [0 0 0 1 0 0 0 0 0 1 1 0 0 1 1 0 1 1 1 0 0 0 0 0 0 1 0 0 0 0 0 0 0 0 1 1
  0 1 0 0 0 1 1 0 0 0 0 0 0 0 0 0 0 0 0 0 0 0 0 0 0 0 0 0 0 0 1 0 0 0 0 1
  0 0 0 1 0 0 0 0 1 0 1 1 0 0 0 0 0 0 1 1 1 0 0 0 0 0 1 0 0 1 0 0 0 0 0 1
  0 0 0 0 0 1 0 0 0 1 0 0 0 0 1 0 0 0 1 0 1 0 0 0 0 1 0 0 0 0 0 1 0 1 1 0
  0 0 0 0 0 0 0 0 0 0 0 1 0 0 0 0 0 0 0 1 0 0 0 1 0 1 0 0 0 0 0 0 0 1 0 0
  1 0 0 0 0 0 1 1 1 0 1 0 1 0 0 0 1 0 0 0 0 0 0 0 0 0 0 1 0 0 0 0 0 0 0 0
  1 0 0 1 1 0 0 0 0 1 0 1 0 0 0 0 0 0 1 0 1 0 0 0 0 0 0 0 0 0 0 0 0 0 0 0
  1 0 1 0 1 0 0 0 0 0 0 1 1 0 0 0 0 0 0 1 1 0 1 0 0 0 0 0 0 0 0 0 0 0 0 0
  1 0 0 0 1 0 0 0 0 0 0 0 0 0 1 0 1 0 0 0 0 0 1 0 0 0 0 1 0 0 1 0 0]
 [0 0 0 0 0 1 1 0 0 0 0 0 0 0 0 0 0 0 0 0 0 1 0 1 0 0 0 0 0 1 1 0 0 0 0 0
  0 0 0 0 0 0 0 0 1 1 0 1 1 1 0 1 0 0 0 0 0 1 0 0 0 0 1 0 1 0 0 0 0 0 1 0
  0 0 1 0 0 0 0 0 0 0 0 0 0 0 0 0 0 0 0 0 0 0 0 0 0 0 0 0 0 0 0 0 0 0 0 0
  0 0 0 1 0 0 1 0 0 0 1 0 1 0 0 1 0 1 0 1 0 0 1 0 0 0 0 0 1 0 0 0 0 0 0 0
  1 1 0 1 1 0 0 0 0 1 0 0 0 0 0 0 1 1 0 0 0 0 0 0 0 0 0 0 0 1 0 0 0 0 0 0
  0 0 0 0 0 0 0 0 0 0 0 0 0 0 0 0 0 1 0 0 0 0 0 0 1 0 1 0 0 1 0 1 0 0 0 0
  0 0 1 0 0 0 1 0 0 0 0 0 1 0 0 0 0 0 0 1 0 1 0 0 1 0 0 0 1 0 1 0 0 0 0 0
  0 0 0 0 0 0 0 0 1 0 0 0 0 0 0 0 0 1 0 0 0 1 0 0 0 0 0 0 0 0 0 0 0 0 0 1
  0 0 1 0 0 0 1 0 0 0 0 0 0 0 0 1 0 0 0 0 1 0 0 1 0 0 0 0 0 1 0 0 0]
 [0 0 1 0 0 0 0 0 0 0 0 1 1 0 0 0 0 0 0 1 0 0 0 0 0 0 1 1 1 0 0 0 1 0 0 0
  1 0 0 1 1 0 0 0 0 0 1 0 0 0 1 0 0 0 0 0 0 0 0 0 0 1 0 0 0 1 0 0 1 0 0 0
  1 0 0 0 1 0 0 0 0 1 0 0 0 1 1 0 0 0 0 0 0 0 1 0 1 1 0 1 1 0 0 1 0 0 0 0
  0 0 1 0 0 0 0 1 0 0 0 1 0 1 0 0 0 0 0 0 0 1 0 0 0 0 0 1 0 0 0 0 1 0 0 0
  0 0 0 0 0 1 1 1 0 0 0 0 1 0 1 0 0 0 1 0 0 0 1 0 0 0 1 0 0 0 1 0 1 0 1 0
  0 0 0 0 0 0 0 0 0 1 0 1 0 0 1 1 0 0 0 0 0 0 0 1 0 1 0 0 0 0 1 0 0 0 0 0
  0 0 0 0 0 1 0 0 0 0 1 0 0 0 0 1 0 1 0 0 0 0 0 0 0 0 0 0 0 0 0 0 0 0 0 0
  0 0 0 1 0 1 1 0 0 0 0 0 0 0 1 0 1 0 0 0 0 0 0 1 0 1 0 0 1 0 0 1 1 1 0 0
  0 0 0 1 0 0 0 0 0 1 0 0 1 0 0 0 0 1 0 0 0 1 0 0 0 1 0 0 1 0 0 1 1]
 [0 1 0 0 0 0 0 1 1 0 0 0 0 0 0 0 0 0 0 0 0 0 1 0 0 0 0 0 0 0 0 0 0 1 0 0
  0 0 0 0 0 0 0 0 0 0 0 0 0 0 0 0 0 0 0 1 0 0 1 0 1 0 0 0 0 0 0 1 0 0 0 0
  0 1 0 0 0 1 1 1 0 0 0 0 1 0 0 0 0 0 0 0 0 1 0 0 0 0 0 0 0 0 0 0 1 1 0 0
  1 0 0 0 1 0 0 0 1 0 0 0 0 0 0 0 1 0 0 0 0 0 0 1 0 0 1 0 0 0 1 0 0 0 0 1
  0 0 0 0 0 0 0 0 0 0 1 0 0 1 0 0 0 0 0 0 1 0 0 0 1 0 0 1 0 0 0 1 0 0 0 0
  0 1 0 0 1 0 0 0 0 0 0 0 0 0 0 0 0 0 1 0 1 0 0 0 0 0 0 0 1 0 0 0 1 1 0 0
  0 0 0 0 0 0 0 0 1 0 0 0 0 0 1 0 1 0 0 0 0 0 1 1 0 0 1 1 0 0 0 0 1 1 1 1
  0 0 0 0 0 0 0 0 0 1 0 0 0 0 0 1 0 0 1 0 0 0 0 0 0 0 0 1 0 0 1 0 0 0 0 0
  0 0 0 0 0 1 0 1 1 0 0 1 0 1 0 0 0 0 1 1 0 0 0 0 1 0 0 0 0 0 0 0 0]
 [0 0 0 0 1 0 0 0 0 0 0 0 0 0 0 1 0 0 0 0 1 0 0 0 1 0 0 0 0 0 0 1 0 0 0 0
  0 0 1 0 0 0 0 1 0 0 0 0 0 0 0 0 1 1 1 0 1 0 0 1 0 0 0 1 0 0 0 0 0 1 0 0
  0 0 0 0 0 0 0 0 0 0 0 0 0 0 0 1 1 1 0 0 0 0 0 1 0 0 0 0 0 0 1 0 0 0 1 0
  0 1 0 0 0 0 0 0 0 0 0 0 0 0 0 0 0 0 0 0 0 0 0 0 1 0 0 0 0 1 0 0 0 0 0 0
  0 0 1 0 0 0 0 0 1 0 0 0 0 0 0 1 0 0 0 0 0 1 0 0 0 0 0 0 1 0 0 0 0 0 0 1
  0 0 1 1 0 1 0 0 0 0 0 0 0 1 0 0 0 0 0 1 0 1 1 0 0 0 0 0 0 0 0 0 0 0 1 1
  0 1 0 0 0 0 0 1 0 0 0 0 0 1 0 0 0 0 0 0 0 0 0 0 0 1 0 0 0 1 0 1 0 0 0 0
  0 1 0 0 0 0 0 1 0 0 1 0 0 1 0 0 0 0 0 0 0 0 0 0 1 0 1 0 0 1 0 0 0 0 1 0
  0 1 0 0 0 0 0 0 0 0 1 0 0 0 0 0 0 0 0 0 0 0 0 0 0 0 1 0 0 0 0 0 0]]
