params：
 weight-->(1, 10)
 proc_times-->(1, 100)
 setup_times-->(30, 60)
 delivery_times-->(100, 200)
 job_rate-->16

start:
alpha_1
16
 alpha_2
1.0
 mach
20
 job
320
 fam
5
 weigh
 [[0 8 7 2 7 9 2 9 9 2 4 1 5 1 8 8 4 4 1 3 2 6 8 8 1 7 8 7 2 6 1 6 3 5 6 8
  1 4 3 5 4 6 2 8 5 9 7 4 3 1 8 8 8 6 1 1 2 4 3 2 3 5 3 4 1 9 5 9 7 2 8 6
  9 1 7 4 1 6 9 9 3 4 2 9 1 3 5 8 4 8 1 1 9 3 8 3 3 7 2 7 9 7 9 8 4 8 5 2
  2 6 6 7 2 3 4 4 4 4 3 6 3 1 2 5 9 5 8 9 2 3 6 9 8 6 3 9 6 8 3 3 6 1 5 4
  4 3 7 9 9 5 4 7 2 8 6 9 9 8 5 1 3 3 8 7 5 9 5 7 4 2 6 7 2 3 2 7 3 6 3 9
  2 7 9 9 2 7 4 3 4 2 3 2 4 5 1 9 5 4 9 4 1 8 8 7 3 4 9 5 9 7 6 2 9 3 4 7
  3 2 5 2 8 9 1 9 9 7 2 8 1 6 8 2 1 8 3 1 4 7 2 6 2 8 2 9 4 6 9 3 9 3 7 3
  9 2 8 4 1 5 9 6 8 1 6 5 8 5 6 2 5 7 7 5 1 3 7 1 9 9 5 3 9 7 8 2 7 3 6 9
  1 2 7 6 7 4 5 8 5 6 7 9 8 7 8 8 9 2 9 2 5 4 1 1 8 6 5 7 7 2 8 8 3]]
 proc_times
 [[  0  32   9  99  16  87  15  68  77  86  86  71  73  80  56  14  30  83
   76  27  13  28  91  20   2  75  58  25  40   3  21   6  21  92   1  46
   66  26  12  71  18  82  15  80  12  21  31  89 100  36  87  35  95  64
   23  58  90 100  24  80  11  61  27  51  16  80  50  25  29  50  72  29
   85   5  36  63  83   4  98  73  85  54  77   6  50  54  74  73  76  90
   70  59  58  48   5  69  26  38  86  82  92   3  95  52  91  33  92  48
   68  74  94   7   6  21  83  82  99  40   8  18  22  21  53  80  84  19
   64  58  70  38  18  63  61  35  58  30  32   2  19  21   1  78  68  32
   79  32  99  95  53  23  41  65  23  18  26  39  91  39  42  34  90  63
   19   4  83  57  15  33  59  56  49  87  61 100  91  71  42  23  79  63
   95  58  95  26  39  41   6  39  85  34  91  10   4  99  77  16  64  92
   83  47  33  87  51  11  74  56  70  57  54  87  58  38  93  68  80  14
   80  76  69  99  86  91  37  44  61  23  41  39  82  94  64  84   9  43
   30  14  16  33  77   9  98  39  16  49  99  86  20  66  78  68  15  73
   30  97  88   3  73  38  48  21  57  18  53  41  29  36  57  83  43   5
   29  42  91  27  53  57  61  91  99  86  93  97  34   4  91  24  71  59
   72  10  38  12  96  86   9  48  36  99  40  93  10  26  38  37  91  92
    3  98  71  95  59  67  72  41  96 100  80  78  86  22  43]
 [  0   9   9  75  25  30   9  16  48  30  67  45  85   6  23  21  79   7
    7  16  31  66  16  97  63  47  47  47  83  63  85  23  24   8  60  67
   38  33  27  98  54  28  23  50  68   8  40   3  40  95  69  76  79  45
   76  51  80  64  50  13  19  98  33  18  70  39  29  64  10  81   7  80
   71  14  98  24  49   7  89   7  63  64   1  81   1  60  80  40  58  53
   61  21  54  91  99  33   4  21  35  88   2  15  51  28  78  41  94  39
   91  78  64  63  34  91 100  33  84  22  85  64  72  54  93  76  55  21
   96  88  81  24  77  47  68  70  93  22  36   2  19  44  12  63  84  19
   66  26  41  53 100  30  66  68  47  44  10  12  30  46  79  64  63  97
   22  58  47  98  56  99  20  59  58  63  74  83  30  48  27  18  14  55
   40  79  76  81  98   2   4  98  20  72  89  71   1  13  95  16  84  96
   61  63  12  66  13  93  55  67  28  89  42  89  15  54  75  95  94  55
   94  50  46  94  86  67   9  42   7  23  65  88  78  76  68  19  44  14
   76  22  12  38  84  41  92  78  24  12  86  30  66  47  57  95  34  40
   10  12  44  89  42  47  70  20  35  52  99  26  33  77  60  80  84  18
   87 100  64  93  75  43  76  18  60  21  39  23  74   6   8  93   2  65
   44  28  88  51  34  98  79  96  67  46  22  77  90  61  24  78  35  21
   65  59  23  56  33   4  25  87   2  25  23  85  35  12  55]
 [  0  58  86  38  55  95   9  35  41  19  67  47  78  70  41  65  64  22
   87  86   7  41  62  66  39  81   5  67  18  63  52  93  37  74  47  93
   56  42  33  15  16  81   9  46  65  84  79  48  31  32  56  45  54   5
   24  88  30  21  64  49  34   1  25  31  66  87  95   4  10  83  23  57
   12  52  42  35  36  25  14  84  93  21  44  79  68  94  41  31  83  92
   19  97  45  18  26  55  69  67  28  29  22   1  39  41  83  97  56  49
   98  33  61  38  16  99  61  75  74  82  23  85  59  20  18  87  13  12
    3  67  32  69  52  66   9  68  11  98  30  94  20  84  47  48  98  76
   42  44  11  66  32  60  38  87  28  56   8  56  86  62  85  61   9  45
   37   1  98  33  67  34  60  73  56  25  23  66  89  47  70  60  74  22
   66  50  60  20  32  68  50  72  62  82  69  97  35  70  87   1  46  10
   67  15  99   7   6  18  37   1  55  40   7  18  25  79  47  77  46  69
   44  81  15  96  93  77  67  11  75  94  55  30  69  17   8  82  29  77
   82   9  24  56   2 100  53  74  77  91  76  54  81  99   8  91  98 100
    6  90  34  77  15  36  67  75  43  17  24   8   8  44  11  23   5  59
   64  17  29  36  92  84  52   2  27  64  67  42   4  64  84  60  66  80
   16  69   7   7  65  50  79  55  48  97  58  85   1   2  88  37  32  27
   64  44  71  74  35  62  22  85  42   4   4  73  53  62   9]
 [  0   2  55  15  75  86  60  70  15  47   5  87  73  61  34  96  67   1
   25  45  86  80  14  79  25  89   8  34   3  73  11  65  79  94  45  64
    5  76   4  42  51  99  67  24   4  63  49  84  16  57  80   3  83  40
   87  54  68  59  14  62  82  42  19  69  81  22  88  74  24  73  11  85
   58  61  84  75  61  59  28  46  31  77  72  24  67  93  71  54  68   2
   50  59  39  91  21  20  23  16  67  53  61  11  84  45  98  48  17  84
   30  60  29  25  83  55  19  62  60  61  66  81  57  19  57  93  67  57
   97  27  41  96  39  77  21  13  32  44  29  56  34   8  20  23  29 100
   16   6  42  61  78  35  75   4  32  19  20  48  45  95  29  78   3  44
   48  23   7  95  29  79  27  84   8  88  72  58  36  40  21  14  81  75
   42  77  81   9   1  89  12  82  68   7 100  46  44 100  28  29  64  41
   19  36  30  23   7  94  10  82  41  15  92  95  64  82  13  10  55  76
   14  39  74  54  72  83  34  64  99  30  33  69   5  57  62  42  36   1
   21  46  31  86   3  82  79   8  89  49  75  74  25   2  54 100   7  30
   24  48  46  10  85  53  51  26  88  93  55  35  65  23  26  44  92  79
   73  99  31  86  89  90  23   3  45  34  89  92   7  52  22  59  65  16
   27  85   3  42  58  83  42  89  79   1  37  79  17  18  95  24  79  95
   67  18  62  71  30   8  30  15  34   7  62 100  94  65  21]
 [  0  46   3  44  17  39  27  29  68  66   8  61  46  91  78  93  58  60
    9  45  70  55  65  55  48  75   5  29  52  76  68  32  59  17  55  75
   91  54   5  44  53  70  95  10  75  96  65  90  26  85  74  93  14   7
   98  38  28  86  16  40  11  20   8  99  49 100  80  57  15  78  42  93
   40  64  47  18   7  14  41  30  28  70  96  91   4  71  14  91  52  16
   57   1  94  88  87  85  89  34  86  89  54  27  39  47  52  45  32  63
   18  31  99  87  47  58  56  26  61  19   5  20   3  96  19  40  75  63
   91  81  47  75  19  46  53   7  30  20 100  60  37  58  75  33  74  11
   17  12  11  27  21  18  33  13  66  74  75  34  75  97   8  17  67  32
   33   4  87  29  83  58  62   1  89   3   1  44  35  51  50  34  17  47
   16  15  67  31  57  44   6   5  16  26  45  75   2  11   4  37  34  93
   19  48   5  57  11  47  31  11  15  82   2  30  52   9  75  55  70  50
   45   1  70  20   2  27  28  91  52  18  46  19  84  88   1   8  84  31
   62  71   3  43  39  21  44  19  28  55  95  56  25  83  21  74  99  27
   20  74  14  12   1  39  93   9   9  36  99  55  59  34  78  86  88  40
   85  93  76  24  93  16  63  30 100   4  37  35  97   9  29  83  43  82
   53  57  23  36  12  95  64  36  84  78  51  75  45  80  52  65   7  20
   40  34  55  24  76  79  54  53  10  53  68   4  13  46   3]
 [  0   6  32  14  63  35  33  92  74  94  43  91  32  51  17  48   9  34
   57  18  72  82  19  43  35  36   6  53  41  21  85   6  25  73  63  78
   14  56  77   3  88  75  72  93  58  95  64  81  32  52  89  74  46  87
   81  64  78  79  81  32  41  32  40  79  18  52  97  47  73  72  63  96
   44  18  80  10  54  66  26  69  99  98  74  57  56  14  11  90  62   8
   28  89   6  42  39  69  35  72  77  82  84  33  31  71  93  22   8  25
   82  40  17  34   8  39  57  28  77  93  48  20  64  45  43  59  74  90
    7  26  45  44  53  13  65  98  83  87  49  40   2  30 100  85   5   3
  100  28  93  35  99  38  88  36  12   6  72  60  36   4  41  67  85   6
   38  53  53  82   9  38  36  15  30  97   8 100  83   4  95  81  52  64
  100  53  84  65  91  79  16  17  10  98  65  80  58  98  16  75  73   7
   78  10  45  19  85  51  13  58   1  67  85  19  33  82  22  31  67  23
   16  42  84  83  36  48  62  71  98  20  22  29  83  63  15  74  92  38
   83  22  28  78  72  29  23  69  22   2  42  28  88  32  35  22  22  76
   45  84   5  55  50  17  83  31  14 100  18  25  57  11  30  13  44   7
   93  82  58  88  91  61  62  71  89  19  69  35   1  59  36  62  14  42
   31  43  23  50  81  80  53  72  16   9  20  60  87  55  23   7  49  10
   37  32  19  98  11  32  97  29  55  37  84  77  98  58  35]
 [  0  74  54  35   9  53  93  62  99  91  56  95  90  91  63  87  30  10
   41  41  52  39  61  47  64  10  62  95  80  71  90  51  99  96  54  43
    1  77  76  69  64  62  33  41  28   9  25  33  42  68  46  63  49  17
   82  95  98  91  75  32  25  82  83  21  86  89  74  86  44  35  58  73
   67  33  25  68  63  13  28  93  60  46  65  10  14  51   1  12  11   8
   13  16  68  12  98   7  47  34  75  20  78  66  65  35  73  75   1  84
   10  66 100  50  62  65   2  10  26  81  41  32  24  98  27  18  37  33
   58  77   9  49  32  96  46  78  42  38  96  37  80   4  30  67   9  37
    1  73  42  93  40  29  37  73  30  61  12  85  26  77  88  82  48  59
   45  79  80  30  20  69  62  90  73  12  38  80  39  18  22   3  26  11
   71  43  74  70  92  33  74  55  26   6  22  45  77  73  11   3   6  21
   53  43  56  71  15  26  36  65  90  93  23  18  50  73  92  17  53  23
   78  16  59  76  29  48  27  65  75  61  42   9  17  32  39   5   9  36
   26  93  68  71  17  95  77  61  79  62   7  92  46  91  30  36  95  24
   37  33  36  74  48  45  29  44  80  48  97  85  28  93   9  29   7  61
   31  24  20   7   6  23   9  30  85  96  60  18  66  93   2  43  56   1
   25  46  35  41  78  27  92 100  49  92  75  84  88  28  98  23  84 100
   53  51  11  91  42  69  87  64  94  60  74  49  66  59  21]
 [  0  30  12  59  95  40  79  23  48  94  15   8  31  76  68  79   6  45
   99  38  23  10  74   8  65  47  72  56  37  89  55  89  95  86  87   5
   42  44  35  66  68  68  27  59   9  55   4  68  44  25  57  56   1  68
   27   3  46  62  70  39  69  52   5  18  99  14   4  77   6  18   9  76
   22  72  58   4  44  97  72  87  41  31   7  16  92  58  70  97  19  58
   70  30  57 100  76  76  91  79  25  85  50   6  31  27  60  20  41  68
   18 100  87  48  36  58  29  68  90  48  29  76  47  38   2  31  16  58
   88  82  56  70   8  44  54  23  94  96  53  99  28  70  69  51  22  20
   68   8  18  32  15  99  26  81  82  41  58  60  66  30  30   2  50  56
   54  78  97  51  37  88  95  27  94  91  68  74  88   1  72  81   2  27
   97  68  60  71   7  27  70  16  80  65   1  47  55  56  24  21  60  39
   29  64   6   7  74  68  22  13  76  91  80  78  86   7  57  89  90  27
   73  59  91  90  82  39  20  83  58  74  56  37  80  13  87   3   9  56
   36   4  78   4  73  16  81   8  84  12  57  36  21  78  23  99  62   5
   78  61  59  60  61  75  33  39  71  17  87  23  33  67  46   6  34  90
   97  34  94  23  59  88  44  32  85   4  41  29  96 100  98  97  48  74
   97  82  22  25  77  27  36  67  47  11  64   8  53  51  76  13  62  33
   12  80  31  94  59  52  34  93   4  56  69  54  65  38  25]
 [  0  95  69  16  43   2  50  61  92  97  29  38  54  56  81   2   2  30
   28  43  48  30  57  48  40  91  41  17  49  10  77  15  22  62  95  55
   31  96  75  46  35  54  60  78  39  95  70  92  47  70   9  50   6  21
   81  86  98  42  41   7  72  94  57  66  49  31  54  18  99  87  89  30
   24  75  56  29  93  25  10  20  34  47  15  59   2  65  66  66  33  86
   51  31  75  87  94  75  75  19  34   9  29   4  81  12  53  53  77  76
   60  22  14  64  39   1  88  60  95  33  80  65  46  74  94  48  57  98
   18  25  61  58  18  43  85  88  27  88  98  81  61  71  73  42  15  70
   73  23   3  16  86  73  93   4   4  18  50  50  64  44  99  67  53  22
   24  18   2  84  56  17  71  44  40   7  47  41  18  80  54  18  86  80
   94   2  42  23  59  91  14  21  90  55  38  95  60  19  62  62  72  29
   69   2  84  42  97  76  81  53  50  38  50  59  20  43  62  64   4   8
   43  30  31  61  30  42  67  51  43  19  46  23  10  60  72  77  98   6
   51  48  59  42  10   2  61  95  62  34  88  70  88   5  77  37  60  63
   26   1  54  77  86  68  77  39  17  63  38  70  54  95  83  99  66  33
   99  44   6  55  65  91  22  20  65  48  67  79  66  29  87  27  35  55
    6  33   8  73  64   5  16  20   7  34  69  78  27  49  82  11   3  37
   67  34  89  53  65  84  14  86   5  18  78  35  13  37  70]
 [  0  25  82  64  38  84   5   4   9  89  61  54  33  88  12  72  51  55
   58  31  70  63  34  40  61  78  41  64  36  47  84   7  52  33  16  47
   53  35  86  87  54  46  44  57  97  18  28  45  38 100  63   6  11  45
    1  14  59  52  60  64  68  41  23   4  81   3  31   9  53   2  47  50
    1  52   6  64  40  21  82  22  12  63  43  32  18  71   8  75  33  16
   29  40  62  80  15  69   9  70  52  25  43  52  86  73  66  65  85  26
    1  42   8  47  19  41  53  44  74  62  61  53  11  84  92  34  85  48
   83   1  74  98  26  13  33   6   8  41  27  37  99  30  98   6  74  80
   19  20  50  15  31   1  78  25  93  23  18  88  61  21   1  75  10   4
   78   1  49  93  33  10  27  93  97   4  51  15  16  84  43  61  85  21
   69   9  16  68  91  10  33  23  32  80  43  18   6 100  86  34  67  88
   40  89  79  77  78  40  24   3  84  42  60  64  16   7  38  53  43  34
   11  23  98  40  54   2  64  53  68  12  68  69  51   3  30  27  29  88
    3  13  47  80  87  73  72  13  70   7  98  25  48  97  30  88  22  68
   64  74  86  76  40  10  13  72  38  33  68  55  77  14  82  53  41   5
   88  44  39  44  72   4  37  68  81  70  95  59  46  31  36  14  80  56
   91  41  57  79  36  25  98  74  16  67  61  34  56  24  14  54  20   1
   16  96  43 100  88  79  22  15  85  52  70   8  56  91  73]
 [  0  11  69  27  62  96  54  54  41  48  53  15  55  22  49  30  26  27
   59  32  70   5  79  51   5  92  41  61  19  50  95  67  75  56  53  17
   73  50  64  75  28  98  65  39  48  70  40  16  21  38  16  14   3  19
   58  90  51  26  12  25  84  78  58  74  32  32  92  24   6  46  89  84
   18  92  75  74  58  58  86  51   5  99  99  14  78  59  89   1  65  75
   14  12  55  30  47  90  33  61  39  23  60  99  41  82   9  68 100  68
   10  70  19  88  85  66  90  79  41  25  27  49  81  43  46  23   5  95
    6   2  58  51  72  38  36  68  25   6  93   1  54  63  84  12  11  10
   54  74  85  23  12 100   9  14   6  11  24  17  84  25  67   2  38  59
   17  51   6  71  77  93   8  92  39   6  67  57  96  37  95  70  43  52
    1 100   5  45  70  36  34  30  89  94  63  96  31   2  55  38  63   2
   98  56   1  48 100  54  41  21  34   7  80  64  90  69  88   8  71  90
   76  56  24  82  58  69  76  55  66  61  33   9  78  87   2  90  42  82
   91  10  23  31   5  83  87  70  24  73  41  63  35  77  78  39  25  52
   13   8  76  27  96  86  58  12  71  58  77  64  12  25  12 100  73  45
   55  65  25  64  29   3   1  34  70  74  10   3  47 100   5   4  38  23
    7  56   3   2  82  57  83  95  19  36  73  61   5  74  17  20  20  25
   83  18  32  96  17  47  12  80  70  56  18  53   6  90  38]
 [  0  50  15  11  87  18  70  42  31  49  57  19  78  31  28  67  91  25
    7  97  16  89  36  86  95   9   5  68  88  80  46  98  12  39  36  11
    1  47  94  90  78   8  30  72  31   3  60  19  76  13  26  79   9  10
    2  30  96  48  56  47  67  64   7  24  90  83  39  34  34  23  34  46
   73  65   9  30  19 100  58  92  48  99  15  59  28  59  95  83  59  90
   62  98  53  27  85  37  38  91  84  95  52  39  94  62  47  91  92  29
   92  74  89 100  16 100  68  69  15  42  96  15  34  21  96  86  11  73
    6  48  58  31  90  54  30   5  43  80  90  41  11  78  43   8  97  91
   42  27  41  18   4  98  73  67  96  13  40  96  51  72  99  70  22  84
   13  46  61  73  49  19  62  51  81  53  57  73  62  75   4  25  30  14
   17  28  56  95  37  52   7  47  88  94   5  56  89  43   1  10  40  67
  100  78  61  76  59  10  16  10  18  70  50  93  28  90  52  95  58  23
   26  60  42   6  57   3  36  74  47  39  45  47  83  97  29  22  85  18
   84  76  64  45  61  96  83  82  13   2  69  35  60  71  34  77  86  54
   88  54  92  79  16  18  74  61  60  94  88  18  63  20  27   3  82  30
   64  77  22  83  12  50  59  62  39  18  81  25  75  75  22  32   8   6
   11  28  33  67  78  88  80  98  87  80  97  82  69  69  83  58  71  36
   35  19  43  19  33  22  40  29  44  80  26  40   1  45   3]
 [  0   7  24  69  72  45  87  60  77  34  35  96  85  28  21   2  49  56
   79  57  21  76  20  26  12  75  82 100  46  39  97  73  86  70  88  34
   50  52  19  58  27  90  36  55   2  99  42  79  38   8  45  73  33  49
   82  82  40  19  91  18  39  50  31  68  44  30  37  55  56  33  41  31
   49  58  18  95  21  28  32  16  46  21  54  91  31  38  37  62  45  10
   36  14  77  28  34  66  99  90  70  92  57  72  92  95  95  11  92  45
   60  31  83  12  79  32  30  33  53  33   4  88  37  68  42  83  48  55
   37 100  94  68   2  32  32  91  40   1  17  77  18   2  87  87  60   9
    7  76  50  67  44  13  16  69   9  76  36  62   8  22   2  38  98  54
   51  39  53  61  19  66   6  44  61  30  12  98  45  15  27  32  28  41
   74  82  69  79  44  81  88  35  55  46  40  88  47  36  45  42  29   2
   91  66  66  55  70  71  11  14  74  11  53  19  95  28  99  96  44  33
    5  89  87  66  70  61  55  61   6  84   3 100  47  92  43  34  50  21
    4   2  64 100  37  34  26  74  84   2  46   5  74  46   6  33  56  30
   13  56  42  33  10  52  28  30  52  80  15  73   9  89  76   4  13  76
   77   8  52  28  44  51  83  90  61  12  84   7  33  70  83  33  40  76
   80  89  20  65   3  17  80  93  83  81   2  46  58  74  85  17  77  81
   44  16  16  67  48  46  57  63  74  58  98  39  93  77  20]
 [  0  49  66  56  59  22  54  76  66  95  86  47  29  60  91   3  73  76
    5  45  99  70  47  54  35   1  93   4  43 100  41  65  87  60  66  97
   38  29   8  78  51   1  31  55  90  76  63  95  91  61  16  51  79  39
   97  54  11  73  88  11  92  72  63  37  98  32  68  27  99  74  96  39
   15  66  15  40  11  19  20  12  69  42  28  67  31  83  20   3   5  13
    2  90  50   6  28  51   4  25  14  83  54  42  92  36  88  29  95  41
   23  58  38  16  81  65  83  65  99  99   1  89  20  29  66  33  74  29
    2  46  16   6  79  93  35  49  90  13  38  51   9  42  42  40  30  37
   50  49  49  66   3  39  10  68  26  59  41  73  77  62  55  81  65  50
    1   8  50  61   1  29  70  73  32  64  40  38  53   7  39   5  20  37
   13  97  32  44  47  19   6  86  37  16  15   4   1  41  96  90  17  52
   72  29  69  57  67  89  59  83  52   2  28  27  70  40  55  73  36  76
   16  80  32  19  39  15  52  20  25  96  81   1  39  27   6  20  66  37
   15  28   4  22  25  39  19  62  96  82  56  15  71  85  58  71   8  34
   39  10  18  39  26  74  29  69  49  53  25  20  17  69  60  49  58  73
   33  92  62  95  47   9  28  45  49  65   2  71  34   5   5  19   1  34
   69  24  93  85  96  58  14  60  96  81   2  56  29  32   5   2  98  65
   45   8  27  91  57  35   3  50  58  49  83  78  52   3  94]
 [  0 100  46  96  25  33  53  26  43  27  77  72  11  30  22  61  38  75
   89  85  13  46  46  21  33  94  21  46  83  60  53  21  76  12  28   2
   69  18  62   4  70  90  35  94  22  78  94  64  94  65  34   5  19  19
   21  29   3  76  45  41  51   4  40  84  16  72  17  34  45  62  86   5
   35  45  93  29  96  48  50  97  94  76  15  87  47  19  17   4  46  78
   76   5  36  51  13  31  73  36  65   4  58  90  77  90  79  17  32  76
   94   9  84  75  37  24  55  47  37  58  71  36  76  14  19  41  13  32
   29  60  33  89  73  47  27  33  48  55  86   9  13  15   8  79   5  88
    7  54  36  11  12  51  38  96  40  87   5  96  83  67  69  60  96  24
   40  50  76  66  72  33  21  90  50  13  54  82  11   3 100  73  17  25
   79  10  10  24  30  82  80  77  94  11  59  79  71  73  42   6  24  15
   38   8  59  33  40   7  25  47  77  77  33  47  75  48  46   7  16   5
   15  65  59  74  41  89  83  91  85  99  80  89  91  57  98  98  95  10
   68  28  84  98  38  70  23  11  29  13  53  11  18  64  76  22  89  10
    6  81   8  72  89 100  85  16  98  98  84  51  27  10  52  55  68  83
   46  57  89  38   2  30  81  62  16  31  57  63   3  25  53  12  43   8
   34  28  92  11  32  78  87  25  97  29  16  20  56  37  33  49  38   8
   98  70  54 100  92  87  47 100  49  28  15  17  45  53   4]
 [  0  73  62  33   7  49  60  50  45  71  35  68  93  64  16  44  94  64
   55  26  50  81   3  34  79   5  38  21  57  26  39  90  25  52  32  85
   21  92  49  64   5  86  70  60  80  20  38  87  22  69  34  57   5  70
   50 100  84  34   3  47  72  35  53  46  62  54  96  84  57  15  10  84
   86  30  82  93  72  87  20  93  35  48  47  49  23  22  57  50  10  41
   95  29  98  99  48  64  11  22  70   7  91  77  88  69  90  57  18  18
   11  55   1  52  37  99   1  31  94  74  83  21  26  71  82  80  26  45
   83  78   3  44  92  61  20  38  15  21  68  44  59  99  45   6  46  13
   31  15  36  95  64  43  79  73  50  42  43  10  25  44  51  69  93  99
   14  16  66  36  18  79  68  12  37   9  90  55  53  55  85   9  77  71
   26  28  77  55  12  29  92  63  31  23  90  47  44  26  25   2  36  69
   75  80  35  38  17  89   4   2  43  92  56  44  97  37  58  95   4  77
   77  79  47  51  89  21  88  66   6  99   1  16  74  34  27  89  22  31
   73  45  59  21  52  36  93  45  89  84  85  31  90  54  94  98  25  23
   63  23 100  51   6  30 100  71  36  56  39  77  66   8   4  36  70  71
   24  21  26  42  35  91  14  54  54  39  56  78  37  43  52  65   1  59
   27  10  78  10  34  88   1  57  33   7  58  74  24   1  43  47  48  17
   43  89  88  38  56  45  10  90  38   9  21  43   5  88  15]
 [  0  98  62  19  25  75  66  37  16  89  99  42  52  31  62  18  89  80
    4  16  75   9  75  34  81  17  92  20  93  15  21  97  38  82  88   2
   16  62  95  46  56   4  86  62  87   5  34  93  88   9  63  54  94  44
   43  73  55  13  33  35  30  18  27  79  45  80  57  47  81  83  12  12
   76  11  93  96  12  14  87  46  90  25  68  89  11  12  44  25  70  79
   74  61  94  31  68  21  65  22  77   1  55  87  90  96  31  84  76  38
   28  80  26  45  23  15  38  28   9  26  59  61  70  59  42  12  52  32
   37  85  49  32  30  19  22  27   2   7  95  51  68  42  90  43  75  21
   74  10  60  74  95  47   1  38  75   6   3  40  16  50  16  20  23   2
   39  46  62   8  85   7  66  29  29  67  77  86  79  18  97   5  85  72
    3   3  16  45  35  21  90  98  62  47  95   6  13  40  80  76  53  50
   96  29  79  86  51  67  52  51  38   7  41  41  23  31  33  98  96  48
   70  34  94  52   6  60  12  16  63  34  50  43   2   7  70  20  21  64
   58  76  45  62  20  15  17  23  52  44  91  55   6  18  85   6  95  23
   31  50  94  75  66  73  27  80  92   9  79  62  49  36  91  93   3  64
   56  53  36  41  58  63  28  17  43  94  37  46  52  94  34  96  58  48
   73  13  48  23   2  60  70  84  35  12  54   1  38  74  97  26  55  93
   76  81  92  37  52  50  19  33  60  13  47   2  38  17  76]
 [  0  29  82   5  33  67   9  10  76  45  56  73  65  34  26   8  46  66
   42  27  50  96  32  41  70  43  99  88  51  41  41   9  19  57  85  58
   90  28  22  52  11  20 100  27  34  88  64  48  25   2  24  66 100  55
   94  83  63  12  94  39  67  22  99  88  92  39  95  21  16  96  28  66
   33  12  79  79  33  32  89  60  25  35  53  20  60  94   7   1  45  25
   73  83  65  89  29  98  46  47  63   4  73  49  32  74  36  67  85  23
   76  79  27  78  73  91  16  47  45  12  11  74  73  37  49  52  65  82
   67  11  33  35  52  46  58  17  95  36  38   8  85  48   8  67  31  56
   65  19  95  58  76  15  56  62  55  95  99  53  20  43  25  42  25  62
   32  55  58  39  98  97  67  89  80  70  63  16  32  69 100  89  96  72
   92  54  83  18  61   8   9  34  83  12  24  92  52  77  68  40  82  95
   25  45  70  61  12  74  34 100   8   7  40  82  87  33  89  67   2  37
   84  50  80  13  73  64   4  62   4   4  78  93  98  46   1  78  24  89
   22  87  22  86  19  30   4  82  58  91  54  23  59  11  85  86  74  96
   63  79  45  82  36  16  27  55  76  49  74  22   6  39  51  58  67  64
   46   5  78  92  18  77  19  14  95  89  70  35  62  47  48  92  14  98
   20  32  49  37  90  32  86  36  92  60  30  18  87  43  77  39  29  27
   19  26  19  80   8  48   7  57  36  94   8 100   2   9  98]
 [  0  90  72  49  67  36  88   5  31  40  81  81  39  44  53  29   7  19
   47  23  24  60  57   6  71  54  83 100  60  47  99  82   3  65  40  65
   82  76  94  19  25  37  70  28   6  60  39  58   6  78  81  52  45  33
   73   8  43  13  57  37  77  43  65  78  43  33   2  92  70  10  46  33
   40  88  98  80  84  55  13  74  37  55  45  33  56  98   2  29  33  20
   93  48  79  23  63  87  81  68  62  90  49  27  70  99  15  87  43 100
   74  74  63  75  97  20  17  55  55  53  25  50  80  62   2  33  76  29
   93  19  75  88  55  36  29  35  63  60  92  24  55  59  16  26  78  63
   57  74  47  43  92  41  80  35   1  94  10  80   9  97  68  95  33  79
   45  82  32  30  97  57  83  41  53  87  50  77  39  85  24  91   2  89
   10  97  44  40  93   2  93  70  45  25  46  97  47  63  58   1  46  28
   85  95  76  91  83  10  74  47  15  99  17   1  39   4 100  22  51  12
   70  82  87 100  36  34  56  77  87  64  13  77  76  16  68  87  27  13
   16  88  62  79  73   2  62  64  73  23  50   6 100  28  91  77  60   1
    5  60  82  75  53  31  15  87   2  24  63   7  37  15  72  56  93  51
    4  75  23  76 100   5  67  77  22  78  79  82  31  49  58 100  98  52
   20  70  29  72  59  13  79  13  21  60  70   2  35  62  89  81  78  99
   48  59  72  47  45  69  95  76  21  89  83  30  67   5  80]
 [  0  41  58  70  37  55  35  31  44 100  44  87  65  65  49  47  65  48
   43  51 100  57  19  68   3  75  35  96  26  52  77   1  73   5  56  57
   81  79  60  83  96  14  73  46  99  21  57 100  98  25  45  69  68   8
   35  69  22  25  71  30  27  22  19  11  94  67  74  30  61 100  17  28
   59  43  40  22  18  93  31  61  52  19  78  41  46  45  21  89  96  84
   17   6  79  21  53  45  26 100  22  35  40  10  39  73   9  97  19  19
   78  75  47  92  97  27  95  16  39  17  85  69  46  90  26  35  80  46
   33  51  19  40  78  87  64  24  78  86  31  24  40  37  18  42  64  50
   66  32  39  75  54  19  99  93  92  13  36  19  75  26  27  85  24  62
   10   2  49  52  18  34  69  57  68  96  56  10  52  90  71  94  55  84
   29  97  68  75  94  96  98  15  44  66  32  89  20  32  41  93  26   7
   52  43  68   2   7  35  43  32  28  27  33  24   4  25  15  65  63  84
   78  24  12  51  68  59  76  52  82  27  12  81  14   6  92  94  58  79
   53   4  31  62  79   6  55  37  67   6  15  31  17  60  95  73  13  22
   45  96  23  98  76  58  34  53  69  16  82  22  53  26  66   4  89  80
   89  48  63   4  71  49  26  49   9  14  55  25  77  22   7  10  30  12
   70   5  59  44  28  72  94   2   9  60  74  55  38  78  47  41  76  90
   93  33  52  66  70  47  78  68  50   6  60   7  35  69  36]]
 setup_times
 [[[ 0 38 33 41 59 52]
  [ 0  0 41 34 30 37]
  [ 0 31  0 41 58 41]
  [ 0 45 55  0 54 31]
  [ 0 55 38 42  0 49]
  [ 0 38 38 52 50  0]]

 [[ 0 56 53 52 49 57]
  [ 0  0 56 43 55 50]
  [ 0 44  0 49 45 43]
  [ 0 55 35  0 36 46]
  [ 0 46 46 51  0 58]
  [ 0 44 50 32 55  0]]

 [[ 0 55 37 34 31 43]
  [ 0  0 40 57 42 41]
  [ 0 58  0 33 58 46]
  [ 0 33 37  0 53 35]
  [ 0 32 45 54  0 39]
  [ 0 31 53 37 34  0]]

 [[ 0 50 46 47 35 35]
  [ 0  0 58 39 50 41]
  [ 0 54  0 32 51 31]
  [ 0 38 31  0 57 52]
  [ 0 32 45 46  0 59]
  [ 0 39 40 43 46  0]]

 [[ 0 54 55 56 34 40]
  [ 0  0 35 39 31 48]
  [ 0 34  0 41 44 39]
  [ 0 45 40  0 52 48]
  [ 0 40 43 49  0 48]
  [ 0 51 43 42 57  0]]

 [[ 0 30 43 35 49 36]
  [ 0  0 44 53 51 51]
  [ 0 39  0 36 47 37]
  [ 0 38 34  0 37 33]
  [ 0 56 53 53  0 57]
  [ 0 46 47 56 33  0]]

 [[ 0 57 59 53 39 42]
  [ 0  0 57 38 49 41]
  [ 0 42  0 58 31 57]
  [ 0 36 36  0 56 55]
  [ 0 46 40 41  0 42]
  [ 0 41 49 53 49  0]]

 [[ 0 58 42 38 51 40]
  [ 0  0 57 59 52 56]
  [ 0 34  0 31 49 37]
  [ 0 31 49  0 46 32]
  [ 0 52 58 41  0 42]
  [ 0 34 43 31 49  0]]

 [[ 0 42 56 47 41 42]
  [ 0  0 49 47 58 36]
  [ 0 52  0 51 52 48]
  [ 0 35 41  0 53 33]
  [ 0 53 30 47  0 58]
  [ 0 42 56 46 57  0]]

 [[ 0 48 54 55 39 40]
  [ 0  0 41 49 48 45]
  [ 0 40  0 34 57 55]
  [ 0 57 33  0 33 42]
  [ 0 52 43 56  0 33]
  [ 0 36 40 34 35  0]]

 [[ 0 32 31 34 36 32]
  [ 0  0 50 53 43 33]
  [ 0 41  0 45 46 49]
  [ 0 53 53  0 48 32]
  [ 0 59 46 53  0 38]
  [ 0 35 51 36 31  0]]

 [[ 0 41 39 43 35 35]
  [ 0  0 39 39 31 42]
  [ 0 42  0 40 49 38]
  [ 0 39 37  0 55 31]
  [ 0 56 30 37  0 51]
  [ 0 33 41 43 30  0]]

 [[ 0 54 30 51 54 40]
  [ 0  0 57 58 33 43]
  [ 0 30  0 59 54 48]
  [ 0 52 40  0 35 41]
  [ 0 37 33 30  0 55]
  [ 0 44 42 58 30  0]]

 [[ 0 57 35 36 52 34]
  [ 0  0 50 53 40 51]
  [ 0 39  0 58 30 56]
  [ 0 47 59  0 58 50]
  [ 0 55 33 49  0 45]
  [ 0 36 55 38 59  0]]

 [[ 0 36 45 42 56 40]
  [ 0  0 59 40 52 37]
  [ 0 48  0 46 37 37]
  [ 0 48 33  0 58 33]
  [ 0 34 55 53  0 40]
  [ 0 42 42 43 31  0]]

 [[ 0 37 47 42 34 54]
  [ 0  0 35 54 48 31]
  [ 0 39  0 30 33 59]
  [ 0 38 41  0 42 32]
  [ 0 38 51 44  0 41]
  [ 0 59 40 54 57  0]]

 [[ 0 40 57 46 35 57]
  [ 0  0 37 42 59 55]
  [ 0 49  0 32 54 38]
  [ 0 30 41  0 32 41]
  [ 0 39 59 50  0 51]
  [ 0 56 53 35 37  0]]

 [[ 0 41 45 53 50 35]
  [ 0  0 42 59 35 35]
  [ 0 50  0 33 54 36]
  [ 0 40 38  0 52 31]
  [ 0 31 50 54  0 52]
  [ 0 51 48 59 40  0]]

 [[ 0 30 42 32 57 50]
  [ 0  0 55 54 55 47]
  [ 0 34  0 49 52 39]
  [ 0 56 56  0 57 31]
  [ 0 39 54 39  0 37]
  [ 0 56 57 37 31  0]]

 [[ 0 39 40 59 38 50]
  [ 0  0 30 51 32 40]
  [ 0 52  0 59 48 56]
  [ 0 35 58  0 56 55]
  [ 0 39 53 50  0 32]
  [ 0 38 50 35 44  0]]]
 delivery_times
 [[  0 131 180 143 160 185 178 100 171 154 115 171 125 119 188 152 188 177
  175 109 125 100 151 198 163 178 188 109 176 140 158 160 161 141 107 131
  175 149 114 160 197 162 118 100 175 126 173 132 124 123 103 145 121 103
  160 190 113 157 104 142 174 156 154 121 172 148 164 134 160 139 186 124
  143 103 125 156 159 110 193 159 110 152 197 118 130 175 132 133 192 191
  199 142 136 104 172 145 134 199 110 177 113 182 126 166 142 174 120 177
  112 111 127 174 175 158 142 106 196 135 160 155 163 148 185 149 194 159
  198 119 155 188 103 110 164 186 121 132 194 145 173 145 151 167 194 171
  131 152 124 164 125 167 182 142 110 163 175 117 150 170 126 178 142 182
  199 173 172 145 153 109 116 104 149 153 134 165 175 150 140 179 104 193
  112 132 195 168 118 131 147 108 104 146 147 154 167 179 145 196 190 189
  192 129 138 112 175 153 138 190 193 138 188 184 140 112 113 105 101 101
  129 156 118 173 175 148 186 158 131 121 152 126 198 139 182 123 176 108
  133 160 114 191 105 167 103 190 197 186 145 195 188 137 153 109 181 166
  128 177 117 179 147 164 112 113 183 105 118 185 195 131 139 160 136 198
  141 101 192 171 169 183 162 164 128 147 139 186 121 138 161 181 119 176
  166 114 192 197 149 100 148 173 167 140 106 190 170 139 133 146 159 157
  100 167 133 116 105 103 157 177 149 111 178 116 121 131 112]
 [  0 103 121 101 199 149 132 153 134 122 141 173 182 175 122 122 119 167
  139 132 156 154 182 123 148 126 126 184 112 119 146 169 107 128 120 195
  184 168 136 160 166 186 189 120 119 180 100 122 196 199 171 168 178 119
  141 159 179 188 146 169 179 105 118 126 180 174 116 142 163 130 123 143
  119 107 122 136 100 131 146 164 139 121 150 108 154 118 183 194 126 176
  170 179 151 113 171 131 173 104 181 195 160 164 130 145 180 196 120 125
  117 155 167 101 116 103 120 163 118 148 172 145 114 144 154 183 184 123
  148 111 142 110 151 193 129 197 156 186 133 117 129 108 133 183 165 170
  192 140 121 128 135 156 167 114 196 115 124 108 165 103 185 187 195 164
  194 155 168 153 133 195 199 168 160 173 118 159 141 147 112 101 101 180
  175 199 169 130 101 187 171 184 108 118 144 117 190 181 194 160 195 101
  195 174 183 165 186 127 152 110 193 160 199 158 195 154 195 140 111 110
  187 102 111 170 143 171 164 136 174 189 130 134 161 150 191 119 193 102
  136 166 186 159 172 177 185 113 168 116 155 146 127 164 103 134 104 193
  136 129 159 146 104 185 135 149 194 176 174 110 139 138 153 194 154 195
  134 150 183 149 194 151 174 164 153 126 156 123 104 141 136 169 148 198
  190 169 108 185 100 111 114 185 168 180 142 151 186 123 126 129 130 151
  151 171 169 179 133 184 198 141 155 168 116 101 147 131 147]
 [  0 150 115 171 114 177 105 165 152 134 116 100 199 134 129 184 119 169
  198 166 143 133 194 148 173 142 101 198 164 117 122 148 124 143 178 175
  189 137 175 139 198 128 126 179 156 120 182 147 147 127 108 176 170 117
  186 124 109 174 100 192 125 139 106 190 127 190 147 172 129 125 108 173
  103 160 185 118 117 151 185 190 174 103 160 175 188 154 166 104 107 167
  138 119 153 196 187 122 160 178 179 130 122 124 191 157 136 162 143 103
  176 139 135 153 181 169 169 136 128 197 194 177 114 192 159 151 165 177
  129 104 168 179 140 129 165 101 195 121 132 136 127 193 110 123 191 118
  163 163 104 106 178 122 180 168 116 145 118 125 102 145 110 119 174 136
  101 148 192 100 112 146 136 187 179 138 112 104 164 168 171 155 111 102
  107 139 132 134 128 160 106 135 121 178 157 155 105 170 178 123 126 196
  167 142 164 177 176 148 111 147 181 148 142 125 114 191 102 176 118 120
  108 108 172 164 135 137 141 120 129 169 150 184 111 155 145 121 148 163
  104 194 168 154 154 121 123 173 191 169 140 170 145 133 139 137 125 130
  148 193 116 184 167 150 169 198 117 159 156 108 188 156 197 118 133 162
  155 167 102 153 160 143 103 193 171 110 144 143 158 166 175 168 168 136
  177 127 105 173 186 161 129 132 148 134 134 144 189 169 108 186 152 140
  124 169 105 135 109 103 117 177 148 115 181 158 192 180 106]
 [  0 160 106 173 170 164 184 125 173 173 123 178 197 142 123 184 154 189
  152 193 173 129 199 165 125 174 191 164 123 178 138 132 108 124 121 138
  141 135 107 162 185 155 175 151 175 186 117 188 171 180 120 106 112 173
  152 196 116 117 192 149 198 156 106 169 151 156 102 122 183 171 193 191
  157 164 182 173 135 167 191 160 158 189 108 181 164 140 132 182 104 199
  130 165 139 134 187 192 197 149 195 109 137 165 195 151 134 140 186 116
  177 131 194 169 130 174 148 170 194 134 156 130 112 163 138 146 101 137
  173 191 154 118 179 131 182 115 174 136 117 186 106 113 120 199 133 128
  153 183 184 133 193 160 116 136 164 164 190 181 139 106 132 194 101 145
  176 109 118 135 187 103 154 191 135 166 107 188 165 106 198 112 189 137
  187 121 166 194 159 176 137 117 178 167 151 163 182 102 167 163 166 106
  184 187 118 195 198 163 196 152 121 173 170 169 171 199 122 103 107 188
  162 195 198 109 144 120 103 139 182 180 188 168 110 133 128 183 172 123
  192 161 150 137 122 168 183 143 100 185 143 190 174 173 143 163 160 164
  124 175 195 133 159 192 159 146 170 194 107 134 121 134 162 147 119 104
  163 195 187 166 111 115 186 137 118 161 124 134 186 133 141 166 176 188
  194 187 109 160 198 114 165 104 157 138 167 133 161 169 192 135 114 109
  185 156 183 178 101 150 185 197 152 192 154 195 110 198 101]
 [  0 150 125 130 197 114 147 116 189 145 150 166 122 159 103 157 140 164
  120 196 195 176 117 161 158 180 116 169 142 171 183 163 192 137 156 163
  122 139 185 181 117 161 176 129 147 109 114 130 115 151 161 105 199 141
  156 142 162 169 172 100 117 183 107 162 167 131 102 113 122 108 179 195
  109 188 144 126 115 111 150 158 137 119 195 174 130 163 182 142 125 111
  124 173 128 151 168 163 140 120 118 138 132 149 144 116 119 198 193 139
  196 159 112 111 125 154 112 162 141 168 188 132 168 182 159 178 144 152
  118 130 137 105 190 194 134 103 166 106 176 180 171 160 111 176 174 182
  176 137 115 129 135 129 164 168 101 199 105 124 153 129 115 106 117 118
  164 115 167 129 173 198 163 118 107 122 127 107 157 195 109 179 195 184
  108 192 117 125 132 116 189 181 194 183 161 183 115 158 177 128 109 198
  153 147 146 197 193 178 118 179 122 166 145 178 141 191 152 152 147 194
  108 176 111 186 159 104 133 192 197 197 187 187 122 116 198 149 139 160
  169 184 191 163 183 136 145 194 167 197 179 195 188 186 196 139 126 180
  195 114 114 133 190 142 166 144 104 136 154 196 147 159 168 106 111 121
  130 121 179 152 180 143 127 174 126 178 180 155 106 128 125 108 102 108
  130 168 189 143 155 177 188 113 106 149 147 199 198 126 130 191 115 119
  152 187 121 112 139 188 192 165 144 180 169 115 139 128 105]
 [  0 169 148 134 114 122 161 150 143 110 189 102 152 144 185 149 122 102
  157 107 160 146 186 122 185 117 105 105 120 196 180 105 153 180 166 135
  150 119 119 150 172 156 162 114 183 161 161 146 134 167 156 120 150 146
  117 150 179 168 130 165 162 195 101 166 151 147 135 179 177 117 150 127
  142 122 113 154 195 150 122 177 149 138 132 180 100 170 169 140 182 162
  165 119 149 110 176 169 171 156 121 130 129 145 130 114 168 122 179 189
  100 124 138 196 116 191 110 193 142 153 177 199 190 166 117 186 106 164
  129 189 108 195 111 186 196 133 168 139 169 174 188 123 174 138 110 124
  135 141 194 144 104 109 164 186 104 100 113 159 119 122 168 150 169 198
  131 104 131 198 191 135 124 195 143 186 131 123 117 110 147 121 174 103
  134 189 164 108 109 163 140 161 126 122 156 156 156 179 141 198 100 131
  182 158 173 192 152 124 105 165 158 183 133 167 131 116 108 136 163 132
  123 120 120 117 183 174 128 149 160 175 129 131 102 165 154 116 176 189
  192 101 170 161 100 199 133 139 103 198 138 123 131 144 125 118 171 190
  149 116 157 162 152 161 108 178 105 179 154 155 163 138 103 195 112 152
  104 112 173 136 110 110 117 138 121 107 121 143 100 180 120 182 116 104
  166 172 178 146 176 157 126 160 173 115 116 128 165 132 167 160 173 137
  174 147 171 107 102 183 179 157 122 155 170 114 192 170 125]
 [  0 197 150 188 124 196 111 193 192 183 107 138 171 193 119 152 129 146
  161 163 117 106 120 148 139 180 160 114 142 190 148 120 174 101 196 107
  116 175 174 160 103 182 196 186 191 173 194 191 154 100 194 119 165 148
  102 193 159 185 118 118 148 199 164 122 172 182 161 188 196 146 147 164
  104 120 173 114 110 183 170 113 141 118 143 149 184 185 112 125 126 154
  184 110 189 120 135 147 103 190 150 120 138 100 134 102 120 134 169 164
  123 111 105 148 153 161 132 175 102 150 148 102 100 119 147 169 117 140
  107 187 126 129 159 162 109 199 102 123 198 129 106 155 141 153 151 166
  156 130 173 132 143 143 168 173 158 156 100 125 121 167 106 152 105 103
  151 172 171 103 140 160 160 171 149 195 150 177 184 101 125 199 162 186
  138 125 121 170 100 176 148 199 161 135 165 114 101 129 174 118 180 171
  107 122 153 129 157 151 119 147 127 133 142 147 122 181 189 102 155 130
  172 189 125 103 137 191 133 182 124 178 109 103 152 128 173 154 197 148
  167 120 114 176 125 108 180 118 172 190 176 140 136 167 115 145 144 190
  110 130 122 149 160 139 102 134 103 123 187 157 176 162 154 133 129 123
  118 153 122 172 186 132 111 192 105 154 147 157 103 199 184 154 107 169
  148 181 173 136 130 180 128 111 137 177 150 127 193 121 195 114 157 135
  168 152 160 129 120 180 138 148 113 128 123 172 149 181 145]
 [  0 115 105 151 157 180 178 139 118 117 174 142 170 173 115 188 158 186
  187 135 185 104 147 164 109 152 126 181 139 117 118 132 192 115 164 187
  165 176 164 158 139 142 109 156 180 170 107 149 123 132 152 158 190 126
  192 181 162 143 157 177 173 142 137 156 186 131 169 110 164 161 108 175
  116 134 120 142 139 156 120 109 137 135 137 157 158 113 176 151 149 191
  100 183 150 174 130 125 179 160 151 101 189 138 178 163 151 137 177 146
  170 127 180 108 188 186 114 185 133 188 147 166 101 173 190 198 194 160
  128 197 187 157 198 112 174 141 157 135 100 169 174 140 156 159 192 150
  116 114 178 188 186 109 116 131 134 134 124 171 186 156 148 122 189 152
  142 132 199 150 181 118 164 124 154 144 127 151 182 130 144 152 127 161
  172 183 114 158 159 111 131 132 182 116 182 151 109 111 177 145 159 152
  194 181 176 169 186 130 135 195 176 199 177 126 141 163 143 121 117 194
  104 178 113 182 182 139 199 128 136 114 160 158 180 174 112 160 139 194
  154 160 176 104 153 182 191 163 175 147 144 106 130 180 199 110 193 189
  196 175 112 141 162 141 171 128 137 147 151 112 176 178 196 140 194 190
  123 130 170 196 191 131 193 111 177 134 144 157 159 131 164 177 129 132
  116 107 160 127 164 169 172 124 132 182 196 111 188 144 115 134 118 170
  112 161 113 169 117 142 134 194 111 174 174 111 175 155 117]
 [  0 155 147 167 188 196 127 170 154 197 137 157 132 175 123 145 100 116
  167 166 158 185 127 154 150 137 114 133 112 190 197 199 170 163 182 160
  109 140 183 152 113 133 141 167 180 174 138 160 195 105 113 145 108 190
  197 145 146 125 153 164 147 118 100 188 116 127 160 174 147 198 134 136
  114 115 111 147 146 182 158 147 152 181 151 106 195 144 174 138 161 189
  191 123 117 140 108 177 196 141 155 122 101 195 196 192 186 197 194 120
  153 175 177 140 132 160 140 111 110 143 142 121 168 170 124 162 177 172
  138 188 146 179 156 181 185 137 191 194 163 110 111 184 197 174 172 185
  198 161 179 128 199 162 155 167 162 164 194 157 170 111 169 144 162 185
  166 185 120 192 198 199 159 126 153 107 143 158 126 109 161 188 134 149
  185 111 159 163 104 189 145 126 155 193 118 103 128 189 144 198 196 155
  170 183 173 105 133 170 113 124 110 125 189 106 149 152 177 198 118 190
  113 181 174 182 156 148 180 175 149 128 133 184 102 184 109 101 137 133
  119 193 159 129 191 113 117 141 194 189 105 190 106 168 108 148 132 194
  159 134 177 177 112 113 110 113 173 127 166 123 199 173 122 133 148 184
  150 144 188 125 102 182 118 176 199 175 147 140 190 186 165 136 189 142
  170 180 183 151 183 150 166 130 153 124 155 145 119 172 120 100 172 124
  163 177 163 122 101 162 137 117 154 108 102 166 159 104 152]
 [  0 180 191 173 115 181 119 181 131 196 123 112 155 170 190 133 135 151
  138 168 151 138 130 100 188 125 134 113 197 140 136 164 130 142 122 199
  168 122 121 195 168 126 130 168 191 194 125 179 164 103 138 170 157 113
  108 100 150 179 185 159 125 166 118 144 186 178 195 178 147 129 148 151
  102 185 141 157 139 184 164 136 170 140 172 196 172 140 138 150 133 142
  124 150 101 118 196 158 157 127 100 116 133 130 177 155 116 124 145 157
  161 186 104 170 164 174 142 168 191 109 136 101 151 150 174 150 158 150
  117 118 123 124 131 167 168 115 144 107 166 122 138 174 158 165 177 113
  112 164 170 117 153 131 182 167 126 130 181 156 158 122 130 194 140 104
  181 186 153 106 147 115 148 163 147 163 153 103 174 162 109 115 143 115
  155 118 104 152 157 127 114 143 107 146 188 162 156 137 167 135 111 103
  102 117 111 172 199 190 105 160 140 100 103 139 127 169 173 149 131 120
  136 117 169 145 175 174 125 117 135 194 112 162 180 151 154 120 154 112
  193 153 101 199 103 180 164 167 135 155 100 190 131 182 139 120 193 130
  174 128 112 120 152 182 103 106 111 167 171 147 189 107 119 130 119 160
  118 146 120 158 188 146 121 178 188 124 114 152 148 168 104 197 164 106
  187 151 180 151 176 184 121 104 128 134 191 147 163 164 155 141 169 146
  134 198 174 137 148 141 199 171 160 191 156 176 130 169 107]
 [  0 178 171 153 152 193 189 191 179 191 189 185 188 141 191 185 152 191
  190 108 122 150 182 138 174 147 109 154 195 173 149 172 185 197 136 113
  162 134 142 175 152 126 163 148 132 102 134 199 167 122 194 124 125 112
  125 162 198 116 183 158 100 165 181 162 157 174 164 133 163 146 102 199
  129 156 198 198 170 148 139 186 171 124 157 100 113 169 134 101 172 191
  180 102 139 110 185 116 116 165 171 161 185 148 151 158 183 189 190 130
  165 180 160 148 130 159 188 133 159 107 139 159 142 172 155 154 107 153
  161 106 108 110 160 105 187 195 189 110 110 136 184 110 111 136 119 130
  124 195 165 131 192 114 109 163 181 122 120 113 138 143 195 186 124 155
  112 145 175 120 139 133 199 186 192 129 157 158 126 105 185 110 135 138
  184 123 111 175 166 135 170 120 184 136 122 192 138 123 103 140 159 161
  146 161 193 191 168 146 135 149 192 157 137 155 154 171 116 126 104 141
  161 172 186 196 184 178 193 100 167 134 182 118 179 179 172 170 162 116
  176 108 103 107 115 166 131 157 115 184 105 192 168 190 101 148 178 185
  190 158 106 101 157 144 126 117 101 184 129 118 168 146 185 194 197 117
  134 136 155 115 120 113 129 126 199 124 180 170 198 126 183 195 188 153
  196 173 187 166 100 191 177 185 144 121 128 169 189 181 110 147 125 144
  189 132 155 158 162 149 194 139 155 114 166 131 133 164 135]
 [  0 189 162 150 152 129 102 174 167 122 175 168 121 108 192 138 199 113
  132 123 195 191 132 144 185 111 174 114 188 197 190 119 134 145 136 106
  170 145 169 181 179 165 142 162 156 113 150 147 134 187 154 182 183 167
  190 100 111 112 140 176 112 180 181 126 128 176 148 190 151 137 106 135
  197 132 178 119 106 188 139 188 182 182 199 194 109 189 123 109 120 167
  123 160 126 120 193 190 132 140 192 164 128 154 173 175 194 120 190 192
  178 182 118 174 112 136 188 196 196 178 150 137 135 114 167 192 110 198
  199 127 166 195 116 107 152 171 162 175 102 183 175 177 124 199 182 120
  151 114 137 108 128 175 120 114 180 151 122 121 135 106 155 165 191 136
  121 193 100 139 118 196 131 128 176 149 160 167 135 147 115 194 196 195
  176 130 152 102 197 166 157 158 181 132 146 100 102 190 189 152 139 198
  128 145 132 166 188 118 138 144 133 184 146 150 192 180 198 151 124 175
  143 150 181 164 103 107 109 156 176 133 121 118 155 144 156 195 107 129
  168 119 198 122 149 179 180 166 168 100 144 171 110 108 106 178 179 124
  183 158 187 124 161 103 167 135 158 198 111 150 162 164 191 148 166 142
  154 185 160 177 138 112 197 173 100 185 125 153 178 158 112 182 102 167
  189 170 146 102 114 197 113 179 182 120 188 122 150 160 195 172 131 189
  109 190 141 148 113 177 134 141 158 137 189 164 155 131 143]
 [  0 198 193 132 199 175 109 124 190 103 177 153 151 184 199 137 191 139
  101 130 164 166 124 157 163 121 141 151 175 140 138 104 145 185 131 174
  172 181 137 186 181 102 172 172 126 106 175 115 114 193 145 181 163 146
  156 179 114 184 182 156 154 143 151 104 190 138 114 140 184 104 126 133
  170 100 134 161 106 112 188 175 184 190 152 192 114 102 180 152 152 183
  131 168 144 198 182 199 189 114 125 144 184 116 115 107 180 188 159 132
  166 114 102 149 189 120 107 112 107 111 161 129 151 181 161 174 117 179
  126 115 161 109 120 196 172 158 117 177 120 105 105 115 178 170 158 184
  105 126 113 113 154 136 165 152 138 170 178 136 127 100 130 115 164 141
  157 148 122 170 128 121 132 126 130 146 131 181 108 189 127 119 183 188
  183 121 182 186 113 179 169 148 171 177 175 110 140 105 168 114 157 172
  128 168 149 166 125 176 146 123 153 139 180 165 102 117 156 160 150 182
  124 137 185 156 144 157 135 190 102 128 134 125 189 146 155 114 169 154
  172 101 167 134 188 179 123 133 117 170 155 135 175 129 144 197 184 163
  101 111 197 185 110 158 198 161 109 172 103 157 194 167 160 150 130 124
  140 139 161 193 132 150 160 194 160 181 139 131 101 159 103 193 182 140
  150 123 119 191 167 131 167 125 107 127 151 111 138 147 129 177 165 170
  189 156 131 168 137 108 191 161 196 120 126 113 110 146 167]
 [  0 194 195 196 193 129 190 128 170 188 131 187 125 137 124 130 101 113
  122 154 151 122 115 163 167 138 180 148 177 185 154 162 117 144 159 140
  151 147 121 177 187 191 143 119 142 157 196 167 144 129 156 198 169 114
  106 170 179 100 169 112 168 119 102 170 109 147 121 185 146 110 119 198
  107 174 104 195 122 121 124 183 131 140 189 178 131 182 153 122 148 141
  137 179 111 151 136 195 157 184 117 150 175 190 152 191 108 128 125 116
  194 110 159 124 113 104 149 100 124 124 172 165 119 181 114 130 179 139
  144 136 142 109 176 100 151 176 132 155 157 196 149 192 148 188 157 193
  158 113 103 162 161 161 109 136 172 133 117 197 132 111 191 174 195 114
  142 126 153 137 172 140 124 181 184 125 133 197 174 179 157 145 195 172
  132 141 158 117 181 145 109 144 171 163 166 125 101 106 179 163 117 193
  124 135 146 159 177 156 105 116 186 191 185 152 147 158 122 181 145 157
  137 101 122 125 197 170 102 139 148 100 133 108 132 191 198 160 122 126
  189 142 173 186 129 101 144 100 196 123 136 157 166 157 197 184 169 155
  131 194 197 139 175 154 180 141 190 117 144 129 187 108 117 117 115 114
  167 106 101 161 194 118 181 137 113 184 176 136 160 107 132 177 132 155
  105 132 135 177 151 187 187 164 174 142 171 154 167 143 103 130 132 185
  130 146 146 120 168 166 172 117 141 137 129 180 163 133 161]
 [  0 170 149 193 188 147 112 154 174 168 159 122 190 172 181 119 153 183
  183 185 183 185 108 153 188 132 158 151 187 161 147 189 151 110 175 174
  171 187 183 123 174 168 120 188 132 116 140 123 181 175 180 177 199 168
  169 108 162 137 144 138 133 119 107 186 121 104 169 124 139 123 126 123
  121 140 167 172 134 175 190 103 108 138 117 166 128 199 156 197 174 120
  141 180 136 122 156 129 181 126 113 191 164 124 104 189 143 179 176 148
  180 125 143 155 103 179 131 184 144 115 169 132 182 173 137 144 170 113
  155 158 129 101 156 159 118 116 120 124 144 153 147 117 132 186 185 112
  192 108 186 174 135 107 107 188 166 185 118 126 193 125 159 103 149 110
  155 143 148 108 176 191 120 185 171 128 116 180 143 183 154 148 117 111
  121 101 189 167 120 192 113 125 166 165 103 146 151 126 197 163 195 117
  118 117 118 102 158 164 132 151 100 118 110 128 110 106 173 101 197 121
  177 195 144 165 138 119 197 113 173 162 193 180 186 107 164 122 142 183
  104 147 120 104 146 106 185 147 150 157 141 103 196 142 148 198 125 122
  161 130 183 173 197 168 196 100 179 186 183 177 176 120 124 182 128 148
  179 185 181 185 119 151 167 124 155 173 192 199 132 191 138 115 106 115
  118 177 139 171 175 131 187 192 135 160 142 169 156 193 110 176 114 197
  177 106 148 135 119 146 106 163 166 136 175 122 191 122 158]
 [  0 146 135 135 179 163 181 198 106 138 195 174 136 175 157 151 106 149
  160 196 191 120 117 157 174 124 115 109 143 115 189 154 100 183 151 197
  166 194 157 102 111 187 163 165 187 158 189 177 197 148 131 130 184 138
  196 149 152 128 100 196 122 114 126 192 138 164 175 123 169 135 174 100
  161 150 194 146 144 107 119 162 111 174 144 110 113 119 153 147 129 122
  136 141 123 153 169 155 116 120 148 120 172 181 167 153 105 161 107 134
  165 178 112 121 155 151 184 130 119 175 184 185 172 177 100 111 160 187
  139 182 165 138 120 141 133 115 194 160 181 162 162 126 139 141 178 196
  107 183 193 164 143 161 157 197 153 165 148 166 128 120 165 102 111 179
  182 127 184 102 146 110 180 107 155 167 163 163 106 173 167 158 182 165
  129 189 196 101 157 188 124 162 158 100 177 138 126 149 115 185 104 191
  148 163 189 138 107 162 179 134 164 100 182 159 194 198 100 105 174 130
  101 187 161 198 104 166 156 162 168 182 139 198 139 155 159 160 156 178
  180 175 181 165 121 115 140 118 180 102 153 151 188 185 173 143 105 132
  134 144 168 114 129 134 102 130 154 171 183 145 132 175 135 114 154 193
  154 180 183 132 135 193 151 108 184 115 105 123 143 118 192 178 143 109
  124 128 138 139 128 101 196 162 151 124 105 188 165 149 144 189 125 113
  192 152 189 179 152 149 120 148 126 111 166 136 113 157 130]
 [  0 129 191 129 189 126 191 128 100 160 183 192 193 119 106 142 169 131
  118 100 159 174 137 191 118 128 103 114 183 191 179 191 137 108 153 136
  171 112 114 163 109 148 163 130 151 165 193 152 179 159 176 177 178 166
  103 158 121 166 151 104 101 193 141 123 186 177 132 192 124 192 154 166
  122 125 138 199 160 178 157 179 111 133 150 110 112 115 176 199 111 169
  116 191 177 125 174 141 168 130 131 139 165 126 161 143 140 104 156 106
  177 103 195 180 147 163 182 164 150 152 138 144 153 162 136 147 146 148
  163 149 164 189 109 102 134 113 174 113 183 115 109 161 175 167 184 129
  113 191 144 159 163 118 101 113 198 105 139 119 121 187 197 137 193 145
  186 188 108 149 109 131 113 143 137 171 112 113 180 154 197 171 190 152
  176 112 162 142 104 139 144 124 107 182 158 187 134 163 103 170 195 176
  171 170 159 169 133 148 132 189 106 191 104 156 188 108 176 166 116 155
  141 138 126 136 112 100 158 186 170 151 114 154 140 153 147 100 169 116
  155 117 118 146 111 154 147 112 173 177 194 159 182 199 111 108 165 157
  121 160 131 137 158 169 198 195 193 148 139 134 196 145 173 100 159 150
  154 162 113 123 142 176 149 118 151 152 140 134 119 146 145 100 151 145
  166 185 103 128 101 157 141 149 161 188 125 108 195 117 178 157 172 151
  171 125 193 112 113 161 124 161 189 170 127 150 143 106 185]
 [  0 109 130 125 144 108 188 152 157 115 124 107 141 160 197 191 180 168
  106 121 128 129 116 178 127 169 182 126 160 100 192 190 158 161 182 135
  109 182 173 172 165 188 137 181 149 106 101 165 195 139 136 173 131 124
  186 120 119 165 109 192 158 117 106 193 123 187 184 187 161 115 169 126
  136 127 111 158 160 141 140 198 192 151 188 135 164 130 160 115 109 120
  176 114 118 196 187 197 131 113 197 151 179 111 138 123 169 132 121 172
  156 130 175 121 139 125 109 150 196 175 162 113 114 165 122 146 190 110
  103 156 168 179 184 108 110 191 117 170 152 187 153 183 129 155 131 113
  173 113 189 106 175 186 195 109 180 199 196 188 134 108 195 183 144 127
  165 175 155 115 147 101 194 164 195 199 126 169 183 160 101 143 191 186
  118 199 178 120 141 125 199 189 185 133 177 108 125 157 140 170 176 137
  176 158 181 152 101 134 183 166 170 154 129 154 125 154 154 156 163 179
  151 114 161 128 171 139 139 180 121 124 166 160 146 134 162 155 176 161
  101 156 140 126 182 135 174 198 142 184 128 173 181 117 181 124 195 163
  152 112 150 180 108 109 112 187 121 189 142 151 168 134 133 118 128 106
  115 121 102 174 103 122 177 187 191 136 134 130 195 172 185 104 135 159
  127 169 147 131 129 176 102 112 115 166 110 166 117 176 186 126 151 193
  185 159 190 102 103 174 106 162 185 174 107 135 174 100 166]
 [  0 116 115 177 165 128 186 189 151 124 126 152 188 134 194 153 175 122
  176 138 104 191 119 189 150 146 149 148 126 190 131 114 135 158 195 163
  164 195 171 110 101 120 184 197 157 165 125 121 193 123 162 176 117 185
  183 177 188 115 112 141 168 112 143 108 184 193 175 172 198 171 161 188
  141 157 186 156 139 181 162 127 128 120 116 100 193 149 182 158 183 199
  126 161 130 166 152 121 118 135 174 161 116 117 101 134 153 193 186 184
  118 174 150 191 158 135 193 193 164 195 179 179 138 175 143 126 138 105
  123 162 132 167 158 135 108 172 140 182 111 153 128 126 170 114 183 144
  123 197 180 137 124 196 106 184 144 195 113 198 119 141 125 111 162 106
  188 196 145 179 103 166 122 117 118 132 195 158 181 163 165 100 142 176
  199 122 178 172 176 115 118 104 190 121 134 142 105 158 196 117 116 158
  166 172 164 114 189 180 106 114 179 154 111 136 132 129 116 127 103 118
  153 143 105 138 149 151 197 128 192 192 184 194 104 149 120 198 197 199
  119 164 157 137 195 125 194 184 158 185 162 154 151 142 182 123 186 127
  178 109 185 145 114 104 105 151 188 172 164 107 131 102 136 177 183 120
  129 170 184 104 179 176 179 122 173 121 184 129 196 128 165 132 184 121
  165 182 124 148 141 141 186 148 188 181 136 194 175 113 144 170 116 136
  162 144 114 142 185 164 189 144 106 193 183 177 119 123 155]
 [  0 126 156 183 101 154 180 112 196 127 188 143 167 108 100 123 180 118
  161 116 133 101 157 177 112 137 112 110 133 134 135 184 174 172 136 118
  132 130 118 179 161 103 106 104 150 118 152 182 156 165 190 167 144 177
  145 145 179 192 132 192 123 179 143 193 176 135 156 145 162 135 141 168
  133 110 119 190 157 116 175 186 195 182 158 190 111 190 119 182 140 116
  104 110 106 154 165 192 138 108 170 116 130 150 143 138 124 126 166 199
  154 162 133 184 176 188 134 155 114 135 156 180 181 178 166 125 185 196
  158 135 139 132 125 197 141 127 119 114 167 142 135 188 185 177 116 119
  107 172 159 108 138 161 164 153 107 129 130 197 123 165 136 136 117 175
  124 152 129 160 139 115 165 115 180 135 181 120 100 127 178 165 157 198
  192 140 144 174 189 178 156 174 136 106 111 162 147 179 175 113 155 115
  165 126 149 196 120 193 159 103 112 110 147 105 101 167 124 190 192 104
  173 176 130 122 102 184 102 160 112 109 155 184 197 182 126 127 168 102
  103 126 123 135 152 169 121 112 146 173 146 175 169 173 185 108 188 166
  113 166 167 166 192 195 158 180 128 133 149 121 164 191 141 105 172 128
  196 176 178 127 127 124 110 182 188 120 143 143 103 177 136 130 147 105
  142 140 183 144 108 115 125 111 152 112 102 126 155 140 130 112 166 138
  111 170 102 120 194 122 120 129 195 196 176 120 194 116 193]]
 job2fam
 [[1 0 0 0 0 0 0 0 0 0 0 0 0 0 0 0 0 0 0 0 0 0 0 0 0 0 0 0 0 0 0 0 0 0 0 0
  0 0 0 0 0 0 0 0 0 0 0 0 0 0 0 0 0 0 0 0 0 0 0 0 0 0 0 0 0 0 0 0 0 0 0 0
  0 0 0 0 0 0 0 0 0 0 0 0 0 0 0 0 0 0 0 0 0 0 0 0 0 0 0 0 0 0 0 0 0 0 0 0
  0 0 0 0 0 0 0 0 0 0 0 0 0 0 0 0 0 0 0 0 0 0 0 0 0 0 0 0 0 0 0 0 0 0 0 0
  0 0 0 0 0 0 0 0 0 0 0 0 0 0 0 0 0 0 0 0 0 0 0 0 0 0 0 0 0 0 0 0 0 0 0 0
  0 0 0 0 0 0 0 0 0 0 0 0 0 0 0 0 0 0 0 0 0 0 0 0 0 0 0 0 0 0 0 0 0 0 0 0
  0 0 0 0 0 0 0 0 0 0 0 0 0 0 0 0 0 0 0 0 0 0 0 0 0 0 0 0 0 0 0 0 0 0 0 0
  0 0 0 0 0 0 0 0 0 0 0 0 0 0 0 0 0 0 0 0 0 0 0 0 0 0 0 0 0 0 0 0 0 0 0 0
  0 0 0 0 0 0 0 0 0 0 0 0 0 0 0 0 0 0 0 0 0 0 0 0 0 0 0 0 0 0 0 0 0]
 [0 0 0 1 0 0 0 0 0 1 1 0 0 1 1 0 1 1 1 0 0 0 0 0 0 1 0 0 0 0 0 0 0 0 1 1
  0 1 0 0 0 1 1 0 0 0 0 0 0 0 0 0 0 0 0 0 0 0 0 0 0 0 0 0 0 0 1 0 0 0 0 1
  0 0 0 1 0 0 0 0 1 0 1 1 0 0 0 0 0 0 1 1 1 0 0 0 0 0 1 0 0 1 0 0 0 0 0 1
  0 0 0 0 0 1 0 0 0 1 0 0 0 0 1 0 0 0 1 0 1 0 0 0 0 1 0 0 0 0 0 1 0 1 1 0
  0 0 0 0 0 0 0 0 0 0 0 1 0 0 0 0 0 0 0 1 0 0 0 1 0 1 0 0 0 0 0 0 0 1 0 0
  1 0 0 0 0 0 1 1 1 0 1 0 1 0 0 0 1 0 0 0 0 0 0 0 0 0 0 1 0 0 0 0 0 0 0 0
  1 0 0 1 1 0 0 0 0 1 0 1 0 0 0 0 0 0 1 0 1 0 0 0 0 0 0 0 0 0 0 0 0 0 0 0
  1 0 1 0 1 0 0 0 0 0 0 1 1 0 0 0 0 0 0 1 1 0 1 0 0 0 0 0 0 0 0 0 0 0 0 0
  1 0 0 0 1 0 0 0 0 0 0 0 0 0 1 0 1 0 0 0 0 0 1 0 0 0 0 1 0 0 1 0 0]
 [0 0 0 0 0 1 1 0 0 0 0 0 0 0 0 0 0 0 0 0 0 1 0 1 0 0 0 0 0 1 1 0 0 0 0 0
  0 0 0 0 0 0 0 0 1 1 0 1 1 1 0 1 0 0 0 0 0 1 0 0 0 0 1 0 1 0 0 0 0 0 1 0
  0 0 1 0 0 0 0 0 0 0 0 0 0 0 0 0 0 0 0 0 0 0 0 0 0 0 0 0 0 0 0 0 0 0 0 0
  0 0 0 1 0 0 1 0 0 0 1 0 1 0 0 1 0 1 0 1 0 0 1 0 0 0 0 0 1 0 0 0 0 0 0 0
  1 1 0 1 1 0 0 0 0 1 0 0 0 0 0 0 1 1 0 0 0 0 0 0 0 0 0 0 0 1 0 0 0 0 0 0
  0 0 0 0 0 0 0 0 0 0 0 0 0 0 0 0 0 1 0 0 0 0 0 0 1 0 1 0 0 1 0 1 0 0 0 0
  0 0 1 0 0 0 1 0 0 0 0 0 1 0 0 0 0 0 0 1 0 1 0 0 1 0 0 0 1 0 1 0 0 0 0 0
  0 0 0 0 0 0 0 0 1 0 0 0 0 0 0 0 0 1 0 0 0 1 0 0 0 0 0 0 0 0 0 0 0 0 0 1
  0 0 1 0 0 0 1 0 0 0 0 0 0 0 0 1 0 0 0 0 1 0 0 1 0 0 0 0 0 1 0 0 0]
 [0 0 1 0 0 0 0 0 0 0 0 1 1 0 0 0 0 0 0 1 0 0 0 0 0 0 1 1 1 0 0 0 1 0 0 0
  1 0 0 1 1 0 0 0 0 0 1 0 0 0 1 0 0 0 0 0 0 0 0 0 0 1 0 0 0 1 0 0 1 0 0 0
  1 0 0 0 1 0 0 0 0 1 0 0 0 1 1 0 0 0 0 0 0 0 1 0 1 1 0 1 1 0 0 1 0 0 0 0
  0 0 1 0 0 0 0 1 0 0 0 1 0 1 0 0 0 0 0 0 0 1 0 0 0 0 0 1 0 0 0 0 1 0 0 0
  0 0 0 0 0 1 1 1 0 0 0 0 1 0 1 0 0 0 1 0 0 0 1 0 0 0 1 0 0 0 1 0 1 0 1 0
  0 0 0 0 0 0 0 0 0 1 0 1 0 0 1 1 0 0 0 0 0 0 0 1 0 1 0 0 0 0 1 0 0 0 0 0
  0 0 0 0 0 1 0 0 0 0 1 0 0 0 0 1 0 1 0 0 0 0 0 0 0 0 0 0 0 0 0 0 0 0 0 0
  0 0 0 1 0 1 1 0 0 0 0 0 0 0 1 0 1 0 0 0 0 0 0 1 0 1 0 0 1 0 0 1 1 1 0 0
  0 0 0 1 0 0 0 0 0 1 0 0 1 0 0 0 0 1 0 0 0 1 0 0 0 1 0 0 1 0 0 1 1]
 [0 1 0 0 0 0 0 1 1 0 0 0 0 0 0 0 0 0 0 0 0 0 1 0 0 0 0 0 0 0 0 0 0 1 0 0
  0 0 0 0 0 0 0 0 0 0 0 0 0 0 0 0 0 0 0 1 0 0 1 0 1 0 0 0 0 0 0 1 0 0 0 0
  0 1 0 0 0 1 1 1 0 0 0 0 1 0 0 0 0 0 0 0 0 1 0 0 0 0 0 0 0 0 0 0 1 1 0 0
  1 0 0 0 1 0 0 0 1 0 0 0 0 0 0 0 1 0 0 0 0 0 0 1 0 0 1 0 0 0 1 0 0 0 0 1
  0 0 0 0 0 0 0 0 0 0 1 0 0 1 0 0 0 0 0 0 1 0 0 0 1 0 0 1 0 0 0 1 0 0 0 0
  0 1 0 0 1 0 0 0 0 0 0 0 0 0 0 0 0 0 1 0 1 0 0 0 0 0 0 0 1 0 0 0 1 1 0 0
  0 0 0 0 0 0 0 0 1 0 0 0 0 0 1 0 1 0 0 0 0 0 1 1 0 0 1 1 0 0 0 0 1 1 1 1
  0 0 0 0 0 0 0 0 0 1 0 0 0 0 0 1 0 0 1 0 0 0 0 0 0 0 0 1 0 0 1 0 0 0 0 0
  0 0 0 0 0 1 0 1 1 0 0 1 0 1 0 0 0 0 1 1 0 0 0 0 1 0 0 0 0 0 0 0 0]
 [0 0 0 0 1 0 0 0 0 0 0 0 0 0 0 1 0 0 0 0 1 0 0 0 1 0 0 0 0 0 0 1 0 0 0 0
  0 0 1 0 0 0 0 1 0 0 0 0 0 0 0 0 1 1 1 0 1 0 0 1 0 0 0 1 0 0 0 0 0 1 0 0
  0 0 0 0 0 0 0 0 0 0 0 0 0 0 0 1 1 1 0 0 0 0 0 1 0 0 0 0 0 0 1 0 0 0 1 0
  0 1 0 0 0 0 0 0 0 0 0 0 0 0 0 0 0 0 0 0 0 0 0 0 1 0 0 0 0 1 0 0 0 0 0 0
  0 0 1 0 0 0 0 0 1 0 0 0 0 0 0 1 0 0 0 0 0 1 0 0 0 0 0 0 1 0 0 0 0 0 0 1
  0 0 1 1 0 1 0 0 0 0 0 0 0 1 0 0 0 0 0 1 0 1 1 0 0 0 0 0 0 0 0 0 0 0 1 1
  0 1 0 0 0 0 0 1 0 0 0 0 0 1 0 0 0 0 0 0 0 0 0 0 0 1 0 0 0 1 0 1 0 0 0 0
  0 1 0 0 0 0 0 1 0 0 1 0 0 1 0 0 0 0 0 0 0 0 0 0 1 0 1 0 0 1 0 0 0 0 1 0
  0 1 0 0 0 0 0 0 0 0 1 0 0 0 0 0 0 0 0 0 0 0 0 0 0 0 1 0 0 0 0 0 0]]
