params：
 weight-->(1, 10)
 proc_times-->(1, 100)
 setup_times-->(60, 120)
 delivery_times-->(1, 100)
 job_rate-->16

start:
alpha_1
16
 alpha_2
2.0
 mach
20
 job
320
 fam
5
 weigh
 [[0 6 4 2 1 7 3 3 8 2 7 8 1 8 5 7 7 6 9 1 8 6 8 5 8 3 2 2 4 2 1 4 6 5 1 6
  4 2 5 5 6 6 6 2 6 1 8 6 3 5 3 5 9 9 1 4 9 1 9 4 2 4 6 5 9 2 6 6 1 2 8 2
  4 3 2 7 2 9 2 5 3 4 3 3 1 6 6 5 2 4 4 5 9 1 2 9 1 4 5 6 4 2 2 4 1 6 3 6
  2 5 8 5 7 3 2 8 3 8 3 1 9 8 3 9 1 4 9 5 7 3 5 2 3 1 9 5 5 7 2 6 2 3 9 5
  4 9 7 9 6 1 6 1 2 5 3 1 9 8 8 8 3 6 2 2 3 7 8 3 5 6 1 8 3 2 9 4 8 3 5 9
  4 7 3 5 1 3 3 6 3 5 4 8 6 1 9 8 6 8 6 2 2 3 1 4 5 6 4 8 6 1 8 3 9 1 3 6
  4 9 2 4 2 4 3 5 7 9 8 4 4 4 3 6 7 1 1 3 7 3 8 3 9 8 7 5 1 6 6 4 8 8 6 4
  2 8 3 6 6 6 6 9 5 6 1 5 9 6 9 3 2 6 8 5 3 9 4 9 7 1 5 9 1 7 3 6 5 7 8 1
  5 1 2 3 5 5 1 8 3 4 7 7 8 2 5 9 7 7 7 7 6 3 5 4 6 9 3 9 1 3 9 4 6]]
 proc_times
 [[  0  55  52  91  81   2  23  36  43  36  28  32  86  38   5  17  46  45
  100  85  98  55  92  87  50  60  67  97  56  62  96  66  30  33  59  98
   42 100  62  24  54  83  24  37  33  78  47  51  19  19   4  66  83  24
   66  64  27  11  35  90  98  93  47  67  95  73  12  22  85  97  49  88
   90  57  71  35  72  65  51  38  60  69   1  28  54  75  50  32  57  76
   44  94   6  27  71  15  17  53  74  40  68  96  35  42  51  98  79  61
   85  16  14  63  88  31  84  15  58  98  97  10  12  19  93  59  50  34
   95  61  38  48  44  52   7  31  50  58  54  76  93  20  43  49  85  42
    4  20  81  63   6  28  56  16  26  78  73  43  37  93  44  43  11  84
   83   2  64  69  45  86  90  13  91  45  82  29  94  44  66  64  79  93
   90  28  70  65  99   6  63  77  40  51  34  13  97  66  41  92  49  31
   58  71  60  12  16  80  67  40  43  38  52  69  42  44  39  27  56  26
   50  91  37  18  12  44  94  57  52  23  83  75  41  32  45  69  94   1
   61  26  73  30  58  58  30  30   1  99  11  69  22  31  19   8   7  76
   30  92   9  79  68  35  36  47  86  73  52  62  51  41  13  46  68  20
   93   1  30  25  52  78  94  16  18  32  67  36  39  11  18  49  55  56
   45  68  28  33  15   8  90  19  98  16  25  73  53  74  79  64   4  82
   17  21  60  27   7  14  29  13  53  25  79   4  46  26  18]
 [  0  33  44  95  31  77  62  62  15  96  92  60  62  51   5  59  18  11
   32  80  69  89  56  46  90  69  74  78  11  83  79  90  44  35  53  11
   99  58  77  90  79  67  83  61  45  35  11  65  62  31  37  47  54   5
   75  91  26 100  85  93  46  13  77  29  68  68  32  32  35  35   5  82
   84  78  81  38  14  36  64  97  35 100  14  52  11  90  50  74  12  33
   53  16  28  20   3   1  47  50  24  46  56  97  30  80  93  38   1  89
   54  31  55  29   6  58  60  94  41  55  81  86  28  10  89  79  28  10
   89  98   9  85  72  34  20  29  56  98  54  17  64  78  54  43   8  71
   86  54  13  83  10  30  10  93  37   4   9  92  73  29  27  76  43  32
   41  73  24  84  96  83  51  59 100  82  48  99   3  58  51  96   8  48
   29  99  11  45  39  27  30  46  49  89  23  64  75  50   8 100  93  77
   97   9  36  11  14  91  13  20  94  12  59  86  64   7  74   9  50  33
   54   4  56   7  84  40  79  89  47  49  45  93 100  86  58  20  68  43
   92  11  70  21  45   6  60  95  25  72  90  67  52  66  15  34  91  83
   32   2  32  13  76  83  95  55  17  65  10  70  78  31  59  18  13  23
   92  57  56  57  10  77  37  44  31  70  63  58  18  40  89  81  42  47
   69  98   1  67  66  98  39  71  79   8  20  67  81  49  54  96  20  60
   95  80  54  79  73  36  45  19  19  82   7  66  70  15  60]
 [  0  67  10  32  70  20  64  17  93  41  66  97  40  71  71  26  44  45
   51  34  27  98  17  81  52  67   1  84  28  71  90  32  72  99  13  49
   74  45  95  90  11  95  22  27  29  91  26  87  27  38  10  64  72  19
   86  24  97  69  18  93  49   2  13  56  56  80  82  69 100  51  11  11
    9  69  56  23  17  84  80  99  12  72  61  29  12  88  53  47  11  69
   34  38  36  36  96  24  25  48  79  71   5  57  29  54  91  14  15  60
   51  61  27  72  97  69   9  80  61  42  67  32   7  85  25  34  14  65
   94  17  12  47  24  44  39  29  11  87   8  29  73  35  55  17  16   4
   27  28  83  11   8  62  80  30   6  24  42  49   2  68  10   8 100  59
   78  59  39  95  42  39  38  80   7  21   4  22  31   6  64  57  97  12
   44  78   5  84  21  76  12  47   8  63  58  10  96  17  74  47  22  78
   66  86  71  93  64  13  80   6  16  84  97  42  66  40  71  34  98   8
   57  73  67  88  11  59  90  83  58  57  97  54  42  46  49  61  69  40
   13  82  28  47  50  79  34   1  55  17  99  67  63  11  98  34  25  68
   87  69  95  69 100  89  97  76  22  66  81   5  82  19  83   2  82  54
   20  55   2  18  43   4  51  41  57  10  66  52  17  81  14  95  31   9
   72  17  79   1  20   9  87  78  33  53  62  25  12  38  34  19  32  22
   16  80  93  89  10  70  51  12  83  47  52  95  88  36  40]
 [  0  18  78  43  13  93  81  99  71  18  32  46   4  97  98  56  37  79
   50  78   7  95  30  97  15  52  70  50  64  30  55  14  59  82  24  61
    8 100  27  45  30  40  66  84   4  19  90  44  25  84  46  51  25  74
   97   8  76  29   1  22  84  62  69  51  38  82  63  28  15  70  31  38
   23  47  73  69  61  97  98  48  26  96 100  51  67   7  77  54  36  49
   89  35   4  64  23  67  97  20  17  67  16   9  16  93  65  75  35  99
   73  14   7  45  98   6  60  43  95  76  61  73  71  33  45  77  89  35
   20  26   8   4  98  72  48  57  84   5  69  48  64  22  57  82  56  43
   18  42   8  93  39  93  52  94  33   7  48  30  18  62  38  46  33  99
   11   2  23  42  29  25  75  63  70  29  15   7  29  46  20  15  14  14
   63  63  64  97  37  80  25  95  37  57  27 100   1  30  43   9  72  53
   71  78  61  85  21  14  23  94  49  48  99  36  58  33   9  98  31  64
   12  15  65  53  89  90  11   4  63  16  57  68  52  87  94  74  24  86
   11  87  67  29   2  12  22  16  70  73  40  35  21  52   8  65  96  75
   18  14  34  63  86  82  17  39  91  16  25  45  36  32  85  60  50  26
   47  59  37  53  82  41  49  60  51  65  53  29  55  44  63  56  37  44
   49  89   4  39  46  47  33  84  77  16  37  36  39   4  48  38  54  67
   72  94  26  27  20  95   8  77  64   7  13  73  48   2  18]
 [  0  40  26  38  50  74  59  68  95  22  15   5  87  34  60  93  16  84
   38  11  86  76  21   3  75  18  60  65  44  79  72  90   1  71  97  62
   96  68  39  49  41  85  45   8  70  90  14  48  91  24   9  87 100  60
   89  50  51   9  34  48  33  13  90  59  91  14  70   7  82  64  67  98
   79  36  42  33  86  56  61  59  60  22  37  38  11  85   3  80  43  19
   88  36  93  62  36  67  69  47  38  29  42  81  76  56  22  81  76  24
   53  88  50   6  42  18  91  20  67  54  88  71  54  26  38  20  62   9
   47  33  53  91  93  84  81  87  30  57   8  65  32  78  30  52  50  74
   47  34  44  89  23  44  66  83  82  27  87  38  44   3  10  30  50  34
    4  12  78  19  57  29  67  35  45  85  22  68  61  76   8  39  98  46
   36  14  81  74  71  70   8  38  45  65  97  11  35  80  65  41  97  59
    7  22  92  37  12  21  11  81  99   1  67  10  90  62  33  92  47  46
   90  14  25  65   6  25  60  25  80  13  32  97  71  28  12  23  57  37
   27   9  94  35  42   4  31  76  38  82  71  46  45  52   4  69  66  19
    2  14  14  90  60  82  26  21  22  98  49  79  16  91  71  14  45  64
   28   3  52  87  37  30  67  28  59  47  19  28   5  96  19  81  49  50
   53   4  47  99  95  59  75  35  89  99  47   3  12  70  31  23   7  97
    6  15  57  32  73  34  53  41   1  59  65  44  68  43  63]
 [  0  52   6  40  12  23  20  36  79  55  14  36  15  32  87  53  77  70
   41  46  61   9  25  10  58  11  62  52  21  47  21 100  54  49  71  40
   15  45  93  39  67  77  61  32  14  81  81   4  20  34  88  40  98  80
   16  88  43  72  48  45  69   8  18  67  53  74   2  68  29  67  13  94
  100  33  31  62   4  93  49  14  38   5  91  27  33  30  78  31  43  36
   49  41  53  56  44  85  54  95  72  95  50  98  72  80  57  33  97  86
   28  95  49 100  91  30  92  48  59  17  54  23  99  63  47  22  29  54
   36  26   8  11  91  74  69  25  57  32  99  32  96  94  97   5  48  20
   33  91  38  56  50  15  60  53  57  20  32   7  82  42  74  54  66  61
   91  18 100  51  42  48  59  85  96  44  53   5  44  94  88  99  28  90
   93  22  74  64  65  22  46  54  90  46  13  88   2  20  39  81  47  84
    7  38  34  16  10  54  72  88  60  74   9  94   8  26  28  53  12  64
   73  22  99 100  16  15   7  17  60  63  52  18   7  75  31  17   9  56
   69  70  51  68  16  58  98  35  86  15  37  60  97  32  71  43  18  76
   91 100  10  90  10  90  26  32  78  83  81   7   1  42  46   4   1   7
   30  35   7  39  33  90  59   2  86  93  93  56  21  15  12  94  15  59
   55  66   9  77   3  24  80  47  99  55  40  61  20  66  85  67  99  48
  100  24  33  85  97  99  83  75  19  61  96  15  82  70  41]
 [  0  80  91  83  28  49  17  23  69  27  84  90  32  39  28  18  78  89
    5  92  78   2  71  78  93  71  78  47  88  40  88  30  43  76  69  56
   12  21  37  19  48  23  37  43  25  11   1  63  46  77  92  36  80  36
    3  79  21  33  83  82  15  92  54   5   5  40  76  83  44   7  37  72
   26  85  86  32  65  70  45  18  25  30   1  31  10  36  62  70 100  62
   78  79  97  74  83  76  65  49  51  92   3  50  12  89  46  55  58  63
   99  92  65  27  43  81   5  88  38   3   3  95  34  47  22  14  39  29
   54   3  28  94   1   5  76  26  78  32  42  57   2  90  15  95  34  34
   71  92  78  27  70  40  53  57  23  63   9  94  95  93  48  42  52  43
   58  85   7  14  38  37  29 100  97  82  64  24  52  43  69  33   5  97
   65  18  70  90  83  98  72  61  97  19  15  10  74  90  45   7  54  20
   70  38   6  86  72  31  46  45  26  45  61  98  37  40  37  22  63  38
   85  71   3  28  52  78  89  58  79  86  13  42  70  51  58   7  66  21
   73  31  37  46  93  78  38  79  56  25  56  43  28  78  11  43  94  99
   32  41  68  60  34  13  72  24  31  11   3  73  88  54  13  11  28  40
   25  30  77  60  51  53  64  52  72  73  72  46  68  70  13  22  39   3
   12  68  30  57  35   9  69   7  38  83  89  16  34  85  87  66  45  42
   92  49  88  48  95  82  25  50  24  52  28  64  46   2  66]
 [  0  66  77  23 100  90   5  98   2  46  24  45  22   2  27  29  57  54
   22  56  82  75  91  67  62  36  88  60  10  27  54  58  46  30  66  15
   64  44  44  52  16  44  17  25   4  23  84  25  21  81  56  74  35  39
   75  32  79  15  66  44  46  60  83   1  71  46  61  97  17  98  84  35
   78  28  68  61  51  16  56  38  65   6   9  44  22  27  67  15  52   6
    5  54  38   9  58  95  21   4  80  82  69  97  79   7  55  40  23   9
   39  92  60  65  29  12  83  98  89  29   7  96  89  16  92   2  73  17
   75  32  15  21  45 100  38  19  17  22  85  61  33  61  79  47  52  98
   39  67  79   9  40  43   6  56   3  60  29  67  42  45   8  38  79  15
   96  74 100   6  52  33  98  60   7  87   5  11  35  28  40   2  18  73
   75  40   7  72  16  37  61  90   8  91  56  60  91  97   6  75  15  98
   88  12  98  43  94  43  41  16  76  43  44  29  74  24  91  27  69  10
   50  49  45   6  48  91  32  47  72  98  10  74  53  51  88  96  68  34
    6  32  57  46  88  16  26  76 100  92  34  45  82  37   7  94  15  29
   49  59  76  35   5  26  71  57   8  12  49  45  21  99  70  21  57  27
   53  95   6  56  82  96  86  96  35  79  39  85  44  10  73  91  34  53
    5  28  79   7   2  92  67  57  36  51  75  45  41   2  59  83  28  62
   34  35  28  71  54  27  55   8  93  55  51   1  90  26  47]
 [  0  64  95  77  12  69  82  26   7  82  24  81  78   2  16  42  23  73
   29  11  96  39  48  27  99  83  72  96  59  75  10  48  67  89  21  83
   29  60  10  47  13  75  20  28  27  92  55  13   1 100  10  25  56  31
   98  74  42  60  61  50  77  93  37  91  76  32  50  94  40   1   8  54
   13  97  50  68   2  77  37  24  90  46  31  97  83   6  29  36  36  63
    1  20  63  22  75   2  46  22  96  26  78  80  64  99  85   8  53  91
   70  59  71  51  24   4  54  11  74  32  39  67  37  61  63  55  64   4
   25  90  59  61  23  12  69  75  64  39  87  60  82  31   6  33  64  86
   76  73  30  66  11  62  16  49  11   4  37   1  89  42  12  56  77  95
   36  46  81  55  98  12  76  82  30  90  73  19  17  20  52  42  70  25
   48  69  91  91  99  33  75  67   1  43  79  20  65  60  20  14  59  33
   89  73  45  76  85  95  29  65  74  15  17  30  75  58  66   6  92  98
   47  17  44  85  21  16  90  22  75  10  58  72  18  89  27  68  36  71
   57   5  72  98  53  82   1  49  89  48  42  39  82  58  30  76  19  16
   80  86  75  76  25  91   1  36  66  48  44  24  30  54  82  60  63  40
   30  30   8  96  81  20  52  76  51  30   6   9   1  96  60  43  21   6
   26  64  36  50  83  58  42  33  37  52  23  16  38  18  89  28  81  45
   45  14  64  56  45  13  42  81   5  59  88  28  83  76  67]
 [  0  72  38  22  40  32  13  95  66   2  43  87  55  68  42  98  39  51
   84  81  73  91  32  67  89  26  13  89  38  79  79  87   4  26  85  81
   86   3  94  32  14  81  29  47  12  73  54  30  82  94  34  93   6  77
   41  19  36  60  63   2  22  25  44  46  92  60   8  67   7  70  64  25
   88  31  67  30  12  11  20  43  17  91  97  80   8  15  24  60  90   1
   59  20  79  58  59  74  81   4  55  39  55  64   2  43  62  49  51  29
   19  99  20  99  90  92  49  74  21  95  62  56  13  96  18  49  35  84
   69  17  78  86  28   5  85   1  82  96  35  38  44  24  78  34  45  17
   79  30  33  61  32  52  39  55  56  35  47  51  15 100  69  59  73  66
   17  15  43  88  17  20  94  30  28  61  17  83 100  39  83  37  64  19
  100  47   5  31  24  44  84  41  43  26  56  14  65  34  62  40  49  41
    3  31  77  88  22   9  85  72  48   5  27  58  15  31  13  46  61  41
    7  76   8  22  19 100  33  74  15  99  26  49  11  35  99  74  27  49
   59  51  82  35  83  60  94   4  39  97  52  32  49   1  15  71  69  38
   88  28  95  84  90  44   2  84  25   6  92  58  12  87  46  72  54  77
   14  67  65  19  37  64  53  88  57  61  80  24  18  91   8  72  50  51
   77  69  35 100  58  69  76  78  71  99  84  24   7  23  46  52   1   2
   93  25  44  55  43  62  22  25  33  61  63  40  17  45  92]
 [  0  95  67  12  78  49  53  77  50  73   3  15  79  27  78  67  73  59
   41  94  55  83  86   2  18  69  81  49  70  52  95  65  38  52  86  94
   78  15  62  99  73  73  99   2  12  81  95   5  44  10  23  33  12  31
   55  51  83  73  47  72   5  38  21  12  77  58  20  45  95  20  50  36
   53  28  20  68  29  91  52  72  34  55  36  34  46   5  63  51  80  54
   72   4  67  44  31  56  63  26  30  51  13  83  36  57  21   7  88  36
   87  70   3  61  39  57  90  10  53  39  10  79  55  98  61  97  65  91
   18  34   5  28   3   4  69  98  80  95 100  26  61  43  98   2  56  33
   42  78  29  65  90  68  22  57  22  61  69   3  48  54  15  18  94   9
    6  43  20  10  81  80  63  38  72  47  15  21  78  68  95  56  18  50
   17  81  38  70  84  63  30  90  66  11   3  68  20  98  70  60   4  93
   83  24  59  70  11  26  44  50  51   1  75  47  26  54  25  83   8  70
   19   7  33  22  34  34  30  78  75  95  93  80  80  68   4  29  47  34
   10  45  42  82  49  17  50  12  17  94  16  56  71  19  53  83  70  88
   41  76  97  24   1  64  18  81  69  75  60  92  45  83  40  37  52 100
   33  34  12  37  71  74   3  42  10  66  21  19   2  42  39  24  95   4
   48  70  70  52  51  98  39  42  47   1  13  38  34  31  46  80  46  17
    2  44  19  63  86  78  21  49  32  88  90  29  61   7  12]
 [  0  25  82  25  89  19  82  22  64  61  52  13  48  23  85  70  68  96
   34  13  42  24  99  79  52  38  58  58  74  55  61  35  64  24  40  69
   73  64  30  77   7   7  45  43  57  19  49  52   8  17  32  55  76  75
   64  27  70  77  36  82  86  93  94  88  78  25  75  11  35  10  28  11
   12  49  60  95   2  34  37  27  63   3  34  24  26 100  15  95   3  22
   83  49  37  36  16  72  65  87  41  82  86  51  95  69  67  94   9  58
    5  86  79  32  53  97  55  38  99  90  12   7  42   7  31  89  87  65
   50  11  40  36   9  83  41  45  96  48  62  77  89  99   4  36  37  56
   14  62  50  96  95  64  79  65  24  27  87  22  23  31  73  49  76  13
   58  46   6  21  68  71  51  76  36  31   1  75  52  57  18  57  14  69
   46  27  39  16   9  23   6 100   6  88  54  17  13  41  27   2 100  62
   68  81  51  18  64  53  81   8  77  76  67  12  83  96   3  42  62   6
   57  59  48  29  39  89  30  61   1  46  30  84  83  90  67   5  24  51
   61  91  82  45  34  47  19   8  11  41  49  24  47  60  55  19  84  17
   45  73  76  77   7  37  93  87  76  71  11   1  92  39  24  15  67  56
   58  17  57  73  38  10  98  45  74  35  10  88  94  20   8  50  81   8
   93  55  92  50  28  39  25  35  57  79  90  85  15  24  92  70  43  45
   94   1  73  96  10  68  85  53  38  84  72  69  65  10  13]
 [  0  88  56  78  19  47  82  65  21  38  49  85  89  75  22  46  50  86
   41  81  21  35  12  83  60   6   6  79  72  81  27  91  12  57  50  48
   27  34  87  23  53  75  51  78  45  29  18   3  30  82  70  37  24   6
   55  23  26  19   3  78  24   5  35  43  37  88  77   9  80  38  94  16
   99  25  52  22  64  64  52  27  80  79  76  93  23   7   6  69  58  12
   16  81  76  62  61  22  11  66  70  10  59  85  64  63  14  75  11  70
   32  20  19  22  21  74   1  21  96   2  41  14  15  89  95  65  76  61
   98  24   5  69  25   1  23  45  64  79  49  68  60  72  93  21  89  90
   95  34  63  25  46  61  75  88  71   6  45  26  33  16  73  37  75   5
   50  74  86  31  95  87  77  96  96  57  96  22  50  97  42  86  53  74
   51  35  15  38  16  19  43  38  15  84   9  41  73  45  79  76  63  43
   93  80  53  78  74  56  93  35  90  73  55  23   5  58  66  51  82  33
   20  35  39  45  33  93   8  97  19 100   3  55  44  36  53   5  22  54
   65  76  25  32  21   4  35  10  30  28  20   5  80  24  52  63  44  33
   29  77  16  98  71  32  75  43   4  53   4  33  96  89  75  43  96  62
   70  27   5  92  82  81   4  83   7   8  66  53  44  87  87  49   1  55
   26  93  26  96  93   5  40  45  90  15  75  75  96  16  73  47  59  71
   17  72  22  55  23  41  16  30  58  81  90  55  34  92  96]
 [  0  51   3  90  92  48   6  69  52  75  74  43  68  67  46  32  68  26
   32  64  66  73  72  57  68  34  95  39  86  45  12  69   4   9  87  97
   92  83  42  75  96  36  76  78  25  13  42  20  71  43  33  41  80  58
   65  12  65  71  76   9  40  48  49  81  50  43  30  13  97 100  35   6
   44   8  85  51  17  37  75  90  65  47  64  24  35  86  41  44  38  11
   61  65  28  54  30  61  80   4  52  49   2   8  26  24  91  82  34  46
   51  44  10  43  64  76  47  18  38  44  24  54  86  62  71  80  65   8
   45   7  84  67  59  18  84  95  85  85  69  80   2  88  37  67  13  29
   72  43  50  30  85  69  67  14  58  59  47  26  76  90  17  56  74  11
   42  12  39  30  16  80  66  95  57  25  75  62  68  89  44  46  87  93
   40  91  51  74  65   1  11  36  54  38   6  71  39  36  58  25  77  49
   61  84  16   3  24  58  63  12  33   1   9  15   7  86  47  99  20  75
   86  62  44  82  75  26  66  49  33   5 100  36  50  73  97  40  20  75
   32  68  63  62  50  22  29  27  60  97  88  46  53   9  12  83   5  44
   41  57  76  19  39  36  73  57  15  18  75  70  63  88  73  35  60  62
   13  45  57  55  50  88  24  36  58  46  82  47  17  94  45  41  18  22
   96  27  97  50  23  78  72  14  74  73  41  65  62  85  77   8  50  75
   42  96  19  43  44  26   3   2  70 100  93  63  26  67   2]
 [  0  55  87  79  66  86  84  52  51  69   6  97  97  21   1  22  23  88
   34  65   7  57  66  81  29   3  54   6  93   8  46  43  42   6  23  89
    6  31  84  79  90  63  35  66  72  19  65  93 100  81  40  59  14  17
   70  13  81  63   9  10  34   8  33   4  33  17  18  78  48   5  57  16
   22  21  66  51  71  48  60  16  18  88  18  66  66  94   2   5  15  21
   15  18  43  50  54  61  39  52  84  87  65  47  98  85  85  28  56  87
   19  26  60  62  58  13  43  81  60  86  72  75   4  35  38  76  46  53
   48  45  53  32  16  73  74  46  46  76  34  63  48  83  47  56  13  29
   31  32  17  37  53  52  15  19   5  67  22  75  22  13  98   9  33  66
   73  27  13  88  19  12  22  51  32  84  60  18  19  44  50  59  85  75
   83  16  33  10  27  84  96  73   5  26  73  30  35  90  46  84  18  29
   54  98   1  94  19  37   8  47  40  42  26  95  91  49  11  76  65  80
   97  27  73  67  11  81   5  28   7  93  15  70  51  13  95  52  43  46
   33  86  39  36  70  51  71  14   6  59  35  48  95  17   7  74  68  35
   57   6  92  94   9  21  52  79  49  70  79  49  14  36  43  41   2  83
   67  32  88  77  22  71  53  84  79   3  14  76  99  26  84  34  63  49
   41  93  77  98  32  21  65  81  94  80  54  59  19  65  60  76  25  32
   65  69  35  31  37  99  44   5  70  31  95  64  91  72  57]
 [  0  82  65   1  30  95  82  69  71  96   1  92  91  27  48  82   2  32
   39  87  13  37  98  73 100  60  58  69  15  20  53  59  75  99  48  86
   14  40  92  18  94   5  32   4  58  66  19  84  20  24  86  22   4  65
   41  91  92  94  49  95  60  80  25   9  48  94  21  88  93  60  87  56
   43  18  19  96  53  67  33  75  60  49  38  39  76  88  68  37  80  66
   77  89  11  42  83  48  39  40  17  88  80  45   2  62  36  62  99  29
   56  70  63  43  15  66  99  28  91 100  70  59  33  55  23  37  23  62
   70  19  41  63  33   3  26  82  49  46  87  53   2  22 100  82  76  72
   77  26  50  67  70  92  58  18  65  85  45  85  62  79  49  86  90  78
   67  64  95  69  95  93   8  38   8  61  30  83  21  82  62  63  84  12
   92  24  39   7  24  47  58  48  46  31   2  19  45  72  94  84  82  86
   11  85  65  32  51  99  78  94  42  10  97  71  20  72  95  67   1  67
   51  80  29  40  24   6  94  74   9  67  49  28  31  98  39  94  22  14
   73  50  47  97  51  94  67   1  26  82  19  40  35  65   8  20  78  24
   61 100   8  90  33   3  66  51  13  76  54  46  15  13  92  88  52  27
   52  94  53   3  89   3  34   4  36  27   1  14  14  93  81  30  73  53
   58  11  15  43  52  89  33  13 100  46  54  37  59   7  40   6  81  93
    1  33  93  72  71  40  15  43  89  23  77  24  18  46  82]
 [  0  85   3  36  78  34  37  73   7  38 100  88   4  72  23  59  95  26
   12   4  48  18  47  19  93  62  63  76  42  89  59  39  74  20  70  86
   53  96  19  44  38  14  74  17  19  73  95  19  22  57  15  73  60  40
   43  35  95  30  35  32  81  92  95  39  49  29  16  88  31  47  44  59
   10  26  73  85  67  11  80  87  99  38  57  10  66  27  33   2  67   8
   50  80  86  80  37  46  78   4  77  76  61  72  11  56  72  62  31  94
   20  73  11  73  38  13  25  73  77  37  92  84  91   3  43  85   2  13
   64  93  48  93  72  33  31  58  68  54  11  14  57  34  72  24  18  52
   19  92  56  31  84  73  24  46  36  21  62  74  28  72  91  85  51  83
   75  27  98  31  48  77  27  37   4  23  92  84  38  41  93  64  70  48
   86   6  98  81  94  35  29  58  87  93  88  90  89  70  27  56  74  32
   77  77  11  26  99  66  83  85  18   3  88  63  88  37  93  89  76  10
   74  57   9  99 100  58  88  49  75  52  16  40  19  15  86  36  34  65
   53  49  70   4  18  52  98  43  81   7  18  56  24  64  74  38  97  98
    9  93  27  69  83  13  80  89  67  88  26  29  78  28   9  49  20  27
   28  73  87  67  48  25   4  67  52  78  91  63   6  92  72  85  69  57
   16  65  34  55   8  91  75  68  43  22  47  75  34  85  42  37  25   7
   52  60  94  28  33  99   2  48  37  20  98  74  26  53  14]
 [  0  97  14  53  11  62  79  41  31  18  98  49  44  59  87  41  97  88
   70  85  62  82  13  88  98  48  19  83  93  26  10  12  32  26  51  80
   70   3  45  47 100  57  16  75  71  40  86  99  18  81  75  63  56  29
   87  55  34  39  61  89  21  43  21  96  61  24  23  46  56   8  85  52
   32  93  43   5  98  23  27  69  98  14  15  38  30  42  19  98  56   6
   76   8  18  49  72  67  86  67  13  21  54  28  56  72  53  62  34  20
   55  26  64  80  93  17  98  58  48   8   3  30  53  89  21  46  21  54
   19  82  46  23  88  25  64  97  32  15  17  53  27  10  12  60  61  63
   14  40  44  28  84  64   1  99  98  66  78  92  68  17  19   8  42  90
   44  35  95  30  50  14   3   1  31  13  11  80  26   4  41  80  56  27
   17  44  63  37  55  98  92  54  48  74  13  39  60  50  27  50  74  96
    5  96  82   3  97   9  52 100  94  35  25   6  62  88  18  93  40  44
   21  98  46  30  93  64 100  76  51  30   9  95  21   5  46   6  92  92
   16  63  44  87  77  69  52  72  52  96  85  71  80  47   2  88  57  70
   77  82   5  98  75  43   8  84  17  61  58   9  95  39  93  58  47  57
   93  53  13  77  13  49  18  35  98  68  12   1  21  29  84  64  56  60
   11  33   8  61  54  87  63  20  11  79  14  43  86  85  11   3  38  54
   71  27  10  47  14  30  34  20  96   1  31 100  99   4  40]
 [  0  88  39  98  72  36  52  35  65   6  62  26  17  80  51  67  33  82
   16   9  79  26  10 100   7  30  77  88  89  98  80  57  47  66   4  55
   29  79  33  23  87  61  55   5  48  26  85  40  28  14  44  20  67   1
   37  70  25   3  14  15 100  88  27  33  75  21  12  22  12 100   4  91
   52  51  58  18  22  20  70  84  50   7  57  81  19  43  16  78  51  86
   54  92  38  64  25  34  86   2  29  63  95  65  61   7  42  55  38  47
   90  65  38  12  10  67   2  46  74  41  86  64  86  52  22  10  46  36
    7  61  16  89  15  50  15  31  80  15  85  92  44   4  67  95  10  18
   56  76  17  77  14  81  82   1  41   9  19  57  95  94  55  46  54  21
    6  97  48  40  65  44  81  12  31  85  43  88  97  46  64  99  68  59
   36  77  11  13  63  79  52  35  43  62  44  46  57  88  33  98  67   2
   80  59  96  93  16  67  45  87  61  45  51  69  29  70  96  22  40   2
    2  31  47  13  56  31  93  62  36  29  86  76   7  93   8  41  28  90
   24  18  76   7  99  80  57  47  41  64  53   2  35  98  87  37  35  24
    8  72  39  31  23  74  83  72  53   5   8  93  80  38  54  33  82  33
   36  88  89  38  49 100  40  33  70  44  92  34  62  76  35  85   4  37
   14  65  66  55  58  32  95  47  44   8  37  60  64   6  44  74  73  92
   84  30  92  72  42  60  47  21  39  40  28  35  38  63  99]
 [  0  26  51  71  20  83  58  60  58  76  52  34   6  33  15  28  23  88
   71  28   6  94  82  80  25  94  54  69  63   3  99  69 100  59  45  10
   52  72  82  54  47  68  14  29  29  44  57  23  82  79  33  76  55  79
   71  61  52  91   7  16  76  25  17  74  26  21  68  64  41 100  16  66
   75  62  82  13  91  79   7  83  36  23  99  60  74   9  93  81  93  25
   63   8  83  73  55  37   4  91   8  96  92  29  28  52 100  23  58  40
   32  39  82  54  91  79  87  58  88  63  65  20  55  44  91  49  67  30
   69  16  69  76  83  83  26  74 100  97  53  32  82  41   3  12  76  71
   33  82  49  61  14  91  99  15  19  60  79  23  19  57  51  89  66  12
   47  29  81  55  79  98   5  37  76  62  93  95  19  54  40  81  53  37
   48   2  54  82  23  19  40   5 100  79  37  15  38  85  49 100  47  97
   15  70  89  91  37  27  48  44  57  20  17  80  70  34  64  95  26  19
   77  96  97  56  49   5  45  14  21   4  15  32  63  57  83  19  27  98
   41  54  84   4  21   4   6  62   4  53  51   8  26  40  14  86  59  95
   24  55  87  95  84  25  23  78  58  71  45  41  43  80  15  65  10  40
   41  53  48  51  65   9  53  36  85  16   3  62  88  91  18  93 100  22
   71  29  20  77   3  84  57  47  42  82  10  22   8  12   9   7  30  16
   80  22  31  33  52  71  67  12  79  72  84   2  99  22   3]]
 setup_times
 [[[  0  69  68  79  99 100]
  [  0   0 119  90  65  94]
  [  0 106   0 102  78 107]
  [  0  66 108   0  75  90]
  [  0  81  99  94   0 109]
  [  0 114  70  68 100   0]]

 [[  0 107 106  91  68 108]
  [  0   0  97  70  74 116]
  [  0 118   0  95  67  85]
  [  0 117  79   0  74  69]
  [  0 109 112  73   0 112]
  [  0 100  82  93  60   0]]

 [[  0 105  91  80  71 110]
  [  0   0  91  93 108  65]
  [  0  67   0  92  98 117]
  [  0  95  83   0  76  98]
  [  0 106  73  84   0  63]
  [  0 109 115 118  67   0]]

 [[  0 100  79  75  77 101]
  [  0   0  85  95  79 102]
  [  0 110   0 114  70 111]
  [  0  60 107   0  60  79]
  [  0 118 116  84   0  61]
  [  0 113  64  91 107   0]]

 [[  0  96  64  95 116  76]
  [  0   0 104  65  97  85]
  [  0  89   0 108  73  88]
  [  0  87  96   0 115  78]
  [  0  84  89  88   0  65]
  [  0  80  63  74 111   0]]

 [[  0  72  74  93  90 111]
  [  0   0  77  73  72 105]
  [  0  87   0  77 110  62]
  [  0  94  88   0 111  72]
  [  0  90  91  99   0 119]
  [  0 113 109 110  98   0]]

 [[  0  91  70  92  81  75]
  [  0   0  90  94  96 114]
  [  0  63   0 115 107  74]
  [  0 114  69   0  69 105]
  [  0  97  70 115   0  81]
  [  0 112  64  80  68   0]]

 [[  0  94  73 111  76  85]
  [  0   0 104  94  90  68]
  [  0  62   0  85  95 118]
  [  0  92  89   0  60 107]
  [  0 118  77 110   0  60]
  [  0  65  82  84  70   0]]

 [[  0  85 111  75 117  80]
  [  0   0  81 104  64 109]
  [  0  82   0  67 115  82]
  [  0  79 103   0  90  98]
  [  0 115  65 118   0  71]
  [  0  95 116  72  97   0]]

 [[  0  70  63  65  66 116]
  [  0   0  84  98  88  69]
  [  0 110   0  85 103  75]
  [  0 107 109   0  85  75]
  [  0  94 101  64   0 111]
  [  0  93  99  68 107   0]]

 [[  0  84  73 102  98  74]
  [  0   0  83 103  96  65]
  [  0  76   0  99  85 101]
  [  0  93 107   0  72 106]
  [  0  79  97  81   0  80]
  [  0 103 111 114  89   0]]

 [[  0  71  78  83 110  89]
  [  0   0  66 103 107  87]
  [  0  84   0  81  78 107]
  [  0  76  63   0  71  96]
  [  0 104  71 101   0  61]
  [  0 101  65  94  68   0]]

 [[  0  89  65  88 118 116]
  [  0   0 115  85  67  98]
  [  0  72   0 104  84  86]
  [  0  87  75   0  92  77]
  [  0 118  71  87   0 110]
  [  0  80  94  88  79   0]]

 [[  0  79  86  80  93  94]
  [  0   0  76  60  64  67]
  [  0  71   0 108 119 118]
  [  0  65  63   0  87 113]
  [  0  89  68  97   0 103]
  [  0 109 102  63  63   0]]

 [[  0  70  81  63  84  97]
  [  0   0  88  92  61  94]
  [  0  72   0 116 108  75]
  [  0 112 111   0 111  63]
  [  0  77  91 114   0  75]
  [  0  82 100 110 101   0]]

 [[  0 118 104  85 102  95]
  [  0   0  75 113 116 115]
  [  0  65   0 115  72  78]
  [  0 102  75   0 111  89]
  [  0  95 112  81   0  80]
  [  0  98  93  96 115   0]]

 [[  0 114  77  80  66  78]
  [  0   0  65 111  64  66]
  [  0  73   0 119 103  98]
  [  0 103  76   0  73  86]
  [  0 118  65  60   0  63]
  [  0  74  87  92 110   0]]

 [[  0  78 114  68  93  80]
  [  0   0  71 112  70  79]
  [  0 106   0  93  67  69]
  [  0  87  93   0  92 112]
  [  0  91  95  77   0  63]
  [  0 102  86  98  61   0]]

 [[  0 102 106 117  95  70]
  [  0   0  78  99 106 107]
  [  0 101   0  79  84  85]
  [  0  89  79   0  82  73]
  [  0 111  76  64   0 104]
  [  0  70  98  88 103   0]]

 [[  0  61  63 103 117 109]
  [  0   0 109 107  61  88]
  [  0  69   0  94  64 104]
  [  0  90 112   0 118  88]
  [  0  86 101  67   0  78]
  [  0 113  78  66 103   0]]]
 delivery_times
 [[ 0 60 14 55 99 97 59 41  3 60 83 36 34 56 27 93 37 37 59 58  9 66 14 99
  79 36 22 14 48 56 48 15 25 43 57 39 40 43  4 26 52 12 21 23 15 38 50 55
  24 40 34  5 36 92 19 97 68 59 29 66  4 15 41 13 43 85 94  1  1 72 20 41
  96 46 40 61 86  1 93 30 60 18 42 44 63 72 77 20 89 95 97 86 85 95 31 84
  71 60 83 20 70 66 31 50 97 24 71 70 99 19 69 66 61  7 89 80 56 84 33 64
  50  5 17 21 29 24 81 86 90 99 10 24 55 71 62 96  3 10 32 70 33 36 72 71
  83 75  9 53 66 39 95  2 57 25 88 46 49 92  3 20  9 79 56 19 36 77 35 50
  62 61 66 59 34 10 75 29 36 60 76 25 63 65 82  3 46 69 18 77 89 77 29 45
  18 25 41 63 25 34 65 71 69 43  4 28 25 97 34 29 66  2 18 74 76 99 38 94
  27 89 62 83 10 45 80  7  1 14 50 62 48 59 30 73 13 94 10 28 52 83 79 64
  77 26  6 40 10 93 46 61 81 46 67 91 64 24 59 13 91 84 26 13  6 22 66 22
  58  5 30 72 43 59  6 67 65 54 53 33 87 72 19 53 84  9 98 86 99 94 22 27
  26 71 23 54 33 95 55 58 34 75 30 49 54 57 18 22 76 79  3  3 76 36 91  2
  11 30 21 95 68 81 87 90 42]
 [ 0 44 90 29 77 75 44 89 68 76 79 68 67 18 13 30 95  9 80 50  5 97 46  7
  93 13 50 77 31 67 14 48  4 46 60 34 40 34 65 68  7 62 38 29 97  4 82 82
  81 92 37 29 36 98  4 98 86 35 30  7 91 97 95 73 22 35 27 21 53 66 11 92
  62 43 57 14 59 99 56 91 99 51 22 72 85 91 80 56 87 88 73 92 79 68 30 65
  85 77  8  8 40 58 48 21 88 34 79 97 29 19  9 16 70 75 10 76 28 18 52 80
  56 12 69 83 80 20 75 69 83 37 85 35  5 32 67 84 16 98 49 56 70 10 46 66
  69 56 29 65 80  9 50 20 16 55 47 17 67 26 48 57 71 62 87 11 11 37 54 94
  86 80 54 72  4 53 58 24 42 61 84 48 19 79 32 73 39 36 67 97 86  7 17 94
  20 83 44 71 35 61 50 44 85 79 50 94 54 91 98 88 55 41  1 35 85  1 81 16
  69 76 87 70 96 87 91 67 32 46 52 65 70 76 25 81 88 25 13 85 57  9 14 75
  17  5 87  2 39  8 60 23 26 33 36 68 60 60 80 45 44 41 42 52 82 52 43 94
  69 73 84 37 26 61 79 31 62 61 62 39 42 16 86  8 13 39 59 76 13 96 31 48
  70 10 13 12 40 35 75 56 50 59  4 86 95 33 46 92 46 37 94 10 53 31 47 21
  38 31 43 42 70 42 27 68 39]
 [ 0  7 78 47 76 16  3 60 28  8 20 23 38 10  7  7 17 97  3 64  5 59 10 87
  38  1 86 75 46 78  4 84 47 17 65 40 64 14 11 84 27 20 66 80 21 13 47 51
  86 42 21 13  7 90 77 93 95 87 34 68  5 90 31 97 19  7 92 72 28 37 88 87
   5 55 12 18 62 52 93 60 30 83 22 94 72 77  3 80 52 99 52 29 44  7 99 80
  72 95 42 52  9 43 65 20  8 47 37 41 95 30 18 14 23 39 34 44 17  4 97 91
  25 96 66  7 66 36 45 83 59 24 80 51 82 60 95 31 38  6 66 53 37 34 79 36
  11 52 41  9 20 55 86 11 92 73 84  5 97 27 20 63 92 68 15  7 96  6 45 33
  99 61 86 47 61 52 66 83 95 47 95 59 99 39 22  8 62 33 20 33 27  6 80 17
  86 49 32 14 60 55 66 53 49 31 80 91 34 68 19 68 98 97 95 23 88 77 82 14
  37 74 25 44 50 75 48 44 31  6 87 70 86 80 80 41 76 26 92 63 89 40 21 81
  97 25 74 81 68  5 16 37 17 35 85 98 55 52 42 13  9 25 17 34 91 60 76 60
  98 61 70 50 90 43 10 37 18 14 84 62 59  8  2 97 65 85 63 94 14 25 87 23
  78 53 56 62 51 25 94 21 50 84 38 59 90 82 19  2 42 55 94 11 97 98 90 47
  33 48 26 93 44 88 58 41 91]
 [ 0 84 72 37 34 38 13 32 77 14 49 20 30 53 65 86 23 30 78 63 80 97 34 97
   2  5 67  3 48 66 82 51 45 88 39 38 77 20  2 85 57 27 85 20 72 12 49 24
  28 81 41 85 16 80 99 78 81 38 77 80 36 91 89 10 77 28 42 42 18 38  6 66
  93 69 14 61 22 92 99 88 40 83 24 65 55 71  6  7 36  4 26 11 65 51 28 42
  54 80  4 41 58 98 46 31 66 46 44 47 77 15 61 57 87 41 54 39 28 27 35 92
  40 16 98 53 39 96 97 77 53 43 82  1 31  7 29 69 16 22 40 64 56 66  1 93
  62 13 75 98 78 55 76 65 36 70 37 91 18 98 13  8 34 93 55  3 28 66 53 23
  57 57 83 59 44 96 71 83 44  6 73 37 29 33 74 57 56 27 44 13 81  9 69 79
  50 39 43 88  2 39 56 87 46 52  5 75  3  9 32  3 53 49 11 31 65 17 83 34
  42 62 40 85 72 34 50 58 32 69 88 83 34 10 43 52 83 67 35 78 36 78 91 82
  83 77 38 52 21 83 47 51  2 65 55 48 69 49 72  8  8 86 79 80 31 18  5 44
  53 10  6 14 97 82 87 87 34 64  1 46 21 91 63 70  2 71 38 89 10 84 28 39
  20 12 79  3 73 94 62 29 64 93 48 56 61  5 61  4 88  8 24 63 42 66 41 48
  33 66 46 39 90 56 83 81 56]
 [ 0 87 45 70 92 70  8 70 12  9 21 70 73 56 81  7 19  8 67 98 37 49 48 32
  94 44 81 69 15 77 45  8 24 45 71 82 49 83 72 15 30 92 27 77 87 40 22 49
  92 54 66 92 79 18 71 38 56  3 92 26 34 85 95 70 20 52 33 60 92 81 39 15
  29 17 17 18 57 61 43  3 10 65 92 66 33  8 99 59 41 86 25 54 75 98 13 16
  51 55 25 46 75 99 29 41 53 46 20 26 76 19 60 45 41 60 84 22 72 97 94 90
  69 89 21 50 53 97 81 28 73 51 23 56 67 99  8 31 98 11 62 63 86 65  2  9
  14 86 21 79 83 23 46 28  5 34 66 25 54 90 99 35 76 33  5 19 87 62 46  4
  52 26 14 90 71 81 64 58 46 64 42 81 21 10 24 90 46 51  3 18 95 70 56 19
  44 17 39 76 87 61 39 79 79  5 19 70 61 48 77 69 93 24 15  2 35 92 40  5
  24 58 37 45 35 77 95 39 37 56 42 57 99 75 61 19 66 12 48 87 76  2  6 55
  97 65 25  9 43 15 29 47 86 20 99 70  6 56 12 38 58 52 33 81 54 20 29 67
  29 88 63 83 18 19 26 40 46 59 37 76 65 47  3 70 81 71  7  6  9 35 14 83
  22 87 72 18 27 81  6  1 78 63 12 27 57  2 78  1 64 94  9 33 41 76 91 32
  51 41 77 48 57 52 46 87 80]
 [ 0 17 75 95 80 67 83 18 11 30 46 51 79 70 52 52  9 75 50 61 74 13 36 79
   4 66  4 49 46  8 70 26 40 97 39  5 83 87 30 95  4 94 82 84 99 19 70 90
  82 90 39 37 83 64 58 33 60 83 53 37 86 34  3 40 12 33 51 81 27 77 70  3
  94 87  1 12 21 82 98 38 69  2  7 94 12 32  5 69 14  3 49 67 62 84 69 93
  84 58 28 81 56 76 64 78 49 43 79 74 10 12 38 15 72 41 51 64 39 66  7 40
  26 78 46 90 44 45 34 96 83 71  7 85  4 61 85 64 46 78 47 50 72 48 81 63
   5 86 54 73 81 96 51 10 40 95 38 11 39 71 73 84 66 78 33 20 60 68 99 76
  14 70 56 52 32 27 77 90 68 60 32  6 13 73 98 86 56 17 54  2 78 53 97 82
  26  7 91 90 77 47 77 48 27 34 79 63 56 63 97 40 37 78  1 36 39 68 61 14
  56 87 87 81  1 75 55 89 61  4 33 50  8 68 73 73 79 72 35  5 22  6 23 47
  42  9 84 74 31 71 36 22 39 51 63 84 29 57 21 18 80 71 48 54 96 61 84 49
  59 80 60 62 39  3 78  8 64 86 17 26 99 23 66 89 89 33 99 92 77 85 23 55
  77 79 19 33  5 53 91 40 85 77 81 51  3 19 49 34 64 59 24 41  7 35 65 76
  79 63 12 50 32 26 36 32  5]
 [ 0 25 21 72  9 87 77 22 93 48  7 47 59 12 71  9 56 60 32 61 78 53 91 46
   7  3 74 25 95 63 31 31 32 41 92 98 57 33 33 58 74 32 98 99 75 32 55 50
  40 93 90 13 26 74 39 62 84 18 16 98 73 40 79 89 13 98 80 62 67 42 12 86
  56 13  6 98 83 43 78 98 78 46 21 13 41 99 67 88 91 43 48 78 69 20 94 95
   1  2 84 59 54  8 61 18 67 83 43 36 21 79 35 18 81 33 82 63 60 60 27 61
  92 70 45 70  2 37 59 43 18 38 49 81  9 73 78 86 74 47 69  6 95 15  6 22
  53 80 40 19 16 47 58 71 74 14 92 70 15 91  5 40 74  8 60 37 18 65 91 71
  13 33 95 94 10 15 93 38 27 15 37 60 60  3 68 76  4 61 52 20 43 87 70 33
  99 28 28 30 49 31 83 60 98 62 11 24  9 80 28 35 52 88 81 56 24 55  5 76
  65 42 43 45 26 21 77 47 38 89 99 97 11 77 63 88 29 80 20 61 12 95 57 61
  90 28 21 88 83 72 16 21 51 74 36  5 87 27  8 26 52 20 88 15 21 38 98 81
  36 32  3 63  7 14 10 44  8 13 74 95 24  1 60 85 55 85 12 97  3  2  2  5
   8 38 58  1 80 78 16 12 87 11 78 58 13 86 36 22 38 75 41 76 52 50 25 32
  71 25 57 31 99 30 46 75 97]
 [ 0 68 65 45 94 70 45  9 87 23 81 20 50 75 69 71 89 14 76 18 30 39 92 30
  49 94 59 41 38 74 85  5 62 52 65 57 83 35 20 94 58 94 28 68  8 95 11  6
  92 64 55 47 71 62 91 50 19 34 50 57 52 76 67 58 81 95 51 19 66 53 88 85
  44 59  7 14 15 73  2 95 38 44 83 43 19 60 59 93 82 88 75 82 43 85 25 31
  43 41 48 50 42 14 71 58 56 33 61 45  3 93 68 59  7 17 57  4 71 31 44 69
  61 15 11 74 24 29 30 69 99  2 18 95 77 38 38 55  8 89 24 90  8  7 39 46
  74 83 88 92 40 51 77 15 10 11 60 39 22 58 11 83  7 39 51 76 38  1  4 42
  47 67 80 61 82 78 81 53 63 50 69 19 85  9 53  3 48 82 31 84 65 77 15 63
  78 64 33 60 87  1 72 36 58 81 84 42 44 80 30 53 40 77 54 25 10 43 38 94
  24 32 83 83 52 51 62 87 71 36 44 44 60 90 26 81 47 95 12 23 19 26 62  1
  78 29 29  2 12 53 72 97 39 64 79 70 30 65 34 57 55 33 37 78 28 48 75 17
  92 33 46 30 57 54 90  5 60 12  8 73 59  8 73 56 85  5 73 51 70 73 60 94
  19 91 27 81 47 48 45 93 47 75 32 58 91  9 32  1 43 34 99 59 68 74 99 22
  16 38 61 58 84 80 83 76 14]
 [ 0 43  5 43 89 58  9 63 35 98 68 75 65 91 55 85  9 59 19 73 50 44 24 62
   3 62 58 79 63 91 99 97 64 98 14 95 95 68 46 48 37 43 79 28 40 79 41 65
   1 43 22 83 65 62 39 83 52 21 43 23 80 91 58 16 24 57 83 79 91 46 66  9
  47 88 55 88 68 38 17 73 21 75 34 98 31  3 47 43 48 23 99 44 23  1  2 63
  48 80  6  9 12 25  3 86 22  4 36 89  5 71 94 18 98 70 38 87 65 53 15 27
  44 33 84 23 29 59 20 97  4 70 64  8  2 50 84 34 84 82 69  5 88 34 19 96
  76 80 41 41 68 76 46 97 94 33 73 81 71 30 81 85 90 45 30  6 10  3 45 24
   8 34  6 40 13 39 14 10 33 20 80  5 14 32 77 32 80 75 16 83  2 69 31 36
  91 55 72 37 92 10  4 34 79 64 31 43 91  1 80  1 45 68 28 14  4 10 27 88
  12 47 72 91 72 46 86 77 98 52 61  5 26 56 27 70 83 26  4 93 36 96  9 22
  38 98 39 24 76 33 22 56 74 56 32 91 86 36 86 16 90 48 45  8 11 51 23 64
  61 65 59 52 32  1  2 39 94 45 90 19 58 55 67 47 39  1 83 82 42 94 52  6
  27 89  6  3 92 36 89 51 82 89 13  4 32 41 36 95 96 66 80 93 16 46 12 26
  73 97 60 72 52  7 49 54 29]
 [ 0 41 79 22 87 49 56 92 51 88 41 79 97 75  3 79 70 29 12 73 51 68 49 27
  75 32 21 14  2 30 27 52  9 26 96 58 86 92 94 35 83 28 44 66  8 47 26 30
  37 58 57 10 34 35 14 11 61 50 10 73 13 56 56 96 37 46 54  1  3 28 69 75
   2 34 76 95 39 71 78 88 77 45 99 24 72  5 49 78 79 17 35 90 44 50 50 89
  11 85 93 15 43 48 54 47  4 11 20  3 12 89 32  2 48 81 19 45 11 20 55 60
  54 79 13 44 53 74 60 93 65 82 48  5 81 75 36 43 57 42 18 69 57 98 14 40
  25 13 88 90 94 54 22 42 76 89 75 36 19 84 83 66 41 33 76 11 63 55 42 10
  46 57  3 95 97 30 58 20 73  7 89 99 62  7 93 87 64  3 67 80 51 82 43 96
  26 58 83 77 58 45 15 34 19 89 85 21 41 12 97 91 61  4 80 37 40  3  1 57
   4 62 75 44 81 51 99 33 45 81  8 13 21 72 73 47 12 63 48 40 74 43 86 35
  91 94 30 29 41 99 19 72 77 69 59 87 69 56  1 72 53 61 90 39 95 50 79 85
  17 18 81 86 52 85 49 48 69 22 81  8  5 12 71 34 66 79  3 66 99 32 96  9
  72  4  2 73 30 11 83 66 74 30 35  9 10 38 34 12  7 84 73 52 98 47 58 88
   8 98  4 75 54 92 75 34 96]
 [ 0 46 23 98 98 76 65  4 75 11 43 11  2 39  7 72 19 21 41 62 29 37 63 42
   2 22 58 80  3 69 76 76  1 73 40 53 99 55 69 64 87 71 14 82 29 32 86 31
  28 34 31 54 62 97 12 67 97 24 22  7  4 84 89 23 92 93 88 36 98 94 26 58
  50 41  5 55 52 63 67 31 81  8  8 47 52  4 70 95 57 93  5 15  8  1 29 90
  52 46 59 25 80 13 24 52 91 52 47 42 99 17 80 47  3 86 85 92  8 45 95 42
  46 37 92 40 27 17 84  5 35 15 44 93 83 27 59 42 33 47 23 68 30 97 87 31
  62 70 20 62 44 89 37 18 76 87 72 62 29 11  9 52 59 16 48 87 99 11 69  2
  23 78 63 72 15 99 54  5 25 59 85 72 37 21  8 43 77 84 46 15 92 75 97 49
  68 29  7  2 83 32 48 81 70 75 43 99 15 93 16 45 50 37  6 66 58 65 76 54
  79 98 40  4 74 45 42 78 43 27 87 68 18 79 29 88 69 16 89 25 83 95  7 74
  48 85 73 17 21 96 22 54 53 80 68 25 50 42 47 42 74 30 54 37  1 43 85 31
  22 58 79 27 48 33 94  6 83 12 50 48 89 80 95 78 87 89 19 35 23 81 27 81
  57 51 84 48 28 26  7 68 48 95 30 78 85  3 30 73 39 84 16 36 47 23 56 43
  42 53 98 86  1 88 91 52 66]
 [ 0 49 64 76 70 43 91 86 21 28 10 48 98 68 82 44 27 49 48 14 61  3 43 97
   3 32 33 18 96 24 37  5 95 61 72 89 52 66  1 45 39  1 27 56 12 17 10 35
  86 52 42 54 20 62 78 27 19 49 90 34 51 59 27 28 18 18  9 26 95 83  6 36
  83 73 46 40 39 17 35 98 77 70  7 65 24 96 63 79 11 56 92 42 39 38 14 53
  11 58 30 55  8 70 45 63 79 70 83 42 41 27 98 48 12 17 37  4 60 83 56 61
  10 73 93 33 97 22 37  1 20 69 49 33 93  1  4 63 51 29 75 43 84 13 43 11
   9 39 48 36 66 87 36 45 80 49 69 35 39 84 95 97 59 19 23 27 79 10  1 66
  60 43 39 95 70 89 61 56 88 43 83 80 84  3 46 26 68 46 12  9 37 68 51 15
  32  8 36 40 33 84 26  2 58 71 63 44 26 37 79 69 52 55 72 14  2 98  2 26
  84 79 77 93 57 68 52 44 92 41 16 18 54 12 77 56 64 95 47 73 66 69 30  9
  53 38 77 66 62 75 13 11 28 72 26 74 82  7 98  4 48 75 94 60 87 25 34 65
  42 40 74 21 65 44 12 40  1 39 75 61 36 35 88 23  5 94 56 20 97 97  2 16
  59 60 96 38  7 42 22 25 45 58 12 54 45 41 46 92 50 90  8 74 73 59 68 58
   1 68  1 92 11 24 44 65 13]
 [ 0 96 25 90 69 96 45  5 56 41 16 47 69 93 35 78 81 94 15 23  1 34 40 38
   7 16 63 31 15 74 40 23 16 62 44 40 31 45 97 90 51 23 18 57 95 70 45 73
  21 56 46 55 37 19 20 25 61 63 45 84 56 81 36 89 78 95 98 63 88 70 29 29
  58 96  2 13 81 35 72 76 50 11 97 49 77 41 14 19 17 91 80 92 61 50 93 80
  68 67 63 29 11 42 50 31 81 25 64 51 84 12 86 87 42 79 98 31 32 78 34 29
  62 53 24 92 52 18 12 80 79 75 61 82  1 50 62 99 60 61 72 48 45 62 60 39
  12 94 88 81 46 80 32 30 58 23 66 47 59 26 52 86 49 38 57 38 20 67 61 55
  40 81 13 19 24 37 70 24 74 25 64 88 15 56 92 70 16 66 14 40 36 18 59 20
  15 54 63 83 31 69 73 43 44  5 55 21 71 66 29 14 68  4 27 23 31 45  8  4
  39  3 30 57 54 54 57  8 85 82 49 26 55  4 16 91 70 66 38 67  5 13 11 35
  47 52 87 87 73 90 56 32 54 21 66 83 88 80 18 67 42  9 67 30 86 69 46 27
  29 61 78 57 94 25 45 85 90 80 63 59 70 44 44 65 68  5 27  8 28 95 23 58
  99 25 59 64 56 14 38 91 21 29 85 90 66 26 42 38 10 40 13 28 94 15  3 93
  17 79 15 75 63 47 47 56 23]
 [ 0  7  2 13 98 31 31 17 15 31 75 31  6 76  7 97 47 44 25  1 95 23 24 84
  22  6 14 58  9 79 30 26 78 34 95  7 65 46 89 20 75 63  7 25 77 67 75  1
  88 77 37 43  8 23  7  3  7  2 27 81 64 82 49 21 34 26 16 28 87 49 29 28
  84 17 57  2 52 71 21 75 41 14 13 66 25 63 34 68 20 92  2 36 35 20 81 56
  49 73 62 71 85 97 79 95 98 76 73  3 48 87 38 29 54  7 38 14 43 92 12 85
  21 27 28 15 50 24 70 96 35  1 86 13 72 12 93 37 81 54 29 46 24 20  4 92
  65 58 16 41 79 43 92 27 98 13 23 34 37 88 60 37  9 61 85 60  6 29 68 25
  99 43 28 56 44 17 64 67 40 78 71 80 41 65 79 40  9 96 70 18 49 49 73 42
   6 84 51 30 16 85 89 34 99 21 93 65 63 25 99 24 59 40 31 75 51 11 93 48
  67 83 94 57  9 16 19 17 57 68 27  7 74 86 91 24 36 84 67 19 89 55 84 29
  70 24 58 55 24  3 39 81 14 15 26 79 87 38 38 39  7  7 12 77 45  8 17 11
  11 19  9 53 98 36 65 94 83 35 76 84 72 67 85 12 57 75 68 31 13 57 58  7
   5 19 33 84 38 98 71 66 38 77 49 11 88 72 27 92 84 56 79 34 45 74 10 96
  89 43 21 16 67 13  3 73 89]
 [ 0  7 99 58 20 90 91 54 89  6 81  1 62 39  8 98 67 13 44 84  7  9 97 16
  51  1 69 28 77 53 88 49 84 74 39 88 19 40 82 20 47 82 86 75 78  5 29 22
  76  8 83 41 16 50 50 66 20 66 18 60 40 90 56  2 68 41 84 90  6 10 12 48
  63 95 52 12 78 40 86 99 58 85 82 79 54 63 11 47 88 25 38 65 25 44 63 19
   4 45 11 68 67  4 42 13 11  3  7 47 56 17 69 95 50 37 71 29 21 25 29 90
  54 44 80 10 99 10 27 65 80 70  4 57 67  3 42 28 39 11 64 94 83 37 15 88
  87 48 79 68 89 41 23 69 65 75 77 51 88 93 93 47 33 71 76 29 97 49 71 93
  83 79 77  3 24  7 18 77 36 76 22 23 13 33 25 46 65 20 55 43 50 65 48 94
  23 65 46 36 68 59 54  5  4 65 76 29 69 14 19 37 43 49 96 63 21 17 63 28
  64  2 26 92 56  9 48 64  7 37 69 67  1 31 99 28 97 57 12 22 81 58 88 91
  67 93 22 86 48 41  4 53 12 76 42 38 97  6 11 54 21 96 69 31 83 33 85  6
  57 22 46 52 44 97  7 99 42 12 26 51 36 36 57 12 42 90  4 79 65  7 67 79
  95 12 21 28 90 63 34 77 75 64 60 85 54 42 57 63  4 50  1 67 85 99 61 36
  55 42 92 26 86 96 41 53 93]
 [ 0 82 33 67 48 89 52 12 82 18 95 94  9 75 15 40 42 15 73 13 97 38 70 46
   5 42 11 92 12 34 35 40 97 88 91 33 54 83 94 13 88 20 24 82 14 43 37  6
  71  9 55 80 61  2 74 88 41 80 21 15 96 34 58 17 69 25 10 43  9  6 88  3
  46 18  2 69 69  4 82 81  5  6 33  3 94 73  4 18 96 95  4  3 68 79 48 89
  76 81 14 47 94 54 80 27 40 30 77 47 19 78 26 24 47 46 30 50 29 79 64 70
  79 21 35 68 54  3 48 23 93 27 99 19 93  3 62 10 69 83 76 21 33 61 73 59
  54  9 20 15  8 20 67  8 50 93 77 11 68 75 33 23 72 96 13 69 31 27 68 57
  54 10 64 17 62 61 67 39 77 35 50 97 83 26 34 54 15 59 49 52 85 74 61 54
  26 24 80 39 30 56 75 52 22 15 40 69 43 46 78 83 40 92 78 45 48  8 75 87
  98 69 67  2 94 85 58 42  8 83 96 17  7 50 46 42 68 20 68 94 44 61 66 91
  85 69 85  8 33 22 46 70  8 31 41 43 58 71 97 39 90 84 95 99 80 28 93 83
  45 57 87 21 26 25 57 82 40 31 15 17 64 15 60 14 41 41 93 60 31 59 97 72
  24 67 17 11 14 67 78 15 89 37 88 23 13 55 43 61  7 52 86  9 72 95 72 83
  92 95 17 22 62 56 27 53 39]
 [ 0 12 76 32 74 97 17 45 94 83 23 11 50 48 78 94 60 31  1 14 72  5 47 16
   1 89 57 93 33 75 15 23 32 73 53 85 76 52 46  3 59 81 84 63  9 96 72 59
  18 93  5 83  4 20 58  6 93 86  6 66 54  7 80 53 22 65 36 77 39 84 23 38
  67 62 19 60 88 80 68 69 18 48 91 34 73 86 97 13 99  8 38 51 28  7 32 89
  59 60 27 39 89 35 44  2 49 79 14 31 50 36 54 15 44 10 65  3 54 99 79 86
  91  3 64 82  1 75 65 15 88 52 87 10 93 54 50 59 34 80 45 97 60 23 17 74
  63 28 16 77 92 79 45 87 85 27  3 36  3 56 25 35 24 87 21 79 59  6 48 80
  11 80 91 74 27 90 43 28 51 20 40 76 65 60 63 89 75 19 49 13 40 25  3 96
  38 76 26 47 85 63  5 89 17 79  3 40  7 19 89 55 77 35 76 79 49 94  4 34
   2 16 47 89 47 24 76 37 20  7 38 71 66 24 86 14 93 60 12 74 90 80 75 22
  39  4 91 94 99 94 84 43 40 83 74 73 72 64  3 46 49  3 56 78 92 36 49 70
  35  5 86 54 65 98 42 31 48 85 10 68 56 51 64 45 94 93 64 15 82 11 59 32
  88 39 82 64 85 40 94 96  6 99 99 11 95 51 83 19 62 35 39 68 82 14 69 47
   7 54 28 12 45 22  3 27 37]
 [ 0 54 83 71 99 50 67 60 21 29 99 86 39 50 55 44 43  7 88 86 76 57 31 82
  67  2 65 42 83 44 39 21 37 89 67 22 60 10 39 90 22 65 43 39 47 36 52 67
  25 77  4 28 86 93 53 70 76 12 52 18 34 22 10 44  3  7 35 10 77 89 60  6
  61 39  4 20 92 80 97 91 55 41 62 93 50 67 23  8 96 84 85 42 13 68 45 20
  61 88 46 22 35 38 11 31 61 79 17 58 62 67 99  7 79 50 42 67 87 59 31 39
  21 15 70 89 81 67 58 60 31 20 16  4 64 87 68 72 76 93 60 76 47 66 63 14
  85 81 40 95 30 48 78 13 48 34 45 12 35 79 13 41 52 67 68 48 10 31 69 58
  12 47 76  4 65 26 43 46 25 33 46 94 86 39 42 60 28 71 57 56 93 92 88 91
  61 25 25 84 68 28 79 49 48 60 66  5  8 30 61 17 83 54 96 66 88 24 61 20
  68 98  2 45 52 20 53 58 81 21 87 40 77 70 44 42 89 88 88 21 88 56  5 58
   4 94 32 31 61 63 98 98  1 30 57 10 82  9 33 98 64 58 42 47 75 42 30 99
  33 73 60 78 26 60 42 41 93 59 85 48 44 73 45 84 52 69 81 47 83 71 69 33
  36 53 58 43  7 95 45 90 66  2 36 12 92 86 70 48 58 29 69 67 30  1 47 38
  88 27 98 69 24 18 72 40 84]
 [ 0 55 81 85 79 70 49 69 98  2 12 12 98 99  8 40 73 32 47 85 78  8 20 69
  65 73 55 78 40 95 18 82 48 47 42 56 14 58 85 94 53 38 97  5 88 63 23 47
  31 35 41 12 51 84 81 81 34 65 15 60 33 56 95 41 77 22 82 28 50 16 88 46
   2  9 87 44 83 52 35 62 25 58 68 85 22 22 14 45 86 57 82 57 70 67 65 17
  76 62 63 82 15 41 89 12 64 39 25 38 28 86 19 59 29 66 38 88 38 82  1 92
   9 19 85 75 79 81 65 99 85 32 46 43 24 65 56 77 65 83  3 19  7 80 20 13
  11  1 91 97 65 24 99 72 59 22 73 58 79 84 48 37 22 81 55 67  2 13 42 27
  80 74 19 90 78  9 54 72 59 12 88  3 81  3 21 23 54  5 46 50 19 56 44 74
  54 65 62 56 79 65 94 35 54 46 48 94 35 42 89 59 48 15 30 28 64 14 42 72
  24 44 39 60 42 30 79 45 54 42 98 59 25 79 71  1 32 84 33 95 62 92 39 66
  61  4 61 27 30 68 41 63  6 93 34 22 26  3 13 59 23 33 79 66 48  3 68 52
  76 15 73 78 64 48 74 57  4 33 51 61 33 32 76 16 66 81 67 79 35 44 52 67
  23 56 23 86 59 26 73 86 39 55 78 81 32 14 14 34 52 92 11 40 42 69 36 23
  91 20 61 12 15 26 40  1 57]
 [ 0 93 46  8 91  8 53 40 40 56 44 70 87 68 34 52 34 84 84 63 76 57 72 49
  98 95 13 60 56 35 55 38 54 18 55 46 70  7 68  8 67 72 55 30 97 60 34 81
  95 11 27 32 16 28 81 77 41 70 40 44 86 94 93 38 37 95 87 98 65  8 59 92
  22 87 12 81 88 34 93 27 39 69 88  4  9 62 85 72 72 52 76 65 34 56 73 81
  86 33 44 49 27 85 12 87 26 91 22 84 17 41 72 36 32 47 49 56 66  7 27 94
  79 83 19 26 76 60 18 81 39 46 60 58 22 94 51 25 78 46 17 58 46 40 88 49
  29 66 16 92 85 10 77  2 16 35 59 31 57 42 60 45 53 58 77 49 58 69 56 29
  50 83 27 71 57 60 37 42 40 69 49 30 59 99 30 86 58 17 86 98 51 78 30 97
  61 43 24 69 81 21 21 44 82 45 99 69 49 76  9 61  5 17 33 89 37 89 22 92
  45 50  8 23 59 84 27 80 91 43 20 51 73 53 44 28 33 88 94 90  1 10 13 63
  80 94 53 37 56 80 29 73 32 40 64 48 65 45 35 54  2 90 74 33 16 36 72 83
  11 39 12 68 81 68 14 11 37 95 96 88 37 19 67 53 47 92 14 57 70 90 83 53
  83 10 68 68 90 73 13 11 23 85 58  3 84 20 52 92 37 53 91 50 12 14 71 54
  67 23 84 37 72 46 58 58 47]]
 job2fam
 [[1 0 0 0 0 0 0 0 0 0 0 0 0 0 0 0 0 0 0 0 0 0 0 0 0 0 0 0 0 0 0 0 0 0 0 0
  0 0 0 0 0 0 0 0 0 0 0 0 0 0 0 0 0 0 0 0 0 0 0 0 0 0 0 0 0 0 0 0 0 0 0 0
  0 0 0 0 0 0 0 0 0 0 0 0 0 0 0 0 0 0 0 0 0 0 0 0 0 0 0 0 0 0 0 0 0 0 0 0
  0 0 0 0 0 0 0 0 0 0 0 0 0 0 0 0 0 0 0 0 0 0 0 0 0 0 0 0 0 0 0 0 0 0 0 0
  0 0 0 0 0 0 0 0 0 0 0 0 0 0 0 0 0 0 0 0 0 0 0 0 0 0 0 0 0 0 0 0 0 0 0 0
  0 0 0 0 0 0 0 0 0 0 0 0 0 0 0 0 0 0 0 0 0 0 0 0 0 0 0 0 0 0 0 0 0 0 0 0
  0 0 0 0 0 0 0 0 0 0 0 0 0 0 0 0 0 0 0 0 0 0 0 0 0 0 0 0 0 0 0 0 0 0 0 0
  0 0 0 0 0 0 0 0 0 0 0 0 0 0 0 0 0 0 0 0 0 0 0 0 0 0 0 0 0 0 0 0 0 0 0 0
  0 0 0 0 0 0 0 0 0 0 0 0 0 0 0 0 0 0 0 0 0 0 0 0 0 0 0 0 0 0 0 0 0]
 [0 0 0 1 0 0 0 0 0 1 1 0 0 1 1 0 1 1 1 0 0 0 0 0 0 1 0 0 0 0 0 0 0 0 1 1
  0 1 0 0 0 1 1 0 0 0 0 0 0 0 0 0 0 0 0 0 0 0 0 0 0 0 0 0 0 0 1 0 0 0 0 1
  0 0 0 1 0 0 0 0 1 0 1 1 0 0 0 0 0 0 1 1 1 0 0 0 0 0 1 0 0 1 0 0 0 0 0 1
  0 0 0 0 0 1 0 0 0 1 0 0 0 0 1 0 0 0 1 0 1 0 0 0 0 1 0 0 0 0 0 1 0 1 1 0
  0 0 0 0 0 0 0 0 0 0 0 1 0 0 0 0 0 0 0 1 0 0 0 1 0 1 0 0 0 0 0 0 0 1 0 0
  1 0 0 0 0 0 1 1 1 0 1 0 1 0 0 0 1 0 0 0 0 0 0 0 0 0 0 1 0 0 0 0 0 0 0 0
  1 0 0 1 1 0 0 0 0 1 0 1 0 0 0 0 0 0 1 0 1 0 0 0 0 0 0 0 0 0 0 0 0 0 0 0
  1 0 1 0 1 0 0 0 0 0 0 1 1 0 0 0 0 0 0 1 1 0 1 0 0 0 0 0 0 0 0 0 0 0 0 0
  1 0 0 0 1 0 0 0 0 0 0 0 0 0 1 0 1 0 0 0 0 0 1 0 0 0 0 1 0 0 1 0 0]
 [0 0 0 0 0 1 1 0 0 0 0 0 0 0 0 0 0 0 0 0 0 1 0 1 0 0 0 0 0 1 1 0 0 0 0 0
  0 0 0 0 0 0 0 0 1 1 0 1 1 1 0 1 0 0 0 0 0 1 0 0 0 0 1 0 1 0 0 0 0 0 1 0
  0 0 1 0 0 0 0 0 0 0 0 0 0 0 0 0 0 0 0 0 0 0 0 0 0 0 0 0 0 0 0 0 0 0 0 0
  0 0 0 1 0 0 1 0 0 0 1 0 1 0 0 1 0 1 0 1 0 0 1 0 0 0 0 0 1 0 0 0 0 0 0 0
  1 1 0 1 1 0 0 0 0 1 0 0 0 0 0 0 1 1 0 0 0 0 0 0 0 0 0 0 0 1 0 0 0 0 0 0
  0 0 0 0 0 0 0 0 0 0 0 0 0 0 0 0 0 1 0 0 0 0 0 0 1 0 1 0 0 1 0 1 0 0 0 0
  0 0 1 0 0 0 1 0 0 0 0 0 1 0 0 0 0 0 0 1 0 1 0 0 1 0 0 0 1 0 1 0 0 0 0 0
  0 0 0 0 0 0 0 0 1 0 0 0 0 0 0 0 0 1 0 0 0 1 0 0 0 0 0 0 0 0 0 0 0 0 0 1
  0 0 1 0 0 0 1 0 0 0 0 0 0 0 0 1 0 0 0 0 1 0 0 1 0 0 0 0 0 1 0 0 0]
 [0 0 1 0 0 0 0 0 0 0 0 1 1 0 0 0 0 0 0 1 0 0 0 0 0 0 1 1 1 0 0 0 1 0 0 0
  1 0 0 1 1 0 0 0 0 0 1 0 0 0 1 0 0 0 0 0 0 0 0 0 0 1 0 0 0 1 0 0 1 0 0 0
  1 0 0 0 1 0 0 0 0 1 0 0 0 1 1 0 0 0 0 0 0 0 1 0 1 1 0 1 1 0 0 1 0 0 0 0
  0 0 1 0 0 0 0 1 0 0 0 1 0 1 0 0 0 0 0 0 0 1 0 0 0 0 0 1 0 0 0 0 1 0 0 0
  0 0 0 0 0 1 1 1 0 0 0 0 1 0 1 0 0 0 1 0 0 0 1 0 0 0 1 0 0 0 1 0 1 0 1 0
  0 0 0 0 0 0 0 0 0 1 0 1 0 0 1 1 0 0 0 0 0 0 0 1 0 1 0 0 0 0 1 0 0 0 0 0
  0 0 0 0 0 1 0 0 0 0 1 0 0 0 0 1 0 1 0 0 0 0 0 0 0 0 0 0 0 0 0 0 0 0 0 0
  0 0 0 1 0 1 1 0 0 0 0 0 0 0 1 0 1 0 0 0 0 0 0 1 0 1 0 0 1 0 0 1 1 1 0 0
  0 0 0 1 0 0 0 0 0 1 0 0 1 0 0 0 0 1 0 0 0 1 0 0 0 1 0 0 1 0 0 1 1]
 [0 1 0 0 0 0 0 1 1 0 0 0 0 0 0 0 0 0 0 0 0 0 1 0 0 0 0 0 0 0 0 0 0 1 0 0
  0 0 0 0 0 0 0 0 0 0 0 0 0 0 0 0 0 0 0 1 0 0 1 0 1 0 0 0 0 0 0 1 0 0 0 0
  0 1 0 0 0 1 1 1 0 0 0 0 1 0 0 0 0 0 0 0 0 1 0 0 0 0 0 0 0 0 0 0 1 1 0 0
  1 0 0 0 1 0 0 0 1 0 0 0 0 0 0 0 1 0 0 0 0 0 0 1 0 0 1 0 0 0 1 0 0 0 0 1
  0 0 0 0 0 0 0 0 0 0 1 0 0 1 0 0 0 0 0 0 1 0 0 0 1 0 0 1 0 0 0 1 0 0 0 0
  0 1 0 0 1 0 0 0 0 0 0 0 0 0 0 0 0 0 1 0 1 0 0 0 0 0 0 0 1 0 0 0 1 1 0 0
  0 0 0 0 0 0 0 0 1 0 0 0 0 0 1 0 1 0 0 0 0 0 1 1 0 0 1 1 0 0 0 0 1 1 1 1
  0 0 0 0 0 0 0 0 0 1 0 0 0 0 0 1 0 0 1 0 0 0 0 0 0 0 0 1 0 0 1 0 0 0 0 0
  0 0 0 0 0 1 0 1 1 0 0 1 0 1 0 0 0 0 1 1 0 0 0 0 1 0 0 0 0 0 0 0 0]
 [0 0 0 0 1 0 0 0 0 0 0 0 0 0 0 1 0 0 0 0 1 0 0 0 1 0 0 0 0 0 0 1 0 0 0 0
  0 0 1 0 0 0 0 1 0 0 0 0 0 0 0 0 1 1 1 0 1 0 0 1 0 0 0 1 0 0 0 0 0 1 0 0
  0 0 0 0 0 0 0 0 0 0 0 0 0 0 0 1 1 1 0 0 0 0 0 1 0 0 0 0 0 0 1 0 0 0 1 0
  0 1 0 0 0 0 0 0 0 0 0 0 0 0 0 0 0 0 0 0 0 0 0 0 1 0 0 0 0 1 0 0 0 0 0 0
  0 0 1 0 0 0 0 0 1 0 0 0 0 0 0 1 0 0 0 0 0 1 0 0 0 0 0 0 1 0 0 0 0 0 0 1
  0 0 1 1 0 1 0 0 0 0 0 0 0 1 0 0 0 0 0 1 0 1 1 0 0 0 0 0 0 0 0 0 0 0 1 1
  0 1 0 0 0 0 0 1 0 0 0 0 0 1 0 0 0 0 0 0 0 0 0 0 0 1 0 0 0 1 0 1 0 0 0 0
  0 1 0 0 0 0 0 1 0 0 1 0 0 1 0 0 0 0 0 0 0 0 0 0 1 0 1 0 0 1 0 0 0 0 1 0
  0 1 0 0 0 0 0 0 0 0 1 0 0 0 0 0 0 0 0 0 0 0 0 0 0 0 1 0 0 0 0 0 0]]
