params：
 weight-->(1, 10)
 proc_times-->(1, 100)
 setup_times-->(30, 60)
 delivery_times-->(1, 30)
 job_rate-->16

start:
alpha_1
16
 alpha_2
1.0
 mach
20
 job
320
 fam
8
 weigh
 [[0 3 9 1 1 1 3 6 3 9 3 2 3 5 3 8 4 6 9 7 9 3 4 9 1 9 1 4 5 9 2 5 6 6 6 4
  7 2 7 3 6 5 4 5 4 9 4 4 5 9 7 7 1 9 4 9 9 7 2 1 5 6 6 3 1 4 6 3 1 5 5 5
  6 4 5 1 6 9 6 5 4 3 8 1 4 8 7 2 6 6 3 9 6 7 7 4 7 8 7 7 6 8 5 7 1 2 3 1
  7 6 4 1 3 2 5 9 7 7 2 8 6 7 9 2 6 8 1 5 7 6 6 9 5 4 3 5 2 2 4 9 6 7 7 7
  4 7 8 3 4 3 2 9 5 6 4 9 2 9 9 2 1 1 1 4 2 3 1 6 8 7 3 6 1 8 1 9 7 2 8 1
  2 8 4 8 5 6 9 5 6 3 2 3 9 2 2 3 1 3 8 6 8 3 1 2 1 7 3 4 8 3 5 3 3 3 6 5
  5 2 9 8 2 2 4 3 5 8 5 9 2 6 1 1 3 3 2 9 7 4 6 1 9 7 6 6 6 4 7 2 8 2 6 1
  8 2 4 7 1 2 1 5 5 8 7 2 6 2 8 6 8 2 4 7 1 5 2 2 6 1 9 4 4 5 6 1 6 1 5 8
  3 3 8 9 3 8 3 7 4 1 6 7 9 8 4 5 3 6 7 5 9 2 4 6 1 7 1 3 5 2 5 2 7]]
 proc_times
 [[  0   8  99  80  16  77  30  61  13  60  49  25  13  20  70  75  77  19
   79  41  20  17  26  59  92   3  94  32  74  14  18  42  23  72  96  33
   50  99  93  42  27  14  50  83  25  35  63  96  72  84  63  41  30  84
   46  64  45  29  83  41  68  76  36   1  59  16  24   1  18  52 100  94
   30  56  56  21   4  86   3  51  76  19  89  52  29  95  51  36  48  33
   12  47  98  90   4  68  27  47  13   3  62  79  51  68  47  19  98  93
   66  63  25  79  12  25   6  12  62   9  72  96  23  64  53   2  26  13
   17  35   8   1  52  58  26  50  30  80  60  64  58  33  22  44  76  93
   30  50  52  91  69  81   3  53  37  72  75  47  33  50  67  81  85  46
   44  54  81  47  85  51   9  88  29  69  57  12  45  36   7  52  47  19
   72  34   5 100   3  47  24  93  46  61  72  28  75  53  45  77  30  40
   71  86  46  26  56  13  79  44  33  61  37   9  43  18  11   5   3  70
   22  27  93  60  61  92  42  90  35  15   2  90  46  31  44  86  45  71
   19  87  56 100  40  30  78  59  65  77  59  79  85   6  92  86  82  14
   32  44  33  60  80  58  83  67  61  90  71  23  28  90  94  75  26  72
   29  74  15  19  96  76  11  18   7  67  95  61  37  52  99  39  86  51
   11   3  58  17  11  31  26  94  36  27  34   5   7  71  18  10  69  23
    2  35  10   5  99  94   2  44  70  76  79  62  82  52  86]
 [  0  90  54  62  65  89  62  83   1  94  43  96  87  54  37  58  24  38
   71  90   2  39  34  30  67  33   9 100  75  82  76  80  72  17  10  33
   69  57  59  79  84  84  28  78  62  43  48  86  13  97  63  69  27  34
   28  84  91  75  72  60  69   4  42  91 100  19  25  52  65  68  11  28
    4   4  72   3  92  62  80  58  41  60  28  85  33  74  10  60  37  93
   68  19  68  65  54  60  80 100   9  33  45  77  47  36  41   7  94  72
   25   2  54  18  52  38  94  98  16   8  33  86  49  52  25  45  48   6
   61  99  53   9  93  92   6  24  65  25  80  42  80  64  12  14  58  18
   51  18  43  48  22  42  54   8  45  49  36  51  24  39  65  39  37  80
   94  34  80  19  70  17   5  66  99   5 100  21  94  70  33  95  85  21
   51  38  28  84  98  74  44  33  38  44  85  66  58  84  13  14  10  35
   20  14  14  61  58  22  79  74  99  72  95  51  33  52  19  77   9  87
   17  73  90  63  12  14  50  60  57  53  23  82  44  20  60  20  32   6
   42   2  91  68  89  82  19  30  20  18  27  90  37   2  76  33  27  89
   72  53  77  90  85  45   1  68  52  91  44   6  39  36  89  25  16  25
    7  85  42  67   3  16  38  18  80  52  34  19  87  95  97  90  91  84
   68  78  96  74  41  60  26  66  83  22  18   5   8  33  52  32  27   9
   40  46  94  20  52   6  96  51  73  27  41   6  53  39  22]
 [  0  58   3  81  37  46  19   2  33  60  60  90  56  82  39  54  12  10
   54  36  96  69  54  27  12  13  41  85  64  33  55  95   7  67  72  79
   55  92  98  34  15  64   6  53  89  87  29  53  45  90  42  52  79  26
   62  73  73  38   2  95  82  57  91  13  20  69  28  72  94  29  54  46
   46  50  83  16  20  87   7  55  35  93  38   9  30  36  89  38  29  89
   81  13  22  64  97  21   3  61  93  26  24  77  34   8  17  26   7  20
    5   9  13  63  62   5  22  18  69  71  57  68  91 100   4  74  24 100
   81  49  96  92  41  25  79  71  10   5 100  27   6  41  88  94  36  80
   73  23  35   6  62  62  94  73  32  65  78  78  82  72  41  43  60  35
   69  10  88 100  64  38  75  92  71  43   4  71  45  51  43  44  14  74
   84  57  88  85  55  21  44  68  40  54  19  50  75  16  30  20  78  27
   97  28  15  28   6  75  45   2  86  86   4  41  74  86  40  32  82  96
   34  80  55  54  63  36  32   3  86  35  80 100  85  62  33  78  25  46
   22  57  80  96  81  54  66  98  34  90  90  87  60  49  73  26  34  29
   29  38   9  67  93  91  97  56  14  14  96  68  13 100  49  78  32  11
   32  91  20  47  29  83  36   1   7 100  89  59   8  51  50  50  30  83
   93  36  21  77  24 100  39  83  82  83  23  62   6   3  79  96  39  64
   39  31  28  41  30  83  30  93  73  18  35  54  35   7  51]
 [  0  40  16   3   7  26  28  96  86  23  22  78  87  74  54  16   2  45
   79  48  60  31  48  56  94  37  43  49  81  88  13  11  56  15  81  36
   83  86  68  39  65  56  92  75  33  34  32  88  34  95  19  31  44  55
   84  42  70  71  58  67  22   8  94   5  72  72  18  76  13  19  70  38
   88   7  86   7  95  46  14  55  50  39  54  86  54  28  70  81  24  64
   61  26  25  20  81  13   3   5  96  57  54  44  62  47  40   5  71  93
   54  98   9  12  91  46  48   3   2  62  33  84  58  66  46  97  49  99
   95  69  45   4  90  37  46  69  97  14  25  85   7  35  50  95  39  22
   14  96  73  36  79  56  89  15  97  11  85  67  67   2  72  79  59  70
   29  25  94  87  44  13  72  29  53  28  74  47   3  34  39  96  40   7
   93  52  69  97  30  58  79  95  47  60  84  18   3  42   9  85  40  24
   50   5  11  52  83  23  38  88  93  61 100   1  25  71  71  10   8  34
    2  95  11  74  44  42 100  98   4   9  68  11  96   2  93  62  37   9
   17  59  52  99  72  73  78  12  51  31  64  53   8  52   2  83  22  64
   13  58  46  50  86  18   3  89  23  89  83  40  32  24  62  60   9  18
   44  61  72  12  83  50  75  43  19  44  65  97  88  79  47  65  78  94
   72  29  37  92  91  23   3  69  82  48   4  70  71  89  91  86  86  39
   55  90  60  76  62  32  46  29  90   7  35  95  61  61  56]
 [  0  11  52  86  10  33  78  96  27  51   7  40  46  87  26  55  30  20
   96  80  36  72  83   2  25  95  32   3  79  10  96  35  27  50  91  99
   35  94  29  15  39  13  66  62  87  76  19  32  30  20  46  97  61  27
   44  74  65  81  41  29  57  80   9  27  35  87  28  16  14  35  40  60
   29  78  31  69  88  77  61   1  65  51  80  60  77  34  55  76  82  34
   78  93  78  82  87  98   9  72  79  75  13  20  62  97  84  61  99  38
   89   6  30  73  81  55  49  49  51  47  43  36  32  73   4 100   4  18
   27  17  41  91  47  76 100  36  82  62  79   9   4  35  55  47  30  61
   19  78   3   6  39  29  37  89   2  30  68  70  82  84  75   4   2   9
   38  32  14   4  85  49  60  30  64  93  49  89  74  97  89  61  75  62
   63  51  65  80  67  87  87  31  62  71  81  17  43   9  79  53  42  39
   96  81  84  64  12  25  75   9  55  34  80  75   2  33  41  87  80  89
   13  16  63  27  67  88   2  99  57  16  64  60  22  38  82  33  82  85
   60  38  82  17  98  78  44  89  94  20  61  75  49   2  84   1  67  41
    9  91  90  82  37  99  50  10  87  10  97  60  42  63  64  62  33  27
   20  91  33  41   4  54  34  45  32  98  75  60  28   1  70  73  20 100
   41  36  49  70  28  73  37  23  66  25  89   5   9  65   1  63  35  92
   16  32  25  37   2 100  78  69  22  49  93   9  22  93  10]
 [  0  75  46  87  74  36   5  82  85  31  23   2  30  57  79  48  55  23
   70  74  42  71  79  34  65  52  33  51  29  99  89  74  75   6  88  92
   31  87   5  53  89  55  25  66  88  50  33  75  10  93  12   2  55   4
   27  85  71  80  10  73  52  28  91  46  98  86  23 100  75  17  12   5
   89  28  44  98  78  23  81  95  13  27  64  15  95  45  86   5  11  16
   61  57  80  57  46  96  70  39  43 100  48  90  96  72  71  40  26  64
   15  79  96  77  16  36  74 100   8  46  83  71  52  31   9  86  51  32
   47  40  93  60  57  11  76   2  27  61  69  82   5  32  68  17  16  85
   36  51  34   3  10  98  75  43  25  44  22  34  41  41  78  22  99  79
   90  69  54  26  64  39  33  81  53  92  21  80  81  64  14   1  93  84
   73  86  79  47  76  18  42  36  32  27  97  13  75  31  79  45  46  20
   17  40  60  76  55  43  32  32  84  27  92  72  51  60  33  66  17   3
   16  52  84  69   1  25  83  82  90  88  19  54  24  54  69  61   4  53
    3  11  64  50  99  26  37  51   7  58  20  91  25  53   5   8  61  67
   77  21  32  13   2  43  49  92  93  87  90  48  74  37  30  38  69  25
   96  12  57  72  87   1  43   4  16  30  91  70   9  36   8  79  63  47
   82  13  59  48  45  38  97  58  40  22  80  46  75  55  47  37  82  21
   91  61  82  58   2  28  30  21  50   2  33  27  13  15  54]
 [  0  16  58  68  75  25  27  60  70  28  49  62  55  69  43  24  95  68
    6  41  97  47  88  57  25   9   9  31  80  15  51  18  43  42  66  67
    7  91  42  20  93  81  19  27  36  33   7  23  94  53  30  99  26  96
   90  87  88  82  70   7  42  24  47  40  49  17  95  26  71  89  73  43
   60  86  75  65  79  90   9  74  91  72  29  28  43  88  36  89  55  93
   77  50  57   2  83  80   1  88  34  26  37  86  11  12  67  48   4  25
   17  46  78  62  23  25  13  13  34  44  20  81  82  35  25  75  57  52
   26  70  13  64  40  22  14  34   8  95  34  18  97  54   9  63  70  98
   23  67  47  88  74  12  47  18  80  88  90  16  78  65   7  50  23  85
   46  48  34  59  66   4  93   6  11  97  98  47  67   8  84  66  30  86
    8  56  55  64  36  88  50  86  42  16  79  20   6  30  30  54  41   5
   86  69  43  42  28  61  99  39  64  12  29  46  83  71  42 100  15  36
   82  21  65  70  13  71  12  20  76  95  29  44  14  71  60  23  49   5
   19  50  61  55  41  70  21  33  84  85  18  84  85   5  91  34  41  39
   71  85  96  13  85  22   2  82   9  41  12  78  63  29  52  87  30  59
   17  46  59  38  11   8   4  84  59  77  51  96  24  43  24  50  64  56
   57  53  42  98  53  50  25  50   8  27  84  54  80  31   1   4 100  40
   68   1  41  54  17  48  72  76  69  77  91  33  26  79  26]
 [  0  77  52  41  23  70  74  45   2  80  17   5  85  66   7  43   4  40
   20   1  26  67  35  12  21  31  69  49  33  55  19  45  47  34  12  77
   82  18  59  68  14  64   5  49  93  29  55  99  78  64  95  39  86  69
   61  53  24  84  89  12  42  77  24  47  69  53  10  11  47  50  36  79
   48   9  12  57  59  13  87  60  46  43  98  70  54  23  27  25  45  95
   57  21  43  49  52  51  94  98   2  53  65  59  72  44  61   8  69  25
   75  37  92  34  87  11  72  78  91   8  79  10  85  83  64  62   2  79
   47  75  12   6  66  88  73  52  58  40  86  95  46  34  82  37  70  65
   56  75  98  48  31 100  79  36  16  50   7   1  90   7  46  27  57  96
   62  77  36  65  81   2  17  21  69  12  87  42  49  12  40  83  86  56
   64  97  22  56  51  38 100  37  92  29  33  77  10  80  51  45  70  28
   11  58  14   2  17  57  18  38  66  74  31  13  24  64  41  19  58   8
   26  53   7  41  73  18  89  33  37  43  88  75  50  74  62  60  75  96
   67  96  36  62  30  38   3  94   2  10  66  79   4  62  63  49  66  93
   90  21  19  95  14  91  20  99  91  73  73  91  14  75  79  37  22  63
   63  33  71  53  54  24  30  63  56  47  66  75  28  80  46  13  67  36
   67  47   9  32  60  50  93  63  38  20  35  16  55  87  17  59  14   8
   50  50  74  62  52  95  48  26  61  55  95   6  55  44  89]
 [  0   3   8  74  56  25  97   4  41   9  79  64  39  24  12   2  63  46
   54  46   9  78  22  44  89   3  53  29  72  32  23  23  91  50  30  62
   31  17  24  53  43  31  28  51  30  83  59  10   8  30  27  91  18  87
   16  19  90  21  95  63  66  28  48  11   4  56  25  48  72  56  88  93
   25  57  73  45  95   2  68  87  80  32   8  81  52  12  49  47  23  74
   87  16  25  33  12  41  47   7  31  97  42  79  70  79  38  34  13  20
   67  11  18  87  65  67  11  36  42  79   5  98  41  28  41  30   8  47
   98  91  95  78  91  85  73  73  81  56  74  10   7  56  31  42  30  46
   95  35  10   5  35  78  48  63  71  35  12  33  51  18  64  62  47  59
   28  82  97  11  54  47  58  74  87   8  37  62  83  60  60  79  75  55
   61  91  29   3  48  66   8  88  48  67  16  63   9  88  70  42  92  11
   79  73   7  62  88  32  59  41  65  71   3  30  96  67  64  42  81  49
   26  43  57  73  32  39   8  46  99  51  68  82   2  39  84  31   7  43
   73  50  70  89  64   6  51  83  27  24  76  35  93  21  42  99   3  89
   17  56  47  79  14  42  20  82  63  78  70  18  19  49   1  28  83   7
   17  35  17  16  22  47  11  31  70  43  78  84  97  92  70  42  61   5
   48  17  38  65  19  92  75  49  97  68  18   5  86  65  50  89  41  69
   88  18  84  54   9  58  45  86  43   3  54  77  81  84  52]
 [  0  31  10  71  37  56  17  70  61  22  46   5  51  56  92  74  62  89
   99  92   8   4  25  62  78  64  27  24  78  92  19   1  52  33  84  59
   42  39  50  62  88  79  41  20  29  58  33  31  47  14  18  17   3  64
   81  34  29   7  61  32  19  34  61   7  79  82  41  57  82   3   4  23
   77  48  74  93  81  95  95  53   9  75  24  79  80  35  69  54  18  66
  100  44  81  49   8  44  12   4  55  73  17   9  59  16  91  35  82   2
   96  58  88  39  57  32  49  65  41  23 100  20  84  85  65  44  93  96
    5  89  21  14  32  89  92  65  28  27  88  60  69  21  97  93  85   8
   34  63  50  48  53  77  68  42  29  24   1  25  35  29  78   7  88  81
   65  33  57  91  39  60 100  36  50  76  13  61  39  46  27  25   8  28
   79  20  62   1  73  30  11  69  49  76  89  44  54  79  98  66  86  64
   27  67  11  21  79  49  56  98  75  93  39  58   4  76  16  52  29  49
   49   6   4  51  72   1  17  82  83  31  63  26  43  23  62   9   2   4
   68  13   3   4  67  19  43  54  62  18  62  82  16  57  42  47  11   7
   60  84  97  21  79  46  21  26  89  45  53  55   7  48  37  51  79  37
   29  58  82  97  70   3  82 100  64  87  74  85   9  37  46  27  16  37
   92  64   4  13  48  64  35  44  90  89  56  17  17  98  64  51  66   4
   58  86  85  91  44  66  56  18  44  91  19  23  53  75   9]
 [  0  93 100  93  48  69  78  44  24  50  14  18  98  11  38   4  65  97
   80   8  19  15  28  67  78  65  27  28  60  38   6   2  79  63  99   4
   75  12  15  46   4  13  96  71  99 100  85  80  62  98  37  35  69   4
   83  43  39  77  16  91  82  68  51  91  61  10  38  67  31  14  47  14
   23  30  93  62   5  61   9  56  62  58  51  60 100   2  38  79   4  66
   29  42  25  54  77  78  17  22  46  24  31  54   6  31  99  28  73   5
   84  22  24  46  12  40  46  80  60  15  40  40  79  66  46  44  15  71
   55  76  74 100  52   3  84  59  26 100  57  72  48  61  80  94  58  36
   86   1  26  66  40  61  95  39  46  73  67  51  23  15  86  86  45  79
   76  18  47  96  78  45   4  12  68  97   4  25  61  89  43  63  13  56
   38  59  74  68  27  62  85  18  19  14  18  59  25   5  80  69  55  87
   25  72  95  16  28  71  69  91  15  84  75 100  32  17  14   5  21  61
   23  27  70  43  79  21  44  40   3  75  52  63  38  18  67  32  52  79
   64  88  26  77  89  94  35  74  97  22  85  63  48   5  81  88  63  30
   14  53  35  26  63   8  48  70  88  11  43   7  51  40  86  37  81  83
   95  60  92  31   2  97  89  11  82  77  76  20  19  20  96  10   8  42
   87  96  36  48  46  96   7  98  40  48  78  58  23  99  53  29   6  21
   52  62  26  10  47   2  26  39  93  23  88  66  81  36  26]
 [  0   6  47  97  32  93  91  38  94   8  92  46  36   5  53  70  97  62
   70  40  46  22  36  49  33  17  35  40  84  40  96  71   5  29  89   5
   38  17  56  61  96  20  25   9  83  18 100  26  86  29  67  91  11  92
   73  16  90  52  73  87  97   5  54  76  85  29  17   5  32  16  70   8
   10   8  78  67  15  45  70  35  16  92  12  18  14  22  20   3  65  52
   63  36  70  71  59  38  88  76  17  49  50  27  62  74  19  69  45  34
   34  72  61  86  23  66  12  38   1  64  47  61  29  99  79  59  54  81
   19  77  36  70  77  14  52  84  67  92  72  27  47  74  32  80  17  52
   97  77  32  76   1  76   9  94  59  69  58  53  21  66  41  72  17  34
   50  43  88  10  99   3  26  53  69   7  29  79  70  62  28  62  18  46
   32   4  97  34  91  41  42  79  58  45  79   2  43  16  23  83  59  69
   94  66  20  73  50   1  54  89 100  90  46  61  47   3   2  98  34  45
   55  76  59  32  50  40  64  52  51  84  15  19  42  26  27  74  30  51
   51  70  30  73  80  39   5  67  74  27  90  66  70  46  11  11   4  41
   98  89   7  57  32  60 100  94  74  19   3  39  59  40   3   1  78  83
   12  93  86  27   3  57  94  93  29  10  92  73  97 100  91  91  27  23
   98  32  82  26  62  47  86  87   9  63  32  96  45  74   3  23  20  36
   28  47  35  60  80  17  12  48   9  16  88  40  98  64  93]
 [  0  90  89  16  38  80  53  74  14  78  73  79  55  99  64  14  72  66
   10  75  42  96  95  86  13  14  23  42  86  20  70  10  41  97  70  86
   28  84  24  81  52  68  97  36  51   1  86  58  53   7  56  35  50  96
   18   1  34  12  14  81  35  33  44  64  14  78  72  51  35  44  36  23
   55  75   7  98  94   3 100  24  50  40  38  54  15  51  52  76  33   5
   30  61  49  79  75  84  26  10  95  54  35  91  72  15  60  60  83  28
   25  76   4   8  17  87  10  52  98  15  90  24  26  58  82  72  98  65
    4  91  72  73  32  15   5  40  28  89  49  18  11  30  53  41  94   9
   76  46  16  74  87  84  66  17  18  55  35  91  21   6  40  62   6  19
   87  94  97  53  24  45  74  67  11   6  94  15  37  26  77  73  99  59
   27  87  76  42   6  44  93  84  75  77  70  32  90  44  17   6  69  93
   97   2   3  51  15  78  80  68  95  81  55   7  44   9  89  61  32  15
   65  17   8  99  69  53  66  45  75  92  13  46  33  72  68  77  74  79
   74  89  86  27  84  91  87  94  50  91  31  38   7   5  98  84  75  48
   39  80  92  37  47  24  20  89  82  45  38  90  55  97  41  13  90  32
   68  77  64  27   4  36  76  53  20  33  58  64  83  25  22  50  27  15
   84  65   2   4  36  83  77  71  83  16  96  24  10  32  71  70  71  26
   69  75  69  63  15  26  92  40  98  79  34  60  45  24   5]
 [  0  21  95  82  19  94  98  69  72  69  90  97  68  58  14  12 100  98
   45  96  43  43  67  48  72   3   2  47  65  67  81  70  24  14  40  71
   66  59   6  16  68  58  13  97  17  95  46  79  86  37   6  44  98  62
    5  97  55  99  37  67  24   4  89  25  36  89  36  31  83  59  18  12
   45  47  54  48  77  96  80  93  95  98 100  46  15  26  98  63  60  10
   30  35  28  52  54  91  15  51  33  19  12  96  14  38   4  34  13  93
   11  38  53  36  73  11  11  40  75  13  10  63  54  51  32  71  67  71
   63  10  44  98  45  10  43  26  66  52  88  17  14  52  46  32  84  35
    3  39  45  71  87  86  31  48  48  42  18  98  62   4   7  43  32  53
   76  49  34  51  73  18  35  54  12  19  44  68   5  19  17  16  47  81
   53  86  19  32  37  29  12   1  65  19  61  33  49  97  86  50   8  21
   90  79  17  11  97  47  48  28  74   4  43  64  43  65   1  82  40  41
   48  43  46  83   6  64  42  33  97  40   3  31  64  83  83  66  95  60
   50  65  20  57  87  17  11  14  36 100   1  89  16  15  72  46  30  52
   65  53   1  23  60   5  30  26  22  91  87  66  89  37  60   5   9  42
   68  96   8  54  74  59  29   4  23  94  65  61  69  44  15  86  20  36
   30  19  55  73  78  48  98  66  31  75  15  48  88  35  88  45  88  68
   96  48  79  35  91  58  21  34  23  21  31  65  20  33  82]
 [  0  41   4  89  98   4  25  36  19  59  48   8  70  83  22  55  11  55
   15  25  80   1  74  79  99  58  83  75  97  80  93  48  44  10  67  93
   10  27  64  43   6  79   7  94  21  93  41  12  99  38  97  32  12   4
   96  64 100  42  77  50  99  73  92  60  71  95  77  27  68  70  97  60
   92   3  42  56  26  88  59  79   1  70  46   2  70  35  37  38  38  37
   82  94  48  58  18  69  15  31  61  23  29  55  60  68  80  80  30  89
   55  61  15  25   7  95  76  54  19  56  38  92  38  93  48  53  57  17
   64  73  77  63  77  62  68  79  99  68  60  95   4  21  71  79  47  15
    8  87  63  73  80  37  68  60  74  92  33  11  16  60  75  96  43  71
   26  31  83  67  12  20 100  83  97  18  26  28  53  26  97  55  87  49
   88  63  62  57  30  84  40  51  10  78  69  28  64  95  17  86  25  33
   66  91  81  94  27  15  36  56  45  95  49  77  10  19  16  19  19  71
   19  75  73  79  24  71  66  87  61  26  41  18  75   1  82  33  81  39
   31  24  44  64  20  40  33   7  30  45  49  22  96  10   7   6  53   2
   47  96  10  53  42  88  86  37  12  37  11  74  80  40  38  19  27  72
   71  90  81  40  61  91  90  95   2  21  46  49  55  72  17  59  99  50
   89  84  14  37  59  45  43   4  85  16  99  67  83  12  39  79  36  32
   84  64  18  30  80 100  57  99  94  35  69  46  71  58  18]
 [  0  27  48   8  28  21  96   3  12  98  24  82  33  71  81  95  73  72
   93  33  64  65  48  57  13  16   3  74  39  59  12  17 100  52  52  90
   28  45  38  88  53  19  25  75  90  17   7  77  45  30   6  77  80  82
   58   5  21   4  39  50  43  52  14  42  86   3  90  30  43  47  33  98
   86  11  15  89  89  11  91  86  12  94  35   7  86  48  94  85  13  45
   75  56  46  13  37  56  30  86  19  49  97   5  69  73  63  96  78  31
   42  50  51  30  60  92  38  24  43  25  14  67  15  67  15  73  58  30
   77  59  21  16  82  82  69  85  26  94  84  85  65  39  37  90 100  23
   89  13  17  80  35  72  94  85  75  69   7  58  57  46  93  19  38  35
   88  74  67  78  95  47  90  33  17  76  68  83   1  98  98  14   9  18
   69  23  41  69  44  27  22  28  29   2  72  13  48  45  76  55   5  53
   94  54  36  27  50  39  71  56  17  66  68  53  63   8  90  99  51  80
   59  10  12  39   9  20  67  84  51  96  94  36  56  26  17  68  37  74
   20  13  41  29  61  71  71   6  18  45   6  73  75  31  48  43   8  73
   93  65  71  70  35  69  40  94  37  38  68   6  47  94  43  77  30   2
   38  68  53  92  24  26  24  42  41  90  96  21   7  50  23  43  75  76
   44  72  43  32  30  65  99  51   3  74  20  46  81  25  48  79  28  52
   56  64  39   4  26  42  83  57  60  21  88  61  57   2  47]
 [  0  95  53  47  18  60  27  74  12  37  23  50  99  79  51  33  96  91
   61  96  98  45  62  51  73  83  84  44  84  34  26  22   2   9  51  19
   22  53  70  19  72  29  39  82  56  61  39  40  22  40  84  95  95  63
   73  48  27  26  19  57  90  63  46  45  20   9  50  71  76  86  67  72
   11  88  15  70  73  37  52  37  34  72  92   7   4   4  99  45  42  54
   61  48  58  61  72  81   1  40  87  78   6  44  29  15  92  15   4  99
   70  42   5  48  75  66  89  13  43  44   9  56  69  95  51  41  35  19
   30 100  90  15  44  61  39  75  66  28  99  99  90  37  39  39  81  40
   99  83  17  18  51  87  27   8  17  58  23  84  47  57  62  87  73  23
   51  99   6  30  42  22  50  82  70   3  41  27  95  88  91  53  13  21
   85  22  49  54  81  54  53  44  31  27  60  67  36  94   9  75  88  35
   22  47  95  19  25   9  46  25  97  67  92  82  23  92  28  30  78  15
   19  77  82   5  11  67   3  63 100  75  33   5  43  42  82  11  96   4
   73  14  21  71  12  46  75  48  20   7  98  81   6  23  99   1  45  98
   36  87  86  95  31  49  90  59  40  80  24  62   5   3  75  34  91  44
   80  40  22  96  84  93  30  54  89  63  69   7   6  74  44  10  81  74
   32  85  69  23  99  33  99  45  86  99  84  68  32  62  56  49  43  17
   30  21   2   1  62  35  47  68  59  81  82  91  36  88   3]
 [  0  56  70  68  20  86  65  12  72  60  41  72  27  23  57  78  33  77
   38  24  44  53  70  44  20  26  52  14  46  85  60  29  82   5  11  64
   51  73  49  87  77  99  26  80  41  21  38  93  60  67  49  19  65  52
   59  22  32  49  63   5  80  50  18  67  48  95  23  15  26  88  45  79
   58  57  50  33  35   4  71  64   6  23  60  66  21  98   3  47  29  79
   52  22  51  98  85   5  74  58  18  49  27  81  16  52  95  85  72  64
   62  39  16  19  97  61  70  69  68  43  17  33  84  78  55  20  12  78
   80  49  72  35  90  23  76  82   3   6  48  59  18  57   3  25  67  43
   94  48  14  88  64  83  94  61  21  65  30  57  30  35  70  42   3  20
   22  20  12  52  18  74  85  20  46  73  12  42  21  93  27  56  37  23
   80  85  86  73  33  25  57  11  85  42  60  40  31  38  24   2  72  87
   48   3  18  54  32  40  39  79  65 100  29  86  80 100  66  15  47  51
   88  22  59  95  55  92  27  90  76  76  74  42  47  83   4  76  63  49
   82  99   3 100  70  92  92  49  83  83  59  78   7  24  98  66  37  46
    4  42  25  29  19  42  91  99  96  50  73  29  64  37  63  44  91   3
   67  89  82  89  37 100  58  22  20  10  22   1  50  17  20  52   7   5
   81  75  77  26  14  91  50  71  15  66   6  47  51   5  29  46  32  68
   32  41  24  40   8  87  55  19  50  28  57  36  32  16  55]
 [  0  45  74  75  61  20   9   2  38  68  68   8  45  65  48  29  19   7
   19  20  39  86  66  26  15  12  41  92  66  82  41  31  27  55   7  68
   61   1   3  26  29  77  43 100  43  29   4  86  69  54  81   4  22  92
   38   7  37  74  33  49  31  37  17  33  39  74  82  69  83  69  56  50
   53  51  37  26  67  73  67  45  11  12  26  61  40  12   3  77  83  76
    7   8  91  59  71   8  97  80  90  55   6  13  46  72   4  10  62  76
   24  22  62  16  71  14  42  87  31  62  88  85  60  14  70  26  68  14
   45  96   4  36  70  29  22  43  77  77  87  13  23   2  52  20  63  32
   49  88  22  56  84  63  38  99  61  65  56  50  12  58  53  49   2  19
   44  93  97  97  76  16  28  50  56  86  83  83  97  15  79  57  99  18
   66  53   9  43  50  53  96  87   6   9  65  88  98  52  78  80  83  47
   54  74  92  26  63  56  28  74  94  84  53  24  86  78  46  83   3  46
   40  12  69  93  81  22  33  87  68  17  83  22  95   5  96  37  42  31
   65  20  30  88  14  82   8  76  22   3  44  73  11  45  21  76  52  38
   67   9  66  56  27   6  94  19  21  18  98   8  43  47  20  45  38  72
   15  50  14  13  17  79  76  52   9  91  20  47  51  92  93  45  33  82
   47  27  50  91  76  84  10  19  46  30  98  49  47  29  48  40  59  85
   71  27  49  94  70  37   2  69  87  25  83  69  10  29  82]
 [  0  82  89  96  44  21  53  36  11  44  95  26  28  88  54  32  25  59
   70  12  40   1  54  84  21  57   2  88  15  47  61  34  19  46  97  24
   49  20   8  50   8   2  56  47  38  22  27  68  82  58  99   3  82  29
   38  90  24  75  67  63  62  97  69  13  92  50  34  23  77  49  21  33
   57  33  24  84  47  78  89  14  33   9  36  47  54  57  50 100  63  51
   74  93  21  62   1   6  67  49  66  51  88  94  68  44  92  97  71  80
   49   4  52  88  96  83  30  77  51  48  69  68  14  71  84  44  66  85
    9  44  94   3  60  34   2  59  42  32  57  55  99  25  71  45  79  54
   53  63  77  46  81  83  94  67  83  10  36  40  64  30  29  61  43  83
   20  34  55  79  78   9  23  61   3  30  77  35  79  42  11  35  75  53
   50  86  73  54  48  13  58  87  53  15  73  80  61  71  53   2   8  55
   49  62  53  11  26  27  93  66  45  40  93   9  91   5  32  68  53  17
   38  65  28  63   5  41  64  51  35  18  48  78  21  54  76  11  60  78
   75  35  68  69  55  63  25  22  31  42  83   7  68  45  87  98  66  24
   13  44  74  75  13  83  84  16  96  27  76  30  30  79  21  86  15  44
   29  89  41  66  65  98  73  55  75   1  30  27  70  30  50  61  43  31
    5  17  47  75  16  62  91  38  60  97  72  33  67  62  42  94  77  96
   30  42  17  94   2  17  12  15  17  57  46  94  46  32  72]]
 setup_times
 [[[ 0 47 40 44 57 33 44 43 44]
  [ 0  0 43 40 55 44 52 43 33]
  [ 0 59  0 33 57 47 55 42 38]
  [ 0 55 39  0 34 43 55 33 37]
  [ 0 48 34 41  0 46 53 52 52]
  [ 0 46 54 47 50  0 43 56 41]
  [ 0 46 44 52 49 37  0 57 35]
  [ 0 39 40 41 33 33 38  0 57]
  [ 0 45 42 30 59 37 42 33  0]]

 [[ 0 54 41 57 35 47 54 44 44]
  [ 0  0 55 31 51 51 50 54 59]
  [ 0 54  0 31 39 51 45 44 56]
  [ 0 43 48  0 48 33 36 52 32]
  [ 0 48 50 37  0 42 52 57 45]
  [ 0 47 57 38 30  0 51 59 46]
  [ 0 52 59 33 31 56  0 59 50]
  [ 0 53 56 42 30 46 45  0 38]
  [ 0 36 42 56 30 43 49 58  0]]

 [[ 0 32 42 33 42 39 36 48 52]
  [ 0  0 38 51 35 43 56 57 45]
  [ 0 55  0 53 46 59 43 58 48]
  [ 0 48 46  0 52 44 54 50 55]
  [ 0 55 46 34  0 40 32 47 48]
  [ 0 42 35 55 47  0 48 51 36]
  [ 0 47 52 35 47 58  0 43 44]
  [ 0 43 46 44 59 32 47  0 40]
  [ 0 47 57 57 51 35 46 58  0]]

 [[ 0 42 59 35 31 47 55 52 53]
  [ 0  0 30 45 46 32 50 53 39]
  [ 0 33  0 50 31 31 51 54 51]
  [ 0 34 33  0 30 30 59 47 55]
  [ 0 56 32 40  0 52 33 43 48]
  [ 0 31 58 31 57  0 55 39 35]
  [ 0 53 57 48 55 44  0 44 49]
  [ 0 46 59 36 44 35 46  0 46]
  [ 0 49 51 35 44 31 43 46  0]]

 [[ 0 35 45 54 57 36 30 42 41]
  [ 0  0 52 38 45 33 46 32 55]
  [ 0 35  0 52 32 36 33 58 37]
  [ 0 56 32  0 52 48 54 47 42]
  [ 0 36 51 41  0 59 54 59 59]
  [ 0 56 35 56 44  0 56 54 58]
  [ 0 42 35 40 59 49  0 46 40]
  [ 0 47 55 31 41 49 33  0 50]
  [ 0 56 49 51 41 52 46 56  0]]

 [[ 0 35 40 39 35 42 44 36 42]
  [ 0  0 53 39 45 48 52 34 38]
  [ 0 32  0 32 54 36 32 47 47]
  [ 0 56 44  0 55 32 44 32 37]
  [ 0 42 47 58  0 40 58 30 30]
  [ 0 37 52 52 30  0 57 47 56]
  [ 0 48 47 45 43 32  0 37 53]
  [ 0 51 35 40 30 57 33  0 53]
  [ 0 32 40 32 54 59 51 40  0]]

 [[ 0 50 35 35 41 57 45 31 40]
  [ 0  0 43 51 31 34 56 41 49]
  [ 0 31  0 58 35 35 41 47 56]
  [ 0 45 40  0 43 30 33 59 37]
  [ 0 39 47 51  0 41 43 46 36]
  [ 0 57 58 59 47  0 47 56 40]
  [ 0 53 45 43 57 49  0 54 33]
  [ 0 41 40 51 56 47 47  0 50]
  [ 0 33 59 40 54 45 36 50  0]]

 [[ 0 45 45 41 37 45 43 38 37]
  [ 0  0 30 38 33 52 54 47 53]
  [ 0 31  0 51 36 43 35 49 46]
  [ 0 41 49  0 56 35 38 49 57]
  [ 0 49 56 59  0 39 49 35 45]
  [ 0 45 36 55 51  0 48 54 46]
  [ 0 55 53 41 30 31  0 34 54]
  [ 0 51 49 36 45 46 46  0 42]
  [ 0 38 51 30 41 40 46 36  0]]

 [[ 0 56 52 57 41 39 47 44 31]
  [ 0  0 47 56 52 53 57 59 45]
  [ 0 30  0 47 30 39 42 49 45]
  [ 0 52 57  0 38 43 46 45 58]
  [ 0 43 45 45  0 31 49 54 43]
  [ 0 47 54 50 39  0 44 33 48]
  [ 0 30 45 58 42 59  0 35 47]
  [ 0 33 39 34 32 53 52  0 52]
  [ 0 51 33 32 35 59 42 45  0]]

 [[ 0 33 48 49 35 33 54 48 47]
  [ 0  0 48 32 52 50 43 44 52]
  [ 0 54  0 48 57 51 43 59 37]
  [ 0 43 49  0 50 44 58 31 33]
  [ 0 45 46 54  0 49 37 48 42]
  [ 0 47 38 47 56  0 55 33 49]
  [ 0 34 30 52 56 48  0 32 34]
  [ 0 45 45 37 43 57 51  0 58]
  [ 0 40 57 49 34 52 55 38  0]]

 [[ 0 49 31 38 31 41 41 42 33]
  [ 0  0 51 35 36 57 34 30 37]
  [ 0 36  0 53 53 35 44 38 41]
  [ 0 44 38  0 53 42 45 39 38]
  [ 0 40 55 44  0 41 59 48 50]
  [ 0 48 50 46 51  0 37 54 46]
  [ 0 37 33 52 35 51  0 58 33]
  [ 0 30 40 41 30 45 56  0 58]
  [ 0 32 56 42 42 35 30 41  0]]

 [[ 0 51 54 53 35 53 51 48 39]
  [ 0  0 47 56 52 41 50 38 38]
  [ 0 44  0 55 41 42 39 30 30]
  [ 0 58 34  0 57 48 43 46 53]
  [ 0 34 47 37  0 34 51 47 42]
  [ 0 33 52 42 56  0 57 52 39]
  [ 0 32 49 51 54 46  0 52 57]
  [ 0 51 33 39 55 32 45  0 33]
  [ 0 46 39 46 56 44 39 51  0]]

 [[ 0 55 54 38 42 49 47 57 31]
  [ 0  0 37 57 49 35 39 41 41]
  [ 0 36  0 50 38 36 36 57 52]
  [ 0 39 42  0 32 38 48 39 59]
  [ 0 43 40 56  0 58 45 42 32]
  [ 0 56 32 34 50  0 38 48 42]
  [ 0 58 35 33 35 46  0 41 56]
  [ 0 45 56 47 47 50 31  0 53]
  [ 0 36 34 35 37 38 57 51  0]]

 [[ 0 58 58 56 54 33 32 58 59]
  [ 0  0 39 55 39 47 31 47 45]
  [ 0 34  0 59 57 44 47 33 30]
  [ 0 46 59  0 43 48 57 44 56]
  [ 0 57 38 58  0 49 43 38 46]
  [ 0 31 44 31 47  0 40 55 41]
  [ 0 52 53 39 47 57  0 46 38]
  [ 0 34 30 52 35 37 54  0 53]
  [ 0 37 58 36 52 35 58 58  0]]

 [[ 0 39 52 55 44 55 31 56 40]
  [ 0  0 30 33 32 30 39 44 47]
  [ 0 32  0 37 44 38 42 54 48]
  [ 0 33 44  0 55 49 30 40 59]
  [ 0 59 58 59  0 34 31 59 32]
  [ 0 32 37 52 51  0 45 48 35]
  [ 0 38 39 59 35 39  0 34 56]
  [ 0 47 49 46 36 52 42  0 33]
  [ 0 41 32 59 34 31 50 42  0]]

 [[ 0 37 44 47 33 52 39 35 43]
  [ 0  0 52 53 36 30 47 38 56]
  [ 0 32  0 54 39 38 36 30 39]
  [ 0 55 46  0 56 35 32 39 38]
  [ 0 47 41 43  0 56 39 44 53]
  [ 0 35 39 40 37  0 31 31 46]
  [ 0 37 41 57 46 51  0 41 42]
  [ 0 45 48 59 43 48 44  0 31]
  [ 0 52 55 38 48 40 49 40  0]]

 [[ 0 43 42 54 32 36 52 35 50]
  [ 0  0 30 33 50 52 52 32 58]
  [ 0 37  0 58 47 45 39 41 54]
  [ 0 40 46  0 57 35 39 55 57]
  [ 0 57 40 48  0 55 55 35 49]
  [ 0 43 52 48 51  0 37 41 57]
  [ 0 49 31 59 33 51  0 57 42]
  [ 0 46 52 42 47 52 38  0 47]
  [ 0 49 47 57 50 40 47 55  0]]

 [[ 0 41 31 55 34 35 30 54 37]
  [ 0  0 36 42 41 33 47 33 43]
  [ 0 59  0 38 38 30 36 48 52]
  [ 0 42 45  0 32 51 57 41 47]
  [ 0 37 57 48  0 54 34 56 49]
  [ 0 56 32 51 43  0 50 34 35]
  [ 0 37 46 33 32 52  0 51 51]
  [ 0 34 57 39 44 41 41  0 53]
  [ 0 54 55 58 48 47 57 38  0]]

 [[ 0 45 37 34 50 58 48 53 57]
  [ 0  0 50 36 54 36 32 35 50]
  [ 0 44  0 38 41 30 31 56 59]
  [ 0 34 42  0 43 48 43 56 59]
  [ 0 47 47 42  0 43 32 49 53]
  [ 0 53 40 50 41  0 39 58 33]
  [ 0 32 31 47 37 50  0 58 57]
  [ 0 41 40 32 41 31 56  0 47]
  [ 0 33 42 59 37 32 34 36  0]]

 [[ 0 50 34 59 54 47 57 54 43]
  [ 0  0 37 54 42 32 30 41 58]
  [ 0 51  0 53 36 50 55 37 56]
  [ 0 44 46  0 42 53 30 43 41]
  [ 0 49 48 38  0 38 50 50 55]
  [ 0 34 59 40 48  0 30 57 39]
  [ 0 37 59 42 33 49  0 51 36]
  [ 0 38 42 47 34 39 47  0 37]
  [ 0 41 58 52 43 51 46 58  0]]]
 delivery_times
 [[ 0 22 10 21 13 22 14 17  5  2  5  6 28 14  7 12 12 27  6  8 27 15  2 25
   6 29  7 17 16  9 28 27 27  5  8  3  5 12 28 19  1  5 10 21 23  6  3 15
   5  2 25 29 13 18  7 13 16  7 11 29 15 10  6 27 23 12  1 18 13 26 21 15
   6 24 22 12  1 16 13  2  5  2  1  1 10 23  7 26 11 18  2 12 15  5  5 16
  17 29  3  2 16 22 28 22 13 16  3 29 11  3  9  2 22 16  1  1 18 12 11  6
  27 23 27 20 21 22 11 27 15  4  7  7  8 20 18 16 14  7 22 14  3 23 25  6
   2  6 19 27  6  5 17  3  6  5 10 13 23 11  5 10  7 20 10 18 24  7  4 19
  11  6  4  7 22 23  7 21  2  8  2 10 21 19 11 21 19 29 26  7  5 26 15 14
  24  6 23 19 25  1 25 17 17 26 10  8  9 11  5 25 18  5 11 26 13 25 21 23
  19  1 21 10 12  8 15 29 28 19 29 12 16 10 16 21 29 22 10 26 11 21 12  9
  22  6 18 20 13 10  7  8 13  5 12  8 17 27 25 12 29  7 29 24  2  8  9  8
   9 20 17  6 10  9  7 22 29 19 13 17  5 16 24  4 27 18 28 17 27 11 17 22
  25 15  1  5  4 21 28 19 26  5  7 24 29 26 14 18  4 23  4 10  4  8  4 24
   8 18 26 14 13 16 13 13  8]
 [ 0  3  4 11 26 16 10  7 15 26  3 26 10  6 12 21 10  3  7 24 29 20 10 13
  19 23  4 10  4  1  9 20 22 28 19 13 24 15 26  8  9 25  7 25 29  9 16 12
   8 13  8  2  1 22  7 15 21 24 21 27 19 23  5 27  5 24 12 26 25 29 26 17
  12 19 10 23 15  5 14 25 21  7 15  1  7 23  9  7  3 24 26  9 27 22 12 13
  18 29 13 14 15 22  2  6 27 18 29 11 27 28 14  8 18  5 10  6  3 10 29 13
  16 27 13 17 21 13 20  3  4 14 11 23 15  7 23 22 15 12  6 17 15  9  4  5
   6 20 22 21 26 24  2  4  7 20 19 16 14  1 18  8 11  2  8 12 24 26 15  2
  22 23 10  2  6  4  9  5 16 10 27  1 13  6 28 11 10 25  9 15 16 27  3 12
   8 13 14 18 12 16  1 17 16  3  6 22 13 15  7 23 21  5 29 11 27  9 22 16
   5 17 16  2 10  5  7 23  7  8 15 29  5 29 23 11 22 27 18 17 20 28 24  3
  11 11  7 26 20  1 15 19  3 10  1 13 21 29 19 26  1  2 12  2 12 14 20  2
   8 11 12  6 21 28 29 17 25  8  3 29 24  3  3 20 28 15 13 23  8 28 15 17
   8 24  9 13  9 15 19 21 18 17 21 12 10 17 24  9 13 24  3 18  8 15  8 14
  14 28  5  1  6  3 28 10 13]
 [ 0  2  1 14 14  1 21 16 26 13 18 13  3 23 28 20  2 23 20 29 26  1 21 27
  28  8  1 20  1  6 16  1  5 19 19 21 17 24  1  9 19 15 24 27 24 21 20 28
   6 20 14 18  3 25 19  2 15 25  4 10 14 24  2  6  1 21 23 25 12 25 19 16
  19  4 17 22  9 10  7 18  1 20 17 14 29 20 21 27  7 22 14 14  4 16 23 18
   2 21  8  2  2  4 25 15 28 21 16  8  8 15  9 29 21 22 28 18 29 28  5 29
  12 18 25 14 19 19 23 20 27  4 20 27 14 13 26  4  4  9  1 11 25  9  7 24
  27 19 29  7  1 13  7  4  2 29  6  7 18 21  1 23  1  8 13  8  6 13 13 17
  13 10  8  9  6  2  4 29  1 24  8 17  3 26  8  1 16  5 25 21  1 27 14 15
  26  6 15 13  8 12 26  4  7 22 11 24 15  5 19 16 26 19  7 16  5 24 20 15
  18 27  6  6  7 13 22 20 23 14 27  3 11 16 22 18  1 17 15 21 15 28 11 28
  29 26 29 28 16 17 21 27 27  6  9  5 12  7 17 21  3 18 10  6 13 18 24  2
  20 12 29  2 14 29 19  4 12 28 10 23 27 17 15  9 19 18  4 14  7 18 27 23
  25 19 12  2  7 19  8 15  7  6 24  4 27 16 13 29 15  7 24 26 15 25 14  7
  11  1 25 13 14 28  4 15 25]
 [ 0  9 25  4 12 21 16 18 15 13 27 24 27 15  6  7  9  1  4  1  7  9 20 20
  24 18  9 19  4 10 13 18 26 20 17 16 22 19 19  3  6 12 22 24 10 16  4 18
  12 26  2 13  6 21 22  5  8 12 22 12  8 20 29 15  8 19 14 17  7 19 20 28
  22 27 22 24 24  2 23 25  8 29  8 17 28  6  7  2 13 20 25 12 10 14 14 14
  16 20  3 22  3  7 28 19 25 28 14 13  4 22 27 21 21 18 29 29  7 22 23 24
  20 12 12  1 19 18  8 19 20  9 10 19  1 21 22  4 22 26 21 21 22 26 29  9
  21  3 25 15 10 18 29 22 15  5 21 27  2 20 14 22 27  1 16 26 13 19 21 16
  22 28  9 24 11  6  2 15 27 11 14  9 24 21 21  6 23 27 23  8 13 19  8 27
  17  5 29 20 11  5  8  1  7 10 28 24  9 29 11 16 16  2  3 27  6 19 13 15
  15  6  2  4 15 24 20 15 26  1  6  9 29 23  6 11 18 22  4 27  7 18 18 25
  19  4  7  5  4 13 20 21 22 18 25 24 12 21 18 21 23 10 27 10 14  6 17 21
  25 10 24 24 16  8 10 20 23  2  7 20 15 17  3  6 27  9 15 14 18 28  5 24
  28 12 15  4  5  8  6 29  7  2  4 25  1 11  7 28  3  5 26 11 12  4  3  1
  20 18 13 16 12  2 20 25 18]
 [ 0 14  1 19 23 25 27 24 18 26  3 13  2  8 13 25 26 11  5 18 28 21  7 10
  22 22 14 20 28 23 24 20 17 24 14 27  5  9 16 23  7 25 12 28 16 24 25 28
  11  4 24 10 24 12  8  2 21 22 10 14 15  2 21  4 10 19 29 21  9  6 15 29
  13 23  4 10 18  5 26 29 28 21  3  7  6 14 25 22 15 14 23 23 25 25 28 14
  15  9  7  3 14 23 28  6  7 20 28  8  5 23  1  3  1 23  2 14  2 26  5 12
   8 27  5 28 29 10  2  3  3 17 20 22 20 22 27 12  4  6 23  3 18 15 20 10
   4  9  9 10  9 23 21 14  8 25 27 14 17 13 14 26 26 15 25 24 14  2 15 11
  12 11 15  8  1 23 21 15  3 12 19 18 24  7 22 19  2 18 17 25 23 27  3  3
  23 23 24  7 28  2  2 13 11 26 20 24 26 13 13  4  4 26 13 14 18 10  8  6
  24 29 14 14 25 27  5 12  9 21 19 16  7 20 14 14 21 22 18 25 28  7 23  3
   4 24  9 26 21  2 18  5  7  3 10  8 29  5 18 29  4  3 10 27 20  2 15 15
   8  1 16 13 20  7  3  2 23 29  7  8 22 28 10  7  6  2 15 29  7 27 21 11
   8 25 11  3  5 25 22 14  7  6  6 21  7 26 20  5  2 24 19 15  5 27  8  5
  23 14  1 22 18 25 28  3 15]
 [ 0 11 29  5 25 28 18 16 12 12 21  5  7 27 17 14 17  3  9 18 14  5 14  9
   1  5 29 17 12 29 22 21  4 11 11 17 25 21  6  1  4 20  4 26 29 22  2 21
  25 14  4 27  8 29 13  8 12 18  8 18 13 25 25 26  1 10 12 11 15  6 10 18
   9  9 24 19 24 23 12  2  4  4 15 20 19 28  2 27 13 13 12 15  9  9  3  2
  24  8 12 24 25  4 29  7  7 17 22  4  1 20  9 23  6 10 26 17  3 26 16 11
  28 18 11  1 27 28  7 14 13 29 15 10 20 27 20 28 29 29 10 22 27  7  3 27
   5 17  7 15  9 21 18 12 19 27  1 29  1  6  6  2  2 16  7 13 14 29 23 12
  25 24 16  3  7 23  5  7 28 28 14 28  3 19  3 16 29  8 19 16 18  8 19  9
  13 12 21 19 28 29 28  1  9  7 24  2  9 24 22  4 17 28  2 24 21 20  7 23
  24  5 19 17 22 24 24  1 20 13 17  4 24  4 29 20 24  4  1 12 10  6 10 12
  11 28 14  8 10  5 15 14  2 12 23 23 21 21 13 11  1 16  2 12  4 15 14 21
  21  6 14 23 19  2 25 18 26 16  9 28 19  9 29  4 21  5 18  4 14 19  5 21
  13 27  5 26  3 22 27  2  2 13 14  7  5 18 22 19  7 26  8 16 28 11 29  8
  21 11  1 18 25 28 11  6 25]
 [ 0  2 14  3 18  4  6  7 13 10 18  3  2 28  7 14  5 11 28  5 19  9 10  7
  19  8  7 21 10 16  5 29  5  3 12 24 29 10 15  2 29 11 22  4  9 19 21 13
  13 20 16 17 21 11 22 10 16 27  2  4  5 21 20 23  5  5  6  9 21 25 16 16
   4  1 18 14  5 25 21  6 11  4 14 23 20 25  1 17 15 17 22 17 16 26  2  8
  13  6 17 11  5 18 19 12  5  5 16 21 18 27 26 25 12 24 12 26 19  7 20  2
  13 18 10  6 23 26  2 14 27 10 24  6  2 26 16 24  5 19 25 15 29  6 19 28
  27 18  5  8 17 17  1 20  7 14  8 12  4 22 14  5 18 11 16 29 11  3 11 26
  27 18 20 14  4 16 29 13 29 19  1  2 26  6 17 14 19 21  5 16 17 28  9 16
  12 22  4  9 20  7 14 16 12 29 13 20 17 19 28 19 21 23  9 23  4  5 26 15
   6 27  7 18 17 29 28 12 17 26 28 16 17  7 20  9 18 14 25 19 12  9 13  4
   8  7 22 18 10 19  1  4 20 13 11 15 13 26 16 13  9 20 24  2 15  9  4 10
  26 15 20 27 12 16 18  9  1 11 18  6  2  9 19 13 14  6 11 27 18 21 17 22
  27 13  7 29 20 27 18 25 22 18 21 21 27  5 17  7 17 12 11 20  2  4 14 11
  16 25 16 25  4 29 25 28 11]
 [ 0 22 23  5 28  5 19 15  8 14  6  5  3  5 17 13  6 14  4 12 15 16 23 27
  18 24 15  8 10  8 29  2  8  3  6  9  1 29 26 11 29 23 20 23 24 22 15  4
  22  5  4  3 25 22 11  2  4  2  1  7 26 27 11  7 25  7  1 14  3 20  2 27
   3 10  3  5 27  4  6  5 13 23 18  2  8 16 16 28 21 22 10  8  5 20  1  6
   2 27 17 15 12  5 12 14 15  3  4  2 20 23 29 11 25 27  9 28  3 21 29 23
  28 24  5 26 19 25 10 19  3 11 13  5 19 12 21 24 17 11 17 16  3 11 14 14
  11 26 14 11 13 24  1 24 24 17 18 15  5  3  2  9 25 26  8 24  3 15 20 27
  24  5  3 21  7 20 17 16 18  9 21  7 28  3  1 18 11  4 13 11 17 12  6  6
  21 14  1 19  8 18 14 16  9  1 22  5  7  2 20  9 23 11 17 22 21  1  7 17
  18  9  8  7 26  1 23 22 11 29 26 28  1 25 24  7  6 19  3  6 23  4 15  6
  23 22  2  8  6 10  2 27 12 20 17  5 18  7 13  5  5 29 22  5  2 14 10 24
   3 18 17  4 29  3 11  7 14  1 26 18 11 28 26 12  8 27 11 21  8 28 18 11
   2 29 10  2 28 20  2 17  2  5 29  6  6  9  3  6 11 21 19  4  7 26  5 22
  29  5  9 10 29 13  2 24 24]
 [ 0 26  9 28  6 24 28 12 29 27 12 14 21 15 27  6  7  7 28  8 14 19 28 20
   3 10  8 28 27 23  9 26  9 17 25 29 29 22  4 20 24 17 10 10 12 14 21 28
   7 28  6 12 20 18 29 13 24  9  5 29 23 16  8  7 17 22  7 20 27  8 19 29
  25 29 20 10 17 10  1 26 28  4 28 17 22 25  4 27 22 10 24 26  8 13  2  5
   8  5 10  8 12  2  8 21 27 29  4 25 14 22 26  8 17  5  7 28 11 21  2 22
  24 29 15 20  5 10 25 26 10  8 24 25  8 24 23  3 26 13 17  2  6  7 13 19
   5 27 28  9 27  1  5 10 15  6  6  5  1 13  7 27 13 22  8  8 16 26  9  8
  15 25 20 18 22 21  6 24 21  4  9  3 29 12  4  4  4 29  6 10  4 23  4 16
  27  1 13 21 18  8 19 22 28 29 13 19 24  1  6 27 13  3  6 20  9 22 15 29
  24  3  8 16 17  6 19 23 21  1 12 12 17  8  3 13 20  4 19 21 16  7  3 27
   2 29 21 13  6 13  7 21 11 25  6 20 17  4 27 24 11 26 25 20 13  8 13 20
  24  6  7 21  6 29 15 16 10 17 10  8  2 26  3 18 15 26  4 18  7 16  4  6
  20  6 14 10  9 14 15  2  4 17 18 18 14 20 14 10 10  9 14 27  1  8 20 12
   2  1 23  7 13  9 16 25  1]
 [ 0  3 20 22  9 15 19 21 18 23 21  5 26  9  5 12 27  7  9  9 20 15 19 27
   7  4 10  2 16 16 29 10 24  2 12 23 21 12  6 19 29 25  4  8 24  4 25 22
   7 10 27 10 22  3 29  4 10 20 23 18  1  9 23 19 16 10  7 26 23 19 29 16
  19 26  2  8  4  5 14  9 28 24 28 12 15 14  9  3 19 11 12 27  8 12 25 27
   5  9 26 22 23 27 18  4  3 27 28 12  8 27 20 20 14 19 23  2 12  4 26 17
  21 29 18 27 23 20  9 25 25 19 21  4 14  9  2  3 12 25 17 28 28 28 16 11
  10 23  7  8 11 14 13 26  7  1 18  8 25 15 24  6 23 16 24 11 16 10  5 24
  16 19  7  5  5  7  9 29 15 16 13  7 19 18 15 19 28 16  1  8 12 15 19 24
  20 22 26  4  4 13  7 13 18  1 10  4 18 21 20  3 20  9 14 29 14  3 17  6
  19  6 23 14 26 29  4 22 18 18 17 20 20 26 29  9 10 12  3  9  2 14  3  1
  13  7 23 13 17 18 20  8 18  6 24 10 22 16 18 19  3  3  8 18 21 15  5  4
  26 17  4  6 21 15  1 15 19 23 28  1 10 18 27  7 27 22 11  2  7 20  8 28
  29 19 18 28 20 29 18  7 11 27  2 21  3  9  9 23 24 23 11 22 12 17 19 13
  19 16 19  8  8 16 21  3 28]
 [ 0 19 20 26 19 12  1 14 27  1 11 19  6 28  8 25 10 13 12  7 19 28 24  1
  26 10  6  4 15  1  5 21  7 13 26  9 15 16 17 23  9 12 26 13  4 11  4 13
   6 21  9 21  2 17  2 26  6 21 27 12  7 18 19 15  3  7 18 25 27  6  9 13
   3 29  5 21  5 26 27 18  6 18 12 19 16 29 19 20 24  3 12 24 23 26 20  7
  16  2 22 22  6 26 23  1 28 28 28  5 16 17 12 28 13 19 12  4 24 22 19 10
  21 28 13 27  6 11 26 29 19 25 11 17  2 11 16 28 29 29 21  2 13 25  2  6
   7 22 15 20 28  2  2 27  7 17 28 18  6 14 11  6 17  6 26 16 11 22 29  6
   6 21 12 26  4 22 17 19 29 10 11  1 26 12  2 26 26 12 25 25  3 29 16 25
  23  8 13  4 11 27  7 20 19  7  5 26 22  7  8  6 26 16 21 16 26 15 12 12
  29 19  1 13 11 12 25 17  3 21 29 23  2 19 25  1  8 18 27 10  9 19 25 15
  21 29 15  7  1  7  2 24 21 21 17 21  1 11 21 10 28  5 13  4 23 14 11  1
  25  6  2  5  3  7 19 19 27 15  7 11 24 23  4 25  6  7 11  2  4 28 18  7
   4 26  7 19  8 28  9 11 17 25 22  1 20 14 21 28  3 15  2 26 24 29  1 11
  19 25 27 13 25 18 28  1 29]
 [ 0 29  8 20 10 26  9 19  3 11 15 21  5 26  7 18 18  6 21 24  8 16  8 11
  27 10 27  3 10 17 13 16 20 14 27  7 13 26 21  4 21  1 24 28 18 15 13  8
  29 28  8  2  5 18 16  1  5 28 14  4  8 12 18 12 24  6  9 20  9 27 18 25
  17  8  3 19  2 12 29 12 28  8 12 11 19  1 17 14 16 12 27 29 28  7 24  4
  11 27 17 10 11 23 23 28 23  6 23 23  6  9 28  3 25  5 15 19  6 26 10 11
   3 29 10  5 13 12 24  6  6  4 14  3  1  8 26  7 21  3  3 26 26 26 12 28
  13 15 14 23 26  8 21  3 11  4 27  7 25 10  5  6 12 17 27  7  4 29 17  5
   1 28 17 29  3  2 21  8 18 19 25  1 25 24 16 13  6 26  8 20 17  6 21 28
   5 20  7  2 27 29 17  9  7 29 28 22  8 21  6  3  1 19  6 27 24 19 25 26
  26 18 22 29 13 25 28 11 14 12 13 17 24 18  3 21 24  1  9 18 10 23  2  4
   6 26 28  3 17 16 10 22  4 24 10  8 12 11  6 11 24  2 24 26  7  3  7 24
  11 15 14  8 21  2 26 29 14  6 16 22  8 29 20 29  6 18  5 21  4 14 24 18
   3 17 26 11 17 10 18  5  9 16 15 27  7 18 16  8 18  1 24  1  9 28  4  3
  23  7 10 14 11 26 23 26 27]
 [ 0  9 14 24 23 16 27 18  5 27 17 10 10 21 29  8 22 12  7  4  8 15 17  7
  18 25  5  9 29 11 15  9  8 16  4  2 23  2 22 18  5 26  4  9  2  9  2 10
  16 19 14 13 11 26  1 17  8  1 21 15 16 19 14 17 25 14 17 26 11 25 18  3
  17  3  1 20  3  7  8  9  8 10  7 17  1 18 23 27  7  9 22 15 14  3  3  4
   2 23  6 10  7 21 23 15  4  6  9 13 20 16  2 29 16  1 22 24 18 18 22 12
  23 10  4 17  8 18  8  2 11  9  2  1  5  1 12 29  9 10  5 22 16 18  9 13
  26 26 18  2 17 14 10  1  8  1  9 16  3 16 14 11 21  5 25  8 26 15  1 14
  23 14 26 28 18 20 24  7 16 16 15 15 23 22  5 21 14  1 27 29  8 20 19 18
  18 25  5 13 20 20 15 21 16 22  1 29 28 14 26 12 23 11 10 11  7 28  5 24
  16 12 21  1 27  2 28 26 24  2 13 29 11 19  3  4 25 11  8 20 27  6 22  4
   1 27 21  8 12 12  2 18 27 20  8 10 10 18  3 25 21 12  3 14 16  1 10 17
  29 15 23 18 23 19 16  9  8 12 18  7 10 28 13  3 17 18  8 12 27  1 19  7
  21 19 29 22 28 26 11 12 20 15 27  5 24 29 28 17  6 11  1 20  2 12  6  3
  26 11 23 20 14 20  1  9 29]
 [ 0  9 16 19 10 20  8 28 17 24  4 14 21  8  2 10  8  6 19 15 10 13 14 17
  18 25  1 25 13 15 28 29 18 18 27 16 11 26  2 10 25 10 18  7  9 26 22 21
  28  7 12  5 10 29  3  9  2 13 27 16 24 26 22  3 19 21  9 11 27 14  7  8
  16 10 14 18 27 17 18  5 25 15 19 24 28 18 26 14 26  7 27 11 12 27 19 19
   5 27  1 20 28  2 11 10 29  1  1 12 23  5 26 28 22 23  7 27  6 28 15 18
  12  5 14 24 13 24  1 29  2  7  2 16 14 22 19  6 10  2  9 28 15 15 27 14
   6 27 20 25 14  6  6 26 15  2 14  8 14  2  8 24 28 29  8 14  8 22 10 25
  26 18 29 19 21  9  8 20 21  6 21 28 13  3  4 28 23 28  2 20 17 25 28  8
  23 29 15 25  1  8 16 24  6  5 12  5  3  6 29 16 25  8 21 14 26  6 27 10
   8 13 15 20 18 29 10 20 10 23 26  5 18 15  6 13 21  9  6  8 21  4  2 20
  14 23 14 11 29  4 24 10 27 29 27  2 25 18 27 14 26 16 17 19  9  2 15 25
  28  7  6 15 21  6 12  9 22 28 27 18 17  6 26  3 10 22 29 17 16 16 18 13
  18  9  4 13 25 11 20  2 24  3 10  4 14 22 11 11 15 27 25 10 26 25  3  3
   3  7 21 18  9 22 28  2 27]
 [ 0 12 11  4  5 26 29 26  9  2 22 12  8 23  5  2 19 18 27  3  2  5  4 20
   3  6 10 21 29 24 12 15  5 14 18 15 14 26 15  8 13 14 15 25  1  4 11 28
  21 21 12 22 13 29  8 29 22 20 10 26 14 11  9 19 22 16  9 20  1 28  3 12
   5  9 15  5 19  1  2 12  2 12 12 22 29 28 21 27 23 25 24 27  1 17  1 24
  11 21  7 27 14 23  6 15 25 24 10  7  7 26  3 17 16 16  3 28 16 22 16 12
   3 27 25 15 21  1 25 18  1 20  7 17  2  7 21  6  3  1  5 18  3 16 12 13
  24  7 17  2 13 13 23  8 11  1 13 26 19 15 20 15 10 29 23  2 26 16 26 21
  14 13 23 11 25  3  1 27  9 22 14 25  1 10 14  1 18 16 26 29 16 29 29 14
  28 20  5 19  4 22 12  8 17 19  2 18 13 17 12 29 22 18 18  1  8 12  8  2
   8 21  1 27 15  3 17 20 14 10 25  5 26 29 12  8 25 14 20 17 20  3 28 14
  15  8 17 27 25 13 14  4  8 29 18 25  5 18 28 21  4 28 11 24 25  3 23 29
  24  1 14 22  2 23  8  9 24 24 29 14 10 14  1 29  9  7 14  9 10 19  5 27
  16 15  2 28  7 28  4  8  9 13 12 22  4 20 14 12 10 11 17  1 18  8 24 14
   7 22  2 29 29 13  5  3  6]
 [ 0  2  7 14 18  6 24  9 20  6 29  4 25 11 25 28  6 20 22  2 13 11 13  6
  13 10 17 25 27  4 17 28 21 12 13 21  2 22 29 15 22 14 22 26 18 20  1  2
  15 20 12 28 27  5  2 22 12 14  4  5 12 17 15  3  5 21 19  9 25 12 10 26
  10  5 23 15 24  6 16 10 12 14 10  8  4 15 15 12 21  6 28 16 19 15 22 26
  15 29 11  8 11  1 18 16 20  9 23 14 23  6  2  8  5 16 16 23 24 20  8 11
  14 17  3  4 28 28 14  6  5 24 29 18 23 22 11  5 12 15 19 15 26  8  4  9
   5  8 19  4 27  9  2  4 16  4 24  4  4 29  3  9 24 11  2 14  2 17 21 11
  16  9  7 27 23 20 28 20 23  3 15 11  7  9 22 23 22 27 12 13  4 20 12 16
  25 28 27 28  5  5 28 22 16  6 20 17 22 16 18  4 23 15 29  5 13 19  9 23
   2 21 18 13 10 19  6 17 28  4 15 11 12 28 16 22  1  3 15 29  5  4 16  2
  27 25 24 21 25  5 13 29 21 16  5 21 23 14 28 28  6 14 25 11 24 10  9 13
  17 10 28 22 19 13  5 16 13  6 18  3 27  7 13 19 29  8 10 12 20 14 14 21
  24 14  3 26 13  4 18  9 12  7  7 17 11 18 21 23  7 25 16 21 29 10 27  1
   5 17 27 20 14 10 28  9 10]
 [ 0  2  7  1  3  9 23 15  1  3 28 26 17 23 18 11 13 25 21 18 21  9  6  3
   4 24  8  5  2 12  8  9 21 24 12 10  7  6 17 14 22 12 19 11  6 16 24 18
  21  2 19 12 27 27  9 11 24 17 19 27 19  4 28  3 29 10 11  8  9 13  3  5
  12  2 20  7 17  7 24 10 16 17 22 26  8 17  2 14 24 16 29 29 28 23 28 20
  24 22  4 18  9  1  2 20 21 22 21 27 11 17 24 22 17 16  4  1  9 24  2 20
  14  7 12 28 28 29 19 17  7 14 19 16  9  8 22 15 17 29 16 14 10 22 25  6
  28 25 25 18 29  9 10 23 25  2  5 11 26 20 10 11 14 19 11 16  9 27 17 10
  28 16 21 24 11 12 17 10 14  4 21  2 20 17 13 19 14 24  3 25 25 29 26 10
  25 19 16  8 24  2  6  2 21 18 12 26  6 14 24 20  9 15 10 22  6 10 13  8
  10  5 13 15 19  2 14 18 22 17 28 17 17 20 28 20 16 24  5  3 16 23 10 16
  16 11 26 12  9 12 25  2  7 19 12  2  8  6 13  4  5 13 24 19 15  1 18  1
   8 22 14 10 21 21  5  1 12 19  9 21 22  5  2 26 29 26  3  3 18 21  3 11
  13 22  1 20 10  9 21 21 16 12 17  5  5 17 11 22  4 28 27 24 24 22  7 27
   8 12 13 14 11 15  4 20 13]
 [ 0 11 16 27  2  4 15 10 16 25  2 17  9  1 11 20 26 16 29 26 15 25 29  6
  29 20 14  2  8 15  8 19 26  1 21 15 13 10 12 21 11 19 21 20 23 10 21 16
  27 11 18 28 21  3  6 10 16 22 29 25 24 14  6 29 18 13  6  6 26 29 21 19
  23  2  8  2 24 19 15 15  7  1  3  5 10 19 24 27  9  5  3 13  6 24  6 27
  14 14 27 27 11  7 18  8  8 14  8 19  3 26 29  4 13 13 12 23 16 15 18 23
   2 12 11 20  5 22 13 12  4  3 11 12 29  7 24 27 13 15 11 23 29  8 10 23
  27 19  2 22 16 18 13 27 28 10 11 29 23 16 28 21 21  2  4  9 25 22 13 27
   5 27  9 16 22 12 20 11 28 19  3  8 13 23 12 27 14 10  4 18 28 16 17  1
   7 21 17 16 20  7 25 20 29 26 23 19  6 25 21  9 19 19  6 26  3 10 11 10
   9  9 17  3 10  7 19  3 28 16 10 17  9  1  7 19  3 21  6  2 25 25 11 15
   3 11 12 21 24 24 23  5 13 10 11 20  8 12 14 29 22  6  3 11 11  3 14 26
  19  2 11 28 14 16  3 15 16  4  8 14  3 21 29 13 12 26 10 12 24 27 26 24
  23 18  4  3 14 28 18 22 24 18 25 14 26 14 27 25 18 26 27  3  5  5 12  3
  11 24  1 28  6  4 13  6 25]
 [ 0 27  6  2 15  8  4 19 28 11 11  6  7 12 28 25  5 18  5  7 10 21  3 22
  14 20 29  4 24 17 13 28  6  7  8  8 24 16 13 12 24 17 29 13  2  5 24 14
  19 27 14  9 22 18 20 27 23  8 19 22 29 25  2 28  3  8 28 18 16 19 17 27
   7 10 16  6 25  6 13 22 25 13 12 13 12 10 13  4  6 27 11 26 13 15 12  1
   1 28 27 11 29 18 15 10 10 14 23 22  6  9 26 12 25 24 12 25 13  3 29  8
  19  1  5 21 22  2 20 20  9  8  8 29 15 10 28 17 29 27  4 20 14 19 17 28
  24  9 29 20  6 20 12  2 15 25 25 16 15 28 15 17 26 24 21 17  2 24  2 28
   4 11  5 16 25 25 10  9 24 21 29  2 24 15  8 20 19 29 11 20 26  9  4 25
  14 15  1  5 19 11 20 27 22 23 19 28 29  6 16 15 29 21 25 19  4 28 20 17
  18 28 25  1 12  5 19 19 10  2 19 28 19  7 23 10 23 14  4 13 13 28  8 26
  21 13 10 27 11  5 18 29  5 24 17  6 19 17 13 12 13 19 26  5  5 29 10  9
  12  8 18 29 13  8 25 29 13 28  4 10 27  2 16 21 27 28 19  8 13 28 25 22
  18 29  9  5  8  1 22  5 28 27  9 14 10 18 27 19 25 24  6 12 18  2 14 14
   6 25 19 23 23 23 16 17 10]
 [ 0 18  6 27 13 28 24 22  5 16  9 21 15 13 23  9 26 12 25 28  6  3 11  1
  26  4  7  5 15  1 10 22 26 19  4  4 15  5  8  7 13 16  2 11 28 27 14 19
  24 22 24  2 27 11 12 16 16 20 28 27 29 17  6 25 21 23  7  4 15 10 23 24
  24 21  1 21 25  4 10 16 25 10 11 12 19  1 18 16 14 25 29 21 27  4 29 17
  10 17 21 26  5 10 26 15  9 19 21 10 11 20  5 23 29 20 14  2 21 17 19 28
  22 28  5 12 26 10  6  4 22 15  8 15  2 22  9 21 11  1 27 28 17  4 29 26
   1 18 26  7 28  4 11 28  1 11 27 29 21 16 10  6  2  3 18  7  4 23 22  2
  21 15 24 10 12  5  9  2 20 27  7 25 20 14 19  9 23  2 29 24 24 16 10 10
  26  6 15  3  5 22 26 25 11 14 13  3  9  9 13 23  7  1 22 18 16 10 23 18
  10 25 21 19 15 21 12  5  4 17 20 24  8 23 15 23  1 13 13 11 19 28 29  6
   8  1 24  6  1  9 21 17 24  5  5 29 14 23  1 16 20 16 22 28 18 17 13 20
  18 20 26  5 16  1 12 15 29 10  2 14 12  3 11 27  8 26 28  7 21  1 12 25
  23 14 25 12 14  4 26  4  6 10  2 19 14  4 12 26  4  1 19 22 25  8 13 24
  22  5 11 15  2  8 29 27  9]]
 job2fam
 [[1 0 0 0 0 0 0 0 0 0 0 0 0 0 0 0 0 0 0 0 0 0 0 0 0 0 0 0 0 0 0 0 0 0 0 0
  0 0 0 0 0 0 0 0 0 0 0 0 0 0 0 0 0 0 0 0 0 0 0 0 0 0 0 0 0 0 0 0 0 0 0 0
  0 0 0 0 0 0 0 0 0 0 0 0 0 0 0 0 0 0 0 0 0 0 0 0 0 0 0 0 0 0 0 0 0 0 0 0
  0 0 0 0 0 0 0 0 0 0 0 0 0 0 0 0 0 0 0 0 0 0 0 0 0 0 0 0 0 0 0 0 0 0 0 0
  0 0 0 0 0 0 0 0 0 0 0 0 0 0 0 0 0 0 0 0 0 0 0 0 0 0 0 0 0 0 0 0 0 0 0 0
  0 0 0 0 0 0 0 0 0 0 0 0 0 0 0 0 0 0 0 0 0 0 0 0 0 0 0 0 0 0 0 0 0 0 0 0
  0 0 0 0 0 0 0 0 0 0 0 0 0 0 0 0 0 0 0 0 0 0 0 0 0 0 0 0 0 0 0 0 0 0 0 0
  0 0 0 0 0 0 0 0 0 0 0 0 0 0 0 0 0 0 0 0 0 0 0 0 0 0 0 0 0 0 0 0 0 0 0 0
  0 0 0 0 0 0 0 0 0 0 0 0 0 0 0 0 0 0 0 0 0 0 0 0 0 0 0 0 0 0 0 0 0]
 [0 0 0 0 0 0 0 0 0 0 0 0 0 1 0 0 0 1 0 0 0 0 0 0 0 0 0 0 0 0 0 1 0 0 0 0
  0 0 0 1 0 1 0 0 0 1 1 1 0 0 0 0 0 0 0 0 0 0 0 1 0 0 1 0 0 0 1 0 0 0 0 0
  0 0 0 0 0 0 0 0 0 0 0 0 0 0 0 0 1 0 1 1 0 0 0 0 0 0 1 0 0 0 0 0 0 0 1 0
  1 0 0 0 0 0 0 0 0 0 0 0 0 0 1 1 0 0 0 0 0 0 0 0 0 0 0 0 0 0 0 0 0 0 1 0
  0 0 0 0 0 0 0 0 0 0 0 0 0 0 0 0 0 0 0 0 0 0 0 0 0 0 0 0 0 1 1 0 0 0 0 0
  0 0 0 0 0 0 0 1 0 0 1 0 0 1 1 0 0 0 0 0 0 0 0 0 0 0 1 1 0 0 0 0 0 0 0 0
  0 0 0 0 0 0 0 0 1 0 0 0 0 0 1 0 0 0 0 0 0 1 0 0 0 0 0 0 0 0 0 0 0 0 0 0
  0 0 0 0 0 0 0 0 0 0 0 0 1 0 1 0 0 0 0 0 1 1 0 1 0 0 0 0 0 0 0 0 0 0 0 0
  0 0 0 0 1 0 0 0 0 0 0 0 0 0 1 0 0 0 0 0 0 0 1 0 0 0 0 0 0 0 1 0 0]
 [0 1 0 0 0 0 1 1 0 0 0 0 0 0 0 0 0 0 0 0 0 0 0 1 0 0 0 0 0 0 0 0 1 0 0 0
  1 0 0 0 0 0 0 0 0 0 0 0 0 1 0 0 0 0 0 0 1 0 1 0 0 0 0 1 1 0 0 0 0 0 0 1
  0 0 0 0 1 0 0 0 1 0 0 1 0 0 0 0 0 1 0 0 0 0 0 1 0 0 0 0 0 0 1 0 0 0 0 1
  0 0 0 0 0 0 0 0 0 0 0 1 0 0 0 0 0 0 1 0 1 1 0 0 0 0 0 0 0 1 0 1 0 0 0 0
  0 1 0 1 0 0 0 1 0 0 0 0 0 0 0 0 0 0 0 0 0 0 0 0 0 0 0 0 0 0 0 0 0 0 0 1
  0 0 0 0 0 0 0 0 0 0 0 0 0 0 0 0 1 0 0 0 0 0 0 0 0 0 0 0 0 0 0 0 0 0 0 0
  0 0 0 1 1 1 0 0 0 1 0 0 0 0 0 1 0 0 1 0 0 0 0 0 1 0 0 1 1 0 0 1 0 0 0 0
  0 0 0 0 0 0 0 0 0 0 0 0 0 0 0 0 0 0 0 0 0 0 0 0 0 0 0 1 0 0 0 1 0 0 0 0
  0 0 0 0 0 0 0 0 0 0 1 0 0 0 0 0 1 0 0 0 0 0 0 0 0 0 0 0 1 0 0 0 0]
 [0 0 0 0 0 0 0 0 0 0 0 1 0 0 1 0 0 0 0 1 0 0 0 0 0 0 0 1 1 1 0 0 0 0 0 0
  0 0 0 0 1 0 0 0 0 0 0 0 1 0 0 0 1 1 0 0 0 0 0 0 1 0 0 0 0 1 0 0 0 0 1 0
  0 0 0 0 0 1 0 0 0 0 0 0 0 0 0 0 0 0 0 0 0 0 0 0 0 0 0 0 0 0 0 1 0 0 0 0
  0 0 1 0 0 0 0 0 0 1 1 0 0 1 0 0 0 0 0 1 0 0 0 0 0 0 0 0 0 0 0 0 0 0 0 0
  0 0 0 0 0 0 0 0 0 0 0 0 0 0 0 0 0 0 0 0 1 0 0 0 0 0 0 0 0 0 0 1 0 0 0 0
  0 0 0 0 0 0 0 0 0 0 0 0 0 0 0 0 0 0 0 0 0 1 0 0 0 0 0 0 0 0 0 0 0 0 1 0
  0 0 0 0 0 0 1 0 0 0 0 0 0 0 0 0 0 0 0 0 0 0 0 0 0 1 0 0 0 0 0 0 1 0 0 0
  0 0 0 1 0 1 0 0 1 0 0 0 0 0 0 0 0 0 0 0 0 0 1 0 0 1 0 0 0 0 1 0 1 0 0 0
  0 0 0 0 0 0 0 0 0 0 0 0 0 0 0 1 0 0 1 0 0 1 0 1 0 0 0 0 0 0 0 0 0]
 [0 0 0 1 0 0 0 0 0 0 0 0 1 0 0 0 0 0 0 0 0 0 0 0 0 1 1 0 0 0 0 0 0 0 0 1
  0 0 0 0 0 0 1 0 0 0 0 0 0 0 0 1 0 0 0 0 0 1 0 0 0 1 0 0 0 0 0 0 0 0 0 0
  1 0 0 0 0 0 1 0 0 0 0 0 0 0 1 0 0 0 0 0 0 0 0 0 1 0 0 0 1 0 0 0 1 0 0 0
  0 0 0 0 0 0 1 0 0 0 0 0 0 0 0 0 0 0 0 0 0 0 0 0 0 1 0 1 1 0 0 0 0 0 0 0
  0 0 1 0 1 0 0 0 0 0 1 0 1 0 1 0 0 1 1 0 0 1 0 0 0 1 0 0 0 0 0 0 0 0 0 0
  0 0 0 0 0 0 0 0 0 0 0 0 0 0 0 0 0 0 0 0 0 0 0 0 1 1 0 0 0 0 0 1 0 0 0 0
  0 0 0 0 0 0 0 0 0 0 1 1 0 0 0 0 1 0 0 0 1 0 0 0 0 0 0 0 0 0 1 0 0 1 0 0
  1 0 0 0 1 0 0 0 0 0 1 0 0 0 0 0 1 1 0 0 0 0 0 0 0 0 0 0 0 0 0 0 0 1 0 0
  0 0 0 0 0 1 0 1 0 0 0 0 0 0 0 0 0 0 0 1 1 0 0 0 0 0 0 0 0 0 0 1 0]
 [0 0 0 0 0 0 0 0 0 0 1 0 0 0 0 0 0 0 0 0 0 0 0 0 0 0 0 0 0 0 0 0 0 1 0 0
  0 1 0 0 0 0 0 1 0 0 0 0 0 0 0 0 0 0 1 1 0 0 0 0 0 0 0 0 0 0 0 0 0 0 0 0
  0 0 0 1 0 0 0 0 0 0 0 0 0 1 0 0 0 0 0 0 0 0 1 0 0 0 0 0 0 0 0 0 0 0 0 0
  0 0 0 0 0 1 0 0 0 0 0 0 0 0 0 0 0 0 0 0 0 0 0 0 0 0 0 0 0 0 0 0 0 0 0 0
  0 0 0 0 0 1 1 0 0 0 0 1 0 0 0 0 0 0 0 0 0 0 1 0 0 0 0 0 0 0 0 0 0 1 0 0
  0 0 0 0 1 0 0 0 0 0 0 1 0 0 0 1 0 0 0 0 0 0 0 1 0 0 0 0 1 0 0 0 1 0 0 0
  0 0 0 0 0 0 0 0 0 0 0 0 1 1 0 0 0 1 0 1 0 0 1 0 0 0 0 0 0 0 0 0 0 0 0 0
  0 1 1 0 0 0 1 0 0 0 0 0 0 1 0 0 0 0 0 0 0 0 0 0 0 0 0 0 0 0 0 0 0 0 1 0
  0 0 0 0 0 0 1 0 0 0 0 0 0 0 0 0 0 1 0 0 0 0 0 0 0 0 1 0 0 0 0 0 1]
 [0 0 0 0 0 0 0 0 0 0 0 0 0 0 0 0 1 0 1 0 0 0 0 0 1 0 0 0 0 0 0 0 0 0 1 0
  0 0 0 0 0 0 0 0 0 0 0 0 0 0 1 0 0 0 0 0 0 0 0 0 0 0 0 0 0 0 0 1 0 1 0 0
  0 1 1 0 0 0 0 0 0 0 0 0 0 0 0 1 0 0 0 0 0 1 0 0 0 0 0 1 0 0 0 0 0 0 0 0
  0 1 0 1 1 0 0 0 1 0 0 0 0 0 0 0 1 1 0 0 0 0 0 1 0 0 0 0 0 0 0 0 0 0 0 1
  0 0 0 0 0 0 0 0 0 0 0 0 0 1 0 0 0 0 0 0 0 0 0 0 0 0 1 0 0 0 0 0 1 0 1 0
  0 1 0 0 0 0 0 0 0 1 0 0 0 0 0 0 0 1 0 0 1 0 0 0 0 0 0 0 0 0 1 0 0 0 0 0
  0 0 1 0 0 0 0 1 0 0 0 0 0 0 0 0 0 0 0 0 0 0 0 1 0 0 1 0 0 1 0 0 0 0 0 1
  0 0 0 0 0 0 0 0 0 0 0 1 0 0 0 1 0 0 0 0 0 0 0 0 0 0 0 0 0 0 0 0 0 0 0 0
  1 0 0 0 0 0 0 0 0 1 0 1 0 0 0 0 0 0 0 0 0 0 0 0 1 0 0 0 0 0 0 0 0]
 [0 0 1 0 0 0 0 0 0 1 0 0 0 0 0 1 0 0 0 0 0 1 1 0 0 0 0 0 0 0 1 0 0 0 0 0
  0 0 1 0 0 0 0 0 0 0 0 0 0 0 0 0 0 0 0 0 0 0 0 0 0 0 0 0 0 0 0 0 1 0 0 0
  0 0 0 0 0 0 0 1 0 1 1 0 0 0 0 0 0 0 0 0 0 0 0 0 0 1 0 0 0 0 0 0 0 0 0 0
  0 0 0 0 0 0 0 0 0 0 0 0 0 0 0 0 0 0 0 0 0 0 0 0 1 0 0 0 0 0 1 0 1 1 0 0
  0 0 0 0 0 0 0 0 0 1 0 0 0 0 0 0 0 0 0 1 0 0 0 0 1 0 0 1 0 0 0 0 0 0 0 0
  1 0 1 1 0 0 0 0 0 0 0 0 0 0 0 0 0 0 1 1 0 0 1 0 0 0 0 0 0 1 0 0 0 1 0 0
  0 1 0 0 0 0 0 0 0 0 0 0 0 0 0 0 0 0 0 0 0 0 0 0 0 0 0 0 0 0 0 0 0 0 1 0
  0 0 0 0 0 0 0 0 0 0 0 0 0 0 0 0 0 0 0 0 0 0 0 0 0 0 1 0 0 1 0 0 0 0 0 1
  0 1 0 0 0 0 0 0 1 0 0 0 1 1 0 0 0 0 0 0 0 0 0 0 0 0 0 0 0 1 0 0 0]
 [0 0 0 0 1 1 0 0 1 0 0 0 0 0 0 0 0 0 0 0 1 0 0 0 0 0 0 0 0 0 0 0 0 0 0 0
  0 0 0 0 0 0 0 0 1 0 0 0 0 0 0 0 0 0 0 0 0 0 0 0 0 0 0 0 0 0 0 0 0 0 0 0
  0 0 0 0 0 0 0 0 0 0 0 0 1 0 0 0 0 0 0 0 1 0 0 0 0 0 0 0 0 1 0 0 0 1 0 0
  0 0 0 0 0 0 0 1 0 0 0 0 1 0 0 0 0 0 0 0 0 0 1 0 0 0 1 0 0 0 0 0 0 0 0 0
  1 0 0 0 0 0 0 0 1 0 0 0 0 0 0 1 1 0 0 0 0 0 0 1 0 0 0 0 1 0 0 0 0 0 0 0
  0 0 0 0 0 1 1 0 1 0 0 0 1 0 0 0 0 0 0 0 0 0 0 0 0 0 0 0 0 0 0 0 0 0 0 1
  1 0 0 0 0 0 0 0 0 0 0 0 0 0 0 0 0 0 0 0 0 0 0 0 0 0 0 0 0 0 0 0 0 0 0 0
  0 0 0 0 0 0 0 1 0 1 0 0 0 0 0 0 0 0 1 1 0 0 0 0 1 0 0 0 1 0 0 0 0 0 0 0
  0 0 1 1 0 0 0 0 0 0 0 0 0 0 0 0 0 0 0 0 0 0 0 0 0 1 0 1 0 0 0 0 0]]
