params：
 weight-->(1, 10)
 proc_times-->(1, 100)
 setup_times-->(60, 120)
 delivery_times-->(170, 200)
 job_rate-->16

start:
alpha_1
16
 alpha_2
2.0
 mach
20
 job
320
 fam
8
 weigh
 [[0 9 9 2 4 2 8 6 1 1 8 8 1 6 8 6 6 4 8 2 9 7 8 5 7 6 6 1 2 1 5 3 1 7 4 4
  7 4 6 5 7 5 2 9 9 8 9 5 5 4 8 7 1 4 5 4 8 5 5 7 8 7 8 3 5 1 5 2 8 6 7 2
  6 3 7 7 8 3 1 3 4 6 9 1 4 8 5 4 1 2 6 8 5 4 4 6 2 6 4 8 8 5 7 6 9 8 5 1
  7 1 9 7 2 6 1 1 8 3 7 2 2 2 5 1 8 2 9 5 9 8 8 1 4 1 2 2 7 9 3 8 2 8 6 2
  6 3 5 3 6 7 4 7 8 4 1 5 1 7 8 6 8 5 6 7 1 8 9 9 4 3 2 1 3 6 6 4 9 1 4 2
  2 7 1 9 2 5 7 9 4 3 4 5 8 1 4 4 5 1 6 9 9 3 4 7 7 7 4 5 5 5 5 4 2 9 5 4
  9 2 3 6 9 1 7 2 1 5 9 5 5 3 6 4 6 1 4 5 2 4 3 3 5 2 1 9 7 1 5 9 9 5 1 3
  9 2 4 4 6 5 1 3 3 4 5 2 5 9 4 6 9 4 4 2 3 3 2 9 1 4 8 2 2 1 2 1 2 8 3 8
  8 7 1 1 1 7 6 5 1 6 7 1 8 9 7 7 3 4 2 9 2 1 6 1 4 6 6 4 7 7 7 7 3]]
 proc_times
 [[  0  17  73  32   3  49  30  90  29  13  63  60  96   5  88  60  22  84
   95  79  24   7  13  76  20  91  33  83   7  69   7  84  31  25  78  50
   84  91  87  81  92  55  81  33  98  96  54  88  90  60  79  61  29  90
   71  68  91  21  66   8   5  21  20  50  55 100  65  70  10  84  20  10
   75  67  20  94  22  97  22  42  77  74   7  70  41  22  72   6  49   6
   32  92  91  42  85  80  43   9  44  23  47  92  48   2  69  58  34  61
   25  22  81   1  93  39 100  49  23  39  40  21  32  77  84  71  25  54
  100  58  85  11  40  12  85  69  49  87  65  15  46  83  36   2  42  58
   48  16  92  16  62  24  16  49  38  94  40  72  51  54   5  68  42  42
   68  49  36  14  64  16  75  34  26  13  54  58  30  69  59  92  93  94
   11  38  90   8  11  86  81  72  78  66  33  40  20  29  59  65  16  36
    6  56  23  85  15  76  49  58  41   1  54  76  85  48   4  35   2  64
   55   6  89   5  63  86   5  41  82  17  78  27  98  54  30  57  41  23
   53  85  84  48  90   4  29  11   2  82   1  58  75  65   5  95  58  36
   75  35  99  29  15  22  65  44  97 100  54  85  47  91  37  12  54  51
    2  62  24  51  65  32  61  11  57  73  44  15  40  68  79  47  96  76
   38  55   5  54  57  87  83  35  93  12  81  14  30  69  98  48  16  88
   71  84  34   6   4  38  43  32   4  40  70  59  56  72  14]
 [  0  55  29  75   6  55  51  26  78  80  83  72  15  72  32  11  70  43
   50  60  25  96   2  17  78  33  82   1  79  61  21  75  82  17  75  22
   40  15  46  29  91  53  67  15  94  98  43  71  61  12  14  39  91  18
   58  45  54  72  56  57  88  29  96  99  10  86  19  44  78   1  20  76
   16  78  54  16  15  80   1  16  35  26  11  30  35  73  13  49  49  86
    1  67  69  20  38   7  48  13   1   8  59  96  82  98  51  80  68   9
   69  67  83  67  11  16  41  52  37  81   5  94  14  62  99  71  90  90
   72  86  98  53  15   3  79  38  36  64  87  97  90  15  25  54  44  91
   10  65  12  63  40  73  79  57  78  45  46  47   5  18  27 100  92  99
   15  30   8  88  39  61   3  74   8  36  99  14  97  83  41  23  91  95
    4  76  34  78  75  65  85  71  93  62  99  12 100  17  22  67  73  96
   35   4  21  70  73  39  23  28  80  24  27  89  74  34  43  78  25  47
   31   1  15  26  91  89  38   8  98   1  17  88  56  99  60  36  33  64
    4  41  15  46  56  12  39  42   8  48  36   3  99  46  72  88   6  76
   33  81  50  48  90  83  70  63  95  86  69  81  51  13  47  17  70  34
    8  78  62  89  38  52  97  33  29  10  83  58  74  91   6  22   7  67
   92  70  29  61  29  20  55  84  82   5  29  27   8  84  21  83  21  51
   51  55  69  20  50  86 100  98   7  34  29  92  78  61  35]
 [  0  30   2  48  14  90  77  89  17  51  53  32   7  51  93  51  30  92
    3  14  42  92  40  92  91  47  72  68  74  17  39  90  33  46  84  38
   85  83  37  36  28  30  45  37  19  21  54  28   9  50  61  25   2  27
   23  18  46  23  98  11  63  69  99  70  28  18  89  30  50  11  53  42
   43  51  58  70  33  85  37  77  18   5  95  51  43  16  32  96  68  34
    2  72  70  40  51  20  71  29  72  74 100  20  84   1   5  75  72  27
   50  98  40  25  43   2  79  40  72  92  66  92  44  98  26  58  92  86
   50  87  32  89  60  54  26  88  24  18  46  55  24  19  17  42  96  49
   97  28  41  98  64  50  87   6  75  81  86  73  78  89  71  50  95  60
   30 100  56  99  56  66  38  30  39  92  88  15  14  25  53  62  98  44
   30  71  11  44   1  52  88  46  26  90  88  75  59  31  15  87  99   9
   93  67  15  80  77   6   9  92  25  61  80   5  16  67  26  12  22  62
   17  73  59  55  34  13  42  40  10   7  82  93  10  91  13   7   2  74
   82  61  99  67  78  56  13  32  59  80  64  34  84  88  60  11  83 100
   93  59  11  85  11  99  94  57  57  26   9   1  46   5  40  92  82  64
   21  18  58  68  92   5  83  79  40  92  84  39  17   2  71  71   2   4
   40   1  90  35  80  26  58  63  69  89  99  46  68  70  10  91  52  16
   43  50  86  12  71  16  16   3 100  43  84  37  48  88   3]
 [  0  71  60  68  23  33   7  63  65  50  33  50  49  49  55  57  10  62
   55  49  68   3  11  59  86  95  68  86  67  63  17  70  48  96  26  38
   86  54  68  19 100  80  17  57  27 100  61  55  65  80  46  36  50  10
   62  59   5  57  29  30  58  11   8   6  20  52  32  86  35  49  60   9
   55   2  25  74  34   3  22  83  96  57  87  66   4  68   4  47  69  22
   33  77  71  15   3  96  79  95  70  81  99  33   2  15  55  36  31  22
   48  92  76  45   8  24  80  33  60  29  86  70  40  43  80  52  34  83
   80  56  40  23   2  34  93   5  25  62  81  39  85  77  50  75  65  99
   95  27  15  34  49 100  79  20  35   3  77  84  82  88  80  76   1  29
   23  48  87  36  77  39  14  67  89  75  80  28  18  79  70  72  23  84
   28  90  31  99  77   1  46   1  36  32  87  28   4  83  58   7  17  38
   78  96  28   5  41  40  90  43   2  64  62  32  40  33  54  53 100  53
   33  25  41   1  43   7  32  95  32  37  52  74  47  67  53  19  98  60
   74  60  67  72   4  36  80  96  84  43  89  49  19  31  54  78  72  95
   99  69  53  36  39  76  29  64  11   9  44  22  90  98  13  16  69  75
   17   3  45  76  23  62  64  44  96  72  24  57  19  17   6   9  44  33
   39  47  82  39   5  21  98  36  35  81  36  56  48  27  25  58  75  49
   46  39  65  55  85  51  97  24  57  31  32  92  85  65  37]
 [  0  55  67  29  99  46  59  11  15  86  58  60  66  94  56  55  17  92
    6  75  65  36  77  48  91  63  29  25  41  32  21  21  67  74  82  46
   44  41  89  74  49  55  69  57  31  70  93   9   4  77  30  76  85  51
   58  81  86  83  48  94  59  17  18   3  16  63   2  94  54  52  40  78
   45  96  48  96  80  67  41  67  80  65  71  66  78  60  81  60  98  99
    6  92  87  68  60  78  58  71  21   9  72  69  52  43  60  87  15  56
   75  52   4  67  61  74  16  47  93  85  96  20  85  49  74  65  57  99
  100  13  49  46  84  26  22 100   1  65  58  43   7  44  42  70  21  36
   23  85  16  51  69   8  93  62 100  67  75  61  97  99  48   8  19  78
   62  21   1  43  89  43  86   2  47   2  72  91  73   8  52  65  10  93
   83  29  22  62  83  27  53  22  64  28  58  73  62  68  43  23  96  58
   43  61  22  91  10  20  21  12  51  31  16  41  56  42  58  50  65  99
   49   2  91  48  75  41  17   9  15  94  22  58  29  79  44   5  43  13
   41  60  64  47  49  99  41  66  82  77  85  63  19  76  14  48  75  35
   77  51  28  61  65  67  21  12  71  38   4  10  74  90  13   5  52  61
   35   4  47  31  59  97  36  22  25  93  54  76  95  41  57  67  60  88
    7  58   6 100  27  54  34  19  40  85  69  43  49  47  87  24  67  81
   29  56  25  70   4  99  60  47  80  71  96  65  95  65  20]
 [  0  47  19  50  89  78  96  90  95  91  48  11  98  60  41  32  31  89
   23  69  83  17  32  15  49  41  86  11  26  12  88  29  61  89  65  76
   98   9  45  86  80  80  89  22  33  95  55  78  14  47  27   6  86  52
   32  81  71  51  63  70  37   7  22  72  73  70  54  35  34  66  89  82
   89  53  59  21  11  32  56  96  24  20   3  78   4  71  30  15  14  26
   72  11  43  54  78  68  19  26  18  91  30  49  11  31  87  20  43  78
    6  28  28  11  62  39  70  32  57  70  55  62  68   9  51  88  11  88
   17  41  75  30  58  36  30  34   9  98  83  44  43  88  80  59  42  60
   59  76  44  55  39  12  97  80  42  98  77  37  38  29  40  48  96  80
   40  92  68  82  75   1  91  81  85  82  64  49  53  26  81  41  99  98
   12  71  45   4  44  53  20  28  40  24  75  73  35  41  69  37  70  28
   44  41  10  96   3  80  78  99  11  85  61  19  92  78   4  88  59  24
   58  85  53   6  20  17  92  94  51  74  38   2  38  15  93  67  54  49
   48  86  66  28  44  71  68  51  60  84  21   5  34  13   1  43  52  39
   54  61   2  59  18  87  14  74  86  52  96  63  31  32  37  15  98  54
   62  49  68   9  78   1  37   5  98  84  51  61  15  92  86  85  32  51
   94  80  56  50  28   3  20  98  54  41  96 100  16  28  55  27  73  59
   15   5  74  84  23  70  64  80  76  49  93  12 100  40   3]
 [  0  84  85  48  55  92   1   8  84   1  23  37  84  68  18  41  16  62
    1  37  79   7  67  24  68  27  72  79  53  22  66  94  16  96  32  39
   91  37  66  11  49  41  12  99  27  64  93   5  34 100  88  61  10  17
   95  79  54  53   3  60  50  39  99  30  88  18  44  33  59  75  11  44
   61  28  22  92  92  14  89  15  10  59  49  66  41  20  94  90  65  20
   10  34  50  96  10  71  83  19  10  34  44  58  90  57  77  45  20  70
   74  46  48  96  59  61  61  46  67 100  60   7  86  48  42  60  24  83
   49  71  66  34  23  53  90  52  34  89  10  77  24  45  29  53  18  22
   51  86  79  16  72   8  38  45  73  29  55  33  15  73  63  70  14  19
   43  93  58  35  30  40  79  79  64  48  44  12  64  74  48  58  97  18
   57  61  59  79  73  48  37  94  95  63  84  97  38  92  15  36  10  35
   72  51  78  93  13  71  36  83  48  52   7  96  18  50  92  13   6  94
   15  98  79   7  36  74  40  40  86  84  86   5  86  28  39  25  23  58
   79  76  95  78  45  64  38  65   3  28  79  55  26  53  54  38  28   2
   69  42  55  97   9  26  98  46  93  36  48  73  97  18  37   5  36  18
    6  67  84  51  10  69  71  58  75  10  90  36  92  24  32  77  81  61
   47  45  24   4  77  73  96  71  54  30  49  51  52  49  15  97  44   5
   58  94  67  81  77  60  11   6  47  31  55  54   6  72  26]
 [  0  22  30  59  31  48  31  75  26  53  31  45  86  95  94   8  92  33
   38  80   2  67  79  33  55  44  50  81  84  52   5  92   6  89  37  59
   55   3  29   7  67  63  82  37 100  86  62  77  56  30  29  18  10  34
    5  30  53  72  56  81  11 100  35  19  92  76  99   5  96  51  11  47
   43  86  97  22  66  74  81   2  43   4   4  98  11  17  28   8  25  83
   34  79  59  50  27  80  47  51  88  93  58  41  37  87  26  94  98  45
   73  87   2  26  48  71  13  72  64  49  98  87  35  70  85  96  91  84
   16  17  71  42  78  69  13  53  49  85  17  46  26  51  42  97  62  96
   30  26  11  78  68   2  38  45  82  68  75  97  11  76  88  20  24  16
    4  33  82  53  36  55  28  29  30  41  33  91  42  97  85  76  39  21
    8  52  69  47   6  86  36  58  82  15  61  38  24  38  64   6  34  15
   35  68  50   6  64  64  49  66  20  27  48  26  45  68  94  62  10  13
   33  65  74  58  83  44  72  12  61  82  70  61  79  48  50  26  90  27
   18  68  36  63  72  43  30  76  37   1  68  44  59   8  14  98  45  33
    9  61  94  31  47  72  94  67  96  92  63  43   4  95  43  90   3  73
   65  50  27   1  89  35  40   7  19  11  43  32  89  78  59  62  72  63
   34  45  45  89  93  61  76  59  78  75  63  82   2  89  63   9  77   1
   90  71  75  19 100   1  65  99  81  28  15  49  53  23  52]
 [  0  95  69  61   4  12  25  19  99  61   4  52  38   3  29  80  90  89
   56  50  24  54  73  62  87   5  57  85  74   2  30  20  29  58  66  16
   95  90  43  18   6  22  65  52  81  42  35   2  28  72  15  59  55  35
   95  54  46  13  52  16  44  97  40  13  77  74  40   4  27   2  14  21
   76   9  71  96  16  84  71  96  72  82  19  47  68  61  27  27   9  73
   15  85  15  12  55  16  42  31  66  72  84  52 100  41  70  25  66  51
   18  16  93  99  90  79  22  10  29  97  26  15  99  50  28  20  37  26
   52  10   9  11  87  59  87  36  45  68  41  68  29  86  72  92  79  48
   85  59  12  96   3  79  93  73  99  92  91  25  41  64  26  76   8  50
   67  18  41  16  90  97  16  47  34  18  45  57  97  85   9  17  73  67
   55 100  59   8  42  82  14  60  38  94  64  92  10  26  46  35  42  68
   62  50  17  62  39  18   1  57  57  45  28  77   1   5  48  31  26  20
   80  31  23  16  36   7  72  50 100  49  17  38  31  12  84  41  17  74
   68  32  17  87  45  48  91  35  79  17  95  25  81  92  24  41  21   6
   89  72  17  54  85  73  82  11  61  80  18  97  59  69  48   2  37   7
   71  22  54  69  51   3   5  35  70  83  79  74  21  79  83  26  31  98
   18  69  44  83  56  28  10  71  14  75   3  85  78  27   1  34  54  19
   87  81  26  31   8  46  95  39  28  14  12  42  20  87   6]
 [  0  22  41  36  54  45  17   7  59  79  12  67  89  80  36  83   1  36
   46  78  21  44   8  55  79   3  36  29  95  81  26   4  71   5  99  80
   24  16  44   5  23  18  11  44  95  22  82   2  24   8  19  67   3  56
   64  30  82  10   8  75  43  46  60   6  26  63   4  83   2   2  92  23
   46  96  63  77  71  71  46  31  24  26  42  78  13  83  50  62  95  90
   53  25  61  16 100   6  34  91  70  17  23  13  41  98  38   4  62  80
   96   6  46  43  90  33  54   4  65  62  17  52   9  68  22  12  89  83
   22   5  83  81  71  74   2  82  16  18  95  60  32   6  64   3  38  70
   92  67 100  99  83  90  11 100  71  74   3   5  85  48  23  33  48  43
   59  36  16   7  58  37  44  66  90  33  48  84  60  25  85  51  24  78
   15  45  59  12  49  93   4  75  34  20  55  40  56  31  19  49   3  14
   57  23  94  10  96  21  57  32 100  95  67  17  24  41 100   6  90  87
    1  39  73  22  57  93  46  67  81  25   5 100  40  96  86   6  35  82
   18  64  91  96  14  64  91  21   8  43  47  77  37  82  37  46  45  15
   87  43  42  76  81   5  63  98  90  17  65  97   8  60  81  33   6  25
   46   2  45  19  17  94  24  68  92  66  83  65  92  44  88   5  85  59
   31  42   5  34  50  31   4  33 100  19  49  76  77  47  47  21  39  31
   93   8  45  83  18  52  63  50  49  33  67  53   7   3  99]
 [  0  27  86  63  97  46  21  48  21  10  68  56  60  98   4  10  25  80
   67  92  11  83  72  57  70  62  72  72  22  57   7  12  15  63  87  37
   11  25  19  55   1  28  69  62  43  84  29 100  84  33   7  95  42  59
   38  32  39  46  84  26  35  93  26  27  61  76  64  28  47   5  91  66
    3  35  65  85  80  21  64  53  22   6  39  94  90   7  67  99  69  55
   23  11  70   2  50  41  65   8   4  95  37  23  32  26  37  32  55  51
  100  18  13  81  90  56  64  22  35  13  92  60  61  53  54  32  65  74
   76  85  68  22  39  42  16  23  40  38  77  76  20  45  41  95  25  25
   20  33  23  25  13  67  78  46 100  33   4   7  10  27  39  82  24  68
   38  25   4  99  14  87  50  85 100  73   5   9  56  93  45  44  87  37
   93  95  81  75 100   6   9  71  72  44  44  86  85  60  18  15   9  30
   84  24  41  79 100  52  40  49  66  64  40  64  30  72   5  60  12  26
   69  37  95  15  91  76  48  62  47  24  96  52  46  49  42  40  50  14
   13  71   6  36  11  51  73  15  55  36  30  85  69  69  75  15  30  82
   22  49  88  58  23  14  24  65  87  41   5  79   8  73  92  65   8  27
   60  75  13  57  30  48  90  37  63  71  46  38  48  55  51  70  81  23
   10  32  10  59   9  61  52  71  20  66  71  76  67  34   9   5  76  42
    3  98  57  62  50  94  29  75  41  60  63  65  94  97  28]
 [  0  97  30  10  98   9  26   1  30  86  11   7   4  78  67  38  10  10
   84   7  94  26   4  68  41  73  24  44  50  77  88  78  73  79  86  95
   58   1  24  64  33  93  48  21  32  22  13  25  12  85  74   2  31  44
   70  99  37  38  82  96  92  82  39  53  43  81  52  59  79  13  74  37
   71  30  56  15 100  89  16  51  43   9  44  49  57  32  72  47  70  88
   40  47  23  25  65  54  44  60  43  78 100  67  69  44  59  45  91  40
   66  68  31  34  46  46  18  68  61  38 100   6  42  79  61   8  74  28
   49  49  67  92  82  82  80   8  26  97  17   5  79  26  78  31  56  41
   21  90  45  72  79  58   1  58   9  11  40  93  66   3  46  57  97  35
    3  18  75  60  93  12  62  44  89  31  18   7  79  42  66  57  51  32
   20 100  91  67  19  91  62  14  50  42  26  40  28  57  64  58  53  30
   54  25  53  53  67  31  34  29  64  69  84  35   8  25   2  34  93  96
    3  66  22   3   6  52  28   8  12  49  78  88  89  20  37  27  42  32
   19  96  41  57  51  99  68  89  55  46  91  66  79  57  92  64  64  78
   89  93  22  98  57   5  66  33  73  66  92  74  33   1  56  31  24  15
   75  43  58  30  92  39  37  36  94  52  49  92  23   4  36  43  79  17
   15  59  70  58  71   8  97  56  65  88  95  57  22   3  89   7  56  20
   28  19  93  87  70  94 100  75  81  35  16  26  53  92  71]
 [  0   1  72  64  61  95  25  11  13  91  25  49  29  21  14  32  27  66
   65  21   4  80  32  23  10  29  56  30  17  24  27  54  82  94   4   5
    8  91  66  76   4  61  97  55  64  79   8  39  26  67  90  12  38  75
   15  73  57  44  80  89  73  64  98  59  52  89  27  31  84  65  78  25
   29  11  13  88  54  44  21   2  86  96  30  16   4  12  24  92   9  38
   82  91  65  79  11  62  57  92  69  36  95  31  25   5  71  56  88  56
   91  75   7  76  33  57  45   1  40  37  97  64  65  68  31  23  63  44
   67  28  53  70  74 100   5  38  53  33  99  43 100  16  43  30  58  23
   12  61  47  55  31  94  93  50  80  19  20  36  94  23  97   8  54  13
   60  59  43  54  43   7  60  92  67  12   8  94  48   1  42  12  27  81
   24  48  73  74   2  47  14  38  54  19  44  44  78  67  70  45  58  97
   56   6  82  57  97  78   8  49  16  48  18  70  82  75  38   1  95  39
   45  58  94  29  54  11  58  73  48  68  54  67  67  45  95  41  42  43
   81  74  41  95  55  54  11  23  37  80  15  77  31  51  48  43  42  34
   62  66  38  21  50  32  50  32  89  80  89  15  43  84  58  42  92  46
   17  79  31  55  31  84  72  41   5  98  78  80   4  21  24  95  89  15
   11  64  19  26  41  88  12  78  94  62   1  22  71  69   8  92  15  22
    6  35  73  80  82   2   6  73  44   9  91  23  43  34  80]
 [  0  62  48  22  22  32  59  68  17  24  74  36  65  63  87  52  45  52
    4  50  74   5  76  38  59  97  98  73  81   7  78   7  41  59  27  61
   25  98  65  91  47  14  95  29  31   7  82  95  31  93   1  39  27  20
    9  69  58  52  37   2  51  66  90  51   1  35  80  29  76  98  30  40
   44   5  29  89  53  29  70  71  70  71 100  41  14  86  90  79  35  56
   52  53  23  21  77  34 100  92  28  11  34  43  51  66  77  63  50  11
   62  81  88  39  80  17  54  72  11  78   5  36  94  30  12  66  49  79
   80  55  24  39  74  44  61  16  88  88  17  51  81  80  86  85  65  34
   12  76  15  88  55  41  15  92  47   3  29  66  33  14  89  90 100  50
   33  34  37  22  71  26  65  73  27  92  98  36  86  61  80  44  59  44
   16  13  51  17  65  58  99  18  95  67  53  64  83  64  61   1  51  69
   32  30  53  48  25  49  78  31  16  48  96  54  33   6  63  46  90  18
   91  38  44   6  19  69 100  75  50  61  59  15  19  51  36  74  93  39
   29  43  94  26  23  45  93  39  22  64  55  26  98  60  32  76  81  70
   49  93   1  35  95  68  33  28  49  47  68  82  89  93   1 100  41  44
   39  81  52  99  90 100  75  21  62  74  36  27  82  24  33  74  75  47
    9  68   4  65   2  96  37  17  50  19  84  34  24  10  49  29   2  93
   44  58  44  27  91  40  58  27  41   1  25  94  14  83  97]
 [  0  66  81   9  88  39  44  60  40  47  80  95  37  51   1  44  49  13
  100  98  72  44  97  11  72  68  76  57  76  17  78  65  44  17  36  66
   79  90  59  26  66  65   9  85  93  87  55  71  78  61  72  96  62  97
   61  28  10 100  61   5  69  33  15  71  39   5  36  27  83  81  11  35
   64  18  51  27 100  29  65  46  37  16  36  73  62  83  28  43  61  31
   73  86  43  84  87  15  96  85  57  41   6  14  55  32  73  71  52  12
   44  37  20  28  19  63  92  89  97  38  43  53  36  83  14  18  13   7
   96  86  51  31  89  65  35   3  28  94   4  30  86  89  68  70  14 100
   38  28  35  43  20  50 100  41  70  26  68  24  78   4  95  64  67  12
   71  30  34  77  85  36  17  50  31  38  54  83  50  52  36  59  87  39
   16  64  21  27  21  63  15  55  52  45  83  22  41   4  72  78  35  41
   46  60  15  74   5  51   7  25  79  59  32  33  49  47  56  70  50  78
    3  59  65  86  80  18  67   2  73   2  50   2   8  50  41   6 100   1
   24  81  99   5  13   7  43  31  41  55  91  15  86  11  17  54  48  73
   40  21  62  87  86  31  76  70  92  22  53  32  83  22  79  90  54   8
  100   3  38  97  21  73  77  52   4  42   9  74  48  68   5  68  70  92
   75  91  89  95  45  12  91  90  61  91  55  61  60  10  90  36  72  93
   52   6  55  69  33   6  84  35  89  66  37  54  37   1  76]
 [  0  14  30  94  97  24  24  35  38 100  50  58  53  37  89  74  10  79
   85  83 100  89  97  41  22  68   4   3  53  54  37  76  33  20  62  60
    5  20  76  43  60  36  19  23  63  17  79  22  65  84  95  53  84   3
   31  54  50  83  32  45  49  83  89  65  19  82  76  57  48  48  79  42
   17  75  29  31  53  17  44  46  39  13  14  44  91  93  58  53  74  67
   19  51  91   4  50  57  43   2  41   4  94  19  65   8  50   5  83  62
   17  66  64  79  70   3   3  44  12  50  77  42  90  89  98  25  85  36
   63  94  92  28  34  29  52  61  13  22  31  80  12  19  60  56  65  57
   40   4   4  62  43  97  32  37  69  42  92  56  17  81  88  31  64  65
   23  10  22  51  74  62  51  73  73  58   7  22  99  95  13   7  71 100
   32  75  85  94  35  56  99  98  28  22  85  96  62  53  90  77  82  83
   61  60  24   1  44  49  18  92  12  38   4  61  41  73  33  65  22  65
    3  78   4  78  18  80  24  26  13  50  66  48  62  26  43  14  13  23
   86  45  95  67   4  92  39  23   7  32  49  74  10  59  50  33   5  20
   68  80  36  76  87  71  57  92  91  95   8  51  23  86  95  39  94   2
   26  66  62  36  20   8  38  84  59  76  63  21  63  35  80  98  93  29
   95  94  99  13  73  37  16  90  57  24  34  43  72  89  78   4  36  82
   21  19   2  75  15  60  34  18  12  32  76  14  29  27  92]
 [  0  80   5  94  39  27  60  59  56  41  14  55  95  87  20  32  22  12
   83  30  17   9  59  97  35  35  84  15   2  73  80  45  60  19  55  76
   50  98  94  36   4  83  87  17  58  67  98  21  25  53  13  96  16  42
   28  59  58  75   7  46   5  56  34  29  20  89  32  40   5  63  44  39
    7  34   5  91  45  25  42  76  81  79  75  84   1  88  47  72 100  85
   70  33  44  90  94  22  96  56  29   3  15  13  32  70  24  34  56   7
   67  25  14  96  46  42  17  11  38  92  30  43  86  84  72  49  61   8
   96  74  92  16  95 100  43  22  60  59  87  47  71  75  50   8  16  58
   46  21  42  42  99  70  24   6  19  78  77  66  13  78  98  98  62  13
   30  64   1  70  77  88  81  48  62  85  50  64  22  18  29  10  48  40
   81   1  33  80  30  85  50  32   8  75  70  52  50  41  94   9  39  26
   87  60  87  58  86  54  74  67  45  49  38  62  81  54  28  29  33  30
   69  16   6  90  98  32  13  64  81  55  95  77  90  55  19  93  58  10
   41  21  13  75  32  17   1  73   5  84  67  45  32  90  99  97  60  96
   53  99  66   7  62  69  83  62  97  59   1  30  33  46  19  90  47  62
   14  19  71   2  78  99  30  52  79  68  61  14  18  82  39  68  43  96
   83  40  19  79  24  91   5  87  85  95  93  53  52  30   4  53  10  73
   49  69   8  34  74  24   2  49  99   2   7  29  23  96  65]
 [  0  53  75  97  70  55  12  62  48   7  22  99  61  61  85  49  18  86
  100  94  79  51  65  19  87   6  68  14  49   3  28  29  87  19  23  25
   22  22  91  93  96  91  92  96  18  95  24  63  65  92  60  56   7  93
   40  86  55  19  85  15  61  93 100  28  17  42  94  23  15  36  66  86
    7  73  54  52  50  45  94  45  71  12  17   3  39  31  27  75  67  42
   66  28  45  67  26  33  78  89  66  74   8  34  69  93  29  78  75  18
   77  31   9  53  21  90  21  27  52  87  24  25  65  38  16  63  17   7
   60  41  95  55  85  22  23  91  84  23  18   8  54  28  40  88  69  12
   32  42  28  87   4  11  66  91  91  85  76  52   9  91  10  54  45  83
   62  18  55  75  59  89  75   7   3  88  23  88  79  87  92  84  15  70
   53  27  17  32  86  25  11  60  96  96  16  25  82  96  44  10  73  52
   39  95   4   8   2  72  47  37  44  52  50  76  93  51   6  83  37  47
   30  53  78  79  71  96  33  77  36  38   4  84  72  22  89  80  18  49
  100  37  78  78  50  23   3   4  76  66  32  94  43   7  98  41  46  52
   55  78  53  17  73  73  73  90   4   9  96  90  40   6  37  42  26  14
   27  51  78  99  79  76  21  99 100  64  80  30  86  55  68   8  32  33
   45  44  73  28  37  13  45 100  38  96  93  72  68  86  29  20  96  30
   60   9  69   8  28  55   4  89  73  64   9  91  30  18  18]
 [  0  28  86  19  46  86  82  38 100  49  68  80  56  23   7  61  48  40
   42  52  69   8  85  88   6   8  97 100   2  74  30  56  97  86  27  50
   56   5  87  12  50  53  89  60  49  73  83  21  36  86  92  38  42   7
   14  18   4  98  57  11 100  63  90  47  99  89  54  11  24  16  12  75
   88  76  71  70  81   5  38  94   9  64  35  78  91  26  55  18  15   4
   68  92  27  42  29  46  33  14  62  18  22  74  55  45  76  85  43  57
    1  56  46   7  42  39  38  52  82  59  51  20  70   5  69  77  82  20
   61  64  87  52  34  94  14  52  86  40  57   9  57  76  25  10  11  25
   28  69  37  40  10  46  21  18   7  84  75  85  81  53  38   1  79  32
   52  88  60  74  80  82  41  16  51  24 100  67  91  30  10  90  55  11
    6   3  58  34  46  18  56  49  39  75  57  76  35  76  32  41  91  74
   81  87  69  12  51  36  46  41  91   4  37  50  28   8  72  69  82  99
   21  61   5  41  49  12  55  31  97  96  15  86  47  37   3   8  51  94
   18  51  34  75  94  13  26  36  33  65  71   4  16  63  45  23  47  33
   79  71  65  46 100  71  92  57   9   3  60  55  40  65  98  25  90  56
   62   5  61  67  86  11  32  25  91  44  83  68  80  64   7  19  82  56
   94  43  17  16  36  48  81  87  66  61  40  34  49   8  94  32  92  59
   37  38  49  67   6   5  19  80  65  16  97  76  11   1   1]
 [  0  81  51  65  43  78  73  13  44  19  10  27   6  96  57  69  54  31
   87  96  83  61  91  80  29  93  83  75  27  13  29  82  65  10  28  69
   34  73  75  58 100  89  97  78  36  28  61  95  10  37  65  92  38  55
   84  59  76  24  94  47  22  93  62   1  16   3  52  95   5  99  53  99
    3  72  94  42  81  36  10  51  51  39  23  90  83  90  98  71  63  48
   21  85  23  21  36  53  10  94  26   6  76   1  75  83  96  57  42   7
   22  16  55  95   8  49  43  52  22  16   6  71  93  21  97  47   5  58
   69  28  59  38 100  40  71   5  39  22  33  75  77  37  78  89   3  89
   77  76  79  24  68  22  85  18  13  45  65  68  42  37  54  84  47  82
   21  29  33  67  54  24  57  15  42  34  42  63  86  79  28  80  44  53
   59  52  27  52  43  34   5  20   8 100  14  16  42  12   2   3  82  51
   22  99   9  41  95  57 100  71  62  48  80  19  54  86  89  20 100  56
   44  17  35  29  71  35  81  35  90  11  31  33  17  82  20  80  13  67
   78  96  96  56  63  71  10  48  67  94  69   9  81  86  91  91  84  97
   32   3  32  40  20  19  48  58 100  75  20  31  62  52  40  71  58  30
   63  51   6 100  94   3  89  32  14  26  93  54   4  42  98  87  18  82
   21   3  82  56  58  68  98  12   2   5  27  34  63  67  13  84  78  64
   38  23  53  11  58  26  60  29  53  40  83  77  84  10  35]]
 setup_times
 [[[  0 107 118  65 105  73  71 111  85]
  [  0   0  71 111 101  76  80  78 118]
  [  0 109   0  80  81  95  87  76  77]
  [  0 108 105   0 103  97 112 104  64]
  [  0 100  93  70   0  97 104  74  71]
  [  0 110 107  73  72   0  60 101 117]
  [  0  71 115  96  72  72   0  94  88]
  [  0  83  66  77 119  76 100   0 111]
  [  0 117 106 102  80  94  92  96   0]]

 [[  0  96  97  68  84  83 101 102  88]
  [  0   0 107  89  88  81  82  73  88]
  [  0 110   0  97 115  63  75  97  78]
  [  0 100  65   0 103 106  78  62 102]
  [  0  99  84 110   0 108 116 119  91]
  [  0  92  65 112  61   0  84 111 114]
  [  0  98  78 118  60  77   0  82  76]
  [  0 105  79 108  85 101  97   0  80]
  [  0  92  91 119 114 100  86  64   0]]

 [[  0  71  63  67  81  72 113  98 100]
  [  0   0  68  93  88 105 108  76  70]
  [  0 104   0 114  64 103 105  92 112]
  [  0  84  78   0  87  85  64  76  74]
  [  0  73 106 103   0  91  77  79 108]
  [  0 107  85  94  63   0  66 118  65]
  [  0 104  67  71  74 112   0  73  77]
  [  0  94 102  71  80  97 109   0  76]
  [  0 109  61  96  80  76  68  89   0]]

 [[  0  79  68  94  68  99 112  60 113]
  [  0   0  65  89  91 117 116 110  91]
  [  0 104   0  74  84  81 108  76 106]
  [  0  83  76   0 103  68  68  70  94]
  [  0  84  76  71   0  98  84  73  77]
  [  0 114  65 115 112   0  81  81  78]
  [  0  88  74  85 110  94   0  90 100]
  [  0  89  77 101 112  93 117   0  86]
  [  0  75  93 107  84 113  64  78   0]]

 [[  0 102 114  73 100 113  81  75  61]
  [  0   0 103 102  99  82  71 115  74]
  [  0 116   0  89  66 117  91  89 108]
  [  0 108  76   0  72  83 106  70  91]
  [  0 106  68 108   0  99  84  75 116]
  [  0 116  61  81  70   0  77 115 105]
  [  0  98  60  70 112  82   0  98 106]
  [  0  80 117  71  78  92  69   0  86]
  [  0 102 119  85 115  99  71 107   0]]

 [[  0 110  88  80  92  79  61  82 108]
  [  0   0  74  68  68  98 112  75 119]
  [  0  76   0 104  95  92 102 117  76]
  [  0  98  90   0  62  73  82 119  74]
  [  0  69 114 110   0  99 113  85  79]
  [  0  73  87  75  78   0  61 106  96]
  [  0 119 119  68  63 104   0  72  95]
  [  0 100  76  80 113 100  80   0  70]
  [  0 107 115  64  62 115  93  80   0]]

 [[  0 107  77  80  73  99  87  65  85]
  [  0   0 111 102  87  76  91  93  89]
  [  0  80   0 105 116  71  98  79 109]
  [  0  90  91   0 106  86  79  77  85]
  [  0  82  61 101   0  99 100 112  64]
  [  0  77  88  84  84   0  68  94  87]
  [  0 105 112 100  84  92   0  80  83]
  [  0 100  70  75  65  87  64   0  80]
  [  0  87 109 113 102  78  76  67   0]]

 [[  0 103  65 119  89  86  86  71  94]
  [  0   0 115 113 117  92  82 111  65]
  [  0  82   0  66  95  71  98  80 112]
  [  0  92 104   0 102 104  60  83  69]
  [  0 116  60 115   0  90  78  93  70]
  [  0 100  99 118  78   0  77  74 109]
  [  0  67 104  93  95  87   0  94 101]
  [  0  83  74  95  99  91  96   0 117]
  [  0  75 115 106  99  61 100  72   0]]

 [[  0  66 110  66 117 104 117 102  69]
  [  0   0  80 114  99 107  74 108  71]
  [  0  87   0 115  98 108 108  65 104]
  [  0  90  61   0  70  65  72  68 109]
  [  0  95  81 117   0  69  79  99  84]
  [  0  88  63  60  77   0  95  97  72]
  [  0  95 112  96 112 103   0 108 109]
  [  0  84 106  90  88 112  75   0 110]
  [  0  87  95  97  78  97  87  63   0]]

 [[  0  84  64 106  93 107 110  86  76]
  [  0   0  95  77  99 106  73 110 119]
  [  0 104   0  99 117 107  82 101  66]
  [  0  76  61   0  80  82 110  89 115]
  [  0 119 100 113   0 114 110  88 119]
  [  0  67 113  82 100   0  70  93 108]
  [  0 101 102  75  85 104   0  67  98]
  [  0  89 108  98  80  81  84   0  71]
  [  0  91  73  62  89 108 109 100   0]]

 [[  0  62  65 119 107  60  63  70  99]
  [  0   0  97 118 115  70  82  93  68]
  [  0  97   0  92  62 114 114  90  67]
  [  0 107 118   0 112  99 113  67 107]
  [  0  63  69 114   0 114  78  94  94]
  [  0 103  81  61 119   0  74 115  88]
  [  0  97  78  94 118  94   0 101 101]
  [  0 118 119 103  68  76 106   0  90]
  [  0 113 118 111  80  80  67  72   0]]

 [[  0 114  83  93  75 100  71  66  63]
  [  0   0  77 117 112  88  75 118 113]
  [  0 100   0  95  71 108  78 111  96]
  [  0  95  97   0 111 117  66  81  98]
  [  0  88  97 110   0 110 117  90  94]
  [  0  72 107 106 109   0 103 100  97]
  [  0  78 113 116  96 110   0  68  73]
  [  0  60  81  79  89  68 117   0  94]
  [  0  81  96  75  93  87  87  72   0]]

 [[  0  77  71  68  96 118  89 111  91]
  [  0   0  75 105  86 113  78 119 115]
  [  0 101   0  63  67 118 101  94 106]
  [  0 103  88   0 112  70  97  95  63]
  [  0  75  80  95   0 117 116  75 110]
  [  0 114  98 118  66   0  71 114  98]
  [  0  84  95 106 112  79   0  79 112]
  [  0 105 117  70  75  60  96   0 105]
  [  0  78 119 115  96 104  91  72   0]]

 [[  0  61 106  83  80  93  70  64  92]
  [  0   0  98 106  72  73  63  93  84]
  [  0 102   0  72  95  65  77  63  85]
  [  0  67  67   0  98  65  82  94 111]
  [  0 101  92  66   0 115  66  88  63]
  [  0  67 116 118  88   0 100 107  87]
  [  0  82  83 116  66  76   0  77  79]
  [  0 101 113 110  78 104 112   0 116]
  [  0 112 110  88  98  66  70  87   0]]

 [[  0 114 103 105  84  93  65  95  62]
  [  0   0  74  83 113  99 104  82  93]
  [  0  96   0 104  93 103 106  90  92]
  [  0  90  78   0  90 110  82  60  94]
  [  0 107 103  70   0 116 106  60  62]
  [  0  74  98  83  63   0 119  88 116]
  [  0  78  65 106  75 118   0  69  65]
  [  0 102 106  86  66  70  88   0  67]
  [  0  94  75  97  78  81  61  99   0]]

 [[  0 100  72 119 115 102  74 111  95]
  [  0   0  92  97 103 100  63  87  65]
  [  0 105   0  96 107  77  98 100 116]
  [  0 100  96   0  85  75  81  81  66]
  [  0  71 109  64   0  92  67  62 101]
  [  0  61  96 113 114   0  84 104  73]
  [  0 102  71  92 105  60   0  93 110]
  [  0  63 118 108  66 100  80   0 107]
  [  0  70  81  88  71  60  95  87   0]]

 [[  0  77 113  88 102  67  86  61  93]
  [  0   0  78 106  97 102  81  89 113]
  [  0  91   0  90  85 119  67 102  87]
  [  0  72  99   0 108 112  83  70  84]
  [  0 113  62  81   0  65 102 113  78]
  [  0 108  72 119  66   0  91  82  92]
  [  0  61 104  74  91  90   0  86 117]
  [  0 108 114  60  97  87  81   0  92]
  [  0  85  62  97  67  96  93  71   0]]

 [[  0 106 114 103  60  92 113  78  82]
  [  0   0  79 119  96  96  90  83 111]
  [  0 113   0 115  80  77  67 102 111]
  [  0 102 107   0 115 114  91  84  61]
  [  0 115  90  82   0  60 115  60  71]
  [  0  90 105  94  87   0 112  66  85]
  [  0  63  93  61 115  88   0  70 106]
  [  0  97  70  95  67  85  99   0 113]
  [  0  86 108 107 113  97 113  78   0]]

 [[  0  84  62 106 106 107  89 111  74]
  [  0   0  88  65 100  87  83  72  71]
  [  0  80   0  94 107 103 109  99  74]
  [  0  98  75   0  95  79 118 106  75]
  [  0  72  86  78   0 109  83 116 104]
  [  0  97 100  81 112   0  74 102 111]
  [  0 111  62  78 106  90   0 111  85]
  [  0 115  66  99 108  74 112   0 104]
  [  0  97 101 115  99 113  77  93   0]]

 [[  0 108 119 104  93 117  78  73  74]
  [  0   0 105  89 110  89  76  83 100]
  [  0  67   0  78  82  75  64  70  87]
  [  0  64  83   0 117  68  86  93 115]
  [  0  75  73  64   0  60  71 109 100]
  [  0  90  74  95 114   0 100 117  97]
  [  0  91  66  63  90  96   0  93  69]
  [  0 105  96  61 109  97  60   0  62]
  [  0  81  86  86  96 109 109 109   0]]]
 delivery_times
 [[  0 175 170 185 182 191 176 170 183 182 175 199 186 180 171 179 191 192
  170 198 172 188 195 183 183 180 174 180 197 187 197 189 187 180 198 187
  193 199 198 192 175 176 172 185 186 186 174 171 198 180 182 188 197 196
  191 170 173 194 185 179 181 187 173 170 199 198 182 194 176 187 187 175
  177 188 186 195 179 198 195 183 186 175 192 193 177 178 192 174 174 188
  185 183 175 199 175 198 174 182 189 184 192 194 171 194 185 171 174 190
  173 182 191 176 173 192 183 181 173 173 198 174 182 186 196 196 193 173
  179 179 198 181 181 187 179 184 180 174 176 187 197 185 197 196 177 181
  171 179 195 179 185 184 182 192 193 171 190 198 196 188 199 173 179 177
  188 170 181 173 183 195 182 195 177 188 187 195 193 195 179 179 170 176
  183 172 189 177 176 172 180 189 194 182 194 196 178 189 171 173 175 176
  190 189 170 183 183 176 188 179 199 179 178 177 178 180 182 187 178 185
  172 191 173 199 170 185 178 178 195 183 175 172 170 174 198 170 174 178
  177 196 182 185 174 185 185 197 186 195 192 197 195 192 199 182 187 199
  172 185 182 196 199 192 174 187 180 197 197 187 175 191 175 186 197 178
  194 179 198 192 174 179 173 186 191 196 174 191 172 184 172 178 176 173
  190 189 199 174 195 191 191 197 178 198 186 189 178 193 187 194 193 190
  190 199 189 198 178 177 174 187 191 186 196 178 186 178 185]
 [  0 194 196 184 194 192 189 179 195 188 179 175 174 181 199 185 197 172
  178 179 199 172 189 198 180 195 170 191 185 193 174 199 192 174 190 174
  178 180 170 181 177 170 182 186 187 174 177 185 178 197 192 189 182 198
  187 176 175 192 199 189 172 185 192 177 171 173 170 192 189 178 188 179
  194 191 199 192 193 171 180 180 193 188 171 195 198 185 194 172 186 170
  183 196 174 197 177 199 180 179 180 180 196 189 190 198 191 170 170 181
  197 186 183 176 179 178 176 194 193 175 187 196 172 192 175 193 184 195
  189 184 177 186 184 170 177 185 190 196 192 199 197 171 192 187 197 195
  190 183 174 191 171 173 179 189 198 177 193 190 191 170 179 180 176 172
  192 188 191 199 197 194 187 174 189 178 193 195 186 193 178 180 199 188
  196 197 185 172 196 172 189 178 182 188 196 182 198 180 190 196 181 182
  195 186 178 177 173 173 191 180 184 196 185 188 179 193 180 182 189 171
  185 178 195 184 196 193 172 173 177 178 173 198 189 180 196 190 177 197
  185 179 197 172 188 172 182 192 175 198 191 173 184 196 175 195 184 170
  170 185 185 172 182 191 171 198 196 194 186 178 185 182 170 193 177 196
  188 189 192 183 176 179 178 195 189 171 171 188 199 191 189 183 173 189
  184 187 194 173 196 190 181 187 180 195 176 185 186 184 171 183 174 181
  185 187 188 179 191 180 178 187 199 171 190 199 190 179 180]
 [  0 179 198 181 175 198 188 198 199 174 189 195 183 197 179 184 170 188
  170 196 199 180 186 195 183 199 196 194 182 190 171 170 194 194 195 187
  187 190 182 198 183 193 180 173 188 183 178 183 176 192 193 199 182 172
  182 183 173 195 186 179 173 185 188 195 177 180 172 176 175 177 192 190
  178 196 190 195 177 192 194 197 196 173 190 185 198 183 192 197 175 185
  185 178 179 194 183 178 187 173 188 199 170 177 188 195 198 171 178 185
  187 178 184 193 196 193 197 177 174 196 186 184 186 173 172 189 187 177
  177 171 193 171 173 199 190 182 194 172 189 199 190 178 188 198 187 193
  178 178 179 174 189 182 174 192 192 182 197 176 195 189 183 195 181 191
  174 191 178 199 197 186 179 183 197 197 188 171 197 172 197 192 174 174
  185 183 181 171 172 190 193 171 179 181 183 199 186 174 180 188 182 184
  194 176 180 188 171 192 179 171 174 181 175 192 183 195 187 191 186 186
  170 177 180 186 178 176 184 186 180 175 194 176 192 179 175 187 175 183
  193 189 193 181 186 185 181 176 188 175 180 174 192 182 178 194 197 182
  183 183 184 181 177 183 197 182 183 189 170 183 171 177 192 182 182 176
  192 172 177 171 196 193 179 176 172 185 181 176 175 177 170 192 183 192
  197 172 177 194 180 179 185 189 171 176 182 187 178 186 187 188 177 172
  187 193 183 184 175 182 182 182 197 175 178 193 191 191 172]
 [  0 187 185 196 187 185 185 187 179 196 179 187 185 196 178 187 170 172
  188 199 199 170 180 199 188 188 195 190 170 190 174 192 175 199 197 182
  186 194 184 178 171 180 182 192 189 174 180 181 198 178 185 185 178 194
  178 181 186 180 197 176 187 195 184 186 188 198 170 188 199 189 173 196
  174 181 173 195 185 188 186 199 196 194 172 181 177 194 171 177 176 179
  175 183 186 176 172 173 196 187 199 178 171 177 190 181 195 182 184 194
  181 198 172 198 197 194 175 173 184 191 171 197 183 193 192 192 180 172
  193 184 195 199 197 184 199 186 178 196 189 170 173 183 179 183 181 174
  184 190 179 171 171 171 197 196 196 183 186 189 190 194 172 183 177 182
  186 180 197 176 170 194 181 183 192 195 182 191 186 196 196 184 192 190
  198 183 193 172 194 192 188 172 195 183 173 171 199 179 186 171 170 186
  178 188 189 190 178 175 195 182 193 173 183 172 195 191 173 171 175 187
  190 199 190 199 181 179 186 180 174 186 196 197 174 189 174 179 179 187
  191 193 185 176 174 179 196 176 194 192 195 193 171 170 191 197 178 182
  196 175 188 183 196 183 189 173 182 173 183 170 181 190 196 187 179 188
  192 183 191 175 179 171 182 182 184 192 182 186 170 191 185 198 183 198
  193 197 199 172 179 179 194 178 193 179 187 182 186 199 184 184 195 176
  199 189 173 178 198 170 197 196 181 196 191 186 184 171 188]
 [  0 190 197 186 185 186 177 176 199 191 189 193 171 180 176 191 187 191
  188 197 171 189 195 171 180 182 179 196 183 195 176 174 194 191 170 180
  187 196 184 192 182 198 171 187 172 189 192 198 193 183 193 170 176 198
  197 178 188 170 182 173 186 186 195 183 186 183 197 189 186 184 171 197
  181 191 186 173 197 175 188 186 199 177 186 183 177 188 180 194 199 191
  194 197 197 187 179 187 174 181 170 183 184 194 184 178 180 181 189 187
  176 175 171 197 181 171 195 176 193 195 184 194 194 173 198 175 197 186
  189 177 173 171 184 193 170 193 175 184 186 191 187 199 175 186 176 189
  172 181 188 184 177 197 179 187 183 184 174 190 175 173 194 198 199 182
  186 176 174 175 177 192 195 193 192 188 183 176 190 197 171 176 199 190
  187 192 171 197 195 170 183 187 184 181 183 182 172 185 187 192 189 177
  189 172 195 176 175 191 179 199 173 172 196 182 195 193 182 175 199 187
  174 195 170 188 182 181 175 199 180 179 183 198 197 175 189 199 181 184
  184 193 176 186 190 179 188 179 192 187 175 179 187 197 192 172 176 197
  188 197 178 185 170 188 193 192 191 179 195 181 196 195 174 190 181 198
  184 192 197 173 181 183 196 183 181 185 197 198 199 194 191 186 191 190
  191 195 179 179 173 177 171 172 170 179 187 187 182 184 185 178 173 170
  196 171 171 191 178 184 179 184 191 173 199 198 187 196 174]
 [  0 197 173 182 186 175 188 183 196 196 175 175 176 178 176 178 189 184
  170 185 198 181 175 190 198 176 197 175 180 194 173 173 197 190 171 176
  196 194 185 178 181 186 172 198 195 192 181 176 195 196 195 184 192 184
  199 174 195 174 171 191 177 186 190 183 179 186 188 196 185 186 175 171
  186 175 189 174 181 182 170 178 172 195 182 191 193 185 197 193 191 175
  193 170 172 172 195 183 170 173 184 170 177 172 198 188 199 182 187 173
  182 184 171 189 199 176 173 184 191 187 191 185 173 191 196 180 194 199
  180 187 177 173 192 191 172 192 190 189 194 191 199 199 176 183 184 198
  186 184 197 171 170 187 195 198 170 184 190 179 180 177 175 193 180 190
  199 176 197 188 171 176 170 180 179 189 172 186 175 177 198 172 172 198
  173 174 171 183 197 193 179 193 185 185 185 173 179 177 185 185 199 191
  190 183 190 191 180 198 176 180 195 174 188 190 175 170 190 178 196 191
  195 178 183 195 184 182 187 194 170 185 181 185 175 171 179 178 198 181
  192 189 190 199 189 190 178 196 185 174 191 176 193 178 180 188 185 195
  189 194 195 174 171 187 180 178 184 190 179 174 189 187 174 189 192 185
  179 177 184 177 170 179 194 190 190 192 178 183 181 181 177 173 182 183
  184 179 198 180 176 170 182 176 191 187 190 190 174 182 174 174 178 178
  182 185 183 181 186 186 192 197 184 175 195 171 174 187 189]
 [  0 186 184 192 195 174 184 194 198 198 194 198 178 180 194 182 177 198
  186 182 194 180 181 196 177 175 176 195 179 177 181 177 172 198 175 187
  190 170 186 182 186 176 173 193 199 191 196 178 195 184 183 191 192 190
  172 188 180 172 192 191 172 174 194 192 189 195 193 170 194 177 182 194
  180 199 198 188 196 186 193 194 176 183 170 176 189 191 171 178 182 179
  184 179 198 177 180 175 186 193 193 198 196 173 174 170 173 175 194 192
  193 178 175 197 182 172 182 175 195 196 173 193 172 180 184 173 191 178
  190 192 173 196 195 175 187 191 177 176 176 198 189 183 175 171 197 193
  182 193 187 192 194 183 179 195 183 197 187 191 190 196 186 177 178 173
  180 189 171 196 180 196 188 192 173 174 192 181 186 173 178 186 196 178
  194 187 170 193 185 190 199 174 184 175 179 176 174 194 189 190 183 192
  175 188 172 195 188 176 196 178 177 171 199 194 198 172 199 181 197 198
  188 178 184 184 181 178 195 180 181 179 173 191 176 173 195 177 180 171
  191 191 190 177 171 176 176 183 187 196 198 195 183 199 182 185 195 192
  188 178 176 187 187 175 199 175 193 187 183 182 187 187 173 170 191 196
  195 198 174 190 192 171 173 178 197 192 188 196 192 191 198 182 172 177
  197 175 184 192 188 178 183 188 184 185 189 170 179 186 179 171 173 194
  191 177 179 178 194 183 175 196 196 189 182 180 184 173 174]
 [  0 171 193 173 171 198 178 179 193 175 190 188 184 196 196 172 184 173
  181 196 178 195 196 198 182 191 185 185 190 197 170 199 174 190 172 177
  178 198 189 172 175 184 184 194 194 197 178 174 171 190 188 170 193 180
  183 191 170 173 184 172 192 178 173 191 196 175 183 186 179 185 186 189
  197 199 184 172 170 181 176 191 173 177 174 180 174 178 187 189 182 180
  180 181 197 188 186 191 170 177 190 196 176 190 193 196 192 187 181 194
  189 194 178 184 187 188 180 185 171 179 185 179 183 183 181 176 180 199
  172 193 193 176 191 182 171 180 189 182 174 172 172 192 177 177 176 185
  193 185 172 198 192 185 182 180 170 182 189 176 172 192 182 186 192 186
  180 191 176 192 191 172 174 176 197 170 188 180 181 178 193 174 197 194
  184 176 172 199 177 176 180 192 193 182 191 187 187 188 178 177 195 198
  177 199 187 170 178 188 179 170 173 189 179 180 178 197 191 199 199 198
  195 196 185 177 192 170 192 193 192 196 186 194 197 188 172 195 185 174
  176 196 198 171 191 172 182 193 181 194 173 188 188 173 186 189 190 172
  197 190 172 199 174 179 197 190 198 197 196 185 194 182 176 170 199 173
  173 195 178 189 187 187 172 183 182 196 173 173 174 177 171 173 180 185
  187 190 193 178 177 184 173 181 194 183 176 192 176 182 180 185 185 198
  175 172 186 184 181 176 189 199 173 180 186 190 176 171 196]
 [  0 170 176 194 182 197 176 183 196 190 174 172 174 189 183 181 187 190
  196 179 177 189 188 188 198 183 180 196 170 192 197 196 199 180 184 191
  187 181 195 193 171 182 184 191 199 198 180 179 192 177 198 181 172 185
  174 189 186 180 189 188 171 183 185 172 186 187 199 182 173 196 192 196
  195 183 198 185 185 177 194 189 187 195 187 175 182 184 171 172 183 190
  190 186 182 175 190 187 182 192 186 182 194 189 181 183 175 189 189 190
  184 171 187 178 171 195 180 186 188 185 172 198 199 183 177 171 188 181
  198 197 180 171 188 195 193 177 171 182 191 184 185 177 180 198 186 196
  186 188 170 177 174 190 195 172 170 175 199 180 183 184 176 187 171 176
  183 177 192 185 199 173 175 177 183 171 185 186 171 198 187 199 176 185
  176 181 181 181 185 188 187 196 173 186 186 191 172 177 174 173 170 171
  174 180 193 180 173 185 196 198 194 192 175 197 181 179 182 189 174 183
  190 181 187 198 177 175 171 171 190 194 199 170 196 183 171 181 180 198
  198 197 186 171 174 181 176 194 190 178 179 180 176 175 180 191 178 191
  175 175 180 171 188 186 172 193 188 183 190 182 170 181 173 188 172 173
  178 193 170 191 195 172 195 171 195 190 182 177 192 182 185 181 199 196
  172 177 187 197 197 173 174 173 185 195 181 170 175 195 182 187 198 180
  184 176 192 181 171 190 170 182 177 170 170 198 174 186 198]
 [  0 193 184 186 170 185 177 182 198 180 183 190 185 183 195 181 197 198
  183 174 181 194 171 191 197 170 185 175 180 194 194 192 198 186 190 173
  180 187 196 192 179 186 185 198 173 181 191 172 193 174 199 188 193 189
  191 184 185 193 181 199 187 176 193 170 194 170 183 192 175 191 188 170
  199 173 176 189 194 180 175 170 192 199 179 189 186 186 198 188 182 182
  198 193 198 187 178 191 177 170 172 190 172 195 197 186 192 184 190 191
  190 171 183 179 197 170 199 199 191 179 199 175 175 177 186 192 173 187
  193 179 177 186 180 191 194 180 173 174 198 187 174 188 183 197 189 195
  172 180 191 196 189 192 193 180 175 174 171 175 175 185 177 184 194 195
  171 192 184 186 190 175 175 182 181 179 191 190 193 189 183 185 184 196
  194 171 183 183 192 194 180 183 197 184 172 197 199 171 199 179 176 179
  174 174 177 170 175 172 184 183 181 173 188 187 199 193 188 195 178 187
  196 184 178 188 179 197 186 180 185 189 172 196 175 170 174 178 187 183
  193 199 193 188 183 179 190 180 190 171 193 189 198 179 186 170 190 180
  187 189 196 180 180 183 188 176 194 194 171 197 176 188 189 177 192 178
  172 170 189 196 187 187 181 196 172 174 179 181 181 184 199 180 182 197
  180 196 197 188 190 178 184 197 188 175 186 193 173 179 175 196 184 174
  182 181 194 171 187 190 184 189 195 175 191 170 181 189 194]
 [  0 179 196 177 192 195 171 195 181 177 170 182 177 175 189 175 188 195
  172 177 176 190 178 171 179 195 174 187 186 197 172 176 188 181 174 197
  190 196 196 183 183 180 172 182 195 192 182 179 199 172 188 176 191 183
  182 186 191 184 186 197 197 195 189 188 199 193 191 199 171 199 171 182
  184 173 188 179 196 184 170 194 175 172 191 184 186 191 195 186 186 184
  199 171 192 179 188 177 183 196 188 176 173 185 193 188 195 174 174 178
  170 199 198 187 194 184 194 188 182 172 178 178 172 175 172 177 184 178
  179 194 191 196 177 183 171 189 185 170 173 181 170 197 175 173 177 199
  180 192 170 176 193 196 182 190 189 176 188 192 192 184 187 187 187 188
  184 172 177 190 196 194 183 192 177 196 175 194 172 172 186 175 188 179
  177 196 173 184 191 184 192 193 184 185 183 179 197 197 187 173 190 197
  179 171 172 184 170 179 179 190 186 197 197 196 179 174 174 179 193 179
  195 172 171 189 176 176 197 194 192 195 190 178 176 181 194 173 198 197
  193 188 181 176 195 189 183 177 182 186 191 188 198 197 190 191 175 196
  178 177 199 183 190 177 187 194 171 197 199 175 199 175 189 195 193 188
  178 186 187 192 187 177 179 199 193 183 191 186 187 184 192 190 191 171
  199 199 187 196 199 184 175 189 183 184 187 174 177 177 185 199 196 192
  190 175 187 195 180 185 173 182 175 175 194 197 183 198 187]
 [  0 185 175 198 191 184 193 171 183 184 192 191 171 185 187 171 183 173
  193 193 185 192 179 191 191 198 189 179 177 182 191 188 197 173 195 197
  196 173 188 171 189 187 189 176 193 186 181 177 190 182 192 175 183 192
  174 178 173 170 177 182 177 192 198 198 178 186 171 172 186 178 182 188
  197 174 180 187 171 198 174 193 191 191 174 190 177 173 189 198 197 196
  188 194 182 177 197 186 186 181 180 194 173 190 187 198 195 196 196 179
  183 190 197 182 177 171 180 190 197 195 194 196 197 175 193 182 189 176
  196 187 183 173 174 182 172 173 177 180 175 183 191 186 192 180 174 186
  178 191 183 173 185 179 186 175 188 171 176 177 180 175 194 174 193 176
  174 171 194 182 173 180 187 194 174 183 182 198 190 196 178 176 193 178
  194 185 199 181 193 171 174 178 198 173 177 171 185 195 173 199 190 175
  195 194 184 185 188 187 172 187 176 191 183 176 177 192 198 192 173 185
  171 197 176 178 191 199 171 195 176 172 196 198 187 178 170 194 198 175
  176 172 177 175 184 178 187 170 181 177 172 172 192 180 182 196 185 194
  178 189 188 187 181 184 180 175 177 175 182 185 182 187 192 175 196 188
  184 171 189 181 197 190 190 174 179 175 171 190 182 178 179 182 182 183
  176 199 172 179 194 170 171 180 174 189 179 173 184 176 191 197 179 198
  192 194 186 174 182 179 196 198 172 191 179 181 185 171 199]
 [  0 191 198 177 172 199 187 178 190 180 183 186 184 171 186 196 192 184
  175 185 184 173 199 196 173 183 197 184 179 188 179 181 176 178 172 185
  189 181 174 195 172 188 184 191 174 199 177 182 190 194 173 191 185 193
  188 189 181 179 189 192 195 199 173 190 179 190 191 173 179 188 179 176
  176 193 190 183 198 172 195 177 175 195 173 181 195 180 180 180 193 187
  194 191 174 173 198 182 180 198 186 187 191 170 184 176 195 171 194 179
  175 177 174 185 171 190 183 199 185 187 176 189 194 171 175 199 199 183
  191 176 186 175 193 187 188 188 197 192 177 189 186 181 184 195 183 172
  196 170 191 174 191 175 171 184 176 192 184 170 199 192 176 171 176 175
  194 199 199 195 195 179 174 172 188 180 183 175 184 175 173 189 170 187
  185 180 195 197 191 175 186 191 182 193 193 190 195 191 183 183 199 194
  187 179 199 190 191 194 181 173 186 195 173 194 184 177 189 190 178 171
  188 172 170 193 194 186 178 180 170 197 192 174 180 190 195 174 196 193
  174 190 175 183 180 170 173 184 199 186 171 170 190 198 188 181 192 181
  173 182 183 170 189 173 178 171 196 199 186 177 176 189 187 175 184 193
  182 177 196 195 177 199 196 181 192 180 173 175 182 195 180 176 185 185
  177 184 187 180 173 177 192 170 196 170 190 172 198 176 170 192 178 189
  175 185 193 173 172 196 170 199 174 185 176 176 193 194 171]
 [  0 193 190 197 195 174 175 179 196 174 192 185 185 192 181 187 198 171
  176 181 182 197 185 197 189 196 194 190 194 182 181 178 187 192 177 187
  186 199 180 187 191 191 179 199 187 184 179 196 189 191 174 180 194 179
  192 175 175 170 198 181 198 199 178 194 194 188 193 170 179 181 194 176
  195 184 196 184 180 182 199 181 187 196 188 193 183 198 179 179 175 184
  189 171 180 198 172 180 198 182 175 179 193 187 199 197 171 173 180 173
  178 170 198 178 193 181 181 192 181 183 175 189 197 186 176 173 172 184
  185 190 179 190 170 174 184 186 174 177 176 188 177 194 176 175 179 185
  187 173 176 188 194 182 171 184 186 191 183 176 195 193 185 181 190 184
  198 198 197 171 189 188 197 196 172 193 183 176 176 173 192 196 183 199
  191 177 178 196 190 194 181 172 193 177 181 178 191 196 190 176 183 170
  184 182 185 179 174 197 195 188 196 188 171 196 185 194 188 178 184 193
  189 194 197 188 173 197 193 186 177 173 171 170 186 177 186 197 171 189
  198 173 174 179 199 184 183 179 173 196 199 186 170 171 198 178 174 193
  197 171 199 180 185 193 182 176 175 197 179 187 199 171 198 191 197 196
  194 178 178 180 199 187 183 178 199 193 198 184 188 173 198 175 196 185
  172 179 185 198 198 188 189 191 177 198 173 177 173 185 198 196 180 174
  178 175 195 181 198 195 197 197 180 172 186 192 176 194 170]
 [  0 197 177 183 172 195 187 174 189 178 177 173 194 180 175 191 188 180
  180 189 172 174 184 179 173 175 188 170 186 183 196 181 193 197 196 190
  173 171 199 190 170 181 190 175 184 199 173 183 191 188 189 181 173 189
  195 198 188 192 171 184 189 189 174 190 181 189 172 180 188 171 195 180
  196 173 195 172 177 171 196 173 175 194 173 198 171 177 170 170 180 188
  197 171 179 183 195 177 183 187 176 173 196 180 179 197 189 187 193 197
  194 189 195 190 181 190 192 171 185 181 177 186 187 179 192 173 187 178
  173 170 172 197 182 185 177 185 179 196 184 179 173 170 189 199 197 197
  173 174 190 199 190 192 176 193 170 187 182 189 192 182 190 196 195 198
  179 196 170 170 178 173 177 182 171 193 178 172 194 170 188 177 193 191
  189 179 176 189 177 190 172 191 175 183 198 178 180 189 171 172 182 178
  178 177 177 180 176 197 183 189 186 191 182 190 181 190 175 180 196 176
  184 188 181 198 185 181 197 186 193 189 171 196 193 190 193 179 197 181
  181 179 192 197 179 174 197 176 194 182 184 175 171 184 170 192 181 191
  188 176 171 182 172 175 173 189 192 195 176 196 185 183 176 192 197 197
  175 189 179 196 185 189 178 176 171 198 176 178 175 192 190 171 182 187
  196 192 184 170 179 190 188 183 194 188 191 174 196 193 174 194 170 176
  190 184 177 181 178 172 175 187 190 195 171 199 189 196 172]
 [  0 179 184 176 196 173 175 186 178 196 175 170 188 183 180 177 185 181
  173 176 194 188 175 174 199 191 170 192 194 175 180 180 182 190 183 198
  174 193 177 174 191 197 174 199 188 176 178 192 190 189 182 183 188 176
  188 181 191 193 192 195 193 182 177 192 180 184 194 193 184 174 170 199
  187 178 193 187 182 191 172 177 188 192 190 196 187 199 196 197 190 191
  191 177 172 172 189 195 171 182 172 186 193 196 196 181 174 184 184 184
  198 184 172 181 171 178 179 172 180 192 173 197 174 188 195 198 189 177
  188 196 190 199 186 183 192 179 189 172 190 182 171 182 188 189 176 177
  190 178 191 178 183 177 174 174 189 171 195 173 189 180 188 172 170 176
  197 171 198 189 176 181 182 189 196 196 187 177 183 190 174 196 199 173
  182 180 193 186 188 174 186 197 178 172 177 175 191 182 184 195 190 190
  176 188 178 171 173 178 198 185 193 188 198 188 170 199 171 177 175 190
  194 171 192 176 177 178 185 176 193 198 180 174 189 188 187 179 181 199
  197 179 177 179 179 189 196 190 174 174 196 183 179 182 199 184 181 179
  174 192 189 183 173 174 190 195 178 176 190 170 172 184 174 185 186 171
  182 181 189 176 170 182 188 195 171 196 178 175 178 173 187 196 189 179
  187 177 184 194 193 171 199 195 173 183 171 181 196 182 198 185 174 171
  180 172 170 185 185 186 197 198 191 194 188 189 194 191 191]
 [  0 177 193 199 199 190 180 194 186 181 175 176 195 189 183 173 194 175
  170 171 175 187 192 178 185 190 179 191 189 187 199 177 172 170 172 184
  195 192 182 176 175 199 174 190 190 179 184 195 187 189 182 177 198 172
  173 184 195 192 175 172 173 190 182 177 192 170 183 170 172 181 187 186
  193 175 193 182 182 179 194 188 195 185 196 176 197 191 195 176 183 183
  175 186 183 187 194 183 170 184 188 195 176 175 190 172 173 183 199 185
  181 191 191 180 195 199 171 175 191 181 195 195 192 190 180 187 184 197
  197 192 183 172 175 180 177 180 188 173 182 181 176 184 174 193 170 188
  187 174 180 192 172 193 182 183 170 179 182 188 174 190 185 173 195 175
  178 177 196 173 181 192 182 191 171 190 183 183 188 193 180 171 175 189
  198 195 178 184 183 182 195 180 178 187 198 185 181 180 189 177 176 190
  180 182 191 176 185 170 170 188 170 198 181 180 198 197 184 183 181 195
  184 185 178 187 193 182 180 192 196 195 189 176 171 186 189 198 194 198
  184 177 172 198 193 182 187 193 197 188 186 185 177 195 173 181 199 182
  170 176 172 189 197 171 177 188 190 185 171 187 172 179 180 173 182 194
  170 188 186 190 190 197 194 197 186 181 171 190 178 185 173 193 192 187
  173 174 196 179 171 171 197 188 188 190 179 195 196 196 195 182 191 182
  198 172 174 174 178 172 185 193 173 190 191 185 189 183 188]
 [  0 181 174 172 183 175 181 192 188 189 171 196 180 182 183 198 174 191
  189 177 175 171 190 192 196 194 177 172 190 175 185 184 182 175 173 184
  181 192 176 187 191 180 175 173 178 182 194 195 170 170 188 170 188 171
  197 182 189 197 188 180 180 187 195 186 175 190 189 199 178 170 179 190
  171 194 189 198 180 196 179 185 182 198 176 187 180 198 183 171 171 182
  192 186 185 186 188 179 197 190 185 180 188 172 183 191 196 170 193 181
  183 174 183 198 192 185 199 185 192 193 196 183 179 195 199 197 180 180
  187 189 179 199 183 190 199 188 175 176 173 195 182 174 187 182 185 191
  195 198 195 173 194 177 192 172 175 181 186 183 183 180 182 175 175 183
  185 174 199 172 197 183 182 181 181 177 173 198 191 184 176 197 191 199
  194 182 182 188 193 185 178 190 181 175 191 177 177 171 176 176 183 184
  178 197 197 181 170 193 170 181 185 180 175 178 189 179 190 172 194 184
  188 184 173 188 190 197 188 173 186 174 181 187 186 177 182 193 183 190
  176 172 191 198 170 185 172 172 186 190 190 196 173 175 184 194 198 174
  188 193 176 186 175 191 176 174 176 196 181 189 179 192 199 192 182 193
  179 175 170 180 187 184 183 189 193 189 172 194 188 194 193 189 191 179
  180 188 190 184 173 187 171 194 181 173 192 195 188 199 187 195 180 170
  172 176 198 191 194 185 188 198 170 188 172 195 189 183 190]
 [  0 170 171 192 199 183 178 176 192 197 171 177 170 194 170 187 190 199
  184 170 177 190 193 178 174 194 170 191 187 186 194 173 191 190 172 196
  193 195 185 186 182 182 180 192 178 197 184 194 177 183 181 192 181 185
  194 184 187 187 185 173 181 173 193 199 198 174 174 177 194 199 182 174
  182 198 175 184 171 181 177 191 177 189 171 182 185 175 195 193 187 187
  195 194 196 199 197 177 185 199 190 183 185 174 186 195 198 175 184 185
  195 174 180 183 198 182 171 175 174 176 196 174 179 171 174 181 196 190
  183 181 174 196 174 192 189 175 193 190 185 184 190 175 186 187 193 196
  179 196 174 199 199 199 196 174 181 174 173 196 170 198 182 179 188 194
  183 178 184 178 170 198 197 194 171 194 173 184 192 191 176 170 176 191
  195 183 186 180 189 192 171 193 178 193 176 190 178 188 179 177 182 183
  174 170 199 189 179 174 185 177 190 177 183 195 178 170 187 191 198 183
  170 171 192 183 181 199 174 197 180 188 181 195 178 198 173 188 184 184
  187 177 194 180 190 197 174 182 188 190 190 198 171 187 196 176 187 195
  198 192 177 195 190 175 189 193 173 176 199 179 188 199 198 181 183 176
  198 190 184 181 185 190 197 186 188 170 196 190 178 185 177 195 194 196
  194 194 180 186 193 184 178 182 199 176 183 192 170 196 198 172 174 170
  184 197 183 180 197 191 194 170 170 188 185 180 188 179 192]
 [  0 191 177 187 182 172 187 171 182 196 195 177 174 185 197 191 173 171
  176 196 183 178 190 173 192 195 184 176 191 192 199 175 180 197 182 188
  171 171 181 180 183 186 188 198 193 195 170 179 173 170 184 171 170 171
  194 179 194 190 179 179 190 172 181 195 179 177 197 188 180 185 187 175
  188 191 181 199 175 192 189 175 171 183 184 176 196 190 193 183 178 176
  170 182 172 190 182 181 192 186 198 181 172 170 193 186 178 198 176 174
  176 192 186 188 181 198 174 192 193 196 194 190 172 180 175 179 176 185
  187 196 181 186 178 183 179 172 190 185 184 173 178 182 179 199 181 193
  173 174 192 188 184 170 191 179 193 176 184 183 191 187 184 189 191 179
  177 173 178 194 185 199 195 174 186 192 182 198 191 183 188 196 198 181
  188 194 177 190 187 186 199 193 189 178 189 193 178 185 172 193 183 190
  176 199 181 197 173 172 170 199 194 189 189 190 173 185 188 181 197 196
  197 173 179 181 186 185 187 188 188 171 179 196 198 192 170 175 180 179
  185 177 173 199 187 186 192 184 189 184 178 181 195 177 192 180 185 175
  187 193 199 191 199 183 191 199 195 183 194 199 183 197 195 199 181 180
  193 170 193 190 194 175 171 184 185 181 179 180 185 185 193 192 191 181
  179 170 195 196 194 188 182 183 171 176 190 173 191 195 199 190 185 185
  195 195 177 175 180 182 180 170 176 196 188 193 177 176 170]]
 job2fam
 [[1 0 0 0 0 0 0 0 0 0 0 0 0 0 0 0 0 0 0 0 0 0 0 0 0 0 0 0 0 0 0 0 0 0 0 0
  0 0 0 0 0 0 0 0 0 0 0 0 0 0 0 0 0 0 0 0 0 0 0 0 0 0 0 0 0 0 0 0 0 0 0 0
  0 0 0 0 0 0 0 0 0 0 0 0 0 0 0 0 0 0 0 0 0 0 0 0 0 0 0 0 0 0 0 0 0 0 0 0
  0 0 0 0 0 0 0 0 0 0 0 0 0 0 0 0 0 0 0 0 0 0 0 0 0 0 0 0 0 0 0 0 0 0 0 0
  0 0 0 0 0 0 0 0 0 0 0 0 0 0 0 0 0 0 0 0 0 0 0 0 0 0 0 0 0 0 0 0 0 0 0 0
  0 0 0 0 0 0 0 0 0 0 0 0 0 0 0 0 0 0 0 0 0 0 0 0 0 0 0 0 0 0 0 0 0 0 0 0
  0 0 0 0 0 0 0 0 0 0 0 0 0 0 0 0 0 0 0 0 0 0 0 0 0 0 0 0 0 0 0 0 0 0 0 0
  0 0 0 0 0 0 0 0 0 0 0 0 0 0 0 0 0 0 0 0 0 0 0 0 0 0 0 0 0 0 0 0 0 0 0 0
  0 0 0 0 0 0 0 0 0 0 0 0 0 0 0 0 0 0 0 0 0 0 0 0 0 0 0 0 0 0 0 0 0]
 [0 0 0 0 0 0 0 0 0 0 0 0 0 1 0 0 0 1 0 0 0 0 0 0 0 0 0 0 0 0 0 1 0 0 0 0
  0 0 0 1 0 1 0 0 0 1 1 1 0 0 0 0 0 0 0 0 0 0 0 1 0 0 1 0 0 0 1 0 0 0 0 0
  0 0 0 0 0 0 0 0 0 0 0 0 0 0 0 0 1 0 1 1 0 0 0 0 0 0 1 0 0 0 0 0 0 0 1 0
  1 0 0 0 0 0 0 0 0 0 0 0 0 0 1 1 0 0 0 0 0 0 0 0 0 0 0 0 0 0 0 0 0 0 1 0
  0 0 0 0 0 0 0 0 0 0 0 0 0 0 0 0 0 0 0 0 0 0 0 0 0 0 0 0 0 1 1 0 0 0 0 0
  0 0 0 0 0 0 0 1 0 0 1 0 0 1 1 0 0 0 0 0 0 0 0 0 0 0 1 1 0 0 0 0 0 0 0 0
  0 0 0 0 0 0 0 0 1 0 0 0 0 0 1 0 0 0 0 0 0 1 0 0 0 0 0 0 0 0 0 0 0 0 0 0
  0 0 0 0 0 0 0 0 0 0 0 0 1 0 1 0 0 0 0 0 1 1 0 1 0 0 0 0 0 0 0 0 0 0 0 0
  0 0 0 0 1 0 0 0 0 0 0 0 0 0 1 0 0 0 0 0 0 0 1 0 0 0 0 0 0 0 1 0 0]
 [0 1 0 0 0 0 1 1 0 0 0 0 0 0 0 0 0 0 0 0 0 0 0 1 0 0 0 0 0 0 0 0 1 0 0 0
  1 0 0 0 0 0 0 0 0 0 0 0 0 1 0 0 0 0 0 0 1 0 1 0 0 0 0 1 1 0 0 0 0 0 0 1
  0 0 0 0 1 0 0 0 1 0 0 1 0 0 0 0 0 1 0 0 0 0 0 1 0 0 0 0 0 0 1 0 0 0 0 1
  0 0 0 0 0 0 0 0 0 0 0 1 0 0 0 0 0 0 1 0 1 1 0 0 0 0 0 0 0 1 0 1 0 0 0 0
  0 1 0 1 0 0 0 1 0 0 0 0 0 0 0 0 0 0 0 0 0 0 0 0 0 0 0 0 0 0 0 0 0 0 0 1
  0 0 0 0 0 0 0 0 0 0 0 0 0 0 0 0 1 0 0 0 0 0 0 0 0 0 0 0 0 0 0 0 0 0 0 0
  0 0 0 1 1 1 0 0 0 1 0 0 0 0 0 1 0 0 1 0 0 0 0 0 1 0 0 1 1 0 0 1 0 0 0 0
  0 0 0 0 0 0 0 0 0 0 0 0 0 0 0 0 0 0 0 0 0 0 0 0 0 0 0 1 0 0 0 1 0 0 0 0
  0 0 0 0 0 0 0 0 0 0 1 0 0 0 0 0 1 0 0 0 0 0 0 0 0 0 0 0 1 0 0 0 0]
 [0 0 0 0 0 0 0 0 0 0 0 1 0 0 1 0 0 0 0 1 0 0 0 0 0 0 0 1 1 1 0 0 0 0 0 0
  0 0 0 0 1 0 0 0 0 0 0 0 1 0 0 0 1 1 0 0 0 0 0 0 1 0 0 0 0 1 0 0 0 0 1 0
  0 0 0 0 0 1 0 0 0 0 0 0 0 0 0 0 0 0 0 0 0 0 0 0 0 0 0 0 0 0 0 1 0 0 0 0
  0 0 1 0 0 0 0 0 0 1 1 0 0 1 0 0 0 0 0 1 0 0 0 0 0 0 0 0 0 0 0 0 0 0 0 0
  0 0 0 0 0 0 0 0 0 0 0 0 0 0 0 0 0 0 0 0 1 0 0 0 0 0 0 0 0 0 0 1 0 0 0 0
  0 0 0 0 0 0 0 0 0 0 0 0 0 0 0 0 0 0 0 0 0 1 0 0 0 0 0 0 0 0 0 0 0 0 1 0
  0 0 0 0 0 0 1 0 0 0 0 0 0 0 0 0 0 0 0 0 0 0 0 0 0 1 0 0 0 0 0 0 1 0 0 0
  0 0 0 1 0 1 0 0 1 0 0 0 0 0 0 0 0 0 0 0 0 0 1 0 0 1 0 0 0 0 1 0 1 0 0 0
  0 0 0 0 0 0 0 0 0 0 0 0 0 0 0 1 0 0 1 0 0 1 0 1 0 0 0 0 0 0 0 0 0]
 [0 0 0 1 0 0 0 0 0 0 0 0 1 0 0 0 0 0 0 0 0 0 0 0 0 1 1 0 0 0 0 0 0 0 0 1
  0 0 0 0 0 0 1 0 0 0 0 0 0 0 0 1 0 0 0 0 0 1 0 0 0 1 0 0 0 0 0 0 0 0 0 0
  1 0 0 0 0 0 1 0 0 0 0 0 0 0 1 0 0 0 0 0 0 0 0 0 1 0 0 0 1 0 0 0 1 0 0 0
  0 0 0 0 0 0 1 0 0 0 0 0 0 0 0 0 0 0 0 0 0 0 0 0 0 1 0 1 1 0 0 0 0 0 0 0
  0 0 1 0 1 0 0 0 0 0 1 0 1 0 1 0 0 1 1 0 0 1 0 0 0 1 0 0 0 0 0 0 0 0 0 0
  0 0 0 0 0 0 0 0 0 0 0 0 0 0 0 0 0 0 0 0 0 0 0 0 1 1 0 0 0 0 0 1 0 0 0 0
  0 0 0 0 0 0 0 0 0 0 1 1 0 0 0 0 1 0 0 0 1 0 0 0 0 0 0 0 0 0 1 0 0 1 0 0
  1 0 0 0 1 0 0 0 0 0 1 0 0 0 0 0 1 1 0 0 0 0 0 0 0 0 0 0 0 0 0 0 0 1 0 0
  0 0 0 0 0 1 0 1 0 0 0 0 0 0 0 0 0 0 0 1 1 0 0 0 0 0 0 0 0 0 0 1 0]
 [0 0 0 0 0 0 0 0 0 0 1 0 0 0 0 0 0 0 0 0 0 0 0 0 0 0 0 0 0 0 0 0 0 1 0 0
  0 1 0 0 0 0 0 1 0 0 0 0 0 0 0 0 0 0 1 1 0 0 0 0 0 0 0 0 0 0 0 0 0 0 0 0
  0 0 0 1 0 0 0 0 0 0 0 0 0 1 0 0 0 0 0 0 0 0 1 0 0 0 0 0 0 0 0 0 0 0 0 0
  0 0 0 0 0 1 0 0 0 0 0 0 0 0 0 0 0 0 0 0 0 0 0 0 0 0 0 0 0 0 0 0 0 0 0 0
  0 0 0 0 0 1 1 0 0 0 0 1 0 0 0 0 0 0 0 0 0 0 1 0 0 0 0 0 0 0 0 0 0 1 0 0
  0 0 0 0 1 0 0 0 0 0 0 1 0 0 0 1 0 0 0 0 0 0 0 1 0 0 0 0 1 0 0 0 1 0 0 0
  0 0 0 0 0 0 0 0 0 0 0 0 1 1 0 0 0 1 0 1 0 0 1 0 0 0 0 0 0 0 0 0 0 0 0 0
  0 1 1 0 0 0 1 0 0 0 0 0 0 1 0 0 0 0 0 0 0 0 0 0 0 0 0 0 0 0 0 0 0 0 1 0
  0 0 0 0 0 0 1 0 0 0 0 0 0 0 0 0 0 1 0 0 0 0 0 0 0 0 1 0 0 0 0 0 1]
 [0 0 0 0 0 0 0 0 0 0 0 0 0 0 0 0 1 0 1 0 0 0 0 0 1 0 0 0 0 0 0 0 0 0 1 0
  0 0 0 0 0 0 0 0 0 0 0 0 0 0 1 0 0 0 0 0 0 0 0 0 0 0 0 0 0 0 0 1 0 1 0 0
  0 1 1 0 0 0 0 0 0 0 0 0 0 0 0 1 0 0 0 0 0 1 0 0 0 0 0 1 0 0 0 0 0 0 0 0
  0 1 0 1 1 0 0 0 1 0 0 0 0 0 0 0 1 1 0 0 0 0 0 1 0 0 0 0 0 0 0 0 0 0 0 1
  0 0 0 0 0 0 0 0 0 0 0 0 0 1 0 0 0 0 0 0 0 0 0 0 0 0 1 0 0 0 0 0 1 0 1 0
  0 1 0 0 0 0 0 0 0 1 0 0 0 0 0 0 0 1 0 0 1 0 0 0 0 0 0 0 0 0 1 0 0 0 0 0
  0 0 1 0 0 0 0 1 0 0 0 0 0 0 0 0 0 0 0 0 0 0 0 1 0 0 1 0 0 1 0 0 0 0 0 1
  0 0 0 0 0 0 0 0 0 0 0 1 0 0 0 1 0 0 0 0 0 0 0 0 0 0 0 0 0 0 0 0 0 0 0 0
  1 0 0 0 0 0 0 0 0 1 0 1 0 0 0 0 0 0 0 0 0 0 0 0 1 0 0 0 0 0 0 0 0]
 [0 0 1 0 0 0 0 0 0 1 0 0 0 0 0 1 0 0 0 0 0 1 1 0 0 0 0 0 0 0 1 0 0 0 0 0
  0 0 1 0 0 0 0 0 0 0 0 0 0 0 0 0 0 0 0 0 0 0 0 0 0 0 0 0 0 0 0 0 1 0 0 0
  0 0 0 0 0 0 0 1 0 1 1 0 0 0 0 0 0 0 0 0 0 0 0 0 0 1 0 0 0 0 0 0 0 0 0 0
  0 0 0 0 0 0 0 0 0 0 0 0 0 0 0 0 0 0 0 0 0 0 0 0 1 0 0 0 0 0 1 0 1 1 0 0
  0 0 0 0 0 0 0 0 0 1 0 0 0 0 0 0 0 0 0 1 0 0 0 0 1 0 0 1 0 0 0 0 0 0 0 0
  1 0 1 1 0 0 0 0 0 0 0 0 0 0 0 0 0 0 1 1 0 0 1 0 0 0 0 0 0 1 0 0 0 1 0 0
  0 1 0 0 0 0 0 0 0 0 0 0 0 0 0 0 0 0 0 0 0 0 0 0 0 0 0 0 0 0 0 0 0 0 1 0
  0 0 0 0 0 0 0 0 0 0 0 0 0 0 0 0 0 0 0 0 0 0 0 0 0 0 1 0 0 1 0 0 0 0 0 1
  0 1 0 0 0 0 0 0 1 0 0 0 1 1 0 0 0 0 0 0 0 0 0 0 0 0 0 0 0 1 0 0 0]
 [0 0 0 0 1 1 0 0 1 0 0 0 0 0 0 0 0 0 0 0 1 0 0 0 0 0 0 0 0 0 0 0 0 0 0 0
  0 0 0 0 0 0 0 0 1 0 0 0 0 0 0 0 0 0 0 0 0 0 0 0 0 0 0 0 0 0 0 0 0 0 0 0
  0 0 0 0 0 0 0 0 0 0 0 0 1 0 0 0 0 0 0 0 1 0 0 0 0 0 0 0 0 1 0 0 0 1 0 0
  0 0 0 0 0 0 0 1 0 0 0 0 1 0 0 0 0 0 0 0 0 0 1 0 0 0 1 0 0 0 0 0 0 0 0 0
  1 0 0 0 0 0 0 0 1 0 0 0 0 0 0 1 1 0 0 0 0 0 0 1 0 0 0 0 1 0 0 0 0 0 0 0
  0 0 0 0 0 1 1 0 1 0 0 0 1 0 0 0 0 0 0 0 0 0 0 0 0 0 0 0 0 0 0 0 0 0 0 1
  1 0 0 0 0 0 0 0 0 0 0 0 0 0 0 0 0 0 0 0 0 0 0 0 0 0 0 0 0 0 0 0 0 0 0 0
  0 0 0 0 0 0 0 1 0 1 0 0 0 0 0 0 0 0 1 1 0 0 0 0 1 0 0 0 1 0 0 0 0 0 0 0
  0 0 1 1 0 0 0 0 0 0 0 0 0 0 0 0 0 0 0 0 0 0 0 0 0 1 0 1 0 0 0 0 0]]
