params：
 weight-->(1, 10)
 proc_times-->(1, 100)
 setup_times-->(60, 120)
 delivery_times-->(100, 200)
 job_rate-->16

start:
alpha_1
16
 alpha_2
2.0
 mach
20
 job
320
 fam
8
 weigh
 [[0 6 9 4 6 2 9 6 4 1 2 1 5 2 6 9 1 5 8 5 9 2 9 6 3 2 6 1 4 5 3 9 8 6 3 3
  9 5 8 4 7 6 9 5 6 5 2 4 8 1 2 3 2 8 6 6 8 2 6 9 6 2 5 8 3 5 1 2 5 6 6 7
  8 4 7 6 2 1 2 6 8 7 3 5 3 9 2 4 4 8 4 8 7 6 5 3 5 8 8 9 6 5 8 2 9 8 9 9
  8 9 9 3 9 5 3 9 8 7 3 7 8 4 2 5 6 5 2 9 9 7 2 3 2 9 6 4 9 1 7 2 2 8 7 1
  8 2 6 8 6 4 9 6 9 8 8 4 2 2 4 6 9 5 2 3 6 9 7 6 5 1 7 3 6 2 7 6 3 3 6 1
  1 5 2 9 9 6 4 9 6 9 8 7 4 1 1 7 8 6 5 6 7 9 7 8 9 4 4 7 5 1 1 9 6 9 9 5
  5 5 4 2 7 8 1 5 4 6 7 8 9 3 5 6 7 1 5 1 3 4 8 4 7 8 4 3 4 4 7 3 7 9 5 3
  9 2 8 4 4 8 9 3 1 8 8 1 2 9 7 7 6 6 3 4 9 3 4 7 1 9 8 4 6 3 1 3 8 1 8 9
  5 4 4 6 2 7 3 8 9 5 1 6 1 7 4 4 3 3 2 2 8 2 6 3 3 3 8 7 4 4 9 7 4]]
 proc_times
 [[  0  69  33  12  27   9   9  88  87  80  96  16  35  61  37   4  75  78
   92  72  33  64  27  39  34  26  73  38  75  60  80  97  78  80  84  51
   98  88  95   6  36  10  20  70  28  88  65   8  59  19  28   2  36  54
   58  74  69  65  16 100  89  20  43  78  64  65  23  74  81  70  19  26
   23  28  71  20  89   7  58  40  68  65  18   3  43  32  25  66  67  93
   82  71  57  57  14  27  83  24  16  75  58  99   1  50  35  11  39  46
   16  67  54  82  33  42  62  37  96  47  63  69  83  10  52  84   1  55
   84  65  66  61  29  46  19  74  97  44  27  93  69   1  65  83  53  78
    6  33   8  63  73  47  22  80  37  46  64  19   5  59  74  36  12  33
   88  87  44  15  39  52  92  39  11  92  32   4  69  94  95  69  16  82
   79  43   5  24  48  72  68  17  71   5  79  99  40  39  34  52  90  61
   43  92  46  97  82  97   7   5  84  37  23  97  99  85  62  35  13  22
   84  46  27  54  21  93  64  41  32  99  37  17  56  90  54   6  28  23
   17  71  22   1   8   8  41  79  43  75  93  52  13  77  93  98  46  22
   52  32  19  34  17  44  91  83   2  29   7  33  90  16  56  85  70  11
   43  89  62  26  16  24  49  95  24  92  32  15  81  41  61  84  93  93
   64  36  44  21   1  65  17  26  29  22   2  79  25  80  71  14  12  71
    7  88  36  42  45  56  43  97  25  84  20  72  72  35  84]
 [  0  31  79   2  11  41  58  79  95  59   6  60  42  22  63  60  84  65
   16  76  10  11  26  58  26  57  22  42  95  18  37   8  67  72  84  15
   46  72  95  70  92   7  66  73 100  93  42  20  94  82  79  44  37  61
   24  34   4  95  14  41  30  67   6  64 100  47  31  33   8  86   7  23
   41  59  21  10  76  24  62  87  37  79  95  58   6  67  38  19 100  92
   42  56  43  48  98  54  45  99   4  71   8  33  52  61  33  98  71  51
    7  48   2  67  40  50  56  38  75   6  43  26  16  50   8  93  10  52
  100   5  56  68  50  85  51  51  37  84  51  29  77  54  50   2  22  80
   73  33  15  62  75   1  75  30  22  64  17  60  29  29  46  50  26  24
   29   2   5  44  76  47  25  71  90  62  84  28  96  42  49  84  43  20
   38  62  88  30  77  74  16  79  79  13  83  14  17  92  50   9  78  29
    9  15  86  50  97  58  86  91  26  40  81  89  38  34   6   8  45  95
   41  48   3  80  98  36  55  61  81  49  50  59  14  16  68  24  54  99
   11  60  75  42  59   9  93  89  15  74  18  12   3  82  36   9  28  19
   82  23  21  32  79 100   4  76  15  76  16  50  17  32  39  92   4  98
   48  37  42  38   1  91  29   4  45  40  41   4  79  71  38  14  94   7
   46  56   1  31  48  39  44  49  48  24  67  88  46  72  92  96  23  92
   89  11  98  39  75  92  60  74  59  16  43  36  62   4  64]
 [  0  91  99  46  31  24  79  80  37  50  30  71  47  95  91  99  92  44
   71  48  16  57  81   5  38  26  74  55  38   3  36  39  95  70  82  11
   49  19  60  20  19  86  51  78  25  29  56  12  76   8  39  24  11 100
   45  39  40  96  47  58  73  68  23  20  50  16  60  86  31  32  94  99
   20  16  52  11  72  79  25  95  26  89  11  53  17  97  60  59  60  69
   78  16  10  28  95  54  17  28  67  23  66  82  67  14  75  45  21  56
   89  89  92  94  64  71  82  20  58  41  61  84  19  26  32  62  42  65
   84  19  97  77  28   3  73  46  18  83  52  83  60  49  23 100  11  91
   78  80  45 100  34  88  37  70  44  22  66  38  37  73  61   8  23  38
   14  88  79   6  14  17  78  42  33  99  26   3  29  67  98  57  47  73
   11  52   8  67   9  31  54  70  73  64  45  33  90  24  21  63   9  75
   90   6  99  73  21  75  48   6  76  42  79  51  15  73  90  57  56  92
   39  43   9  32  66  64  95  53   5  38  11  71  17  41  70  67  63  25
   68  99   5  81   8  13  60  75  36  29  96  56  58  14   6  80  52  12
   79  84  90  38  80  77  35  57  74  87  74  87  71  43  43  22  13  81
   16  94  99  20  31   8  37  47  88  12  90  22  70  96  96  61  38  99
   10  78  62  97  54   2  49  38  45  29  30  11  81  62  24  11  48  97
   38  26  81   4  11  89  56  61  99  79 100  23  44   7  78]
 [  0   6   4  81   9  14  53  50   4  14  52  14  65  11   4  92  42  81
   22  33  33  24  51  25  26  44  68   1  78  77  48   3  82  43  75  89
   61  98  77  50  61  18  87  21  90  26  57  93  46   4  98  28   4   6
   81  35  61   7  43  20  51 100  20   9  40  61  47  22  72  56  80  21
   97  81  48  23   1  77  35  43  57  13  99  54  78  95  44  17  31 100
   63  52  78  18  82  75  76  13  51  11  74  57  32  63  11  91  42  96
   58  19  37  75  76  18  80  88  65  84  87  57  65  12  71  32  24  98
   34  44  77  70  24  18  68  20  51  58  31  57  77  78  18  36  41  18
   12  67  36  68  46  28  62  60  58  82  92  66  36  71  93  43  81  21
    3  69   7  27  34  95  71  16  25  10  14   8  30  15  79  40  22  37
   81   3   2  15  27  83   6  90  77   1  97  75  99  63  41  87  68  91
   22  18   9  82  70  56  12  28  80  15  64  30  78  10  22  82  24  38
    2  94  48  41  72  47  38  95   6  60  43  63  88  92   7  49   5  18
   50  88  65  35  18  91  59  39  48  10  70  62  32   5   8  89  67  69
   31  43  62  59  53  32 100  18  50  10  94  96  29  16  29  29 100  85
   97  57  47  79  86  52  65  32  44  57  94  13  82  95  79  52  11  68
   97  95   9  18  65  64  73  41  93  59  84  85  99  95  35  15  37   5
   64  42  94  14  35  63  79  80   3  59  62  26  50  12  41]
 [  0  43  70  80  16  30  88  81  47  80  91  13  14  19  53  21  54   1
   24  66  77  96  84  88  49   3  25  32  82  27  69  92  51  38  82  44
   14   1  65   3   4  88  46  90  89   5 100  64  32  61  99  83  92  58
   67   9  15  29  22  91  34  58   9  13  30  72  50  65  34  66  61  86
    1  83  88  80  58  33   9  33  22  76  69  58  45 100  26   5  27  72
   78  72  93  70  67  49  57   1   6  38  44  13  34   5  76   5   4  34
    9  90  60  44  78  86  56  20  88  58  30  52  65  46  30  75  56  82
   19  68  54  66  83  99  49  58  52  93  98  31  59   4  74  43  67  57
   95  72  46  90  96  34   8  88  40  18  97   9  70  28  95  34  62  38
   23  53   8  58  31   5  74  61  32  26  58  88  20  54   3  90  85  38
    8  31  96  51  14  93  32  35   9  38  78  42  52  90  22   3  57  67
   28  63   9  69  75  54  47  60  82   6  52  52  53  49  52  42  62  57
   33  38   5  37  75  68  24  66  41  31  32  95  81   3  96  79   5  37
   34  14  58  54  69  95   9  78  34  91  27  19  63  11  87  17  45  42
   37  91  68  18  77  25  61   5  62  47  44  70  97  85  32  88  61  98
   73  42  53  18   7  89  76  10  36  17   8  39  93  38  64   6  94  42
   13  28  98  57  20 100  65  12  59  18  77  52  30  20  62   5  91  10
   39  89  40  22   4  67  67  39  45  16  80  17  27  88  52]
 [  0  14   1  79   6  68  68  82  57   7  21  17  67  15  24  52   2  62
   83  51  44  18 100  52  64   4  95  94  36  64  85  80  39   7  84  28
   89  68  57  98  47  38  31  21  54  15  70  84  85  20  67  98  64   8
   53  88   4  76  27 100  35  61  56  72  35   7  38  34  18  13  18  97
   80  30  86  23  76   3   2  22   2  88  12  22   3  66  63  21  77  32
   93  30  55  47  42  30  67   9  47  95  67  89   2  56  72  90  87  10
   76  83 100  26  76  66  15  84  44  58  91  48  44  60   9  29  62  55
   90  31  18   6  27   5  27  15  63  84  32   7  18  73  17  84  37  29
   51  86   5  43  57  65  57  39  88  55  77  12  42   8   6  82  31  14
   73  97   7  52  60  73  60  62  25  44  82  93  96   4  62  23  41  65
   37  68  35  26  15  47  98  67 100  65  91  63  40  91  13  93  52  23
   78  43  67   2  33  73  31  59  14  44  10   7  61  12  73  33  30  54
    1  51  27  86  33  87  80  78  77  81  21  68  93  60  40  92  77  95
   22  94  81  91  11  74  94  97  31  89  94  86  51   1  54  48  61  91
   96  11  38  71  82  58  33  37  44  71  98  32  37  46  72  49   1  36
   37  75   6  27  16  19  74  42 100  65  27   8  87  25  74  39  14  98
   85  22  70  44  44   5  93  79  47   1  34  94  75   9  69  18  66  45
   93  13   5  29  72  35  88  26  52   7   1  89  92  87  89]
 [  0  58  43  26  41  55   8  34  26  49  69  51  80  40  43  79  94  43
    3  63  77  95  84  55  11  56  16  88  19  68  11  18  37  13  49  97
   42  55  49  16  63  34  23  77  31  74   4  28  92   7  59  73  68  68
   30  56  78  33  82  61 100   9  32  58  76   9  98  88  86  59  79  41
   21  67  60  94  23  57  78  14  66  90  96   9  27  88  25  40  40  61
   95  33  38  45  12  80  49  72  79  83  66   7  20  99  95  95  89  12
   23  18  24  23  19  80  12  17  16  51  35  92  72  44  59   2  80  78
    8  81  40  64  59  14  43  11  19  86  19  76  98  78  42  95  71  29
   38  99  78  73  62  75  73  60  70  27  78   3  96  15  17  22  20  81
   99  13  48   7  76  63  89  80  14  42  13  28  41  77  33  29  25  46
   91  73  94   4  76  65  36  95  39  69  14  45  94  85  52  31   2  18
   30  25  26  23  31  99   3  59  25  56  35  61  58  29  52  76  77  97
   96  86  67  53  57  27  75  90   5  48  23  45  61  71   7  64  15   5
   98   2  22  64  86  95  73  31  84  34  69  59  62  13  80  51  23  15
   81  16  66  14  95  15  50  57  44  87  34  90   1  22   3  20  72  83
   53  46  88  93  88  54  40  40  66  49  97  76  24  64  39  84  95  87
   17  39  88  14  86  23  35  39  52  42  35  72  79 100   1  76  39  13
   64  69  35  33  72  51  75  29  58  16  54  15  53  97  65]
 [  0  71  22  66  33  36  59  97   5  71 100  73  38  41  64  62  40  51
   20  19  63  10  84  17  10  72  65  30  67  66  67  42  16  36  12  35
   96  10  57  87  63  48  95  81  53  92  15  21   7   8  40  74  79  53
    4  88  18  74  76  45  30  38  80  41  49  90  57  40  84  97  63  30
   52  33  84  56  51  73  69  70  10  75  57   3  53  30  31 100  34   1
   34  51  57  15  47  81  13  42  38  75  53  70  43  15  81  72  68  43
   84  57  46  32  23  69  35  96  54  31   8  28  71  50  80  16  82  44
   31  86  27  90  41  17  21  78  33   2  97  82  72  13  73  72  34  94
   68  75  22   7   8  88  17  17  80  64  14   1  25   3  18  34   7  39
   78  28  22  55  43  43  85  10  37  25  35  86  95  34  40  82  79  32
   65  57  44  38  52  88  71  71  40  78  69  88  15  73  84  41  73   1
   55  76   7  26 100  81   7  54  56   2  42  34  58  18  57  99  33  64
   97  73  12  17  40  30  24  88  50  79  78  36   8   3  57  83  98  48
   63  42  37  24  50  66  84  45  13  82  25  37  59  13   2  19  31   2
   26  68  35  60  33  72  24  56  91 100   6   6  26  95  73  60  96  52
   96   6  63  69   8  49  16  26  20  11  81  11  46  83  74  31  29  16
   62  21  28  99  46  60  83  44  25  42  31  86  40  76  60  38  33   3
   35  10  74  13  43  32  65  16  36  59  92  60  48  40  36]
 [  0  18  20  23  49  33  77  64  92  83  63   8  94  88  58  18   3  34
   48   6  87  63  38  58  24  49  36  63  72  35  10  91  62  48  74  92
   10  53  80  40  34   9  17  96  51  67  92  56  71  70  99  75  28  15
   14  70  14   2  28  21  62  88 100  71  54  48  40  76  77  59  37  49
   65  40  20  93  30  16  49  47  12  28  18   7  10  14   8  82  70  28
   52  74  99  28  53  71  15   8  14   6  40  94   9  19   5  56  78  83
   65   5  75  79   6  38  84  36  46  24  77  57  23   9  36  66  70  35
    8  32  87   7  12  46   7  29  39  18  35  27   7  38  22  51  86  30
    5  91  26  15  71  82  99  17  21  27  24  27  59  18   5  65  50  19
   88  37  39  26  68  15  87  57  22  37  69  37  83  18  64  45  42  61
   18  60  25  88  82  43  29  67  13  47  43  72  25  27  42  68  29  72
   49  52  42  60  96  30  45  35  83  12  48  10  91  45  40 100  72  14
   97  16  17  39  11  11  37  77  14  56   9   8   3  34  79  33  62  51
   56  44  23  97  96  67  27  20  45  32 100  83  93  20  74  74  19   9
   12  40  15  74  14  66  87  82  48  67  69  27  37  49  24  42  65  15
    6  51  23   4  14  18  79  87  72  66  75  12  90  13  62  74  26  62
   82  57  10   7  88  53  18  63  59  27  88  43  55  44  89  96  21  90
   74   2   4  26  61  34  16  64  72  22  63   2  33  70  67]
 [  0  75  90  81  20  63  26  11  86  99   5  32  58  28  30  36  96  51
   10  94  51  97  37   6  34  75  80  50  51  99  94  72  19  56  21  72
   68  21  12  57  37  52  30  40  60  95  84  39  56  60  24  27  10  73
   65  18  87  49  56  78  13  73  30   4  56  27  24  62  78  92  86  49
   53  16  29  74  96   7   4   7   8  70  11  16  10  20  64  42  20  15
   19  16  18  73  78  64  60   6  29  87  29  75  35  89  22  57  13  72
   68  45  47  18  33  18  16  38  71  11  83  57  28  64  21   7  13  48
   90  16  17  61  97  50  95  33  96  62  46  72  25  27  60  23  20  41
    2   1  33 100  45  99  31  94  53   6  86  27  96  15  33  96  40  86
   59  61  39  93  78 100   8 100  22  66  75  19  81  72  96  15 100  59
   92  48  95   5  84  44  37  53   8  29  32  53  71   8  40  49  49   6
   90  76  58  76  19  29  32  38  60  61  32  14   4  69  19  57  68  82
   28  23  51  59  76  57  73   5  99  66  40  66  80  14  30  87  22   1
   85  41  82  17  60  62  93  33  99  56  38  81  55  66  32  56   6  30
   82  52  71  27  99  86  29   7  21  44  87  51 100  28  94  80  89  54
   95  27  88  27  73  27   5  41  38  74  78  21  78  99  49  49   1  68
   67  64  40  26  72  93  64  25  60   5  64  82  33  11  71 100  95  76
   76  52   2  40  21  19  90   3  71  87  59  83  69  36  96]
 [  0  66  44  30  74  81  40  39  97   1  25  54  46  86  16  35   5  57
    7  54  17  55  34  63  25  48  19  98  22  58  32  91  97  91  64  16
   88  41  92  39  88   4  23  84  75  44  11  52  76  56  86  66  35  89
   52  68  94  73  25  89  18   5  76  49  16   6  20  50  34  36  50  77
   67  53  84  71  63  45  52  68  56  69  86  40  47  25  45  32  80  54
   96  11  16  90  35  87  95  38  36   9  52  21  81  79  27  82  13  84
   85  38  13  70  61  29  26  58  62  21  14  81  42  83  67  43  17  25
   90  73  13  79  91  25  14  72  39  44  58  40  85  87  89  24  80  91
   96  72  21  88  50  15   6  75  24  30  92  70  21  98  54   9   4  70
   73  66  61  86  71  54  55  66  41  85  27  29  52  71  34  67  61  61
   52  73  17  45  37  70   5  74  92  46  90  71   5  50   6  18  97  87
   15  19  67  35  38  15  39  88  35  81  17   8  28  69  72  92   3  60
   65  24  83  22  57  70  94  76  26  93   6  52  76  47  36  32  67  69
   84  77   7  55  33  18  59   4  74  60  60  17  41  55   3  20  65   9
   44  88  78  98  79  84  49  99  56  27  30  12  50  32  39  80  74  58
   53  60  24  37  53  46  13  67  51  74  70  70  23  79  32  18  14 100
    6  55  46  18  94  23  72  17  89  39  41  17   7  47  36  88  82  34
   61  15  32  97  71  86  69  62  61  50  37   3  44  73  11]
 [  0  34  72  98  66  13  44   8   1  95  12  57  40  43  34  21  55  92
   94  71   8  68  69  67  19   8  62  42  28  24  47  89  22  86  58   6
   30  43  12  32  28  38  23  29   2  34  93  44 100  76  33  48  57  40
   27  73  42  23  20  39  65  47  78  81   4  34  69  90  73  24  53  76
   33  85  59  60   1  86  62  14  32  75  14  33  13  10  14  65  49  65
   57   5  34  75  80   8  25  94  84  23  66   1  57  35  65  29  16  59
    8   4  69   7  60  97  75  40  37  50  14  55  97  24  51  63  72  60
   79  36  27  77 100  54  56  87  55  63  30  19  36  97  24 100   6  81
   27  37  49  41  58  53   6  19  24   5  35  25  12  38  64  35  35  12
   17  21  69   4  20  88  65  30  63  54  65  70  30  79  65  82  88  55
   12   2  51  68  28  81  68  31  58  55  64  53   8   2  10  58  40   7
   80  78  30   9  28  42  77  18  61  47  24  20  52  96   8 100  62  56
   80  63  89  45   4  70  16  15  18  35  21  24  70  47  31  85  57  76
   75  29  12  67  31   7  56  56  56  67  26  69  32 100   6  10  13  75
   96  27  47   6  20   3  35  77  85  55  55  79  44  67  13  39   3  37
   34  98  60  71  41  55  28  68  25  37  29  35  36  87  39  67  48  90
   88  69  33  80   9  98  82  30   6  68  62  42  82  48  95  29  32  62
   72  27  65  58  84  31   7  47  31   1  32  79  74  63  59]
 [  0  86  33  59  69  48  82  21  48  20  95  42  24  56  70  49  82  14
   76  18  98  14  25  95  91  24  78 100  12  73  49  87  50  54  45  24
   61  13  97  49  27  95  83  60  50   5  55  75  24  12  98  85  37   8
   15  56  15  51  40  89  15  21  38  51  23  70  41  41   9  72  90  92
   29  45  25  89  55  79  78  79  34  52   6  40  23  39  52  75  12  41
   40  84  48  11   7  55  49  11  62   1  29  98  97  32  73  88  30  62
   88   3  30  39  99  17  83  24  10  53  19  61  72  49  11  36  79  24
   47  95  15  43  87  59  90  44   4  58  43  60   5  98  69  62  42  85
   58  84  28  43  68  60  55  32  22   6  51  60  50  87   4  43  50  85
   74  97 100  71  10  70  79  28  22  49  45 100  68  96 100  53  39  99
   24  63  45  80  80  60  89  20  98  16  84  74  67  66  79  84  79  82
   39  62  13  11  29  74  27  31  73  53  13   4  94  81   8  17  89  72
   64  66   1  73  15   9 100  45  54  48  51  67  46  10  15  71  74  21
   31  48  18  37  70  18  27  86  48  63  95  10  79  10   9 100  57  52
   96  21  29  69  72  90  84   1  27   4   4  98  36  14  36  90  88  90
   56  40  59  95  33  94  57  48  77  74  21  14  49  52  91  73  21  36
   88  41  29  60  79  50  49  42  21  79  17   3   2  13  39  79  37  48
   22  82  87  53 100  52  54  74  17  73  20  73  43  81  37]
 [  0  51  26  49   8  20  98  50  20  10  58  97  13  31   9  91  88  94
   28  87   9  75  37  34  49  75  90  28  43  54  38  49  23  62  32  70
   32   8  14  13   5  51  94  72  82   7  25   2  33  89  48  53  37  92
   98  34  34  98  43  79  36  55  13  64  55  63   4  33   7  91  40  63
   68  98  52  28  45   6  24   8  22  54  97  31   4  45  83  53  21  29
   54  56  20  32  67  82  27  70  69   7  61  54  32  55  49  83  83  69
   31  64  98  48  29  24  45  36  35  68  44  54  56  16  96  85  64  41
   27   9  37  95  53  95  95  20  38  62  79  97  85  53  75  46  68  74
   55  15  87  43  34  54  59  98  81  16  86  21  31  14  91  54  34   8
   69  68   6   9  84  23  43   1  12  48  90  58  24  99  23  20   4  69
   23  60  25   4  98  76  58   2  83  11  56  78  50 100  72  18   3  30
   44  30  59  40  94  36  96   9  76  79  12  39  34  85  52  76  50  33
   14  48  75  98  28  67  84  51  21 100   6  32  21  38  78  62  96  76
    5  68  67  75  23  53  73  61   5  81  41  39  92  41  48  31  41  64
   61  82  66  75  73   2  93  86  29  59  69   8  51  87  28  27  36   3
   28  88  14  45  48  14  19  51  33  71  36  69  55  48  76  28  92  64
   55   5  42   9  62  70  99  52   2  45  53   2  33   5   4  60  14  96
   58   1  15   1  49  45  10  66  51  31  48  16  81  77  34]
 [  0  78  19  58  95  72  53  75  18  85  64  52  88  83  23  92  10   9
   43   3   6  74  96  84  51  69  58  40  89  29   1  18  12  64  70  13
  100  65  82  42  83  93  70  57   8  78  67  94  59  74  48  72  15  13
   46  95  54  59  63  34  20  32  63  44  94  99  26  65  76  40  52  65
   96  68  32  37   6   6  25  16  88  37  73  87  72  65  90  10  35  51
   99  16  83  42 100  17  73  85  45  47  64   3  73  61  94  81  74  96
   91   7  99  20  90  99  27  68  36  98  10  71  12  58  75  17  18  56
    4  24  45  20  31  41  24  40  55  69  12  81  16  81  14  67   4  94
   24   2  93  46  36  89   4  19  89  14   6   3  54  15  24  60  38  77
   90  88  34  84  64  67  69  21  73  91  27  77   6  45  91   4  99   3
   12  72  13  95  22  70  44  66  94  87  93   7   2  74  91  88  58  41
   54  56  10  75  48  95  80  17  90  70   3   9  58  76   1  17  63  88
    5  90   4  11  85  58   8  44  76  67  44  49  49  41  32  60  11  38
   32  90  19  43  76  12   1  52  67  86   2   8   2  26  70  58  58  22
   43  51  93  76  51  45  31   3  50  52  23   9  13   7  92  34  70  57
   84  98   5  97  28  57  45   6  77  61  86  62   8  74  62  62  21  84
   25  28   7  89  34  64   2  87  59  93  89  71  32  16  98  49  20  48
   22  84  73  37  11  30  88  64  10  63  48  81  53  48  24]
 [  0  13  39  53  11  71  17  75  31  41  27  56  16  85  27  49  26  74
   20  19  42  35  95  80  10  36  46  41  79  28  40  26  43  53  16  74
   55  77  49   9  53  98  91  75  74  53  30  25  49  54  67  99  26  16
   66  37  35   8  24  48  89  96  55  35  61  17  21  66  72  73  52  99
   98  36  81  21  45  67  49  52  37  96  69  75   7  20  57   4  14  21
   81  97  37  77  82  84  67  91  65  33  30  96  52  14  21  76  23  74
   28  26   6  57   6  15  44  83  90  96  22  42  47  66  28  50  81  68
   96  22  29  88  75  89  91  35  34  86  77  59  99  43  57  57   5  85
   94  96  22  43   2   7  15   1  94  58  10  65  84  98  23  56  64  66
   38  48  10  83  95  73  45   6  43  65  96  22  51  96  53  46  52  68
   73  48  72  68  57  45  95   4  62  55  92  48  79  98  43  22  58  99
   11  48  26  51  66   3  43  63  92  55  78  52  35  82  97  38  11  45
   34  92  48  16  65  42  63  49  45  57  85  22  90  33  45  17  12  22
   69  86  13   9  88  84  29  70   1  66  53  43   8  26  37  93  58  70
   23  85  93  96   6  21  57  55  69  93  36  56  72  79   3  12  72  76
    2  13   5  65  83  48  96  11  83  83  29  37   9  21  92  90  92  52
   34  22  74  26  45  52  27  85  80  81  65  86  22  92   2  53  75  65
   30  95  58  51  41  55  93  11  54 100  44   1  48  76  83]
 [  0  81  50   5  61  45  79  48  12  62  15  70   4  78  22  73  35  55
   67  23  54   6  54  74  86  84  15  54  59  85  79  89  48  81  79  53
   62  39  83  99  97  87  64  28  80  39  13  32  79  18  45  50  85  11
   72  15  65   3   9   8  33  34   1  74  51  55  53  64  21  29  57  61
   60   2  46  28  80  16  89  21  20  87  45  11  99  64  69  98  15  57
   82  50  47  88  42  46  63  37   2  85  84  94  20  15  37  55  56  53
   28  33  56  56  15  75  95  40  84  98  35  74  95  95  72  80  84   1
   63  60  37  61  31  76  35  84  89  79  62  60  75  52   8  20  58  14
   58  89  86  76  99  37  23  74  58  20  42  16  49  64  52  88  98  71
   47  78  91  69  21  39  51  83  35  11  54   6  42  78  49   9  50  37
    8  89  96  74  20  23  46  19  90  39  58  95   2  25  18  70   1  58
   22  92  47  95  52  41  16  71  36   1   1  64  79  41  97  88  50  56
   65  71  40  24  79  60  50  28  40  21  26   8   4  52  77  95  58  98
   90  75  56  48  39  11  62  78  19  39  80  66   8  72  28  55  75  16
   83  88   5  96  68   9  67  39  10  47  61  93  72  37  89  28  73  72
   86  95  44  60  71  33  50  39  10  14  54  61  60  29  41  48  33  31
   94  99  21  67  37  92   2 100  13  40  89  10  26  18  38  34   9  36
   83  43  62   9  40  85  80  76   1  78  57  96  75  38  52]
 [  0  88  88  49   6  42  17  51  30  54  20  68  58  94  62  99  20  11
   90  24  25  41  88  16  94  55  71  22  36  19  70  38  24  71  20  20
   45  82  15  77  61  20  60  21  61   5   5  38  85  50  11  69   9  26
   46  15  39  67  92  67  81  82   6   1  53  45  23  32  42   1  42  75
   55  75  55  82  41  63  89  92  47  84  60  15  19  72  17  20  30  63
   23  78  47  45  61  14  43  82  68  22  96   8  67  21  57  67   8  35
   50  24   7  22  35  12  39  45  79  43  87  67  29  97  16  53  98  74
   94  13  34   5  74  36  96   5 100  63 100  26  10  32  95  82  52  68
   24  53  29  50  75  41  37  33  90  77  23  43  78  49  65  82  46  87
   79  56  54  46  38  91  33  79  48  49  87  44  25  74   3  88  59   8
   36  30  44  53   1   3  36  50  43  75  62  87  82   8  16  12  78  65
  100  64  45  93  20  70  43  54  53  84  56  93  59  22  82  42  73  68
   54  67  76  61  66  99  11  71  13  28  43  52  14  47  48  54  60  53
   22  56  38  36   2  51  56  33  16  51  45  31  41  23  18   9  20  48
   88 100  22  71  75  59  46  97  38  91  92  27  36  28  21  77  19  18
   83  12  47  28  72  30  49  36  52  30  64   7  63  92  64  51  49  13
   58  93  16  12  14  65  50  27  94  24  18  46  82  97  35  43  58  52
   26   8  65  78  72  93  52  95  41  72  80   6  50  21  68]
 [  0  98  23  88  41  46  67  99  63  38  34  55  40  91  53  93  90  32
   62  54  77  34  95  39   6  99  61  23  84  40  84  89  92  75  60  98
   78  39  16  21  74  85  96  85  17  96  20  35  91  52  23  41  87  37
   80   6  69  61  77  29  72  91  52  23  49  80  85   6  47  20  84  94
   54  76  82  73  96  75  61  63  89  96  80  65  97  19   6  85  22  25
   12  88  62  27  92  85  23  20  23  69  35  22  33  93   5  77  52   3
   62  91  36  67  23  81  22  37  35  98  29  56  30  12   6  91  23  82
   82  71  10  28  32  63  64  99  92  37  13  12  99  33  78   4  16  93
   83  54  92  93   2  13  23  98  87  21  81  42  66  64  72  72  47  25
   13  51  36  41  75  89  79  11  44  29  54  29  95  57  68   8  79  52
   74   8  99  50   4  48  15   4  24  66  58  68  50  69  56  91  79  96
   76  15  78  85  33  70  86   2  77  11  82  98  97  68  90  38  63  44
   82  79  55  36  45  46  27  38  60   2  15  80  37  50  87  73  79  31
   85  12  27  84  45  35  10  80  80  52  70  56  45  93  32  25  49  84
   60   2  22  32  91  67  94  58  29  31  14  39  15  65  98 100  80  96
   36  83   1  16  36  82  91  93  38  46   1  13  89  61  81  88  32  50
    7  26  65  89  45  23  64   1  40  79  91  44   7   2  34  21  96  95
    3  38  28  35  26  92  34  59  66  66  96  98  65  28  88]
 [  0  28  52  53  61  62  67  96  65  86  27  29  83  63  94  33  81  47
   39  57  90  53  34  70  16  47  66  67  89  67  48  36  11  51  20  24
   97  28  30   6  47  12  38  86  47   4  29  87  87  87  69  63  59  57
   82  24  95  24  89  59  73  74  11  80   2  56  64  75  10  73  52  21
   30  75  78  23  78  36   7  55  19  18  82  83  92   6   6  54  31  59
    1  73   2  10  45  87   9  17  55  19  76  82 100   6  68  14  42  13
   78  59   7  25  17  33  47   6   6  96  88  22  61  88  50  72  54  25
   95  66  35  13  61  76  92  52  49  99  58  81  65  96  71  93  39  41
    9  38  63  36  82  69  81  19  24  38  20  63  46  17  41  38  81  13
   27  24  23  83  39   8  24  32  28  60  31  80   6   9  36  88  33  54
   59  88  70  11  68  52  34  46  63  36  54  79   9  26  96  29  36  26
   47  66  35  40  17  55  88   3  69  17  75  89  11  26  23  95  58  69
  100   2  49  76  29  40  70  20  46  94   5  13  87   9  52  54  93  30
   56  61  11  48  11  99  20  82  28  98  45  58  82  12  20  43  99  78
   19  73  10  62  29  79  86  49  51  29  49  96  36  79   4  44  49  92
   45  84  58  78   6  31  32  56  29   8  61  64 100  30  42  50  81  63
    1  18  70   7  64   7  73  94  40  88   7  58  75  52  32  12  12   2
   98  30  75  28  10  85  11  51  31  32  73  91  40  67  79]]
 setup_times
 [[[  0  70  73  92 105  81  63 101 117]
  [  0   0  83 104  84 106  60 116  96]
  [  0  65   0  99 112  88  86  92 104]
  [  0  80  68   0  80  85 110  77 105]
  [  0  95  66  97   0 113  88  66 119]
  [  0  72 104  61  86   0 114  69  68]
  [  0  72 108 106  88  97   0  99  88]
  [  0 116 100  63 100  97  71   0 103]
  [  0  61  89 109 119  86  72  83   0]]

 [[  0 118 101  88 102  81  71  68 113]
  [  0   0 117  76 108  78  64  94  88]
  [  0  62   0 117  98  95 104  99 106]
  [  0  72 112   0 112  84  69 101 108]
  [  0  83  80 111   0 104  63  96 106]
  [  0 110  89  69  94   0  91  93  80]
  [  0 107 114  67  86 107   0  86  77]
  [  0  83 104 110  86 102  65   0 112]
  [  0 107 109  66  60  71  68  65   0]]

 [[  0  94 101  95  80  78  94 107  87]
  [  0   0  88 106  62  97  78  96  79]
  [  0  72   0 117 101  73  65  71  83]
  [  0  83 111   0 113  87 110 111  62]
  [  0  60  93 111   0  80  66  64 118]
  [  0  69  97  73  99   0  87  66 109]
  [  0 105  94  77  92  88   0  92 112]
  [  0  67  86  97  98 106  73   0 113]
  [  0  79  91  87  90 115  94  79   0]]

 [[  0  99  70 100  80 118  61  64  86]
  [  0   0 108  83 100  61  91 117  74]
  [  0  96   0 100  63  68  63  61  65]
  [  0 116  89   0  85 105  62  90  96]
  [  0 109  70 105   0  94  87 112  81]
  [  0  84 116  72 111   0  98 104  80]
  [  0  97  70 111 112 115   0  94  72]
  [  0  96 103  88 119  90 106   0  93]
  [  0 116 107  61  83 101  65 100   0]]

 [[  0  61  88 106 116 119  71  65  91]
  [  0   0 116  69  68  99 106  78 112]
  [  0  61   0 110  71  99  63  92  88]
  [  0  89  64   0  78  97  87  73  85]
  [  0  69  93 116   0  65  74  89  63]
  [  0  68 119 118  77   0  61  68  94]
  [  0 115 106  72  90 118   0 118  84]
  [  0  95  85  87  75  60  73   0  68]
  [  0 112  85  84  75  97  62  65   0]]

 [[  0  80 110  85  73  60  73 118  98]
  [  0   0 107 109 108  93  88 112  60]
  [  0  94   0  95  79 113 100  76  73]
  [  0 104  95   0  71  76  78  90  80]
  [  0  79  82 117   0  87  69  62  84]
  [  0  61  74  63 104   0  96  80 105]
  [  0 104 109 101  70  69   0  79 110]
  [  0  99  99  90 100 113 114   0  70]
  [  0 103  92  75  69 118  95  84   0]]

 [[  0  88 102  93  67  79  61  61  90]
  [  0   0  76 106 119 110 118  82  68]
  [  0  81   0 102 100  81  93 105 116]
  [  0 114  90   0 102  98 106  64  89]
  [  0  83  60  79   0  85  63 116  87]
  [  0  73 100  82 100   0  79  85  86]
  [  0  92 101  76 111  87   0  99  78]
  [  0  88 104 102 106 119  72   0  74]
  [  0 108  90 101 100  86  78  90   0]]

 [[  0  65  96 102  75  82  71  69 103]
  [  0   0  85  88  95  73  65  75 108]
  [  0  79   0  74 102  88 114  93  68]
  [  0  65  64   0  73  84  65 110 112]
  [  0  71  86 109   0  83 113  60  64]
  [  0 118  63  68  83   0 100 105 108]
  [  0  81 110  77  77  91   0  70 108]
  [  0  78  62  60  72  74  73   0 103]
  [  0 110  86  75  99  64  83  62   0]]

 [[  0  61  95  74  87  83  75  81  90]
  [  0   0  96  87  78  92  61 109 100]
  [  0  73   0 102  93  96  78  98  77]
  [  0  94 109   0  95 104 113  68 114]
  [  0 109  72 106   0  81  69  84 107]
  [  0 117  68  84  61   0 104  86 109]
  [  0  66  73  79 103  69   0  71 116]
  [  0  86 101  66  77  86  87   0  96]
  [  0  69  68 101  69  87  81  99   0]]

 [[  0  89  90  84  83  93 101  83  75]
  [  0   0  68  90 105  96 118  69  61]
  [  0 112   0  72  78  94  75  76  65]
  [  0  61 113   0  66  86 103  87  75]
  [  0  82 100 104   0  68  74  66 117]
  [  0  76  94  98 101   0 119 103 102]
  [  0  75  61 106 119 104   0  62  95]
  [  0  75  96  63  77 115 101   0 107]
  [  0  64 104  86 109 118  64 119   0]]

 [[  0  71  65 117 108 112  87  60  83]
  [  0   0  79  97  99  78  73  91 119]
  [  0  68   0  81  88 119  67 112  95]
  [  0  61  71   0  84  70 111 107 104]
  [  0 112  91  92   0  80  86  96  60]
  [  0 117  98 104 113   0  73 110  93]
  [  0  83 106  93 105  92   0  80  82]
  [  0  76  93  91  98  90  67   0 112]
  [  0 106  94  79 104 106 101  67   0]]

 [[  0  67 101  99  84 101 119  85  99]
  [  0   0  77  63 108  63  62  95  64]
  [  0 112   0 114 116  63  99  62  66]
  [  0  82 100   0  87  97  91  86  83]
  [  0 108  85  82   0  87 102  72 114]
  [  0  90 114  72 102   0  97  76  90]
  [  0  68  62 113  95 104   0 115  68]
  [  0  71  99  88  91  61  81   0  96]
  [  0  68 103 105  78  84  88  65   0]]

 [[  0 106 103  82  80 106  62 111 111]
  [  0   0  89  82  75 116 103  72  75]
  [  0  74   0  61  94 117  81 119 102]
  [  0 105  86   0  91  86 109  94  85]
  [  0  90  71 116   0  87 112  67 117]
  [  0  61  79  91  77   0  95 118  87]
  [  0 112  61  97  66  80   0 104  86]
  [  0  89  97  83  66  64  78   0  77]
  [  0  73  77 102 114  66  92  91   0]]

 [[  0 115  78  86  93 114  75  90  65]
  [  0   0  94  71  86 111  90  78  81]
  [  0  87   0 113 107  85  77  88  63]
  [  0 110  65   0  85 104 111  87  95]
  [  0 113  72  61   0  70 119  79  60]
  [  0  75  64  75  86   0 119  82  60]
  [  0  63 107  97  72 115   0  65 104]
  [  0  65 116 110 110  91  75   0 103]
  [  0 104 100  89  94  69  67  87   0]]

 [[  0  87  94  78 107  93  67 112  81]
  [  0   0  69  65  60 108  75  69 105]
  [  0  71   0  79  94  97 116  95 112]
  [  0  66 110   0  72 101 101  75  88]
  [  0  80  79 107   0 109 117  65  66]
  [  0  98 115 119  67   0 117 108  89]
  [  0  78 114  72 119 118   0 106  78]
  [  0 103 119  76  66  74  93   0  64]
  [  0  88 115  96 101  70  85  92   0]]

 [[  0  70  93  70 112  91  88  93  99]
  [  0   0  77  82  89  85  96 103  74]
  [  0  63   0  95  75 117  66  86 117]
  [  0 110  87   0  83  91 113  81 114]
  [  0  80  93  78   0  65  99  77 107]
  [  0 104 113 103  69   0  72  79  79]
  [  0  97  92 119  83  76   0 107 114]
  [  0  64  98  91  64  70 112   0 106]
  [  0 105  84  84  95  87  95  92   0]]

 [[  0  97 104  75 115  89  84 110 104]
  [  0   0 114 106  89  71 103  62  63]
  [  0  93   0  94 115 111  82  75 113]
  [  0 104 111   0 104  79 110 114  82]
  [  0  69  63  86   0 109  88 104  65]
  [  0  83 110 116 108   0 109  68 107]
  [  0  63  79 102 119  92   0  73 118]
  [  0  66  64  64 112  74 117   0  71]
  [  0  71 115  99  75 105  72 111   0]]

 [[  0  72  83  75 118  88  74 119  71]
  [  0   0 107  73 109 113  99  87  85]
  [  0  70   0  73  68 113 115  63 100]
  [  0  62  98   0  61 117  74  84 111]
  [  0 114 100  84   0  83  87  83  81]
  [  0 117  63  63  88   0  80  85  97]
  [  0 106  93  78  68  76   0  65  74]
  [  0  95 111  60 116  85  79   0 114]
  [  0  92 119  86 100  66  72 119   0]]

 [[  0  98  71  74 110  65  63  69  73]
  [  0   0  83  98 111  61  76  80 114]
  [  0  85   0  61  99 109 107 102  96]
  [  0  91 101   0 114  76  70  94  63]
  [  0  69  97  96   0  81  93  69 109]
  [  0 119  97  78  96   0  65 110  63]
  [  0  89  73  73  88 113   0 113 105]
  [  0 118  88  62 104 106 119   0  89]
  [  0  77 102 113  76  82  81  65   0]]

 [[  0  72  87 109  60  87  68 106 116]
  [  0   0 111 109  78 119  96 104  95]
  [  0  71   0  77 101  83  98  79  85]
  [  0  86  80   0  94  88  88  66  82]
  [  0  61  90  94   0  61  85  78 113]
  [  0  88  64  82  65   0  64  91  90]
  [  0  98  71  85  68  74   0  73  78]
  [  0  74 116 116  84 114  84   0 103]
  [  0  74  74 101  73  87  73  67   0]]]
 delivery_times
 [[  0 158 174 195 153 108 180 158 145 171 113 183 191 119 163 173 144 164
  142 146 159 184 172 105 127 178 134 158 189 178 185 111 155 173 158 154
  138 111 152 187 192 164 153 136 149 146 191 144 166 198 116 121 115 168
  102 151 134 138 167 128 117 113 135 153 124 129 112 169 109 142 177 167
  122 137 178 195 176 137 174 133 175 171 121 144 161 183 126 156 103 190
  158 111 115 178 162 140 109 123 194 144 102 142 111 191 167 155 196 122
  137 147 181 118 104 141 164 160 138 168 139 147 151 104 175 116 174 125
  163 136 106 172 183 148 133 118 148 129 169 136 142 109 128 169 179 175
  127 108 146 190 132 101 117 168 123 102 194 121 151 133 127 190 143 100
  140 136 157 170 145 186 166 173 113 126 140 122 132 116 121 113 100 120
  166 106 126 171 183 114 103 148 138 128 176 126 159 178 115 111 134 134
  136 165 180 124 120 132 141 121 165 161 139 185 176 127 188 105 191 107
  191 196 150 156 116 136 189 126 141 137 107 188 197 157 167 196 184 192
  127 173 106 194 178 190 191 108 129 152 164 169 168 133 180 195 108 186
  181 113 183 137 134 185 152 126 119 104 140 165 184 175 138 173 199 117
  126 180 176 129 190 199 114 138 155 146 172 184 134 157 100 105 111 184
  138 117 169 179 128 118 198 196 117 100 115 133 123 133 143 184 179 108
  109 147 127 106 180 185 139 136 131 131 104 118 158 170 186]
 [  0 194 166 152 107 195 175 135 143 110 192 123 114 104 173 156 141 158
  199 133 116 181 171 190 171 104 187 178 152 119 111 147 194 158 172 112
  149 163 197 129 145 131 136 133 191 112 192 132 156 151 169 186 119 126
  158 110 131 103 101 112 116 167 103 144 191 171 119 143 176 138 107 188
  149 172 125 104 101 130 104 135 136 195 111 138 189 163 198 194 171 187
  154 163 169 110 108 175 133 116 141 177 120 151 100 123 120 157 111 121
  168 150 102 155 148 137 196 151 169 182 131 181 167 197 121 181 108 191
  148 167 126 147 142 111 190 188 172 129 199 103 187 151 181 135 106 198
  152 111 181 177 118 166 116 159 112 144 155 100 170 119 163 169 164 117
  156 101 178 152 129 160 137 197 182 104 150 153 158 121 196 185 100 180
  140 119 148 159 105 161 184 179 122 128 130 161 164 194 172 167 148 101
  100 104 107 163 108 168 176 102 113 119 107 141 176 111 169 122 123 195
  168 151 161 119 181 194 186 121 184 148 121 177 178 193 174 143 101 165
  139 194 105 168 198 175 154 170 164 145 125 100 105 112 142 150 187 101
  173 196 132 168 173 137 194 107 173 125 193 157 162 155 160 165 112 117
  191 155 160 111 198 177 122 108 102 104 167 165 160 105 179 165 148 125
  132 148 147 127 128 180 184 185 184 119 197 123 168 134 133 160 118 197
  136 138 131 141 150 139 197 133 120 191 114 173 188 150 178]
 [  0 156 152 166 146 159 110 113 132 165 177 157 189 135 160 155 103 172
  177 151 160 151 198 108 192 160 175 175 127 140 146 153 108 172 149 184
  147 100 172 150 187 190 138 174 167 195 128 125 104 136 172 122 158 193
  154 197 171 148 198 148 157 102 135 122 187 184 120 190 187 120 149 102
  131 104 104 147 149 165 193 157 182 180 183 123 174 188 136 155 104 178
  150 167 189 120 150 160 140 160 183 188 132 136 153 133 142 184 139 154
  106 189 192 146 121 188 153 128 177 121 139 165 136 163 113 179 117 181
  186 107 107 100 188 172 192 108 157 129 112 159 114 123 186 176 176 128
  182 131 176 100 122 175 181 143 150 185 115 184 140 135 106 160 158 195
  109 178 117 101 198 181 179 142 173 197 151 146 112 190 102 164 178 148
  103 130 164 119 143 170 151 177 154 111 190 166 126 185 131 162 115 198
  164 155 101 130 130 186 173 146 104 129 116 172 191 164 193 187 113 117
  154 126 184 196 160 199 135 178 133 168 102 191 150 137 187 108 100 186
  172 174 113 136 193 158 133 182 194 137 125 104 114 140 130 174 133 185
  116 154 110 132 152 168 106 134 183 118 191 163 176 187 132 148 135 119
  110 171 165 147 160 149 173 126 102 182 138 139 128 195 155 100 170 152
  159 193 151 141 130 193 127 193 161 107 164 112 103 176 184 132 165 193
  148 144 160 125 101 190 150 132 145 147 103 134 137 196 183]
 [  0 112 140 112 176 158 159 101 135 187 168 176 150 135 183 108 156 197
  161 120 175 111 101 185 117 152 150 129 170 159 199 108 141 177 147 137
  188 116 156 110 113 193 116 169 179 106 138 107 176 170 182 142 100 195
  150 168 190 153 140 199 119 100 161 170 153 120 129 188 139 157 103 162
  162 117 199 134 105 170 117 144 179 198 141 117 158 113 157 198 114 105
  119 165 145 150 116 174 138 191 176 136 101 155 124 150 179 195 142 167
  135 196 109 190 194 193 162 190 142 182 146 154 110 147 130 169 187 188
  120 180 114 107 189 152 171 119 129 122 166 140 157 177 128 141 140 129
  198 171 188 114 117 185 136 191 152 138 161 194 118 103 197 147 192 105
  139 141 108 196 177 152 164 118 154 187 152 172 192 149 102 174 120 134
  177 148 172 165 156 160 105 114 159 127 124 101 174 180 152 109 112 125
  168 183 181 189 165 175 130 190 172 160 107 132 176 175 169 178 163 118
  121 127 190 171 181 170 141 110 170 124 148 109 174 151 142 169 116 167
  109 146 188 155 163 114 194 158 113 135 189 117 192 146 159 125 145 121
  149 153 109 132 119 114 137 188 181 101 106 138 145 103 120 121 194 180
  123 134 181 170 114 180 174 149 194 194 140 138 156 174 152 178 190 181
  100 193 136 154 136 148 100 142 174 171 112 141 151 126 106 124 102 141
  132 128 109 126 130 161 182 143 170 147 116 167 146 105 102]
 [  0 182 152 110 187 160 131 168 116 113 144 132 159 170 103 158 103 102
  185 162 187 170 141 108 161 140 165 103 149 127 158 197 126 149 105 173
  159 141 160 168 131 131 159 136 144 178 193 109 182 105 147 134 114 185
  113 163 124 124 121 102 112 133 161 139 152 164 113 142 144 175 193 132
  114 144 149 189 118 195 115 182 171 113 149 105 125 157 195 112 124 187
  126 142 161 105 199 185 125 110 106 199 196 127 193 143 142 161 156 127
  195 123 144 159 132 121 191 109 121 169 171 198 176 101 136 199 189 199
  141 156 184 120 113 188 129 133 150 196 175 117 109 188 180 189 177 119
  161 103 138 197 163 152 196 109 170 138 181 133 129 151 122 182 188 157
  113 159 147 165 171 158 108 118 155 151 154 138 124 111 129 195 135 199
  181 147 197 155 166 120 156 177 198 184 150 154 107 153 173 199 185 119
  183 156 119 131 175 101 127 110 156 165 198 186 119 120 193 112 164 174
  181 114 148 121 140 182 100 165 153 114 156 114 141 149 146 154 164 150
  122 166 159 144 151 179 113 114 141 162 111 124 160 178 187 107 195 156
  199 199 145 164 153 149 108 117 178 189 177 127 146 113 146 192 182 191
  120 110 129 107 160 163 105 118 146 163 140 143 173 160 101 167 159 158
  148 144 145 111 109 160 142 154 163 139 199 138 159 124 188 124 109 108
  124 142 131 193 125 123 105 176 104 181 103 116 194 188 154]
 [  0 113 168 172 106 135 139 118 175 126 132 145 195 151 158 122 159 186
  126 184 166 183 126 186 145 126 147 153 196 136 193 193 115 112 190 100
  145 199 117 159 183 108 106 159 159 176 176 124 169 114 167 108 186 125
  149 125 146 182 116 115 154 113 138 165 104 164 124 152 199 126 137 130
  125 135 151 160 133 125 125 168 130 126 199 130 136 148 170 141 154 176
  183 112 168 109 143 173 103 137 187 172 139 191 187 175 142 139 137 121
  182 180 104 184 147 124 112 130 131 185 108 115 170 114 111 138 188 170
  183 167 106 119 117 188 108 140 100 167 168 143 134 117 104 122 138 122
  121 129 176 170 120 133 196 134 177 142 134 105 145 169 147 190 173 114
  152 145 152 112 113 150 186 179 168 199 110 165 189 190 198 102 157 170
  157 103 162 109 192 117 188 147 112 153 160 117 133 127 112 116 112 112
  146 101 154 104 182 155 186 152 108 154 146 113 114 125 159 178 141 185
  189 134 128 148 106 144 183 150 151 177 129 105 148 166 190 173 195 172
  188 184 130 162 117 106 146 192 180 166 183 167 184 109 139 147 188 185
  100 171 190 188 151 180 119 135 162 110 184 164 136 189 147 150 183 184
  194 150 135 158 176 191 113 173 191 130 182 150 173 135 172 169 150 145
  141 165 102 189 135 142 102 176 142 167 122 148 135 100 103 146 171 190
  168 130 159 163 178 141 105 139 191 175 112 112 141 166 198]
 [  0 106 106 147 147 195 115 172 145 191 193 153 161 185 117 136 103 117
  101 102 199 157 113 151 186 177 184 141 168 192 145 197 163 111 146 168
  160 176 120 181 188 129 148 152 167 110 100 135 180 165 183 104 102 158
  147 147 186 164 129 150 185 119 192 183 154 175 127 188 144 110 142 193
  198 138 121 125 170 103 111 178 128 108 129 158 107 105 127 151 108 144
  129 186 118 125 158 155 178 157 118 158 169 126 151 134 190 164 152 136
  153 144 143 145 153 118 122 133 108 148 163 143 139 179 110 139 149 176
  115 158 102 171 183 180 180 101 131 184 112 102 126 195 138 119 183 132
  133 124 187 177 119 152 189 111 153 153 197 113 192 169 150 102 198 113
  112 116 156 106 147 157 189 166 143 112 106 131 147 176 197 133 194 173
  198 152 120 101 110 165 165 162 110 114 113 146 165 138 179 170 107 108
  181 104 183 110 105 109 128 176 123 178 187 189 191 189 174 166 192 158
  128 142 163 160 187 188 141 197 136 135 175 195 145 123 118 195 158 187
  152 149 159 199 153 158 193 192 162 124 170 117 154 122 196 133 119 166
  174 137 188 122 137 120 192 141 183 151 160 165 144 198 126 186 144 197
  123 135 116 169 144 128 118 142 194 148 120 189 109 115 150 126 106 169
  141 176 149 102 173 172 173 102 131 180 125 110 102 168 135 164 175 182
  145 141 106 110 175 112 150 131 106 118 141 162 120 193 130]
 [  0 124 167 161 147 149 115 164 116 150 156 189 162 172 175 191 163 142
  105 111 115 124 179 150 182 162 175 176 122 113 134 182 124 136 160 137
  113 115 116 146 166 161 190 119 156 139 154 100 115 107 142 168 152 100
  170 176 153 149 156 125 116 164 165 168 145 128 186 186 184 153 117 164
  160 197 138 167 181 160 198 164 189 113 135 163 161 112 168 193 114 135
  119 191 154 188 141 155 142 148 101 168 110 188 141 182 139 130 158 178
  189 112 158 117 194 109 131 124 119 137 147 141 152 112 159 142 191 115
  195 109 152 193 136 111 104 196 161 110 193 197 195 106 181 117 165 175
  128 142 145 164 153 115 197 159 153 116 107 155 132 136 145 136 113 135
  180 148 125 110 155 121 116 130 177 167 142 147 183 120 166 196 134 101
  178 117 122 176 143 134 162 133 134 164 114 155 197 123 125 159 174 165
  113 196 114 137 198 140 120 146 103 187 122 134 197 114 142 147 161 137
  195 146 134 124 107 175 107 151 126 192 117 101 172 147 110 188 148 102
  166 104 117 127 108 145 149 133 191 138 148 196 185 115 108 136 183 168
  126 175 132 101 131 135 143 167 130 131 143 157 176 140 106 176 130 169
  158 198 110 174 161 120 134 138 166 155 117 159 158 106 188 115 166 113
  125 150 158 175 103 181 109 173 163 141 135 176 178 125 126 111 198 125
  182 164 157 101 100 131 171 121 185 141 125 139 165 189 139]
 [  0 167 181 174 146 150 168 172 176 157 187 120 193 119 130 150 118 117
  186 148 147 194 155 197 177 190 143 196 128 182 108 114 167 173 188 171
  137 111 139 143 160 166 162 133 117 161 164 160 107 139 113 172 114 188
  192 168 125 102 153 105 153 139 110 135 198 153 186 164 158 158 157 104
  117 164 178 102 104 153 178 165 121 119 191 116 115 132 134 196 179 138
  109 108 121 113 168 182 160 126 105 113 184 159 150 127 177 188 161 141
  136 155 105 183 148 156 187 182 163 101 151 171 161 107 106 158 131 198
  143 128 193 123 145 153 102 175 194 189 104 137 167 105 126 141 159 133
  145 137 152 136 118 175 167 175 140 182 104 152 172 179 165 106 104 110
  146 126 128 196 177 138 119 100 170 164 112 124 119 117 104 105 124 185
  197 116 169 108 102 133 141 188 199 159 114 180 182 141 145 160 176 147
  137 114 101 177 174 195 148 194 152 192 118 182 139 105 138 118 150 199
  172 163 125 170 143 168 179 194 126 165 126 119 187 175 133 187 191 159
  189 137 143 157 131 190 193 121 152 176 124 198 158 196 136 103 182 106
  147 191 129 126 179 118 149 177 172 189 142 172 177 122 173 134 180 118
  111 196 105 176 174 190 155 131 106 193 156 127 124 121 199 142 144 166
  106 184 174 188 127 193 157 121 136 186 133 187 155 166 185 138 152 165
  144 166 133 179 143 101 111 146 188 120 105 166 192 188 120]
 [  0 166 177 176 157 138 164 100 107 182 171 119 161 188 145 178 106 144
  124 114 183 175 189 113 139 173 162 126 114 119 158 131 193 153 188 156
  163 136 181 197 119 102 197 144 172 194 133 199 105 164 121 130 144 121
  174 149 132 160 131 165 179 146 166 117 147 153 136 160 195 113 154 193
  129 145 181 169 169 152 163 107 180 169 132 165 174 172 126 131 126 195
  182 101 132 136 107 196 140 108 114 141 188 146 198 189 122 101 186 108
  171 146 149 147 118 107 134 147 151 169 111 118 116 102 170 187 138 158
  152 183 114 104 160 158 170 136 146 165 195 135 197 197 123 199 156 113
  181 113 147 148 112 114 166 135 180 147 166 129 169 188 154 131 184 163
  158 147 118 154 125 167 138 150 126 196 141 103 190 155 127 186 163 181
  195 126 107 135 132 163 112 156 156 187 168 146 154 184 120 189 108 163
  179 124 182 184 175 130 189 158 169 120 134 135 174 190 146 159 165 114
  172 151 182 138 163 121 163 185 121 140 188 140 199 106 177 178 125 173
  110 166 195 149 118 102 104 126 186 144 113 109 190 168 194 198 145 145
  121 129 196 158 123 198 134 126 159 112 155 130 196 184 113 154 102 152
  103 139 125 140 140 129 150 110 147 132 179 109 112 101 123 179 130 167
  186 144 144 138 169 193 132 166 193 129 153 165 167 113 194 118 172 114
  122 155 134 108 147 161 123 102 178 191 193 190 140 167 177]
 [  0 134 162 105 144 146 152 149 151 169 132 135 170 154 160 118 159 144
  195 145 155 159 159 117 139 168 172 120 103 188 151 198 172 128 116 189
  123 112 190 161 115 182 166 189 192 187 189 176 190 124 173 172 168 135
  118 187 176 137 103 134 115 180 171 165 111 164 130 124 110 173 199 146
  187 110 167 161 127 186 110 179 129 135 116 103 151 134 194 119 113 154
  183 156 199 113 187 149 117 197 145 193 145 173 123 113 130 164 115 168
  142 112 116 180 113 171 149 174 174 126 130 171 177 178 161 171 174 156
  197 112 194 165 155 181 105 140 124 149 154 180 134 101 198 186 191 150
  161 137 142 188 199 160 100 196 182 170 125 143 187 131 120 176 158 135
  108 192 145 127 157 145 155 178 170 130 171 147 128 171 127 133 148 120
  135 116 146 113 161 131 166 165 134 114 185 123 155 164 127 126 170 189
  153 127 146 112 139 146 128 195 169 107 104 195 100 167 176 190 120 137
  103 183 191 175 159 145 119 139 164 152 183 134 164 150 156 166 127 110
  130 135 174 170 122 192 187 172 114 199 145 170 134 153 183 116 151 114
  198 129 182 177 101 168 190 156 193 160 188 110 108 187 174 117 191 136
  186 123 155 150 144 130 196 194 199 142 118 121 108 183 188 106 183 182
  125 156 142 114 135 169 191 169 182 113 114 141 136 149 106 120 119 126
  149 171 135 153 128 159 150 193 178 139 175 105 121 173 196]
 [  0 122 139 128 145 180 137 166 119 137 179 192 145 183 176 179 195 191
  115 114 194 168 157 185 160 196 107 170 166 123 156 151 141 150 139 162
  178 115 166 160 134 188 192 185 132 159 168 151 136 158 173 145 118 163
  130 112 124 173 166 117 101 145 142 193 177 142 123 156 181 110 157 164
  104 184 163 187 155 161 172 124 129 109 126 157 110 196 132 176 125 137
  107 139 144 130 182 151 153 157 162 118 161 175 179 194 167 137 177 148
  156 162 132 178 156 106 136 133 182 171 178 101 157 116 103 162 134 143
  118 153 142 189 108 122 147 166 192 199 133 173 176 150 180 150 118 101
  110 143 172 166 127 170 185 192 137 112 196 146 159 134 110 102 191 131
  167 137 151 148 126 180 100 138 147 192 175 154 148 105 122 153 133 160
  137 178 135 119 166 149 182 192 149 163 151 160 130 134 138 142 135 107
  104 129 196 106 121 165 121 158 166 118 163 156 156 195 124 198 123 116
  168 121 177 141 104 175 130 129 166 138 187 162 112 175 103 150 130 144
  160 127 193 182 165 178 111 134 108 153 114 138 148 102 189 104 101 171
  183 148 196 161 109 173 140 180 174 101 112 107 108 168 163 169 103 196
  118 100 107 158 160 148 130 168 194 150 191 109 142 115 144 162 137 116
  147 127 105 153 106 129 184 189 120 148 171 113 114 121 135 119 188 165
  160 118 107 154 150 124 112 127 102 155 110 145 104 128 194]
 [  0 120 164 103 182 172 190 157 116 127 121 102 128 157 177 169 163 175
  196 167 138 174 138 136 153 129 192 161 128 131 163 145 100 108 116 197
  164 133 198 198 141 124 178 195 132 152 168 155 193 101 164 158 124 142
  110 127 160 171 130 108 145 153 132 188 186 195 194 165 105 169 163 181
  191 141 104 182 173 190 106 114 100 124 135 125 192 111 116 190 124 153
  198 183 184 134 128 190 194 151 177 103 120 144 125 115 110 102 193 186
  100 132 183 174 133 163 164 181 173 168 145 195 181 172 126 115 148 163
  144 125 131 163 111 109 162 118 194 169 119 149 176 157 120 105 175 112
  184 123 131 189 134 102 130 134 132 163 167 168 119 115 171 120 195 167
  158 170 164 171 175 169 102 183 106 182 196 120 188 104 132 103 179 184
  174 182 119 106 173 182 107 155 149 111 133 114 134 104 195 107 107 112
  185 175 118 103 112 132 150 159 107 147 108 161 180 184 195 137 132 109
  109 130 199 114 101 178 112 103 120 189 113 196 129 147 147 125 118 145
  181 168 129 140 174 173 136 161 120 182 152 190 100 173 147 197 170 170
  125 140 125 172 197 141 172 167 186 108 105 107 146 145 123 131 191 158
  198 184 171 185 169 166 107 164 163 162 178 157 182 113 151 150 115 126
  121 141 185 190 150 181 145 185 100 147 196 176 137 125 105 154 111 176
  136 113 160 116 131 104 126 143 142 174 105 158 132 104 159]
 [  0 119 189 112 117 198 111 162 187 134 150 144 185 190 133 176 162 150
  136 171 150 126 118 102 115 105 116 188 111 179 107 158 104 131 177 197
  191 154 164 169 139 108 131 101 146 181 122 194 110 114 161 145 137 172
  162 184 160 177 153 180 164 191 165 109 139 179 174 165 185 147 167 130
  141 153 163 185 111 188 184 115 157 133 109 172 166 148 193 167 151 188
  161 112 150 140 107 191 124 167 173 122 193 142 129 163 102 151 128 178
  106 131 165 162 178 108 123 106 123 122 191 138 132 107 119 141 142 190
  111 190 179 121 160 195 195 108 134 175 145 133 109 113 122 172 171 171
  192 164 146 121 117 178 193 108 102 184 107 133 119 110 117 115 167 161
  121 130 193 155 154 135 140 170 124 126 115 104 186 109 199 178 154 107
  135 109 107 157 199 167 156 112 194 169 100 166 156 111 128 177 120 162
  191 182 195 182 151 113 123 136 160 175 122 141 107 117 166 132 185 164
  115 154 134 172 105 139 104 194 154 140 140 180 132 182 189 107 191 106
  107 179 192 191 199 172 161 188 188 199 189 170 131 143 182 105 146 151
  197 159 105 103 196 110 154 103 149 197 130 132 163 136 119 190 122 160
  120 185 169 175 187 136 171 146 179 152 112 148 141 103 106 166 152 146
  134 191 188 185 187 122 170 111 174 149 196 197 169 151 126 190 121 149
  111 162 149 170 136 111 107 137 143 194 145 124 118 146 185]
 [  0 107 110 169 152 136 125 120 129 154 109 182 102 166 103 116 191 142
  151 125 117 199 149 171 118 126 112 119 163 190 106 110 103 121 134 182
  108 102 171 112 124 188 164 101 170 165 139 184 121 178 102 112 121 115
  101 197 183 122 153 176 155 116 136 186 187 112 142 120 185 193 127 121
  121 107 165 199 119 115 108 174 124 126 128 172 190 178 172 183 144 164
  107 169 165 181 124 148 121 153 154 118 162 177 158 145 174 102 148 113
  179 184 160 183 102 119 103 129 176 111 103 192 133 170 131 110 126 184
  157 156 170 123 101 185 113 136 196 168 144 159 197 122 142 197 151 108
  115 117 190 111 106 133 156 140 120 111 186 121 186 177 128 199 128 156
  119 182 173 196 178 161 174 104 127 148 157 199 123 154 127 119 165 132
  128 199 103 193 122 157 195 192 175 173 177 174 180 163 104 185 198 161
  141 137 107 128 181 138 110 196 130 114 158 144 197 164 182 144 114 109
  159 146 137 106 142 111 156 125 188 172 196 173 101 127 121 157 151 191
  177 162 179 138 133 146 121 162 176 159 164 175 184 184 104 106 198 172
  188 152 176 163 129 188 141 146 151 140 110 169 100 126 171 117 123 175
  159 118 130 119 197 187 149 146 130 193 181 165 186 128 197 117 120 172
  112 128 177 186 129 159 171 195 196 101 112 194 103 146 146 114 106 145
  192 142 196 157 158 196 175 168 195 179 101 174 186 139 185]
 [  0 142 157 117 122 195 199 174 186 104 112 131 116 117 117 196 194 148
  152 183 128 159 197 142 156 193 127 177 137 137 174 188 120 193 106 162
  121 108 164 144 191 103 137 168 118 167 152 195 137 142 188 143 122 114
  196 151 192 124 140 117 167 120 150 165 196 171 126 155 138 164 106 152
  188 160 188 100 143 152 107 198 117 137 132 112 130 132 191 165 108 135
  115 136 102 152 111 170 120 122 162 157 191 180 182 108 173 198 177 195
  104 149 114 171 184 153 153 173 131 160 188 118 102 149 147 176 128 119
  147 129 153 190 136 116 122 181 145 191 110 119 116 125 145 144 131 105
  182 174 140 102 169 115 123 182 183 166 199 116 183 142 130 177 143 167
  136 147 178 133 140 184 186 186 160 194 114 139 188 146 120 119 193 159
  169 198 167 167 119 193 108 152 153 158 196 150 112 178 193 152 107 112
  152 195 158 199 117 172 170 151 185 175 196 181 164 198 178 180 148 184
  121 168 194 189 131 185 112 166 176 167 124 182 175 199 156 170 172 145
  185 106 180 199 127 147 171 142 178 110 177 143 142 192 120 159 122 133
  158 184 125 184 149 188 133 191 164 170 117 167 179 196 157 144 176 120
  173 101 172 151 163 141 154 166 126 174 145 176 135 100 173 122 163 100
  199 177 107 175 120 197 124 153 154 143 191 179 154 153 121 177 129 112
  170 119 172 199 155 121 191 132 186 159 185 175 156 140 194]
 [  0 191 106 180 116 148 169 112 170 124 142 160 100 199 130 137 118 174
  197 162 150 103 156 168 112 139 165 135 101 168 154 135 190 143 162 110
  147 144 173 160 112 165 192 154 102 150 112 117 124 170 166 184 100 129
  107 196 102 105 112 175 137 125 154 174 198 177 109 186 104 195 142 198
  107 120 113 176 146 102 183 165 104 112 115 126 181 129 189 189 163 120
  163 150 129 192 197 118 114 152 110 151 141 188 198 111 150 199 197 199
  188 119 144 175 140 115 123 166 114 119 183 182 130 144 194 185 100 197
  114 191 134 116 147 182 127 171 162 193 118 176 181 195 110 191 119 163
  146 149 185 189 197 106 118 122 185 183 191 100 111 155 103 125 199 120
  182 186 137 163 104 125 145 113 144 115 179 148 111 107 106 156 173 109
  188 195 110 120 188 104 106 124 131 195 165 170 101 137 116 159 149 101
  173 182 119 167 106 151 103 117 166 170 155 144 144 194 109 148 172 151
  101 135 156 107 136 193 102 174 117 195 119 159 101 169 112 163 124 174
  103 195 160 175 136 132 179 187 157 117 186 192 140 164 124 177 194 154
  189 114 142 120 172 138 156 106 178 135 170 117 195 195 191 188 122 161
  197 104 182 140 145 116 132 121 120 189 189 161 127 155 192 161 182 198
  136 125 124 178 158 144 174 150 178 124 135 199 139 115 172 186 123 100
  117 181 100 111 121 115 168 116 181 187 189 195 156 107 113]
 [  0 144 121 126 111 123 106 124 192 104 131 150 169 159 123 155 103 158
  145 181 193 132 169 146 116 185 128 176 108 146 194 139 195 134 143 195
  124 157 163 197 106 170 102 191 112 122 141 197 182 127 170 159 131 114
  160 167 107 110 124 133 125 145 175 162 167 107 197 116 148 103 185 196
  167 188 196 194 145 144 159 112 191 133 130 171 121 126 174 131 186 114
  101 195 139 130 166 125 143 133 158 103 104 190 119 192 187 123 129 103
  124 175 183 171 199 176 130 121 115 103 143 175 186 144 125 172 101 168
  138 132 151 174 159 166 105 145 147 178 165 125 136 172 170 108 129 182
  193 182 189 177 195 199 159 194 132 165 140 143 134 113 169 120 153 140
  122 104 194 139 165 136 199 126 141 102 175 163 176 101 141 176 126 127
  161 195 176 112 154 115 164 140 134 101 129 155 125 171 122 101 161 198
  107 162 154 128 183 130 179 119 132 186 145 116 164 136 158 105 137 128
  140 177 147 133 195 105 137 181 167 125 160 151 189 162 111 160 108 152
  172 116 163 132 180 146 127 114 151 169 156 191 159 175 172 143 182 119
  141 142 179 106 124 161 114 118 167 162 172 185 147 114 175 173 161 176
  108 158 199 172 137 127 128 107 174 116 137 177 179 125 132 183 108 105
  137 116 110 125 118 171 147 142 161 144 123 184 152 122 195 187 168 125
  139 102 110 199 116 117 144 186 131 185 190 142 176 113 139]
 [  0 193 141 144 189 197 103 129 199 199 106 123 166 185 196 134 178 128
  139 196 122 144 135 152 192 105 148 162 163 127 118 104 155 160 182 149
  140 171 148 150 193 103 148 194 189 103 132 117 164 154 168 133 127 140
  179 115 195 180 128 172 187 122 158 134 129 146 112 159 148 152 101 178
  164 132 167 132 156 164 162 188 185 189 115 179 185 136 197 181 165 122
  160 126 184 116 135 158 146 125 171 169 161 120 139 154 172 160 108 187
  140 162 189 153 145 169 149 147 130 141 178 104 190 157 162 138 186 168
  120 160 134 154 150 131 142 118 108 115 112 137 112 152 151 175 124 192
  157 117 108 171 139 170 154 114 164 170 100 109 167 194 109 112 195 162
  158 176 160 152 135 180 141 149 110 197 145 156 147 142 143 139 163 155
  122 156 188 141 122 151 155 162 161 187 118 116 141 164 143 190 148 127
  183 103 138 146 141 109 131 163 128 121 169 190 106 147 192 154 127 128
  112 177 185 111 116 142 152 146 156 167 175 181 192 135 185 188 162 100
  149 155 130 108 123 168 124 100 187 185 181 195 145 145 184 158 152 145
  125 181 159 105 174 188 193 188 164 138 157 145 128 101 158 115 138 145
  102 161 169 177 157 109 165 154 120 123 172 193 197 165 163 116 140 108
  135 178 102 173 147 149 174 186 122 131 135 127 165 137 159 190 135 198
  119 110 192 138 130 192 115 108 169 126 187 162 127 151 117]
 [  0 142 112 126 189 101 183 177 198 160 130 186 147 178 131 102 181 131
  148 181 118 122 143 161 158 168 116 156 121 112 180 192 132 126 177 198
  159 146 135 120 158 104 119 180 171 179 142 128 199 172 145 199 195 146
  147 152 137 141 115 174 100 120 167 132 107 123 128 143 142 100 100 141
  135 162 142 146 181 138 152 154 199 150 195 137 131 159 100 154 182 113
  160 114 143 150 192 187 126 156 174 172 156 153 116 146 164 190 156 196
  193 182 102 163 120 107 110 194 151 192 177 143 167 167 182 140 175 113
  139 106 179 173 105 147 101 117 159 146 197 150 135 195 123 136 166 121
  189 164 105 181 196 191 114 183 190 125 198 133 155 123 103 113 186 120
  172 135 194 112 127 143 123 109 145 114 142 197 157 105 138 115 146 193
  197 188 146 169 152 193 148 171 141 178 149 166 194 138 185 123 187 113
  188 164 171 132 159 136 156 192 122 176 185 150 182 167 137 192 118 182
  126 170 166 123 162 116 110 154 111 111 140 140 176 129 116 107 120 139
  120 137 143 113 107 121 134 103 173 178 100 103 188 166 153 185 111 198
  187 180 158 137 142 193 152 141 161 167 178 178 139 167 135 129 104 144
  199 164 121 137 103 152 199 125 113 125 104 181 144 125 197 177 103 142
  163 123 153 132 196 128 140 109 164 117 156 136 152 131 197 166 148 172
  104 119 153 195 175 160 113 109 167 103 183 195 134 186 140]]
 job2fam
 [[1 0 0 0 0 0 0 0 0 0 0 0 0 0 0 0 0 0 0 0 0 0 0 0 0 0 0 0 0 0 0 0 0 0 0 0
  0 0 0 0 0 0 0 0 0 0 0 0 0 0 0 0 0 0 0 0 0 0 0 0 0 0 0 0 0 0 0 0 0 0 0 0
  0 0 0 0 0 0 0 0 0 0 0 0 0 0 0 0 0 0 0 0 0 0 0 0 0 0 0 0 0 0 0 0 0 0 0 0
  0 0 0 0 0 0 0 0 0 0 0 0 0 0 0 0 0 0 0 0 0 0 0 0 0 0 0 0 0 0 0 0 0 0 0 0
  0 0 0 0 0 0 0 0 0 0 0 0 0 0 0 0 0 0 0 0 0 0 0 0 0 0 0 0 0 0 0 0 0 0 0 0
  0 0 0 0 0 0 0 0 0 0 0 0 0 0 0 0 0 0 0 0 0 0 0 0 0 0 0 0 0 0 0 0 0 0 0 0
  0 0 0 0 0 0 0 0 0 0 0 0 0 0 0 0 0 0 0 0 0 0 0 0 0 0 0 0 0 0 0 0 0 0 0 0
  0 0 0 0 0 0 0 0 0 0 0 0 0 0 0 0 0 0 0 0 0 0 0 0 0 0 0 0 0 0 0 0 0 0 0 0
  0 0 0 0 0 0 0 0 0 0 0 0 0 0 0 0 0 0 0 0 0 0 0 0 0 0 0 0 0 0 0 0 0]
 [0 0 0 0 0 0 0 0 0 0 0 0 0 1 0 0 0 1 0 0 0 0 0 0 0 0 0 0 0 0 0 1 0 0 0 0
  0 0 0 1 0 1 0 0 0 1 1 1 0 0 0 0 0 0 0 0 0 0 0 1 0 0 1 0 0 0 1 0 0 0 0 0
  0 0 0 0 0 0 0 0 0 0 0 0 0 0 0 0 1 0 1 1 0 0 0 0 0 0 1 0 0 0 0 0 0 0 1 0
  1 0 0 0 0 0 0 0 0 0 0 0 0 0 1 1 0 0 0 0 0 0 0 0 0 0 0 0 0 0 0 0 0 0 1 0
  0 0 0 0 0 0 0 0 0 0 0 0 0 0 0 0 0 0 0 0 0 0 0 0 0 0 0 0 0 1 1 0 0 0 0 0
  0 0 0 0 0 0 0 1 0 0 1 0 0 1 1 0 0 0 0 0 0 0 0 0 0 0 1 1 0 0 0 0 0 0 0 0
  0 0 0 0 0 0 0 0 1 0 0 0 0 0 1 0 0 0 0 0 0 1 0 0 0 0 0 0 0 0 0 0 0 0 0 0
  0 0 0 0 0 0 0 0 0 0 0 0 1 0 1 0 0 0 0 0 1 1 0 1 0 0 0 0 0 0 0 0 0 0 0 0
  0 0 0 0 1 0 0 0 0 0 0 0 0 0 1 0 0 0 0 0 0 0 1 0 0 0 0 0 0 0 1 0 0]
 [0 1 0 0 0 0 1 1 0 0 0 0 0 0 0 0 0 0 0 0 0 0 0 1 0 0 0 0 0 0 0 0 1 0 0 0
  1 0 0 0 0 0 0 0 0 0 0 0 0 1 0 0 0 0 0 0 1 0 1 0 0 0 0 1 1 0 0 0 0 0 0 1
  0 0 0 0 1 0 0 0 1 0 0 1 0 0 0 0 0 1 0 0 0 0 0 1 0 0 0 0 0 0 1 0 0 0 0 1
  0 0 0 0 0 0 0 0 0 0 0 1 0 0 0 0 0 0 1 0 1 1 0 0 0 0 0 0 0 1 0 1 0 0 0 0
  0 1 0 1 0 0 0 1 0 0 0 0 0 0 0 0 0 0 0 0 0 0 0 0 0 0 0 0 0 0 0 0 0 0 0 1
  0 0 0 0 0 0 0 0 0 0 0 0 0 0 0 0 1 0 0 0 0 0 0 0 0 0 0 0 0 0 0 0 0 0 0 0
  0 0 0 1 1 1 0 0 0 1 0 0 0 0 0 1 0 0 1 0 0 0 0 0 1 0 0 1 1 0 0 1 0 0 0 0
  0 0 0 0 0 0 0 0 0 0 0 0 0 0 0 0 0 0 0 0 0 0 0 0 0 0 0 1 0 0 0 1 0 0 0 0
  0 0 0 0 0 0 0 0 0 0 1 0 0 0 0 0 1 0 0 0 0 0 0 0 0 0 0 0 1 0 0 0 0]
 [0 0 0 0 0 0 0 0 0 0 0 1 0 0 1 0 0 0 0 1 0 0 0 0 0 0 0 1 1 1 0 0 0 0 0 0
  0 0 0 0 1 0 0 0 0 0 0 0 1 0 0 0 1 1 0 0 0 0 0 0 1 0 0 0 0 1 0 0 0 0 1 0
  0 0 0 0 0 1 0 0 0 0 0 0 0 0 0 0 0 0 0 0 0 0 0 0 0 0 0 0 0 0 0 1 0 0 0 0
  0 0 1 0 0 0 0 0 0 1 1 0 0 1 0 0 0 0 0 1 0 0 0 0 0 0 0 0 0 0 0 0 0 0 0 0
  0 0 0 0 0 0 0 0 0 0 0 0 0 0 0 0 0 0 0 0 1 0 0 0 0 0 0 0 0 0 0 1 0 0 0 0
  0 0 0 0 0 0 0 0 0 0 0 0 0 0 0 0 0 0 0 0 0 1 0 0 0 0 0 0 0 0 0 0 0 0 1 0
  0 0 0 0 0 0 1 0 0 0 0 0 0 0 0 0 0 0 0 0 0 0 0 0 0 1 0 0 0 0 0 0 1 0 0 0
  0 0 0 1 0 1 0 0 1 0 0 0 0 0 0 0 0 0 0 0 0 0 1 0 0 1 0 0 0 0 1 0 1 0 0 0
  0 0 0 0 0 0 0 0 0 0 0 0 0 0 0 1 0 0 1 0 0 1 0 1 0 0 0 0 0 0 0 0 0]
 [0 0 0 1 0 0 0 0 0 0 0 0 1 0 0 0 0 0 0 0 0 0 0 0 0 1 1 0 0 0 0 0 0 0 0 1
  0 0 0 0 0 0 1 0 0 0 0 0 0 0 0 1 0 0 0 0 0 1 0 0 0 1 0 0 0 0 0 0 0 0 0 0
  1 0 0 0 0 0 1 0 0 0 0 0 0 0 1 0 0 0 0 0 0 0 0 0 1 0 0 0 1 0 0 0 1 0 0 0
  0 0 0 0 0 0 1 0 0 0 0 0 0 0 0 0 0 0 0 0 0 0 0 0 0 1 0 1 1 0 0 0 0 0 0 0
  0 0 1 0 1 0 0 0 0 0 1 0 1 0 1 0 0 1 1 0 0 1 0 0 0 1 0 0 0 0 0 0 0 0 0 0
  0 0 0 0 0 0 0 0 0 0 0 0 0 0 0 0 0 0 0 0 0 0 0 0 1 1 0 0 0 0 0 1 0 0 0 0
  0 0 0 0 0 0 0 0 0 0 1 1 0 0 0 0 1 0 0 0 1 0 0 0 0 0 0 0 0 0 1 0 0 1 0 0
  1 0 0 0 1 0 0 0 0 0 1 0 0 0 0 0 1 1 0 0 0 0 0 0 0 0 0 0 0 0 0 0 0 1 0 0
  0 0 0 0 0 1 0 1 0 0 0 0 0 0 0 0 0 0 0 1 1 0 0 0 0 0 0 0 0 0 0 1 0]
 [0 0 0 0 0 0 0 0 0 0 1 0 0 0 0 0 0 0 0 0 0 0 0 0 0 0 0 0 0 0 0 0 0 1 0 0
  0 1 0 0 0 0 0 1 0 0 0 0 0 0 0 0 0 0 1 1 0 0 0 0 0 0 0 0 0 0 0 0 0 0 0 0
  0 0 0 1 0 0 0 0 0 0 0 0 0 1 0 0 0 0 0 0 0 0 1 0 0 0 0 0 0 0 0 0 0 0 0 0
  0 0 0 0 0 1 0 0 0 0 0 0 0 0 0 0 0 0 0 0 0 0 0 0 0 0 0 0 0 0 0 0 0 0 0 0
  0 0 0 0 0 1 1 0 0 0 0 1 0 0 0 0 0 0 0 0 0 0 1 0 0 0 0 0 0 0 0 0 0 1 0 0
  0 0 0 0 1 0 0 0 0 0 0 1 0 0 0 1 0 0 0 0 0 0 0 1 0 0 0 0 1 0 0 0 1 0 0 0
  0 0 0 0 0 0 0 0 0 0 0 0 1 1 0 0 0 1 0 1 0 0 1 0 0 0 0 0 0 0 0 0 0 0 0 0
  0 1 1 0 0 0 1 0 0 0 0 0 0 1 0 0 0 0 0 0 0 0 0 0 0 0 0 0 0 0 0 0 0 0 1 0
  0 0 0 0 0 0 1 0 0 0 0 0 0 0 0 0 0 1 0 0 0 0 0 0 0 0 1 0 0 0 0 0 1]
 [0 0 0 0 0 0 0 0 0 0 0 0 0 0 0 0 1 0 1 0 0 0 0 0 1 0 0 0 0 0 0 0 0 0 1 0
  0 0 0 0 0 0 0 0 0 0 0 0 0 0 1 0 0 0 0 0 0 0 0 0 0 0 0 0 0 0 0 1 0 1 0 0
  0 1 1 0 0 0 0 0 0 0 0 0 0 0 0 1 0 0 0 0 0 1 0 0 0 0 0 1 0 0 0 0 0 0 0 0
  0 1 0 1 1 0 0 0 1 0 0 0 0 0 0 0 1 1 0 0 0 0 0 1 0 0 0 0 0 0 0 0 0 0 0 1
  0 0 0 0 0 0 0 0 0 0 0 0 0 1 0 0 0 0 0 0 0 0 0 0 0 0 1 0 0 0 0 0 1 0 1 0
  0 1 0 0 0 0 0 0 0 1 0 0 0 0 0 0 0 1 0 0 1 0 0 0 0 0 0 0 0 0 1 0 0 0 0 0
  0 0 1 0 0 0 0 1 0 0 0 0 0 0 0 0 0 0 0 0 0 0 0 1 0 0 1 0 0 1 0 0 0 0 0 1
  0 0 0 0 0 0 0 0 0 0 0 1 0 0 0 1 0 0 0 0 0 0 0 0 0 0 0 0 0 0 0 0 0 0 0 0
  1 0 0 0 0 0 0 0 0 1 0 1 0 0 0 0 0 0 0 0 0 0 0 0 1 0 0 0 0 0 0 0 0]
 [0 0 1 0 0 0 0 0 0 1 0 0 0 0 0 1 0 0 0 0 0 1 1 0 0 0 0 0 0 0 1 0 0 0 0 0
  0 0 1 0 0 0 0 0 0 0 0 0 0 0 0 0 0 0 0 0 0 0 0 0 0 0 0 0 0 0 0 0 1 0 0 0
  0 0 0 0 0 0 0 1 0 1 1 0 0 0 0 0 0 0 0 0 0 0 0 0 0 1 0 0 0 0 0 0 0 0 0 0
  0 0 0 0 0 0 0 0 0 0 0 0 0 0 0 0 0 0 0 0 0 0 0 0 1 0 0 0 0 0 1 0 1 1 0 0
  0 0 0 0 0 0 0 0 0 1 0 0 0 0 0 0 0 0 0 1 0 0 0 0 1 0 0 1 0 0 0 0 0 0 0 0
  1 0 1 1 0 0 0 0 0 0 0 0 0 0 0 0 0 0 1 1 0 0 1 0 0 0 0 0 0 1 0 0 0 1 0 0
  0 1 0 0 0 0 0 0 0 0 0 0 0 0 0 0 0 0 0 0 0 0 0 0 0 0 0 0 0 0 0 0 0 0 1 0
  0 0 0 0 0 0 0 0 0 0 0 0 0 0 0 0 0 0 0 0 0 0 0 0 0 0 1 0 0 1 0 0 0 0 0 1
  0 1 0 0 0 0 0 0 1 0 0 0 1 1 0 0 0 0 0 0 0 0 0 0 0 0 0 0 0 1 0 0 0]
 [0 0 0 0 1 1 0 0 1 0 0 0 0 0 0 0 0 0 0 0 1 0 0 0 0 0 0 0 0 0 0 0 0 0 0 0
  0 0 0 0 0 0 0 0 1 0 0 0 0 0 0 0 0 0 0 0 0 0 0 0 0 0 0 0 0 0 0 0 0 0 0 0
  0 0 0 0 0 0 0 0 0 0 0 0 1 0 0 0 0 0 0 0 1 0 0 0 0 0 0 0 0 1 0 0 0 1 0 0
  0 0 0 0 0 0 0 1 0 0 0 0 1 0 0 0 0 0 0 0 0 0 1 0 0 0 1 0 0 0 0 0 0 0 0 0
  1 0 0 0 0 0 0 0 1 0 0 0 0 0 0 1 1 0 0 0 0 0 0 1 0 0 0 0 1 0 0 0 0 0 0 0
  0 0 0 0 0 1 1 0 1 0 0 0 1 0 0 0 0 0 0 0 0 0 0 0 0 0 0 0 0 0 0 0 0 0 0 1
  1 0 0 0 0 0 0 0 0 0 0 0 0 0 0 0 0 0 0 0 0 0 0 0 0 0 0 0 0 0 0 0 0 0 0 0
  0 0 0 0 0 0 0 1 0 1 0 0 0 0 0 0 0 0 1 1 0 0 0 0 1 0 0 0 1 0 0 0 0 0 0 0
  0 0 1 1 0 0 0 0 0 0 0 0 0 0 0 0 0 0 0 0 0 0 0 0 0 1 0 1 0 0 0 0 0]]
