params：
 weight-->(1, 10)
 proc_times-->(1, 100)
 setup_times-->(60, 120)
 delivery_times-->(170, 200)
 job_rate-->16

start:
alpha_1
16
 alpha_2
2.0
 mach
20
 job
320
 fam
8
 weigh
 [[0 6 7 9 8 3 6 5 3 7 1 9 9 8 3 6 4 4 1 6 4 7 3 8 5 4 4 5 9 9 3 7 4 6 5 3
  1 4 2 1 2 3 6 3 1 4 7 5 1 8 2 1 8 3 6 2 8 8 5 5 9 4 2 6 4 2 8 2 2 9 3 1
  7 6 5 2 6 5 5 4 9 4 9 4 9 9 1 9 3 4 4 5 2 9 8 9 2 9 9 8 4 4 7 6 5 4 4 7
  4 4 7 8 9 2 4 6 6 4 6 2 4 7 2 5 7 8 2 4 9 5 4 8 8 6 3 7 5 3 4 1 4 5 9 4
  8 8 5 1 7 5 5 4 1 3 4 1 2 9 6 9 5 8 9 8 2 3 4 8 6 9 3 4 1 1 6 2 1 6 9 5
  2 5 1 5 5 1 9 8 8 1 8 9 5 7 6 9 8 7 2 5 4 4 2 5 2 8 3 5 7 3 9 1 1 6 2 8
  5 1 9 4 7 5 9 8 4 4 2 1 2 1 9 1 1 8 8 1 1 3 7 9 8 3 1 8 5 7 8 6 9 2 8 8
  7 1 1 8 7 4 5 1 4 4 5 9 4 6 2 1 7 2 1 9 6 6 3 2 7 5 1 5 2 6 4 9 8 6 1 5
  1 2 2 7 4 5 8 6 2 4 6 2 7 1 6 2 1 9 9 8 2 6 7 5 1 1 5 8 8 9 5 2 9]]
 proc_times
 [[  0   2   2  40  97  26  37  29  23  26  17  15  89  73  69  87  86   3
    2  32  99  27  22  50  62  83  51  12  24  15  97  85  30  68  98   6
   27  64  35   3  58  60  44  53  60  22  87  84  33  35  40  19  70  76
   57  88  64  16  10  98   9  86  82  15  49  14  43  97  83  46  43  99
   40  86  32  16  38  23  56 100  69  44  56  71  72  36  25  38  58  25
   85  16  18  19  96  66  25  44  46  87  16   9  19  58  11  77  34  61
   50  76  66  17   1  35  64  76  47   1  99  28  55  91  84  34   4  54
   34  53  95  70  25  65  42  95  70  59  63  73  14  72  29  56  40  44
   23   5  89  25  61  89  21  96  91  38  50  28  77  86  42  85  12  88
   33   7  94  17  57  77   5  33  49  85   7  32 100  98  50  20  39  69
   33  85  66  20  76  48  23  38  12  68  27  56  43  35  62  39  28  38
    1  90  92  87  24  60  92  59  77  64  66 100  67  97   2  59  89  61
   25  98  35  74  82  73  25  99  94  39  17   2  28  45  68  72  60  81
   87  48  63  91  82  10  14  53  32   1  34  68  49  84  26  29  31  75
   76  17  97  15  67  57  37  76  50  41  84  91  50  40  68  10  92  47
   10   6  44  97  31  84  37  52  28  93  90  77  18  68  52  68  25  74
   10  51  98  10   9  26   7  17  95  77   8  60  48  56  18   6  35  52
   34  84  82  36  21  35  50  61  45   7  53  53  50  52  40]
 [  0  93  62  91  30  43  16  81  26  67  74  38  57  90  57  15  86  89
   34  56  68  12  75  73  15  87 100  57  41   8  39  48  52  25  87  80
    8  55  90  24  44   3  63  23 100  81   4  24  36  45  97  51  73  78
   80  61  64  96  28   8  45  89  13  27  33  48  86  59  38 100  20  55
   67  91  67  20  95  89   7  28  86  63  32  57  53  66   6  79  75  82
    3  20  18  35  35  55  55  45  26  85  11  59  19   9  43  67  79   3
    7  87  12  44 100  33  88  10  28  10  44  94  44  33  22  33  72  88
   27  99  70  27  55  27  84  81  95  24  64  61  42  75  20  14  98  87
   20  64  31  42  83  17  95  15  89  43  93  84  48  12   5  86  83  70
   20  18 100  98  79   6  29  43  87  38  45 100   2  73  70  39  34  71
   99  67  98  59  79  36  28  75  77  70  58  20  33  59  35  36  54  48
   26  28  50  48  94  67  20  61  79  77  43  90  79  23  67  90  38  38
   82  90  94  82  92  77  48  71  55  67  33  96  31  95  13  35  27  55
   35  55  56  25  86  72  96  20  89  67  29  49  22  76  91  45  93  28
   45  97  73  54  94  85  49  71  97  43  30  48  33  37  99  30  58 100
   31   2   3  85   5   5  68  62  15  93  42  95  47  54  22  59  89  54
   34   6  19  84  60  48  88  18  71  70  45  33  51  23  61  50  15  70
   63   4  53  96  13  87  71   8  34  78  75  27  96  93  19]
 [  0  71  28  12  34  60  11  97  22  97  41  16  50  41  41  17  22  64
   22   5  92  85  36  76  46  50  64  32  24  10  31  80  77 100  18  29
   44   4  24  22  69  74  90  92  91  29  56  45  74  96  37  65  24  89
   51  49  62 100  82  79  11 100  70  58   2  60  50  68  68   4  62  40
   44  90  85  66  19  69  12  43   6  55  94  63  23  55  44  89  95  96
   69  75  20  58  22  43  29  85  68  26  38  34   1  67  36  21 100  50
   52  74  83  57  23  59  99  11  50  64  86  46  84  94  92  52  84  50
   57  62  34  14  66  75  92  54  57  21  80  54  95  84  80  18  86  90
   41  99  36  88  13  82  82  52   2  31   2  15  20  35  93  99  80   8
   91  90  78  32  64  93  25  47  33  43  42  23  96  25 100  31  27  97
   66  61  81  34  89  23  50  14  34  59  71  17  63  82  67  81  16  77
   19  46  19  48  10  90  89  17  49  70  44   8  57  19  15  53  39  77
   25  12  61  10  52  69  16  93  28  21  68  71  43   4  63  81  59  84
   23  25   7  26  32  11  84  80  10 100  82  14  10  21  13  67  35  97
   29  93  11  24  77  21  78  82  28  44  85   7  26  68   7   3   1  28
   27  90  68  93  68  16  65  51  20  81  56  11 100  25  27  35  44  16
   30  29  50  89  55  86  98  84  52  36  90  63  28  69  69  54  39  26
   29  42  26  30  93  92  13  12  32  79  97  77  50  16  98]
 [  0  91   5  25   8  22  40  54  72  55   8  88  61  10  20  44  29  41
   86   2  22  65  17  36  31  76  83  40  41  14  23  49  56  53  14  34
  100  99  17  61  18  33  63  46  40  77   4  79  92  64  12  26  83  95
   41  91  83  28  16  19  22  18  68   6  13  93  29  95  33  87   4  44
   43  12  57  69  97  87  13  51  95  14  73  57  40  26  99   4  47  50
   45  77  80  89  12 100  10  97  69  79  86   4   3  16  43  26  12  81
   93  26  17  47   6  92   1  52  10  68  97  65  97  37  72  35  50  58
   13  45  47  73  77   7  97  87   5  15  16  89  99  66  60  41   8   6
    3  47  67  92  35  44  14  96  28  62  47   9  95  59  62  26  72  77
   61  36  97  12  77  39  99  80  80  63  49  67   7  51  85  19  98  81
   74  71  10  47  92  92  78   7  77  15  79  35  82  19  16  80  14  80
   89  63  12  16   4  44   9  71  11  72  24  26  53  80  10  70  33  44
   28   3  80  82  27  53  51  68  40  45  33  65  67  87  29  24  65   4
   14  12  12   3  96  39  60  80  36  54  47   4  72  91  61  87  96  35
   93   6  60   5  80  86  49  79  13  51  80  16  12  33  56  97  41  41
    4  77  46  70  82  38  19  33   1  24  33  88  38  38  27  36  75   8
   69  95  29  43  33  42  46  38  33  58  57  41  30  12  99  33  72  29
   62  20  49  30  27  15  99  64  39  59  20  70  31  85  89]
 [  0  85  61  11   1  93  32  32   2   4  35  93  97  75  83  45  62   4
   19  22  66  74  54  13  36  56  18  98  84  78  99  75  22  92  79  69
    9  92  53  82  58  82   3  60  63  69  89  24  24  98  52  67  15  30
   88  43   5  41  39  96  97  20   1  74  68  76  75  19  92  86  49  35
   49  13  84   3  59  31  73  14  53  90  48  34  69  37  67  43  74  96
   71   7  31  33  40  78   1  45  27  72  36  62   7  25  98  40  96   9
   65  13  28  16  69  38  42  93  23  90  98  70  72   7  75 100  42  13
   98  57  86  68  48  43   3  88  55  17  81  12  32  70  62  17  51   5
   28  66  96  73  18  63  94  37  35  27  13  35  24  28  38  47  15  62
   60  17  89   9  26  70  31  29  84  88  35  72   4  81  66  34  62  12
   14  95  95  57  88  55 100  21  43  10  22  29  58  95  90  42  47   5
   87  90  86  98  48  79  84  15  41  11  88  86  18  62  84  73  22  67
   34  97  87  16  22  29  73  62  60  27   8  31  57  50   2  75  77   9
   62   4  13   3   2  31  34  89  93  98  10  33  56  32   8   2  54  98
   95  40  48  79  97  73  98  26  83  79  56  52  31  41  38  73  83  12
   64  37  43  32 100  40  92  15  57  21  52  46  18  65  84   2  27  53
   50  15  26  20  93  45  73  78  98   5   9  99  24  60  65  49  77  81
   74  26  14  76  22  25  19  44  83  65  30  26  55   7  48]
 [  0  57  54  97  79  42  46  29  28  27 100  32   4  97  95  26   3  62
   57  34  12   4  24  23  37   4  75  36  35  80  63  47  78  71  46  58
   75  35   1  75  22  66  20  97  47   8  51  39   2  95  93  49   7  66
   50  21  88  34  12  51  67  51  15  93  95  71   8  45  70  23  64  14
   20  71  59  98  97  16  54  63  17  19  18  16  27  51  56  69  37  40
   95  26  54   6   2  27  53  29  26  77  89  98  22  65  50  83  79  99
   22  72  78  93  83  25  82  39  58  89  77  75  54  23  98   3  83  86
   90  47  36  82  38  98   2  34  52  58  26  14  98  49  24  65  94  44
   79  49  42  97  38  25  20  76  15  74  59  86  19   5  87  75  30  62
   74  79  36  16  66  98   6  69  26  85   7   5  97  59  43  98  79  73
   53  88  44   1  54  26  32  56   7  99  58  38  88  79  48  78  23  37
   57  66  73  65  20  84  90  63  51  32 100  30  45  31  29  84  56  22
   20  83   6  43  42  63   1  46  15  32  18  49  41   9   1  87  29  60
   33  56  75   9  32  60  98  77  55  96  50  50  66  96  89  93  11  64
   73  92  30  56  64  60  80  66  29  12  54  45  93  96  22  75  22  35
   50   2  51  80  69  15  59  43  91  96  58  76   3   4  71  99  33   4
   93  26   6   1  49   4  69  36  28  45  24  76  76  79  82   2  60  88
   82  32  51  35  36  91  17 100  60  94  67   8  45  86  47]
 [  0  87  39  25  59  51  96  91  98  99  23  45  33  46  21  11  58  11
   39  99   8  42  28  65   4   4  19   2  39  50  13  96  44  44  62  77
   18  10  67  60  44  74  28  26  11  31  47  88  83   8  28  36  92  74
   69  77  91  31  10  53  33  90  86  49  73  32  37  81  59  30  65  39
   84  83  85  13  66  61  49   3  35  85  58   2  31  74  75 100  27  20
    7  85  75  76   8  64  91  31   2  18  65   9  85  16  36  20  83  99
   39  88  68  18  76  75  30  66  82  45  76  67  81  25  59  91  17   6
   89  73  10  35  48  85  39   4  62  59  66  90  60  38  95  34  14  27
   99  78  63  84  65  59  82  84  26  78  86   2  93  32  30  28  68  36
   95  58  42  32  68  15  84  21  96  37  97  13  18   4   7  43  90  16
    8  19  74  80  27   6  32  69  97  38  93  20   7  20  19  35  65  69
   33  91  82  62  51  73   6  79  80  86  21  64   7   5  17  66  88  58
   52   8  26  34  48  63  27  58  83  83  73  19  42  63  68  45   1  25
   46  37   8  18  72  17  30  98  52  91  61  79   9  99  31  61  41  68
   63   7  25  37   3  85  25  21  65  31  14  88  53  29  26  59  50  24
   97  96  51  57  81  20  11  23  29  24   5  88  14  54  89  26  45  78
    4  76  38   6  12  70  43  40  16  15  68  85  59  18  31  72   3  92
   19 100  49  74  39 100  10  98  37  33  10  75 100  55  96]
 [  0  14  44  34   3  49  49  26  46  13  47  56  62  95  17  76  71  23
    9  25  91  58  19   5  63  50  64  12  38  82  32  63  91   5  60  46
   95  34   6  90  36  43  46  10  70  96  84  10  35   6  61  13   8  32
   65  30  72  29  87  41  76  25  66  99  89  91  17  69  63  28  21  57
   25  21  14  80  78  21  64  46  61  79  16  50   3  86  93  64  24  15
   18  75  19  30  70  84  29  13 100  49  73   6  77  58   9  78  46  81
    4 100  40  70  81  45  48  36  55  35  18  39  46  98  31  47  97  33
   13  81  72   6  70  84  62  44  26  57  80  50  81  14  40   5  31  37
   28  58  21  74  39  67  95  35  61  22  55  75  66  18   7   9  47  76
   63  54  65  93   5  35  18  71  50   3  51  83  84  80  80  49  86  85
    6  86  80  13   5  30  61  41  74  19  94  66  38  62  13  70  42  25
   42 100  13  32  13  10  12  64  29  61   5  10   6  71  79  89  22 100
    7   3   9  34  35   7  53  38  33  84  19  32  13   7  18  64  14  75
   78  91  31  66  23  82  10  53  30  42  37  49  70  69  78  14  82  60
   19  71  19  51  85  31  52  94   6  78  91  33  17  56  38  30  98  13
   50  67  98   3  45  61  63  79  58 100  51  67  10  36  24   9  26  51
   47   1   6  74  28  89  27  83  34   2  74  96  54  37  20  43   5  24
   31  56  96   4  67  14  58   7  33  79  70  65  68  25  96]
 [  0  23  70  27  31  90  64  61  52  67  36  63  72  45  90  10  16   4
    3 100  16  67  97  90  52  16  30  96  87  12  99  69  86  84  50  66
   32  21   2  31  42  48  75 100  72  94  47  26  59  94  45  88  68  49
   52  96  10  52  77  82  58  86   7  27  36  50  68  11  72  53  86  42
   79  72   8  78  15  82  73  10  70  24  98  36  69  64  11   6  24  45
   20  49  12   9  38  13  46  31  83  27  18  25  80  24  92  67  76  47
   52  61  45  85  25  27  89  39  87  52  41  48  12  69  36  95  53  95
   73  81  84  76  21  84  96  83  33  57  86  87  29  97  73  49  56  67
    1  65  20  68  78  91  50  95  50  99  60  17  38  57  44  76  90  12
   91  10  90  48  29  55  94  73  25  95  26  18  31  45  48  30  81  38
   90  58  68  20  24  62  24  54  93  23  37  91  42  84  16  29  26  46
   82  37   9  70  80  45   4  89  35   7  82   9  86  29  60  35  88   9
   69  87  30  29  46  93  95  22  11  64  65  86  25  33  90   4   4  76
   23  51  93  17  69  93  89  40  24  91  97  38  71  73  46   9  10  69
   74  22  52  73  19  52  65  77   1  86  67  76  44  65  83  74   2  63
   32  31   6  61  58  68  40  14  53  48  19   8  99   3  25  57  38  33
    4  22   7  52  42  69  53  33  11   5  70  52  34  50  61  61   5  31
   72  85  35  69  65  69  92   4  11  97  27  14  31  77  55]
 [  0  87  84  13  88  42  50  41  19  97  49  38  94  22   2  65  73   4
   27  32  27   2  93  20  30  92  37  70  24  14  36  99  29  11  51  51
   60  80  50  62  24  92  72  81  82  58   2  56  98  55  83  45  15 100
   32  74  39  90  28  13  70  48  55  55   2  30  36  83  88  93  67  38
   66  16  46  74  27   5  42  32   9  48  46  42  67  40  87  52  96  65
   13  18  87  78  47  84  25  50   3  25 100  36  39  18  69  16  70  73
   61  81  25  42   7  95  69  59  75   1  51  95  81  41  34  83  12  24
   76  68  70  13  44  41  31  39  53  98  57  47  29  64   5  94  19  20
   82  58  45  79  41  17  49  73  29  57  80  97   9  65  29  87  35  53
   97  95  14  46  18  27   4  46  33  24  48  89  30  73   5  64  37  77
   36  68  45  55  68  30   8  11  55  32  22  66  73  68   2  91  26  67
   27  21  40  88  95   4  19  88  76  75  82  46  79  18   1  62  73  91
   77  15  77  31  62  22  47  45  88  74  99  93  52  77  79  21  15  83
   43  58  71   7  39  81  72  34  25  67  66   5  97   2  21  74  51  97
   79  22  23  20  39  98  56  33  93  57  87  38  65  18  82  50  29  40
    6  94   5   5  71  73  25  61  57  44  41  73  38  73  51  58  66  35
   22  84  99  98  70  11   1  98  52  16  75  37  89   2  71  93   7  74
  100  37  87  66  27  87   4  76  60  11  97  20  46   6  62]
 [  0  48   1  63  36  55  53  18  38  79  79  92  82  87  26  36  57  36
   10  71  61  29  13  13  87   6  14  20  76  93  32  39  56  86  70  64
   73  14  51  57  22  90  73  23   2  55  23  88  39  78   5  12  83  26
   39  83  95  75  80  48  11  25  13  75   8  72  92  50  36  84  63  17
   70  10 100  78  35  92  58  49  75  12  24 100  64  82   5  43  96  50
   99  85   6  24  81  64  15  64  13  80  31  73  73  83  18  32  87 100
   81  92  65  99  43  13  57  35  99  19  61  18  29  15  82  24  79  93
   87  91  73  37  24  59   9  22  59  36  60  40  97   2  14  17  98  97
   96  44  89  83  92  86  90  21  51  26  51  96  11  31  76   3  96  27
   93  37  78  80  11  19  11   5  61  30   6  58   8  94  42  30   4  21
   46  63  85  62  93  73  29  84  89  55   3  16 100  28  64  60  68   5
   81  80  62  90  23  40  95  21  91  35  28   3  64  56  97  52  24  15
   62  44  11  34   5 100  58  21  70   1  66  22   8  39  23  67   8  33
   75  72  40  15  87  38  60 100  79  15  44  45  32  39   2  68  24  67
  100  43  70  16  52  82  73  97  13  54  45  70  32  19  56  35  53  79
   95  58  71  48  27  49  16  78  65  66  97  52  56  89  11  22  91  87
   23   1  78  18  74  10  89  97  58  43  88  85  69  35  76  96  86  27
    7   8  59  31  26  47  36  33  32  62  56  45  44  89  14]
 [  0  24  30  72   2  13  10  42  96   9  26   7  12  34  30  86  80  79
   70  13  26  36  80  78  74  34   9  59  97  21  72  37  91   8  86   4
   82  82  23  68  20  58  78  83  19  31  61  68  43  49   4   4  23  53
   51  96  18  53  20  47  55  96  98  33  81  58  69  34  10  37   5  19
    3  90  60  58   8  11 100  79  23  72  71  67  36  17  83  54  16  99
   40  56 100  37  97  77  31  79  25  63  37  72  75  35  97  22  96  44
   82  87  28  72  87   6   6  50  81  71  69  31  54  14  80   1   3  56
   94  55  90  42  94  69  85  70  75  73  59  91  58  73  26  84  10  74
   17  27   4  61  86  20  83  49  88  92  25   6  28  33  87  59  20  88
   97  57  17  52 100  67   9  72   2  44  27   9  11  29  95  31  88  77
   40  16  87  50  39   5  27  42  34  27  47   3  74  61  94  92  24  57
   98  96  67  91  11   2   1  90   8  97  88  65   3  88  25  75  96  66
   50  92  10   8  75  33  74  53  43  47  92  35   2  84   6  28  77   5
   74   8  32   2  27  85  98  21  54  49  85  38  12  10  69  67  76  53
   83  73  52  97  19  90  64  78  79  41  98  50  75  83  42  75  31  74
   79  76  79  78  97  60  45  30  63  62  96  48   9  11  24  58  11  71
   10   3   2  13  68  52  96  53   7   5  49  65   5  29  10  64  84  52
   50  61  30  49  19  76  61  30  98  23  19  50  95 100  37]
 [  0  84  84  81  65  88   3  55  75  33  97  71   2  11  23  17  64  56
   43  73  40   5  95  48  62   9  27   8  89  83  98  86  46  41  61  62
   14  84  18  57  29  56  51  59  15  32  34  67  13  22  44  41   6   8
   77  35  37  92  81  41  33  52  36  97  83  64  37  92  26  26  37  19
   45  54  68  23  96  50  56  46  14  16  21  82  18  55   4  57  55  33
   68  25  14  77  81  43  85  63  11  28  59  12  34  53  69  47  35  67
   45  93  88  60  26  39  16  35  84  11  98  24  68  43  94  73  36  80
   42  61  57  11  32  59   6  40  35  94  29  75   9  95   2  39  26  46
   69   1  84  72  51  93  27  42  79  73  72  91  18  25  55  72  94  37
   83  46  17  31  50  13  23  90  88  18  37  59  52   3  38 100  34  50
   38  97   5  46  17  23  49  61  57  10  92  82  13  67  69  46  62  87
   64  96  64  74  28  38  35  14   1   9  83   9  78  58  34  67  68  19
   63  36  26   2  61  55  54  61  80  96  98  69  95  41  45  57  90  52
   73  94  39  64   1  50  92   1  20  60  40  14  91  15   1  91  29  18
   34  78  21  77  79   2  41  50  53  13  86  21  97  86  24  41  78  81
   66  99  86  15 100  23  41  10  93  83  11  34  43  73  80  56  52  87
   54  95  48  73  83   2  15  72  98  10  32  34  76  34  53  55  56  51
   95  26  15  44  55   2  81  49  73  86  68  18  95  63  18]
 [  0  43  74  25  67  52  70  57  84  75  14  22   1  94  48   6  80  54
   89  93  18  21  44  63  51   6  47  36  88  58  66  94   4   4  21  57
   54  28  97  22  73  48  40  72  27  57  92  38  29  38  95   7  21  54
   33  89  32  68  18  31   2  42  16  95  24  90  46   6  88  52  14  55
   34  14  52  83  39  69  19  83  76  26  90  36  47   1  79   3  55  18
   37  10  13  34  79  40  37  58  35  87  96  77  88  44  65  80  96  12
   32  65  33  79  68  59  93  89   8  83  51  79  16  29  89  44  41  49
   93  81  24  66 100  29   9  68  33  79  46  88  62   4  76  86  24  76
   24  39  66  21  41   2  11  57  25  57  40  28  27  16  41  25  82  12
   46  32  89  97  92  73  73   6  25  48  52  55  53  39  54  90  67  35
   16  76  90  12  34  43  60  38  19  70  31  65  73  84 100   4  67   1
   37  64   9  58  24  14  33  65  44   3  45  19  29  11  54   1  54  54
   77  99  96  50  89  59  81  65  49  61  54  15  53  90  99  89   5  28
   83  22  82  23  37  11  68  53  88  37  87  24  68  10   5   2  20  90
   36  29  63  17  23  93  47  27  83 100  76  81  75  62  25  12  66  72
   53  29  97  19   6  21  29  68  36  51  90  96  85  47  36  41  71  68
   94  94  50  65  38  77   2  77  36  16  58   1  69  38  82  83  20  76
   53  73  32  92  23  91  11  17   9  16  39  19  68  16  25]
 [  0  48  28  52  55  59  39  89   9  77  33  89  28  92  20  27   3  88
    5  96  46  53  35  26  15   6  43  62  59  41  11  91  95  83  89  65
   82  51  66  39  58  77  40  21  60  36  99   9  12  60  23  81  31  58
    2  30  68  45  18  22  36  15  17  57  87  49  97  64   5  22  34  22
   28  18  50  33  72  60  42  76  64  64  52  64  66  49  55  50   6  75
   89  74  83  74  32  20  56  13  14  36  62  70  78  81  72  56  40   8
   19   4  97   4  30  48  67  43   1  80   9  53  81  73  89  54  87  52
   61  75  64  92  77  14  80  56  13  80  81  60  25  93  47  41  70  71
    3  46  53  50  13  78  95  38  85  45  50  85  58  62   2  51  12  53
   44  37  93  69  38  55   2  69  78   7  14  48  21  56  86  67  59   7
   11  51   6  42  55  64  66  70  69  24  75  49  58  50  81  29   8  42
   92  84  53  11  56  68   1  89  99  86   1  49  92  86  96  94  19  99
   68  24  84  46  66  45  62  14  39  70  73  23  87  67  11  14  84  24
   44  11  62  94  95  58  17   4  26  27   6  54  57   4  61  25  81  73
   19  19  33   7   2  25  68  25  92  85  50  69  77  47  75  18  64  80
   33  98  39  88  30  45   5  51  30  83  75  74  43  54   2  92  36   9
   76  92  72  88  93  20  76  54  10  91  20  30  60  45   6  17  59  66
   95  38  50  10 100  88  75  31  14  49  42 100  60  48  69]
 [  0  17  31  71   8  12  20  94  98  77  38  34  42  67   5  26  60  34
   58  51  57  85   8  29  86  13 100  45  87   2  84  69  42  15  98  71
   77  11  40  92  61  51  66  30  18  72   1   4  37  28  80  44   6  73
   65  69  80  77  10  43  82  81  68  49  16  67  36   6  51  12  42   2
   88  87  48  89  36   9  52  61  42  99  26  37  69  19  14  15  60  73
   85  16  70  65  17  39  51   3   6  87  76  98  15   3  47  64  87  72
    8  39  38  53  14  11  32  72 100  74  11  42  67  26  47  98  58  67
   93   5  45  18  85   6  41  18  90  59  54  37  14  20  17  99  25  68
    9  69  36  80  85  65   9  47  44  58  97  45  92  62  57  54  92  82
    2  41  19  58  10  31  40  58  10   1  19   2  62  12  46  53  80  75
   55  73  66  88  62  78   1  85  26  20  38   7  32  18  44  39  46  45
   36  29   3  74  53   2  97  49  50  41  20  90  40   9  55  19  71  10
   97  63  61  61  87  82  67   9  24   5   5  93  20  42  53  89  26  65
   13  14  72  69  33  27  61  70  86  73  78  30  95  83  27  56  47  88
    6  82  62  88  83  86  96  58  97  82  55   1  57  64  85  13  36  76
   57  78  71  35  85  75  37  29  30  82  22  44  87  25 100  61  80  54
   91  93  89  80  71  46  20  14  74  21  71   5  11   8  19  14  35   3
   32   7  42  52  76   9  67  54  33  53   6  79  85  48  99]
 [  0  60  16  20  23  24  42  49   4  53  29  87  20  37  20  93  35  88
   66  80  89  23  52  97  42  18  90  31  31  38  35   1  85  34  66  13
    7  67  96  18  50  72  11  32  15  21   7  78  72   1   4  96  78  55
   76  11  74  27  81   3  71  77  41  60  83  12  89  72  57  20   5  95
   19  42  67  72  78  45   9  47   2  58   9  64  76  78  52 100  44  65
  100  88  63  90  79  35  76  21  26  52  85  26  98  86  54  61  91  73
   79  53  64  12  33  79  35  62  22   3  65  59   2  59  49  46  42  53
   63  28  19   7  69  60  15  32  74  54  10  74  38  25  22  62  35  48
   29  47  82  64  17   6  55  96   6  39  87  58   7  20  92  91  11  79
   85  33  32  78  64  43  75  55  41  78  87  79  96   5  65  48  21   5
   67  52  90  31  20  32   6  72  80  39  59  17  12  56  56  74  69  89
   10  11  13  42  98  73  66  60  13   2   5  71  75  98  65  90   3  75
   33   3  30  76  50  43  73  33  74  41  21  74  40  53  72  23  71   3
   67  74  46  49  26  88  60  39  78  34  61   4  78  94  39  42  88  18
   63  25  34  33  26  24  54  10  20  37  89  29   1  89  53  73  35  48
   87  21  13  30  48  28  29  98  63  96  58  99  27  77  56   2  95  84
   84  18  94  92  30  93  65   6  12  90  41  18  80  23  11  29  26  66
    9  96  12  31  20  37   9  28   1  15  87   3  38  10  97]
 [  0  44  51  89 100  56  66  42  98  19  44  39  43  40   9  33 100  67
   95  37  65  48  51  50  71  48  54  15   9  62  97  65  56  70  21  40
   80  57  69  72  19  61  71  47  11  43  95  35  26  47  28  76  10  32
   92  47  55  37  33  28   7   8  39  23   9  24  17  17  16   9  27  73
   43  52  13   8  20  12   8  82  10  23  43  76  12  75  55  42  20  21
   29  67  45  94  48   6  21 100  24  48  59  34  87  43  13  95   5  27
   30  95  36  66  48  85  84  94  55  48  22  73  58  49  88  62  70  37
   43  76   3  48  81   7  74  70  40  96  30  82  43  52  19  24  10   8
   22  39  49  22  12  92  51  63  70  45  74   1  97   4  10  72  51  42
   93  90  55  34  13  43  31  77  38  86  17  69  17  62  27  68  69  96
   92  81  17  50  88  44  28  43  98  32  38  82  39  26  14  67  65  87
   67  77  43  34  61  54  49  53  85  85  37  67  71  89  28  82  35  10
   92  38  79  61  46  88  50  92   6  82  52  77  68  15  49  85  77  77
    5  27  87   5  14  96  73  45  15  88  48   7  38   4  14  48  20  17
   53  53  67  61  61  90  36  58  94  39  70  55  48   8  38  56  22   3
   61  21  39  65  20  45  19  67  43  58  55  42  70  98   9  88  53  64
   30  89  13  49  41  75  80   9   6  86  33  31  88  66  82  75  28  43
   23  14  56  33  27  51   8  81  48  39  15  10  41  28  80]
 [  0  79   2   6  57  88  83  99  43  62  74  59  99  48  86  79  70  18
    2  31  27  59  36  93 100  44  21  74  46  93 100  30  41  84  26  49
   63   3  34  32  75  14  90 100   6  24  36  64  56  54  56  91  71  20
   36   9  34  72  80  51  24  36  35  43  79  63  68  41  98  76  57  76
   20  85  11  39  82 100 100 100  92  28  24  16  13  19  82  97  40  65
   75  35  23  87   7  52  12  79  83  42  56  41  44  55  20  41  32  37
   94  15  56  54  33  18  46  80  69  74  75  44  68  46  67  85  89  81
   25  55  41  46   4  37  32  48  28  61  85  65   1  84  91  25  60  61
   46  82  81  30  77  76  38  98  94  80  58  67  80  30  29  74  34  95
   99  17  56  55  80  79   1  76  45  57  88  74  27   3  61  14  62  28
   57  17  93  25  61  79  48  15  61  15  60  96  27  54  53   2  97  49
   79  35  32 100  51  72  69  35  31  82  71  86  91  80  60  48  32  37
   18  62   8  77  54  45   1  39  93  78  83  43  27  90  48  87  57  96
   74   2  53  57  32  12  49  65  82  53  26  19  13  49  78  90  95  62
   10  22  86  63  58  18  87  63  62  83  93  79  14  16   7  34  11  12
   96 100 100  28  50   6  86  75  22  65  62  25  89  40  18  46  30  55
   36  11  58  55  79  31  87  67   7  22  78  15  29  39  87 100  94  50
   71  98  88  18  68  31  37  81  30  42   5  26  12  48  65]
 [  0  44  27  48  34  61  81  67  69  67  82  50  96  20  87   4  92  40
   38  67  92  93  19  50   8  56  98  78  71  43  35  35  71  64  31  76
   60  97  64  46  30  92  60  14  34  59  72  76  49  94  70  10  63  95
   76  98  16  12  31  34  44  22  89  88  16  88  14  45  53  29  41  83
    4  88  54   6  97  24  90  55  66  33  63  45  78  50  17  68  59   6
   39  52  33  85  39  87  29  51  74  51  90  76  56  98  66  53  36  65
   43  88   4  97  80  50   4  84  35  62  49  74  85  18  67  38  52  80
    1  59  59  40  76  71  39   4  38  71  52  61  68  57  28  77  50  91
   94  88  66  63  68  61   4  87  82  56  58  33  26  20   4  36  56  59
    4  34  80  63  90  77  63  94  75  17  62  77  65  18  80  72  27   8
   23  14  56   3  63  87  74  70  46   1  68  42  65  61  25  45  73  94
   96  19  88  81  20  89  88  10  26  28  60  86 100  55  81  71  20  10
   48   1  17  97  89  41  54  81   7  54  59  17  83  11  63   1  31  68
   10  67  28  42  21  22  98  74  50  26   5  80  37   1  52  60  10  29
   80  43  52  31  11  67  31  39  86  89  92  94  74  13  58   7   2   2
   46  61  39  93  94   1  25  35  93  50  94  52  20   1   6  20  91  25
   44  72 100  70  20  14  57  73  33  69  84  44  43  20  10  22  94   6
   61  95  90  86  98  36  51  69  19  19   6  65  18  55  92]]
 setup_times
 [[[  0  70  97 101  67  91 103  66  79]
  [  0   0  98  69  84 111  83  97  60]
  [  0 103   0  82  62 101  76  95  75]
  [  0  89 100   0  97  99  92  73  84]
  [  0  61  62  79   0 103  70  92  81]
  [  0 112  64 111 118   0 118  68 104]
  [  0 110  83 115 113 101   0 111  69]
  [  0  60  91 110  61  75  88   0  73]
  [  0 116  80  87  80  93  62 115   0]]

 [[  0  63 115 117  95  92  62  89  97]
  [  0   0 105  99  80 115 116  99 117]
  [  0  87   0 103  94  91 109  88  79]
  [  0 102 104   0  96  89 114  62  78]
  [  0 105  62 115   0 112  66  88 106]
  [  0  63 101 105  94   0  89  98  69]
  [  0  74  85  83  64  71   0 106 117]
  [  0  63  99 116  64  71  86   0  80]
  [  0  63  67  80  65  72  87  90   0]]

 [[  0  91  66 111 112 107 115 107  75]
  [  0   0  77  81  91 106  90 106  87]
  [  0  62   0 114  68  73 112  78  95]
  [  0  72  63   0  71  67  93 117 100]
  [  0 113  60  89   0  71  93 111  87]
  [  0  99  89 117 119   0  98 112  83]
  [  0  60  80  71  67  62   0  73 106]
  [  0  62 110  99 113  73  79   0 118]
  [  0  90  81  82 118  98  66  67   0]]

 [[  0  96 104 119  92 109  66 116  66]
  [  0   0  76  61  89  80 110  91  66]
  [  0 105   0 119 100  60  77 101  65]
  [  0 105  63   0  78  87  64 113 112]
  [  0 100  71  88   0  72  93 109  93]
  [  0  68  64  92  82   0 115 109  99]
  [  0  81 111  68  78  62   0  95 104]
  [  0  70 115  71 101  77 118   0 116]
  [  0  70  76  90  81 113  74  70   0]]

 [[  0  84  79  71  62 106  70  89 102]
  [  0   0  84  95 112 116 114  88 118]
  [  0 118   0 116 110 111  77 102  69]
  [  0  95  71   0 109 113  71 103 113]
  [  0 109  92  95   0  88  72  81 115]
  [  0  73  68  91  94   0  87 111  95]
  [  0  93  94 106 110  97   0  93  66]
  [  0  96 114  72  81  68 102   0  96]
  [  0  81  92 107  96 119 110 104   0]]

 [[  0 111 116  98 115  87 117  78 108]
  [  0   0  93  90  76  79  66  60 100]
  [  0 119   0  79  68  62 114 104  67]
  [  0 118 113   0  73  77  72  63  89]
  [  0  97  80  94   0 107 113  82  60]
  [  0  90 117  94  83   0  83  81  87]
  [  0 111  95 100  77 104   0  82  96]
  [  0 100  82  80  68  93  64   0 119]
  [  0 118  63  62  99 107  83 107   0]]

 [[  0 112 105  92  80  71  78  83  84]
  [  0   0  75  68  80 115  85  98 113]
  [  0  85   0  94 110  76  60  83 100]
  [  0  88  81   0  87 106  68 115  84]
  [  0  75  85 108   0 115  78  91 104]
  [  0  87 101 100  93   0  90 105  64]
  [  0  96  62  66 110 102   0 115  71]
  [  0  75  89  81 102  68  68   0  96]
  [  0  72  87  87  84  92 112 106   0]]

 [[  0  70 113  63  68 111  92  61  80]
  [  0   0  64  74  85  79  72  72  82]
  [  0  70   0  76 111  90  67  63 103]
  [  0 100 119   0  88 115  72 105  75]
  [  0 110  91  87   0 100 101 105  88]
  [  0  62 107  65  93   0 100  84  89]
  [  0  68  86 108 112  68   0  92 107]
  [  0 109 105  81  74  86 112   0  91]
  [  0 105  87  90  98  82  87  88   0]]

 [[  0  70  90 119  91 109  92 114 113]
  [  0   0  72  79  64 116  96  61  63]
  [  0 119   0  96  61  68  71  88  93]
  [  0  67  81   0 101  87  77  94 102]
  [  0  88  69  77   0  70  86  75  76]
  [  0 104 107  66 109   0 118  76  83]
  [  0  85  79  99 100  83   0 103 111]
  [  0  70  95 112  98  83 106   0  75]
  [  0  63 119 111  85  63  90  92   0]]

 [[  0 109 109 109  84 108  67  89 107]
  [  0   0  80 118 107  65 101  72  79]
  [  0 103   0 118 103  86  61  62  90]
  [  0 100  76   0  85  99  72 115 119]
  [  0  93  60  98   0 108  77  73 109]
  [  0  87  96 118  68   0 112  96  93]
  [  0 119  70  86 107  92   0 105  88]
  [  0  90 113 111  74 115 116   0  82]
  [  0  88  98  73  80  87  65 103   0]]

 [[  0  97  85  96  67  90  60  95  63]
  [  0   0  63 105  62 106  77 109  70]
  [  0  98   0 113  98 109 105  73  60]
  [  0  79 116   0  97  68  66  95  61]
  [  0  75 109  61   0  62 114 115  93]
  [  0  79  97  93  65   0  91  96  68]
  [  0  99 105 110  88  91   0  76  65]
  [  0  70 108  96  68 109  82   0 116]
  [  0  98  70  90 113 106 107  84   0]]

 [[  0  94  80  94 101  84  82  96  74]
  [  0   0  69 105  76  83  98 114  98]
  [  0 106   0  69  60  79  78  85 112]
  [  0  91  96   0 112 101  63  95  88]
  [  0  64 116  69   0  61  71  85  64]
  [  0  80 104 115  61   0  69 116  85]
  [  0  74  89  77  76  74   0 103 100]
  [  0 102  98 114 101  92  98   0 117]
  [  0  68  95  82 110  88 111 100   0]]

 [[  0 106  67  71  70  65  69  91  92]
  [  0   0  88  92  89 107 100 105  95]
  [  0  70   0 107  73  96  85 100  93]
  [  0  89  96   0 119  95  76  67  77]
  [  0 100  74 119   0  98 119  75  99]
  [  0  80  96 111  94   0 111  90 112]
  [  0  73 100  92  64  96   0  92  63]
  [  0  97  67 116  60 102  76   0  88]
  [  0 118  73 103  71  91  95  70   0]]

 [[  0  76  98  69  93  76  74  63  93]
  [  0   0 114  93 111  71  97 116  79]
  [  0  94   0  71  82 101  95  64 115]
  [  0 117  71   0 105  85  71  83  81]
  [  0  98  89  94   0  95  89  84 106]
  [  0  96  95  63  60   0 105  75  78]
  [  0  90 105  62  72 101   0  85  99]
  [  0  96  87 102 116 109 118   0 107]
  [  0  88  72  85  79  84 119  79   0]]

 [[  0  74  76  67  80  91  60  60  86]
  [  0   0 114  90  66  99 104  87 111]
  [  0  88   0  91 117 111 105  65  71]
  [  0  93  77   0 115  66  92 111  80]
  [  0  85 112  89   0  72 105  99  65]
  [  0 110  63  83  65   0 110  73 105]
  [  0  76  78  69  91  73   0 118  84]
  [  0 113  98  99  82  87  79   0 105]
  [  0  70 118 119 108 110  91  69   0]]

 [[  0 109  93  83  62 115 102  70  97]
  [  0   0  62 101 110 101 106 117 108]
  [  0  68   0  70  97 108  96  94  94]
  [  0 109 112   0  86  93  85  69  71]
  [  0  92  90  94   0  91  77  93  82]
  [  0  74  86  91 112   0  81  88  93]
  [  0  99 111  81  82  75   0  73  60]
  [  0  90  70  60  78  89  69   0  78]
  [  0  66  65 109  95 108  70  66   0]]

 [[  0  65  66  86  89  81  94  90  84]
  [  0   0  62 109  80 115  74  60  69]
  [  0 108   0  86 110 113 110  92 115]
  [  0 110  80   0  62 109  64  99  79]
  [  0  66 113  90   0  71 100  83 112]
  [  0  94  95  69  61   0  95 103  93]
  [  0  61 107 107 101  68   0 113  66]
  [  0  71  90  87 118 118  80   0  88]
  [  0 113  70 113  71  75  89  95   0]]

 [[  0 104 119  97  93 111 104  83  97]
  [  0   0  81 104 114  90  66 113  76]
  [  0  87   0  87 110 115  61 105  74]
  [  0 118  71   0  92  97 116  71  73]
  [  0 112  73 117   0 113 102  92  62]
  [  0  80  93 117  75   0 108  82 115]
  [  0  97  70 108  64  63   0  84 118]
  [  0 108  73  90  68 116 101   0  77]
  [  0  69  75  81 101  60 101  73   0]]

 [[  0  65 109 116 115 101 118  92 118]
  [  0   0  83  69  94  80 116 108  81]
  [  0  83   0  72  80 104  91  93  77]
  [  0  95 110   0  77  78  79  71  93]
  [  0 116 115 108   0  86  61  65  89]
  [  0  70  80 100  83   0  99  87  89]
  [  0  92  89  85  78  62   0  81  93]
  [  0  99  71 112  87  92  67   0  90]
  [  0  90  90  64  89  60 105  70   0]]

 [[  0  73 100  84 109  76  81 107 107]
  [  0   0 119  82  82  87  68  68  73]
  [  0 101   0  82  83  60  75  70  64]
  [  0 117  98   0  94 109  65  61  94]
  [  0  82  62  64   0 108 119  97  67]
  [  0 107  64  79  75   0  63  75  88]
  [  0 117 115  68 115 105   0 104 112]
  [  0  74  80  74  95 104  84   0 106]
  [  0  73  65  72 116  86  81  67   0]]]
 delivery_times
 [[  0 181 197 188 188 190 185 190 188 195 188 186 199 190 175 171 186 182
  192 194 170 193 177 196 194 192 191 198 195 183 184 195 193 197 183 180
  182 195 198 179 181 178 171 172 181 170 172 181 191 191 176 179 198 194
  176 175 198 184 170 173 181 179 171 174 191 171 190 198 182 174 191 170
  188 194 191 188 197 188 187 181 183 198 196 186 197 191 194 190 197 188
  181 190 184 198 179 199 178 181 180 182 171 185 170 179 171 171 173 181
  184 186 186 176 185 189 187 193 181 184 198 183 180 192 199 176 173 179
  177 197 171 186 173 191 184 188 198 172 176 173 187 188 182 198 186 184
  189 187 181 185 170 184 172 172 193 185 196 186 189 197 174 173 180 191
  183 179 174 194 174 196 175 189 171 186 175 194 189 174 195 180 187 196
  181 195 170 175 190 193 179 187 195 178 199 171 193 195 190 171 197 187
  198 192 177 193 187 172 196 175 173 178 183 178 185 189 189 179 171 199
  175 173 180 188 172 182 197 174 195 174 198 173 172 179 172 176 199 197
  177 181 194 191 179 180 194 188 183 191 187 173 188 179 186 183 195 172
  196 172 187 191 180 180 184 196 180 182 195 172 173 193 187 193 178 192
  198 173 174 188 170 188 186 183 190 179 199 187 188 190 199 192 194 186
  186 179 182 181 185 187 196 176 185 181 180 178 174 195 179 171 191 187
  189 170 189 173 195 184 192 198 198 179 195 197 191 194 170]
 [  0 182 186 188 177 185 176 181 176 191 192 193 181 182 187 172 175 195
  183 170 198 198 176 185 184 172 198 199 183 189 181 196 185 186 198 189
  198 193 199 190 171 191 179 179 191 193 178 181 192 172 193 183 197 183
  188 176 183 188 197 187 196 192 176 184 196 181 187 178 191 190 180 184
  177 194 174 179 179 196 192 184 181 196 197 173 199 187 184 180 188 188
  178 184 198 191 185 196 195 199 193 182 170 178 189 192 171 182 172 199
  189 184 196 172 179 197 192 177 195 192 196 177 189 177 196 172 186 193
  191 171 183 198 177 178 191 184 199 171 198 193 188 176 188 171 187 177
  171 172 176 189 170 186 191 183 197 197 173 171 187 190 199 194 199 170
  191 192 194 178 172 192 187 198 192 199 186 192 182 181 180 191 184 184
  198 185 181 199 187 197 185 171 178 175 196 178 191 173 190 175 174 196
  177 190 181 196 197 198 196 173 178 180 171 194 172 172 186 187 178 173
  174 183 190 187 185 195 180 171 173 193 170 195 198 193 171 174 177 185
  170 190 199 185 187 189 195 175 198 186 190 191 172 194 176 170 199 182
  173 199 196 180 196 172 179 197 182 180 177 197 193 182 197 192 176 195
  195 184 186 185 187 181 195 185 182 185 195 174 190 170 187 181 188 180
  190 187 187 187 178 182 174 175 179 187 188 180 192 196 181 175 182 184
  194 192 185 170 194 194 195 177 173 182 187 188 177 199 187]
 [  0 177 185 192 197 194 191 185 186 193 176 183 194 194 187 181 192 178
  187 182 171 194 177 199 170 193 198 175 195 175 172 179 171 194 176 179
  194 188 176 187 197 195 191 170 183 189 184 195 199 198 182 179 189 176
  193 175 179 186 175 170 177 171 184 183 190 194 175 170 195 180 174 196
  177 191 185 171 171 179 190 172 177 192 185 194 185 176 193 185 198 189
  187 185 193 185 187 198 195 179 199 178 198 194 173 172 179 172 186 173
  191 174 176 191 181 199 170 197 178 189 198 174 195 180 185 172 171 173
  185 195 186 180 193 179 198 195 197 198 180 193 172 173 182 179 171 173
  197 192 187 182 196 199 186 191 182 188 182 180 182 193 192 198 196 174
  186 198 179 195 185 198 199 183 182 174 182 174 188 176 187 172 175 177
  170 192 191 188 197 199 199 190 195 196 183 182 172 177 183 198 199 193
  184 192 174 180 189 181 186 178 174 199 189 185 180 199 193 181 183 188
  184 193 194 177 187 192 188 199 197 199 197 172 179 197 175 183 177 183
  194 170 193 199 170 196 179 177 182 197 193 180 193 177 191 191 188 183
  187 191 193 179 185 182 191 177 191 186 188 193 170 174 188 195 175 178
  179 190 172 187 191 196 196 174 194 170 182 198 171 187 172 198 179 192
  188 190 185 189 184 180 191 187 172 193 186 185 197 194 181 187 199 181
  186 186 172 175 184 190 199 185 186 171 170 188 187 173 183]
 [  0 191 170 188 190 183 195 172 194 192 179 174 192 189 172 185 179 196
  187 178 194 170 172 181 184 177 191 191 185 187 170 170 186 179 175 198
  183 181 191 176 186 175 186 186 194 181 177 180 194 193 198 181 198 197
  171 171 189 182 184 181 192 172 192 190 195 182 182 195 172 173 186 195
  181 191 175 197 192 197 197 195 175 181 198 174 187 176 198 197 181 185
  199 180 194 174 199 179 196 192 197 175 195 184 191 189 183 174 184 186
  194 189 179 177 176 188 194 175 198 187 171 186 185 180 176 185 173 183
  183 193 197 171 187 188 179 199 193 187 186 192 183 193 197 179 199 197
  177 179 188 188 198 174 197 197 174 188 186 188 177 176 172 193 191 192
  190 189 182 184 175 193 191 183 191 172 197 175 172 198 176 199 188 196
  185 197 190 174 191 188 185 174 171 171 177 180 181 170 192 194 177 194
  185 181 196 185 187 177 199 176 190 196 175 190 192 189 189 172 190 189
  196 197 189 173 176 170 179 175 196 191 190 181 171 185 191 172 191 183
  171 185 189 174 191 176 175 192 172 170 171 183 180 188 184 173 187 185
  178 194 192 180 171 190 176 188 176 175 186 174 189 185 173 176 198 172
  186 197 171 189 177 192 179 197 199 172 189 174 191 172 175 175 176 184
  199 195 182 199 197 197 185 192 173 185 187 182 194 195 195 191 176 175
  178 198 196 194 197 195 192 197 177 176 173 192 177 187 198]
 [  0 179 193 190 170 186 172 192 178 183 177 188 180 186 185 187 199 193
  181 176 173 184 176 183 198 177 189 196 171 198 170 170 198 190 198 176
  176 194 180 177 198 177 170 174 171 188 187 194 180 175 188 171 197 196
  189 198 181 198 199 193 185 174 191 183 187 192 199 192 172 188 193 173
  182 172 185 176 195 179 199 195 198 173 185 184 177 196 173 184 185 174
  178 199 195 171 191 192 180 194 183 185 184 198 175 187 177 186 194 172
  184 178 192 185 195 197 172 187 177 175 195 180 191 172 196 196 179 177
  190 181 174 175 190 198 174 171 174 183 176 198 189 181 172 190 183 183
  184 190 180 191 185 182 184 190 171 176 188 171 170 190 195 183 177 198
  188 177 194 198 196 195 196 195 191 171 172 181 170 174 182 173 186 192
  191 187 170 195 189 179 181 176 176 189 172 176 186 197 186 194 199 187
  178 172 190 176 188 178 175 192 198 187 179 184 181 194 179 187 185 190
  195 182 197 173 190 194 192 178 181 173 184 191 196 184 185 179 178 193
  195 195 182 177 188 173 189 197 172 171 171 170 191 184 189 184 188 191
  199 195 183 181 176 197 192 199 194 176 198 192 186 176 178 191 195 184
  178 185 176 172 180 175 194 199 192 186 178 183 181 170 198 181 190 182
  197 173 193 170 178 198 184 188 187 171 183 199 187 186 191 177 195 191
  188 182 173 199 181 184 184 186 199 174 198 194 181 194 180]
 [  0 176 196 180 173 183 177 171 172 199 185 191 193 175 172 185 199 179
  193 184 195 184 191 175 199 196 175 181 192 174 181 182 185 181 174 194
  181 177 190 189 185 180 187 196 171 195 171 181 182 171 192 193 185 176
  183 178 177 187 199 194 187 174 179 175 186 199 186 192 199 182 197 181
  175 186 178 170 173 193 173 199 176 187 170 185 180 184 183 173 195 183
  187 173 183 186 173 174 180 176 170 185 194 183 180 190 179 175 170 187
  170 177 194 192 175 196 175 197 173 199 190 194 199 172 172 172 179 172
  191 184 190 189 193 196 190 199 186 190 182 182 171 178 192 177 174 189
  179 196 180 181 198 170 194 178 196 175 172 176 171 191 177 199 181 198
  194 170 174 170 171 197 176 177 191 171 195 190 185 177 175 191 188 184
  188 196 170 185 185 192 185 172 188 181 192 192 195 173 197 189 175 199
  199 198 179 174 196 194 194 188 175 181 189 171 181 182 176 173 183 186
  179 193 184 192 197 186 181 179 176 175 172 191 192 178 174 174 176 181
  171 180 171 182 183 172 196 182 178 190 180 198 198 196 196 177 176 170
  174 187 178 196 196 183 192 182 195 188 180 173 182 180 174 189 188 196
  186 176 172 192 176 192 172 180 176 183 197 181 180 189 195 194 177 198
  194 196 199 176 183 178 193 182 199 189 179 193 182 170 171 197 177 199
  185 185 184 199 183 187 192 184 180 184 193 189 188 196 173]
 [  0 177 193 171 196 176 190 171 198 184 191 175 188 176 174 187 198 188
  181 176 197 180 192 199 177 175 180 195 177 199 178 192 188 199 192 191
  196 192 191 195 193 178 177 196 173 196 172 177 184 172 196 173 187 171
  178 190 174 175 179 187 192 170 175 199 192 189 192 189 176 181 174 194
  170 194 191 170 181 181 172 173 171 191 193 181 197 175 181 187 190 172
  179 176 172 177 191 177 177 198 189 175 193 185 198 191 187 187 190 180
  191 183 199 190 188 187 179 176 193 171 190 182 196 192 179 186 174 176
  177 190 174 196 172 184 170 187 176 181 199 177 190 176 173 188 183 178
  172 170 174 172 191 198 199 170 182 183 189 190 183 193 190 185 176 192
  194 192 196 187 198 199 184 187 186 172 198 178 197 178 173 197 179 183
  171 192 173 195 181 171 195 190 174 185 199 179 180 170 178 195 174 186
  192 186 188 188 197 199 191 192 185 171 178 181 175 199 174 182 175 170
  174 187 170 197 186 196 173 176 193 180 190 180 195 190 179 184 191 189
  175 181 188 173 186 193 181 173 191 170 175 184 199 175 170 192 183 185
  188 199 193 174 173 198 174 170 194 191 196 186 179 183 196 181 173 175
  189 181 179 186 188 181 171 182 177 170 180 186 198 180 198 177 198 195
  195 195 174 191 196 186 180 182 185 189 196 176 182 175 191 173 180 189
  197 173 175 174 191 193 180 181 171 186 182 174 190 192 186]
 [  0 176 185 183 178 188 178 171 195 188 174 190 196 198 198 184 181 183
  178 184 190 174 172 196 199 196 187 180 193 195 190 180 172 175 186 191
  195 186 178 192 195 183 196 182 194 179 177 173 188 185 178 187 184 186
  177 177 175 191 177 186 171 180 190 186 183 182 175 181 193 188 196 185
  193 191 196 177 184 182 182 173 196 171 198 197 187 179 187 186 178 184
  192 179 186 174 182 197 183 178 173 190 177 177 194 186 195 186 197 173
  189 193 176 193 194 196 175 173 186 177 182 195 195 173 188 194 179 170
  179 175 174 182 189 188 190 187 178 174 177 196 196 199 195 184 186 188
  197 184 198 198 182 199 197 184 184 195 183 196 180 179 188 187 171 184
  184 184 181 196 172 196 196 180 184 171 181 187 177 182 186 190 179 175
  175 193 185 171 173 184 173 195 170 183 180 187 192 193 190 191 194 198
  170 182 188 182 187 198 194 198 188 189 195 181 198 181 185 184 195 176
  196 172 183 194 170 182 176 185 187 183 180 188 180 185 184 174 170 187
  182 193 197 198 191 173 185 190 194 170 181 189 197 172 186 178 174 187
  183 193 171 187 173 188 177 196 171 183 199 187 185 182 196 175 194 175
  186 176 185 194 184 178 171 195 181 196 171 193 188 199 174 194 171 181
  185 178 193 183 171 190 192 182 185 170 177 174 194 175 191 175 194 177
  180 170 180 180 175 173 181 178 186 188 186 197 171 171 173]
 [  0 184 192 187 176 188 170 175 190 184 199 192 198 193 193 193 198 176
  187 181 181 194 176 188 194 190 196 182 187 189 173 187 186 174 174 190
  197 178 195 171 183 182 186 191 170 178 175 197 178 199 173 174 184 171
  187 193 179 190 181 174 185 192 199 185 193 193 173 192 180 188 181 180
  194 195 180 185 191 179 174 191 198 174 196 175 175 171 188 171 197 172
  197 176 191 191 198 184 182 181 185 189 187 199 191 198 178 196 172 174
  172 171 176 193 185 191 193 174 198 185 196 191 198 192 199 187 181 181
  171 199 198 185 175 177 198 179 179 187 182 196 199 191 176 190 181 196
  179 185 189 170 197 182 179 182 171 178 172 181 191 178 194 199 191 178
  180 180 182 182 188 199 171 180 183 181 192 177 179 175 181 179 188 188
  185 188 198 171 176 182 198 185 173 186 181 192 183 183 192 179 175 180
  185 191 193 184 197 186 182 197 175 194 183 175 186 181 194 192 191 195
  195 187 191 184 181 175 187 177 177 185 198 182 193 178 191 186 194 173
  181 177 194 173 193 175 183 199 193 195 189 177 178 192 193 172 178 190
  197 180 173 176 193 175 175 193 179 170 179 194 179 197 191 195 196 178
  191 191 194 183 173 177 197 190 170 171 186 171 179 183 184 187 194 176
  187 187 190 178 181 179 175 189 177 185 178 187 181 197 184 172 179 181
  185 171 175 173 177 186 188 188 198 176 188 198 184 174 193]
 [  0 173 179 181 176 194 187 172 186 181 180 173 193 186 178 189 177 180
  194 186 184 177 192 194 177 170 177 175 181 178 188 179 185 181 190 178
  177 199 181 176 183 199 176 174 184 190 176 192 188 189 197 199 176 197
  188 186 197 195 171 182 177 188 170 196 175 182 178 175 175 194 192 172
  183 175 177 192 170 170 199 175 187 175 181 184 192 176 179 180 172 199
  183 179 195 190 186 171 184 182 195 195 199 172 197 173 187 172 191 181
  171 174 170 195 185 183 183 192 198 191 194 199 177 198 172 182 182 196
  182 173 196 190 198 180 174 187 180 176 179 174 183 180 193 191 198 186
  191 187 194 184 171 171 183 179 172 193 185 173 192 180 171 197 188 178
  174 176 182 175 183 193 178 192 187 172 173 173 173 181 176 171 180 189
  176 179 198 196 175 177 176 183 192 192 185 192 186 175 182 176 177 177
  189 196 194 190 197 174 188 193 190 179 189 187 174 170 189 181 173 177
  176 185 183 196 191 172 174 192 179 187 170 187 184 176 196 175 186 172
  177 189 172 176 170 172 174 176 176 184 196 197 199 193 199 176 198 179
  192 193 186 176 193 191 175 192 191 175 174 173 170 182 184 174 184 178
  186 187 178 174 192 187 176 199 195 191 186 180 174 177 184 181 175 190
  191 181 180 176 175 177 184 174 186 171 193 184 177 180 177 178 182 171
  173 173 197 192 199 173 173 187 190 189 191 182 196 197 189]
 [  0 172 195 175 177 186 171 192 194 188 188 192 194 184 181 170 179 181
  195 174 188 182 173 187 184 176 170 180 177 199 179 193 173 176 176 196
  193 193 192 172 187 193 184 180 176 193 181 197 173 197 186 173 175 197
  186 189 187 182 181 194 179 173 195 186 173 181 184 171 183 173 170 189
  177 189 179 183 171 186 182 186 184 183 173 181 174 186 184 190 197 193
  186 170 196 191 194 183 195 196 177 174 193 196 174 199 181 172 189 172
  175 182 194 188 184 191 194 191 189 179 195 196 195 187 186 176 192 185
  197 188 174 195 171 182 191 198 192 186 177 173 195 180 185 175 170 182
  196 183 186 171 180 181 188 182 199 191 195 191 183 195 190 188 181 183
  178 171 197 172 197 178 180 177 176 198 182 197 188 190 179 175 196 185
  194 188 173 184 175 191 189 198 193 182 188 190 187 199 196 180 178 196
  194 178 175 193 187 189 188 172 184 171 197 175 174 177 193 199 191 194
  178 171 186 172 194 180 171 193 184 179 187 174 195 172 184 171 191 184
  193 180 196 176 187 172 173 197 189 195 199 180 186 199 199 192 176 180
  188 184 182 198 174 182 170 175 176 183 185 196 184 178 181 175 184 196
  193 198 190 175 194 199 192 173 183 180 189 182 196 196 185 186 183 171
  182 193 177 194 196 198 189 182 192 191 172 187 199 173 174 177 196 184
  171 193 174 175 181 175 190 197 188 186 179 191 172 180 180]
 [  0 181 181 184 194 177 198 195 183 179 192 182 171 173 197 188 187 192
  198 174 199 190 171 188 171 172 199 182 175 172 187 189 188 188 188 182
  199 194 180 178 182 188 185 172 193 193 193 180 189 199 191 185 192 195
  191 173 176 186 192 185 199 178 182 194 185 180 189 172 173 172 178 192
  181 179 175 181 177 185 172 173 184 195 188 197 174 174 175 180 195 195
  174 193 182 186 190 177 184 179 172 194 193 199 198 179 198 186 189 186
  176 184 178 180 185 187 171 171 175 185 181 183 187 184 181 171 171 181
  183 191 189 194 184 186 179 198 180 183 192 175 173 177 198 182 170 171
  198 175 198 186 184 176 182 199 189 188 174 171 177 199 195 187 196 177
  177 179 187 177 181 195 175 187 184 186 182 186 179 185 178 174 189 199
  180 190 181 177 189 198 191 183 195 175 187 171 199 184 175 171 184 180
  184 195 172 195 199 183 171 198 173 189 178 178 182 178 187 199 181 190
  192 199 193 179 176 185 185 172 171 173 188 186 196 173 176 196 172 196
  187 195 190 175 186 193 172 189 193 189 187 197 186 175 173 188 193 174
  199 183 179 170 197 192 192 179 193 179 191 181 182 178 182 190 192 193
  177 198 194 191 182 178 191 173 187 198 187 180 178 194 174 194 192 193
  172 193 192 197 178 176 188 191 175 174 182 187 171 175 193 186 182 198
  194 182 182 182 198 177 184 190 189 196 197 171 177 174 181]
 [  0 170 191 198 181 194 176 188 183 197 188 175 179 174 178 196 171 178
  180 197 190 185 189 194 199 194 178 174 186 171 179 170 192 172 198 196
  196 185 182 180 186 194 174 173 199 189 183 179 195 170 193 190 189 190
  176 181 188 176 188 187 171 180 174 194 173 172 174 175 190 182 190 186
  184 179 185 179 183 189 173 188 176 197 194 193 188 178 191 180 190 174
  178 183 193 171 199 187 183 191 173 178 187 197 187 189 193 170 189 188
  181 178 193 179 178 197 170 183 190 181 195 176 199 180 187 197 191 196
  191 197 174 181 185 190 193 180 192 184 198 174 185 195 197 181 179 185
  195 197 195 198 172 199 175 194 190 181 198 175 181 177 175 179 181 189
  199 194 177 188 197 186 185 186 170 194 185 185 193 170 183 191 184 174
  176 175 175 185 182 178 174 199 181 189 190 191 196 177 182 176 194 178
  185 176 199 174 196 174 192 172 173 197 176 184 178 184 175 185 190 186
  181 190 172 199 194 181 187 179 194 181 195 178 189 187 174 176 179 175
  195 173 181 173 175 194 176 199 186 179 179 196 176 186 199 191 189 190
  172 188 190 182 180 197 193 177 177 174 186 185 189 175 195 170 173 180
  182 189 171 171 185 190 192 198 175 177 190 179 172 174 188 191 195 189
  184 178 187 178 177 180 170 187 197 176 184 174 194 181 179 190 178 171
  176 175 184 193 199 170 184 172 195 189 196 197 197 185 196]
 [  0 187 189 179 196 189 184 182 181 194 187 198 186 195 184 179 197 188
  180 188 181 190 197 191 193 194 180 176 190 171 171 175 185 177 188 196
  170 176 177 199 192 173 176 173 173 196 174 197 188 172 197 190 182 187
  181 198 184 199 195 189 172 178 193 199 193 178 173 179 173 170 174 198
  186 179 190 179 175 177 199 192 187 181 185 190 189 170 195 191 172 181
  197 173 199 173 199 188 188 194 183 195 197 194 174 172 193 184 177 197
  179 170 181 187 189 189 191 175 195 187 191 181 172 173 190 170 170 188
  182 170 195 189 170 179 186 179 197 179 172 194 185 173 199 188 189 172
  176 188 172 199 194 178 186 175 170 187 185 178 170 186 191 173 176 190
  179 184 184 170 177 180 172 179 170 186 176 194 172 184 199 183 189 181
  172 179 195 196 181 186 190 195 174 183 179 192 173 171 183 190 170 172
  188 184 179 190 193 188 170 173 195 175 186 185 195 194 192 196 179 196
  190 172 193 196 179 197 188 182 170 199 187 187 179 172 187 179 177 170
  177 193 188 196 172 189 199 193 190 184 173 182 197 191 182 186 172 171
  171 194 187 190 177 186 192 190 178 193 170 180 173 196 181 185 198 176
  181 178 188 183 196 195 182 194 199 185 183 188 179 173 173 181 180 172
  171 175 174 183 196 180 185 192 182 189 183 176 185 194 186 175 181 175
  170 187 196 199 197 194 194 187 198 189 194 174 196 198 196]
 [  0 182 177 186 182 175 174 183 177 174 198 176 172 189 186 181 178 179
  192 191 187 185 185 177 197 181 178 198 189 194 186 185 172 199 185 190
  196 191 173 198 190 188 181 192 191 182 192 193 199 173 189 178 183 189
  182 177 175 199 194 176 184 182 182 175 192 178 191 187 190 188 199 171
  196 181 180 184 193 192 193 179 177 181 197 181 171 184 182 175 186 189
  185 184 180 178 178 176 184 193 173 189 190 193 194 199 173 189 194 184
  176 170 189 178 195 172 171 178 174 190 183 193 193 188 191 188 192 183
  172 181 189 186 194 178 172 178 172 199 188 198 170 198 175 183 192 179
  182 171 175 184 171 188 185 180 181 177 172 186 177 199 176 183 190 172
  198 172 197 185 195 196 174 171 199 188 183 193 194 185 190 178 176 183
  185 199 170 189 176 172 180 171 174 187 190 182 191 187 176 197 196 179
  173 190 197 195 199 184 179 174 177 189 172 173 171 198 197 188 175 185
  177 177 182 186 182 190 175 175 188 184 198 188 197 178 172 172 191 190
  178 188 191 182 181 192 177 184 170 181 193 183 186 171 187 198 180 199
  183 170 180 193 186 172 180 183 171 192 198 173 171 181 192 197 182 197
  195 172 184 195 171 180 179 194 177 180 182 190 185 183 197 195 198 186
  173 190 192 182 182 176 199 176 172 177 170 170 192 182 190 183 198 182
  193 198 199 199 198 184 189 187 192 181 190 199 174 195 193]
 [  0 189 192 178 193 171 172 176 188 192 196 190 173 172 180 194 183 178
  193 195 195 189 171 186 191 191 170 177 185 187 171 182 173 199 194 172
  198 174 175 179 178 181 172 190 191 182 192 172 197 181 181 176 180 179
  184 198 172 170 181 171 186 190 194 191 174 189 199 188 187 196 175 172
  185 182 181 193 183 189 180 190 178 189 190 178 186 189 190 175 175 170
  196 174 191 171 196 176 179 177 186 192 182 199 192 179 175 189 191 199
  181 188 185 190 175 192 179 184 180 181 182 177 196 197 199 194 197 184
  191 180 176 195 189 194 195 199 199 187 191 178 170 196 177 186 193 186
  187 181 182 170 186 184 180 190 171 190 182 190 187 190 181 175 185 198
  194 187 184 179 181 193 190 192 189 181 178 191 183 199 187 178 196 171
  191 190 176 173 173 184 197 197 194 173 190 186 170 186 175 196 186 197
  190 184 193 179 185 195 195 187 183 171 171 194 191 188 186 183 191 171
  180 181 173 189 186 199 178 198 186 172 188 198 185 193 170 174 188 170
  183 173 172 176 181 175 181 181 171 193 193 191 192 191 199 199 193 178
  196 170 174 188 181 181 173 176 177 198 189 175 184 174 185 173 193 190
  170 174 170 171 182 184 186 188 175 197 192 172 197 181 196 180 178 197
  194 173 187 191 196 185 175 185 182 183 170 183 182 173 178 196 198 195
  173 199 178 195 194 193 174 180 182 186 178 196 182 189 195]
 [  0 181 192 189 193 173 191 185 175 175 192 184 194 183 196 191 177 175
  180 188 174 180 193 197 174 190 173 192 183 178 192 176 199 170 176 192
  195 177 179 192 172 175 170 195 191 191 181 189 195 175 196 175 194 190
  171 174 193 181 179 191 196 180 188 182 185 191 193 198 177 183 183 172
  176 181 195 193 176 191 195 198 199 173 175 182 177 198 180 175 193 170
  188 171 175 182 192 180 170 195 172 194 175 177 182 185 192 177 177 179
  177 193 178 186 176 173 184 196 190 188 197 194 184 187 187 193 196 199
  196 171 188 171 188 195 171 189 173 187 185 199 180 181 181 190 175 172
  170 182 182 186 171 172 179 175 192 191 199 173 198 173 179 196 170 184
  197 177 187 179 177 179 191 171 181 185 198 183 195 189 176 175 186 172
  170 181 177 183 195 173 175 171 199 196 184 189 193 179 196 179 178 174
  170 173 178 192 170 191 171 173 176 193 192 181 192 197 178 188 195 170
  190 173 171 187 181 196 187 190 171 170 175 191 174 179 188 194 186 175
  187 199 179 175 188 171 178 184 193 189 196 175 174 189 197 185 198 173
  186 174 192 171 199 181 174 184 181 178 177 191 185 184 195 190 198 172
  188 175 198 197 183 179 190 197 185 182 196 198 194 188 194 178 183 174
  192 197 176 176 177 195 173 196 181 175 193 188 170 179 170 172 194 192
  190 188 177 185 184 176 191 176 185 177 197 193 170 173 180]
 [  0 173 170 171 175 184 199 171 178 182 184 174 186 189 177 175 197 184
  199 184 175 177 170 199 180 170 186 190 174 195 191 198 191 170 173 189
  184 176 190 179 192 197 178 176 196 183 197 194 192 185 187 194 172 187
  189 182 189 181 194 194 178 188 182 170 183 199 170 183 190 192 194 192
  193 176 172 174 184 187 190 197 175 180 176 182 193 187 175 188 186 177
  198 173 195 174 178 170 183 197 194 179 173 194 194 177 192 178 196 197
  178 182 177 196 187 194 193 193 180 188 191 196 172 182 193 172 198 189
  197 185 173 173 181 188 176 174 182 190 192 178 175 182 193 196 191 192
  189 182 173 180 185 195 182 188 173 199 197 180 181 176 194 187 174 187
  185 188 193 199 171 179 198 182 195 194 172 195 189 195 182 186 184 178
  173 179 189 188 192 181 197 178 181 191 191 198 173 193 191 190 182 183
  189 195 194 190 198 174 184 191 182 173 172 191 186 181 189 174 183 183
  178 187 170 198 175 194 173 195 193 188 175 188 179 183 191 183 183 175
  186 186 193 181 174 190 173 183 192 197 198 182 171 179 179 182 170 183
  178 197 172 172 187 181 178 186 195 190 172 196 194 189 199 174 193 197
  182 179 178 189 185 185 185 174 195 175 189 174 198 194 191 194 190 194
  196 187 185 193 197 193 183 170 170 171 198 182 189 196 178 181 179 182
  171 189 199 174 198 182 173 170 187 174 198 194 187 195 197]
 [  0 191 198 197 172 174 191 181 173 187 173 193 188 196 172 184 199 170
  180 192 172 195 175 187 195 190 196 182 180 199 195 177 187 196 192 192
  179 178 193 171 170 197 185 180 174 189 199 190 188 191 174 186 194 192
  188 191 182 172 179 185 185 199 183 180 185 184 199 188 198 170 199 180
  192 179 188 184 186 177 180 176 185 197 179 197 195 171 184 195 190 177
  171 189 185 183 199 184 188 193 172 195 188 192 181 178 198 179 173 184
  177 197 195 190 179 170 196 187 187 190 193 172 195 184 185 171 174 196
  186 188 181 179 182 199 184 171 186 170 190 194 187 182 193 174 172 171
  182 195 172 183 182 183 180 193 181 179 197 170 175 180 182 180 184 195
  178 198 174 195 192 176 197 184 193 181 192 188 188 175 175 196 194 181
  179 182 189 174 198 177 175 172 178 197 196 171 170 174 187 185 192 179
  187 180 174 187 190 189 178 181 186 182 199 199 193 179 178 181 199 185
  181 192 194 172 184 170 193 189 192 178 190 173 195 194 194 194 178 177
  173 196 173 188 193 188 194 185 184 178 180 170 193 177 172 191 197 174
  193 179 192 194 172 174 183 196 171 182 179 180 172 176 191 192 171 174
  193 179 170 171 188 199 188 172 187 174 189 180 175 198 186 178 194 186
  190 199 180 199 172 178 199 188 188 170 191 188 191 174 190 171 174 196
  194 185 195 199 186 194 197 172 195 170 195 188 188 185 188]
 [  0 177 197 173 181 194 173 173 182 191 173 197 199 183 198 180 182 182
  172 176 172 187 173 197 178 182 178 184 189 194 191 184 171 195 199 178
  187 178 195 185 170 172 172 180 187 185 187 186 191 198 183 178 183 196
  193 182 184 174 192 192 186 183 170 179 182 190 192 196 193 187 186 191
  185 196 187 180 191 183 182 178 170 175 194 182 194 187 178 191 191 172
  195 182 174 197 198 192 182 174 172 171 176 196 174 182 176 194 186 179
  190 187 176 199 187 183 175 170 188 199 197 181 176 171 195 196 188 177
  185 181 196 184 199 180 194 198 171 178 171 185 180 189 186 175 180 189
  187 193 186 175 197 175 196 193 176 192 177 197 199 177 178 197 190 196
  177 177 172 177 199 195 174 191 183 172 174 180 175 186 187 174 196 170
  179 185 181 191 175 181 178 189 193 195 193 191 190 198 188 192 177 198
  182 183 196 197 184 189 174 189 176 185 185 189 186 183 198 181 173 180
  194 170 196 177 184 170 174 186 185 184 198 184 186 181 186 176 184 173
  198 188 196 194 174 178 179 176 176 185 184 192 178 183 196 186 193 196
  177 192 194 190 198 187 192 186 184 172 170 184 174 195 175 189 198 185
  190 187 172 178 194 191 175 178 183 175 182 199 173 175 195 187 179 198
  187 187 187 194 195 189 191 176 173 194 171 175 183 185 176 192 188 184
  190 197 172 194 179 182 191 181 191 194 186 192 192 187 180]]
 job2fam
 [[1 0 0 0 0 0 0 0 0 0 0 0 0 0 0 0 0 0 0 0 0 0 0 0 0 0 0 0 0 0 0 0 0 0 0 0
  0 0 0 0 0 0 0 0 0 0 0 0 0 0 0 0 0 0 0 0 0 0 0 0 0 0 0 0 0 0 0 0 0 0 0 0
  0 0 0 0 0 0 0 0 0 0 0 0 0 0 0 0 0 0 0 0 0 0 0 0 0 0 0 0 0 0 0 0 0 0 0 0
  0 0 0 0 0 0 0 0 0 0 0 0 0 0 0 0 0 0 0 0 0 0 0 0 0 0 0 0 0 0 0 0 0 0 0 0
  0 0 0 0 0 0 0 0 0 0 0 0 0 0 0 0 0 0 0 0 0 0 0 0 0 0 0 0 0 0 0 0 0 0 0 0
  0 0 0 0 0 0 0 0 0 0 0 0 0 0 0 0 0 0 0 0 0 0 0 0 0 0 0 0 0 0 0 0 0 0 0 0
  0 0 0 0 0 0 0 0 0 0 0 0 0 0 0 0 0 0 0 0 0 0 0 0 0 0 0 0 0 0 0 0 0 0 0 0
  0 0 0 0 0 0 0 0 0 0 0 0 0 0 0 0 0 0 0 0 0 0 0 0 0 0 0 0 0 0 0 0 0 0 0 0
  0 0 0 0 0 0 0 0 0 0 0 0 0 0 0 0 0 0 0 0 0 0 0 0 0 0 0 0 0 0 0 0 0]
 [0 0 0 0 0 0 0 0 0 0 0 0 0 1 0 0 0 1 0 0 0 0 0 0 0 0 0 0 0 0 0 1 0 0 0 0
  0 0 0 1 0 1 0 0 0 1 1 1 0 0 0 0 0 0 0 0 0 0 0 1 0 0 1 0 0 0 1 0 0 0 0 0
  0 0 0 0 0 0 0 0 0 0 0 0 0 0 0 0 1 0 1 1 0 0 0 0 0 0 1 0 0 0 0 0 0 0 1 0
  1 0 0 0 0 0 0 0 0 0 0 0 0 0 1 1 0 0 0 0 0 0 0 0 0 0 0 0 0 0 0 0 0 0 1 0
  0 0 0 0 0 0 0 0 0 0 0 0 0 0 0 0 0 0 0 0 0 0 0 0 0 0 0 0 0 1 1 0 0 0 0 0
  0 0 0 0 0 0 0 1 0 0 1 0 0 1 1 0 0 0 0 0 0 0 0 0 0 0 1 1 0 0 0 0 0 0 0 0
  0 0 0 0 0 0 0 0 1 0 0 0 0 0 1 0 0 0 0 0 0 1 0 0 0 0 0 0 0 0 0 0 0 0 0 0
  0 0 0 0 0 0 0 0 0 0 0 0 1 0 1 0 0 0 0 0 1 1 0 1 0 0 0 0 0 0 0 0 0 0 0 0
  0 0 0 0 1 0 0 0 0 0 0 0 0 0 1 0 0 0 0 0 0 0 1 0 0 0 0 0 0 0 1 0 0]
 [0 1 0 0 0 0 1 1 0 0 0 0 0 0 0 0 0 0 0 0 0 0 0 1 0 0 0 0 0 0 0 0 1 0 0 0
  1 0 0 0 0 0 0 0 0 0 0 0 0 1 0 0 0 0 0 0 1 0 1 0 0 0 0 1 1 0 0 0 0 0 0 1
  0 0 0 0 1 0 0 0 1 0 0 1 0 0 0 0 0 1 0 0 0 0 0 1 0 0 0 0 0 0 1 0 0 0 0 1
  0 0 0 0 0 0 0 0 0 0 0 1 0 0 0 0 0 0 1 0 1 1 0 0 0 0 0 0 0 1 0 1 0 0 0 0
  0 1 0 1 0 0 0 1 0 0 0 0 0 0 0 0 0 0 0 0 0 0 0 0 0 0 0 0 0 0 0 0 0 0 0 1
  0 0 0 0 0 0 0 0 0 0 0 0 0 0 0 0 1 0 0 0 0 0 0 0 0 0 0 0 0 0 0 0 0 0 0 0
  0 0 0 1 1 1 0 0 0 1 0 0 0 0 0 1 0 0 1 0 0 0 0 0 1 0 0 1 1 0 0 1 0 0 0 0
  0 0 0 0 0 0 0 0 0 0 0 0 0 0 0 0 0 0 0 0 0 0 0 0 0 0 0 1 0 0 0 1 0 0 0 0
  0 0 0 0 0 0 0 0 0 0 1 0 0 0 0 0 1 0 0 0 0 0 0 0 0 0 0 0 1 0 0 0 0]
 [0 0 0 0 0 0 0 0 0 0 0 1 0 0 1 0 0 0 0 1 0 0 0 0 0 0 0 1 1 1 0 0 0 0 0 0
  0 0 0 0 1 0 0 0 0 0 0 0 1 0 0 0 1 1 0 0 0 0 0 0 1 0 0 0 0 1 0 0 0 0 1 0
  0 0 0 0 0 1 0 0 0 0 0 0 0 0 0 0 0 0 0 0 0 0 0 0 0 0 0 0 0 0 0 1 0 0 0 0
  0 0 1 0 0 0 0 0 0 1 1 0 0 1 0 0 0 0 0 1 0 0 0 0 0 0 0 0 0 0 0 0 0 0 0 0
  0 0 0 0 0 0 0 0 0 0 0 0 0 0 0 0 0 0 0 0 1 0 0 0 0 0 0 0 0 0 0 1 0 0 0 0
  0 0 0 0 0 0 0 0 0 0 0 0 0 0 0 0 0 0 0 0 0 1 0 0 0 0 0 0 0 0 0 0 0 0 1 0
  0 0 0 0 0 0 1 0 0 0 0 0 0 0 0 0 0 0 0 0 0 0 0 0 0 1 0 0 0 0 0 0 1 0 0 0
  0 0 0 1 0 1 0 0 1 0 0 0 0 0 0 0 0 0 0 0 0 0 1 0 0 1 0 0 0 0 1 0 1 0 0 0
  0 0 0 0 0 0 0 0 0 0 0 0 0 0 0 1 0 0 1 0 0 1 0 1 0 0 0 0 0 0 0 0 0]
 [0 0 0 1 0 0 0 0 0 0 0 0 1 0 0 0 0 0 0 0 0 0 0 0 0 1 1 0 0 0 0 0 0 0 0 1
  0 0 0 0 0 0 1 0 0 0 0 0 0 0 0 1 0 0 0 0 0 1 0 0 0 1 0 0 0 0 0 0 0 0 0 0
  1 0 0 0 0 0 1 0 0 0 0 0 0 0 1 0 0 0 0 0 0 0 0 0 1 0 0 0 1 0 0 0 1 0 0 0
  0 0 0 0 0 0 1 0 0 0 0 0 0 0 0 0 0 0 0 0 0 0 0 0 0 1 0 1 1 0 0 0 0 0 0 0
  0 0 1 0 1 0 0 0 0 0 1 0 1 0 1 0 0 1 1 0 0 1 0 0 0 1 0 0 0 0 0 0 0 0 0 0
  0 0 0 0 0 0 0 0 0 0 0 0 0 0 0 0 0 0 0 0 0 0 0 0 1 1 0 0 0 0 0 1 0 0 0 0
  0 0 0 0 0 0 0 0 0 0 1 1 0 0 0 0 1 0 0 0 1 0 0 0 0 0 0 0 0 0 1 0 0 1 0 0
  1 0 0 0 1 0 0 0 0 0 1 0 0 0 0 0 1 1 0 0 0 0 0 0 0 0 0 0 0 0 0 0 0 1 0 0
  0 0 0 0 0 1 0 1 0 0 0 0 0 0 0 0 0 0 0 1 1 0 0 0 0 0 0 0 0 0 0 1 0]
 [0 0 0 0 0 0 0 0 0 0 1 0 0 0 0 0 0 0 0 0 0 0 0 0 0 0 0 0 0 0 0 0 0 1 0 0
  0 1 0 0 0 0 0 1 0 0 0 0 0 0 0 0 0 0 1 1 0 0 0 0 0 0 0 0 0 0 0 0 0 0 0 0
  0 0 0 1 0 0 0 0 0 0 0 0 0 1 0 0 0 0 0 0 0 0 1 0 0 0 0 0 0 0 0 0 0 0 0 0
  0 0 0 0 0 1 0 0 0 0 0 0 0 0 0 0 0 0 0 0 0 0 0 0 0 0 0 0 0 0 0 0 0 0 0 0
  0 0 0 0 0 1 1 0 0 0 0 1 0 0 0 0 0 0 0 0 0 0 1 0 0 0 0 0 0 0 0 0 0 1 0 0
  0 0 0 0 1 0 0 0 0 0 0 1 0 0 0 1 0 0 0 0 0 0 0 1 0 0 0 0 1 0 0 0 1 0 0 0
  0 0 0 0 0 0 0 0 0 0 0 0 1 1 0 0 0 1 0 1 0 0 1 0 0 0 0 0 0 0 0 0 0 0 0 0
  0 1 1 0 0 0 1 0 0 0 0 0 0 1 0 0 0 0 0 0 0 0 0 0 0 0 0 0 0 0 0 0 0 0 1 0
  0 0 0 0 0 0 1 0 0 0 0 0 0 0 0 0 0 1 0 0 0 0 0 0 0 0 1 0 0 0 0 0 1]
 [0 0 0 0 0 0 0 0 0 0 0 0 0 0 0 0 1 0 1 0 0 0 0 0 1 0 0 0 0 0 0 0 0 0 1 0
  0 0 0 0 0 0 0 0 0 0 0 0 0 0 1 0 0 0 0 0 0 0 0 0 0 0 0 0 0 0 0 1 0 1 0 0
  0 1 1 0 0 0 0 0 0 0 0 0 0 0 0 1 0 0 0 0 0 1 0 0 0 0 0 1 0 0 0 0 0 0 0 0
  0 1 0 1 1 0 0 0 1 0 0 0 0 0 0 0 1 1 0 0 0 0 0 1 0 0 0 0 0 0 0 0 0 0 0 1
  0 0 0 0 0 0 0 0 0 0 0 0 0 1 0 0 0 0 0 0 0 0 0 0 0 0 1 0 0 0 0 0 1 0 1 0
  0 1 0 0 0 0 0 0 0 1 0 0 0 0 0 0 0 1 0 0 1 0 0 0 0 0 0 0 0 0 1 0 0 0 0 0
  0 0 1 0 0 0 0 1 0 0 0 0 0 0 0 0 0 0 0 0 0 0 0 1 0 0 1 0 0 1 0 0 0 0 0 1
  0 0 0 0 0 0 0 0 0 0 0 1 0 0 0 1 0 0 0 0 0 0 0 0 0 0 0 0 0 0 0 0 0 0 0 0
  1 0 0 0 0 0 0 0 0 1 0 1 0 0 0 0 0 0 0 0 0 0 0 0 1 0 0 0 0 0 0 0 0]
 [0 0 1 0 0 0 0 0 0 1 0 0 0 0 0 1 0 0 0 0 0 1 1 0 0 0 0 0 0 0 1 0 0 0 0 0
  0 0 1 0 0 0 0 0 0 0 0 0 0 0 0 0 0 0 0 0 0 0 0 0 0 0 0 0 0 0 0 0 1 0 0 0
  0 0 0 0 0 0 0 1 0 1 1 0 0 0 0 0 0 0 0 0 0 0 0 0 0 1 0 0 0 0 0 0 0 0 0 0
  0 0 0 0 0 0 0 0 0 0 0 0 0 0 0 0 0 0 0 0 0 0 0 0 1 0 0 0 0 0 1 0 1 1 0 0
  0 0 0 0 0 0 0 0 0 1 0 0 0 0 0 0 0 0 0 1 0 0 0 0 1 0 0 1 0 0 0 0 0 0 0 0
  1 0 1 1 0 0 0 0 0 0 0 0 0 0 0 0 0 0 1 1 0 0 1 0 0 0 0 0 0 1 0 0 0 1 0 0
  0 1 0 0 0 0 0 0 0 0 0 0 0 0 0 0 0 0 0 0 0 0 0 0 0 0 0 0 0 0 0 0 0 0 1 0
  0 0 0 0 0 0 0 0 0 0 0 0 0 0 0 0 0 0 0 0 0 0 0 0 0 0 1 0 0 1 0 0 0 0 0 1
  0 1 0 0 0 0 0 0 1 0 0 0 1 1 0 0 0 0 0 0 0 0 0 0 0 0 0 0 0 1 0 0 0]
 [0 0 0 0 1 1 0 0 1 0 0 0 0 0 0 0 0 0 0 0 1 0 0 0 0 0 0 0 0 0 0 0 0 0 0 0
  0 0 0 0 0 0 0 0 1 0 0 0 0 0 0 0 0 0 0 0 0 0 0 0 0 0 0 0 0 0 0 0 0 0 0 0
  0 0 0 0 0 0 0 0 0 0 0 0 1 0 0 0 0 0 0 0 1 0 0 0 0 0 0 0 0 1 0 0 0 1 0 0
  0 0 0 0 0 0 0 1 0 0 0 0 1 0 0 0 0 0 0 0 0 0 1 0 0 0 1 0 0 0 0 0 0 0 0 0
  1 0 0 0 0 0 0 0 1 0 0 0 0 0 0 1 1 0 0 0 0 0 0 1 0 0 0 0 1 0 0 0 0 0 0 0
  0 0 0 0 0 1 1 0 1 0 0 0 1 0 0 0 0 0 0 0 0 0 0 0 0 0 0 0 0 0 0 0 0 0 0 1
  1 0 0 0 0 0 0 0 0 0 0 0 0 0 0 0 0 0 0 0 0 0 0 0 0 0 0 0 0 0 0 0 0 0 0 0
  0 0 0 0 0 0 0 1 0 1 0 0 0 0 0 0 0 0 1 1 0 0 0 0 1 0 0 0 1 0 0 0 0 0 0 0
  0 0 1 1 0 0 0 0 0 0 0 0 0 0 0 0 0 0 0 0 0 0 0 0 0 1 0 1 0 0 0 0 0]]
