params：
 weight-->(1, 10)
 proc_times-->(1, 100)
 setup_times-->(15, 30)
 delivery_times-->(100, 200)
 job_rate-->16

start:
alpha_1
16
 alpha_2
0.5
 mach
20
 job
320
 fam
12
 weigh
 [[0 1 1 9 3 4 5 8 5 2 9 4 5 1 9 9 5 3 4 4 1 3 9 7 6 5 9 1 8 4 1 7 5 5 7 8
  8 1 2 5 6 7 7 7 8 6 2 7 1 6 8 7 9 5 3 5 6 7 1 1 8 1 2 4 3 6 7 1 3 8 7 3
  8 7 7 6 3 4 1 9 8 5 9 7 1 6 8 3 8 5 6 2 7 7 4 3 6 2 7 2 6 8 9 6 9 5 8 2
  5 4 8 9 1 2 2 8 3 5 3 8 6 5 7 4 8 5 1 5 9 5 7 1 4 1 9 3 5 8 2 9 3 3 2 1
  3 4 4 4 3 4 7 1 4 9 9 7 1 8 3 3 8 9 7 8 2 7 7 6 5 4 4 5 3 2 6 1 4 7 4 6
  2 2 3 4 8 2 2 5 3 1 4 9 9 6 9 6 7 8 2 1 7 1 8 9 4 9 5 5 1 4 6 7 6 1 4 7
  9 4 9 9 3 6 2 9 2 9 8 1 9 1 9 2 2 6 9 9 1 4 7 8 2 8 1 7 9 8 9 7 1 5 6 7
  4 4 8 3 3 6 4 9 1 4 7 7 1 3 4 1 7 6 9 4 9 7 6 1 3 7 7 7 8 1 2 3 6 5 8 9
  3 8 7 9 5 7 1 4 7 3 6 9 3 8 9 2 7 1 6 5 8 1 8 6 2 7 8 9 9 5 9 1 8]]
 proc_times
 [[  0  36  51  84  52  97  60  63  70  35  72  43  30  49  48  78   2  47
   90  51  64  74  52  61  21  38  80  26  84  58  79  20  65  73  26  24
   90  19  90  42  64  84  77   3  17  80  59  92  76  82  91  36  90  62
    4  67  72  73  15  47  44  93  88  83  57  49   1  26  98  46  91  92
   62  39  70  16  74  21  53  38 100  85  82  82  67  61  49   9  71  41
   62  24  33  37  33  30  39  31  63  48   8  64  35  50  94  28  68  34
   76  35  99  38  94  63  29  17  11  74  13  62  50  85  80  93 100  81
   60  10  42  60   8  66  70  68   7  67  58  22  20  49  17  43  22   8
   31  84  55  15  15  70  62  44  88  12  69  24  14  63   4  39  58  85
   33  75  29  66  65  66  37  28  31  16   7  28  92  13  70  21  34  75
   68  97  33  91  27  16  79  18  23  66  60  41   9  14  72  25  84  21
   28  76  51  97  83  21  36  82  95  51   9  81  16  24  60  26  36  96
   78  75  33  68  32  55  91  56   4  65  99  76  30  42  95  10  26   5
   11  28  74  69  11  34   8 100  98  13  17  77   7   4  94  63  20  82
   83  89  66  37  52  55  30  60  87  71  15   3  50  30  99   4  75  62
   47  21  58  74  66   3  60  49  97  84  33  31  29  43  94  30  49  91
   18   5  57 100  64  85  60  85  42   4  57   2  53  73  53   8  52  50
   91  29  98  42  44  83  27  14  73  37  78  26  69  69  86]
 [  0  84   2  18  30  67   8  91  45  76   8   3  80  52  56  76  80  24
   11  28   6  43  69  92  79  54   9  95  73  96  38  22  83  94  29  65
   16  39  17  52  34  67  28  26  22  89  17   1  99  78  63  79  69  95
  100  72  57   3  77  64 100  35  89  94  16  48  17  61  18  88  32  86
   50  93  49  85  23  38  54  63  51  36  62  28   3  40  60  35  93  84
   80  76   3  52  81  43  92   7  79  83  27  58  37  79  76  26  10  99
   78  17  36  68  58  77  41  47  71  95  61   8  59  54  79  17  31  67
   30  23  39  66  18  35   9  83  77  62  51  81  89  83  18  95  38  80
   64  36  67  87  58  81  34  66  41  26  37  83  16  36  45  40  56  87
   81  70  20  67  98  94  48  22   4 100  90  72  60  71   5  27  85  66
   21  95  65  14  55  16  77  33  28  82 100  98  19  22  88  15  76  37
   54  32  48  29  90  60  73  41  33  86  94  24  41  27  36   7  85  49
   49  29  10  31  65  78  29  19  28  29  86  31  93  71  54  55  31   2
   62  45  27   7  36  84  21  76  11  32  18  99  90  36  76  49  14  80
   51  65  28  20  89   1  61   1  84  10  45  46  85   5  53  68  28  67
    8  19  68  14  58  78  27  15  28  14   8  49  78  46  91  95  45  97
   33  43  91  53  32   8 100  72   3  75  20  58  74  47  96  19  66   2
   34  54  42  48  22  12  22  63  73  93   9  49  95  79  68]
 [  0  57  90  98  98  99  34  26   3  36  94  39   4  30  30  12   2  29
   80  12   3  71  35  75  36  57   6  36  35  93  17  94  44  96  46  92
   41  13   3  60  99  62   1  16  55  63  83  35  97  47  76  27  96  13
   88   4  88  95  41 100  89  66  25  41  83  64  63  14  83  83  90  12
   18  11  23  68   4  40   6  83  79  17  24  18  45  29   3  60   8  92
   88  57  13  85  56  98  91   7 100  88  38  25  99  52  78  50  62  68
   16  71  35 100  55  30  28  92  96  48  82  78  74  38  49  42  31  50
    1  80  39  90  89  60  91  35  75  33  12  96  89   1  92  39  27  32
   32  59  92  24  46  74  64   5  78  19  74  65   8  39  38  68 100  38
   82  78  67  58  66  27  99  54  29  54  36   8  62  68  42  88   9  27
   97  20  63  27  67  46  40  56  29  96  78  98  10  51  52   4  57  60
   88  70  29  61  84  22  71  40  30  10  13  55  31  43   7  95  45  54
   69  55  90  39  28  75  68  99   6  38  86 100  93  27  44  62  82  73
   48   6   5  15   2  44  69  71  62  21  37  33   4  39  93  86  99  30
    9  86  17  66  45  56  87  82  14  87  10  51  16  72  71  22  23  90
   98  96  50  82  90   1  53  16  39  17  73  97  85  78  83  82  77  10
   19   4 100  39  90  35   8  40  60  94  70  87  79  81   1  77  12  81
   94  94  32  86  88  40  45  78  11  55  66  29  70   5  41]
 [  0  26  32  68  42   2  28  26   8  35  64  95  69  84  87  80  97  31
   81  15  71  63  47  91  87  26  45  30  40  37  35  74  19  38  14  29
   72  16  57  35  41  59  42 100  82  88  23  65  59  74   4  86  47  38
   44  93  48  74  15  38  72  94   3  15  32  68  91  25  65  59  53  48
   42  89   7  83  48  24  11  12  27  97  95  48   9  31  91   3  47  90
   32   3  23  17  37  75  48  65   2   3  90  55  46  45  63  63  32  94
   85  23  97  26  18  24  95  87  84  18  98  58 100  33  12  35  16  81
   50  81  23  54  41  89  97  68  84  69   5   7  72  47  92  82  55  83
    3  84   5  85  34  27  42  63  62  72   5  15  13  74  51  38  37   7
   70  35  62  48  93  85  29  46  33  78   8  85  24  54  58  54  53  90
    9  64  44  13  45  71  71  25  83   4  46  13  77  67  71  30  83  87
   15  21  19  79  13  14  14   1  91  22  20  38  74  67  76  67  62  52
   23  36  59  61  82  18  98  94  21 100  51  11  89  96  37  36  51  56
   27  34  65  47   1  36  74  45  20  27  91  23  13  43  61  75  36  57
   46  98  93  74 100  43  92  23  29  65  95  70   6   5  30  83  64  20
   35   3  92  13  56  60  28  47  24  84  47  16  91  83  89  31  72  43
   78  89  90  66  28  42   2  76  60  68  60  89  19  24  21  38  75 100
   32  10  99  74  94  52   7  19  58  33  56   3  65  66  59]
 [  0  58  11   7  27  22  39  98  24  49  43   9  15  92   2  88  87  73
    2  91  14  91   7  88  15  12  33  86  75  46  20   1  51  78  65  67
    7  46  79  92  17  33  82  58  73  92  77  43  31   6  63  87  24   6
   85  20  36  16  65  36  45  66  60  56  55  36  81  67  92  10  49  89
   80   3  25  78  71  87  82  99  25  12  96   3  45  44  18  50  27  16
   57  71  15  35  76  42  18  68  28  78  14  82  20  89  27  37  45  39
   80  43  47  90  81  44  21  22  42  40  15  27  93   5  25  23  81  79
   54  32  97  41  11  86  31  58  29  70  47  81  73  10  82   2  85  46
   29  49  90  91   1  30  25  22  70  34  37  14  63  54  27  25  28  96
   67   4   9  98  92  34  35  33  58  39  22  82  56  34  22  12  40  42
   38   3  81  46  87  36  59  13  16  33  57  85  75   2  31  53  18  11
   92  32  62  54  11  34  32   6  31  55  66  67  90  55  20  59   5  96
   38  82  31  42  46  92  71  29  11  17  44  37  63  93  93  53  68  94
   65  21  24  44  34  87  14   8  32  16  25 100  13  46  14  54  13  39
   24  23   9  39  98  86  85  14  93   9  55  55   4   2  90  43  47  74
   43  58  19   8  46  95  68  38  12  45  56  33  38  16  62  27  79  46
   56  82  40  75   9  42   5  31  45  48  53  20  84  25  98  12  61  60
   18  55  15  74  65  68  78  22  23  97  59  91  55  93  37]
 [  0  93  45  68   1  84  59  64  40  66  49  43  38  96  73  37  87  36
   73  53  68  98  81  44  85  15  49  90  56  90  58  56  45   6  63  82
   32   6  63  55  33  50  47  54  67  42  56   9  69  77  34   1  77  28
   88   2  66  35  92  52  71  92  12  26  64   8  94  62  44   3  35  51
   15  20  21  40  39  66  18  80   3   4  94  71  21  32  44  26  43   1
   12  59  30  19  51  76  49  25  56  93 100  92  96  22  64   6  14  78
    6  83  87  30  79  33  82  94  79  88  57  44  31  75  32  84  34  35
   49  32  51  32  95   3  16  48  91  12  10   7  83  63  38  86  92  43
   47  63  63  14  11  23  10  76  61  84  93  11  70  19  86  40  74  99
   17  49  77  68  96  63  64  67  97   7  38  88  99   3  62   9  48  94
   18  95  70   6  33  15  58  70  46  52  16  45  51  73   7  17  62  87
   33  24  68  22   4  55 100  36  39  38  61  23  51  39  96  75  34  48
   11  52  23  52  13  89  26  22  58   3   2  82  40   9  34  30  51  29
   12  30  92  15   9  16  95  93  40  27  73   8   4  94  20  85  40  43
   47  45  82  53  84 100  37  29  32  77  70  57  63  88  37  97  84  15
   67  81   4  30  91  20  63  16  74  97  48  36  70  60  95  71  91  24
   60  21  64   4  81  51  30  77  48  98  70  51  15  19  10  60  19  45
  100  14  48  53  67  79  23  82  51  29  53  67  77  22   1]
 [  0  95  47  43  36  58  11  47   8  21   9  11  54  38  87  86  60   5
   47  38  32  42  49  59  62  14  26   7  81  49  49  52  35  76  72  17
   69  92  74  19  19  48  83  26  71  32  45  60  72  18  21  72  40   1
   43  35  79  76  36  59  41   7  15  49  42  24  45  44  74   2  27   1
   76  60 100  18  86  41  54  34  95   7  75  72  54  93   8  86  53  53
   78  36  58  17  56  73  43   7  81  13   1  88  77  47   1  29 100  62
   25  94  33  62  81  11  73  24  15  21  92  58  86  33  50  65 100  28
   84  54  42  20  29  33  45  50  85  66  24  38  81  62  37  20  43  56
   99  81   2  13  18  34  90  96  88  29  86  48  30  84  86  98  73  44
   84  48  89   1  13  25  54  71  43  85  61  22  15  83  61  50  84  85
   74   8  84   1   1  53  11  77  43  24  49  21  19   7  77  55  15  72
   13  65  61  39  11  66  53  98  74  21   8  56  97  62  60  95  73  92
   20  56  40  64  51   3  56  35  23  96  59  10  25  97  65  27  86  66
   36  52  40  42  21  55  59  25  41  45  22  60   1  15  86  51  29  65
   38   3  23  75  98  22  13  54  57  36  62  15  29  19  40  81  50  60
   33  35   6  53  98  87  36 100  37  34   4  90  47  25  16   4  56  93
   32  66  44  35  33   9  80  19  44   4  34   7  88  40  70  54  10  85
   84  35  69  74  73  85  33  52   4  11  82  26  20  39  36]
 [  0  25  97  85  91  20  78  21   7  78 100  23  69  35  64  78  85  52
   65  12   4  18   5  84  61  84  60  48  71  45   4  21  17  79  81  83
   64  58  70  77  82  21  56  28  47   4  70  14  28  97  81  27   2  91
   73   2   2  76  38  75  59  22  79  25  44  61  21  86  48  26  18  53
    7  78  77  20   5  42   3  50 100  64  14   4  61  83  13  96  28  52
   50  75  93  64  36  61  55  52  46  97  86  44  37  45  24  85  62  18
   48  67  28  35  23  20  14  50  89  67  58  12   1  63   9   2  55  76
   99  48  86  86 100  75  17  40  47  46   1  54  38  98  84  60  91  28
   84  99  74  16  76  91  85  15  88  82   3  93  35  28  84  55   3  79
   45   9  87  82  34  85  18  70  60  82  22  99  72  51  83  35   3  59
   52  10  78  95   1  33  85  70  13  79  28  13  17  45   7  62  76  17
   88  61   9  95   5  84  81  26   2  16  99  53  88  10  68  87  92  90
   52  50  67  48  53  20   8  54  90  69  49  14  81  92  11  69  18  65
    1  33  90  89  15  47  26   3  32  20  60  24  24  49  55  53  99  72
   50  88  88  34  45  58  87  22  43  76  44  10  59  10  49  77  12  73
   76  73   9   3  18  68  90  22   8  50  65  45  59  40  47   1  99  99
   87  56  76  63  19  32  78  93  58  49  77  12   5  48  98  19  25  53
   10  66  15   7  49  58  20  43  15  89  11  39   9  52  15]
 [  0  23  42  19  88  22  98  46  50  27  45  77  51  61  79  77  25  36
   37  62  41  60  76  27  70  14  95  97  38  82  81   9   5  30   6  50
   39  84  60  10  98  47  82   2  42  83  17  64   9  89  39   6  36  67
   29  31  38  81   4  83  95  24  14  19   7  85   4   9  49  21  90  18
   96   5  55   3  41   1  74  64   6  88  58  98   3  33  45  35  13  76
   97  93   1  78  96  71  67  79  78  87  74  83  87  70  35  17  50  26
  100  53  28  93  45  19  90  15  52  81  36  19  61   7  49   4  39  92
   10  48  47  33   9  10  54  62  28  36  34  94  70  22  11   3  16  89
   38   9  88  54  21   4   5  42  20  71  90  41   6  93  73  68  63  10
   99  95   4  91  89   7   8  56   9  97  13  77  91  67  37  68  29  64
   81  81  97  79  91  94  97  91  99  42  35  42  41  30  91  43  57  54
   25  59  33  69  49  94  42  86  52  90  99  82  15   3   3  91  52  34
   37  98  71  71  98  11  59   4  84  95  13  62   5  46  91  13   6  87
   82  71  23  16  60  47  23  94  72  36  49  67  77  78  24  88  95  76
   39  65  53  43   4  48  54  79  90  47  35  47  36  37  29  57  69  28
   66  31  99  60  51  13  81  22  84  41  24  41  87  45  30  79  97  53
   35  22  29  17  96  67  11  39  82  92  47  34  13  89  18   9  59  46
   94  44 100  70  60  45  18   5  91  76  32  91  25  96  95]
 [  0  63  16  32   1  14  96   2  26  16  95   3  40  15  25  28  15  92
   88  43  18  39  39  27  42  28  24  64  64  98  48  51  95  11  34   2
   87  88  51  27  11  28  10  53  11  81  99  82  86  84   1  45  98  32
   99  27  36  96  13  49  91   8  72  18  52  22  42  63  13  23  42  80
   67 100  91  77  37  81  83  18  83  48  80  16   1  58  62  26  39  40
   25  41  41  96  96  64  91  42  85  75  39  70  98  72  60  67  29  72
   70  19  70  85  24  97  20  49  46  73  10  33  56  20  31  93  37  79
   36  13  12   9  45 100  49  73  21  37  26  54  13  91  65  66  60  71
   93  75  82  13  79  95  65  56  99  22  30  22  24  50  16   1  46  86
   93  36  77  87  43  24  96  85  27  22  12  60  77  68   1  87  80  85
   91  92  33  79  50  94  36  15  90  88  33  94  25  75  77  80  95  53
    5  96   8  52  92   3  73  65  29   5  84  86  46  93  22  25  24  30
   20   9   2  10  20  68  37  38  83  62  20  16  94  50  55  44  94  28
   57  42  49  21   7  50  45  84  55  34  43  36  62  17  34  31  55 100
   79  20  66  29  32   3  41  28  12  47  36  11  87  16  39  34  66  93
   26  89  28  47  35  16  59  21  93  44 100  28  71  54   7  56  36  50
   56  74  82  16  24  46  23  48  68  27  89  30  63  92  61  69  23  10
   38  44  27  81  62  89  42  68  70  30  47  75  42  74  85]
 [  0  35  83  80  10   6  34  52  83  34  33  85  51  47  68   9  76  17
   84  20  89  74  54  22  94  98  87  91  94  36  86  11  65   7  37  91
   66  12  66  53  80  28  56  81  73  73  40  70  84  78  65  70  87  95
    8  97  59  71  37  71  14  68  88   6  91  53   2  63  58  11  55  39
    7   4  88  31  95  71   1  16   7   3   5  55   2  54  98  15  31  24
   10  41   5  97  84  74  59  75  69  87  56  77  74  90  69  88  80   5
   15  88  33  67  34  22  48  25  78  66  72  25  54  43  63  35  69  43
    8  16  37  33  14  22  84  24  80  61  13  23  58  18  36  70   3  43
   55  52  22  71  84   1  91  77  97 100   7  94   4   4  85  75  20  62
    4  99  47  76  19  20   6  84  48   4  84  75  16   3   8   3  25  33
   33   1  43  61  54  86  96 100  14  53  97  27  22  87  40   1  32  94
   76  55  29  92  27  48  29  31  14  71  71  54   3  59  45  13  63  34
   15  55  72   6  17   8  72  14  64  92  69  96  21  97  54  84   8  56
   38  35  30  42  61  87  85  72  38  54  71  99  56  32  73  14  61  69
    5  28  28  34  50  34  47  70  54  10  59  61  75  98  45 100  73  98
   92  89  36  40  25  66  27  90  66  60  51   9  68   1  52  22  54  23
   75  86 100   8  48  32  53  66  83  48  41  36   6  45  63  20  16  82
    5  21  32  63  37   6  49  10  36  61  41  46  48  94  53]
 [  0  60  19  81  41  39  20  28  65  92  34  86  92  66  15  77  41  56
   79  15  76  36  50  68  43  92  91  12  81  51  33  30  45  46  88  26
   99  76  27  77  70  38  74  52  83  42   6  54  50  46  60  14  88  46
   29  82  30  94  85  43  21  75  75  47  29  95  31  92  94   7  39  75
   40  37   8  30  24  40  14  35  29   8  48  84  50  78  45  50  45  23
   15  14  70  33  99  71  60  40  59  73   2  21  56  30   7  21  45  74
   62  78  75  71  29  73  67  67  48  85  13 100  82  96  80  17  82  77
   54  47  91  94  20  11  74  82   9  31  21  50  15  89  55  43  37  64
   70  27  32  93  94  76  78  86  42  50  28  68  65  52  95  29   5  45
   58  41  58  90  76  19   7  89  60  34  98  31  35   1  78  88  75  42
   26  29   7  99  66  29  21  39  20  20  83  61  57  73  21   4  26  97
  100  43  13  49  75  85  12  85  47 100  21  59  86  42   4  78  88  55
   50  37  67  36  42  85  68  23  17  18  64  17   7  86  88  43  32  33
   67  98  12  69  84  39  61  92  68  40  65   5  36  81  87  89  45  20
   47  48   6  56  82  92  42  98  60  15  64  69  42  65  60  71  35  50
   20  22  12  59  89  50  16  10  51  24   6  98  83  71  61  51  75  91
   23   3 100  59  24  20  67  89  97  90  85  39  69  90  23  36  75  10
   71  96  97  88  90  53  70  73  21  43  79 100  69   8  98]
 [  0  63  65  55  31  80  57  58  92  83  47  12  47  94  21  22  41  50
   94  99  15  12   8  91  80  48  77  31  27  92  55  74 100  38  59  84
   77  61  10  60  21  67  78  50  97  60  59  23  55  62  55  75  29  34
   10  47  28  95  11  64   7  48  29  86  24  24   9  94  14  87  69  62
   73  18  71  32  54  18  85  70  40   7   6  71  78  30  77  39   3  78
   47  66  23  12  27  77  11  12  94  16  32  88  65  76  18  55  27  44
   72  83  60  64  76  19  69  82  38  44  89  90  17  43  39  65   7  88
   89  73  27  36  27  64  17  24  14  46  36   9  62  87  50  20  38  22
  100   2  74  95  51  71  21  87  13 100  19  35  92  60  52   5  51  70
   77  62   3  34  20  51  66  57  55  88  17  48  39  38  82  45  85   3
   73  58  85  50  47   8  62  32  86  84   1  95  36  28  36  46  28  58
   88  38  84  64  60  78  50  60  30  33  74  72  58  75  33  83  16  19
   62  65  98  42  91   4  56  34  89  50  61  89  65  25  59  99  43   5
   93  22  69  79  60  10   7  66  37  19  61  16 100  47  25  40  96  55
   24  20  29  17  47  80  62   2  72  37  95  51  76   3  61   8  30  70
   74  81  71  52  37  30  72  75   3  21  60  26  47  58  48  65  80  59
    1  30   5  64  30  37  70  39  90  90  31  19   7  78  42  82   7  69
   29  15  30  39  47  22   5  77  45  90  77  38  74  69  26]
 [  0  97  73  76  85  72  37  62  97  33  42   5  91  92  57  31   5  11
    6  92   1  46  34  61  75  79  62  17  50  90  57  33  80  14  89  82
   76  79  23  22  12  83  26  14  92  59  17  32  62  70  53  16  95  13
    1   4  81  52  72  62  66  10  82  48  47  59  91  56  59   3  68  60
   34  80  12  96  71  57  36  60  37  48  36  92  77  42  36  20   8  76
    1  89  70  76  76  15  63  83  90  68  35  11  61  91  84   3  61   1
   18  23  84  18  61  28  14  76  42  64  45  96  71  12  91  46  13  18
   14  76  52  67  83  53   1  57  19  59  33  50  81  48  61  33  73  99
   40  77  70  45   8  73  11  50  61   9  67  79  61  14  13  70  37 100
   39  11  96  97  89  61  74  11  94  30  51  70  33  31  72  68  97  93
   21   6  50   4  11  74  84  23  62  37 100  45  15  17  59  41  70  91
   45  20  93  86  77  99 100  57  21  97   6  54  56  76  99  24  22  23
   82  30  19  86   9  72  95  14  74  88  65  30  62  69  78  36  57  30
   43  71   8  67  56  70  89  17  63   8  90  85  31  72  41  12  78  62
   50  73  64  30  62  86  68  61  93  52  95  74  74  11  79  93  35  76
    5  75  75  88  68   3  44  13  22  36  74  49   7  64  75  28  83  67
   74  50   4  76  72  90  29  44  52  59  11   3  79  80  10  40  24  73
   42  94  53   5  69  32  11  67  80  70  69  52  32   2  92]
 [  0  65  97  69  31  69  38  72  80  23  41  24  45  69  85  20  74  66
   22  82   7  63  18  82  54  84  88  42  87  14  12  90  59  24  99  61
   82  98  10  39  50  62  23  50  35  82  15  77  86  18  94  31  62  22
   57  52  80  44  15  89  93  85  59  77   8  79  81  89  61  52  90  81
   91  18  68  24  63  34  79  87  57  10  18  71  90  38   4  90  50  66
   58  67  17  64  64  28  94  38   4  41  84  53  58  29  38  17  11   8
   32  47   8  46  63  23  48  96  80  18  84  12  95  94   2  61  38  67
    2  36  77   5  60  80  11  29  90   3   7  24  71  12   1  41  64  62
   40  81  41  24  84  80  22  34  14  10  83  68  48  36  48   8  39  27
   27  77  95  82  36  49  82  12  64  29  80  50   3  49  40  37  75  30
   85  14  78  46  46   5  90  59  19  63  36  90  15  69   1  42  17  80
   78  36  40  33  58  52  89  79  32  93  37   3  30  53  92  50  49  53
   84  71  92  76  73  86  39  19  73  71  23  86  94  35  36  76  11  65
   55  62  36  51  46  96  37  80  10  87  86  26  74   6  82  15  22  75
   15  64  62  12  47   1  39  63  20  29  43  91  74   8  66  33  83 100
   44  36  31  64  33  89  34  64  69  15  88  53  58  84  23  52  10  50
   32  86  72  83  18  42  22  79  51  13  72  33  30  14  95  78   9  53
   65  93  60  49  43  45  77  76  29  38  72  26  66  23  81]
 [  0  27  10  64  54  50  38  85  78  18   4  59   6   5  56   1  33  88
   83  17  10  40  96  55  34  45  91  76  46  75  39  12  20  68  65  85
   33   5  24  66  93  84  99  28  85  67  32  83  41  71  27  66   8  90
   22  61  32  50  57  46  87  83  93  28  73  39  44  71  97  74   3  77
   63  88 100  65   4   8  92   8  37  79  10  64  40  92  62  11  43  28
   83  59  39  36  13  42  79  62  18  27  85  14  61  61  83  51  56  64
   44  65  71  49  89  31  76  96  18  68   7  46  27  25  97  32  15  87
   34  66  71  82  20  93  66   3  61  69  45  94  58  16  50  36  63   2
   18  30  30  12  36  42  24  19  75  35   1  37   3  49  24  92  76  71
    9   9  61  31  61  79  44  91  57  48  36  52  24  91  12  73  94  23
   63  72  21  29  59  43  74  67  59  14   1  14  76  14  36  68  13  50
   81  73  99  22  50  72  84  91  19  70  79  76  27  16  52   9  39  14
   14  24  76  27  27  93  82  78  14  39  49  96  77  93  34  30  65  79
    5  50  84  73  34  47  53  23  73   6  15  87   5  29  50  28  17  98
    1  77   1  88   6  63  67   1  32  38  62  55  95  38  36  85  99  43
   76  91  81  63  21  67  82  45  62  51  91  97  45  93  28  70  31   1
  100  23   2  88   7  73  91  54  52  99  58  63  32  84 100  48  32  64
    4   9  58  31  47  42  60  17   7  21  75  60  77   3  91]
 [  0   2  64  94  43  76  81  78  57  18  86  69  84  45  79  30  57  58
   95  20  23  32  12  56  53  87  41  43  18  47  13  24  41  34  92  26
  100  54  87  47  45  12  56  39  86  98  58  16  47  97  44  87  17  67
   16  16  91  76  10  80  94  28  99  26 100   9  90  92  37  21   8  14
   48  83  14  23  99  55  47  41  12  11  87  29  19  56  56  35  25  36
   19  70  91  47  59  65  80  92  27  65   5  63  14  61  60  49 100  28
   25  77  71  35   1  87  12  13  88  45  73  48  62  33   6  57   2  23
   27  72  30  88   4  97  54  59  31   2   8  71  56  98  15   1  62  18
   76   5  95  62  87  59  50  61  22  84   5  49  43   6  94   6  87  13
    3   2  99  32  46  56  93  13  70  27   7  26  26  89  70  46  62  64
    8  80  46  12  31  66  56  88  98  34  79  18  13  47  27  68  33  21
   35  57  99  19  67  22  29  19  46  21  73  56   5  97  85   9  87  43
   19  27  26  43  87  59  65  59  73  20  90   8  25  47  17  21  54  98
   98  66  92  34  19   2  70  55  93  20  71  16  95  71   2  85  31  20
   41  16  83  85   5  56  49  95  42  84  93  28  36  46  64  67   6  11
   56  17  97 100  57  80  24  46  51  18  65  36  48   8  36   2  74  50
   76   6  31  33  39  60  39  37  69  19  78  34  98  70  19  40  34  78
    6  89   4  28   4   5  13  86  47  23  73  94  18  70   4]
 [  0   9  20  69  58  94  92  68   5  38  66  22  45  55  28  44  75  64
   27  13  42   3  88  14  14  13  85   6  85  64  63  12  50  75  21  91
   45   4 100  77  14  40  25  16  59   4  47  86  92  70  12  23  89  67
   22  69  49  78  31  15  15  96  66  99  64  12  72   5  11   5  15  67
   84  30  99  26  36  77  95  84  40   6  42  77  79  85  75  65  11  32
   46  41  69  82  13  79  16  94 100  36  54  88  31  36  94   5  14  42
   95  85  45  94  17  67  15  71  53  54  70   8  92  41  48  52  85  24
  100 100  16  44  48  57  39  58  72  19  59  84  10   7  95  69  10  21
   88  85  62  22  17  20  15  16  39  74  98  43  18   4  91  38  84  35
   49  54  36  71  60  12  93  16  48  86  23  38  17  37  66  30  61  46
   57  61  26  67  32  96  23  14  48   6  24  94  49  51  62  36  40  11
   83  69  59  41  15  12  15   9   1   6  82  31  32  46  60  24  94  95
   96  15  77  53  19  32  69   1  36   8  23  81   5  53  55  99  40  34
   59  86  45  52  47  93  10  66  75  26  45  66  71  71  44  89  81   8
    4  94  77  46  55   9  87  62  20  62  12  86   3  62  58  97  34  62
   32  34  67  73  44  20  70  91  13  13  64  52   4  60  12  49  88  17
   13  64  90  74  95   7  22  56 100  55  27  73  59  29  11  78  61  49
   33  89  27  66   6  34  93  54  31  58  60  14   1  76 100]
 [  0  65  51  58  88   8   6  57  46  26  44  39  62  98  34   3  91  82
   30  51  51  71  56  97  39  87   7  94  68  78  93  55  95   1  14  15
   49  96   5  25  12  97  17  76  71   3  32  75  32  43  24  24  88  14
   39  19  70  75  83  18  73  11  60  23  51  67   1  14  75  90   6  55
   62   7  45  38  80  10  72  91  68   1   2  67  41  50  18   1  22  28
   42  38  62  23  66  71  37  75  58  26  27  90  26  45  58  29  72  77
   63  77  95  70   1  51  82  59  30  81  67  47   3  28  67  28  71  67
   47  33  18  99  11  28   6  94  55  17   3  37  34  96  78  22 100  78
   23  58  38  43   5 100  40  70  79  34  48  58  31  28  60  44  86  80
   57  45  33  91  20  79   1  22  54  57  14  50  16  80  97  57  58  82
   64  27  22   3  81   4  73  42  45  73  60  14  42  33  99  50  23  46
   53  17  88  55  85  55  60  69  25  25 100  70  48  53  85  21  89  96
   24  33  46  32  17  38  57  36  13  24  61  57  29  60  30  29  56   4
   53  96  22  81  47  93  54  97  81  32  95  57  21  68  95  73  20  92
   19  53  92   1  15  78  15  69  66  96  42  50  89  11  13  82  68   8
   23  80  99  73   6  12  83  83  30   6  50   3  48  64  29  74  69  53
   54   3  93   3  58  69  79  75  44  98  38  40  67   9  16  95   8  46
   58  84  19  80  67  33  57   6  51  17  97  21  49  39  37]
 [  0  32  49  71  61   8  11  23  92  78  39  17  25  19  80  92  94  82
   95  16  31  79  82  59  65  48  25   4  88  80  65   8  19  68  22 100
   91 100  66  33  40  43  58  65  78  29  33  67  72  32  43  41  51  81
   12  47  51  74  30  94  67   5  29   3  12  21  12  64  69  43  59  28
   26  96  89   7  86  47  82  22  57  38  24  99  82  51  76  41  20  45
   10  91  84   4  84  96  90  93  67  70  95   5  61  88  50  97  15  70
   20  89  73  48  87  96  92  38  66  13  32  33  22   7  27  39  34  83
   54  49  63   4  69   5  19  31  55  28  65 100  52  24  81  12  90  97
   29  70  53  91  34  52   1  63  13  50   8  57  54  29  73  39  74   4
   43  26  17  40  92  37  38  63  86  38   2  29  98  33  48  71  78   1
   84  95   5  87  35  22  47  97  28  74  30  85  32  97  54  21  41  17
   39  90  51  28  94  79  18  21  27  57  69  10  93  40  41  54  20  89
   17  27  61   7  38  12  38  62  64  36  48  13  80  17  26  60  32  66
   20  26  27  21  40  83  40  43  39   3  77  47  39  74  41  99  88  31
   20  10  66  50  57  42  47  77  32  59  11  87  42  55  55  36  92  38
   39  79  15  94  97  94  93  60  19  78  98  26  41  95  10  94   2  61
   47  22   5  53  61  95  82  41  83  66  29  32  72  88  25  38 100  39
   39  68   4  63  77  77  71  11  32  30  83  12  82  16  79]]
 setup_times
 [[[ 0 29 17 26 25 18 20 24 21 17 19 21 16]
  [ 0  0 27 17 17 17 21 23 24 22 23 18 15]
  [ 0 16  0 18 23 23 17 20 29 25 28 17 29]
  [ 0 26 26  0 17 17 17 26 23 21 21 15 15]
  [ 0 29 28 19  0 26 23 22 24 29 16 21 25]
  [ 0 15 15 16 16  0 23 28 16 29 21 19 28]
  [ 0 21 27 19 18 26  0 18 24 22 28 15 25]
  [ 0 19 27 29 28 19 21  0 22 18 29 15 23]
  [ 0 17 19 22 23 22 21 27  0 27 29 17 25]
  [ 0 28 17 24 26 15 23 17 15  0 15 21 23]
  [ 0 23 18 29 24 25 20 23 20 26  0 18 26]
  [ 0 21 17 29 29 19 17 18 15 25 29  0 17]
  [ 0 29 16 26 27 18 23 16 28 20 16 26  0]]

 [[ 0 18 26 24 29 15 18 26 17 27 27 28 27]
  [ 0  0 23 25 17 24 28 21 24 29 17 25 20]
  [ 0 27  0 20 29 25 25 28 27 15 17 17 20]
  [ 0 17 20  0 22 21 25 20 15 27 19 20 20]
  [ 0 17 17 29  0 27 25 17 18 22 21 19 27]
  [ 0 24 22 22 28  0 20 19 25 18 17 20 22]
  [ 0 23 26 20 20 22  0 17 23 16 19 27 19]
  [ 0 27 28 15 20 22 18  0 27 25 21 25 26]
  [ 0 26 28 16 28 17 25 18  0 29 15 19 19]
  [ 0 23 27 26 20 23 19 22 26  0 22 22 19]
  [ 0 18 17 25 29 26 22 28 20 18  0 24 24]
  [ 0 24 20 28 18 28 23 29 16 18 21  0 15]
  [ 0 26 24 28 24 22 20 16 17 19 28 18  0]]

 [[ 0 23 18 20 22 22 21 29 21 19 20 27 28]
  [ 0  0 22 29 27 27 19 19 24 15 17 21 15]
  [ 0 27  0 17 22 18 23 17 23 25 17 19 27]
  [ 0 23 28  0 28 20 19 24 20 23 25 24 21]
  [ 0 21 24 28  0 16 20 29 23 26 20 17 24]
  [ 0 28 17 20 20  0 20 16 17 15 20 21 25]
  [ 0 27 15 17 20 19  0 18 24 24 29 28 15]
  [ 0 28 28 18 17 16 26  0 17 27 15 20 24]
  [ 0 24 20 23 23 23 15 29  0 21 27 21 17]
  [ 0 17 18 27 25 29 21 22 29  0 20 19 15]
  [ 0 18 17 19 29 21 23 23 23 26  0 15 16]
  [ 0 29 16 18 26 23 28 16 25 24 19  0 19]
  [ 0 29 17 21 25 21 26 29 17 15 21 19  0]]

 [[ 0 25 25 26 26 15 15 15 17 21 29 16 28]
  [ 0  0 17 22 21 22 16 21 18 20 18 27 26]
  [ 0 27  0 20 16 22 18 17 15 25 20 18 27]
  [ 0 16 24  0 27 21 29 15 23 29 22 26 28]
  [ 0 18 26 17  0 28 19 26 21 22 28 19 25]
  [ 0 29 19 17 23  0 21 17 21 23 29 16 21]
  [ 0 20 21 18 29 15  0 28 19 17 29 26 24]
  [ 0 19 26 22 21 23 21  0 24 23 20 26 15]
  [ 0 29 18 28 21 20 18 23  0 29 23 22 22]
  [ 0 19 25 20 17 29 29 24 28  0 17 29 16]
  [ 0 19 21 19 15 23 16 16 27 22  0 27 25]
  [ 0 29 16 17 22 24 20 26 22 28 19  0 20]
  [ 0 19 28 24 18 21 29 21 22 25 26 29  0]]

 [[ 0 18 27 27 24 19 15 25 17 29 21 23 29]
  [ 0  0 21 26 15 17 19 23 23 19 26 18 15]
  [ 0 29  0 25 26 19 23 18 24 29 27 19 27]
  [ 0 29 17  0 17 25 16 19 25 21 17 15 17]
  [ 0 27 15 21  0 17 23 22 21 17 25 28 22]
  [ 0 17 19 22 25  0 28 28 26 26 15 20 29]
  [ 0 27 29 18 19 29  0 17 23 16 27 19 27]
  [ 0 25 15 16 29 25 28  0 26 20 17 27 29]
  [ 0 15 16 24 21 15 15 19  0 17 21 24 28]
  [ 0 28 25 27 29 16 17 24 26  0 27 26 24]
  [ 0 27 25 22 16 17 17 29 29 17  0 20 26]
  [ 0 29 24 23 15 23 28 15 23 27 27  0 26]
  [ 0 15 18 21 15 28 28 29 18 20 17 26  0]]

 [[ 0 17 19 24 27 15 20 22 17 28 17 20 27]
  [ 0  0 24 26 17 25 24 20 24 27 27 28 20]
  [ 0 19  0 23 26 22 19 28 21 24 21 16 16]
  [ 0 20 15  0 19 17 25 16 29 16 18 28 19]
  [ 0 19 19 17  0 25 17 16 22 22 16 26 24]
  [ 0 24 26 15 28  0 26 15 16 17 20 19 22]
  [ 0 18 20 18 25 24  0 17 17 20 26 23 20]
  [ 0 22 23 29 23 18 27  0 23 19 25 29 17]
  [ 0 24 28 21 17 26 27 27  0 26 15 20 26]
  [ 0 15 23 26 18 16 28 15 15  0 17 16 29]
  [ 0 16 27 25 27 21 17 20 25 25  0 15 16]
  [ 0 27 16 29 29 18 26 22 24 18 27  0 16]
  [ 0 23 19 19 16 28 25 21 23 15 18 27  0]]

 [[ 0 15 17 16 16 22 26 20 20 19 18 26 20]
  [ 0  0 28 16 25 24 21 20 16 17 18 17 25]
  [ 0 16  0 23 20 22 24 15 26 24 27 20 19]
  [ 0 16 15  0 16 20 15 20 20 22 27 17 23]
  [ 0 29 26 18  0 22 23 28 24 28 21 21 15]
  [ 0 21 25 19 21  0 21 15 17 19 16 19 21]
  [ 0 27 25 23 16 22  0 20 29 28 21 23 26]
  [ 0 19 25 24 16 27 15  0 19 23 28 17 27]
  [ 0 15 26 24 28 29 23 20  0 24 24 16 23]
  [ 0 29 20 19 24 17 22 23 21  0 22 26 23]
  [ 0 22 22 21 28 21 28 21 16 18  0 28 15]
  [ 0 25 28 17 19 18 25 16 19 15 22  0 26]
  [ 0 16 16 28 27 24 18 17 15 27 24 19  0]]

 [[ 0 21 27 16 19 28 22 26 18 29 22 18 19]
  [ 0  0 27 21 19 21 19 27 20 23 17 25 22]
  [ 0 29  0 15 22 17 23 15 17 21 19 17 16]
  [ 0 16 22  0 18 27 28 21 18 21 15 15 26]
  [ 0 18 27 18  0 27 16 20 27 25 28 26 29]
  [ 0 26 23 15 24  0 20 21 19 25 16 26 25]
  [ 0 27 18 17 18 20  0 18 23 25 17 29 20]
  [ 0 25 25 26 23 27 21  0 28 25 16 26 17]
  [ 0 17 18 19 17 26 17 15  0 15 26 18 19]
  [ 0 25 21 18 15 25 22 18 19  0 18 24 20]
  [ 0 22 25 15 27 15 23 24 18 22  0 23 24]
  [ 0 16 23 29 22 18 27 19 15 22 23  0 24]
  [ 0 20 18 20 27 16 21 17 29 28 18 18  0]]

 [[ 0 15 24 17 19 24 25 23 17 18 29 17 28]
  [ 0  0 18 27 16 15 20 24 28 27 23 24 17]
  [ 0 15  0 22 27 16 17 24 20 15 16 18 26]
  [ 0 22 24  0 18 20 15 17 24 19 23 24 22]
  [ 0 15 22 29  0 16 26 16 17 26 23 15 27]
  [ 0 23 27 28 27  0 27 16 18 19 17 25 21]
  [ 0 26 27 15 23 21  0 15 24 19 20 17 19]
  [ 0 20 20 28 29 29 15  0 22 28 29 21 22]
  [ 0 23 16 22 25 24 15 27  0 26 21 26 17]
  [ 0 26 17 23 28 16 16 22 22  0 16 29 27]
  [ 0 29 15 26 25 18 27 22 23 26  0 18 17]
  [ 0 24 23 25 25 23 16 18 24 28 25  0 24]
  [ 0 22 17 21 19 15 15 27 15 28 15 29  0]]

 [[ 0 20 26 25 28 28 19 24 17 25 20 17 20]
  [ 0  0 15 20 19 23 21 21 24 22 22 29 19]
  [ 0 21  0 17 29 28 19 21 24 21 23 15 15]
  [ 0 23 19  0 15 29 16 19 16 20 23 26 27]
  [ 0 17 20 23  0 25 21 22 16 28 18 16 17]
  [ 0 21 20 16 28  0 19 17 25 26 24 29 18]
  [ 0 18 22 16 24 20  0 19 25 26 18 16 18]
  [ 0 16 23 16 18 22 20  0 17 23 17 26 15]
  [ 0 15 20 27 19 29 17 15  0 18 24 23 20]
  [ 0 22 27 18 25 21 22 29 28  0 18 22 21]
  [ 0 17 29 18 29 27 27 20 24 27  0 25 18]
  [ 0 21 19 19 25 15 19 26 19 16 21  0 17]
  [ 0 24 16 29 18 18 28 17 17 27 24 19  0]]

 [[ 0 25 24 25 25 20 19 16 20 25 29 22 24]
  [ 0  0 25 16 28 22 28 25 29 20 15 29 28]
  [ 0 22  0 29 24 25 24 25 29 18 20 21 17]
  [ 0 25 25  0 25 22 25 15 15 23 15 22 19]
  [ 0 22 19 28  0 16 15 16 25 26 18 25 26]
  [ 0 22 17 16 24  0 20 18 26 19 18 24 15]
  [ 0 24 25 25 28 26  0 28 29 23 25 27 23]
  [ 0 15 22 18 25 21 24  0 20 22 26 25 23]
  [ 0 16 16 24 26 23 22 22  0 17 28 25 28]
  [ 0 17 25 28 26 15 24 21 26  0 28 24 15]
  [ 0 21 23 25 24 16 24 17 21 19  0 23 17]
  [ 0 22 27 17 23 23 24 17 22 20 24  0 27]
  [ 0 19 17 27 29 28 16 20 24 17 19 16  0]]

 [[ 0 22 19 23 20 27 15 17 18 27 29 20 23]
  [ 0  0 18 15 24 24 21 28 22 15 18 26 15]
  [ 0 27  0 22 25 28 16 28 24 15 17 29 22]
  [ 0 24 23  0 19 29 21 28 19 21 22 25 28]
  [ 0 29 25 25  0 20 21 28 17 15 27 29 20]
  [ 0 26 15 15 19  0 17 24 15 29 28 29 16]
  [ 0 16 28 27 17 27  0 29 27 16 20 27 23]
  [ 0 26 18 26 24 17 21  0 18 28 19 18 22]
  [ 0 23 18 20 15 26 17 15  0 21 23 20 19]
  [ 0 21 15 17 28 21 21 17 21  0 17 28 16]
  [ 0 26 15 24 23 20 26 20 23 18  0 23 18]
  [ 0 23 25 22 24 24 21 19 17 16 21  0 22]
  [ 0 19 24 25 24 24 15 25 29 23 22 22  0]]

 [[ 0 27 23 18 15 29 29 21 22 19 15 23 15]
  [ 0  0 28 24 27 16 20 28 24 25 29 26 18]
  [ 0 17  0 15 21 29 28 26 25 28 22 21 20]
  [ 0 27 27  0 20 27 17 28 15 17 22 18 15]
  [ 0 25 23 27  0 28 23 19 16 29 15 21 25]
  [ 0 24 23 22 19  0 24 24 27 24 19 25 26]
  [ 0 29 28 23 16 22  0 15 18 24 18 17 29]
  [ 0 27 19 29 18 17 21  0 24 27 21 26 25]
  [ 0 18 20 21 16 16 16 16  0 22 26 25 18]
  [ 0 17 18 28 29 26 20 21 29  0 15 24 19]
  [ 0 20 20 15 24 16 25 20 24 24  0 20 24]
  [ 0 29 19 23 23 29 24 23 20 18 18  0 16]
  [ 0 20 21 26 23 16 16 28 29 20 24 26  0]]

 [[ 0 20 18 19 23 23 28 21 16 15 19 21 15]
  [ 0  0 16 29 17 29 22 17 22 15 27 17 29]
  [ 0 24  0 28 24 29 29 22 15 19 18 20 18]
  [ 0 16 28  0 28 18 23 21 18 29 18 24 22]
  [ 0 21 15 25  0 26 19 20 20 29 18 21 21]
  [ 0 27 28 21 21  0 27 25 27 28 27 24 22]
  [ 0 22 26 24 26 20  0 21 19 26 16 28 20]
  [ 0 20 20 23 26 27 18  0 21 29 22 25 27]
  [ 0 22 18 25 26 15 27 20  0 27 16 22 24]
  [ 0 22 16 27 21 28 16 25 16  0 20 20 16]
  [ 0 15 17 28 26 29 22 22 20 15  0 29 25]
  [ 0 24 28 28 29 17 25 17 19 15 23  0 29]
  [ 0 22 21 23 21 27 19 26 23 16 20 19  0]]

 [[ 0 21 20 22 18 15 20 27 19 17 22 15 16]
  [ 0  0 15 18 27 24 15 16 22 23 28 22 16]
  [ 0 20  0 17 25 26 21 19 17 22 19 27 29]
  [ 0 16 20  0 23 21 15 20 21 20 28 28 18]
  [ 0 28 21 16  0 23 22 23 22 19 29 28 28]
  [ 0 18 20 17 18  0 21 24 26 20 25 20 22]
  [ 0 21 26 29 15 23  0 19 20 23 27 16 21]
  [ 0 22 26 20 19 20 18  0 18 28 19 28 22]
  [ 0 21 24 21 15 20 22 25  0 16 23 24 25]
  [ 0 27 25 15 22 26 28 21 24  0 15 29 23]
  [ 0 19 24 24 17 28 23 23 29 27  0 24 18]
  [ 0 19 26 24 24 15 22 20 27 26 16  0 16]
  [ 0 26 19 15 29 15 21 26 18 21 19 17  0]]

 [[ 0 29 26 16 21 20 29 18 18 24 17 21 26]
  [ 0  0 19 15 25 20 24 24 27 29 16 29 29]
  [ 0 28  0 16 20 21 20 17 19 24 17 19 23]
  [ 0 21 21  0 28 18 17 26 15 22 21 22 18]
  [ 0 16 19 26  0 24 15 29 26 19 28 17 20]
  [ 0 21 26 22 18  0 25 24 15 24 19 15 27]
  [ 0 22 19 21 28 20  0 23 28 21 21 17 21]
  [ 0 26 20 19 18 16 26  0 19 19 29 23 15]
  [ 0 22 25 19 26 29 18 15  0 18 15 28 19]
  [ 0 23 26 28 27 20 21 29 17  0 22 18 20]
  [ 0 20 23 28 16 19 26 26 20 17  0 24 28]
  [ 0 29 16 21 27 23 20 19 21 18 27  0 18]
  [ 0 18 15 24 21 29 20 17 17 26 23 18  0]]

 [[ 0 24 25 29 20 21 22 19 26 24 15 16 24]
  [ 0  0 22 19 26 27 15 25 27 26 20 21 15]
  [ 0 29  0 27 15 17 21 19 17 19 27 25 29]
  [ 0 18 24  0 24 15 19 15 24 26 22 29 20]
  [ 0 22 26 29  0 19 27 18 19 24 27 24 17]
  [ 0 22 29 15 18  0 23 26 25 24 29 29 18]
  [ 0 29 29 27 20 18  0 21 17 19 15 19 15]
  [ 0 23 24 25 29 26 25  0 15 22 24 18 16]
  [ 0 21 26 20 17 18 19 29  0 17 21 23 20]
  [ 0 28 25 19 23 22 17 22 17  0 29 26 23]
  [ 0 28 23 22 29 27 24 20 19 17  0 24 17]
  [ 0 20 16 15 29 18 28 19 17 16 27  0 20]
  [ 0 28 24 23 18 21 22 23 19 29 19 22  0]]

 [[ 0 21 24 28 18 25 16 29 29 27 17 21 29]
  [ 0  0 20 19 16 23 25 18 27 28 17 29 19]
  [ 0 29  0 26 22 24 18 27 15 26 20 17 20]
  [ 0 18 29  0 29 29 26 19 16 25 20 16 27]
  [ 0 17 17 15  0 16 24 19 21 19 25 22 22]
  [ 0 21 27 24 26  0 15 29 22 24 18 15 29]
  [ 0 20 19 29 22 28  0 26 17 26 27 27 23]
  [ 0 15 20 29 24 22 21  0 16 27 26 28 26]
  [ 0 28 28 16 20 22 26 27  0 28 25 26 16]
  [ 0 16 16 19 19 20 15 29 19  0 26 20 29]
  [ 0 17 22 22 27 18 15 29 26 22  0 26 17]
  [ 0 22 15 26 24 15 26 16 18 18 22  0 16]
  [ 0 22 17 23 17 27 26 24 18 17 25 29  0]]

 [[ 0 26 23 18 19 16 26 29 27 27 29 21 21]
  [ 0  0 24 15 23 19 23 26 22 22 16 29 25]
  [ 0 29  0 23 19 21 26 22 16 20 20 15 27]
  [ 0 22 29  0 15 22 23 28 23 15 16 29 18]
  [ 0 18 17 22  0 24 28 23 21 25 18 16 19]
  [ 0 24 29 20 29  0 28 24 18 18 24 22 27]
  [ 0 18 22 18 25 25  0 26 21 21 17 19 16]
  [ 0 18 16 17 16 24 29  0 21 23 28 22 27]
  [ 0 24 21 23 25 26 27 19  0 23 20 26 29]
  [ 0 18 25 21 23 28 16 25 25  0 19 21 24]
  [ 0 29 22 15 21 21 24 28 19 23  0 24 20]
  [ 0 17 17 19 18 23 25 19 27 21 29  0 20]
  [ 0 29 25 18 23 24 15 15 28 20 16 23  0]]

 [[ 0 17 22 26 24 27 27 17 20 25 25 22 17]
  [ 0  0 27 24 26 21 28 29 20 19 18 20 24]
  [ 0 20  0 23 23 28 16 23 15 29 20 21 29]
  [ 0 27 24  0 15 25 26 28 28 23 16 17 28]
  [ 0 18 21 19  0 18 28 15 15 15 22 24 19]
  [ 0 17 23 22 24  0 29 15 21 26 24 28 15]
  [ 0 27 16 16 27 28  0 17 19 26 16 24 20]
  [ 0 23 21 23 18 20 19  0 29 16 27 20 23]
  [ 0 16 26 24 25 18 25 16  0 17 17 24 21]
  [ 0 23 28 16 19 27 25 20 29  0 18 29 23]
  [ 0 20 22 24 15 22 24 26 21 26  0 15 17]
  [ 0 24 25 17 29 26 29 22 25 24 21  0 15]
  [ 0 22 25 17 29 26 22 23 17 17 18 29  0]]]
 delivery_times
 [[  0 114 140 170 105 103 103 175 101 185 106 179 172 133 182 116 112 129
  126 177 132 171 176 165 128 108 170 162 176 129 190 186 185 179 132 156
  177 132 112 185 108 182 118 189 164 110 176 143 108 198 171 104 132 186
  108 190 172 118 169 118 156 112 181 118 171 176 109 138 171 188 118 117
  167 157 170 176 107 151 109 128 139 103 184 109 153 161 146 152 104 101
  199 149 175 160 129 191 178 176 135 191 167 162 155 113 135 117 121 174
  128 152 147 103 162 146 160 187 148 129 144 146 149 186 159 169 142 121
  109 152 116 179 193 188 120 117 103 174 132 182 197 132 108 197 109 133
  100 166 183 194 123 174 141 150 103 174 130 145 162 167 182 142 143 115
  189 189 138 141 129 154 179 185 149 147 179 117 186 122 123 107 189 135
  108 170 183 156 105 156 131 160 101 160 115 134 155 159 166 174 142 127
  132 139 198 119 173 187 119 154 140 169 142 120 180 109 176 113 122 144
  122 100 118 163 127 115 180 108 128 116 196 163 196 148 183 111 127 177
  167 150 191 116 146 143 172 161 181 195 167 147 115 146 194 123 107 118
  197 139 188 145 130 113 144 180 192 109 188 173 111 103 197 132 174 101
  137 196 122 191 144 108 141 144 149 101 178 194 162 102 106 193 122 145
  178 163 186 197 193 167 152 104 133 171 166 156 134 102 176 185 146 105
  112 149 137 187 146 175 123 146 169 199 153 120 178 189 154]
 [  0 116 195 163 106 126 159 172 118 191 108 116 117 106 136 140 189 144
  129 144 136 192 139 116 123 102 158 179 144 110 133 134 129 186 136 125
  116 107 197 182 156 106 112 188 147 167 131 165 160 164 191 130 124 161
  184 161 178 128 115 156 183 120 185 179 124 150 196 128 132 146 131 157
  176 196 181 122 146 117 152 197 195 150 118 136 154 118 107 175 159 133
  183 143 176 175 173 136 102 134 136 184 135 190 191 107 178 114 128 172
  199 154 148 190 116 140 174 171 135 138 183 184 106 155 197 171 171 131
  197 178 156 198 163 140 104 171 124 199 130 135 174 146 183 121 110 167
  145 147 138 195 174 194 161 113 141 123 112 117 184 105 183 144 112 100
  101 110 177 170 133 137 194 197 100 115 105 188 148 133 147 119 140 158
  171 142 142 100 143 182 150 108 193 197 182 158 178 184 106 198 188 163
  189 157 138 159 143 165 187 163 150 198 112 186 104 158 146 165 101 195
  198 174 176 133 165 104 174 167 163 198 104 178 108 132 192 151 140 168
  145 104 182 151 122 138 134 132 174 127 167 141 171 111 149 180 175 115
  167 160 120 149 135 194 190 156 144 199 184 109 167 120 132 125 172 161
  102 186 122 114 167 168 146 176 130 116 150 197 120 144 128 142 151 192
  189 126 123 181 167 195 154 134 151 175 106 115 127 167 110 176 123 151
  111 167 149 129 119 105 120 110 164 171 192 114 181 157 129]
 [  0 129 153 194 117 143 113 119 137 192 112 129 177 118 145 107 151 111
  103 150 103 175 104 175 189 130 151 130 193 169 157 153 174 195 107 123
  129 142 199 180 165 189 174 172 111 108 185 194 131 192 163 181 134 195
  177 149 194 133 148 167 134 177 137 186 154 142 128 189 113 191 164 169
  166 134 151 116 194 148 178 167 142 159 158 112 145 171 130 166 105 163
  169 188 143 150 112 131 172 148 125 172 175 192 149 152 156 165 151 124
  119 132 129 149 138 179 130 194 147 128 158 185 125 193 117 135 134 174
  150 194 131 179 175 154 174 191 182 131 111 171 176 100 137 166 163 162
  148 143 196 137 156 172 102 129 192 182 122 170 163 100 173 142 173 182
  145 112 127 134 118 193 176 147 142 198 122 190 189 103 162 125 140 101
  100 136 168 127 170 140 172 125 176 194 165 114 195 110 101 192 178 126
  182 142 149 180 181 126 187 108 106 108 136 178 136 162 177 167 104 144
  177 187 166 164 132 184 104 168 148 125 115 128 120 118 111 197 197 122
  129 181 101 125 133 143 144 177 159 177 190 116 180 163 162 131 162 166
  168 191 138 156 168 137 185 195 181 152 158 183 179 183 131 164 193 164
  129 185 104 144 106 114 196 177 192 142 194 136 110 115 110 107 132 140
  196 149 150 164 186 119 187 117 194 181 137 134 199 165 180 111 181 122
  167 153 147 165 111 174 182 137 188 138 194 125 155 100 160]
 [  0 152 115 135 164 190 160 189 131 108 182 191 148 155 189 138 155 178
  195 167 147 195 196 155 180 143 133 158 117 196 124 100 144 118 188 141
  199 125 106 124 119 111 168 196 166 142 126 129 156 100 152 101 137 124
  137 114 122 178 143 103 166 156 154 193 158 130 155 199 143 166 124 132
  157 119 126 146 139 197 113 196 133 138 164 141 186 133 100 131 169 119
  155 179 151 132 109 117 193 183 127 156 132 107 161 129 150 154 165 173
  151 159 183 196 189 147 178 181 183 158 153 105 161 163 113 184 158 107
  102 178 136 157 105 187 127 188 175 155 110 144 131 158 154 186 199 199
  144 174 198 105 112 133 106 131 138 116 148 156 124 123 159 117 166 166
  101 116 116 162 155 123 160 120 157 192 113 170 157 186 182 192 182 127
  104 193 189 174 147 106 149 102 135 129 117 193 102 163 124 103 167 159
  110 177 189 131 167 104 118 155 188 135 144 188 118 104 127 110 132 126
  124 106 190 106 133 182 132 100 188 144 127 144 143 183 153 128 118 149
  100 154 172 164 195 137 132 143 143 164 148 163 187 160 128 124 106 127
  100 190 175 143 111 128 145 103 172 182 161 125 120 101 177 193 120 180
  174 158 130 110 137 125 173 194 117 193 192 188 119 199 139 110 183 142
  155 132 157 182 138 152 171 145 153 181 139 115 138 145 182 180 163 181
  140 111 191 129 123 171 158 181 175 155 196 176 116 180 189]
 [  0 163 137 163 178 151 113 123 126 147 163 140 108 193 165 196 183 190
  101 182 183 133 179 100 165 135 166 140 164 174 132 149 167 170 161 118
  136 182 106 195 166 155 169 108 176 138 157 157 126 155 117 189 174 155
  145 148 174 174 110 169 172 158 165 197 152 108 128 102 199 125 191 147
  136 101 143 125 177 115 194 164 128 114 107 161 123 154 198 120 122 105
  127 108 190 194 128 146 176 104 115 168 137 176 109 155 105 133 153 136
  152 174 169 163 185 119 102 119 150 124 148 143 117 169 108 128 198 142
  194 158 122 156 158 182 171 140 175 113 125 152 144 144 116 134 135 163
  173 170 166 140 160 110 107 163 120 169 120 151 120 131 187 152 174 109
  161 141 172 102 109 119 140 113 119 103 126 178 141 110 120 176 123 104
  197 100 188 110 189 182 126 146 197 195 108 120 188 121 168 108 171 188
  110 116 131 105 114 135 100 190 110 142 119 155 165 196 177 181 173 130
  179 160 175 113 198 162 178 190 173 116 169 131 188 145 140 111 178 185
  114 173 104 161 151 180 120 105 174 177 115 132 121 150 100 154 168 106
  152 118 179 193 138 118 160 152 120 142 195 132 195 140 140 144 179 199
  112 138 110 113 193 104 109 136 188 165 197 135 160 148 108 145 175 105
  193 157 145 183 186 185 140 146 171 171 156 147 170 132 199 171 126 151
  163 159 140 115 116 193 157 109 115 152 114 140 193 145 126]
 [  0 128 136 183 143 149 158 165 194 127 139 111 113 121 159 131 109 159
  128 177 118 184 122 164 180 137 171 116 135 168 157 159 134 145 198 113
  100 183 130 179 194 171 169 190 111 144 129 170 178 126 181 110 160 108
  120 130 170 170 125 172 148 133 130 160 125 129 118 103 145 191 151 143
  118 103 115 193 151 145 168 185 198 192 198 103 121 173 164 145 132 187
  190 186 135 168 134 101 199 139 132 190 181 111 139 122 108 127 120 153
  148 119 104 199 182 193 138 183 174 137 131 127 116 149 183 148 153 199
  108 190 150 199 180 136 168 190 133 127 112 130 100 153 192 113 145 187
  135 136 154 140 164 178 118 146 117 139 195 168 118 137 136 101 184 148
  162 138 186 119 103 143 171 199 186 182 175 112 174 132 119 153 154 151
  186 190 127 167 123 180 188 102 197 165 139 178 183 185 175 188 172 132
  133 197 107 189 146 116 167 129 181 182 135 107 146 124 165 149 171 199
  180 150 122 158 130 157 123 148 136 126 199 132 147 126 187 133 170 157
  107 162 149 195 113 135 197 167 157 199 117 110 110 139 173 159 194 156
  199 114 142 183 179 141 105 169 119 165 168 108 195 121 142 179 148 170
  188 139 108 171 107 178 177 170 127 178 103 170 137 150 126 101 112 138
  161 128 157 109 191 153 153 123 171 115 106 109 117 101 155 142 125 176
  164 173 151 138 167 118 179 144 128 183 143 167 167 154 190]
 [  0 184 102 108 174 188 147 102 187 159 159 105 112 116 160 191 198 143
  198 199 130 188 167 181 156 164 121 147 102 154 163 191 146 185 108 117
  128 131 131 118 183 174 138 166 192 151 151 135 135 122 127 154 177 152
  163 151 153 191 167 150 123 100 112 193 166 184 152 176 137 105 166 126
  113 162 156 183 178 197 109 169 138 192 156 133 109 190 163 157 107 195
  133 164 100 148 138 164 160 174 187 174 149 102 197 122 115 148 184 132
  117 114 125 183 145 127 138 195 163 160 169 192 190 117 143 199 187 157
  142 148 177 111 131 170 176 119 133 172 182 104 131 132 129 181 174 135
  101 128 195 140 138 145 148 108 110 190 109 118 170 102 188 108 155 118
  197 170 197 153 156 156 194 185 118 106 156 130 177 143 114 107 108 120
  184 161 159 108 100 161 115 122 166 186 173 150 168 168 153 113 116 194
  132 157 147 110 173 160 160 165 106 157 185 184 184 100 193 188 140 114
  136 146 167 126 165 174 186 148 199 110 184 132 137 112 109 100 111 175
  130 102 179 188 154 196 127 147 125 185 114 164 174 142 116 199 161 177
  178 113 158 123 134 109 189 189 129 140 123 104 145 186 133 195 105 186
  132 191 195 165 147 109 145 177 164 137 126 113 144 155 154 155 169 165
  194 156 127 197 190 124 179 187 182 134 101 169 102 148 157 148 169 137
  180 198 103 180 155 128 118 168 174 156 116 176 147 163 180]
 [  0 141 150 124 132 153 154 143 142 189 161 153 139 177 112 151 190 101
  181 146 166 106 154 105 125 144 135 172 116 148 104 166 135 198 147 165
  181 127 107 178 111 145 132 173 154 181 112 158 114 190 197 163 166 165
  136 147 119 148 105 158 117 179 197 174 163 163 150 190 171 168 174 156
  146 153 136 180 147 158 145 159 198 161 157 117 148 198 123 184 107 113
  191 168 180 134 107 193 135 117 124 181 190 186 112 195 165 122 126 145
  172 145 170 162 130 170 146 179 144 184 171 148 130 188 101 145 108 183
  152 104 186 131 174 174 140 179 162 182 143 199 170 196 154 109 166 194
  124 108 177 145 156 181 172 145 170 150 170 169 172 146 142 129 163 194
  168 195 111 104 146 193 164 133 162 105 179 171 124 135 141 189 164 122
  105 100 152 114 135 151 164 197 194 158 194 175 142 162 144 180 183 107
  117 137 120 138 156 126 161 112 180 156 109 114 115 101 154 183 102 119
  155 101 107 157 195 157 108 187 194 121 106 165 183 196 133 145 167 144
  109 118 155 173 196 176 177 116 121 135 194 121 109 157 119 186 181 173
  151 164 150 184 162 143 188 194 119 178 117 120 185 161 112 144 103 116
  104 169 144 102 145 151 153 135 135 158 106 178 103 112 114 117 143 159
  108 151 100 121 135 100 188 112 159 112 128 117 198 129 154 114 114 147
  173 146 193 148 173 113 179 175 126 162 179 161 197 116 137]
 [  0 111 194 161 160 175 186 141 198 197 198 178 161 178 198 131 135 133
  121 178 145 125 173 156 134 149 165 164 154 136 146 153 188 129 159 177
  135 108 158 155 160 148 100 191 165 192 189 113 120 163 127 177 154 100
  123 140 127 108 166 166 125 112 131 178 186 137 169 185 142 161 181 128
  102 111 193 105 100 169 121 154 162 146 122 165 178 127 170 180 112 180
  105 168 142 122 122 161 152 170 158 192 104 136 174 176 104 199 102 112
  145 124 141 158 120 194 166 190 104 179 143 168 170 152 179 101 105 162
  167 182 157 109 160 180 138 196 187 163 121 122 161 196 144 199 191 110
  167 189 114 157 106 156 198 191 116 129 155 122 174 176 153 138 118 181
  110 156 142 130 114 142 100 101 145 114 113 186 120 144 188 122 173 120
  157 134 194 125 168 159 134 199 171 198 152 100 119 135 117 163 178 178
  116 131 140 143 107 153 115 188 192 198 121 127 178 149 142 155 122 126
  137 147 151 168 170 169 127 120 191 174 154 116 165 139 103 159 139 154
  185 105 197 139 117 145 179 139 119 105 199 112 101 104 100 136 172 163
  127 156 139 151 180 156 101 126 101 186 150 106 169 114 110 113 127 160
  161 124 173 140 162 158 175 148 128 175 155 169 183 161 157 148 191 198
  197 167 179 194 154 117 184 135 171 168 139 178 176 123 198 181 102 181
  118 190 165 191 182 167 122 102 171 170 117 124 109 151 100]
 [  0 140 172 112 119 143 164 139 142 171 199 118 160 172 170 106 185 105
  181 152 109 147 189 195 160 172 143 148 116 171 114 142 108 123 127 149
  109 167 197 144 109 144 122 139 128 177 118 109 177 196 103 180 142 123
  171 178 193 116 112 197 131 183 129 122 179 198 122 117 179 153 159 130
  194 145 126 190 123 161 161 153 179 162 170 147 147 133 128 156 149 172
  139 179 140 139 126 179 171 131 105 167 130 102 119 181 159 171 117 121
  152 114 198 146 110 196 104 128 149 180 165 118 115 197 181 174 125 113
  199 193 189 140 190 120 156 109 142 183 105 118 159 174 121 185 104 195
  133 181 158 156 109 100 179 144 190 114 196 127 166 170 125 181 163 182
  101 137 123 130 151 127 147 127 114 192 103 115 194 101 188 143 132 116
  180 172 178 166 114 152 130 136 180 109 130 147 149 109 108 144 164 110
  101 105 143 179 115 173 147 175 198 132 180 126 127 199 155 188 106 171
  191 109 109 132 154 154 187 194 154 151 123 142 199 102 108 114 173 194
  180 194 129 101 190 112 166 137 143 158 178 113 128 175 155 182 162 141
  125 140 159 168 125 169 149 142 155 189 120 106 149 115 103 100 120 101
  195 148 156 140 124 105 196 131 168 145 136 100 178 163 128 119 185 193
  113 144 145 113 138 131 110 152 115 151 187 101 172 137 112 167 144 165
  198 109 198 142 178 197 166 108 118 179 189 175 158 143 106]
 [  0 161 154 110 163 180 186 106 110 126 144 181 199 146 176 199 172 170
  149 182 145 109 145 141 109 120 149 111 176 109 131 169 102 112 124 164
  194 184 102 149 155 128 139 124 159 159 174 115 110 151 167 191 135 151
  169 149 197 152 188 160 126 155 109 175 175 196 190 178 159 100 198 169
  162 115 142 164 115 170 102 186 130 109 113 148 173 189 101 176 118 166
  115 111 173 148 183 102 135 162 108 174 160 100 185 157 183 117 138 136
  191 188 199 173 139 181 108 154 116 131 184 148 127 161 182 146 129 140
  193 192 166 158 114 105 155 110 144 199 194 145 106 179 177 154 133 185
  107 119 120 189 170 157 104 103 130 175 136 127 150 110 143 101 143 190
  186 134 183 128 146 111 124 122 108 144 143 153 144 116 104 161 174 197
  134 129 118 151 126 159 143 140 181 182 176 188 115 162 117 178 101 140
  128 175 124 135 121 139 140 124 105 163 198 141 185 120 172 104 104 133
  155 170 135 160 106 134 126 120 165 146 116 127 185 181 175 113 191 106
  188 111 111 147 188 155 167 147 157 115 185 141 125 105 120 159 154 115
  192 156 130 150 181 125 162 168 119 135 127 107 135 128 172 169 102 141
  100 155 124 173 112 185 145 134 111 184 180 119 193 123 197 108 186 178
  155 129 103 144 146 174 110 163 132 118 121 100 169 132 140 176 104 164
  188 160 143 197 133 198 163 147 177 163 112 187 158 104 180]
 [  0 134 116 187 108 163 131 154 155 191 199 146 127 150 124 167 136 175
  140 169 112 146 111 113 130 173 141 143 178 141 149 196 199 170 113 114
  144 170 131 158 171 170 142 189 102 149 123 185 167 156 161 147 180 193
  127 156 114 123 165 124 115 160 193 167 168 193 190 194 137 106 169 185
  153 193 101 144 124 148 170 109 118 177 121 116 146 118 190 158 180 141
  124 192 198 144 163 168 109 145 146 158 189 153 152 190 157 179 138 165
  171 146 176 128 126 153 199 191 105 116 169 120 161 115 127 199 199 158
  108 138 140 145 170 130 179 167 164 165 105 169 148 116 178 167 171 160
  110 184 170 179 133 176 131 113 161 146 128 171 119 177 181 194 194 100
  150 164 144 162 149 167 100 120 161 104 130 135 119 136 155 185 195 169
  125 103 129 183 158 177 101 141 183 169 137 186 165 122 108 127 119 167
  104 122 108 146 198 193 103 174 177 197 149 194 115 114 160 159 112 129
  188 178 144 180 156 178 138 133 121 113 181 168 141 175 162 125 141 113
  101 155 160 124 122 170 180 145 136 154 193 177 138 116 167 172 165 130
  170 113 179 181 149 107 112 141 110 108 153 161 115 182 104 127 176 177
  153 119 102 123 171 114 180 108 112 162 199 176 196 112 173 129 190 176
  165 195 101 124 162 105 100 137 140 165 100 159 134 106 128 192 189 109
  195 134 198 182 119 138 170 137 187 197 120 183 169 111 189]
 [  0 105 134 102 117 164 173 173 195 139 139 169 133 120 126 196 177 160
  143 191 102 127 113 109 128 161 171 140 111 186 189 198 104 162 158 101
  116 127 116 197 185 136 137 173 182 147 195 184 128 140 197 187 197 174
  141 127 161 126 118 174 166 155 180 163 141 161 112 179 153 177 140 145
  167 153 111 127 182 123 156 145 126 104 152 165 168 113 157 156 184 145
  138 105 162 144 150 141 128 171 116 113 127 106 189 166 161 149 195 170
  161 190 153 158 174 103 148 183 185 199 117 198 164 182 176 162 170 103
  148 196 146 121 131 102 148 183 180 195 199 173 198 112 138 113 177 150
  137 118 158 108 196 138 175 109 174 110 196 145 188 134 187 175 184 110
  121 190 182 191 155 163 183 170 109 189 174 119 136 198 197 103 128 124
  164 178 162 164 150 126 132 111 187 166 103 163 174 152 110 132 126 167
  103 174 187 104 179 122 155 162 110 115 196 145 139 134 197 172 185 183
  135 175 144 115 111 179 127 128 191 150 114 198 155 115 146 165 148 157
  180 182 157 129 144 176 170 102 159 160 111 182 115 172 115 188 147 152
  158 133 161 171 105 185 174 168 173 142 185 166 180 163 180 105 165 125
  131 189 101 131 197 101 113 122 175 126 111 102 128 136 146 139 184 128
  114 167 137 157 147 168 158 126 109 143 158 194 122 132 101 131 130 164
  194 132 180 180 104 172 186 102 195 136 177 140 144 102 192]
 [  0 160 170 137 103 114 151 148 118 133 155 129 150 130 166 151 136 163
  177 109 194 177 169 161 147 178 194 107 146 114 138 135 150 113 198 165
  162 135 161 125 133 180 177 167 113 176 161 110 111 176 179 126 100 190
  104 144 112 157 132 192 123 152 118 131 185 177 191 109 101 102 148 198
  129 135 123 114 148 165 117 133 100 134 133 182 148 145 143 137 107 102
  111 123 161 192 173 148 172 164 107 134 119 174 107 196 163 172 128 157
  170 175 187 116 108 183 155 157 190 126 122 197 164 127 129 127 190 136
  107 170 109 180 190 187 150 199 195 194 118 105 135 114 132 119 161 176
  198 102 153 122 140 136 131 171 186 180 159 117 191 143 101 175 164 111
  166 111 130 160 176 165 149 181 131 126 135 126 180 134 182 141 157 134
  172 110 106 140 148 183 190 113 140 154 144 191 189 147 193 151 156 107
  198 192 119 144 184 114 104 157 136 168 190 161 171 187 195 139 107 105
  166 113 166 195 129 167 189 106 141 167 155 106 162 128 139 142 193 115
  131 142 168 180 122 152 155 157 151 188 120 174 122 115 188 119 172 143
  185 176 197 133 184 188 120 140 117 170 122 175 123 151 125 169 175 189
  135 143 142 142 144 193 175 183 171 171 178 177 180 111 178 145 153 186
  134 111 154 135 100 151 167 122 166 144 171 114 135 112 156 102 157 135
  146 117 105 132 189 129 156 108 158 138 177 187 133 143 120]
 [  0 180 115 199 155 120 110 190 183 197 168 149 181 115 183 183 101 119
  139 187 189 135 151 179 189 183 193 167 127 177 129 149 161 111 124 192
  194 184 177 177 157 183 104 161 136 163 177 190 131 167 163 127 184 124
  134 180 134 149 171 137 106 196 192 144 198 126 112 128 164 109 104 119
  166 150 169 197 125 169 114 107 133 155 104 132 175 170 194 176 196 112
  177 170 150 129 111 193 129 169 169 125 165 170 174 185 141 135 148 165
  188 147 195 195 198 135 114 120 175 167 125 121 150 182 180 138 166 172
  117 187 188 158 124 116 154 147 158 158 119 126 108 161 122 142 159 108
  133 144 132 166 122 126 134 115 188 199 115 109 117 130 178 163 106 168
  129 154 196 171 115 188 105 181 147 193 192 143 199 130 121 192 156 100
  187 105 170 191 164 115 161 156 177 178 197 100 125 144 123 128 178 185
  148 175 165 190 176 128 122 168 173 168 156 129 180 130 100 181 199 149
  136 179 159 157 173 171 108 163 181 134 124 170 172 188 186 166 177 132
  178 107 149 107 106 151 104 131 110 174 195 189 108 174 198 124 178 150
  107 148 140 154 115 141 136 127 176 178 105 166 101 166 186 192 100 128
  124 180 169 101 136 147 112 127 145 140 161 194 128 123 110 163 138 172
  195 120 157 141 189 105 183 116 163 177 147 134 174 163 152 125 135 115
  168 128 122 159 191 160 178 109 159 110 155 153 122 155 137]
 [  0 124 116 174 155 127 133 101 113 171 141 194 179 168 104 167 166 169
  120 123 113 176 178 152 193 161 114 140 181 130 168 125 107 121 104 136
  170 167 100 126 171 158 135 104 158 185 110 180 168 177 110 100 116 179
  118 144 156 145 181 102 144 195 162 166 140 161 135 137 189 137 181 150
  199 125 102 104 103 142 198 199 174 162 118 137 141 104 182 121 146 174
  116 175 177 127 159 179 176 187 171 160 171 187 103 193 161 191 107 100
  173 134 198 197 111 195 164 108 118 150 176 174 198 183 184 125 173 181
  192 150 169 199 166 176 124 144 153 176 174 175 118 157 136 117 166 121
  120 112 114 157 190 138 190 140 188 139 101 179 194 130 190 107 162 134
  121 114 171 149 140 191 194 193 129 151 100 138 183 142 158 133 143 155
  111 146 101 178 192 151 156 149 142 196 189 191 170 139 156 156 177 119
  174 148 128 171 174 182 141 130 195 116 107 162 105 127 113 154 104 135
  129 142 196 141 164 171 134 173 110 156 196 122 149 152 148 126 128 117
  165 155 172 121 110 172 156 165 106 157 186 148 193 117 131 151 159 102
  131 162 194 122 143 123 121 167 156 152 117 190 198 177 153 102 140 150
  193 119 197 181 164 145 127 157 196 173 198 176 102 164 193 114 140 152
  160 177 146 196 182 143 175 177 133 183 136 126 145 160 181 178 179 100
  172 106 102 126 136 158 152 156 123 151 193 182 151 105 148]
 [  0 100 147 120 142 146 136 107 133 167 129 194 178 109 196 150 147 190
  160 111 127 149 111 179 109 150 196 147 127 125 154 107 181 172 183 117
  106 136 197 141 155 105 122 154 190 116 123 146 115 120 115 109 121 174
  161 153 181 104 125 180 138 167 133 122 199 133 196 115 163 171 156 179
  182 102 118 195 172 102 112 150 199 127 181 173 157 179 102 137 190 165
  170 135 133 150 154 164 117 161 160 197 171 189 192 184 136 125 195 185
  165 169 130 171 114 153 100 190 120 115 100 173 138 160 181 159 163 173
  152 122 144 179 125 148 131 170 133 138 167 113 179 105 152 147 195 108
  185 139 168 179 148 187 127 148 176 184 197 156 109 104 153 141 169 149
  162 120 121 142 112 138 105 192 132 128 187 148 158 160 109 176 186 144
  174 157 124 116 111 113 146 190 195 135 198 132 163 120 115 140 127 144
  100 140 178 107 132 150 183 101 193 142 132 157 103 136 167 149 124 170
  129 157 106 128 126 111 160 168 143 112 189 131 187 181 103 182 136 143
  109 151 180 128 133 145 113 111 191 126 190 181 123 136 156 175 125 141
  171 191 143 149 103 138 107 199 102 128 113 118 198 106 158 151 184 100
  192 183 171 180 112 128 104 167 133 101 187 197 171 135 174 167 104 174
  149 133 109 180 134 185 145 113 142 127 113 150 181 151 137 132 196 104
  114 104 197 115 150 104 186 179 143 173 134 116 114 132 110]
 [  0 110 189 108 109 161 100 128 161 150 153 133 148 114 189 141 114 115
  134 122 196 145 199 147 196 163 105 107 146 178 191 137 120 152 131 183
  103 178 128 113 175 104 186 160 137 184 159 164 109 163 177 169 100 162
  142 190 127 139 197 191 138 127 159 185 195 152 197 123 117 166 174 195
  101 155 172 185 165 129 132 141 165 127 106 148 180 102 102 146 127 186
  138 168 117 106 186 154 142 178 100 173 148 140 102 113 101 119 178 184
  133 107 197 146 153 145 191 144 182 185 178 164 166 158 160 170 195 179
  110 143 131 132 160 158 126 199 146 176 169 174 156 117 100 168 168 184
  183 184 199 166 186 135 115 153 113 132 173 164 133 171 102 188 178 119
  190 179 163 175 107 134 133 143 140 196 150 119 121 188 187 140 160 169
  170 180 150 165 175 106 194 177 152 188 151 102 123 131 172 137 100 145
  131 160 113 166 126 159 171 125 180 142 196 145 106 115 108 113 129 128
  137 142 103 124 109 184 118 148 127 199 165 181 117 163 155 181 135 190
  170 160 172 157 130 168 119 147 163 119 107 151 105 180 132 149 191 198
  121 147 175 163 123 183 150 111 102 124 103 152 140 148 171 145 145 185
  182 199 188 106 109 185 103 133 104 117 185 119 139 186 188 186 151 126
  144 145 139 125 172 147 128 115 143 128 124 122 197 133 104 172 186 183
  183 149 132 180 129 195 170 189 104 117 138 110 116 190 118]
 [  0 132 117 130 191 118 198 177 165 182 103 160 155 153 109 107 106 185
  174 141 196 144 196 199 115 123 166 165 145 109 110 131 181 145 168 160
  154 124 120 168 114 126 178 115 149 193 161 146 193 144 180 161 138 108
  180 176 169 170 133 133 131 131 172 144 116 101 137 111 173 134 150 189
  158 109 154 149 199 154 184 124 172 130 180 134 169 184 157 104 107 152
  166 149 120 117 138 136 101 186 152 165 157 198 131 159 145 145 176 185
  162 110 115 151 194 181 184 170 120 110 171 172 147 143 178 126 100 177
  168 105 168 171 103 158 105 177 147 199 119 144 173 161 118 183 102 105
  196 109 175 116 130 151 180 119 120 117 152 153 156 110 176 135 180 182
  113 190 139 192 159 113 127 146 171 160 178 167 140 170 146 105 137 177
  136 104 187 182 107 178 128 119 125 185 152 164 193 192 128 123 118 173
  186 150 153 199 189 132 119 166 187 183 112 177 195 124 147 160 156 102
  108 111 101 114 147 119 151 121 192 175 106 190 108 186 175 130 104 123
  121 113 117 192 135 168 113 152 183 108 137 116 164 141 172 194 112 108
  104 121 184 164 110 144 128 198 177 144 115 179 164 173 165 183 106 156
  143 124 182 188 133 149 136 194 126 133 115 123 184 132 163 135 191 141
  157 120 107 192 174 104 148 192 134 121 163 150 183 148 167 152 181 150
  125 117 102 111 143 140 144 184 175 187 103 126 113 185 114]
 [  0 169 119 124 157 181 106 132 156 160 180 118 141 124 170 137 198 107
  157 194 143 186 177 125 116 176 182 124 181 125 161 107 133 169 186 161
  132 148 163 157 137 178 134 131 107 122 163 109 101 110 158 119 127 164
  185 113 169 122 133 179 143 121 111 102 181 118 108 131 115 118 183 187
  130 199 187 195 161 179 174 183 182 134 139 107 154 146 108 181 143 141
  119 133 190 121 148 148 134 151 106 119 136 142 158 101 169 168 189 177
  130 186 116 113 179 126 151 185 150 177 101 194 140 133 141 114 114 185
  189 136 124 176 111 166 141 184 160 174 163 122 182 177 164 103 189 169
  146 164 171 163 139 108 133 173 115 138 162 104 116 105 199 159 147 187
  169 191 109 118 146 152 126 166 124 159 171 194 149 161 120 191 158 161
  143 134 104 194 196 120 193 197 110 133 113 121 104 149 189 123 193 187
  113 199 193 166 160 190 187 111 197 132 117 119 127 179 121 165 116 178
  192 185 153 141 155 193 176 118 144 105 131 165 104 111 116 167 140 174
  155 108 131 130 174 192 105 159 159 165 134 192 149 123 169 138 164 184
  120 160 155 120 132 126 140 174 149 129 149 142 111 136 136 130 169 185
  198 196 116 188 195 107 166 189 188 154 116 134 146 112 120 171 152 160
  184 181 171 140 168 150 175 100 172 150 195 113 133 132 164 172 181 161
  197 126 107 122 184 145 151 103 149 110 101 150 174 134 101]]
 job2fam
 [[1 0 0 0 0 0 0 0 0 0 0 0 0 0 0 0 0 0 0 0 0 0 0 0 0 0 0 0 0 0 0 0 0 0 0 0
  0 0 0 0 0 0 0 0 0 0 0 0 0 0 0 0 0 0 0 0 0 0 0 0 0 0 0 0 0 0 0 0 0 0 0 0
  0 0 0 0 0 0 0 0 0 0 0 0 0 0 0 0 0 0 0 0 0 0 0 0 0 0 0 0 0 0 0 0 0 0 0 0
  0 0 0 0 0 0 0 0 0 0 0 0 0 0 0 0 0 0 0 0 0 0 0 0 0 0 0 0 0 0 0 0 0 0 0 0
  0 0 0 0 0 0 0 0 0 0 0 0 0 0 0 0 0 0 0 0 0 0 0 0 0 0 0 0 0 0 0 0 0 0 0 0
  0 0 0 0 0 0 0 0 0 0 0 0 0 0 0 0 0 0 0 0 0 0 0 0 0 0 0 0 0 0 0 0 0 0 0 0
  0 0 0 0 0 0 0 0 0 0 0 0 0 0 0 0 0 0 0 0 0 0 0 0 0 0 0 0 0 0 0 0 0 0 0 0
  0 0 0 0 0 0 0 0 0 0 0 0 0 0 0 0 0 0 0 0 0 0 0 0 0 0 0 0 0 0 0 0 0 0 0 0
  0 0 0 0 0 0 0 0 0 0 0 0 0 0 0 0 0 0 0 0 0 0 0 0 0 0 0 0 0 0 0 0 0]
 [0 0 0 0 0 0 1 0 0 0 0 0 0 0 0 0 1 1 0 0 0 0 0 0 0 0 0 0 0 1 0 0 0 0 0 0
  0 1 1 0 0 0 0 0 0 0 0 0 0 0 0 0 0 0 0 0 0 0 0 0 0 0 0 0 0 0 0 0 0 0 0 0
  0 0 0 1 0 0 0 0 0 0 0 0 0 0 0 0 0 0 0 0 0 0 0 0 0 1 0 0 0 0 0 0 0 0 0 0
  0 0 0 0 0 0 0 0 0 0 0 0 0 0 0 0 0 0 0 0 0 0 0 0 0 0 0 1 0 1 0 0 0 1 0 0
  0 0 0 0 0 1 0 0 0 0 0 0 0 0 0 0 0 0 0 0 1 0 0 0 0 0 0 0 0 0 0 0 0 0 0 0
  0 0 0 1 0 0 0 0 0 0 0 0 0 0 0 0 0 0 0 0 1 0 0 0 0 0 0 0 0 0 0 1 0 0 0 0
  0 0 0 0 0 0 0 0 0 0 0 0 0 0 0 0 0 0 0 0 0 0 0 0 0 0 1 0 0 0 0 1 0 0 0 0
  0 0 0 0 0 0 0 0 0 0 0 0 1 0 1 0 0 0 0 0 0 0 0 1 0 0 0 1 0 0 0 0 0 0 0 0
  0 0 0 0 1 0 0 0 0 0 0 0 0 0 1 0 0 0 0 0 0 0 0 0 0 0 0 1 0 0 0 0 0]
 [0 0 0 0 0 0 0 0 0 0 0 0 1 1 0 0 0 0 0 0 0 0 0 0 0 0 0 1 0 0 0 0 1 1 0 0
  0 0 0 1 0 1 0 0 0 0 0 1 0 0 0 0 0 0 0 0 0 0 0 0 0 0 0 0 0 0 0 1 1 0 0 0
  0 0 0 0 0 0 0 0 0 0 0 1 0 0 0 0 0 1 0 0 0 0 0 0 0 0 0 0 0 0 0 0 0 0 0 0
  0 0 0 0 0 0 0 0 1 0 0 0 0 0 0 0 0 0 0 0 0 0 0 0 0 0 0 0 0 0 0 0 0 0 0 0
  0 0 0 0 0 0 0 0 0 0 0 0 0 0 0 0 0 0 0 0 0 0 0 0 0 0 0 0 0 0 1 0 0 1 0 1
  0 0 0 0 0 0 0 1 0 0 0 1 1 0 0 0 0 0 1 0 0 0 0 0 0 0 0 0 0 0 0 0 0 0 0 0
  1 0 0 0 0 0 0 0 0 0 0 0 0 0 0 0 0 0 0 0 0 0 0 0 1 0 0 0 1 0 1 0 1 0 0 0
  0 0 0 0 0 0 0 0 0 0 1 0 0 0 0 0 0 0 0 0 0 0 0 0 0 0 0 0 0 0 0 1 0 1 0 0
  0 0 0 0 0 0 0 0 0 0 0 0 0 0 0 0 1 0 1 0 0 0 0 0 0 0 0 0 0 0 0 0 0]
 [0 0 0 0 0 0 0 0 0 0 0 0 0 0 0 0 0 0 0 0 1 0 0 0 0 0 0 0 0 0 0 0 0 0 0 0
  0 0 0 0 1 0 0 0 0 0 0 0 0 0 0 0 0 0 0 0 0 0 0 0 0 0 1 0 0 0 1 0 0 0 0 0
  0 0 1 0 0 1 0 0 0 0 1 0 0 0 0 0 0 0 0 1 0 1 0 0 0 0 0 1 0 0 0 0 0 0 0 1
  0 0 0 0 0 1 0 0 0 0 0 0 0 0 0 0 0 0 0 0 0 0 1 0 0 0 1 0 0 0 0 0 0 0 0 0
  0 0 0 0 0 0 0 0 0 0 0 0 0 0 0 0 0 0 0 0 0 1 0 0 0 0 0 0 0 0 0 0 0 0 0 0
  0 0 0 0 0 0 0 0 0 0 0 0 0 0 0 0 1 0 0 0 0 0 0 0 0 0 1 0 0 0 1 0 1 0 0 0
  0 0 0 0 0 1 0 0 0 0 0 0 0 1 0 1 0 1 0 0 0 0 1 0 0 0 0 0 0 0 0 0 0 1 0 0
  0 0 0 0 0 0 0 0 0 1 0 0 0 0 0 0 0 0 1 0 0 0 0 0 0 0 0 0 0 0 0 0 0 0 0 0
  1 0 0 0 0 0 0 0 0 0 0 0 0 0 0 0 0 0 0 1 0 0 0 0 0 0 0 0 0 0 0 0 0]
 [0 0 0 0 0 0 0 0 0 0 0 0 0 0 0 0 0 0 0 0 0 0 0 0 0 0 0 0 0 0 0 0 0 0 0 0
  0 0 0 0 0 0 0 0 0 0 0 0 0 0 1 1 0 0 1 0 0 1 0 0 0 1 0 0 0 0 0 0 0 0 1 0
  0 0 0 0 0 0 0 0 0 0 0 0 0 0 0 0 0 0 0 0 0 0 0 0 0 0 0 0 0 0 0 0 0 0 0 0
  0 0 0 0 0 0 0 0 0 0 1 0 0 0 0 0 0 0 0 0 0 0 0 1 0 0 0 0 0 0 0 0 0 0 0 0
  0 0 1 0 1 0 0 0 0 0 1 0 0 0 0 0 0 0 0 0 0 0 0 0 1 0 0 0 0 0 0 0 0 0 0 0
  0 0 0 0 0 0 0 0 0 0 0 0 0 0 1 0 0 0 0 0 0 1 0 1 0 0 0 0 0 0 0 0 0 0 0 0
  0 0 0 0 0 0 1 0 0 0 1 0 1 0 0 0 1 0 0 0 1 0 0 0 0 0 0 1 0 0 0 0 0 0 0 0
  0 0 1 0 0 0 0 0 0 0 0 0 0 0 0 0 0 0 0 0 0 0 1 0 0 0 1 0 0 0 0 0 0 0 1 0
  0 0 0 0 0 0 0 0 0 0 0 0 0 0 0 1 0 0 0 0 1 0 0 0 0 0 1 0 0 0 0 0 0]
 [0 0 1 0 0 0 0 0 0 0 0 0 0 0 1 0 0 0 0 0 0 0 0 0 0 0 0 0 0 0 0 0 0 0 0 0
  0 0 0 0 0 0 1 1 0 0 0 0 0 0 0 0 0 1 0 0 0 0 0 0 0 0 0 0 0 0 0 0 0 0 0 0
  0 0 0 0 0 0 0 0 0 0 0 0 0 0 0 0 0 0 0 0 0 0 0 0 1 0 0 0 1 0 0 0 1 0 0 0
  0 0 0 0 0 0 1 0 0 1 0 0 0 0 0 0 0 0 0 0 0 1 0 0 0 0 0 0 0 0 1 1 0 0 0 0
  0 0 0 0 0 0 0 0 0 0 0 0 0 0 0 0 0 0 0 0 0 0 0 0 0 1 0 0 0 0 0 0 0 0 0 0
  0 0 0 0 0 0 0 0 0 0 0 0 0 0 0 0 0 0 0 0 0 0 0 0 0 0 0 0 0 0 0 0 0 0 0 0
  0 0 0 0 0 0 0 0 0 0 0 0 0 0 0 0 0 0 0 1 0 1 0 0 0 0 0 0 0 0 0 0 0 0 0 0
  1 0 0 0 0 0 0 0 1 0 0 0 0 0 0 0 0 0 0 0 0 0 0 0 0 1 0 0 0 1 0 0 0 0 0 1
  0 0 0 0 0 0 0 1 0 0 0 0 1 0 0 0 0 0 0 0 0 0 0 0 0 0 0 0 0 0 0 0 0]
 [0 0 0 0 1 0 0 0 0 0 0 0 0 0 0 0 0 0 0 0 0 0 0 1 0 0 1 0 0 0 0 0 0 0 0 0
  0 0 0 0 0 0 0 0 0 0 0 0 0 0 0 0 0 0 0 1 0 0 0 0 0 0 0 0 0 1 0 0 0 0 0 0
  1 0 0 0 0 0 0 0 1 0 0 0 0 0 0 0 0 0 0 0 0 0 0 0 0 0 1 0 0 0 1 0 0 0 0 0
  0 0 1 0 0 0 0 0 0 0 0 1 1 0 0 1 0 0 0 1 0 0 0 0 0 0 0 0 0 0 0 0 0 0 0 0
  1 0 0 0 0 0 0 1 0 0 0 0 0 0 1 0 0 0 0 0 0 0 0 0 0 0 0 0 0 0 0 0 0 0 0 0
  1 1 0 0 0 0 0 0 0 1 0 0 0 0 0 0 0 0 0 0 0 0 1 0 0 0 0 1 1 0 0 0 0 0 0 0
  0 0 0 1 1 0 0 0 0 0 0 0 0 0 0 0 0 0 0 0 0 0 0 0 0 0 0 0 0 0 0 0 0 0 0 0
  0 0 0 1 0 0 0 0 0 0 0 1 0 0 0 0 0 0 0 1 0 0 0 0 0 0 0 0 0 0 1 0 1 0 0 0
  0 0 0 1 0 0 0 0 0 1 0 0 0 1 0 0 0 0 0 0 0 0 0 0 0 0 0 0 0 0 1 0 0]
 [0 0 0 1 0 0 0 0 0 1 0 1 0 0 0 1 0 0 0 0 0 0 0 0 0 0 0 0 0 0 1 0 0 0 1 0
  0 0 0 0 0 0 0 0 0 0 0 0 0 1 0 0 0 0 0 0 1 0 0 0 0 0 0 0 0 0 0 0 0 0 0 0
  0 0 0 0 0 0 0 1 0 0 0 0 0 0 0 0 0 0 0 0 0 0 0 1 0 0 0 0 0 1 0 0 0 0 1 0
  0 0 0 0 0 0 0 0 0 0 0 0 0 0 0 0 1 0 1 0 0 0 0 0 0 0 0 0 0 0 0 0 0 0 0 0
  0 0 0 0 0 0 0 0 0 0 0 1 0 0 0 1 1 1 0 0 0 0 0 0 0 0 0 0 0 0 0 0 0 0 0 0
  0 0 1 0 0 0 0 0 0 0 0 0 0 0 0 0 0 1 0 0 0 0 0 0 1 0 0 0 0 0 0 0 0 0 0 0
  0 0 0 0 0 0 0 0 0 0 0 0 0 0 0 0 0 0 1 0 0 0 0 0 0 0 0 0 0 0 0 0 0 0 0 0
  0 0 0 0 0 0 0 0 0 0 0 0 0 1 0 0 0 1 0 0 1 0 0 0 0 0 0 0 0 0 0 0 0 0 0 0
  0 0 0 0 0 0 0 0 0 0 0 0 0 0 0 0 0 0 0 0 0 0 0 0 0 0 0 0 0 0 0 0 1]
 [0 0 0 0 0 0 0 0 0 0 0 0 0 0 0 0 0 0 0 0 0 0 0 0 0 1 0 0 0 0 0 0 0 0 0 0
  1 0 0 0 0 0 0 0 0 0 0 0 0 0 0 0 0 0 0 0 0 0 0 0 0 0 0 0 1 0 0 0 0 0 0 1
  0 0 0 0 0 0 0 0 0 0 0 0 1 0 0 0 0 0 0 0 1 0 0 0 0 0 0 0 0 0 0 0 0 0 0 0
  1 0 0 0 0 0 0 0 0 0 0 0 0 1 0 0 0 1 0 0 1 0 0 0 0 0 0 0 0 0 0 0 0 0 0 0
  0 0 0 0 0 0 0 0 0 1 0 0 0 0 0 0 0 0 0 0 0 0 0 0 0 0 0 0 1 0 0 0 0 0 1 0
  0 0 0 0 0 0 1 0 0 0 0 0 0 0 0 0 0 0 0 1 0 0 0 0 0 0 0 0 0 0 0 0 0 0 0 0
  0 0 0 0 0 0 0 0 0 0 0 0 0 0 1 0 0 0 0 0 0 0 0 0 0 0 0 0 0 0 0 0 0 0 1 0
  0 0 0 0 0 0 0 1 0 0 0 0 0 0 0 0 0 0 0 0 0 0 0 0 0 0 0 0 0 0 0 0 0 0 0 0
  0 0 0 0 0 0 1 0 0 0 0 1 0 0 0 0 0 0 0 0 0 0 0 1 1 0 0 0 0 1 0 0 0]
 [0 0 0 0 0 0 0 0 1 0 1 0 0 0 0 0 0 0 0 1 0 0 0 0 0 0 0 0 0 0 0 0 0 0 0 0
  0 0 0 0 0 0 0 0 1 1 0 0 0 0 0 0 1 0 0 0 0 0 0 0 0 0 0 0 0 0 0 0 0 1 0 0
  0 1 0 0 0 0 0 0 0 0 0 0 0 1 0 1 0 0 1 0 0 0 0 0 0 0 0 0 0 0 0 0 0 0 0 0
  0 0 0 0 1 0 0 0 0 0 0 0 0 0 1 0 0 0 0 0 0 0 0 0 0 0 0 0 0 0 0 0 0 0 0 0
  0 0 0 0 0 0 0 0 0 0 0 0 1 0 0 0 0 0 0 0 0 0 0 0 0 0 1 1 0 0 0 0 1 0 0 0
  0 0 0 0 0 0 0 0 0 0 0 0 0 1 0 1 0 0 0 0 0 0 0 0 0 0 0 0 0 0 0 0 0 0 0 0
  0 0 0 0 0 0 0 0 0 1 0 0 0 0 0 0 0 0 0 0 0 0 0 1 0 0 0 0 0 0 0 0 0 0 0 1
  0 0 0 0 0 0 1 0 0 0 0 0 0 0 0 1 0 0 0 0 0 0 0 0 0 0 0 0 0 0 0 0 0 0 0 0
  0 0 0 0 0 1 0 0 0 0 0 0 0 0 0 0 0 1 0 0 0 0 0 0 0 1 0 0 1 0 0 0 0]
 [0 0 0 0 0 0 0 0 0 0 0 0 0 0 0 0 0 0 1 0 0 1 1 0 0 0 0 0 0 0 0 1 0 0 0 1
  0 0 0 0 0 0 0 0 0 0 0 0 1 0 0 0 0 0 0 0 0 0 1 1 1 0 0 0 0 0 0 0 0 0 0 0
  0 0 0 0 0 0 0 0 0 0 0 0 0 0 0 0 0 0 0 0 0 0 0 0 0 0 0 0 0 0 0 1 0 1 0 0
  0 0 0 0 0 0 0 0 0 0 0 0 0 0 0 0 0 0 0 0 0 0 0 0 1 0 0 0 0 0 0 0 0 0 1 1
  0 1 0 1 0 0 0 0 0 0 0 0 0 0 0 0 0 0 0 0 0 0 1 1 0 0 0 0 0 0 0 1 0 0 0 0
  0 0 0 0 1 1 0 0 1 0 0 0 0 0 0 0 0 0 0 0 0 0 0 0 0 0 0 0 0 0 0 0 0 0 1 0
  0 0 0 0 0 0 0 0 1 0 0 0 0 0 0 0 0 0 0 0 0 0 0 0 0 1 0 0 0 1 0 0 0 0 0 0
  0 0 0 0 0 0 0 0 0 0 0 0 0 0 0 0 0 0 0 0 0 0 0 0 0 0 0 0 0 0 0 0 0 0 0 0
  0 0 0 0 0 0 0 0 1 0 0 0 0 0 0 0 0 0 0 0 0 1 0 0 0 0 0 0 0 0 0 0 0]
 [0 1 0 0 0 0 0 0 0 0 0 0 0 0 0 0 0 0 0 0 0 0 0 0 0 0 0 0 1 0 0 0 0 0 0 0
  0 0 0 0 0 0 0 0 0 0 1 0 0 0 0 0 0 0 0 0 0 0 0 0 0 0 0 1 0 0 0 0 0 0 0 0
  0 0 0 0 1 0 0 0 0 1 0 0 0 0 1 0 0 0 0 0 0 0 1 0 0 0 0 0 0 0 0 0 0 0 0 0
  0 1 0 1 0 0 0 1 0 0 0 0 0 0 0 0 0 0 0 0 0 0 0 0 0 1 0 0 0 0 0 0 0 0 0 0
  0 0 0 0 0 0 1 0 0 0 0 0 0 1 0 0 0 0 0 0 0 0 0 0 0 0 0 0 0 0 0 0 0 0 0 0
  0 0 0 0 0 0 0 0 0 0 0 0 0 0 0 0 0 0 0 0 0 0 0 0 0 1 0 0 0 1 0 0 0 1 0 1
  0 0 1 0 0 0 0 1 0 0 0 1 0 0 0 0 0 0 0 0 0 0 0 0 0 0 0 0 0 0 0 0 0 0 0 0
  0 0 0 0 1 1 0 0 0 0 0 0 0 0 0 0 0 0 0 0 0 0 0 0 1 0 0 0 1 0 0 0 0 0 0 0
  0 0 0 0 0 0 0 0 0 0 0 0 0 0 0 0 0 0 0 0 0 0 0 0 0 0 0 0 0 0 0 1 0]
 [0 0 0 0 0 1 0 1 0 0 0 0 0 0 0 0 0 0 0 0 0 0 0 0 1 0 0 0 0 0 0 0 0 0 0 0
  0 0 0 0 0 0 0 0 0 0 0 0 0 0 0 0 0 0 0 0 0 0 0 0 0 0 0 0 0 0 0 0 0 0 0 0
  0 0 0 0 0 0 1 0 0 0 0 0 0 0 0 0 1 0 0 0 0 0 0 0 0 0 0 0 0 0 0 0 0 0 0 0
  0 0 0 0 0 0 0 0 0 0 0 0 0 0 0 0 0 0 0 0 0 0 0 0 0 0 0 0 1 0 0 0 1 0 0 0
  0 0 0 0 0 0 0 0 1 0 0 0 0 0 0 0 0 0 1 1 0 0 0 0 0 0 0 0 0 1 0 0 0 0 0 0
  0 0 0 0 0 0 0 0 0 0 1 0 0 0 0 0 0 0 0 0 0 0 0 0 0 0 0 0 0 0 0 0 0 0 0 0
  0 1 0 0 0 0 0 0 0 0 0 0 0 0 0 0 0 0 0 0 0 0 0 0 0 0 0 0 0 0 0 0 0 0 0 0
  0 1 0 0 0 0 0 0 0 0 0 0 0 0 0 0 1 0 0 0 0 1 0 0 0 0 0 0 0 0 0 0 0 0 0 0
  0 1 1 0 0 0 0 0 0 0 1 0 0 0 0 0 0 0 0 0 0 0 1 0 0 0 0 0 0 0 0 0 0]]
