params：
 weight-->(1, 10)
 proc_times-->(1, 100)
 setup_times-->(30, 60)
 delivery_times-->(1, 30)
 job_rate-->5.0

start:
alpha_1
5.0
 alpha_2
1.0
 mach
2
 job
10
 fam
3
 weigh
 [[0 4 8 6 2 6 1 4 8 6 2]]
 proc_times
 [[  0 100   2  92  20  76  41  19  74  47  70]
 [  0  52  41  48  45  48  92  84  75  64  51]]
 setup_times
 [[[ 0 49 51 38]
  [ 0  0 33 50]
  [ 0 33  0 45]
  [ 0 52 41  0]]

 [[ 0 51 54 53]
  [ 0  0 33 47]
  [ 0 54  0 43]
  [ 0 33 57  0]]]
 delivery_times
 [[ 0 10 19 27  3 14 13  8 23 22 19]
 [ 0 21 17 13  7 11 15 18  4 21 23]]
 job2fam
 [[1 0 0 0 0 0 0 0 0 0 0]
 [0 0 0 0 0 0 0 1 0 0 1]
 [0 1 1 1 0 0 0 0 0 0 0]
 [0 0 0 0 1 1 1 0 1 1 0]]
