params：
 weight-->(1, 10)
 proc_times-->(1, 100)
 setup_times-->(60, 120)
 delivery_times-->(1, 30)
 job_rate-->16

start:
alpha_1
16
 alpha_2
2.0
 mach
20
 job
320
 fam
12
 weigh
 [[0 7 7 1 6 7 9 9 8 9 9 8 8 2 3 1 2 2 2 6 3 6 6 8 2 5 8 1 3 8 9 4 7 4 6 9
  1 3 6 1 5 8 9 3 4 2 9 7 9 8 6 1 7 1 1 1 1 1 9 5 6 3 2 6 7 2 4 9 8 4 6 8
  6 8 4 9 1 8 1 5 7 9 4 2 4 5 7 8 5 3 7 1 2 4 4 8 7 6 3 4 1 4 8 8 6 9 4 6
  6 4 6 6 5 9 9 6 8 7 5 9 9 2 7 9 6 6 9 4 2 1 5 1 8 1 3 4 3 2 9 9 7 7 7 5
  8 7 4 6 1 4 8 6 2 4 1 6 9 2 3 2 7 8 6 8 5 1 2 6 7 3 1 8 3 7 4 2 8 9 4 7
  5 2 4 6 2 3 3 8 7 5 6 3 8 3 6 6 6 2 4 4 4 4 8 8 5 3 2 7 1 3 9 4 8 7 3 2
  9 7 5 5 3 7 6 3 4 6 9 2 5 4 7 1 9 2 7 5 2 7 9 2 5 1 4 8 8 8 8 4 3 9 4 1
  7 8 4 6 4 5 2 4 7 2 1 9 1 2 2 6 1 6 5 4 2 4 2 4 2 8 2 5 4 5 8 2 8 7 6 7
  4 8 9 8 8 5 2 2 6 6 7 2 2 1 3 2 2 3 7 5 9 4 3 4 2 8 7 2 6 7 3 6 4]]
 proc_times
 [[  0  94  77 100  42   5  11  40  95  11  37  41  78  21  69  60  92  85
   64  92  90  64  37  55  99  15  24  31  74  68  18  25  81  16  27  58
   33  23  49  36  41  59  24  67  44  34  34  22  75  65   6  97  37  32
    4  98  80   6  59  12  90  81  81  85  64  87  52  26  37  33  88   3
   56  34  14  41  58  71  61  25  71  45  66  78  31  21  41  73  35  76
   24  82  10  29  49  12   9  13  27  89  94  71  34  80  79  43  20 100
   50  54  91  19  25  19  82  51  22  60  99   5  72  43  81  36  29  10
   32  61  27  81  58  76  30  76  90  25  82  40  52  23  37  37  89   2
    1  67  47  42   3  22  47  34  22  32  18  71   9  25  57  27   3  95
   58  19  12  72  89  64  23  19  93  28  82  91   7  78   1  38  65  68
   48  62  87  14  55  16  69  18  69  74   9  67  48  95  82  16  84  23
   89  82  92  49  86  34  28  45  12  93  74   1  12   5  77  45  85   3
   79  62  93  25  52  41  77   3   1  37  67  87  48  96  77  18  13  84
   94  22  45  68  76  37  16  55   1  96  13  23  72  59  73  28  45  48
   83  27  55  81  50  15  82  48   7  60  46  67  78  12  67  70  49  50
  100   5  61   9  69  12  97  53  90  57  76  14  74  65  99  21  37   7
   45  95  45  65  69  60   4  37  84  41  54  76 100  61  97  52  87  34
   66  37  29  15  45  78  30  37  68  55  55  81  59  91  15]
 [  0   9  90  39  23  77  39  78  76   4  18  24  37  26  23  27  75  87
   82  14  60   4  19  18  39  80  16  61  89  98   6  15   4  76  19  48
   15  13  18  57  53  90  18  17  74  71  28  14  25  81  49  88  30  84
   92  88  65  41  53  93  63  75  58  25  96  42  37  17   6  38  75  47
   93  18   2  79  12  49  82  80  28  34  64  90  87  56  72   9  84  75
   21  89   8  82  41  90  80  90  71  13  65   5  78   2  85  17   4  83
   65   1   2  82  70  22  33  36  40  22  20  41  32   4  57  10  31  95
    7  37  36  69  78  12  39  32  92  90  51  51  94  76  24  90  61  99
    4  27  64  69  76   3  24  99  67  30  87  89  50  73  60  21  11  11
   50  20  62  35   8  52  43  50  53  19  59  35  13  90  88  63  48   7
   51  33  23  85  77  86   1   8  13  29   1   2  25  20  71  44  51  64
   65  76  57  59  78  92  34  57  97  49   7  89  31 100  22  42  84  91
   29  89  60  13  78  24 100  78  19  73  49  32  15  43  57  53  34  75
   60  33  29  31  63  30   5  84  16  83  34  42  57  48  92  55  39  63
   86  18  36  15  52  53  10  33  84  67  36  50 100  72   6  96  99  78
   41  46  53  25  17  51  57  61  43  93  70  53  92  27  16  64  39   8
   28  19  43   7  14  95  20  18  74   8  12  58  15  70  97  51  72  24
   52  33  43  28  51  79  44  72  10  97  65  29  91   9  74]
 [  0  35  41  69  42  48  84  96  42  72  40  36  13  38  51  64  20  68
   79  17   2  47   1  17  86  98  24  15  16  97  54  89  12  96  78 100
   70  86  10  83  32  76  64   9  17  48  12  88  91  14  10  53  37  44
   90  40  58  79  63  49  94  82   5   1   1   3  66   8  87  20  61  44
   13   9  27  93  44  55  59  73  23   5  79  66  43  81  82  39  77  92
   76  52  72   1  63  67  43  81  22  45  61  55   7  90  36   5  74  50
   49  74  47  47  90  25  90  99  17  56  41  23  35  95  10  39  79  88
   99  26  13  25  61  44   9  95   4  26  51  42  27  18  61   7  82  90
   52  58  40  13  20  87  92   1   5  97   9  50  99  55  94  19  69  50
   21  95  68  71  31  94  68  73  37  93   6  56  85   4  91  26  64  57
   37  38  52  23  77  47  90  69   7  44  65  75  63  19  74  41  63  16
   39  16  58  18  93  36  61  27   8  37  80   1  27  10  78  40   6  90
   63  53  19  43  72  79  17 100  27  91  85  62   4   3  62  86  81  25
   53  51  32  93  57  17   3  10  10  61  31  20  16  53  73  93  44  93
    9  70  39  11  43  14  98  36   7  40  46  87   1  85  22  97  82  11
   34  62  17  49  63  32  75  49  12  32  61   4  66  27  79  24  63   9
    1  39  33  20  91  44  91   2  96  44   6   2  85  44  58  56  58  33
   41  96  63  12   3  29  88  36  35  58  35  86  55  95   8]
 [  0  32  96  17  15  70  17  32   3  85 100  68  24  70  24  33  94  22
   70  26  23   8  48  55   8  25  31  35  65  46  51  68  86  24  22  33
   76  19  89  89  91  33  75   9  45  69  29  26  72  82  69  37  67  49
   14  11  83  54  69  41  64  90  18  16  72  64  88  29  90  16  68  31
   26  63  90   6  84  72  95  75  29  65  52  70  98  66  78  36  81  19
   83  99   8  89  90   8  64  54  75  35  84  58  81  89  78   8 100  90
    2  11  43  59   8  15  88  39  14  31  47  68  12  27  93   5  89  22
   23  48   5  11  25  53  98   9  14  25  10  88  64  31   1  29   3  24
   74  13  15  56   1  66   1  15  86  96  55  12  99  16  81  93  92  78
   78  13  55  79  50  34  26  12  11  39  62  58  89  24  30  72  54  23
   47  83  78  53  78  28  53  93   2  76  82   7  88  25  56  64  41  13
   43  65  44   3  40  31  51  42  63  56  98   9  49  66  80  54  32  41
   29  21 100  18  16  37  77  72  69  81  91  14   2  92  38  95  99  71
  100  42  74  47  15  87  56  73  43  11  84  93  14  49  94  56  49 100
   58  11  24  74  14   7  12   3  59  85  92  39  99  13  73  15  64  85
   73  82 100  86  88  44  31  27  57  83  52 100  50  29  10  23  70  31
   46  96  27  88  49  73  41  52  67  63  39  88  38   5  59  32  37  15
   31  16  58  74   8  43  90  67  37  89  24  35  56  22   8]
 [  0  60  11  56  81   1  62  70  29  18  37  19  25  23  15  74  31  67
   66  63  80 100  35  52  90  24  75   6  95  42  69  75  10  43  53  41
   85  35  64  93  36  16  69   9  25  95  72  89   7  23  94  73  19  30
   21  57  35  53  45  72  10  99  58  61  65  94  84  57   1  68   9   6
   62  58  52  75  70   9  63  46  55  58  13  15  73  64  19  17   3  76
   56   8  33  56  86  25  21  19  57  17  46  36  28  54  12  46  40  84
   41  20  31  10  21  47  16  72  91  72  37  12  29  42  27   6  72  79
   22  79  54  71  12   3   3  25  17  21  14  81  26  73  70   1  95  38
   61  97  51  70  97  39  15  91  26  21   5   8  10  67  31  34  93  32
   98  43  20  46   1  36  92  81   1  68  19  99  83  58  71  36  42  42
   37  61  80  92  43  48  93  73  35  74  48  33  71  82  23  81  78  50
   54  81  11   7  38  36  63  22  38  65  18  51  85 100  88  65  63  23
   25  45  14  30  48  76  96  14  31  82  46  24  74  26  83  66  74  67
   51  64  78  72  63   9  67  20   2  73  40  37  41  62   7  74  46  88
   86  75  51  28  43  55  57  98   1  94  36  47  30  66  44  44  65  53
   60  67  18  57  28  46  35  32  11  43  66  14  11  57   5  44  42  63
   44  73  36  36  38  66  68  92  94  24  89  77  78  14  95   1  56  43
   56  13  31  46  73  87  26  50  12  64  22  10   2   5  13]
 [  0  36   6  68  80  94  45  69  45 100  21  60  71  39  76  43  26  53
   47  80  62  82  23  69  39  79  44   8  58  67   4  42   6  24  87   7
   99   9  89  33  34   8  74  92  74   6  28  20  37  10  34  99  44  37
   71  70  93  54  50  23  52  18  21  89  31   4  56  91  76  64  50  87
   54  66  32  61  13  55  38  93  74  61  29  82  23  91  25  64  64  65
   99  16  28  24   6   3  40  82  71  51  82  81  43  48  17  71  95  43
   30  13  80  36  45  80  42   3  76  43  23  64  72  36  92  55  30  67
   63  83   5  62  80  11  53  57  20  81  65  90  27  81  49  49  68   6
   11  95  40  37  97  86  30  36  98  89  13  82  63 100  33   2  16  32
   31  21  39  98  43  75  43  21  38  64  35  74  87  77  95  28  50  30
   15  32  60  21  55  90  96  99  45 100  20  19  29  65  92  33  43  28
   26   6  84  71  70  67  10  28  53  45  96  98  63   2   6  97  81  53
   49   6  63  88  35  78  35  64  99  93  58  94  85  89  25  56  70  33
    7  12  60  68  53  76  48  58  49  49  88  43  70  14  39  46  41  57
   91  69  18  19  24  69  95  65  64  49  60  45  88  93  26  92  32  78
   60  31  85   6  86  88  33   3  77  41  21  49  63  55   4  45  61  30
   52  42  74  38  25  14  92  73  38  21  38  87  35  23  65  46  56  49
   84   4  43  25  50   9  85  53  62  18  79  57  65  77  83]
 [  0  85  36  66  80  20  54  92   9   9  78  15  20   9  41  99  54  61
    1  24   2  96  17  93  56  73  79   8  10  41  53  90  32  78  43  29
   51  39  99  43  99  88  85  57 100  64  65   5  27  26  38  64  13  95
   25  62  36   7   3  67  68  74  98  27  27  64   9  51   2  29   5 100
   88  20  55  89  19  49  66  45  98   1  49  27  21  31  57  57  90  17
    4  89  88  53  16  52   8  84  31  44  56  85  25  78   7   7   4  68
   33  17  61  70  62  65  62  13  15   2  38  25  56  22  85  72  14  58
   17  88  67  64  54  87  28  28  30  40  18  47   5  57  18  24  78  95
   17  77   9  17  82  14  24  51  95  85  22  95  41  50  58   4  94  25
   26   2  10  94  39  72  71  52  24  16  94  68  21  37  32  31  85  83
   77  44  34  92  52 100  23  74  82  87  71  63  33  72  26  62  25  57
   88  43  69  95  61  56  78  33  57  36   6  44  57  90  49   3  54  71
   95  79  24  89  65  44  78  93  13   2  36  62  30  48  29  66  93  90
   98  91  13  63  61  80   5  92  71  52  66  74  70  82  62  78  79  26
   87  69  39  93   1  81  59  50  48  86  59  43  87  54  85  96  24  16
   20   9  26  88 100  59   5  78   1  82  31  14  75  90  14  22  69  14
   69  71  23  64  20  23   3   8  87  59  93  84  44  71  30  99  55  98
   91  70  34   2  37  77  86  56  20  31  73  26   7  17  32]
 [  0   9  21  95   6  74  74  55  89 100  71  15  76  49  34  59  28  99
   93  62  51  14  68   5  83   4   8   5  73  20  96  57  80  40  86  91
    8  73  39  16  70  66   6   1  22  70  69   1  18  51  70   9  15  43
   26  87  18  16  18  52  88  83  51  55   5  38  31  48  82  69  53  33
   87  83  37   4   9   6  96  35  81  28  77  73  50  42  95  68  79   5
    9  39  47  56 100  24  34  30  23  67  34  54  70  90  74  70  21  37
    1  11  82  68  98  77 100  82  74   8  86 100  58  92  33   1  49  37
   12  96  22  58  43  83  68  78  31  77  51   7  62  87  34  68  26  82
   83  55  20  39  86  64  67  17   8  30  12   1  26  67  56  48  35  74
   96  32   5   7  93  86  77  97  15  10  16  37  43  59  53  76  30  57
   14  26  80  95  97  19  94  50  18  47  98  20  60  81  46  71  61  34
   15  77  45  75  77  83  17  52  14  48  48  17  62  66  44  25  51  88
   86  15  10  94  37  20  22  24  49   2  59  46  42  51  58  43  26  60
   73   1  25  91  55  43  87  31  59  58   5  49  86  84  18  97  60  61
    6  41  40  39  37  37  57  56  68  50  29  50  57  69  76  51  78  74
   22  70  16  58  46  99  74  57  50   3  44  16  77  31  87  38   8  25
   84  65  98  62   8  71  63  80  35  49  91 100  67  29   4  57   2  72
   96  66  30  67   7  49  21  65  56   7  22  87  10  70   4]
 [  0  46  81  48  66  62  99  77  45  67  86  68  34  10  47  53  12   6
   96  20  40  48  23  60  24  37  51  70  75   2  68  17  24  62  71  56
   62  41   6  75  66   6  14  72  28   7  18  59  14  10  73  46  70  87
    3  99   8  16  21  60  89  50  58  63  33 100   7   5  20  94  51   7
   69  77  74  44  22  53  70  53  96  68  38  24  43  84  13  69  77  77
   33  70  27  52  42  47  14  40  67  90  33  24  80  61  13 100  25  60
   65   3  93  43  19  31  28  16   2  42   2  69   2  38  49  71  66  93
   69  54  72  87   1  99  10  88  67  72  59  66  72  95   1  12  74  42
   38  12  28  54  99   2  34  21  94  89   1  26  61  23  81  25  96  71
   96  69   5   1  83  74  78  81   6  51   5  90  23  26  78  45  44  77
    4  13  12  91  94  64  84   2  64   1  80   2  95  46  42  89  58  81
   20 100  14  66  95  38  35  86   7  96  80  17  66  24  71  44  23  53
   24  96  94  64  16  93  19  68  45  45   6  53  72  57  69  80   9  59
   27  90  17  80  29  38  11  89  54  85  24  59  86  65   8  75  38  61
   91  58  86  13  27  27  74  55 100  92  60  28  56  85  11  12   8  93
   69  69   8  39  42  52  24  15  21  31  63   6  48  18  18  18  71  44
   66   9  89  72  57  71  83   3  73  99  85  96  62  42   9  61  14  44
   90  55  79  27  19  94  86  26  86  66  77   2  19   2  59]
 [  0  38  65  43  47  60   3  66  42  53  72  99  28  25  49  60  18  15
   88  59  13  46  75  87  21  70  75  72  12  28  76  90  12  39  86  38
   60  55  41   1  51   4   3  82   5  82   3  47  70  66  81   6  20  83
   54  58  82  45  40  54  55  66  54  82  22  67  17  52  96  95  21  15
   76  12  62  58  77  99  28  31  64  60  54  30  33  30  16   9  48  71
   43  67  26  98  29  16  78  28  93  53  65  30  35  77  12  69  36  39
   65  41  65  54  88  88  60  20  81  75  44  33  44  82  52  33  90  23
   28  21  61  21  65  30  21  99  69   1  48  16  58  26  55  65  32  59
   85  86  55  25  60  44  89  58  91  66  27  58  22  70  77  88  26  11
   81  31  32  74  64  37  45  89  39  86  44  82   1  83  94  26  16  79
   71  39  27  18   1  69  22  66  47  57  19  99   8  43  72  72  95  45
   80  76  95  14  91  20  65  43  26  40  68  28  77  86  81  77  15  75
   31  40  35  77  76  85  57  59  60  41  57   5  89  15   8  81  95  75
   67  67  29  41  65  33  96  54  14  73  63 100  66  73  51  95   5  53
   99  91  40  35 100  33  27  51  27  62  22  26  54  26  55  16  79  38
   56  91  61  50  56  82  34  34  50  83  73  39   4  11  57  99  92  65
   97  26  99  74  26  29  50  22  33  68  89  18  97  83  63   5  62  34
   57  39  88  18  11  54  60  88  89   8  49  77  54  58  61]
 [  0  36  26  49  24  21  47  10  91  18  88  24  53  48   8  81  98  53
   81  13  97  27  95  14   4  56  95  38  10  78  33  62  99  76   8  17
   10  43  50  10  18  21  25  29  70  22  34  54  22  63  48  31  23   4
   28  76  38  64  91  40  60  34  92  26  35  91  47  28  39  94  45  65
    6  61  49  49  27  45  47  24  94  57  64  98  20   9  85   5  43  34
   68  14  94  33  74  75  39  40   6  54  41  69  53  96   8  93  18  51
   10  61   3  30  81  34  66  67  43  85  89  30  60  56  45  45  50  80
   28  86  19  47  94  92  67  56   4   7  66  93  27  20  73  83  47  88
    8  26  85  26  12  28  39  45  98  18  42  95  35  26  95  24  76  43
   48  98  63  18  11  18   9  51  38  91  99  18  24  96  21  65  28   4
   33  92  81  24   6  29  49  93  56  46   3  60  26  56  92  71  75  61
   87  29  65  95  78  50  26  37   3  87  49  60  80  41  21  55  70  30
   88   5  85   8  73  81  75  90  55  97  40  25  28  56  10  52   9   8
   88   7  31  91  72  80  79   3  93  37  56  25  88  15  16  57  34  28
   29  45  37  74  82  27  68   9  60  50  14  92  53  69  94  34  68  60
   31  97  35  36  56  56  11  75  89   2  24  70  83  69  35  73  94  16
   65  13  81  52  79  97  28  43  56  70  64  81  28  11  81  93  24  42
   98  13  22  71  84  61  75  55  21  33  61  64  53   1   9]
 [  0  45  93  29  84  88  31  48  79  91  15  92  75  26  71  88  52  69
   73   2  49  15  67  53   6  53  93  31  32  83  59  66  51 100  38 100
   19  92  98   8  34  18  29  68   1  60  44  82  90  57  87  50  43  90
    9  25  81  39  81  38  77  58  71  91  21  77  67  13  64  84  55  94
   15  40   4   8  48  84  17  30  39  63  55  36  14  93   1   1  44  94
   45  24   8  76  82  61  19  34  78  81  28  92  66  29  95   7  22  34
   73  64  35  13  82  97  34  85  33  14  40  62  89  23  38  75  56  42
   54  78   5  40   3  17  71  13  38  89  26   4  86  59  35  92  29  62
   25  55  80  40  98  18  73  50  93  55  84   7  90  11  16  32  89  71
   95  13  54   9  40  32  26  20   2  26  48  13  81  37  30  79  60  44
   21  30   8  37  14  21  10  49  49  61  83  77   4  42  86  43  90  46
   10  67  12  10  22  46  78  58  83  14  82  22  12  19  49  91  46  47
   23  87  50  71  36  91  13  93  56  11  72  19  82  72  51  48  16  54
   55  14  51  23  23   2  10  88  56  11  33  12  96  53  36  50  14  21
   53  14  94  85  22  83  57  38  34  54   3   1  42  16  36  19   3  69
   77  86  24  50  80  93  17  52  43   5  15   1  16  82  87  47   6  82
   34  96  62  99  83  63  54  21  32   8   4  22  36  32  49  46  44  21
   66  41  30  66  19  76  88  99  94  94  35  82  53  39  40]
 [  0  69  10  87  26  83  67  77  51  97  28  44  90  46  68  72  69  51
   28  67  63  24  39  82  93  41  39  61  81  54  46  43  86  70  87  90
   84  68  49  34  72  20  46  83  63  82  45  66  51  69  99  94  74  10
   25   9  19  83  40  95   5  31  81  12  46  89  10  10  31  35  24  73
   76  56  99 100  14  93  86  59  10  41  91  46   4  65  70  50  35  33
   94  83  76  75  71  63  35  77  39  13  36  87  52  66  96   8  46  42
   48  38  15  21  55  36  17  57  84  10  70  91  41  28  99  72  84  40
   56  47  25  45  70  21  37  70  33   3  45  44  78  54  18  28   5  27
  100  81  41  47  26  72  46  60  46  95  90  53  15  41  23  81  66  60
   52  67   8  57  79  74  37  43  14  14  50  40  13  69  37  45  92  77
   85  82   7  16  84  94  28  36  38  79  59  73  27  83   9  21  88  79
   90  28  21  65  67  96  59  30  22  66  27  92  59  66  26  81  67  22
   11 100  42  48  49  16  42  34  36  94  14  17   2  78  24  42  50  95
   86  85  20  16   3  67  97   7  21  87  91  50  29  63  65  93  50  17
   49  95  62  87  70  48  46  87  49  50  31  74  72  86  65  71  20  51
   34  71  17  41  25  21   1   9  48  61  87  66  84  50  23  32  87  86
   45  13   6  58  64  97  27  99  96   7  15  55  11  94  93  56  17  21
   23  34  61  38  49  61  38  68  95  75  85  52  51  44  81]
 [  0  82   9  33  75  58  95  15  21  73  40  82  46  79  89   6  91  25
   71  20   2  30  60  53   3   1  91  22  30  44  99  80  34  23  12  28
   35   4  26  79  12  65  43  77  71  77  49  76   2  75   7  81  35  97
   22  11  22  93  23  25  97  46   8  25  91  92  31  58   3  59  18  55
   33  16  65  98  20  86   7  93  62  78  66  83  93  89  26  60   3  11
   54  55  18  56  70  53  44  56  82  63   4  63  28  53  66  44  66  49
   93  56  33  76  98  94  30  98  76  33   1  54  48  82   6  25  33  47
   34  54  68  86  10  73   9  94  47  11  58  12   3  84  97   9  27  62
   97  23  23  11  44  18  65  55  10  67  33  83  30  20  54  97  96  95
   15  94  87  99  12  47  57  42  46  94  26  12  93  53  20  88  81  51
   61  76  87  35   5  69  52   2   6  79   5  70  80  36  63  22  47  53
    4  69  74  19  83  95  99  18  11  27  73  31  28   7  76   1  30   3
   60  58  46  96  58  83  88  50  14  34  52  64  17  67  47  96  47   2
   60  45  27   7  99  25  14   3  87   4  96  55   2  78  52  67  59  44
   95  23  73  91  80  12  30  80  16  84  50  92  80  11  28  11  68  90
   27  28  76  91  49  89  49  57   4  28  96  98  79  22  31  98  13  15
   48  68  18  16  11  38  43  94  24  83  54  22  99  49   2  34  41  19
   51  87  78  52  68  83  29  67  50  35  11  80  96   8  53]
 [  0  59   9  38  91   7  24  89  15  58  97  27  29  89   2  75  73  88
   31  87  72  55  10  65  68  93  91  24  20  78  51  66  87  84  92  20
   45  21   9  77  51  31  76  62  56  49  89  61  32  84  50  68  11  88
   21   7  97  77  49  19  36  70  91  53  73  71  80  48  71  37  34  78
   73  73  21   6  94   7  25  13  22  42   3  96  14  77  44  58  62  11
   16  56  43   7   7  47  20  97  96  18  90  88  35  96  12  79  26  24
   96  48  70  48 100  84  92  41  76  77  39  35  37  35  26  88  94  51
   94  67  80  54  98  34   4 100  22  17  81  70  84 100   4   8  67  78
   33  53  97  17  51  51  45  98  30  57  11  25  28  54  28  62  72  66
  100  82  88  29   5  20   2   9  99  72  52  31  38  46   6  65  67  76
   92  81  17  68  12  56  64  18  82  95  42  90  20  47  74  68  39  89
   16  56  39  52  26  27  26  67  30  96  85  23  31  20   1  24  92  21
   43  49  83  81  54  25  95  39  44  96  62  80  96  29  96  99  86  46
   68   8   3  45  80  31  69  50  88  27  87  86  62  11  49  72  21  47
    4  18  69  97  63  84  63  76  89  39  80  84  76  45  12   1  46  67
    8  80  48  92  63   9   3  19  69  34  72  70  84  20  55  13  29  48
   60  61  52  56  69  90  52  22  52  11  20  17  75  59  21  68  65  19
   10  49  27  56  34  11  25  24  67  77  63  78   9  40  25]
 [  0  38  43  17  27  12  65  44  78  11  85  32  93  53  73  84  97   9
   25 100   8  59  48  53  17  19   9  61  11  72  86  39  52  80  33  17
   64  65  98  29  65  83  59  96  45  31  19  98  63  41  47   6   8  58
    5  74  70  45  62  62   5  91  87  70  71  10  46  67  46  67  79  15
   70  89  25 100  64  41   5  39  92  47  76  44  45  78  45  49  33  35
   67  82  62  14  54  24  53  67  90  94  15  89  51   4  43  30  90  77
   11  27  19  92  48  50  34  53  28  71  57  57  53  18  79  73  68  62
   46   3  36   1  16  79  30  59   3  13  23  46  48  43   8  22  83  79
   43   7  84  86  36   8  31   3  49  34  22  16  13  10  59  75  20  44
   86  25  43   1  83  65  87  31  88  24  23  17  55  94   7  77  50  80
   20  12  22  76 100  36  70  94  63  96  11  60  39  44  93  59  49  28
   33  21  27  39  22   9  35  16  37  92  76  86   8  52  54  74  16  55
   92  25  33  67  44   4  75  21   3  36  18  47  71  99  83   3  65  32
   61  25  95 100  97   2  35  54  95  78   3  35  83  84  31  23  26  90
   38  87  45  52  32  82  59  82  47  50  55  39  63  57  42  92  41  30
   50  92   1  69  83  15  55  60  30  27  25  57  40  37  86  58  96  36
    8  66  46  70  16  69  48  93  23  48  30  88  98  60  68  51   7  77
   82  83  74  38  17  23  26  82  58  85  47  16  76  16 100]
 [  0  30  34  12  73  61  20  76  27  91  30   8  72  56  69  95  35   3
   85  58  13  11  65  30  90  27  48   5  31  91  41  88  95  48  65  61
   54  85  43  29  51  87  52  35  74  89  97  33  99  27  26  61  96  98
   74  66  59  86  89   3  27   5  39  36  94  11  56  20  85  58  56  35
   36  81  45  91  87   9  92  15  57  72  46  76  60  48  33  91  36  79
   37  69  31  31  17  84  61  24  66  40  74  83   9  26  92  65   9  12
   13  86  14  62  74  16  92  35  61  99  18   7  28  72  25  85   8   5
    6   4   9  29  25  85  55  81  69   2  65  58  28  55  34  26  38  33
   25  71  76  65  38  14  93   1   8  65  92   5  58  71 100  74  55  78
   12  64  60  38  95  68  97  62  14  71  65 100  34  95  95  95   8   5
    6  26  79  43  20  69  36  97  63  55  79  40  38  47  52   4  97   6
   34  80  29  20  16  97  48  86  92  91  12  91  73  12  50  60  87  90
   92  23  13  59  10  73  92   8  65  54  52  15  11  93  75  72  26  99
   24  82  11  75  33  89  10  69  27  10  78  11  82  30  97  27  15  45
   29   7  84  17  63  54  22  74  27  39  51  19   4  89  61  27  72  84
   56  48   4  28  49   6  20   7  94  43  33  74  29  34  39  26  96  10
   80  10  18  98  67  40  38  89  71  33  64  15  20  47  66  25  20  23
   68   9  73  71  13  57  57   4   1  87   1  48  39  81  79]
 [  0  66  10  49   1  81  96  54  17  27  51  56  18  87  32  73  24  22
   90  40  71  36  88  45 100  20  85  88  24  10  48  70  39  98  44  46
   73  98  51  66  89  70  34  30  38  75  24  49  78   1  46  81  29  65
   12  71  21  51  76  76  46  40  50  95  79  65  13  96  68  14  58   6
   55  83  94  90   9  11  78  14   6  97  17  53  20  90  36  13  21  23
   44  98  67  43  41  28   3  97  58  36   5  74  88  31  14  93  99  41
   76  86  33  16  51  49  96   6  56  52  32  76  69  34  18  50   3  69
   21  24  24  83  29  42  80  89  13  17  96  86  12  92  17  25  45  70
   13  70  62  32  32  76  98  78  10  43   5  54   3  82  54  48   6   9
   28  17 100  59  25  33  89  88  66  37  63  97  70  45  56  84  46   7
   90  18  35  93  81  68  42  25  12  18  48  16   2  59  53  25  85   1
   78  21   1  47  25  35  23 100  69   3  19  60  55  15   6  77  66  15
    8 100  26  16  19  49  77  27  71  14  40   9  36  45  37  95  50   3
   43  83  27  86  26   7  54  44  15  70  35  45  79  12  46   2  89  25
   61  70  18  33  68  13  53  89  34  13  57  60  86  45  56  87  26  76
   33   9   4  98  17  65  25  39  35  65   6  87  97  25  36  53  71  48
   40  47  11  51  40  60   4  86  50  71  29  67  18  18  67  25 100  99
   86  99  68  11 100  83  24  49  83  45   8  30  51  80  78]
 [  0  86  11  83  95  20  40  94  45  30  11  32  40  20  89  27  47  70
   91  11  12  12  86  49  95   3  43  55  35   7  86  18  11  62  29  12
   43  52  66  48  92  18  64  47  79  15  57  66  28  95  90   5  41  26
   61  25  93  29  56   8  81   6  65  86  30  19  23  82  17  52  16  83
   89  35  90  73  90  37  54  58  55  88  61  58  47  62  86  79  32  30
   92  43   7  24  46  23  10  15  30  13  57  93  34  92  39  15  13  43
   64  23  33  94  59  94 100  57  77   2  20  91  83  58  71  94  12  75
   56  49  14  47  32  88  40  50  81  71  53   8  83  48  91  80  15  75
   92  53  80  54  75  62  87  15  81  50  44  50  87  90  90  59  66  82
   13  13  36   3  65  47  13  12  34   5  96  66  58  92   9   6  23  55
   12  20  65   7  96  45   5  75  46  40  76  41  92  67  30  54  29  46
  100  86  34  47  27  86  84  11   9  79  12  69  92  51  62  62  19  40
    8   1  29  95  27   7  55  28  91  77  51  96  94   8  47  88  79  22
   89  38   8  23  81  23  92  84  94  20  85  82  43  89   1  35   6  12
   28  75  97  90  52  87  34  13  70  61  15  92  17  34  16  52  37  19
   33  85  80  54  10  48  65  86  38  15  97  11  34  96   2  43  95   6
   70  83  56  38   2  39  73  94  71  89  23  75  83  58  78  94  74  78
   19  69  65  38  60  69   1  34  45  82 100  70  44  28  69]
 [  0  80  69  93  11  50   7   8  23  59  15  63  50  84  67  14  24  66
   75  21  72  99  15  33  61  25  52  60  17  63  20  62 100  52  28  31
   45  18  19  52  81  92  82  71  77  14  68   1  85  19  26  55   5  99
   57  43  42  99 100  19  44  39  27  80  86  36   2  19  86  88  79  13
   86  35  45  91  33  38  86   4  93  42  17   6  57  58  64  20  67  26
   76   8  46  11  99  29  56  23  94  70  99  40  68  95  31  60  55  29
   33  53  22  58  61  95  96  87  31  79  82   3  80  91   5  21  90  55
   35  66  15  34  84  27  57  63  48  95  48  67  11  99  76  69  31  63
   60  64  68  37  69  48  41  37  94  28  98  49  34  98  32  43   8  69
   47  41  62  86  64  45  30  47  77  32  29  25  50   6  99  66  91  20
   27  42  49  21  69   2  81  56  58  75  52  86  52  21  81  30  41  60
   49  68  31  66  74  29  69   5  37  22  99  89  76  47  75  65  48  97
   20  71  41  29  46  86  86  42  54  29  59  97  12  22  47  32   6  83
   14  13   7  43  62   5  26  25  95  62   9   2  45  46   5   8  38  95
   36  67  15  88  53 100  53  76   1  13   4  57  63   2  30   4   8  72
   51  70   3  25  97  68  93  55  42  81   5  24  69  70  59  69  78  88
   17  75  96  54  24  13  58  19   4  81  82  33  92  68  91  49  25  49
   81  65  40 100  32  21   4  96  64  95  95  94 100  15  27]]
 setup_times
 [[[  0  92 109  99 114  80 108 115  74  76 113 107 107]
  [  0   0 112 118  90  83  97  85  61  89 111  93 102]
  [  0  63   0 112  91  88 118 100  85 114  93  60  79]
  [  0  89 101   0 106  75  99 108 107  88  90 100 118]
  [  0  91 112 100   0  60  93 117  93  61  67  94 105]
  [  0  63  79  93 108   0  81 116  87  79 117 116 105]
  [  0  60  69  87  65  88   0  77  81  81 101  82  78]
  [  0  70  65  98  81  79  87   0  97  68  72 103  91]
  [  0 105  95  84  86  79 105  99   0  76  70  76  79]
  [  0  71  74 118 100  66 105 106 106   0  95  75  61]
  [  0  93  88  99  74  70 115  68  83  82   0  71  72]
  [  0  98 101  65  77  85 106  91 111  89 101   0  65]
  [  0 112  64  86 116  93 105  84  90 110 113  99   0]]

 [[  0  63  98  81  89  77  75 114  87  63 107  97  78]
  [  0   0  62 110  65  99 116  61  62  94 119  99  91]
  [  0  86   0  85  86  81  64 115 112  83 109  63 113]
  [  0  91  85   0  72 103 110  70  83 104 104  66  90]
  [  0 112 105  64   0  94  67 104  95  87  64  60 108]
  [  0 108  75  84 106   0 101  60  93  76 100  80  92]
  [  0  88 107  65  90 102   0  93 108 114 117 118  86]
  [  0  60  69 106  70  92  81   0  65 101  93  66  71]
  [  0  61  96 112  66 103  98  60   0 115  69  62  77]
  [  0 100  86 107  72  90  74  75  93   0  84  96  95]
  [  0  91  96  84 109 113  72  66 107 118   0  87  83]
  [  0  96 113  65  79 112  78  96  77  89  89   0  90]
  [  0 114  88  74  66  83  69 103  61 113  62  76   0]]

 [[  0 105  81 108 116  94 106  82  95  67 108  91 107]
  [  0   0 100  64  78  80  72  95  68 105  90  99  68]
  [  0  89   0  94  99  67 114  84 117 108  90 117  76]
  [  0  76  85   0  99 111  76  65 106  65 112  71  88]
  [  0  98 103  62   0  82  99  75  83 103 101  97  92]
  [  0  88  88 105  84   0  84  82  61  67  67  68  62]
  [  0  86  90 111  70  70   0 109  77 116  63  62 100]
  [  0 101  77 109  92  63  65   0 106  74 117  67 107]
  [  0 102  86 101  63  88 100  69   0 119 116  63 100]
  [  0  94 117  73 107  99 110 116  78   0 110 116  81]
  [  0  73 100  73  72  73 105  74 110  98   0 119  68]
  [  0 112  74 106 117 103  94 106  76  76  98   0  89]
  [  0 109  73 103 104  72  77  63  76 104  67  83   0]]

 [[  0  62  66  88  72  97  64 107  93  73  62 110  61]
  [  0   0 109  90  67  62  74  63  71  96  84 101  85]
  [  0 119   0 110 105 109  83 116 111 114  60  81  88]
  [  0  75 114   0  76 113  63  92 116  95 106  94  94]
  [  0  77  76 108   0  72  62  60  84  67 106  81 105]
  [  0 119  86 118  88   0  71  89  95  60  68  62 113]
  [  0 116  83  71 101  72   0 110  98  98 100  97  60]
  [  0 104  67  61 111  75  95   0 107  71  69  62 112]
  [  0  80 100  83  63 114  96  84   0  95  97  85 113]
  [  0  78  91 108  61  75  94  81 113   0  65  62  65]
  [  0  87 104  68 100 105  95  70 108  99   0  73 116]
  [  0  61  93  89  63  86  99 104  96 102 112   0  63]
  [  0  78  79  97  61 118  91  99 112  83  80 109   0]]

 [[  0 102  69  75  70  71 115  65  89  88 111  97  77]
  [  0   0  76 114  64  92  78  67 114 109  62  66  98]
  [  0  62   0 104  71  70  67  73 104  63  78  63  72]
  [  0 118 114   0 116 102 119  85  65 117  82  66  66]
  [  0  85  66  86   0  62  98 113  64 109  94  70  79]
  [  0  89 112 118 102   0  65  67  74  79  75 107 118]
  [  0  63  93 105 103 102   0  95  88 101  64  68  97]
  [  0  73  75  86 116  93  72   0  86  62 114  90  82]
  [  0  99  68 103 116 105  78  95   0  60 110 112 101]
  [  0 110 107  66 118  84 110  91  87   0 105  87 114]
  [  0 118  77 102  80 115  92  75  98  65   0  83  87]
  [  0  66  78  82 114 105  97  91  70 114  65   0  87]
  [  0  86  98 104 114  98 113 109  94  76  62  67   0]]

 [[  0  66  79  91  99  73 113  82  63 118  61 115 115]
  [  0   0  94  60  73  99 103 118  75  67  96  97 103]
  [  0  96   0  83  85  97 111  72  92  74 103  85  83]
  [  0  82  61   0  81  79  79  91  75 119  74 100 118]
  [  0  96  76  78   0  72  81  71  86 104 102 105  71]
  [  0  95  92  69 108   0  81  85  80 105  98  60  73]
  [  0  78  88 101 101  96   0  77  92 114  97  89  62]
  [  0  60  79  73 103  93  87   0  78 116  86 119  98]
  [  0  70  84  88 117  90 101 101   0  87 115  78  96]
  [  0  87  95  83 110  65  87 116 112   0  61 114  94]
  [  0  96 119  79 101  81 102 111 103 105   0  73  61]
  [  0  85  77 105 108 107  64  62  69  80 108   0  81]
  [  0  99  93  75 117  99  73  76  60  92  98  69   0]]

 [[  0 111 116  81 119  99 117  72 105  99  92  76  82]
  [  0   0  90 118  69  71 103 113  71  97  70  85 117]
  [  0 110   0 115  74  72 101 111  88 116  79  91  71]
  [  0  82  64   0 103  67  97  72 118  93  80  73  69]
  [  0  61  78 106   0  97  98  89  98 104 102 106  81]
  [  0 105  89  81  74   0  75  62  66 114  69 104 105]
  [  0 104 116  94  95 102   0  62 111  73  85 106  96]
  [  0  82  78  70  66  65 116   0 103 110 107  69  94]
  [  0 103 110  68 109  68  79  94   0 114  95  76  85]
  [  0 111  93  71  64  74  89  72  60   0  96  73  85]
  [  0  98 105  81 119  75 110  82 113  66   0 114  67]
  [  0 115  62  61  68  76  93  94 107 116 100   0  81]
  [  0  64 114  86  81 110  82 105  78 105 108  75   0]]

 [[  0 106  86  74 104 115  61  93  87  78  81 105 116]
  [  0   0 117  62  67  77  83  87  60 112 113 107  99]
  [  0  76   0  86  93  83  70  90  97 112  68  93 100]
  [  0  95  78   0  67 106  86  87  93  63 104  98  87]
  [  0  71 101  98   0  92  83 119  70 115  86  94  74]
  [  0 100 112  65  87   0 101  90  72  72  81  93  82]
  [  0  85 109  91  75  90   0  91  82  84 108  77  74]
  [  0  62  89  85 116  90 108   0  97  88  85  68  62]
  [  0  93 107  62 111  76 106  96   0 102 101  96 112]
  [  0  74  92  98 107  91  75 118  80   0  71  77 103]
  [  0  75  82 112 113  79  64  94  67 119   0  72  84]
  [  0  81  97  62  72 111  83 107  72 112  88   0  82]
  [  0  74 116  96 100  85  63  69  83  90  99  78   0]]

 [[  0 117 118 117  94 106 110  69  92  70  73 107 102]
  [  0   0 107  92  60  81  69 118 109  64  67 114  72]
  [  0 117   0 107  68  99 101 113  62  99  80  63  83]
  [  0 112  73   0 116  67  95  94 103  60  73 116  86]
  [  0  72  75 108   0  62 106  67  63  95 116  76  79]
  [  0  90 107  70 114   0  69  72  98  74 107  90  92]
  [  0 114  85  74  97 111   0  78 107  84  72 100  88]
  [  0  73 110 113  70  88 106   0  74 104  91 111 104]
  [  0  89  76  63  80  97 114  60   0 101  87  82 119]
  [  0 111  79  65  87  87 105  62  69   0 103  73  80]
  [  0 104 110 104  86  97  60  80  98  63   0  92  61]
  [  0  97  83  72 107  71  65  60  66  73  92   0 100]
  [  0  98  93  77  61 108  98 100 112  97  60  64   0]]

 [[  0  60 115 104 104  89 114  66 101  91  77  86  80]
  [  0   0 118  90  75 113  60  84 101  71  98  70  82]
  [  0  75   0  80  62  93  86  68 111  85  87  77  81]
  [  0  83 114   0  97  67  75  94 110  64  79  72  95]
  [  0  87  82  75   0  77 100 107  60 110  73  77  68]
  [  0  67  73 112 105   0  63 108  63  78 100 113  60]
  [  0 106 116  90  76  60   0  94 109  93 112  71  74]
  [  0  76 117  61 101  80  67   0  75  73 116 114  99]
  [  0  70  88  79 105  83 101  89   0  64 119  91  81]
  [  0 116  67  66  91  75 109  69  79   0  71  82  95]
  [  0 107  95  61 100  80  70  77 118  71   0  97  88]
  [  0  76  66  72  79  86  71 107  68  97 106   0  71]
  [  0  72 100  96 115  78 104  68  74 109  76 113   0]]

 [[  0  93  75  99  73  85 117  78  89  72  96  71  66]
  [  0   0  68 103  67  66  94 111  78  96  80  94  79]
  [  0 111   0  94  60 110  81 118  79 112 107  98 109]
  [  0 105  70   0  65  62 104 113  69  75  88  96  91]
  [  0  88  84  73   0  99 105 106  90  70  64  75  97]
  [  0 113  94  88  70   0 112 105  92 102  71  83 117]
  [  0  70  67 102  89  97   0  61  88 107  61  89  61]
  [  0  69 102  65 112  79  74   0  65 101  93  73  85]
  [  0  83  61 103  88  98  68  66   0  84  62  90 112]
  [  0 116  88 111  65  81  94 102  73   0  79 117  92]
  [  0 103 119 116  89  81 100 110  66  77   0 115  78]
  [  0  98  66  74 119  88 115  63  87  91 110   0  66]
  [  0  67 110  84 116 113  91  62  82  73  90 104   0]]

 [[  0 110 102 115  79 107 119  98  65  96  92  92  60]
  [  0   0  70 102 114 103 109  66  67  81  97 106  75]
  [  0 104   0 102  87  63  97  60 114 100  95  92 105]
  [  0 108  75   0 114  68  91  62  84  79 112  82  66]
  [  0  60  77  64   0  87  85  81  92  82  77  73  94]
  [  0  90  99  63  85   0  62 115 100 114  85  66  73]
  [  0  61  66  91  65 109   0  95 104  63  63  90  68]
  [  0  95  89  78  63  97  88   0  64 117  83 108  76]
  [  0 117  73 112 113 106  95  79   0  92  81  60  64]
  [  0  93 119 108  88  81  74  91 117   0 107  66  61]
  [  0 103 111 118  89  88  75  67  94 102   0 103  64]
  [  0  96 119  97  73  96 110  67  65  65  76   0 113]
  [  0  76 116 119  73 117  81  83 103 110  80  66   0]]

 [[  0  70  96  94 113 119  67  84  98  71  80  84  99]
  [  0   0 114  88 107  91  80  61  88 100 104 111  99]
  [  0  60   0  74  82 110 114  71  74  69  66 116 113]
  [  0  60 118   0  69  90  97 103 119 100  68  93 102]
  [  0  89 106 117   0  70 115  80 117 117 109  97  76]
  [  0  97  91  98  82   0  64  94  82 115 110  80  61]
  [  0 106  75 114  83 112   0  63  94  63  74  60  74]
  [  0  77  69  87 108  80 118   0 104 114  65 103  80]
  [  0 102  88  96 107  81 101 116   0  73  69  87 117]
  [  0  84 113  91 106 100  78  80 110   0  60  97  74]
  [  0  70  93  66 117 104  69 102  85  86   0 107 117]
  [  0  93 112  82  65  89  95 103  66  71 118   0  76]
  [  0 106  90 107  70  80  98  78  88 107  88  96   0]]

 [[  0 117  84  99  90  71  67  76 112 106 102 117  67]
  [  0   0  73  61  98  95  79  78 118  67  84  96 115]
  [  0  98   0  83  85 114 107 118 116 116  95  66  73]
  [  0  93  80   0  76  92  94  91 114  67  89  64  79]
  [  0  76  76  87   0  77  65  77 106  73  61 111 100]
  [  0  81 103  65 118   0  75  93 112 110  84  96  62]
  [  0  78  72 104  90  97   0  73  61  72 100  61  88]
  [  0  91  66  67 105 106 106   0  78  75  73 108  91]
  [  0  67  92  92  71  84  92  80   0  96  66  72  75]
  [  0 108 113  70 100  89 119  91 108   0  86  77  76]
  [  0 110  82  88  89 119 109  83  99  91   0 119 118]
  [  0  86  80 119 119  63  67  95 117  86  71   0  64]
  [  0  74  88 115  72  84 101  96 118  62  85  61   0]]

 [[  0  87 112  78  74  78  80  75  64 107  81 115 114]
  [  0   0  85  98  65 105  96  96  97 110 105  91  97]
  [  0  63   0 118  87 115  69  95  76  77  72  72  75]
  [  0  64  75   0 106 107  84  92  83  95  88 105  79]
  [  0  71  60  82   0 105  87  86 101  75 109  72  82]
  [  0  68 106  85  62   0 104 115  75  82  76  93  81]
  [  0  63 115  87 101 108   0  87  87 113 112 117  81]
  [  0 103 107  66 106  65 102   0  63 103 109  70  98]
  [  0  71  96  84 110  92  89  86   0  70  97 110  91]
  [  0 109  60  64  62  99  67 119  88   0 106  85 105]
  [  0 102 107 100  73 116  92  89  79  93   0 116 100]
  [  0 111 107  78  69  68  85  69  60  79  63   0 107]
  [  0  70 118  95  95 103 107  84  83  99  65  93   0]]

 [[  0 113  65  81  85 111  66  86  96  97  84  66 105]
  [  0   0  72 115 101 100  73 100 106  65 100 101  98]
  [  0 108   0 110  97  94 110  98  83  63  97  65 119]
  [  0  89 107   0  99  90 105 101 111 107  88 112  76]
  [  0 103  76  89   0  60 117  96  64 100 104  86  69]
  [  0 108  87  97  60   0  66 101  70  69  88  78 108]
  [  0 104  91  97  60  80   0  62  86  63  65  82  73]
  [  0 118  63  66  93  64 113   0  96  77  86  85 112]
  [  0  80  63  75  88  94  77  89   0  81  85 102  69]
  [  0  79  94  77 102  86  75  70 118   0  99  97  68]
  [  0 105 109 101  85  92 108  96  93  74   0 104  61]
  [  0  77  94  83  69  62  76 101  90 106  97   0 113]
  [  0  68 114 113  84 106  74  63 106  60  68 115   0]]

 [[  0 113  83  94  99 111  63  97  77 109  72  88  78]
  [  0   0  71  95  96  87  84  79  66  93 110  71 103]
  [  0 102   0  67  72  64 108  81  62  70  67  64  88]
  [  0  90  94   0 116  84 110  78 116  79  79  97 111]
  [  0 113 111  65   0  76  82 101  66 108 115  71 108]
  [  0  72 101 107 111   0 117  70  60  68  89  75 110]
  [  0  70  93  82 104  90   0  85 106  74 115 100 101]
  [  0 100  61  92 118 117 116   0 108 109 101  73 118]
  [  0 114 107 106  67 113 102 115   0  73 111  77  69]
  [  0 103  82 101  81 115  69  61 114   0 111 115  91]
  [  0 102 111  75 114  87  96 115  77 112   0  88  72]
  [  0  90  97 113  91  83  81 117 109  84  78   0  60]
  [  0  95  72 119  99  92  69 116  92 114  85 110   0]]

 [[  0 104  79  65 101 103  96  95  72  93  88  98 118]
  [  0   0  71  70 117 101  63  61  74  90  71 111  99]
  [  0 104   0  60  74  91  66  84  73  68  79 111 115]
  [  0  64  84   0  92  79 118  68 107  84 110  65  67]
  [  0 116  98  83   0  91  80  74  80 103  67 115  90]
  [  0 104  78  72  67   0 101  92  97  97 114 113  64]
  [  0  63 111 117  64  81   0  78  69 100  79  85  95]
  [  0  70  93  60  82  78  61   0 105  65  62  82 117]
  [  0  64 114  87  61 109  65  60   0  98 110  75  71]
  [  0 106  85  89 110 109  65  69  99   0  97  78  62]
  [  0  87  89  92  70 109  78  94 100 109   0  76  95]
  [  0 105  62  71 104  68  84 119  99  74  91   0  78]
  [  0 118  64 117  74  74 109  69  93  75  99 100   0]]

 [[  0  97  64  74 108 111  71  76 117  85  97 106  63]
  [  0   0  94  84  90 107  79 103  73  66  98  61 100]
  [  0  69   0  73  97  61  88  61  98 107  91  68 114]
  [  0  90  89   0  76  68  65  63 114  96  61  80  67]
  [  0  76  82  92   0 119  96 110  93  94  79  74  91]
  [  0  97 107 105  72   0  60  98  67 101  85  83 113]
  [  0  95 114  87 115  93   0  73 105 119 118 114 110]
  [  0  64  83  95 110  86 116   0 115  86  78  73  74]
  [  0  66 115 118  63 104  71 107   0  82  90 115  64]
  [  0  77 115  61  87  87  66  75  97   0  66  65  63]
  [  0  85  75 106  76 118 104  75  72 109   0  60 107]
  [  0  91  87 104  65  94 101 112  64 116 108   0 102]
  [  0  81  68 100  72 103 109  98  67  75 116 117   0]]

 [[  0  68  80  79  89 103  74  70  73 101 119  99  88]
  [  0   0  63  66  74 118 117  99  60  67  74 106  76]
  [  0 113   0  89  62  73  86  78  90  65  86 111 111]
  [  0  75  63   0 115  74  79  68  97  88  84 107  73]
  [  0  89  94  96   0  94  81 106  95  61  92  81 110]
  [  0  85  94  80  84   0 111  65  99  68  81  77  96]
  [  0  63  63  97 108  95   0  75  61  75  85 108  66]
  [  0 101  74  64 118  97  72   0  66  67  78  66  61]
  [  0  88  66  68 113  91  62  92   0  83  74  67 102]
  [  0  61 103 101  95  98  78  72  68   0 114 111  72]
  [  0  97 104 117  89 114  78  73  89  74   0  70 104]
  [  0  77  74  82 100  90  90 110 113  99  62   0 101]
  [  0  60  69 108 117 107 118  64  65 119  92  96   0]]]
 delivery_times
 [[ 0 11 26 23  1 15 17  3 29 19 21 25  1 12 13 28 10 17  9 20 18 14  7 27
   1 11  7  2 16 14 14 23 11  6 26 16 21  6 22  9 13 12  7 26 24 16 22  6
   2 16 25 21 17 18 11 18  1  3  3  9 24 27 15 19 17  1 17  7 11 27 11 12
  27 28 15 13  9 19  8 17 19 14 27 21 10 20 25 10  4 20  6  6 14 25 14  5
  25  1  5 21 28 17 14 13 10 13 17 20  3 13 13 13 25  4  4  3  1  3 15 27
  11 28 14  8 27 21 14 14 20 16 19  8 19 15 26 12  1 26 10 11  4  6 26 16
   3  3  1 28 27 14 18  8  6 11  2 26 13  6 29 20 22  2  9 26 24  9  3 23
  16  5 29 28 16 12 29  6 15  6 23 27  9 29 12  3 27 15  7 23  4  4 26 21
   1  1 24 29 13 23 11 27  5 23  3 18  1 22 17 23 11 20  1  4 27  3 16 20
  27 18 14  7  5 14  4 20 22 18  9 17 22 19 28  8  1 26 22 27 29 14 25  7
  24 24  4 23 17  5 14 18 27 23 27 29  6  4 12  8  6  7 27  6 12 24 16 10
   9 26 19  7  4 19 26  6 22 23 17 26 24  7 21 11 19 27 21  6  5 25 18 24
  12 16 29 27 12  3  4  6 28  8 18 26  1 10 27 11  7 20  8 21 12  6  9 10
   8 28 10 21 19 24 20  3 24]
 [ 0  4 29 26 13 28 21  7 12 27  7 16 27  5 10 23 23 19  3 24  5  2 29 21
   2  4  3  7 24  9 18 26 25 11 17  1  6 17 10  9 25  6  9 26 24  6 14 15
  12  2 29  2 10  2 27  7 12 12  8 29  8 14  9 13 12 19  3 23 26  6 28 13
   4 18 11 11 27  9 10  7 15 18  6 12 22 23 29 17 22  3 23 18 10  2  4  2
  18  3 14 22 20  7  7 25 20  3 17 22 12 10  9 25 11 12 20 25  5 25 25  4
  17 16  2  7  8 15 29 21 13  4 12 11 28  6 18  4 29 19  1 21 15 15  1 21
   9 12 18  9  1  8 28 26 10  8  8 15 19 25 10  5 14  5  3 25 27 27 13 24
  12 21 28 22 27 21 18  4 27  9 13 21 21  6 22 11  2 24 23 21 19 11  9  7
   1  3 25 17 25  7 29 11  8 10 21 13 14  6  1 23 11  4 13  4 13  2 29 12
  18 21  3 16  5 22  5  5  3  9 29 17  1  2  7 24 22  5 12 10 10  1  9 21
  13 24  8 13 15  8 28 25 10  8 15 28 25 21 15 16 21 29  7 26 22  1  8 15
   2  3 25 18  1 29 26 11 28  9  9  1 23 13 28 27  4 15  8 25  2  1  6 27
  14 26 24  8  8  2 10  8  2  1 14 21 17  2 20 17 11 27 28 14  3 19 16 18
  12 27  2 24  2 16 18 15 13]
 [ 0  1  2  4 11 24 10 21 19 17 18 22 11 23 15 10  2 18  9 15 12 14 23  6
  21 25 17 26  6 26  2 22 22 11 20 27 19 11 14 20 16 22 15 21 13 13  2 24
  19 13  6 19 13 18  9  8 17  4  8 19 24 24  4  7 23 18  5  2 22 24 26  4
   3  5 29  8  6  5 22 17 10  5 19 27 28 20 11 17 25 10 14 10 27  3 19 19
   4 29  1 25  5 25 28  9  8 10 22  7  2 23 17 24 28 17 26 26  4 27  6  4
  23 11 23 28  8 23  7 20 17 12 16 26  6 29 26 16  4 23 13 25 18 19  7  6
  22  1 27 17 20 19 24 23  1 14  7 22 18  5 13 26 17 17 24 12 11  3 25  1
  25  2  4 14 11 29 16  8 13 12 19 24 17 17 22 25  1 23  5  2 11 22  4  5
  13 11 22 27 26 12 20  8 11 20  6  5 29  3 28  9  3 22 15 16 26 27  8 27
  14  7 25 16  3 25  7 24  4 23 20 14 10 28  8 14  4 22 18 11 13 22 23  2
  13 15 24 26  2 28 16 10  6 11 19 13  5 16  4 29 23  1 22 16  8  6  8 24
  20  1  8  8 18 16  1  5 26 12 27 28 22  5 28  9 25 25  4 13 10  3 21  7
   6  4 25 19 20  7 25 13  3  5 11  8 26 13 20 28  5 22 23 28 10 12  7  2
  13 17 26 16  3 21 23 14 17]
 [ 0  9 22  1 12 13 13  2 23  5  1 21 14  3 26 28 15 14 12 19 25  1  5  7
  23 17 23  7 13  8 20 25 10  2  6 17  8 28  2 12  9 14  7 22 16 29  6  4
  29 18 12 28  1 28 28 27 15 19  4 18  3 21 11  8 13 16 12  1 28 27  7 21
  15 12 25  7 23 14 20 23 29  1 18 29  9  9  9  1 20 22 29  7  5  2 24 26
  17  4 15 14 16 18  9  2 12  6  2 23 22 25  4  4 16  8 19 19 29 18 10 28
  15  2 16 11  8 15 17 16 15  1  2 14 27 10  7 20 23  8 20  5 20  5 11 16
   5 18  5  9 14 16 27 19 13 23 13  4 18 23  9 13 29 19 28 26 24 22  9 22
  20  4 14  3 23  5 18  2  1 15 26 23 26 29  8  7 12 11 23 12 10 26  7  1
  16 26 22 16 10 16 15 13 25 14 23 21  5 13  2 24  9 27 11  7 28 12 15 24
  14  9 19 11  4 19 19  9  3 18  6 18  7 13 15 17  5 27 28 28 15 28  1  9
   9  2  7 28 21 20 19 11 28 16 18  8  7 21 28  7  9 22 19 16 26  7 14  6
  29  5 12  2  1 16  5 21  7 20 13 15 17 23 10  6 10 11 27  6  3 18  8 26
   8  9  1  1 29 25 18 24 19 20 29 25 21  9 26 26  2  6 28 17  9 11  2 22
  18  9 28  1 22  6  8 25 27]
 [ 0 27  5 29  7 11 17  6  6 13 29 10 20  6 11  2  5 14 18 14  5 24  6 12
   3 10 28 12 29 22 24 28 23  5 24 26  2 26 22  7 21 13 25 28 20 16 22 25
  20 13 12 19 27 29 21 17 16 17  5 15 14  6 23 29 20  6 19 15  9 20 11 22
  25 11 21 14  7 18 13  8 11  5 29 16  7  1 16  1 13 27  5 27 24 26  6 25
   3 29 21  6 17 16  5 28 17 14 15 12  7  4 23 23  7 21 10 11  7 24  5  3
  12 25  9 12  6 15 18 21 14 20  2 26 18  4 24 15 13  1  2  6  1 21 27  1
   1  5 13  5 11 23 11 25 22 23 29 20  8  2  7 19  6  7 26 29 28  1 14 23
  14  4 20 28 12  6  4 12  6  7 12 12 12 19  9 10  5 15 16 13  9  4 23 16
   1  8  1 17 27 12 18 15 29 13 25  8 24  9  5 13 21  8  2 26  1 25 14  6
  21 28 14 19 16 18  6  2  3 11 11 25 24 29 12  2  1 13 13 18 29 22  5 21
  28 12 11 27 15 11 27 28  9  4 19 27 15  4 14 15 26 11 24 18 24  1  4 16
  13 22  3 23 10 26 27 22 18 10  3 11  1  1 20 24 29  8 14 13 19 27 26  5
   4 17  9  3 19 24 26 17  9 18  6 26  7 13 17 24 26  9  3 28 26 15 12  2
  10 25 28 13 27  4 12  2 15]
 [ 0 26 20 29  3  2 21  5 24 15 17 19 20  6 19 21 11 18 18 13 18 24  3 22
  29 10  2 17 24  2 19 12 20 11  3 17  8  6  4 17 18 23 29 28 24 13 23 14
  11 20  3 18 23  5 26  2 14 12  3  9 16 19 16 19 13  9  4  1  1  7  5  8
  29 12  4 28 13 16  8 25  3  2 23 27  8 21 15 22 21 15 21  4  6 28 17  8
  18  9  1 12  1 29 11 21  4 18  5  7 26 26  2  2 14  7 12 21  7 18 28  3
   5 20 24  5  5 28 17 29  8  9 29 26  7 26  3  7  6  8  7  9 10 29  8 10
   1 15 25 28 28 11 21 27 23 22 14 19 10  3 15  7 19 27 20 28 15 22  7  3
  25 24  8  8 11 22 16 10 13 20 16 11  1  2  7 29 15  1 15 29 25 21  4  2
   4 10 26  3 27 21  1 28  3  7  7 29 14 11  7 27  5 28 13 26 26 14 15  9
  23  1  4 15  9 22 10 12 28  8 22  6 11 11 26 29 28 18 19 17 11 24  8  9
  12  1  6  9  4 25  9  4 10 15 23  7  7 14 15 19 16  7  8 11 28 29 17 10
   1 23  6 24  5  7 16 22  9  9 23 10 16 11 22 21 20  6 14 21 19 10 20 19
  20 14  3 11 13 29 11 27 12 28 27 14 24  5  5  6 29 28 22  5 18 15 18 11
  19 11 26 22 16  3 20 26  7]
 [ 0 18 27 28  1 10 12  7 19 20 28 13 16  3  2 12 14 16  7 26  9 17 12  2
  14 13 17  9 18 19 25 24 25 25 28  6 28  4 27 28 19  4 25 16 27 18 17 12
   5 24  2 20 19 12 13 12 27 11 26 24  1 13  1 16 21  6 14 11 16 15  5 20
  25  1 21  1 22  8 12 23 17 21 10 14 24  8 17 21 20 29  9 27 13 18 12 19
  18 27 28 15  1 23  6 21 26 14  1 29  5 26  2 11 26  3  3 20 28 23 21 26
  25 13 15 11 23 27 13 26  9 21 24 10 15  1  6 13  9 11  4 27 16 19  8  7
  21 23  7 19  3 18 15 22 12 12 15 20 24 10  3 17 26 27 19 20  8 15  7  1
  11 18 10  5 10 19  4 28  5 17 23  6  1  3 28 14  6  4  8 29 12 17 21 26
  26 28 17 16 27 26 14 21  1  2 24  9 23 28  4 24  9  1 24  9  3  2 15 26
   3 17  3 17 21 28 25 15 18 15  8 28 17 10 19  9 12  2  9 27 23  1  4 15
   5 25  3  9 14 26 17  6 17 18 28 24 25  9  8 24 29 18 10 16  1 22 22 19
  10 12 11 29  8 16 13 15 11 18 12 22 22 27  1  1 16  3  2 20  9 16 12  7
  27 11 11  1  7 29 12 21 29 14 27 29 26 23  6 28 19  6  9 25 16  5 28 28
  23 26 13 29 19  6 22 22 12]
 [ 0 18  3  5 16  3 23 25  4  3 26 18 13  6 28  4  3 13  1 29 21 20 14 15
  10 13  1 13  5 21 19 16 22  3 23 21 28 21 15  5  7 24 16 12 25 11  3 19
  29  9 28 16 29 16  4  7 23 18  6 24 14  6  6 28  6  2  6 27 13 17 22  4
  17  4 27 15 10  9 26 13  9 22 18 17 28  7 18 26 20 26  1 20  2 16 22 16
  14 12 25 16 12  2 24 20 27 25 28 27 28 28 28  9  1 14 25  1 23 13 23 10
   7 10 10 17 19  8 14 29 23  9 20 29 15 26 28 12 21 19 28 26  6 10  6 26
  14 29  6  2 12 17  4 23  3 17 14  2  7 27 29 29  5 26 16 15  2 19 24  4
   1 12  8  2  3 28  1 24 14  2 20  4 20 21  6 13  3 17  6 11 27 13 25 13
   4  3 23 21  4  5  2 22 11 29 16 17 24 26 27 29 17  1 23  7 25 14 15  5
  18  1  9  7 27 20 22  8 22 26 13 19 16 12  8 13 11 27  2 23 20  8 24 24
   9  1  9 11 21 27  8 24  1 18 17 28  5 11 18 19 12 10  9 13 13 26 13 26
  10 23  8 16  5 10 20  8  6 20  3 22 28 18 17 11  4 16  5 14 12 29 23 28
   9 16 24  7 15  8 10 22 29 27  5  5 19 28 19  8  7 12 24  7 17 22 14  2
   8 18 28 12 23 29 14 22  2]
 [ 0 25  9 17 27 22 10 29  3 29 14 27  2 10 24 24  4 29 11  6 16 19 11  9
  19  8  4 27 25 17 10 10 16 24 15  2 12 10 19 15  9 26  8 10  7 27 25 20
  12  8 26 29  2  1 14 16 26 10  9 28 14 23  8  6 29  5 24 27  8 27 23 13
  11 26 17 26  7 22  2 29 28 24  6  3  6 25  6 17 24 26  5 24 14 11 15  9
  19 13 26 12 23  1  2  4  4 21 20 27 22 25  3 20  9 16  1  4  4 11  1 24
   3 16  4 24 20 19  8 29 20 19 14 25 28 16  2 16 10 15 14 22  6 11 28 14
  11 19 24 12 28  8 28 23 29 28  8 19 18 24 25 29 18 27 29 20 20  6  1 19
  28  9  9  4  4 17  7  7 22  5 22 23 13 18  9 12 17 23  6 24  2 25 20  5
  10 16  6 25 22  5 28  1  9 26  3 25 22  4  9 27 27  5 19 18 17  9  6  4
   6  5 28  5  7 23 21 23 20  5 20 17  2 19 19 26 28  2 27 17 28 12 25  4
   6 14 10 20 14 16 28 10 14 13 14 16 25 25 17 18  5 20 20  5 17  1 19 16
  21 14 15 24 25  9 15 16 17  4 17 18 22 18 22  3 25 27 16 26  9  7 11 27
   3  7 27  5  6  7 29 29 24  8  5 23 19 11 24 10 25  3  1  7 16 14 26  5
  29  2 24 27  1 10 20 20 21]
 [ 0 27 15 22 11 17  1  6 15  7 13 25 28 12 21 23 16 17 23 14 10 20 21 28
  23 11 16 27 29 20 23 11 14  4 14  1 27  8  5 13 20 17  1 14 10  3 25  1
   2 29 28 17 26 16  4  5 25 18 13 26 25  3  1 16  1  8 23 23 19  7 20 27
  12 23  1 21 13  5 29 14 29 29 13 13 18 28  8 16 26  4 10 14 18 21 10  9
   4 15 20 17  4 28 18  5 13  1 28 10 14 19 29 21 28 12 13 15  2 21  1 18
  23 20 14 29 10 12  4  7 17 19 10 26  3 23 20 16  5 13 26  4 18 24 19 17
  22 26  2  5  8  1  2 22  9  4 10 12 10 28 13  9  7 25  9 19 24 18 13 24
  27 15  3 24  4 11 20 11  2 16  1  8 12 15 18 15 18 19  3 21 13  9 29 13
  13 20 20 15  1 16 11 28 17 12  6  1  8 18 23 28 21 25  1 17 20 21 14 19
   7 27  2 24 15  5  1 21 22 18 19  6 26 23 21 11 24 15 10 19  1 27 24  1
   5  3 15 18  1 29 16 25 23 19 11  5 14 18 17 16 12 14  5 14 21 20  8 29
  19 21 17 12  9  5 13  2 10  2 15 16 15 11 10  7  8 21  8 13  4  1 12  9
   1 18 16  8 14 20  1 17  5  9 22  2 29  1 29 16 15 12 11 23  1 23 18 26
   2 17 23 24 13 21  4 14  1]
 [ 0  8 12 14  5  2  8  7  5  5 18 12 18 10 27 25  6 17 22 16 15 17 15 18
  10  8 13 21  3 20  7 24 10 20  8 24 19 17 15 28  2  5  1  7  6 26 24  8
   2 29 20 17 20 26 28 12  1 12 12 26 17  4  8 26  2  2  9 26 23 24 27 12
   6 11  7  5  5  7 19 16 28 28  5 28 16 14 25 22  8 22 18  8 23  2 12 12
  28  3  3  8  2 24 21 26  7 27 11  1 25 19  9 14 21 23 22  8  6 20 12 25
  15 20 22  7 10 27  2  2 10  3  6 24 20 26 13 27 13  5 20  1 26  7 18 13
   4 10  2 22 25  3 11 17 14  6 17 21 11 21  4 10 25 28 26  6 12 27 17 11
  22 29 28 26 25  9 24 10  7 19  8 10 29 20 24  9  8 28 20 15 14 22  4  4
  17 14 21 26 22  9 12 10 21  8 11 29 26 12 29 25 23 27 29 24 28  3 23 27
   7 21 14 10 10 25 23  5 25 20 15 24 20 17 24 25  4 15  8  3 22 20 19 21
  12  4 29  4 25 20 28 14 14 23 21 26 25 25 12 17 27 12 25 14 10 14 29 25
  25 29  1 13 22  7 13 10 22  8  6 23 15 18 26 15 21  9 15  1  7  2 10 28
   6 16  9 17  7 11 20 29 24 23 22  4 22 26 16 12 19  7  3 25 27  3 24 13
  11 29  8  9 10  1  2  9 21]
 [ 0  4 26 11 16 18 27  7 27 17 28 18 18 14 11  2 28  8 11 22 16 20  6 13
  11 25 17 27  9 29 14 24  9  6  5  9  8 26 22 22 10 15 12 25 22  3 19 28
  23 19 16 23 27 13 18  5 18 20 12 12  5 21 28 28 26 25 19  3 16 17  9 23
  13  6  4 28 26 21  8 23  8 20 23 23 18  2  2  3  4  8 25  2 10 15 12 21
   5  6 19 19 29 14  2  3 17 21  5 14 21  9  8 27  7  6  6  4 12 24 13 15
  12 24  4  9 12 18 12 10  3 22 21 18 29  5  8 29 15  6  9 14 14  2 27 15
  13 14  5 16 27 11 10 22 18 11 25 21  7 10 25 27 10 21  1 11 27  2 15  5
  18 16 21 11 14  1  3  8 17  7  9 20 20  9 21 23 15  6 15  9  5  2  1  3
  24 22 16 25  7 15  6 28 11  7 17 29 14 14 18 17  3 18 15 22  9 29 18  6
  11 28 12 11 18 27 19 29  6 22  4 20  9  7 27 20 24 23 11 16 13 28  8  6
  17  9 16  1 23 19  7 16 25 14 17 11  7 11 18  6 28 16 29 18 23 15 16 29
  21  6  9  2 18  8 23  9 10 24 27 24 29  7 16  2 21 17 13  9 12 15 25 24
   3 26  6 24 13  9 10 15 25 15 22 23 24  6 28 20 29 24  9 28 23  6 15 15
  27 26 29 29 12  6 21 13 19]
 [ 0 20 10 21 28 14 23  9 12  2  7 16  8 28  6 22  8 10 11 28 14  2  1 22
  22 21  2 27 10 13  7 18  4 10 29 22 26  6 14  9 20  3 10  8 10  5 11  9
   3  4 21  1  5 15  7 27  2  6  8  5 21 26  6 11 18  5  4  3 28 28  5 12
   8 18 29 23  1 11 25  2 27 17  4  9 12 23 29  1  4 27 23 16 20  8  5 28
  13 11 23 22 16 16 29  1 28 21  6 13  7  8 16 15  4 12 10  3  9  9  3 13
  19 18  9 22  6 19 10 27 25 23 25 27 18 24 22 29  8  3  1 24  3 13  3 18
   4 19 26 19 24 17  3 18 18 13 19 14 21 18 15 16  5  6  2 17  7  7 11 11
  15  4 19 13 22  4 20 21 27  2  2  3  3 25 14 25  8 24 21 22  2  6 24  8
   8 25 27  2 13 15 27 29  6  1  6  4 18 10 23  1  4  2 28 11 14 28  8 23
   5 19  1 28  8 23  2  9 18  6 16 29 15 13 16 12 22  4  6  8  6 25 24  4
   9  8 28 18 25  6 28 12 29 12 22  1 14 26 24 26 15 23 25 19 13 21 29 24
   5 11  3 27 21 26 12 19 12 15 10 23 16 14 27 28 25  5 14 26 22 13 18 28
  23 21  9 22 24  2 13  2  7 17  9 11 14 14  5 12 22 23  3 17 11 17  2 26
  12 13  1 10 24 19 19 13 22]
 [ 0  5  7 28 15  4  6  5 22 22 15 27 28  7  3  3 27 27 28 13  4  1 24 15
  24  2 15 29 24 22 27 16 27 17  1 28 29 26 11 25  2 24 13 27 27 24 22  6
  14  4 14 13  8 24 12  2 10 20 22  6 15 27 26  4 12  1 28 26  7 11 11 29
  11  3 20 27 29 17 23  8  7  5 29 24  4 14 27  1 28 10  7  4 24 18  1 17
  10 19 20  2  8 23 14 12 21  5 29 24 27 16  6 19 10 13  9 10 24 25 13  5
  19  4 25 12 27 26  8  5 20  8 13 20 24 16 18 27 17 16 21 12 14 10 24  7
  19  9 22 26  7 27  9 29 12 15  6  5  8 17 23  5  9 15 23  1 14 26 27 15
   6 15 16 29 14 23  8  1 11 10 27 21 28 24 22 16 14 27 20 12 15 22 19 12
  16  4 18 29  7 17 22 10 17 28 13  8 27 21 20 10 27 25 24 20 10 23 20  8
  16 15 10 14  6 15  8 14  4 19 28 10  5  2 24 20 15  4 11 21 12 22 23 18
  18  6 13  9 16 20 14  4  3 18 29 28  3  6 23 20  6 12 11 17  2 25  1 23
   9 18  2 22  7  8 10  7 12  6  4 24  3 15  6 29 11 13 21  7 29  4  3 25
  15 12 25 29 15 21  9 28 26 28 15  2 15  2 14 23 11 29 14 10 24 16  2 16
  12 20 17 27 16 22 22  9  9]
 [ 0 14 14 19 26 11  7 18  3  6 24 28  6 24 19 16 12 13 19  3  4 11  8 23
   6  7 10  2 23  4  5 16 16 17  7 15 11  2 28  1  2 20 29 27  6 20 13 16
  20  1 15 27 27 11 17  7  9 26 19 24 23 11 13  2 28  7  8  8 29 20 27 14
  10 20 28 22 22 25  4  1  9  5 14 25  8 24 29 16 22 11 24  6 28 15 25 10
  20  9 11 12 15 23  8 19 22 14  7 14  9  5  8 27 16  9 12 22 11 23 11 17
   3 25  9 13  4 13  9  6 28 10 12 18 13  7  5 15 17 19 15 25  7  6 18 15
   7 28 11 24 13 29 28  8  8 15 16 15  8 16 19  7 29 12 11 13  7 20  1 25
  12 16 29  2  4 27  7  6 18  5 15  2  9  5  6 23  5 17 10  3 10 27  8 22
  22  1  1 23 16 28 24 27 10  3  8  7 17 27 25  9 25  8 23 21  2 25 22 12
  26 12 25 15 23 15  1  2  6 20  3  6 27 12 17 20 29  6  7 10 27  4 26 24
  13 19  6  1 15  3  3  4 14 14 22 28 27 15 24 25  9  8 22 14 19 14 22 29
  27 24  2 13  6 13 11 19  5  4 16  6  9 16 10  4 28  6  2 10 22 25 28  7
  25  1 23 26 25 27  1  4 22 28 15 10  2  8 24  4 16 11  2  7  1 10  8 25
  28 10 19 17 17 21 21 19 12]
 [ 0  3  1 25 24 11  6 24  7 20 12 24 18 10 21 12 16 25  1  1 18 20  4  1
  17 14 24 15 24  2 19 20  9 22 18  8  1 21 18 25  2  4  5 27  8 16  2 22
  27 19  2 21 25 13  2 17 12 15 21 16 10 13 17 25 17  1 13 22 21  6 20 21
  17  5  8  6 22 23 10  5 12 18 21  3  7  9 25  8 11  3  3 23 13 15 18 19
  21 29  9 12 27 27 20 25  8 25 25  6 27  2 29 13 16 28  4 26  5 19 22  7
  16  9 18 15 17  7 22 28 22  9  2 10 14  3 26 10 26  6 25  1 15 20 10 25
   2 26 26 18 16 29  4  5 16  8  7 27  5 18  7 23 17  1  9 11  5  1  8 14
  16  4 20  6  7 22 12 17 12 24 16  7 28 16  1 25 15  8 28  3  5 27 27 24
  11 21  4 25 14 19 18 29  4 17 24  9 24 17 11 10  1 19  6  5  1 27 29 22
   5  5 12 24 20  9  9  5  2  2  7 18 23 12  1 25 26 13 24  5 26 19 25  2
   8  7 25 14 29 29 12 26 29 11 29 21 15  7 19 11 28 17 18 23  9  5 26 21
  17 21 16 17 28 21 29 15 20  3 16  3 18  7 27  7 11  6 25 13  1 19  6 14
  27  4 15 25  1 21 17  2 29  5 12 28 27 22  2  7 22 28 11 18 24 13 19 13
  24 24 15 28  6 10 26 19 23]
 [ 0 23 18  2  1 12 17 20 28 19  7 16 19 11 14 27  8 29 17 10  2  1 18  5
  23  1  6 10  2  5  1  9 12  7 29  4 24  3 19  9 15 14 24  3 16 15  2 10
  20  6 10 15 25 24 28 11 25  1 28 20 12 17  9 11 15 14 21 25  7 23 29 25
   4 26  8 20  1  6  2 18 26 19 29 25 24 28 12  6 27  7 13 18 17  2 24  3
  28  9 16  2  1  3 24 29  6  8  3 25 21 23 17 15 14 25 25 14 24 29 18  1
   7  5 24  6 14 20 14 17  3 16 18  2 15 22 26 19 16 22 17 19  4 13 11  1
   1  1 11  4 11 26 20 29  6  2  5  9 15 26 12 14  1 22  5 18  9 19 20  9
   4  8  2 10 22  7  2 13  4 21 17 18  9  1 24  8 25  6 21  2  8 24  7 27
  29 17  5  9  6 25 12 23 27  2  4 26 12 19 14 27 15  8  4 22 29 29 10  5
  25 19  3  1 10 29  9 12 11  1 17 27 19 11  4 18 29  8 13  7 28 14 10 16
  14 19 23 21 23  6 20 15 10 11  4 26 29 28  1 15 20 28 27 12 10 22 20 15
  14 12  5 28  9  7  5 14 28  4 12 27 21 15  3 14  3 16  4 27  1  5 29 29
  17 27 17  9  2 26  4 16 14 13 25  2  6 21 28  3  5  5  3 12  9  5  3 19
  26 26  4 14 18 29 13  8  3]
 [ 0 18  8 15 28  2 18 29 27 20 21 11 24 18 26 20 18  9  3  5 16 25  5  8
  20 27 13 22  1  5 16 24 12 20 19  9 23 23  7 15 27 27 25 21  5  5 21 25
  19 27  5  5 21 12 23  2 14 19 25 21 13 18  9 16 19  6 11 15 23 29 18  9
  15 20  9  4 29 21  7 13 13 29 10 12 10 11  2 23 14  3 29 26 28 22  9 29
  19 20 22 25 22 23 28 17  1 26 22  6 27 18  4  5  4 24  7  8  4 27 16 24
  25  7 23 14 27 18 27  7 21 17  8 28 29 10  8 22  9 29 10 13 15 26 27  3
  25 11  8 24 18 21  3  4 12  1 15 18 26 20 14 24 14  7 15 12 23 27 14  5
   2 15 26 11  8 16 19  5  7  1 19 18 22 21 14  1 15  3 16 12 26  3  7 24
  10 15  5 11 10  9 28 26  2  8  2  5 27 12 18 26 11  1  7  8 17 15  5 12
   5  2 22  6 27 26 12 22  4 20 15 10  8  8 17 22 27 17  7 25 29  4 15  3
  24 15 20 23 21  1 17  7 23  1 16 22  1  3  5 19  5  5 22  2  4 27 23  7
  27  6  1 26 13 21 24 19 18 19  5  4 16  9 12  4 20 12  3 15 28 11  5 17
  12 13 17 12 11 29 13 17 27  3  9  9 29 11 14 28 20 23  8 14  2 12  1 11
  25 19 19 13 22 18  7 18 23]
 [ 0 11  5  9  1 17 23  3 29  7 22  5 29  2 23  7 17  6 28  9  5 24 12  6
   1 29 26 22 10 17 21  3 27 29 15 16  9  8 20 21 15  2 26 17  1 23 15 13
  14 10  5 14 17 29  9 10 28  9 13  8 13  1 26 22 29  7 15 18 19 16  9 20
  20 18  8 25 16  6 23 27 13  2 16 25  2 24 28 10  9  1 12  2 15 15 18 19
  20 20 29 14 27 10  1  7 26 28 27 21 12 28 22 21 19  1 10 26 24 16 16 19
  26 21  3 23 22 15  6  6 29 12 15 15 27  2 20  9 19 13 27 18  4 20 12 11
   7 29  1 24 28 21 11 18  4 22 20 18 28 29 20 27  5 10  1 26  2  3 12 10
   4 18  4 17  8 13 29 15 18 26  1  5 18 25  5  3 17 15 27 16 11 11 11 17
  23  4  6 23 28  7  4 16 25 21  5  8  4  4 27 15 26  5  8 24 22 12 26 26
   7 11 17 26 22 27 22 18 26  8 18 26  3 16 21 17 19 23 13 16 13 22 20 13
  16 15 14  5 19  3  2 22  6  5 22 28 12 16  5  4 25 16 26  8 20 20 20  3
  16  8  7  1  8  8 17 22 25  2  1 21 14 22  1 25 22 14 15 13 15 25 28 25
  18 17  1 15  2 15 29 19 16 20  3 19  1  4  4  8  4 12 27  6 13 27 22 11
  15  5 24 21 13 26 22  9 17]
 [ 0  6  5  1  9  4 15 14 15 16  3 22  4  1  1 23 25  4 21 10  1 26 17 15
   3 20  6 15 21 18  4  8 23 15 19 11  1  4 17 29 15  6 13  2  5 21 13 18
   1  3 27 14 23 17 22 22  4  8 10 11  3 24  8  1 26  6 29 27  8 29 28  5
  29 22 20 22 19 23  5 19  3 24 15  9  6 28  5 23  7 28 16 16 14  6 11 19
  19 19 18 16 10  7 13 22  9  6  1 23 22 18 17  5  7 10 20 17  1 26 28  5
   9 20 10 19  5  7 28 27 27 27 24 26  4 15 12  7 24 27 29  2 16 10 25 23
   5 19 10 12  9 20 10 19 10  9 24 15  7 10 19 26  1  5  3 23 21  8 10 29
  27  7 25 25 19 10 16  1 18 11  6  1  3  9 15 23 10 16 26  7 19 25 24  1
   1 27 23  2  3 27  6  8 19 28 10  1  5  3 25 22  5 18  8  4 16 14 17  4
   5  5  4 14 15  5 14 13  5 16 26 12 19  8 15  7 29  8  7  9  7 23 19 10
  11 12 29 24  1  5  7 20 11 20 25 12 19 17 25 10 23 20 23  9 24 19 10 24
  28 27  9  3  8  6 20  9 26 29  5 23 19  8 10 25 11 16  5 21 20  2 19  2
  20 15  8 19 10  6  5 11 20 21  7  4 27  7 22 23 27  2  7  1  3 23 13  8
  19 12 21 22 12 25 26  8  5]]
 job2fam
 [[1 0 0 0 0 0 0 0 0 0 0 0 0 0 0 0 0 0 0 0 0 0 0 0 0 0 0 0 0 0 0 0 0 0 0 0
  0 0 0 0 0 0 0 0 0 0 0 0 0 0 0 0 0 0 0 0 0 0 0 0 0 0 0 0 0 0 0 0 0 0 0 0
  0 0 0 0 0 0 0 0 0 0 0 0 0 0 0 0 0 0 0 0 0 0 0 0 0 0 0 0 0 0 0 0 0 0 0 0
  0 0 0 0 0 0 0 0 0 0 0 0 0 0 0 0 0 0 0 0 0 0 0 0 0 0 0 0 0 0 0 0 0 0 0 0
  0 0 0 0 0 0 0 0 0 0 0 0 0 0 0 0 0 0 0 0 0 0 0 0 0 0 0 0 0 0 0 0 0 0 0 0
  0 0 0 0 0 0 0 0 0 0 0 0 0 0 0 0 0 0 0 0 0 0 0 0 0 0 0 0 0 0 0 0 0 0 0 0
  0 0 0 0 0 0 0 0 0 0 0 0 0 0 0 0 0 0 0 0 0 0 0 0 0 0 0 0 0 0 0 0 0 0 0 0
  0 0 0 0 0 0 0 0 0 0 0 0 0 0 0 0 0 0 0 0 0 0 0 0 0 0 0 0 0 0 0 0 0 0 0 0
  0 0 0 0 0 0 0 0 0 0 0 0 0 0 0 0 0 0 0 0 0 0 0 0 0 0 0 0 0 0 0 0 0]
 [0 0 0 0 0 0 1 0 0 0 0 0 0 0 0 0 1 1 0 0 0 0 0 0 0 0 0 0 0 1 0 0 0 0 0 0
  0 1 1 0 0 0 0 0 0 0 0 0 0 0 0 0 0 0 0 0 0 0 0 0 0 0 0 0 0 0 0 0 0 0 0 0
  0 0 0 1 0 0 0 0 0 0 0 0 0 0 0 0 0 0 0 0 0 0 0 0 0 1 0 0 0 0 0 0 0 0 0 0
  0 0 0 0 0 0 0 0 0 0 0 0 0 0 0 0 0 0 0 0 0 0 0 0 0 0 0 1 0 1 0 0 0 1 0 0
  0 0 0 0 0 1 0 0 0 0 0 0 0 0 0 0 0 0 0 0 1 0 0 0 0 0 0 0 0 0 0 0 0 0 0 0
  0 0 0 1 0 0 0 0 0 0 0 0 0 0 0 0 0 0 0 0 1 0 0 0 0 0 0 0 0 0 0 1 0 0 0 0
  0 0 0 0 0 0 0 0 0 0 0 0 0 0 0 0 0 0 0 0 0 0 0 0 0 0 1 0 0 0 0 1 0 0 0 0
  0 0 0 0 0 0 0 0 0 0 0 0 1 0 1 0 0 0 0 0 0 0 0 1 0 0 0 1 0 0 0 0 0 0 0 0
  0 0 0 0 1 0 0 0 0 0 0 0 0 0 1 0 0 0 0 0 0 0 0 0 0 0 0 1 0 0 0 0 0]
 [0 0 0 0 0 0 0 0 0 0 0 0 1 1 0 0 0 0 0 0 0 0 0 0 0 0 0 1 0 0 0 0 1 1 0 0
  0 0 0 1 0 1 0 0 0 0 0 1 0 0 0 0 0 0 0 0 0 0 0 0 0 0 0 0 0 0 0 1 1 0 0 0
  0 0 0 0 0 0 0 0 0 0 0 1 0 0 0 0 0 1 0 0 0 0 0 0 0 0 0 0 0 0 0 0 0 0 0 0
  0 0 0 0 0 0 0 0 1 0 0 0 0 0 0 0 0 0 0 0 0 0 0 0 0 0 0 0 0 0 0 0 0 0 0 0
  0 0 0 0 0 0 0 0 0 0 0 0 0 0 0 0 0 0 0 0 0 0 0 0 0 0 0 0 0 0 1 0 0 1 0 1
  0 0 0 0 0 0 0 1 0 0 0 1 1 0 0 0 0 0 1 0 0 0 0 0 0 0 0 0 0 0 0 0 0 0 0 0
  1 0 0 0 0 0 0 0 0 0 0 0 0 0 0 0 0 0 0 0 0 0 0 0 1 0 0 0 1 0 1 0 1 0 0 0
  0 0 0 0 0 0 0 0 0 0 1 0 0 0 0 0 0 0 0 0 0 0 0 0 0 0 0 0 0 0 0 1 0 1 0 0
  0 0 0 0 0 0 0 0 0 0 0 0 0 0 0 0 1 0 1 0 0 0 0 0 0 0 0 0 0 0 0 0 0]
 [0 0 0 0 0 0 0 0 0 0 0 0 0 0 0 0 0 0 0 0 1 0 0 0 0 0 0 0 0 0 0 0 0 0 0 0
  0 0 0 0 1 0 0 0 0 0 0 0 0 0 0 0 0 0 0 0 0 0 0 0 0 0 1 0 0 0 1 0 0 0 0 0
  0 0 1 0 0 1 0 0 0 0 1 0 0 0 0 0 0 0 0 1 0 1 0 0 0 0 0 1 0 0 0 0 0 0 0 1
  0 0 0 0 0 1 0 0 0 0 0 0 0 0 0 0 0 0 0 0 0 0 1 0 0 0 1 0 0 0 0 0 0 0 0 0
  0 0 0 0 0 0 0 0 0 0 0 0 0 0 0 0 0 0 0 0 0 1 0 0 0 0 0 0 0 0 0 0 0 0 0 0
  0 0 0 0 0 0 0 0 0 0 0 0 0 0 0 0 1 0 0 0 0 0 0 0 0 0 1 0 0 0 1 0 1 0 0 0
  0 0 0 0 0 1 0 0 0 0 0 0 0 1 0 1 0 1 0 0 0 0 1 0 0 0 0 0 0 0 0 0 0 1 0 0
  0 0 0 0 0 0 0 0 0 1 0 0 0 0 0 0 0 0 1 0 0 0 0 0 0 0 0 0 0 0 0 0 0 0 0 0
  1 0 0 0 0 0 0 0 0 0 0 0 0 0 0 0 0 0 0 1 0 0 0 0 0 0 0 0 0 0 0 0 0]
 [0 0 0 0 0 0 0 0 0 0 0 0 0 0 0 0 0 0 0 0 0 0 0 0 0 0 0 0 0 0 0 0 0 0 0 0
  0 0 0 0 0 0 0 0 0 0 0 0 0 0 1 1 0 0 1 0 0 1 0 0 0 1 0 0 0 0 0 0 0 0 1 0
  0 0 0 0 0 0 0 0 0 0 0 0 0 0 0 0 0 0 0 0 0 0 0 0 0 0 0 0 0 0 0 0 0 0 0 0
  0 0 0 0 0 0 0 0 0 0 1 0 0 0 0 0 0 0 0 0 0 0 0 1 0 0 0 0 0 0 0 0 0 0 0 0
  0 0 1 0 1 0 0 0 0 0 1 0 0 0 0 0 0 0 0 0 0 0 0 0 1 0 0 0 0 0 0 0 0 0 0 0
  0 0 0 0 0 0 0 0 0 0 0 0 0 0 1 0 0 0 0 0 0 1 0 1 0 0 0 0 0 0 0 0 0 0 0 0
  0 0 0 0 0 0 1 0 0 0 1 0 1 0 0 0 1 0 0 0 1 0 0 0 0 0 0 1 0 0 0 0 0 0 0 0
  0 0 1 0 0 0 0 0 0 0 0 0 0 0 0 0 0 0 0 0 0 0 1 0 0 0 1 0 0 0 0 0 0 0 1 0
  0 0 0 0 0 0 0 0 0 0 0 0 0 0 0 1 0 0 0 0 1 0 0 0 0 0 1 0 0 0 0 0 0]
 [0 0 1 0 0 0 0 0 0 0 0 0 0 0 1 0 0 0 0 0 0 0 0 0 0 0 0 0 0 0 0 0 0 0 0 0
  0 0 0 0 0 0 1 1 0 0 0 0 0 0 0 0 0 1 0 0 0 0 0 0 0 0 0 0 0 0 0 0 0 0 0 0
  0 0 0 0 0 0 0 0 0 0 0 0 0 0 0 0 0 0 0 0 0 0 0 0 1 0 0 0 1 0 0 0 1 0 0 0
  0 0 0 0 0 0 1 0 0 1 0 0 0 0 0 0 0 0 0 0 0 1 0 0 0 0 0 0 0 0 1 1 0 0 0 0
  0 0 0 0 0 0 0 0 0 0 0 0 0 0 0 0 0 0 0 0 0 0 0 0 0 1 0 0 0 0 0 0 0 0 0 0
  0 0 0 0 0 0 0 0 0 0 0 0 0 0 0 0 0 0 0 0 0 0 0 0 0 0 0 0 0 0 0 0 0 0 0 0
  0 0 0 0 0 0 0 0 0 0 0 0 0 0 0 0 0 0 0 1 0 1 0 0 0 0 0 0 0 0 0 0 0 0 0 0
  1 0 0 0 0 0 0 0 1 0 0 0 0 0 0 0 0 0 0 0 0 0 0 0 0 1 0 0 0 1 0 0 0 0 0 1
  0 0 0 0 0 0 0 1 0 0 0 0 1 0 0 0 0 0 0 0 0 0 0 0 0 0 0 0 0 0 0 0 0]
 [0 0 0 0 1 0 0 0 0 0 0 0 0 0 0 0 0 0 0 0 0 0 0 1 0 0 1 0 0 0 0 0 0 0 0 0
  0 0 0 0 0 0 0 0 0 0 0 0 0 0 0 0 0 0 0 1 0 0 0 0 0 0 0 0 0 1 0 0 0 0 0 0
  1 0 0 0 0 0 0 0 1 0 0 0 0 0 0 0 0 0 0 0 0 0 0 0 0 0 1 0 0 0 1 0 0 0 0 0
  0 0 1 0 0 0 0 0 0 0 0 1 1 0 0 1 0 0 0 1 0 0 0 0 0 0 0 0 0 0 0 0 0 0 0 0
  1 0 0 0 0 0 0 1 0 0 0 0 0 0 1 0 0 0 0 0 0 0 0 0 0 0 0 0 0 0 0 0 0 0 0 0
  1 1 0 0 0 0 0 0 0 1 0 0 0 0 0 0 0 0 0 0 0 0 1 0 0 0 0 1 1 0 0 0 0 0 0 0
  0 0 0 1 1 0 0 0 0 0 0 0 0 0 0 0 0 0 0 0 0 0 0 0 0 0 0 0 0 0 0 0 0 0 0 0
  0 0 0 1 0 0 0 0 0 0 0 1 0 0 0 0 0 0 0 1 0 0 0 0 0 0 0 0 0 0 1 0 1 0 0 0
  0 0 0 1 0 0 0 0 0 1 0 0 0 1 0 0 0 0 0 0 0 0 0 0 0 0 0 0 0 0 1 0 0]
 [0 0 0 1 0 0 0 0 0 1 0 1 0 0 0 1 0 0 0 0 0 0 0 0 0 0 0 0 0 0 1 0 0 0 1 0
  0 0 0 0 0 0 0 0 0 0 0 0 0 1 0 0 0 0 0 0 1 0 0 0 0 0 0 0 0 0 0 0 0 0 0 0
  0 0 0 0 0 0 0 1 0 0 0 0 0 0 0 0 0 0 0 0 0 0 0 1 0 0 0 0 0 1 0 0 0 0 1 0
  0 0 0 0 0 0 0 0 0 0 0 0 0 0 0 0 1 0 1 0 0 0 0 0 0 0 0 0 0 0 0 0 0 0 0 0
  0 0 0 0 0 0 0 0 0 0 0 1 0 0 0 1 1 1 0 0 0 0 0 0 0 0 0 0 0 0 0 0 0 0 0 0
  0 0 1 0 0 0 0 0 0 0 0 0 0 0 0 0 0 1 0 0 0 0 0 0 1 0 0 0 0 0 0 0 0 0 0 0
  0 0 0 0 0 0 0 0 0 0 0 0 0 0 0 0 0 0 1 0 0 0 0 0 0 0 0 0 0 0 0 0 0 0 0 0
  0 0 0 0 0 0 0 0 0 0 0 0 0 1 0 0 0 1 0 0 1 0 0 0 0 0 0 0 0 0 0 0 0 0 0 0
  0 0 0 0 0 0 0 0 0 0 0 0 0 0 0 0 0 0 0 0 0 0 0 0 0 0 0 0 0 0 0 0 1]
 [0 0 0 0 0 0 0 0 0 0 0 0 0 0 0 0 0 0 0 0 0 0 0 0 0 1 0 0 0 0 0 0 0 0 0 0
  1 0 0 0 0 0 0 0 0 0 0 0 0 0 0 0 0 0 0 0 0 0 0 0 0 0 0 0 1 0 0 0 0 0 0 1
  0 0 0 0 0 0 0 0 0 0 0 0 1 0 0 0 0 0 0 0 1 0 0 0 0 0 0 0 0 0 0 0 0 0 0 0
  1 0 0 0 0 0 0 0 0 0 0 0 0 1 0 0 0 1 0 0 1 0 0 0 0 0 0 0 0 0 0 0 0 0 0 0
  0 0 0 0 0 0 0 0 0 1 0 0 0 0 0 0 0 0 0 0 0 0 0 0 0 0 0 0 1 0 0 0 0 0 1 0
  0 0 0 0 0 0 1 0 0 0 0 0 0 0 0 0 0 0 0 1 0 0 0 0 0 0 0 0 0 0 0 0 0 0 0 0
  0 0 0 0 0 0 0 0 0 0 0 0 0 0 1 0 0 0 0 0 0 0 0 0 0 0 0 0 0 0 0 0 0 0 1 0
  0 0 0 0 0 0 0 1 0 0 0 0 0 0 0 0 0 0 0 0 0 0 0 0 0 0 0 0 0 0 0 0 0 0 0 0
  0 0 0 0 0 0 1 0 0 0 0 1 0 0 0 0 0 0 0 0 0 0 0 1 1 0 0 0 0 1 0 0 0]
 [0 0 0 0 0 0 0 0 1 0 1 0 0 0 0 0 0 0 0 1 0 0 0 0 0 0 0 0 0 0 0 0 0 0 0 0
  0 0 0 0 0 0 0 0 1 1 0 0 0 0 0 0 1 0 0 0 0 0 0 0 0 0 0 0 0 0 0 0 0 1 0 0
  0 1 0 0 0 0 0 0 0 0 0 0 0 1 0 1 0 0 1 0 0 0 0 0 0 0 0 0 0 0 0 0 0 0 0 0
  0 0 0 0 1 0 0 0 0 0 0 0 0 0 1 0 0 0 0 0 0 0 0 0 0 0 0 0 0 0 0 0 0 0 0 0
  0 0 0 0 0 0 0 0 0 0 0 0 1 0 0 0 0 0 0 0 0 0 0 0 0 0 1 1 0 0 0 0 1 0 0 0
  0 0 0 0 0 0 0 0 0 0 0 0 0 1 0 1 0 0 0 0 0 0 0 0 0 0 0 0 0 0 0 0 0 0 0 0
  0 0 0 0 0 0 0 0 0 1 0 0 0 0 0 0 0 0 0 0 0 0 0 1 0 0 0 0 0 0 0 0 0 0 0 1
  0 0 0 0 0 0 1 0 0 0 0 0 0 0 0 1 0 0 0 0 0 0 0 0 0 0 0 0 0 0 0 0 0 0 0 0
  0 0 0 0 0 1 0 0 0 0 0 0 0 0 0 0 0 1 0 0 0 0 0 0 0 1 0 0 1 0 0 0 0]
 [0 0 0 0 0 0 0 0 0 0 0 0 0 0 0 0 0 0 1 0 0 1 1 0 0 0 0 0 0 0 0 1 0 0 0 1
  0 0 0 0 0 0 0 0 0 0 0 0 1 0 0 0 0 0 0 0 0 0 1 1 1 0 0 0 0 0 0 0 0 0 0 0
  0 0 0 0 0 0 0 0 0 0 0 0 0 0 0 0 0 0 0 0 0 0 0 0 0 0 0 0 0 0 0 1 0 1 0 0
  0 0 0 0 0 0 0 0 0 0 0 0 0 0 0 0 0 0 0 0 0 0 0 0 1 0 0 0 0 0 0 0 0 0 1 1
  0 1 0 1 0 0 0 0 0 0 0 0 0 0 0 0 0 0 0 0 0 0 1 1 0 0 0 0 0 0 0 1 0 0 0 0
  0 0 0 0 1 1 0 0 1 0 0 0 0 0 0 0 0 0 0 0 0 0 0 0 0 0 0 0 0 0 0 0 0 0 1 0
  0 0 0 0 0 0 0 0 1 0 0 0 0 0 0 0 0 0 0 0 0 0 0 0 0 1 0 0 0 1 0 0 0 0 0 0
  0 0 0 0 0 0 0 0 0 0 0 0 0 0 0 0 0 0 0 0 0 0 0 0 0 0 0 0 0 0 0 0 0 0 0 0
  0 0 0 0 0 0 0 0 1 0 0 0 0 0 0 0 0 0 0 0 0 1 0 0 0 0 0 0 0 0 0 0 0]
 [0 1 0 0 0 0 0 0 0 0 0 0 0 0 0 0 0 0 0 0 0 0 0 0 0 0 0 0 1 0 0 0 0 0 0 0
  0 0 0 0 0 0 0 0 0 0 1 0 0 0 0 0 0 0 0 0 0 0 0 0 0 0 0 1 0 0 0 0 0 0 0 0
  0 0 0 0 1 0 0 0 0 1 0 0 0 0 1 0 0 0 0 0 0 0 1 0 0 0 0 0 0 0 0 0 0 0 0 0
  0 1 0 1 0 0 0 1 0 0 0 0 0 0 0 0 0 0 0 0 0 0 0 0 0 1 0 0 0 0 0 0 0 0 0 0
  0 0 0 0 0 0 1 0 0 0 0 0 0 1 0 0 0 0 0 0 0 0 0 0 0 0 0 0 0 0 0 0 0 0 0 0
  0 0 0 0 0 0 0 0 0 0 0 0 0 0 0 0 0 0 0 0 0 0 0 0 0 1 0 0 0 1 0 0 0 1 0 1
  0 0 1 0 0 0 0 1 0 0 0 1 0 0 0 0 0 0 0 0 0 0 0 0 0 0 0 0 0 0 0 0 0 0 0 0
  0 0 0 0 1 1 0 0 0 0 0 0 0 0 0 0 0 0 0 0 0 0 0 0 1 0 0 0 1 0 0 0 0 0 0 0
  0 0 0 0 0 0 0 0 0 0 0 0 0 0 0 0 0 0 0 0 0 0 0 0 0 0 0 0 0 0 0 1 0]
 [0 0 0 0 0 1 0 1 0 0 0 0 0 0 0 0 0 0 0 0 0 0 0 0 1 0 0 0 0 0 0 0 0 0 0 0
  0 0 0 0 0 0 0 0 0 0 0 0 0 0 0 0 0 0 0 0 0 0 0 0 0 0 0 0 0 0 0 0 0 0 0 0
  0 0 0 0 0 0 1 0 0 0 0 0 0 0 0 0 1 0 0 0 0 0 0 0 0 0 0 0 0 0 0 0 0 0 0 0
  0 0 0 0 0 0 0 0 0 0 0 0 0 0 0 0 0 0 0 0 0 0 0 0 0 0 0 0 1 0 0 0 1 0 0 0
  0 0 0 0 0 0 0 0 1 0 0 0 0 0 0 0 0 0 1 1 0 0 0 0 0 0 0 0 0 1 0 0 0 0 0 0
  0 0 0 0 0 0 0 0 0 0 1 0 0 0 0 0 0 0 0 0 0 0 0 0 0 0 0 0 0 0 0 0 0 0 0 0
  0 1 0 0 0 0 0 0 0 0 0 0 0 0 0 0 0 0 0 0 0 0 0 0 0 0 0 0 0 0 0 0 0 0 0 0
  0 1 0 0 0 0 0 0 0 0 0 0 0 0 0 0 1 0 0 0 0 1 0 0 0 0 0 0 0 0 0 0 0 0 0 0
  0 1 1 0 0 0 0 0 0 0 1 0 0 0 0 0 0 0 0 0 0 0 1 0 0 0 0 0 0 0 0 0 0]]
