params：
 weight-->(1, 10)
 proc_times-->(1, 100)
 setup_times-->(15, 30)
 delivery_times-->(100, 200)
 job_rate-->16

start:
alpha_1
16
 alpha_2
0.5
 mach
20
 job
320
 fam
12
 weigh
 [[0 4 1 9 2 5 7 4 5 5 3 8 3 5 7 9 8 9 9 1 7 6 6 8 3 6 4 8 8 3 4 4 9 9 5 2
  5 7 4 2 9 4 7 9 6 4 3 3 3 8 5 3 7 9 1 4 8 4 1 1 8 8 7 7 1 1 4 1 1 2 5 9
  3 1 7 5 5 2 4 9 3 3 5 2 7 8 5 5 5 4 4 3 3 9 4 1 3 5 9 3 2 8 1 2 6 4 1 3
  6 7 7 2 4 2 6 8 7 5 5 6 7 7 8 3 9 3 1 1 7 5 2 9 9 4 6 7 4 7 6 2 5 5 8 9
  9 7 2 5 6 2 6 2 5 3 1 7 2 6 9 1 7 3 8 2 3 2 3 6 4 1 2 7 2 8 7 3 6 9 7 3
  5 5 6 3 9 8 7 5 3 9 4 1 4 9 7 6 8 3 5 7 2 4 5 8 1 1 2 9 9 9 1 5 8 9 4 1
  8 9 9 5 7 8 7 3 4 2 9 4 8 9 9 5 2 3 3 4 6 7 6 8 6 3 3 6 6 1 4 5 7 3 9 9
  5 3 9 1 3 4 9 1 8 7 7 3 2 7 5 5 3 7 3 5 9 9 6 6 3 7 6 3 6 1 2 7 8 3 1 2
  2 8 9 7 3 4 8 8 4 8 1 4 3 4 5 8 3 2 3 1 2 1 9 8 6 6 2 3 7 3 3 5 6]]
 proc_times
 [[  0  12   5  23  24  20  31  20  29  19  18  38  63   1  89  63  23  68
   29  92   5  73  80  82  46  20  51  64  83  86  87  40  34  45  84   7
   35  53  17  38  68  56  77  43 100  27   4  77  40  57  82  27  23  64
   75  41  59  38  40  60  10  29  68  92  94  11  80  18  10  74  13  41
   23  59  45  76  97  64  47  22  72  30  87  80  30  57   6  55  54  66
   22  22   9  46   5  68  17  47  46  32  25  50  53  91  74  71  36  81
   90  22  96   9  75  76  69  44  69  43  50  17  82  10  79  68  99  63
   68   1  94  31  13  15  45  74  29  54  25  35  46  77  65  31  82  97
   19  32  27  23  26  54  17  90  49  57  18  60  64  39  40  61  86  18
    4   8  36  81  86   9  67  97  60  41  83  67   4  90 100  53  41  50
   60  42  87  69  84  94  62  33  88  28  99  16  44  99  54  21  93  29
    2  86  69  71  75  29  26  70  33  65  24  68  80  77  38  42  67  23
   52  45  49  78  82   6  86   8  12   7  54  54  29  85  14  52  77  63
   57  58  13  80   5  99  84  58  23  64  73  17  39  48  91  77  16 100
   49   2  93   5  53  97  82  51  35  30  54  81   3  76  59  12  48  10
   42  23  88  66  38  24  58  45  87  37   8  46  72  38  84   4  17  56
   38  10  75  46  59  38  26  94  85  34  46  17  82  13  69  84  58   5
   42  99  42  96  39  58  41  99  91  89  50  57  12  19  31]
 [  0  23  58  92  13  89  67   2  46  75  28  34  39  94  77  77  58  97
   91  69  75  35  42  89  55  99  21  17  56   1  12  27  64   7  74  89
   44  94  33  92  84   3  88  32  84  62  50  19  36   1  60  52  87  25
   15  32  87  40  63  96  30  75  75  86  89  26  10  21  82  19  56  69
   98  70  70  87  20   1  86  55  48  63  60  23  17  29   8  53  11  22
   73  35  67  33   3  64  57  15  51   9  58   1  99  33   4  69  48  97
   27  27  85  34  90  18  80  36  72  18  63   2  34  28  37  94   5  31
   70  85  76  67  99  82   7  39  30   1  78  20  96  28  81  26  51  56
   59  62  62  62  18  44   5  60  73  37  55  96  31   3  98  94   1  16
    7  29   8  74  42  86  60  81  82  68  45  56  64  45  44  13  72  29
   18   9  64  77  48  85   9  49  85  75  60  74  26  97  21  16  57  24
   14  16  55  37  68  19  83   2  79  70  21  64  14  10  69  43  63  46
   90  99  38  50  94  40  97  55  68  77  24  26   7  29  94  94  59  55
   40  89  27  75  13  30  98  96  27  94  31  55  88  76  40  15  17   5
   66  77  93  39  39  67  18   9  16   5  81  79  13  58  98  53  83  36
   46  98   2  32  40  94  62  36  70  74  82  45  84   7  25  90  19   4
   78  43  45   3  30  58  27  84  38  57  88  99  93  52  15  17  50  24
   31  38  54  47  12  58  27   5   3  72  41  81   1  36  66]
 [  0   2  11  10  35  25  70  99  97  62  49  23  94  43  63  44  60  43
   44  39  76  61  23  85  62  24  12  43  44  12  81  33  50  50  72  97
   18  16  17  38  63  11  35  10  95  33  70  50  15  52  47   5  22  67
  100  28  89  68   7  31  92  13  90  41  76  43  22  16  27  62  44  49
   16  48  30  33  32  15   3  54  36  86  86  12  73  14  26  15  95  79
   37  44  76  74  55  43   7  55  29  84  51  79   4  78  78  83  80  94
   51  56   9  27  32 100  51  87  29  44  58  76  20  49  86  13  72  94
   74  15  40  20  86  58  86  14  82  95  81  89   6  23 100  41   7  52
   26  61  46  38  69  44  79  76  96   3  56 100  25   2   8  33  56  46
   65  37  57  14  39  14  23  45  15  34  63  76  32  36  26  84  72  34
   26  48  23  82  14  62   2  58  15  74  73  79  44  44   9  18  43  39
   36   6  94  31  56  64  10  50  29  41  99  39  45  94  33  98  14  65
   26   9  74  85   5  60  71   9  52  50  57  62  30  77  49  82  37  61
   80  62  64  60  56  88  67  56  16  23  16  72  84  52   8  78  95  25
   62  91  14   2  15  60  32  40  76   4  54  21   4  63  48  45  21  12
   17  49  82  44  28  57  70  88  93  52   6  76  30  87  54  93  39  80
   22  58  82  28  96   1  33  51  30  85  52  95  62  99  22  48  43   5
   79  37  76  54  54  30  82  10  83  91  82  64  11  67  81]
 [  0  73  18  29  80  10  65  28  43  97  18  84  78  67  35  59  43  27
   86  31  11  40  12  61  62  63  38  49  72  16  58  47  99 100  87  73
   68   6  13   6  21  36  39  85  19  75  58  69  87   6  12   8  94  15
   83   7  84  91  55  93  69  76  67  20  34  96  98  28   8  83  21  78
   96  94  92  39  16  64 100 100   5  80  87  11  71  38  39  17  19  80
   89   1  31  60   8  78  79  14  53  53  91  88  10  63  91  21  81  68
   68   6  68  89  90  57  63  53   7  70  65  45  76  13  39  94  54  88
   73   6  39   1  64  94  18  96  84  21  28  63  23  29  85  19  42  39
   40  34  97  78  70   4  44  19  39  10   2  72  48  40  66  23  81  35
   45  91  28  28  71  68  50  81  43  33  59  24  58  23  85  45  30  11
    5  58  92  79  63   7  78   6  22  36  32  24   2  34  67  43  51   2
   32  92  32  59  94  47  51  21  67  51  96  83  62  40  98  97  58  21
   44  23  11  19  73  92  65  86   6   1   3  52  93  40  14  95  80  72
   76  68  48  66  15  38  38  21  58  94  90  35  93  64   9  68  54  21
   92  77  70  71  17  73  11  50  57  13  55  86  34  55  26  25  70   9
   79  24  81  64  16  50  28  37  61  23  50  92  42  75  43  88  47  48
   86  10  60  73  22  33  98  35  75  27  60  40  57  58   8  16  10  83
   26  32   9  95  49  11  69  87  83   1  58  78   6  96  15]
 [  0  42  55  67  28  95  32  57  38  92  29  85  46  45  11   8  46  92
    7  51  27  33  49  45  26  35  88  92 100  95  10  14  94  93  23  48
   86   9  87  75  40  70   2  94  32  19  48  17   3  69   5  37  99  11
   79  37  37  65  15  82  83  14   8  16  98  29  17  83  62  99  58  47
   70  84  13  93  57  92  32  43  26  66  39  71  33  99  95  19  43  35
   38  47  99  26  22  65  88  80  25  28  50  15  27  25  10   8  27  54
   88  12  37  48  64  37  55  27  84  98  12  18  98  31 100  20  51   5
   28  12  72  89  78  51  13  10  21  97  32  18  22  92  77  80  44  28
   81   3  86  40  50  97  64   4  69  18  43  47  55  81  34   5  11  20
   37  25  33  64  16  29  42  88  90  87  39  86 100   4  61  22  13  16
   59  34  63  17  65   5  31  24  18  87  18  10  79  29  92  93  34  38
   79  16  63  47  75  71  11  31   9  31  86  99  14   3  71  28  83  85
   13  44  11  42   5  13  18   1  88  20  53  40  60  33  25  87  82  63
    8  87  10  85  11  97  97  32  74  66  81  69  63  59  53  77  84  45
   91  64  17   6  93  13  76  13  17  11   4  45  22  83  74  33  55  69
   52  68  70   8  87  62  73  25  72  31  94  48   1  71  71  92  78  38
   52  38   7  16  93  67  11  64  31  46  51  44  98  85  36  79  22   5
   58  44  94  41  20  87  31  65   3  40  15  34  32  63  76]
 [  0  82  50   7   4   2  82  15  77  99   5 100  77  15  21  63  46  22
    3  31  82  44  33  16  15  17  44  41  80  34  98   7  91  87   7  43
   69   3  74  83  61   7  48  89  17   8  23  22  10  36  65  65  39  19
   14  81  85  92  88  72  12  76  16   5  80  11   6  26   8  88  76   9
   96  36  81  66   6  23  55  35  11  49  45  59  80   2  11  23  37   4
   40   9  78  41  89  43  21  19  95  64  65  50  79 100  26  67   1  55
   93  36  11  10  81  55  84  43  86   1  14  64   9  30  97  52  57  88
    7  93  80  52  23  48   5  74   1  91  68  29  44  72  28  74  20  17
   23  16  97  97  56  66  90  37  45  19  42  74  97  74  21 100  42  57
   14  84  72  23  71  88  99  68  29   6  90  80  66  68   1   5  95  90
   50  53  44  86  52  99  27  71  98  46  67   6  89  13  95  56  74  30
   22  20  18  14  98  37  25   5 100  41  71  27  59  51   1  54  51  84
   81  94  31   5  21  29  53  89  72  44  97  67  86  71  88  12  40   5
   99  29  33  57  34  88  59  88  91  75  35  90   8  74  40  48  33  77
    7  82  69  68  88  88  73  70  66  27  99  10  55  92  55  81  76  83
   74  80  55  53  73  60  63  46  70  51  28  38  15  77  15  37  98  22
   77  64  57  42  48   8  41  41   2  25   5  68  29  23  95  30  95  47
   62  60  62  43  69  19  15  72  33  44  40  59  74   3  25]
 [  0  16  19  63   5  75  43  93  19  11  26  76  29  81  43 100  19  93
   95  39  25  27  22  86  88  86  87  75  90  37  70  91  93  60  98  63
   64  36  56  79  32  89  86   2  80  77  71   1  28  49  24  12   4  26
   41  97  45  97   9  55  91  18  18  59  43  23  29  28  38  36  42  62
   25   1  82   6  57  88  74  84   6  70  28  29  98  26  87  74  57  14
   89   1  75   6  77  78  32  44  90  87  97  30  72  13   4  73  52  12
   94  48  61 100  40  51  77  80  31  73  40  45  85   8  94  37  59  92
   74  72  19  55  73  73  82  30  58   5  19  97   6  70  10  95  61  48
   49  14  69  49  67  86  43  32  87   9  77  90   3  26   6  76   4  97
   50  39  36  46  23  83  47  22   6   7  14  44   2  22  87  48  22  13
   20  83  13   8  24  90   1  48  60  28  78  58  98  38  20   8  28  99
   83  91  66  14  42  54  86  57   2  34  48  39  31   7  57  65  59  28
   28  58  50  59  53  24  52  87  90  42  18 100  85  98  43  18  36   3
   92  10  58  31  92   4  43  60  80  88  77  24  97  53  79  80 100  36
   49  98   9  21  79  77  62  97  81  49  53  96  55   7  17  34  91  59
   88  95  98   3  89  69  88  14  23  57  20  78  31  55  56  58  30  85
   40  93  49  97  56  67   7  29  85  10   9  36  24  77  94  72  32  13
   80  34   2  38  67  49  82  20  26  38  28  69  14  85  52]
 [  0  42  25  71   6  23  67  14  75   2  71  73  28  61  79  28  38  87
   54  25  77  91  11  54  34  75  64  84  85  25  88  25  90  68  82  56
   52  37  18  18  99  13  67  93  58  98  81   9  81  32  79  43  33  89
   31  68  10  78  62  60  93  80   7  78   7  16  34  87  18  64   9  54
   64  77  15  82  30  69  79  84  41  91  79  64  78  88  36  72  56  13
   30  73  93  13  37  85  39  94  70  97   8  75  12  63  29  11  98  94
  100  80  19  88  83  87  88  21  40  79  20  57  54  93  67  26   7  19
   16   6  25  54  91  51   7  95   7  30   7  98  44  21  77  59  89  90
   29  47  64  62  98  43  69  29  24  31   2  63   4   4  73  35  51   6
   71   3  60  83  76  58  23   6  55  43  35  65  80 100  44  98  86  59
    2  44  84  40  33  52  91  31  38  39  27  79  35  26   8  57 100  14
   33  73  19  35  66  48  10  96  73  92  89  51   5  88  46  74  19  74
   59  33  88  32  71  10  50  93  74  75  68  12   4  85  58   3  36  56
   29  24  40  17  84  27  20  81  55  58  18  48  40  11  89  65  67  12
   77  72  98  94  85  27  58  28  20  82  66   2  68  66  89  10  22   9
   26  52  85  68  45  34  45   9  49  89   5  68  10  14  22  32  87  58
  100  72  66  85   5  95  95  13  13  68  13  76  83  51  39  55  71  82
   73  57   2  24  11  98  32  97  21  70  53   2  88  69  79]
 [  0  13  78   9  35  38  16  27  79  12  14  46  97  65  61  34  38  66
   64  28   9  81  94  25  50  31  76  98  34  93  48  72  89  99  47  35
   40  15  82  20  16  51  80  49  12  34  85  61  51  94   8  60  81  46
   12  68  15  57  99  91  98  96  72   7  29  56  52  95  31  77  74  21
   47  40   8  32  91  92  95   7  63  52  28  36  59  23  38  31  20  98
   35  73  74  66   1  98  75  41  27  14  43  41  89  46  88  28  95  85
   22   6  54  54  38  35  13  59  66  41  69  25   6  94  35  17  76  78
   23  85  54  12  20  22  64  36  12   2   6  90  26  98  75  85  45  27
   82  46  39  14   9  83  38  54   4  57  20  66  14  86  49  32  56  19
   43  78  85  40  89  90  64   7  42  66  33  68  30  20  27  63  75  73
   94  66   1  54  21   6  20  54  47  19  97  10  54  23  77  74  94  80
  100   2  47  35  13  68  65  10  37  10  62  63  41  21  78  78  49  88
    7  81  92  73  11  64  97  35  72  30  49  28  84  82  94  47  75  66
   71  73  68  77  68  42  22  55  78  96   3  19  33  40  61  32  26  24
   75  13  19  83  93  78  38  57  21  83  68  69  71  96  18  48  80  51
   64  89  74  80  50   8  13  63  59   7  31  53  45  86  78  33  23  37
   29  92  54  34  57  72   6  71   6  89  78  18  50  96  16   1  52  23
   89  17  12  40   3  86  92  47  94  31  61  97  62   1   5]
 [  0   7  97  13  37  81  48  58  19  99 100  51   8  43  19  17  31  43
   12  37  90  55  10  21   1  77  28  30  98  26  14  95  90  73  76  27
   31  37  69  35  32  34  37  45  31  54  15  14  54  66  39  19  47  21
   35  64  48  83  78  98  50  31  39   5  23  35  12   6  26   6  44   4
   92  11  12  66   8  43  45  31  80  26  68  90  45  46  93  98  97  85
   32  93  82  87  17  55   3  21  69  87  15  88  36  14  78  35  31  15
   56  31  64   4  83  91 100  80  98   5  30  81  68  10  36  63  64  46
   94  44  98  86  77  92  77  45  45  99  85  65  75  82  54  82  30  34
   29  78  69  24   7   6  75  95  40  61  50  85  54  31  57  49  85  61
   62  33  26  39  49  40  51  27  69  88  36  58  99  88  62  79   2   7
   79  43  34  51   1   8  34  74   8  52  40  55  72   8  35  85  68  20
   81  41  46  29  17  24  95  80  95  25  98  56  55  36  54  20  76  13
   13  66  33  54  23  20  70  47  86  27  68  10  95  19  32  39  96  34
    6  36  24  47  18  57  93  49  97  12  63  56  24  92  69  64  37  22
   16   4  43  80  27  68  99  62  45  78  25  93  86  21  51   1  99  90
   70  15  24  92  40  64  75  13  52  87  29  83  20  17  81  81  26  45
   70   6   7  80  39  52  86  44  83  28  16  19  54  68  63  31  67  75
   34  25  38  57  25  37  47  37  47  92  64  17  61   2  77]
 [  0  95  42  68  95  86  24  65  51   1  13  56  15   7   6  72  96  46
   47  37  39  81  25   8  69  26  19  47  67  53  48  31   4  75  64  72
   34  22  54   4  77  37  17  35  10  99   6  67  58  68  74  23  51  20
   35  11  75  35  89  43  11  97  60  77   1  93  35  83  23  55  59  34
   55  47  53  15  59  85  30  25  99  83  93 100  10  24  56  20  16  58
   53  80  69  57  81  46  98  39  18  12  97  29  83  31  46  12  26  46
   15  45  95  55  32  27   6   8  12  43  60  80  50  74  26  42  13  66
   36  97   1  85  83  74  17   4   7  79  23   2  43  67   9  41  61  82
   92  88  14  12  77  65  96  38  33  82  93  94  75  20  80  73  88  83
   90  19  90  27   3  12  48  71  88  48  98  47  19  59  36  85  52  41
   21  83  11  48  35 100  37  58  89  80  44  33   9  33  32  89   7  97
   93  35  10  55  99  97  17  65  86   3  81  65  10  68  40  10  35  72
   32  93  97  55  80  81  50  22  99  83  79  59  49   1  52  44  11  15
   11  29  28  18  41  58  76  86  61  31  78  73  36  39  98  12  16  85
   59  51  56  95 100  92  41  75  19   8  38  93  57  97  29   2  45  42
   77  93  76  64  15  69  19   4  24  27  49  86  59  72  89  87  95  81
    9  30  85   5  55  27  64  55  48   3  18  66  54  66  18  57  37  41
   23  42  55  61  66  18  19  11  74  50  23  19  42  16  54]
 [  0  10  45  86  36  86  24  96  59  66  99  45  19  76  72  20  31  67
   28  32  10  26  88  48  99   5  83  71   8  74  27  78  71  28  84   7
   46  73  34  33  29  47   4  36   5   3  43   1 100   3  69  29  87  52
    3  24  50  11  81  56  72  76  62  55  78  57  87  53  54  92  37  55
   53  32  67   4  34  54  26  84  26  88  92  51  72  96  62  38  64  99
   42  22  47  38  98  69  90  93  21  22  75  83  82  71  62  29  25  37
   60  22  85  68  35  24  80  42  44  37  53  95  77  52  77  87  99  37
   80  42  14  74  63  10  11  55  58  31  44  49  37  31  59  66  82  65
   78  50  48  80  13  33  87  51  44  53  23  45  57  82  80  23  52  92
   12  54  17  74  91  94  20  54  91  95   1  40  10  32  64  71  76   4
   57   4  95  51  95  14  94  25  55  25  82   2  68  96   9  99  43  29
   56   8  67  61  36   9  54  24  34  58  56   2   2 100  72  54  93   9
   34  60  69  96  35   2  53  88  83  35  95  99  72  59 100  36  75  22
   78  13  38  44  45  72  84   5  67  50  62  88  42  69  25  51  38  29
   48  87  21  65  73  99  40  21  66  25  29  68  34  42  33  64  59  98
   90  45  69  40  83  83  47  14  43  22  37  67  50  27   9  80  85  31
   24  75  17  21  41  37  12   6  13  74  24  55  79  43  58  32  87   6
   93 100  12  96  19  75  41  65  20  58   3  24  61 100  18]
 [  0  96  74  89  56  79  36  48  37  23  72  24  91  45  12  98   5  78
   85  53  23  66  45 100  77  11   8  20  32  88  53  91  18  13  64  32
   71  48   9  31  20  41  49  17  27  41  10  24  16  71  25   5  79   8
   70  92  16  78  28  72  94  25  53  44  73  38  99  36   7  65  37  80
   44  67  84  31  42  12  48  12  33  31  35  61  34  24  40  88  52  21
   86  46  81  67  40  93  14  98  20  84  65  78   4   5  36  91 100  23
   45  41  26  24  33  63  76  47  72  49  18  42  70  12  50  19  22   1
   28   1  87  69  46  10  40  84   3  89  94  72   5  71  69  62  45 100
   30  10  62  34  74  13  98  35  95  87   7  30  66  60  53  57  87   6
    8  45  99  16  17  76   4  62   4  48  89  42  67  34  68  57  10  11
   31  19  62  84  59  57  33  70  60  24  89  38   6  25  86  68  79  85
   48  14  88  88   4  29  80  46  75  35  80  89  49  97  12  27  27  75
   74  14  78  35  66  61  96  92   9  71  77  99  64  80   5  54   1   5
   15  67  32  33  93  72  51  14  44  64   8  56  97  55   3  10  10  83
   16  70  56  90  69  48  15  70  20  77  10  39  35  62  16   8   1  90
   24  72  12  96  26  29  86  21   1  16  57  43  95  95  76  36  64  24
   17   1  98  54  59  77  15  17  17  30  86  93  89  15  39  39  36  33
   19  56  89  60  41  18  54  66  64  69  59  32 100   8  31]
 [  0   6   5  36  96  16  53  34  42  31  69  64   3  98  75  77  18  82
   53  15  37  40  81  17  23  66  91  67  22  96  81  15  48  81  63  85
   84  62  28  17  95  83  22  81  35  59  18  28  87  30  12  86  43   5
   83  98  13  18  76  65  40  30   3  20  71  87  42  24  10  72  32  58
   37  41  74  62  23  65  35  45  20  62  81  59  12  13  95  53  45  30
    8  66  58  86  77  10  61   5  13  42  52  12  18   8  72  84  70  16
   46  92 100  82  11  70  44  20   2  87  32  18   5  96  81  60  51  92
   82  21  12  93  40  19  41  96  33  97  58  54  18  91  29  77  45  10
   73   8  42  61  80  47  62  18  27  95  84   3  72  49  21  96  59  83
   11  43  16  37  55  59  35  95  94  18  13  83  90  14  52  59  55  37
   80  47  54  80  20  99 100  43  62  27  29  48  24  51  41  75  33  88
   40  19  32   1  20  86  54  32  49  74  66  89  50  44  40  58  24  53
   43  26  76  96  56   1  42   1  28  76  13  28  50  31  83  84  56  49
   52  10  21  18   1  59  41  46  83  39  68  60  19  69  48  25   3   6
   96  63  87  10  82   9  73  88   5  53  80  72  90  55  59  10   6  48
   92  71  66  69  66  21  28  23  42  63  28  54  84  52  53  55  49  57
   32  89  25  89  35  82  68  35  64  17  86  15  41  43  72  67  14  78
   38  11  14   5  53  13  54  23   2  84  26  73  82  60  86]
 [  0  43  91  90  83  26  56  20  32  21  96  88  23  59  99  78  26  29
   65   9  11  39  81  79  75  54  35  82  84  54  20  81  60  68  29  62
   81  16  34  83  26  96  88   2  29  79  76  89  10   1  68  45  30  53
   80  87  93  28  10  85  49  85  30  67  21  34  40  12  70  53   2  43
   76  24  30  25  47  46  15  51  23  35  48  21  49  78  78  98  92  17
    3  82  40  80  75  77  56  11  83  46  63  39  55  38  39  62  36  20
   85  64   1  37  41  57  76   7  92  69  40  27  58  32  92   9  83  64
   55  27  25  52  13  69  73  23   6  69  14  32  77  37  42  50   7  13
   71   4  70   9   7  22  47  94  32  19  44   1  75  69  61  43  54   4
   52  17  91  78  71  20  79  47  84  53  65   5  26  17  84  43  94  75
   15   3  65  34  61  84  69  85  50 100  31  65  73  45  60  42  73  29
   65  66  54  46  19  64  15  93  35  78  76  12  95  33  30  61 100  55
   37  98  57   7  37  43  90  43  39  55  14  33  55 100  63  43  83  71
   42  85  97  36  40  77  80  70  50  23  65  69  47  23  57   5  22  92
   53   5  40  79   4  20  97  98  71  29  68  13  35  95  35  31   8  81
   11  29  80  70  21  98  81  25  40  47  70  38  49  98  87  95  12  73
   59  54   8  53  30  53   5  95  10  58  21  33  14  64  48   2  83  99
   34  18  46  31  83   2  98  18  89  55  98  92  92  11  89]
 [  0  48  43  66  47 100  90  53  50  78   8  55  74  11  93  29  17   1
    3  24  35   8  46  13  87  22  31  61  61  45  81   7  54  90  28  20
   97  19  10  55  61  18  59  94  55  14  26  89  46  50  89   7  66  54
   63  72  72  36  26  44   1  59  69  96  55  26  75   3   1  48  11  81
   68  36  73  29  86  11  26  60  73  39  34   7  79  99  89  91  54  66
   93  86  21  16  78  78  32  29  19  30  90  12  14   8  37  26  59  41
   77  27  21  35  89  11  77  28  84  94  62  56   7  28   1  69  55  22
   58  85  45  92  74  97 100  73  86  96   5   4  75  31  76  33  58  33
   80  87  64  29  42  76  13  10  78  60  62   3  24  82  86   9  57  40
   24  20   7  19  48  91  79  48  19  16   4  62  21  44  55  81  59  45
   51  89  28  90  12  79  43  99  26  53  80   9  88  17  55  76  97  32
   35  93  50  35  12  28  23  52  20  44  28  76  14  79  21  50  79  51
   66  27   6  64   4  70   2  31  24  38  96  11  77  29  59  34  40  51
    2  30  86  70  94  96  32  33  61  80   3  35  88  73   1   1  60  57
   13  33  53  29  62  87  73  13  95  39  33  42  85  20  98  74  16  51
   53  71  41  58  86  84  43  35  39  95  26   1  23  92  83  93  93  26
   67  52  49  71  43  92  44  39   3  49  80  73  37  64  26  46  47  88
    8  59  59  67  16  77  51  57  37  26  65  74   4  97  63]
 [  0  21  84  21  53  20  62  61  16  58  49  95  79  90   5  64  40  56
   30  91  58   2  59  85  69   1  25  10  31  75  78  95  88  51  82  25
   10  84  66  16  86  65  60   5  48  61  88  52  31  68  37  90   5  78
   75   4  81  63   2  19  16  98  71  18  98  60  82  51  76  96  95  69
   95  93  46  86  31  77  11  19  80  65   6  83  53  94  53  72  70  84
   66  28  62  90  67  12  46  13  78   8  21  73  86  78   5  27  79  40
   90  37  97  41  86   6  33  49  24  88   5  80   8  12  67  20  72  68
   23  44  87  52  24  94  81  86  13  30  20  54   4  63   1  25  81  44
   46  96  51  58  21  25   7  85  66  37   7  81  23  14  28   5  55  79
   87  73  13  94   6  90  93  90  93  71  56  36  34  89  68  46  27  43
   89  65  50  10   2   5  82  25  57 100  62  80  80  83  89  81  89  36
   73  12  17  30  54   7  67  78  68  33  34  98  32  76  14  64  27  39
   82  50  53  69  13  72  35  76  98  80  45  48  61  39  44  51  23  66
    5  32  88  31  81  78  26   5   3  20  32  12  99  15  58  49  74  82
   70  42  85  64  32  94  60  12  99  48  55  33  83 100  96  19  12  60
   57  48  58  33  12  83  75  86  45  75  34  66  26   5  83  10  18  11
   55  56  33  53  78  50  22  56  73  14  29  87  55  54  12  19  52  76
    7  42  80  93  86  93 100  33  67  46  67  95  85  13  19]
 [  0  18  36  80  79  92  46  77 100  37  87  64  27  36  59   5  26  56
    8   4  92  57  61  18  62  74  57  61  51  30  72  17  50  74  98  88
   79  26  55  64  20  96  20  32  60   9  40  38  23  71  98  37  59  62
   99  46  45  10  93  63  70   2   5  32  63  44  67  17  94  33  84   2
   96  74  15  94  67  17  11  92  16  57  29  93  38  26  75  41  44  76
   14  87  46  32  68  76  22  47  87  93  22  19  87  29  84  10  55   8
   32  49  42  54  40  21  87  54  33  80  70  63  91  97  75  82   2  80
   29   6  55  41  23  10  90  99  91  98  71  10  52  89  98  29  70  64
   98  17  91  98  36  44  53  97  35   4  27  56  15   1  27   9  57  61
   19  32  46  61  97  97  25  97  40  73  44  11  16  38  98  34 100  49
   80  84  58  26  50   4  29  30  18  62  33 100  29  74   5  53  56  40
    8  91  83  59  13  80   2  72   6  81  37  91  93  33  77  41  26  89
   66  82  10  29  80   3  34  41  82  65  68  11  88  30  62  13  14  16
   18   3  58  59  49  53  53  82  71  26  65  93  97  67  84  41  26  25
   38   5  84   5  27  10  29   4   8  32   7   4  13  90  83  57  32   6
   52  82   2   3  76  64  23  57  92  22  95  58  89  55  78  17  22  77
   99  16   8  73  38  96  80  43  55  68  34  47  51  92  14  67  42  16
   85  93  67  42  85  64  95  51  17  95   3  74  21   2  76]
 [  0  74  56  93  46  17  30  40  85   2  35  33  62  14   7  65  84  20
   66  63  21  97  70  81  72  61  78  97  52  28  52  43  43   2  43  76
   39  91  75  54  51  21  10  26  51  50  36 100  31  56  28  37  40  97
   63  81  28  34  42  73  74  49  56  23  81  90  67  61  49  31  67  95
   86  39  17  75  29  49  50  43  63   5  44  54  98   4  18  91  33  97
   26  57  70  61  71  40  76  97  80  16  54  34  89  10  31  86  35  61
   42  71  17  57   3  30  87   9  69  28  19  32  85  93  45  32  31  63
    2  91  39  25  50  20  69  60  72  95   4  80  43  99  36  18  21  57
   17  44  64  44  41  22  72  75  45  38  69   5  41  96  13  22  65  75
   25 100  82  87  19  61  99  80  17  83  64  51  63  18  40  86  16  52
   21  63  86  16  43   9  59   8  51  50  77   5   8  50  85 100  53   6
   69  15  32  77  73  17  76  58  33  82  19  88  65  30  62  66   3  16
   53  88  28  87  57   7  63  22  80  89   3  16  86  37  81  35  18  98
   30   5  61  43  92  39  12  42  90  67  55  79  64  50  33  72  32  62
   32  66  80  34   6  94  93  91  20  32  70  20  72  21  32  66  53  43
   51  56  56  64  90  55  32  91  86  72  44  97  10  37  34  33  41  92
   83  37  77  89  37   1  30  34  41  22  55  76  20   2  32  86  15  23
   55  59  88  99  18  72   6  48  10  18  58  98  76   2  33]
 [  0  72  25  92  46  86  72  91  14  71  38  32  82  19  37   6  52  77
   84  57  52  82  68  55  87  77  71  70  60  14  98   2  13  30   4  90
   80  77  92  50  79  97  16  95  71  96   7  43  90  96  31  55  44   6
   26  13  28  70  61  99  24   1   9  44  82  58  45  26  76  86  72 100
   82  21  70  62  94  56  66  63  58  74  54 100  14   1  80   2  78  28
   71  75  15  69  31  69  99  60  21  40  48  51  83  17  85  84   1  15
   22  75  56  37  20  45  41  49  65  38  96  28  51  26  11  72  99  37
   94  23  40  28  15  10  84  89   6  89  54   7  53  46   4  21  48  21
   74  46  41  12  57  50  96  13  94  61  59  56  38  81  56  97  56  30
   77  91  94  44  77  44  50  25  20  36  61  96  95  10  42  12  16  14
   14  38  74  80  81   1  32  37  12  72  14  60  11  86  11  36   9  43
   17  81  80  59  30  34  89  64   9  12   1  50  51  19  33  80  51  99
   69  44   3   5  13  15  38  50  48  41  64  95  25  92  60  43   2  19
   27  48  77  87  58  46  66  71  32  27  49  26  68  58  91  34  81  84
   51  11  42  67  68  82   4   2  78  71  77  37  64  60  95  25  82  43
   11  47  57  82  28  80  64   7  89  39  56  53  55  86  92  83  56  20
   88  80   9  82  95  25  10  47  63  53  51  87  84  75  74  34   2  85
   23  15  67  71  58  19  17  22  45  85  84  67  15  86  66]]
 setup_times
 [[[ 0 17 27 29 26 24 15 23 17 18 19 15 16]
  [ 0  0 27 24 17 28 20 21 26 16 19 22 25]
  [ 0 15  0 16 15 20 26 17 25 21 28 18 23]
  [ 0 17 17  0 26 24 16 22 22 22 21 25 19]
  [ 0 16 15 25  0 27 17 25 26 29 17 26 22]
  [ 0 25 24 27 27  0 26 20 25 18 24 22 20]
  [ 0 28 20 27 26 27  0 25 15 16 18 22 24]
  [ 0 24 17 21 23 21 23  0 19 28 17 17 25]
  [ 0 17 19 20 24 15 18 27  0 21 23 23 27]
  [ 0 28 26 29 16 19 19 21 25  0 28 18 21]
  [ 0 24 19 20 22 21 20 21 22 18  0 22 26]
  [ 0 26 15 16 20 17 17 22 19 15 19  0 22]
  [ 0 19 22 28 15 19 22 29 25 18 23 23  0]]

 [[ 0 18 16 27 24 26 23 15 16 29 27 15 29]
  [ 0  0 28 18 20 16 22 27 23 22 17 24 15]
  [ 0 26  0 20 28 24 27 25 29 16 26 23 25]
  [ 0 22 28  0 26 25 22 19 26 26 22 24 18]
  [ 0 17 26 22  0 26 27 26 21 20 21 19 21]
  [ 0 19 27 26 16  0 28 16 15 20 24 23 19]
  [ 0 29 24 20 23 28  0 26 24 28 20 29 25]
  [ 0 29 26 26 16 24 23  0 20 19 24 19 21]
  [ 0 29 21 27 26 26 28 24  0 28 22 18 15]
  [ 0 23 21 24 23 26 17 29 29  0 18 28 20]
  [ 0 19 26 26 18 21 25 23 20 16  0 26 16]
  [ 0 19 27 27 26 21 21 16 25 21 26  0 17]
  [ 0 21 15 21 25 19 25 16 16 29 16 21  0]]

 [[ 0 17 15 23 23 15 18 29 26 21 18 15 18]
  [ 0  0 18 27 18 24 19 22 20 27 28 28 16]
  [ 0 22  0 25 21 24 25 21 22 19 20 23 19]
  [ 0 15 29  0 22 17 27 22 16 17 29 22 25]
  [ 0 16 21 16  0 26 26 21 16 27 21 27 18]
  [ 0 16 15 27 20  0 18 16 28 19 17 23 27]
  [ 0 20 18 29 29 23  0 29 28 25 19 22 18]
  [ 0 22 20 15 21 22 25  0 21 19 28 17 19]
  [ 0 22 17 21 29 16 21 16  0 27 19 16 22]
  [ 0 24 15 26 15 22 28 27 18  0 23 26 24]
  [ 0 22 17 17 24 19 23 23 19 19  0 26 20]
  [ 0 17 19 28 18 28 28 23 20 29 29  0 24]
  [ 0 26 28 23 26 22 17 17 27 28 15 17  0]]

 [[ 0 27 20 16 17 20 17 16 28 15 24 27 17]
  [ 0  0 25 15 23 22 17 25 20 15 16 18 21]
  [ 0 26  0 17 20 25 29 17 24 19 25 28 22]
  [ 0 22 24  0 28 29 28 29 25 19 20 26 29]
  [ 0 19 18 25  0 16 27 18 24 28 22 25 28]
  [ 0 23 22 26 16  0 25 24 18 28 17 21 29]
  [ 0 22 16 19 26 28  0 24 24 20 19 18 15]
  [ 0 23 24 24 20 18 23  0 16 29 18 21 20]
  [ 0 29 21 29 28 24 19 15  0 22 27 29 24]
  [ 0 17 23 17 19 23 29 23 20  0 23 17 29]
  [ 0 26 15 17 17 18 29 26 22 19  0 26 26]
  [ 0 22 24 22 18 25 25 25 19 28 21  0 26]
  [ 0 16 27 21 16 16 29 21 18 17 16 22  0]]

 [[ 0 16 28 22 28 24 17 15 28 26 16 19 16]
  [ 0  0 26 18 24 29 24 15 17 27 24 26 17]
  [ 0 22  0 19 22 22 23 20 19 20 19 20 17]
  [ 0 24 29  0 25 19 19 19 26 21 17 23 22]
  [ 0 20 26 20  0 21 16 27 22 20 28 15 19]
  [ 0 20 23 27 26  0 18 27 17 17 28 26 22]
  [ 0 20 21 26 24 25  0 26 28 17 15 15 18]
  [ 0 21 19 17 24 29 23  0 17 29 29 18 28]
  [ 0 16 29 26 15 20 26 26  0 18 18 26 20]
  [ 0 28 19 29 29 15 21 27 22  0 29 23 18]
  [ 0 25 18 17 19 28 27 22 18 20  0 26 21]
  [ 0 21 29 15 16 25 18 20 24 22 21  0 26]
  [ 0 28 20 27 25 23 24 24 24 18 29 26  0]]

 [[ 0 26 21 22 29 15 15 17 16 23 19 24 17]
  [ 0  0 15 18 29 25 27 21 25 23 16 18 19]
  [ 0 23  0 28 17 29 23 17 27 15 27 26 24]
  [ 0 15 16  0 26 22 21 27 17 21 17 29 28]
  [ 0 17 15 27  0 22 17 22 21 28 29 16 26]
  [ 0 21 16 27 21  0 25 25 29 15 29 16 28]
  [ 0 18 25 22 29 22  0 27 23 29 29 17 17]
  [ 0 20 15 17 29 16 24  0 28 23 27 15 20]
  [ 0 25 19 27 27 23 26 16  0 28 26 15 15]
  [ 0 15 20 27 26 15 29 28 16  0 24 19 16]
  [ 0 21 21 29 27 17 24 18 23 19  0 15 29]
  [ 0 28 28 24 16 16 20 19 23 26 17  0 22]
  [ 0 27 24 24 15 19 21 24 15 17 17 23  0]]

 [[ 0 20 16 28 22 27 24 16 29 22 26 24 16]
  [ 0  0 18 21 27 15 26 28 18 28 22 17 21]
  [ 0 29  0 24 18 17 16 21 26 18 16 22 17]
  [ 0 26 20  0 18 16 21 16 15 23 15 19 23]
  [ 0 22 24 27  0 26 20 21 16 26 24 15 17]
  [ 0 20 26 29 20  0 26 28 15 20 28 21 24]
  [ 0 27 19 28 27 16  0 17 15 21 25 20 20]
  [ 0 26 18 23 19 23 22  0 19 16 16 27 29]
  [ 0 22 23 24 17 24 24 23  0 18 18 24 25]
  [ 0 24 21 22 18 23 29 25 17  0 25 21 26]
  [ 0 21 24 27 29 24 26 19 26 23  0 15 21]
  [ 0 18 15 16 21 21 19 24 20 27 19  0 16]
  [ 0 29 21 22 28 17 17 26 21 29 24 29  0]]

 [[ 0 19 25 16 27 29 19 17 17 24 17 22 15]
  [ 0  0 26 16 18 17 22 15 29 23 19 28 24]
  [ 0 19  0 22 23 28 15 23 23 17 24 17 26]
  [ 0 20 20  0 29 28 17 25 22 29 24 21 24]
  [ 0 17 23 18  0 18 16 22 22 27 15 21 29]
  [ 0 15 18 24 24  0 29 20 22 27 16 28 21]
  [ 0 17 19 29 18 27  0 29 22 24 23 21 15]
  [ 0 16 28 24 25 22 22  0 18 22 19 18 15]
  [ 0 17 23 27 18 26 21 19  0 27 16 25 22]
  [ 0 21 17 25 20 15 25 21 29  0 16 28 21]
  [ 0 26 15 16 26 27 15 25 23 20  0 22 28]
  [ 0 19 21 20 15 25 18 19 28 18 17  0 27]
  [ 0 22 20 19 25 15 23 26 22 24 23 22  0]]

 [[ 0 23 21 18 17 23 18 21 17 17 21 21 20]
  [ 0  0 23 21 25 26 18 23 26 28 15 24 28]
  [ 0 26  0 23 19 23 18 26 23 24 21 26 20]
  [ 0 22 29  0 28 21 17 27 17 24 24 25 21]
  [ 0 25 25 24  0 20 18 29 29 24 23 23 16]
  [ 0 28 19 29 15  0 23 18 27 24 29 17 25]
  [ 0 17 18 25 15 24  0 29 17 21 19 23 24]
  [ 0 16 28 16 29 15 28  0 15 21 20 15 24]
  [ 0 16 28 26 25 25 26 17  0 28 25 25 29]
  [ 0 21 28 21 15 26 19 21 18  0 22 17 24]
  [ 0 22 17 23 21 29 22 16 28 22  0 24 22]
  [ 0 18 16 20 21 25 20 25 15 27 21  0 25]
  [ 0 29 20 28 26 26 18 21 21 17 25 16  0]]

 [[ 0 25 22 23 18 16 25 19 25 18 25 20 22]
  [ 0  0 15 20 24 25 21 18 26 18 26 20 16]
  [ 0 25  0 24 25 18 26 21 28 16 27 16 17]
  [ 0 18 29  0 18 15 25 27 26 15 27 27 29]
  [ 0 27 29 16  0 18 26 28 17 15 28 21 27]
  [ 0 23 16 15 15  0 19 15 15 26 22 20 29]
  [ 0 20 18 25 29 20  0 23 21 22 26 21 16]
  [ 0 24 21 21 18 24 29  0 19 16 19 18 15]
  [ 0 25 27 22 21 25 15 25  0 15 21 29 28]
  [ 0 23 16 22 29 26 23 29 21  0 15 16 24]
  [ 0 15 26 28 27 23 26 28 26 28  0 23 16]
  [ 0 27 27 19 20 21 19 29 24 25 26  0 20]
  [ 0 29 28 28 18 24 27 29 15 20 28 25  0]]

 [[ 0 25 23 26 19 17 19 21 27 26 28 15 20]
  [ 0  0 19 22 19 20 16 28 25 17 26 27 28]
  [ 0 16  0 28 23 16 16 20 18 23 25 19 17]
  [ 0 25 29  0 20 27 22 20 26 18 26 24 25]
  [ 0 22 22 18  0 22 22 29 24 29 26 28 29]
  [ 0 24 15 21 17  0 22 15 25 21 20 20 29]
  [ 0 17 25 15 27 17  0 22 19 25 21 16 24]
  [ 0 22 18 25 24 20 21  0 23 23 16 25 24]
  [ 0 19 28 18 16 19 20 29  0 19 18 17 15]
  [ 0 25 21 26 24 25 26 15 16  0 20 25 23]
  [ 0 28 18 18 25 24 26 18 16 23  0 22 20]
  [ 0 26 28 20 21 23 22 21 27 23 15  0 23]
  [ 0 27 19 26 23 26 15 26 17 17 19 26  0]]

 [[ 0 20 20 27 29 19 16 23 19 17 29 22 23]
  [ 0  0 19 21 19 19 17 20 18 20 15 16 25]
  [ 0 19  0 26 16 19 27 20 27 25 21 29 21]
  [ 0 21 15  0 25 18 15 22 18 20 22 15 15]
  [ 0 28 19 19  0 29 21 29 16 22 24 27 29]
  [ 0 27 19 25 26  0 24 19 24 24 28 15 15]
  [ 0 16 21 23 24 25  0 19 21 18 29 20 29]
  [ 0 24 20 18 16 20 19  0 18 22 26 21 29]
  [ 0 28 25 21 18 24 20 19  0 28 25 29 18]
  [ 0 20 29 15 24 15 26 15 24  0 21 25 21]
  [ 0 27 20 24 19 18 26 16 21 15  0 28 28]
  [ 0 24 15 25 21 17 18 28 23 17 28  0 23]
  [ 0 25 25 22 17 27 28 23 24 29 19 20  0]]

 [[ 0 18 22 25 25 23 15 27 18 28 21 26 23]
  [ 0  0 22 21 21 29 22 23 22 26 28 23 19]
  [ 0 16  0 17 28 28 24 28 21 25 22 19 15]
  [ 0 27 29  0 24 28 26 19 22 16 21 25 17]
  [ 0 16 15 24  0 16 25 19 29 20 26 27 28]
  [ 0 16 20 22 28  0 25 27 22 20 24 23 24]
  [ 0 18 17 26 24 27  0 28 18 18 17 24 27]
  [ 0 21 22 23 25 24 15  0 15 27 21 23 15]
  [ 0 26 26 25 22 24 17 19  0 29 29 22 23]
  [ 0 17 21 18 27 29 27 21 15  0 26 29 15]
  [ 0 21 19 25 29 20 20 28 16 21  0 15 25]
  [ 0 16 23 27 18 28 19 17 15 22 22  0 27]
  [ 0 19 17 28 27 20 15 18 16 29 28 19  0]]

 [[ 0 29 25 17 23 28 18 29 18 23 29 17 15]
  [ 0  0 23 28 22 20 29 19 23 29 26 28 22]
  [ 0 22  0 28 19 21 18 22 19 23 17 20 18]
  [ 0 23 16  0 27 20 21 18 18 24 16 21 24]
  [ 0 24 19 25  0 19 20 28 29 19 27 16 18]
  [ 0 17 18 23 29  0 15 18 29 16 21 17 20]
  [ 0 29 20 15 16 29  0 21 21 15 16 20 15]
  [ 0 24 17 25 24 19 16  0 25 16 18 22 16]
  [ 0 24 27 28 21 25 21 18  0 23 28 27 21]
  [ 0 19 24 22 21 23 26 23 26  0 17 29 20]
  [ 0 24 27 18 24 25 15 27 22 29  0 26 19]
  [ 0 23 23 28 20 18 27 21 25 20 25  0 26]
  [ 0 15 21 16 28 27 24 24 25 28 27 15  0]]

 [[ 0 16 19 17 15 23 18 28 20 24 15 26 15]
  [ 0  0 22 24 17 22 28 22 26 26 20 23 24]
  [ 0 23  0 25 22 15 27 22 26 18 26 28 29]
  [ 0 28 25  0 23 27 19 27 16 29 16 21 15]
  [ 0 19 29 19  0 26 15 28 29 29 23 26 24]
  [ 0 16 25 20 21  0 18 15 17 26 25 27 29]
  [ 0 19 23 21 29 21  0 27 23 23 22 19 25]
  [ 0 25 22 24 25 27 15  0 24 24 16 17 22]
  [ 0 18 15 15 19 28 18 19  0 20 26 21 24]
  [ 0 18 28 18 21 26 20 19 22  0 19 22 27]
  [ 0 21 22 15 17 22 21 22 26 28  0 29 20]
  [ 0 27 15 15 23 29 21 20 27 28 19  0 24]
  [ 0 27 22 18 15 21 29 28 21 28 22 15  0]]

 [[ 0 19 17 28 16 18 25 15 26 15 21 17 16]
  [ 0  0 23 15 25 21 16 25 23 26 26 22 16]
  [ 0 28  0 29 23 28 19 21 18 20 18 22 17]
  [ 0 15 17  0 18 20 16 16 20 23 18 18 17]
  [ 0 24 21 28  0 23 16 18 23 22 25 24 21]
  [ 0 17 29 19 20  0 22 22 28 21 26 19 22]
  [ 0 29 28 18 17 27  0 28 19 15 26 28 20]
  [ 0 27 21 23 22 28 29  0 19 16 17 17 17]
  [ 0 19 25 19 20 27 25 21  0 20 19 16 21]
  [ 0 21 22 15 27 15 15 19 19  0 22 28 21]
  [ 0 28 27 29 26 29 22 21 18 15  0 26 19]
  [ 0 16 16 28 16 29 26 22 18 21 26  0 17]
  [ 0 28 15 24 28 27 22 23 19 20 23 22  0]]

 [[ 0 15 25 20 27 18 17 26 18 22 24 28 26]
  [ 0  0 23 18 25 26 27 19 18 29 27 18 24]
  [ 0 19  0 15 29 18 25 24 29 20 24 17 18]
  [ 0 16 25  0 26 29 29 18 16 20 17 20 29]
  [ 0 19 29 28  0 29 19 18 17 23 20 16 24]
  [ 0 15 19 20 17  0 20 25 28 21 21 20 27]
  [ 0 24 21 27 28 17  0 21 26 27 21 21 19]
  [ 0 15 24 19 19 16 18  0 17 20 16 29 27]
  [ 0 19 20 19 28 15 22 23  0 20 21 28 17]
  [ 0 29 29 28 23 17 21 16 18  0 15 28 27]
  [ 0 22 22 22 23 24 23 21 24 16  0 25 27]
  [ 0 17 21 20 15 27 22 19 26 25 18  0 18]
  [ 0 19 22 20 24 26 27 24 27 21 15 20  0]]

 [[ 0 18 19 22 18 20 23 28 26 21 16 16 16]
  [ 0  0 22 20 26 18 19 20 26 17 17 15 29]
  [ 0 26  0 17 27 16 26 25 15 19 23 22 27]
  [ 0 29 28  0 15 22 29 25 20 25 22 21 15]
  [ 0 20 23 26  0 22 15 24 24 20 19 16 28]
  [ 0 20 26 20 29  0 23 18 15 18 21 21 25]
  [ 0 17 21 23 22 21  0 19 27 27 16 25 28]
  [ 0 21 18 24 25 29 19  0 18 28 29 18 24]
  [ 0 29 19 20 22 17 24 25  0 16 17 15 18]
  [ 0 24 18 17 16 24 26 28 26  0 24 29 22]
  [ 0 16 25 20 21 17 19 26 21 19  0 28 27]
  [ 0 27 27 25 15 23 22 23 15 21 17  0 24]
  [ 0 22 24 20 24 23 15 24 24 15 18 24  0]]

 [[ 0 16 19 15 16 25 15 25 23 27 22 25 29]
  [ 0  0 19 26 25 22 19 21 20 29 27 15 17]
  [ 0 19  0 19 21 16 26 24 24 17 15 25 25]
  [ 0 15 17  0 22 28 22 26 25 20 18 18 20]
  [ 0 17 24 15  0 16 24 21 26 23 15 19 16]
  [ 0 27 15 17 24  0 17 24 16 24 19 23 22]
  [ 0 25 29 28 26 24  0 29 15 24 16 15 20]
  [ 0 26 29 15 28 24 23  0 16 21 15 24 22]
  [ 0 22 26 21 17 23 22 26  0 22 29 19 28]
  [ 0 28 17 15 17 28 18 21 24  0 16 24 15]
  [ 0 18 21 15 27 25 17 16 26 23  0 22 16]
  [ 0 21 22 28 22 23 20 24 21 18 16  0 25]
  [ 0 18 23 16 23 16 26 16 23 16 26 24  0]]

 [[ 0 15 24 25 29 15 18 29 17 22 17 21 26]
  [ 0  0 17 18 16 17 29 22 26 19 28 25 17]
  [ 0 16  0 21 29 27 17 23 16 22 20 28 20]
  [ 0 28 26  0 25 20 29 21 21 26 24 16 17]
  [ 0 25 20 23  0 24 21 27 19 16 27 19 17]
  [ 0 16 19 22 21  0 21 27 21 29 21 18 27]
  [ 0 17 20 29 21 16  0 28 17 15 25 19 19]
  [ 0 27 29 24 22 22 28  0 25 21 20 16 15]
  [ 0 28 22 20 17 18 15 22  0 23 17 15 18]
  [ 0 23 17 21 26 19 28 25 21  0 20 18 19]
  [ 0 17 22 24 15 25 25 23 25 23  0 19 27]
  [ 0 27 17 27 15 29 21 23 28 29 19  0 15]
  [ 0 16 17 20 21 22 28 22 20 28 19 21  0]]]
 delivery_times
 [[  0 193 153 160 144 146 197 122 157 184 144 185 186 158 105 134 197 143
  159 173 167 138 104 188 190 118 158 119 105 173 109 138 116 140 168 108
  189 193 197 103 125 193 122 182 100 173 157 138 134 140 174 134 101 191
  196 136 101 172 169 180 182 118 126 172 190 196 134 141 157 100 111 153
  140 171 179 154 147 145 165 103 141 147 189 113 143 189 120 178 137 146
  127 185 117 130 141 118 194 126 113 182 155 129 158 135 186 148 180 109
  172 198 105 136 104 107 169 153 143 164 186 149 189 131 197 176 144 187
  100 150 148 145 106 167 133 106 180 137 118 130 127 172 145 185 175 171
  113 197 160 134 196 163 187 181 140 190 137 183 118 163 114 160 115 135
  114 147 164 127 147 132 108 117 165 111 145 153 157 119 189 157 111 177
  168 144 106 147 186 199 186 117 171 148 136 180 107 148 148 170 193 108
  166 195 100 116 170 173 102 181 139 180 193 109 148 123 184 100 101 157
  122 163 127 130 179 107 140 192 175 160 145 164 130 199 139 167 189 137
  113 116 197 151 125 161 131 106 102 125 188 103 175 186 176 161 195 129
  123 134 158 185 178 149 174 189 118 146 198 168 163 130 187 127 167 159
  145 183 190 160 174 196 124 146 127 144 163 198 135 196 149 181 121 150
  181 177 153 147 190 169 122 130 101 152 160 196 141 140 149 188 126 126
  151 109 146 176 117 155 166 196 176 114 120 175 118 151 147]
 [  0 154 145 119 145 180 174 149 125 189 101 146 113 151 123 179 178 182
  115 122 120 194 184 136 110 103 160 134 108 198 155 197 165 115 129 137
  129 142 145 189 179 140 197 121 101 188 150 183 185 180 166 194 191 117
  189 157 131 106 117 197 108 111 140 103 179 140 106 190 179 109 112 187
  198 153 142 112 125 105 181 126 108 155 145 165 194 115 141 136 130 160
  108 175 170 170 143 181 167 162 188 115 177 123 194 172 167 170 156 150
  185 161 111 120 186 115 152 119 191 178 183 157 147 154 140 104 151 151
  157 120 161 151 176 194 130 123 127 108 119 137 118 170 112 142 192 152
  129 104 136 183 115 149 191 130 125 180 136 174 198 181 107 101 166 115
  137 121 158 142 172 184 133 151 190 197 157 118 128 190 152 123 116 189
  151 178 154 138 149 176 133 199 138 139 161 168 168 172 138 128 148 173
  181 110 114 199 183 167 137 122 123 141 142 191 111 149 127 117 101 174
  128 167 166 129 164 167 107 161 143 191 113 166 187 149 188 182 121 185
  176 195 101 199 157 178 116 174 125 100 107 124 147 134 108 179 163 134
  101 119 116 125 143 118 112 152 197 146 108 184 175 102 145 112 140 179
  162 168 140 194 181 145 192 130 107 115 192 186 163 105 175 184 172 181
  134 155 138 103 121 157 141 195 128 163 176 126 169 144 121 114 143 147
  181 157 198 190 198 166 144 191 152 154 104 185 152 128 151]
 [  0 171 185 128 109 102 121 164 192 106 148 100 164 107 156 150 126 190
  190 182 138 126 159 133 122 100 191 142 179 179 184 178 139 197 161 117
  171 132 137 179 189 145 110 119 167 195 169 126 172 116 154 172 152 160
  179 164 149 140 109 132 190 140 123 107 166 197 158 101 126 147 140 194
  158 169 115 101 121 171 100 119 101 100 199 109 142 166 158 154 142 173
  177 120 143 170 183 197 122 189 164 100 143 161 135 129 108 136 191 108
  103 172 151 174 134 136 105 114 138 144 186 196 166 159 180 161 131 156
  186 134 198 162 125 134 119 144 119 186 130 169 168 119 183 157 113 118
  152 153 113 186 128 152 120 191 186 186 159 187 107 133 183 180 190 112
  131 109 116 107 127 105 144 157 106 199 177 132 194 189 146 158 115 127
  178 107 169 168 114 162 161 178 140 172 170 134 118 171 191 164 194 132
  168 107 158 179 163 108 189 156 196 140 160 110 165 190 128 166 132 119
  109 145 158 179 119 189 142 144 121 191 161 136 172 164 194 134 160 139
  142 192 176 125 111 135 110 109 117 114 135 185 129 135 121 172 174 104
  174 114 131 118 122 172 102 184 156 111 130 133 180 167 181 104 115 131
  166 112 176 183 176 170 141 107 141 125 151 106 169 146 115 181 146 190
  123 151 145 184 150 157 106 158 176 138 195 131 178 141 132 131 115 143
  135 102 126 188 128 105 107 125 168 139 113 118 191 140 186]
 [  0 144 132 176 179 127 145 196 184 140 103 172 136 114 134 157 181 190
  104 176 135 192 126 171 187 176 153 100 189 149 172 134 100 142 110 136
  102 123 135 118 198 183 190 193 113 188 133 169 102 132 120 106 110 154
  187 148 117 159 188 139 127 197 116 118 185 109 168 133 107 115 197 183
  139 172 122 160 116 117 116 192 122 143 183 183 136 165 154 103 184 122
  147 125 168 177 193 150 159 165 188 165 183 162 116 163 185 135 193 179
  138 178 170 129 117 108 187 101 134 161 135 144 178 149 116 196 111 152
  166 172 147 182 145 166 166 196 197 145 167 158 118 105 198 188 184 155
  147 179 149 101 165 175 150 152 171 188 153 186 199 128 146 102 101 181
  174 141 131 197 129 145 107 187 186 149 155 105 197 115 113 136 159 171
  145 112 187 187 124 186 179 182 186 126 130 180 172 147 191 193 105 125
  160 134 167 170 104 116 135 194 158 193 160 111 131 127 157 113 154 157
  110 172 190 117 113 160 139 116 160 173 109 112 109 160 126 198 116 110
  132 108 120 183 130 161 109 104 172 140 100 181 192 111 154 147 162 164
  181 141 178 179 167 173 139 190 179 128 136 130 165 180 138 127 144 133
  175 120 152 113 108 193 153 178 101 137 111 164 165 148 144 149 158 147
  145 183 109 180 175 145 190 190 172 141 128 183 137 182 110 106 177 152
  144 135 142 131 115 169 182 138 198 114 132 137 131 199 115]
 [  0 189 139 151 138 156 196 167 185 178 173 124 104 109 186 184 178 197
  133 125 120 183 198 103 167 109 137 156 195 118 100 182 100 159 181 166
  180 139 174 198 151 137 164 114 176 163 168 192 169 152 119 194 150 177
  113 143 192 113 108 161 150 168 182 161 124 122 107 150 198 130 178 141
  177 110 147 116 118 157 161 179 192 196 107 110 145 133 190 194 138 186
  100 186 143 117 125 170 173 114 197 162 102 181 167 163 146 181 193 137
  164 112 121 154 134 195 199 179 123 178 166 154 113 103 168 118 114 138
  136 157 162 172 106 155 189 196 193 180 156 102 112 175 186 183 160 114
  157 141 149 175 183 162 148 132 137 156 174 131 176 100 115 101 118 194
  138 158 153 139 102 182 110 161 124 142 183 142 129 121 182 140 172 136
  144 163 118 106 130 161 173 142 147 124 107 137 139 133 145 141 147 110
  132 115 195 144 112 197 169 137 121 191 152 196 186 180 192 199 136 185
  100 142 177 186 113 161 163 125 116 120 174 158 187 113 193 188 118 136
  124 162 159 144 182 103 111 146 148 142 155 122 149 108 163 167 153 186
  143 196 186 116 182 162 186 170 176 180 144 104 173 122 142 120 112 100
  111 103 197 143 195 187 118 181 106 180 197 146 138 164 160 162 122 167
  191 135 106 141 113 178 175 193 143 105 197 104 135 113 144 199 117 195
  102 109 157 142 116 128 172 196 128 176 132 152 196 158 139]
 [  0 177 110 184 187 164 172 159 146 186 118 144 174 131 192 119 108 154
  193 187 183 124 142 143 129 115 122 195 176 190 134 145 106 129 161 112
  176 163 197 132 173 193 114 143 178 199 151 156 140 174 199 153 149 192
  131 114 145 111 156 190 141 111 146 160 163 101 196 162 125 178 136 105
  101 104 101 125 131 184 162 154 125 107 176 143 171 143 167 153 196 139
  187 136 139 121 172 192 158 196 138 120 141 186 160 195 195 143 155 194
  100 192 154 184 139 176 195 100 142 129 153 146 133 158 132 108 125 148
  111 135 145 173 151 152 147 120 127 156 168 167 113 112 123 118 145 124
  107 156 117 114 152 184 126 111 167 133 168 167 139 156 122 110 184 195
  134 150 148 122 115 160 191 111 127 166 199 108 146 167 166 188 197 164
  169 107 113 153 152 129 187 145 177 162 190 142 138 173 197 168 171 111
  102 162 185 115 132 111 180 162 188 109 148 143 163 154 140 195 103 189
  191 198 164 181 167 182 109 125 173 173 100 193 192 102 111 154 124 182
  186 151 120 179 107 134 141 108 120 172 124 113 180 191 194 137 191 191
  184 138 187 178 119 174 186 134 151 132 157 159 138 127 187 126 127 138
  120 113 125 105 149 199 112 154 169 102 191 131 150 107 162 113 101 145
  110 189 119 183 113 189 123 117 189 124 151 116 194 120 176 164 184 185
  139 176 109 180 105 116 108 191 177 116 183 144 107 117 199]
 [  0 139 171 178 141 110 123 152 144 144 168 151 106 183 171 146 147 132
  132 177 194 196 117 178 169 175 163 153 158 178 170 161 150 179 153 118
  101 171 132 113 175 156 194 143 124 185 151 170 123 192 197 120 184 157
  165 181 132 165 198 151 147 129 141 119 183 139 176 157 115 141 123 154
  169 137 148 177 180 136 189 171 129 105 162 133 179 132 149 139 109 116
  197 187 184 159 144 111 128 119 149 152 187 160 130 138 117 154 172 121
  126 173 132 183 177 162 121 109 163 185 145 117 181 102 121 159 119 170
  128 135 128 165 170 193 176 131 126 159 181 171 122 124 167 175 108 158
  143 143 177 184 175 195 101 136 104 164 101 116 194 133 125 180 174 174
  144 112 166 195 125 126 150 173 172 181 135 164 121 125 197 142 152 194
  131 197 184 178 197 147 183 104 178 175 168 174 151 167 195 170 154 197
  113 125 140 146 119 138 174 146 191 154 197 139 162 125 138 192 141 181
  199 111 149 127 181 104 114 161 197 111 173 156 166 181 171 196 197 147
  146 117 120 160 107 177 173 159 182 181 177 135 103 112 174 142 132 129
  114 129 197 132 152 136 165 174 122 180 117 147 130 153 186 154 120 133
  174 130 147 116 136 171 159 127 123 155 135 158 156 196 102 141 140 124
  163 153 150 193 175 132 150 125 120 180 167 173 132 171 107 183 149 183
  117 119 190 123 118 102 158 179 109 179 149 138 183 141 195]
 [  0 103 186 142 148 169 141 171 142 180 183 156 141 132 129 104 145 132
  188 101 193 182 187 169 158 140 128 120 142 100 195 124 124 112 141 115
  124 119 174 171 193 184 147 109 151 100 141 179 118 109 140 187 189 194
  160 176 199 101 113 153 189 121 183 169 170 184 147 167 125 131 179 100
  178 106 148 159 125 167 166 121 117 167 165 143 153 149 118 102 160 196
  135 158 159 122 160 129 153 106 159 118 117 131 112 144 183 181 165 158
  199 157 172 166 147 126 105 165 195 156 114 197 194 188 101 104 171 127
  170 155 114 146 185 153 195 136 106 156 106 161 174 199 102 189 169 167
  167 194 127 108 186 106 190 142 131 171 155 116 191 173 158 197 115 197
  153 129 199 175 149 165 136 187 164 127 132 141 182 155 158 148 111 129
  198 179 133 168 189 133 150 173 173 116 182 103 139 115 140 127 100 193
  134 106 151 148 131 122 105 191 104 150 193 144 169 184 101 125 103 165
  118 199 188 119 157 106 115 194 153 160 138 168 187 163 153 164 160 146
  146 104 185 185 124 136 105 121 162 126 116 153 135 105 134 162 159 198
  186 139 100 146 195 180 110 113 112 183 152 118 113 104 110 122 151 126
  156 143 175 197 181 116 188 167 118 118 110 168 148 171 120 111 130 116
  130 166 146 185 174 177 194 123 193 188 173 130 190 100 113 119 188 174
  142 122 118 174 185 125 102 125 154 155 129 190 193 143 100]
 [  0 130 140 149 119 183 151 192 135 105 121 128 123 157 185 178 192 122
  151 145 140 141 169 105 118 150 133 113 127 138 150 169 149 111 140 193
  124 143 195 125 141 196 123 147 141 184 112 122 173 159 141 174 121 155
  177 116 110 123 106 184 107 149 109 135 162 124 149 160 159 155 186 157
  113 159 107 199 107 154 199 195 146 105 188 133 116 189 151 120 112 141
  128 128 160 117 108 179 125 142 133 143 155 168 113 133 172 135 143 146
  144 183 115 160 137 142 126 168 119 188 113 160 124 145 134 121 181 179
  197 150 158 154 101 137 163 133 188 148 195 186 112 139 148 104 149 125
  166 132 186 127 107 109 120 166 118 124 189 193 117 127 119 148 170 131
  118 149 143 151 156 112 105 109 187 157 153 166 167 140 192 181 145 191
  174 121 125 195 182 133 164 170 157 154 144 171 152 137 102 188 181 144
  132 193 168 159 145 160 183 164 149 121 137 172 185 133 156 176 104 152
  189 156 151 169 179 191 101 184 156 165 156 112 123 184 134 153 139 126
  198 164 190 184 163 178 146 182 174 182 133 197 189 179 103 181 114 156
  135 166 182 189 100 192 170 197 176 161 162 114 189 181 178 190 195 171
  180 140 170 199 108 119 135 184 137 139 132 158 168 161 148 102 174 168
  122 122 175 162 199 193 137 158 121 111 112 197 173 188 131 144 111 175
  143 193 165 150 176 126 106 149 163 128 151 174 109 190 154]
 [  0 150 199 176 120 145 137 134 108 175 142 180 185 138 143 101 161 128
  120 173 111 103 157 183 159 140 106 147 131 173 169 131 175 125 148 187
  107 100 195 141 118 130 122 120 181 109 132 144 103 101 197 176 129 108
  141 162 105 199 186 138 181 178 103 119 103 121 101 134 189 134 111 198
  108 120 132 136 136 169 171 193 153 155 189 171 190 117 112 151 137 167
  148 123 199 170 195 163 154 112 122 181 125 102 116 118 188 102 182 101
  144 171 114 174 100 108 197 132 193 125 154 146 110 198 128 135 119 199
  130 133 129 164 112 190 195 147 146 164 199 198 166 144 122 115 125 192
  107 177 117 180 125 184 199 193 108 120 165 197 168 181 144 132 115 158
  142 145 110 114 193 108 130 124 159 164 188 157 131 124 169 195 187 126
  149 161 162 109 120 148 142 136 130 100 101 105 153 164 152 130 192 128
  126 158 167 168 165 178 124 101 152 108 156 190 129 164 101 141 132 165
  194 162 186 190 156 149 186 193 192 116 110 105 172 198 141 145 187 117
  148 125 120 179 141 168 107 113 198 190 199 131 173 130 113 132 185 139
  144 171 197 109 184 143 114 143 135 178 197 182 164 100 102 140 173 133
  184 179 168 114 139 117 103 142 138 187 187 171 148 121 135 179 184 113
  124 171 149 109 151 176 106 157 153 135 135 105 136 129 194 117 119 132
  111 136 154 126 174 162 120 170 127 170 117 128 106 196 153]
 [  0 135 133 160 119 150 167 120 161 190 124 134 148 157 126 124 184 187
  134 122 139 191 134 157 166 164 162 196 148 125 167 104 145 133 121 137
  152 188 143 195 179 106 190 139 145 166 188 111 122 155 153 116 169 177
  134 146 113 121 195 185 178 199 155 104 160 111 144 158 111 139 133 122
  198 120 142 123 124 181 135 198 180 170 198 176 102 159 112 108 114 146
  156 186 157 116 145 111 141 172 165 162 127 132 154 182 115 197 188 126
  114 193 199 133 122 154 111 186 155 145 197 171 164 187 164 103 112 169
  177 176 190 179 137 108 166 155 193 163 153 144 179 135 114 187 132 197
  188 156 174 158 169 138 167 100 163 178 199 133 133 109 196 143 165 182
  141 126 115 110 173 163 156 186 117 101 177 142 139 197 124 180 160 197
  128 140 176 118 141 126 146 124 185 117 110 136 112 196 199 101 109 118
  131 110 128 182 131 177 198 117 181 161 174 170 185 186 173 135 176 109
  103 127 180 135 170 101 192 147 100 193 158 143 154 157 194 148 155 117
  161 113 135 157 111 188 172 179 157 111 128 100 150 124 115 171 123 140
  101 122 129 163 189 179 164 140 152 176 107 144 140 187 150 145 154 186
  127 100 110 140 100 139 113 154 149 149 143 174 103 117 160 141 115 165
  139 117 110 118 148 172 172 132 162 104 133 163 104 136 184 174 180 167
  128 130 104 118 135 180 188 179 166 146 150 133 198 131 121]
 [  0 110 126 102 156 127 145 106 100 192 184 139 158 175 102 183 148 121
  181 140 101 155 134 141 161 182 164 161 196 143 180 163 104 190 133 115
  154 125 137 158 179 152 154 191 183 197 147 115 141 144 152 110 144 130
  136 154 119 136 193 162 198 162 167 117 127 137 113 133 131 197 103 180
  179 178 156 108 157 185 134 171 173 176 158 148 149 192 170 163 166 187
  186 185 122 145 174 138 104 126 105 167 135 180 179 116 114 168 192 157
  125 127 141 115 193 160 185 177 145 132 116 182 190 199 198 191 126 158
  174 176 108 139 172 125 188 183 183 121 145 144 131 101 123 144 119 126
  131 129 112 101 151 177 133 133 112 173 108 131 159 178 120 157 165 196
  188 172 163 140 186 195 182 157 181 184 113 170 164 155 188 169 127 149
  141 142 114 148 154 127 161 171 117 174 199 155 110 167 175 189 148 143
  139 137 172 125 176 147 118 106 136 168 122 147 199 187 106 199 102 196
  192 143 174 121 163 143 183 191 105 128 197 188 108 107 110 131 171 119
  120 101 120 198 154 103 118 141 152 120 166 143 114 185 169 136 143 150
  132 183 178 119 114 140 130 164 172 104 139 173 107 133 119 127 192 155
  191 159 196 144 135 103 160 125 129 193 186 149 168 152 196 115 150 133
  191 156 108 119 180 159 119 102 118 192 100 104 182 127 146 116 153 146
  154 193 164 151 152 159 174 195 131 173 116 133 172 106 105]
 [  0 190 125 151 145 135 108 186 188 153 120 171 163 142 147 171 176 105
  109 131 165 161 116 124 138 106 167 123 142 162 145 180 193 192 158 170
  187 101 144 178 161 125 122 177 135 153 125 178 101 155 129 131 115 198
  130 123 115 182 197 131 121 158 194 158 193 140 188 181 155 129 151 142
  192 170 169 168 132 121 145 178 181 145 114 181 183 196 107 193 167 134
  181 120 184 187 135 189 150 128 157 167 163 103 176 199 102 179 137 120
  120 166 182 152 122 170 184 166 150 149 147 125 171 104 155 198 113 192
  113 148 158 107 103 106 100 186 180 192 193 187 189 111 163 190 186 174
  115 140 139 132 192 150 109 153 108 120 165 185 197 147 137 155 127 102
  112 144 109 126 193 115 184 133 103 194 177 104 139 195 180 109 188 130
  139 116 117 157 134 172 150 176 148 141 108 187 156 192 199 109 150 169
  132 185 169 136 140 137 107 148 119 197 127 162 196 119 125 176 156 175
  131 189 144 189 118 135 113 194 109 191 154 117 177 125 102 152 195 136
  118 145 134 125 158 132 161 118 175 144 109 179 151 186 117 101 179 126
  132 192 168 105 117 178 170 155 147 193 135 120 135 195 133 173 157 145
  134 179 101 136 178 179 176 159 114 122 143 187 190 109 176 170 190 142
  178 137 138 199 142 170 152 131 121 197 127 177 104 180 107 186 120 117
  175 130 130 138 147 118 142 113 167 140 149 112 156 195 103]
 [  0 142 124 111 186 139 126 139 100 128 188 169 192 157 114 105 176 147
  132 159 108 158 197 136 140 146 167 106 141 186 145 176 143 169 148 148
  178 119 127 106 182 120 193 169 193 168 133 163 168 182 118 191 131 162
  133 143 163 127 160 110 135 171 119 156 142 127 189 152 144 103 119 132
  119 188 136 149 175 100 137 108 148 160 128 173 141 116 160 182 106 169
  107 178 139 166 123 117 189 154 148 184 105 120 129 106 158 143 192 100
  170 146 108 106 118 103 103 125 161 104 123 165 127 126 129 164 150 184
  131 152 179 127 175 180 112 124 142 120 105 105 192 101 128 146 151 113
  118 110 193 151 112 101 137 102 155 105 166 172 117 129 117 116 114 198
  106 171 109 123 140 152 154 105 165 186 132 156 119 119 138 148 173 168
  136 128 118 149 159 162 146 150 135 175 104 129 141 100 174 168 196 116
  158 192 195 163 145 114 146 157 132 116 185 178 191 147 145 115 113 173
  189 137 136 151 175 153 137 181 126 161 184 143 185 118 199 105 113 129
  179 148 117 161 138 107 124 100 167 143 119 108 129 156 102 144 158 182
  173 147 188 194 198 157 151 110 146 117 167 134 198 174 175 196 170 195
  111 160 171 117 146 159 151 131 142 154 155 189 118 117 174 178 142 145
  130 161 139 132 168 104 164 175 143 111 101 135 199 127 176 165 183 191
  192 181 171 158 170 111 181 172 131 157 129 196 149 129 163]
 [  0 138 120 120 140 182 153 196 143 114 120 130 194 191 143 178 164 160
  193 162 186 164 147 142 104 189 130 148 105 107 134 137 117 106 135 180
  101 131 123 158 143 141 188 119 127 138 190 117 123 104 101 128 184 198
  113 154 171 140 131 119 183 165 173 110 135 168 131 154 163 155 151 176
  120 106 145 167 192 117 185 164 143 183 134 120 154 197 164 155 185 103
  185 122 167 165 154 157 165 189 109 123 173 101 173 182 174 147 163 156
  185 142 125 189 173 106 116 186 176 149 162 171 145 170 137 143 171 125
  177 123 126 118 178 119 135 135 156 132 115 176 101 178 153 197 140 126
  149 193 105 178 169 143 195 152 106 108 102 106 134 160 112 134 149 112
  129 154 169 158 144 155 130 191 198 180 154 128 167 145 182 121 182 161
  138 145 133 107 122 154 134 149 184 122 194 184 122 103 133 195 185 151
  140 136 126 156 140 144 115 139 159 117 170 195 194 198 149 199 147 126
  107 116 177 160 102 109 119 183 128 138 160 166 197 151 173 131 100 173
  190 133 196 104 105 189 138 190 164 111 144 121 193 197 146 196 188 174
  147 131 104 117 171 181 128 174 160 190 184 153 163 131 109 133 168 196
  109 130 185 141 181 108 172 191 151 193 156 146 152 141 109 182 135 133
  108 118 195 112 181 129 156 120 116 189 196 105 132 194 128 172 183 117
  120 185 121 183 199 158 160 173 148 120 180 124 150 133 168]
 [  0 103 185 123 163 194 119 180 145 129 102 172 185 196 117 107 198 107
  161 143 148 151 197 183 132 161 129 112 194 143 193 142 168 191 111 132
  199 153 118 115 158 117 177 126 161 161 105 136 127 138 126 192 120 136
  125 148 194 116 194 151 193 167 118 194 136 188 118 159 111 132 157 145
  117 157 134 182 193 195 187 111 139 114 155 118 197 193 125 132 108 104
  118 139 129 177 145 175 138 115 116 123 119 189 164 101 185 169 174 135
  141 156 123 159 120 141 112 109 145 190 138 148 168 193 171 101 157 111
  185 116 171 140 186 186 135 144 174 104 147 132 174 126 103 104 161 100
  154 110 172 192 123 129 120 152 190 131 103 117 179 145 149 129 193 172
  188 172 188 174 122 135 124 192 176 152 199 141 126 195 153 130 114 151
  123 104 163 120 139 121 175 169 157 140 177 164 167 116 148 112 128 180
  178 108 159 122 193 146 116 146 130 146 161 109 189 173 122 117 199 155
  126 161 100 105 135 164 151 121 174 162 132 188 147 195 160 124 122 192
  189 179 106 144 149 156 168 105 115 100 171 144 141 101 150 112 164 130
  177 198 189 105 136 163 120 155 160 181 172 181 191 123 178 170 191 119
  185 150 139 120 105 195 176 150 152 158 138 107 159 182 115 195 112 107
  146 108 169 166 173 105 134 166 120 194 197 128 145 126 107 187 185 110
  191 187 162 172 194 173 138 157 153 192 170 158 199 174 188]
 [  0 172 121 194 106 112 123 177 145 197 149 115 184 110 122 190 160 102
  106 126 187 105 108 182 173 164 120 191 113 114 117 126 187 157 120 161
  156 102 113 179 110 189 173 180 118 158 142 133 114 150 100 123 129 169
  108 137 130 183 195 114 109 138 188 114 137 161 137 124 152 111 187 134
  141 166 123 174 122 171 142 140 192 126 111 180 194 102 135 106 133 170
  106 148 141 162 168 159 108 168 134 193 183 167 166 147 196 136 198 120
  107 172 192 157 100 124 184 195 171 133 139 104 160 116 132 118 166 146
  126 136 179 189 188 180 132 106 133 193 135 179 176 170 114 187 156 107
  170 105 198 135 145 125 186 145 175 107 115 189 156 155 192 133 139 157
  135 182 162 174 180 180 156 177 194 102 173 156 113 160 139 107 115 133
  171 198 166 103 111 155 127 155 118 163 156 176 147 106 157 151 186 159
  101 153 192 114 135 157 179 162 185 163 101 146 123 134 117 132 188 146
  174 130 106 130 164 161 189 146 115 113 181 156 139 170 163 189 193 100
  118 188 182 123 124 161 124 139 182 158 102 169 135 191 107 175 172 132
  103 112 120 111 181 103 143 100 194 122 116 129 162 156 180 159 137 132
  122 158 113 174 196 157 193 144 117 144 179 198 178 129 123 172 154 132
  106 153 170 143 112 191 172 162 147 155 119 168 188 103 194 145 159 161
  121 150 114 119 115 134 152 105 197 125 135 100 188 137 188]
 [  0 115 147 101 142 122 129 119 102 173 143 147 153 199 165 125 163 124
  144 169 166 168 150 131 187 173 125 157 179 136 162 170 131 188 163 175
  112 195 160 140 177 130 114 109 134 109 169 141 180 149 154 109 167 171
  112 186 109 148 143 110 166 155 152 197 112 199 147 166 195 186 176 137
  156 143 154 183 165 129 122 150 198 190 162 109 166 132 142 125 136 168
  120 159 192 130 143 136 118 181 162 173 141 123 106 172 160 116 123 132
  108 105 115 190 100 107 132 136 186 197 133 148 138 158 175 124 108 176
  181 186 138 119 162 145 129 156 184 126 102 123 135 145 113 114 164 113
  155 195 187 164 136 115 136 175 162 178 165 178 156 112 190 191 120 103
  199 145 121 197 138 135 195 154 103 100 161 144 168 110 168 161 171 189
  144 176 192 166 165 139 163 100 196 177 113 111 148 183 137 101 128 139
  119 112 193 118 168 143 151 199 139 112 146 185 198 147 188 107 192 190
  183 143 172 118 126 186 182 199 194 150 188 188 185 102 153 136 165 187
  157 115 124 185 108 107 128 104 112 150 106 191 152 139 177 191 125 119
  118 137 188 132 147 100 166 199 125 168 156 102 141 118 176 184 171 138
  145 142 192 102 156 107 158 157 172 148 142 139 109 153 166 177 106 112
  149 181 190 116 161 114 155 189 131 186 178 124 170 128 102 184 133 179
  175 135 114 172 105 195 110 140 110 139 171 184 116 155 157]
 [  0 190 105 120 140 155 180 139 181 135 161 155 135 192 188 126 121 106
  138 166 151 112 196 177 188 198 170 123 143 197 133 128 104 193 142 148
  146 182 103 136 116 127 187 144 130 169 137 152 197 164 145 129 174 194
  186 189 118 171 184 121 113 193 189 106 108 132 163 102 101 167 194 136
  167 193 171 189 172 147 111 151 196 140 180 140 174 176 171 101 187 142
  194 144 175 139 111 141 146 129 188 135 179 185 190 183 130 102 193 143
  142 103 111 117 188 102 111 103 118 189 177 148 106 176 149 121 125 180
  102 151 192 103 153 159 105 141 131 198 115 117 133 137 149 104 105 181
  174 179 196 162 112 151 151 121 105 168 153 149 117 193 173 128 103 119
  168 129 116 147 158 192 158 163 115 145 174 102 181 124 193 126 126 139
  182 129 119 102 190 127 109 162 197 116 153 186 193 181 190 121 178 196
  160 177 134 136 114 122 135 148 129 165 107 102 182 190 141 131 162 174
  164 188 157 131 189 103 185 176 108 199 182 185 187 139 126 172 121 173
  192 173 147 162 198 138 148 101 150 117 193 126 118 133 168 177 172 102
  181 183 150 163 187 143 126 176 115 184 109 148 154 108 122 142 103 159
  153 185 147 171 196 124 199 177 122 191 112 122 156 146 133 121 186 189
  121 135 143 180 104 131 139 116 112 127 154 130 145 116 104 134 145 151
  104 109 113 181 129 144 172 164 139 164 142 148 141 185 125]
 [  0 121 111 169 154 138 118 109 173 139 114 194 102 185 148 171 140 108
  174 134 141 133 148 134 104 128 118 179 181 144 162 123 154 135 124 104
  114 166 167 134 198 154 187 155 167 123 138 174 120 166 160 108 124 160
  180 155 180 137 192 166 147 101 142 120 190 138 108 113 107 101 162 183
  154 184 178 182 104 122 178 121 112 165 141 141 157 103 161 195 161 183
  167 134 157 156 127 142 188 125 187 189 154 196 110 191 163 169 196 164
  187 122 195 107 168 196 149 109 187 193 147 123 171 177 195 140 140 128
  137 149 113 166 145 141 153 159 105 166 182 157 198 186 194 145 174 102
  157 161 119 123 175 183 164 171 114 151 106 121 166 136 137 145 160 193
  197 140 195 155 176 111 120 172 151 186 160 197 137 162 167 127 142 103
  136 135 105 162 138 181 177 131 171 197 163 121 121 128 186 152 112 194
  178 132 184 156 193 191 165 117 124 124 114 133 126 141 199 158 137 109
  118 158 199 145 106 163 186 102 166 190 179 165 167 174 149 190 137 171
  165 195 195 190 108 190 103 103 126 187 196 108 169 132 168 105 120 113
  164 114 117 174 123 160 189 148 159 192 167 130 139 122 111 143 179 113
  114 145 169 165 110 107 114 192 161 132 194 164 181 167 149 156 196 117
  152 179 124 192 129 103 112 124 111 191 140 110 142 187 128 131 121 184
  185 124 183 189 179 101 193 191 146 148 137 189 102 172 131]]
 job2fam
 [[1 0 0 0 0 0 0 0 0 0 0 0 0 0 0 0 0 0 0 0 0 0 0 0 0 0 0 0 0 0 0 0 0 0 0 0
  0 0 0 0 0 0 0 0 0 0 0 0 0 0 0 0 0 0 0 0 0 0 0 0 0 0 0 0 0 0 0 0 0 0 0 0
  0 0 0 0 0 0 0 0 0 0 0 0 0 0 0 0 0 0 0 0 0 0 0 0 0 0 0 0 0 0 0 0 0 0 0 0
  0 0 0 0 0 0 0 0 0 0 0 0 0 0 0 0 0 0 0 0 0 0 0 0 0 0 0 0 0 0 0 0 0 0 0 0
  0 0 0 0 0 0 0 0 0 0 0 0 0 0 0 0 0 0 0 0 0 0 0 0 0 0 0 0 0 0 0 0 0 0 0 0
  0 0 0 0 0 0 0 0 0 0 0 0 0 0 0 0 0 0 0 0 0 0 0 0 0 0 0 0 0 0 0 0 0 0 0 0
  0 0 0 0 0 0 0 0 0 0 0 0 0 0 0 0 0 0 0 0 0 0 0 0 0 0 0 0 0 0 0 0 0 0 0 0
  0 0 0 0 0 0 0 0 0 0 0 0 0 0 0 0 0 0 0 0 0 0 0 0 0 0 0 0 0 0 0 0 0 0 0 0
  0 0 0 0 0 0 0 0 0 0 0 0 0 0 0 0 0 0 0 0 0 0 0 0 0 0 0 0 0 0 0 0 0]
 [0 0 0 0 0 0 1 0 0 0 0 0 0 0 0 0 1 1 0 0 0 0 0 0 0 0 0 0 0 1 0 0 0 0 0 0
  0 1 1 0 0 0 0 0 0 0 0 0 0 0 0 0 0 0 0 0 0 0 0 0 0 0 0 0 0 0 0 0 0 0 0 0
  0 0 0 1 0 0 0 0 0 0 0 0 0 0 0 0 0 0 0 0 0 0 0 0 0 1 0 0 0 0 0 0 0 0 0 0
  0 0 0 0 0 0 0 0 0 0 0 0 0 0 0 0 0 0 0 0 0 0 0 0 0 0 0 1 0 1 0 0 0 1 0 0
  0 0 0 0 0 1 0 0 0 0 0 0 0 0 0 0 0 0 0 0 1 0 0 0 0 0 0 0 0 0 0 0 0 0 0 0
  0 0 0 1 0 0 0 0 0 0 0 0 0 0 0 0 0 0 0 0 1 0 0 0 0 0 0 0 0 0 0 1 0 0 0 0
  0 0 0 0 0 0 0 0 0 0 0 0 0 0 0 0 0 0 0 0 0 0 0 0 0 0 1 0 0 0 0 1 0 0 0 0
  0 0 0 0 0 0 0 0 0 0 0 0 1 0 1 0 0 0 0 0 0 0 0 1 0 0 0 1 0 0 0 0 0 0 0 0
  0 0 0 0 1 0 0 0 0 0 0 0 0 0 1 0 0 0 0 0 0 0 0 0 0 0 0 1 0 0 0 0 0]
 [0 0 0 0 0 0 0 0 0 0 0 0 1 1 0 0 0 0 0 0 0 0 0 0 0 0 0 1 0 0 0 0 1 1 0 0
  0 0 0 1 0 1 0 0 0 0 0 1 0 0 0 0 0 0 0 0 0 0 0 0 0 0 0 0 0 0 0 1 1 0 0 0
  0 0 0 0 0 0 0 0 0 0 0 1 0 0 0 0 0 1 0 0 0 0 0 0 0 0 0 0 0 0 0 0 0 0 0 0
  0 0 0 0 0 0 0 0 1 0 0 0 0 0 0 0 0 0 0 0 0 0 0 0 0 0 0 0 0 0 0 0 0 0 0 0
  0 0 0 0 0 0 0 0 0 0 0 0 0 0 0 0 0 0 0 0 0 0 0 0 0 0 0 0 0 0 1 0 0 1 0 1
  0 0 0 0 0 0 0 1 0 0 0 1 1 0 0 0 0 0 1 0 0 0 0 0 0 0 0 0 0 0 0 0 0 0 0 0
  1 0 0 0 0 0 0 0 0 0 0 0 0 0 0 0 0 0 0 0 0 0 0 0 1 0 0 0 1 0 1 0 1 0 0 0
  0 0 0 0 0 0 0 0 0 0 1 0 0 0 0 0 0 0 0 0 0 0 0 0 0 0 0 0 0 0 0 1 0 1 0 0
  0 0 0 0 0 0 0 0 0 0 0 0 0 0 0 0 1 0 1 0 0 0 0 0 0 0 0 0 0 0 0 0 0]
 [0 0 0 0 0 0 0 0 0 0 0 0 0 0 0 0 0 0 0 0 1 0 0 0 0 0 0 0 0 0 0 0 0 0 0 0
  0 0 0 0 1 0 0 0 0 0 0 0 0 0 0 0 0 0 0 0 0 0 0 0 0 0 1 0 0 0 1 0 0 0 0 0
  0 0 1 0 0 1 0 0 0 0 1 0 0 0 0 0 0 0 0 1 0 1 0 0 0 0 0 1 0 0 0 0 0 0 0 1
  0 0 0 0 0 1 0 0 0 0 0 0 0 0 0 0 0 0 0 0 0 0 1 0 0 0 1 0 0 0 0 0 0 0 0 0
  0 0 0 0 0 0 0 0 0 0 0 0 0 0 0 0 0 0 0 0 0 1 0 0 0 0 0 0 0 0 0 0 0 0 0 0
  0 0 0 0 0 0 0 0 0 0 0 0 0 0 0 0 1 0 0 0 0 0 0 0 0 0 1 0 0 0 1 0 1 0 0 0
  0 0 0 0 0 1 0 0 0 0 0 0 0 1 0 1 0 1 0 0 0 0 1 0 0 0 0 0 0 0 0 0 0 1 0 0
  0 0 0 0 0 0 0 0 0 1 0 0 0 0 0 0 0 0 1 0 0 0 0 0 0 0 0 0 0 0 0 0 0 0 0 0
  1 0 0 0 0 0 0 0 0 0 0 0 0 0 0 0 0 0 0 1 0 0 0 0 0 0 0 0 0 0 0 0 0]
 [0 0 0 0 0 0 0 0 0 0 0 0 0 0 0 0 0 0 0 0 0 0 0 0 0 0 0 0 0 0 0 0 0 0 0 0
  0 0 0 0 0 0 0 0 0 0 0 0 0 0 1 1 0 0 1 0 0 1 0 0 0 1 0 0 0 0 0 0 0 0 1 0
  0 0 0 0 0 0 0 0 0 0 0 0 0 0 0 0 0 0 0 0 0 0 0 0 0 0 0 0 0 0 0 0 0 0 0 0
  0 0 0 0 0 0 0 0 0 0 1 0 0 0 0 0 0 0 0 0 0 0 0 1 0 0 0 0 0 0 0 0 0 0 0 0
  0 0 1 0 1 0 0 0 0 0 1 0 0 0 0 0 0 0 0 0 0 0 0 0 1 0 0 0 0 0 0 0 0 0 0 0
  0 0 0 0 0 0 0 0 0 0 0 0 0 0 1 0 0 0 0 0 0 1 0 1 0 0 0 0 0 0 0 0 0 0 0 0
  0 0 0 0 0 0 1 0 0 0 1 0 1 0 0 0 1 0 0 0 1 0 0 0 0 0 0 1 0 0 0 0 0 0 0 0
  0 0 1 0 0 0 0 0 0 0 0 0 0 0 0 0 0 0 0 0 0 0 1 0 0 0 1 0 0 0 0 0 0 0 1 0
  0 0 0 0 0 0 0 0 0 0 0 0 0 0 0 1 0 0 0 0 1 0 0 0 0 0 1 0 0 0 0 0 0]
 [0 0 1 0 0 0 0 0 0 0 0 0 0 0 1 0 0 0 0 0 0 0 0 0 0 0 0 0 0 0 0 0 0 0 0 0
  0 0 0 0 0 0 1 1 0 0 0 0 0 0 0 0 0 1 0 0 0 0 0 0 0 0 0 0 0 0 0 0 0 0 0 0
  0 0 0 0 0 0 0 0 0 0 0 0 0 0 0 0 0 0 0 0 0 0 0 0 1 0 0 0 1 0 0 0 1 0 0 0
  0 0 0 0 0 0 1 0 0 1 0 0 0 0 0 0 0 0 0 0 0 1 0 0 0 0 0 0 0 0 1 1 0 0 0 0
  0 0 0 0 0 0 0 0 0 0 0 0 0 0 0 0 0 0 0 0 0 0 0 0 0 1 0 0 0 0 0 0 0 0 0 0
  0 0 0 0 0 0 0 0 0 0 0 0 0 0 0 0 0 0 0 0 0 0 0 0 0 0 0 0 0 0 0 0 0 0 0 0
  0 0 0 0 0 0 0 0 0 0 0 0 0 0 0 0 0 0 0 1 0 1 0 0 0 0 0 0 0 0 0 0 0 0 0 0
  1 0 0 0 0 0 0 0 1 0 0 0 0 0 0 0 0 0 0 0 0 0 0 0 0 1 0 0 0 1 0 0 0 0 0 1
  0 0 0 0 0 0 0 1 0 0 0 0 1 0 0 0 0 0 0 0 0 0 0 0 0 0 0 0 0 0 0 0 0]
 [0 0 0 0 1 0 0 0 0 0 0 0 0 0 0 0 0 0 0 0 0 0 0 1 0 0 1 0 0 0 0 0 0 0 0 0
  0 0 0 0 0 0 0 0 0 0 0 0 0 0 0 0 0 0 0 1 0 0 0 0 0 0 0 0 0 1 0 0 0 0 0 0
  1 0 0 0 0 0 0 0 1 0 0 0 0 0 0 0 0 0 0 0 0 0 0 0 0 0 1 0 0 0 1 0 0 0 0 0
  0 0 1 0 0 0 0 0 0 0 0 1 1 0 0 1 0 0 0 1 0 0 0 0 0 0 0 0 0 0 0 0 0 0 0 0
  1 0 0 0 0 0 0 1 0 0 0 0 0 0 1 0 0 0 0 0 0 0 0 0 0 0 0 0 0 0 0 0 0 0 0 0
  1 1 0 0 0 0 0 0 0 1 0 0 0 0 0 0 0 0 0 0 0 0 1 0 0 0 0 1 1 0 0 0 0 0 0 0
  0 0 0 1 1 0 0 0 0 0 0 0 0 0 0 0 0 0 0 0 0 0 0 0 0 0 0 0 0 0 0 0 0 0 0 0
  0 0 0 1 0 0 0 0 0 0 0 1 0 0 0 0 0 0 0 1 0 0 0 0 0 0 0 0 0 0 1 0 1 0 0 0
  0 0 0 1 0 0 0 0 0 1 0 0 0 1 0 0 0 0 0 0 0 0 0 0 0 0 0 0 0 0 1 0 0]
 [0 0 0 1 0 0 0 0 0 1 0 1 0 0 0 1 0 0 0 0 0 0 0 0 0 0 0 0 0 0 1 0 0 0 1 0
  0 0 0 0 0 0 0 0 0 0 0 0 0 1 0 0 0 0 0 0 1 0 0 0 0 0 0 0 0 0 0 0 0 0 0 0
  0 0 0 0 0 0 0 1 0 0 0 0 0 0 0 0 0 0 0 0 0 0 0 1 0 0 0 0 0 1 0 0 0 0 1 0
  0 0 0 0 0 0 0 0 0 0 0 0 0 0 0 0 1 0 1 0 0 0 0 0 0 0 0 0 0 0 0 0 0 0 0 0
  0 0 0 0 0 0 0 0 0 0 0 1 0 0 0 1 1 1 0 0 0 0 0 0 0 0 0 0 0 0 0 0 0 0 0 0
  0 0 1 0 0 0 0 0 0 0 0 0 0 0 0 0 0 1 0 0 0 0 0 0 1 0 0 0 0 0 0 0 0 0 0 0
  0 0 0 0 0 0 0 0 0 0 0 0 0 0 0 0 0 0 1 0 0 0 0 0 0 0 0 0 0 0 0 0 0 0 0 0
  0 0 0 0 0 0 0 0 0 0 0 0 0 1 0 0 0 1 0 0 1 0 0 0 0 0 0 0 0 0 0 0 0 0 0 0
  0 0 0 0 0 0 0 0 0 0 0 0 0 0 0 0 0 0 0 0 0 0 0 0 0 0 0 0 0 0 0 0 1]
 [0 0 0 0 0 0 0 0 0 0 0 0 0 0 0 0 0 0 0 0 0 0 0 0 0 1 0 0 0 0 0 0 0 0 0 0
  1 0 0 0 0 0 0 0 0 0 0 0 0 0 0 0 0 0 0 0 0 0 0 0 0 0 0 0 1 0 0 0 0 0 0 1
  0 0 0 0 0 0 0 0 0 0 0 0 1 0 0 0 0 0 0 0 1 0 0 0 0 0 0 0 0 0 0 0 0 0 0 0
  1 0 0 0 0 0 0 0 0 0 0 0 0 1 0 0 0 1 0 0 1 0 0 0 0 0 0 0 0 0 0 0 0 0 0 0
  0 0 0 0 0 0 0 0 0 1 0 0 0 0 0 0 0 0 0 0 0 0 0 0 0 0 0 0 1 0 0 0 0 0 1 0
  0 0 0 0 0 0 1 0 0 0 0 0 0 0 0 0 0 0 0 1 0 0 0 0 0 0 0 0 0 0 0 0 0 0 0 0
  0 0 0 0 0 0 0 0 0 0 0 0 0 0 1 0 0 0 0 0 0 0 0 0 0 0 0 0 0 0 0 0 0 0 1 0
  0 0 0 0 0 0 0 1 0 0 0 0 0 0 0 0 0 0 0 0 0 0 0 0 0 0 0 0 0 0 0 0 0 0 0 0
  0 0 0 0 0 0 1 0 0 0 0 1 0 0 0 0 0 0 0 0 0 0 0 1 1 0 0 0 0 1 0 0 0]
 [0 0 0 0 0 0 0 0 1 0 1 0 0 0 0 0 0 0 0 1 0 0 0 0 0 0 0 0 0 0 0 0 0 0 0 0
  0 0 0 0 0 0 0 0 1 1 0 0 0 0 0 0 1 0 0 0 0 0 0 0 0 0 0 0 0 0 0 0 0 1 0 0
  0 1 0 0 0 0 0 0 0 0 0 0 0 1 0 1 0 0 1 0 0 0 0 0 0 0 0 0 0 0 0 0 0 0 0 0
  0 0 0 0 1 0 0 0 0 0 0 0 0 0 1 0 0 0 0 0 0 0 0 0 0 0 0 0 0 0 0 0 0 0 0 0
  0 0 0 0 0 0 0 0 0 0 0 0 1 0 0 0 0 0 0 0 0 0 0 0 0 0 1 1 0 0 0 0 1 0 0 0
  0 0 0 0 0 0 0 0 0 0 0 0 0 1 0 1 0 0 0 0 0 0 0 0 0 0 0 0 0 0 0 0 0 0 0 0
  0 0 0 0 0 0 0 0 0 1 0 0 0 0 0 0 0 0 0 0 0 0 0 1 0 0 0 0 0 0 0 0 0 0 0 1
  0 0 0 0 0 0 1 0 0 0 0 0 0 0 0 1 0 0 0 0 0 0 0 0 0 0 0 0 0 0 0 0 0 0 0 0
  0 0 0 0 0 1 0 0 0 0 0 0 0 0 0 0 0 1 0 0 0 0 0 0 0 1 0 0 1 0 0 0 0]
 [0 0 0 0 0 0 0 0 0 0 0 0 0 0 0 0 0 0 1 0 0 1 1 0 0 0 0 0 0 0 0 1 0 0 0 1
  0 0 0 0 0 0 0 0 0 0 0 0 1 0 0 0 0 0 0 0 0 0 1 1 1 0 0 0 0 0 0 0 0 0 0 0
  0 0 0 0 0 0 0 0 0 0 0 0 0 0 0 0 0 0 0 0 0 0 0 0 0 0 0 0 0 0 0 1 0 1 0 0
  0 0 0 0 0 0 0 0 0 0 0 0 0 0 0 0 0 0 0 0 0 0 0 0 1 0 0 0 0 0 0 0 0 0 1 1
  0 1 0 1 0 0 0 0 0 0 0 0 0 0 0 0 0 0 0 0 0 0 1 1 0 0 0 0 0 0 0 1 0 0 0 0
  0 0 0 0 1 1 0 0 1 0 0 0 0 0 0 0 0 0 0 0 0 0 0 0 0 0 0 0 0 0 0 0 0 0 1 0
  0 0 0 0 0 0 0 0 1 0 0 0 0 0 0 0 0 0 0 0 0 0 0 0 0 1 0 0 0 1 0 0 0 0 0 0
  0 0 0 0 0 0 0 0 0 0 0 0 0 0 0 0 0 0 0 0 0 0 0 0 0 0 0 0 0 0 0 0 0 0 0 0
  0 0 0 0 0 0 0 0 1 0 0 0 0 0 0 0 0 0 0 0 0 1 0 0 0 0 0 0 0 0 0 0 0]
 [0 1 0 0 0 0 0 0 0 0 0 0 0 0 0 0 0 0 0 0 0 0 0 0 0 0 0 0 1 0 0 0 0 0 0 0
  0 0 0 0 0 0 0 0 0 0 1 0 0 0 0 0 0 0 0 0 0 0 0 0 0 0 0 1 0 0 0 0 0 0 0 0
  0 0 0 0 1 0 0 0 0 1 0 0 0 0 1 0 0 0 0 0 0 0 1 0 0 0 0 0 0 0 0 0 0 0 0 0
  0 1 0 1 0 0 0 1 0 0 0 0 0 0 0 0 0 0 0 0 0 0 0 0 0 1 0 0 0 0 0 0 0 0 0 0
  0 0 0 0 0 0 1 0 0 0 0 0 0 1 0 0 0 0 0 0 0 0 0 0 0 0 0 0 0 0 0 0 0 0 0 0
  0 0 0 0 0 0 0 0 0 0 0 0 0 0 0 0 0 0 0 0 0 0 0 0 0 1 0 0 0 1 0 0 0 1 0 1
  0 0 1 0 0 0 0 1 0 0 0 1 0 0 0 0 0 0 0 0 0 0 0 0 0 0 0 0 0 0 0 0 0 0 0 0
  0 0 0 0 1 1 0 0 0 0 0 0 0 0 0 0 0 0 0 0 0 0 0 0 1 0 0 0 1 0 0 0 0 0 0 0
  0 0 0 0 0 0 0 0 0 0 0 0 0 0 0 0 0 0 0 0 0 0 0 0 0 0 0 0 0 0 0 1 0]
 [0 0 0 0 0 1 0 1 0 0 0 0 0 0 0 0 0 0 0 0 0 0 0 0 1 0 0 0 0 0 0 0 0 0 0 0
  0 0 0 0 0 0 0 0 0 0 0 0 0 0 0 0 0 0 0 0 0 0 0 0 0 0 0 0 0 0 0 0 0 0 0 0
  0 0 0 0 0 0 1 0 0 0 0 0 0 0 0 0 1 0 0 0 0 0 0 0 0 0 0 0 0 0 0 0 0 0 0 0
  0 0 0 0 0 0 0 0 0 0 0 0 0 0 0 0 0 0 0 0 0 0 0 0 0 0 0 0 1 0 0 0 1 0 0 0
  0 0 0 0 0 0 0 0 1 0 0 0 0 0 0 0 0 0 1 1 0 0 0 0 0 0 0 0 0 1 0 0 0 0 0 0
  0 0 0 0 0 0 0 0 0 0 1 0 0 0 0 0 0 0 0 0 0 0 0 0 0 0 0 0 0 0 0 0 0 0 0 0
  0 1 0 0 0 0 0 0 0 0 0 0 0 0 0 0 0 0 0 0 0 0 0 0 0 0 0 0 0 0 0 0 0 0 0 0
  0 1 0 0 0 0 0 0 0 0 0 0 0 0 0 0 1 0 0 0 0 1 0 0 0 0 0 0 0 0 0 0 0 0 0 0
  0 1 1 0 0 0 0 0 0 0 1 0 0 0 0 0 0 0 0 0 0 0 1 0 0 0 0 0 0 0 0 0 0]]
