params：
 weight-->(1, 10)
 proc_times-->(1, 100)
 setup_times-->(30, 60)
 delivery_times-->(170, 200)
 job_rate-->7.5

start:
alpha_1
7.5
 alpha_2
1.0
 mach
2
 job
15
 fam
5
 weigh
 [[0 9 6 5 1 4 5 9 2 7 8 5 4 6 3 3]]
 proc_times
 [[ 0  6 77 88 82 90 47  6 55  8 34 95 51 66 28 79]
 [ 0 77  2 51 67 52 75 65 88 28 69 79 80 79 90 68]]
 setup_times
 [[[ 0 43 46 44 35 35]
  [ 0  0 51 41 35 45]
  [ 0 34  0 58 45 30]
  [ 0 42 38  0 47 39]
  [ 0 40 38 50  0 39]
  [ 0 49 37 47 47  0]]

 [[ 0 44 57 57 52 38]
  [ 0  0 38 31 32 38]
  [ 0 53  0 39 44 57]
  [ 0 39 33  0 35 54]
  [ 0 57 40 39  0 56]
  [ 0 33 52 36 31  0]]]
 delivery_times
 [[  0 172 175 183 175 182 190 191 188 199 178 194 174 188 189 184]
 [  0 192 183 199 178 173 192 173 187 182 195 199 195 174 196 175]]
 job2fam
 [[1 0 0 0 0 0 0 0 0 0 0 0 0 0 0 0]
 [0 0 0 0 0 0 0 1 1 0 0 0 0 0 0 0]
 [0 1 0 0 0 0 0 0 0 0 0 1 0 0 1 1]
 [0 0 0 0 0 0 0 0 0 1 0 0 1 0 0 0]
 [0 0 0 0 1 1 1 0 0 0 1 0 0 0 0 0]
 [0 0 1 1 0 0 0 0 0 0 0 0 0 1 0 0]]
