params：
 weight-->(1, 10)
 proc_times-->(1, 100)
 setup_times-->(60, 120)
 delivery_times-->(1, 30)
 job_rate-->7.5

start:
alpha_1
7.5
 alpha_2
2.0
 mach
2
 job
15
 fam
5
 weigh
 [[0 9 7 5 6 2 2 1 3 1 4 8 7 1 4 1]]
 proc_times
 [[ 0 31 50 91 49 55 28 52 81 20 36 38  8 35 27 94]
 [ 0 86 44 61 90 59 52 95 79 66 92 18 46 92 78 34]]
 setup_times
 [[[  0  83 103 119 103  70]
  [  0   0 116 108  83  61]
  [  0  63   0  92  82 118]
  [  0  66 107   0  84  87]
  [  0 102  67  64   0  94]
  [  0  61 103 102  75   0]]

 [[  0 102  93  99  99 110]
  [  0   0 108  80  61 109]
  [  0  94   0 116 108  84]
  [  0  68  71   0  74  77]
  [  0  79  99 103   0  69]
  [  0  73 107  94  82   0]]]
 delivery_times
 [[ 0 25 11 25 11  8 11 26  8 21 22 29  8  6  2 24]
 [ 0  6  8 27 11  6  9 10 27 19 19 26 16  8 10  9]]
 job2fam
 [[1 0 0 0 0 0 0 0 0 0 0 0 0 0 0 0]
 [0 0 0 0 0 0 0 1 1 0 0 0 0 0 0 0]
 [0 1 0 0 0 0 0 0 0 0 0 1 0 0 1 1]
 [0 0 0 0 0 0 0 0 0 1 0 0 1 0 0 0]
 [0 0 0 0 1 1 1 0 0 0 1 0 0 0 0 0]
 [0 0 1 1 0 0 0 0 0 0 0 0 0 1 0 0]]
