params：
 weight-->(1, 10)
 proc_times-->(1, 100)
 setup_times-->(60, 120)
 delivery_times-->(1, 100)
 job_rate-->7.5

start:
alpha_1
7.5
 alpha_2
2.0
 mach
2
 job
15
 fam
5
 weigh
 [[0 5 9 1 8 6 9 4 9 1 4 6 8 1 4 2]]
 proc_times
 [[ 0 58 34 15 29 52 21 88 72 91 22 10 20 83 92 98]
 [ 0 97 45 27 21 38 39 79  3 50 80 30 79 13 17  8]]
 setup_times
 [[[  0 117  78  71 112 117]
  [  0   0  60  95  93  93]
  [  0  87   0  78 108 116]
  [  0  88  68   0 119 102]
  [  0  61 110  94   0  99]
  [  0 114  74 115  89   0]]

 [[  0  84  88  73  68 111]
  [  0   0  77  65  91  63]
  [  0  66   0  84  66 100]
  [  0 100  82   0  64  74]
  [  0  69 119 118   0  98]
  [  0 109  91  77 119   0]]]
 delivery_times
 [[ 0 42 89 87 94 20  1 22  8 80 65 64 55 11 96 11]
 [ 0 21 29 90  6 83 28 58 40 13 97 59 58 48 48 59]]
 job2fam
 [[1 0 0 0 0 0 0 0 0 0 0 0 0 0 0 0]
 [0 0 0 0 0 0 0 1 1 0 0 0 0 0 0 0]
 [0 1 0 0 0 0 0 0 0 0 0 1 0 0 1 1]
 [0 0 0 0 0 0 0 0 0 1 0 0 1 0 0 0]
 [0 0 0 0 1 1 1 0 0 0 1 0 0 0 0 0]
 [0 0 1 1 0 0 0 0 0 0 0 0 0 1 0 0]]
