params：
 weight-->(1, 10)
 proc_times-->(1, 100)
 setup_times-->(60, 120)
 delivery_times-->(170, 200)
 job_rate-->7.5

start:
alpha_1
7.5
 alpha_2
2.0
 mach
2
 job
15
 fam
5
 weigh
 [[0 3 9 3 8 6 4 3 8 6 9 5 2 1 9 3]]
 proc_times
 [[ 0  7 56 24 47 27 76 48 61 77 18 95 54 20  1  6]
 [ 0 61 11 85 55 73 16 25 24 20  1 73 15 24 71 22]]
 setup_times
 [[[  0 102 107  75  81  83]
  [  0   0  97 110  83  93]
  [  0 107   0  65  88  98]
  [  0  92  65   0  71  74]
  [  0  79  87 117   0 102]
  [  0 100  69  96  65   0]]

 [[  0  85  64  96 114 117]
  [  0   0  73 100  77  81]
  [  0  91   0 105  76  73]
  [  0  81  97   0  64  75]
  [  0  89  96  68   0 111]
  [  0  64 103  60 100   0]]]
 delivery_times
 [[  0 196 179 182 176 172 197 172 178 189 199 192 196 172 170 187]
 [  0 197 187 192 177 186 180 176 192 195 183 194 188 195 176 199]]
 job2fam
 [[1 0 0 0 0 0 0 0 0 0 0 0 0 0 0 0]
 [0 0 0 0 0 0 0 1 1 0 0 0 0 0 0 0]
 [0 1 0 0 0 0 0 0 0 0 0 1 0 0 1 1]
 [0 0 0 0 0 0 0 0 0 1 0 0 1 0 0 0]
 [0 0 0 0 1 1 1 0 0 0 1 0 0 0 0 0]
 [0 0 1 1 0 0 0 0 0 0 0 0 0 1 0 0]]
