params：
 weight-->(1, 10)
 proc_times-->(1, 100)
 setup_times-->(15, 30)
 delivery_times-->(1, 30)
 job_rate-->5.0

start:
alpha_1
5.0
 alpha_2
0.5
 mach
4
 job
20
 fam
3
 weigh
 [[0 1 4 2 5 1 3 9 4 6 3 1 7 9 8 9 9 5 1 8 3]]
 proc_times
 [[  0  19  50  26 100  33  75  51  86  12  43  10   8  89  15  65  63  18
  100  88  58]
 [  0  96  47  50   1  18  70  95  21  98  63  26  67  26  63   8  52  37
   99  30  69]
 [  0  35  41   9  57  73  64  57  46  68  81  72  29   9  63   9  86  30
   93  92  49]
 [  0  37  48   4  74  55  46  21  58  75  70  10   2  15  62  81  77  45
   98  30  50]]
 setup_times
 [[[ 0 26 16 22]
  [ 0  0 26 20]
  [ 0 17  0 24]
  [ 0 21 24  0]]

 [[ 0 28 21 18]
  [ 0  0 19 25]
  [ 0 27  0 17]
  [ 0 15 23  0]]

 [[ 0 18 29 19]
  [ 0  0 28 23]
  [ 0 27  0 25]
  [ 0 27 25  0]]

 [[ 0 28 25 21]
  [ 0  0 21 25]
  [ 0 20  0 24]
  [ 0 20 18  0]]]
 delivery_times
 [[ 0  7  4  5 29 26 25  5 15  7 19 25 14  8 13 16 17  6  2 15  3]
 [ 0  5 29 13 23  7  8 12 17 29 21 22 25 15 27 18 24  1 20 12 15]
 [ 0 16 29 21 26  9 16 13  3 24 25 28 23 29 26 23 10  3 26 17 21]
 [ 0 25 26 10 27  7 18 29  4 19 15 12 28 18 27  5 11 26 27 13 11]]
 job2fam
 [[1 0 0 0 0 0 0 0 0 0 0 0 0 0 0 0 0 0 0 0 0]
 [0 0 0 0 0 0 0 1 1 0 0 0 1 0 1 0 1 1 1 0 1]
 [0 1 0 0 0 0 0 0 0 1 0 0 0 1 0 1 0 0 0 0 0]
 [0 0 1 1 1 1 1 0 0 0 1 1 0 0 0 0 0 0 0 1 0]]
