params：
 weight-->(1, 10)
 proc_times-->(1, 100)
 setup_times-->(30, 60)
 delivery_times-->(1, 30)
 job_rate-->5.0

start:
alpha_1
5.0
 alpha_2
1.0
 mach
4
 job
20
 fam
3
 weigh
 [[0 1 3 5 1 5 3 1 7 6 7 8 3 4 8 3 8 7 5 9 4]]
 proc_times
 [[ 0 43 17 73 92 49 54 82 93 47  2 51 91 35 73 64 40 64 27 20 51]
 [ 0 57 40 61 77 56 50 25 48 90 28 65 56 73 92 29 35 86 16 98 34]
 [ 0 43 58  6 77 60 69 65 98 83 98 32 41 73 53 71 15 20 58 92 71]
 [ 0 45 65 76 82 21 98 85  1  1 66 76 97 46 86 52 20 50 77 50 75]]
 setup_times
 [[[ 0 36 35 34]
  [ 0  0 35 31]
  [ 0 31  0 52]
  [ 0 55 59  0]]

 [[ 0 35 41 42]
  [ 0  0 56 33]
  [ 0 34  0 31]
  [ 0 37 48  0]]

 [[ 0 36 42 43]
  [ 0  0 48 48]
  [ 0 34  0 49]
  [ 0 45 46  0]]

 [[ 0 58 46 53]
  [ 0  0 55 41]
  [ 0 31  0 35]
  [ 0 31 36  0]]]
 delivery_times
 [[ 0  9 20 15 22 17 26 15  8  9  8  8 28  2 10  9 14  7 29 21  8]
 [ 0  9  8 22  2  1 16  3  1 17 24 25 11 17 18 22 16 28 11 29 24]
 [ 0 12 17  9 13 22 27 11 29 21  1 18  3 22 18 12  8  4  7 16 25]
 [ 0  1  9  8 11 11 11  3 18  8  1  1 21 17 28 21 15  5 13 27 18]]
 job2fam
 [[1 0 0 0 0 0 0 0 0 0 0 0 0 0 0 0 0 0 0 0 0]
 [0 0 0 0 0 0 0 1 1 0 0 0 1 0 1 0 1 1 1 0 1]
 [0 1 0 0 0 0 0 0 0 1 0 0 0 1 0 1 0 0 0 0 0]
 [0 0 1 1 1 1 1 0 0 0 1 1 0 0 0 0 0 0 0 1 0]]
