params：
 weight-->(1, 10)
 proc_times-->(1, 100)
 setup_times-->(30, 60)
 delivery_times-->(1, 100)
 job_rate-->5.0

start:
alpha_1
5.0
 alpha_2
1.0
 mach
4
 job
20
 fam
3
 weigh
 [[0 8 1 5 6 7 8 3 9 2 9 4 8 3 1 2 2 6 6 7 4]]
 proc_times
 [[ 0 57 40 70 99 39 74 96 57 87 48 23 98 77 26 26 31 71 12 15 41]
 [ 0 21  9 20 78 25 84 95 50 32 63  2 25 70 51 38 91 79 94 86 29]
 [ 0  7 11 11 63 99 49 79 64 66 51 18 93 51 83 89 26 34 58 78 77]
 [ 0 61 22 26 97  1 17 79 11 73 52 51 56 27 31 83 17 78 75 45 59]]
 setup_times
 [[[ 0 52 44 56]
  [ 0  0 54 58]
  [ 0 51  0 49]
  [ 0 53 45  0]]

 [[ 0 38 58 56]
  [ 0  0 36 47]
  [ 0 30  0 41]
  [ 0 32 53  0]]

 [[ 0 55 34 37]
  [ 0  0 57 41]
  [ 0 38  0 38]
  [ 0 34 31  0]]

 [[ 0 40 40 36]
  [ 0  0 52 35]
  [ 0 37  0 37]
  [ 0 56 32  0]]]
 delivery_times
 [[ 0 79 63 77 76 31 35 63 20 16 53 71 71 22 45 46 94 28 38 47 84]
 [ 0 32 86 84 15 50 88 94 53 32 13 55 49  3 13  9  6 44 66  5 42]
 [ 0  7 37 88 94 72 94 81 30 63 24 16 51 50 68 92  1 48 67 17 42]
 [ 0  6 40 81 17 37 50 12 46 26 68 69 86 41 76 54 87 66 85 28 61]]
 job2fam
 [[1 0 0 0 0 0 0 0 0 0 0 0 0 0 0 0 0 0 0 0 0]
 [0 0 0 0 0 0 0 1 1 0 0 0 1 0 1 0 1 1 1 0 1]
 [0 1 0 0 0 0 0 0 0 1 0 0 0 1 0 1 0 0 0 0 0]
 [0 0 1 1 1 1 1 0 0 0 1 1 0 0 0 0 0 0 0 1 0]]
