params：
 weight-->(1, 10)
 proc_times-->(1, 100)
 setup_times-->(30, 60)
 delivery_times-->(1, 100)
 job_rate-->5.0

start:
alpha_1
5.0
 alpha_2
1.0
 mach
4
 job
20
 fam
3
 weigh
 [[0 1 5 2 6 3 1 2 8 1 6 9 8 3 9 8 2 9 5 7 9]]
 proc_times
 [[  0  37  53  67  31  71  29  83  24  96  44  33  63  65  96  44  42  95
   47  43  98]
 [  0  28  83  80  75  83  87  33  86  50  41  86  68  49  44  92  30  27
   49  50  98]
 [  0 100  81  53  66  52  74  36  63  74  82   5  80  45  89  38  94  70
   37   6  29]
 [  0  46  48   7  48  42  50  55  40  44  70  20  98  99  39  47  88  59
   97  34  22]]
 setup_times
 [[[ 0 53 58 51]
  [ 0  0 59 47]
  [ 0 31  0 51]
  [ 0 34 54  0]]

 [[ 0 51 43 50]
  [ 0  0 40 47]
  [ 0 39  0 48]
  [ 0 35 43  0]]

 [[ 0 57 51 54]
  [ 0  0 48 44]
  [ 0 49  0 45]
  [ 0 43 36  0]]

 [[ 0 37 43 57]
  [ 0  0 35 46]
  [ 0 49  0 41]
  [ 0 56 57  0]]]
 delivery_times
 [[ 0 90 57  5 29 49 71 10 37 17 38  6 18 54 76 20 47 55 80 32 40]
 [ 0 84 52 55 35  5  9  2 85 94 92 44  8 53 63 60 90 90 96 49 90]
 [ 0 22 68 10 14 10 39 93 55 73 71 17 36 68 50 69 58 80 14 48  7]
 [ 0 53 14 88 15 66 20 50 51 41 86 43 72 94 32 67 20 53 21 61 90]]
 job2fam
 [[1 0 0 0 0 0 0 0 0 0 0 0 0 0 0 0 0 0 0 0 0]
 [0 0 0 0 0 0 0 1 1 0 0 0 1 0 1 0 1 1 1 0 1]
 [0 1 0 0 0 0 0 0 0 1 0 0 0 1 0 1 0 0 0 0 0]
 [0 0 1 1 1 1 1 0 0 0 1 1 0 0 0 0 0 0 0 1 0]]
