params：
 weight-->(1, 10)
 proc_times-->(1, 100)
 setup_times-->(30, 60)
 delivery_times-->(1, 100)
 job_rate-->5.0

start:
alpha_1
5.0
 alpha_2
1.0
 mach
4
 job
20
 fam
3
 weigh
 [[0 8 3 9 4 8 9 2 1 5 1 3 6 6 8 5 9 6 6 2 4]]
 proc_times
 [[ 0  3 32  7 54 30 74 47 16  8 45 30 32 90 39 82 63 28 30 77 38]
 [ 0 93 40 37 97 13 54 71 30 11 99 14 32 45 64 81 25 76  1 78  9]
 [ 0 84 51 94 52 22 90 97 42 17 97  2 66 66 40 25 37 73 94 12 80]
 [ 0 41 94 75 46 66 53 36 11 26 73 23 67 49 82 94 70 56 28 30 16]]
 setup_times
 [[[ 0 39 57 57]
  [ 0  0 45 59]
  [ 0 42  0 54]
  [ 0 45 31  0]]

 [[ 0 42 31 45]
  [ 0  0 33 44]
  [ 0 46  0 42]
  [ 0 47 38  0]]

 [[ 0 57 30 47]
  [ 0  0 49 53]
  [ 0 59  0 37]
  [ 0 32 58  0]]

 [[ 0 59 46 41]
  [ 0  0 58 46]
  [ 0 54  0 46]
  [ 0 41 46  0]]]
 delivery_times
 [[ 0 14 91 88 83 56  9 79 57 59 25 62 55 28 28 15 90 93 48 42 87]
 [ 0 61 41 54 90 12 43 26 65 52 18 38 28 90  5 69 65 25 63 31 52]
 [ 0 16 82 70 57 77 31 84 24 99 64 93 36 48 85 53 36 54  3 47  5]
 [ 0 18 82 52 23 48 86  1  2 82  7  1 48  8 38 99 52 98 71 36 33]]
 job2fam
 [[1 0 0 0 0 0 0 0 0 0 0 0 0 0 0 0 0 0 0 0 0]
 [0 0 0 0 0 0 0 1 1 0 0 0 1 0 1 0 1 1 1 0 1]
 [0 1 0 0 0 0 0 0 0 1 0 0 0 1 0 1 0 0 0 0 0]
 [0 0 1 1 1 1 1 0 0 0 1 1 0 0 0 0 0 0 0 1 0]]
