params：
 weight-->(1, 10)
 proc_times-->(1, 100)
 setup_times-->(30, 60)
 delivery_times-->(1, 100)
 job_rate-->5.0

start:
alpha_1
5.0
 alpha_2
1.0
 mach
4
 job
20
 fam
3
 weigh
 [[0 2 6 5 9 9 6 2 1 5 6 5 4 1 3 5 6 4 3 6 7]]
 proc_times
 [[  0  79  38  36  79  57  14  53 100  72  69  50  36   3   9  49  87  59
   70  97  61]
 [  0   2  55  55  86  49  79  80  76  52  42  95   3  34  72  27  10  19
   97  20  73]
 [  0  72  19  95  17  18  44   9  42  56  49  67  64  90  70   5  52  32
   28  81  39]
 [  0  46  38  73  11  88  63   3  17  94  90  93  70  90  35  36  91  29
   81   5  63]]
 setup_times
 [[[ 0 32 49 33]
  [ 0  0 53 30]
  [ 0 35  0 43]
  [ 0 55 55  0]]

 [[ 0 48 31 37]
  [ 0  0 37 46]
  [ 0 39  0 57]
  [ 0 43 59  0]]

 [[ 0 59 48 42]
  [ 0  0 42 49]
  [ 0 31  0 50]
  [ 0 47 30  0]]

 [[ 0 30 42 41]
  [ 0  0 59 32]
  [ 0 37  0 54]
  [ 0 53 44  0]]]
 delivery_times
 [[ 0 90  3 84 74 71  5 58 70 15 53 45 78 10  4 61 37 55 48 46 84]
 [ 0 90 32 45 79 44  8 94  6 57 46 17 18 34 58 15 64 82 82 23 49]
 [ 0 57 96 86 55 39 54 78 12 78 35 77 96 83 28 52 13 37 88 51 47]
 [ 0 43 29 12 17 46  8 54 56 89 23 63 47 46 72 38 14 75 99 19  5]]
 job2fam
 [[1 0 0 0 0 0 0 0 0 0 0 0 0 0 0 0 0 0 0 0 0]
 [0 0 0 0 0 0 0 1 1 0 0 0 1 0 1 0 1 1 1 0 1]
 [0 1 0 0 0 0 0 0 0 1 0 0 0 1 0 1 0 0 0 0 0]
 [0 0 1 1 1 1 1 0 0 0 1 1 0 0 0 0 0 0 0 1 0]]
