params：
 weight-->(1, 10)
 proc_times-->(1, 100)
 setup_times-->(30, 60)
 delivery_times-->(170, 200)
 job_rate-->5.0

start:
alpha_1
5.0
 alpha_2
1.0
 mach
4
 job
20
 fam
3
 weigh
 [[0 1 1 7 7 6 3 9 9 5 6 8 2 5 7 5 5 2 1 8 2]]
 proc_times
 [[  0  15  63  57  82  36  58  14  79  64  98   2  29  98   7  36  25  47
   69  88  32]
 [  0  35  97  88   2  41  53   1  46  95  58 100  42   8  88  24  34  71
   39  62  79]
 [  0  90  36   5   5  72  70  93   3  26  67  52  86   8  58  26  55  19
   49  42  50]
 [  0  40  96  13  41  15  98  97  67  30  74  23  51  59  67  51  24  18
   39  82  10]]
 setup_times
 [[[ 0 38 32 49]
  [ 0  0 39 40]
  [ 0 53  0 41]
  [ 0 52 46  0]]

 [[ 0 36 46 46]
  [ 0  0 48 35]
  [ 0 46  0 46]
  [ 0 42 42  0]]

 [[ 0 30 41 57]
  [ 0  0 59 33]
  [ 0 53  0 57]
  [ 0 32 47  0]]

 [[ 0 45 35 51]
  [ 0  0 59 55]
  [ 0 47  0 58]
  [ 0 59 46  0]]]
 delivery_times
 [[  0 182 174 198 172 178 180 172 190 186 185 172 197 174 186 171 199 184
  193 177 178]
 [  0 193 185 181 193 178 182 197 192 177 183 197 191 188 184 197 179 174
  183 199 172]
 [  0 175 182 174 179 177 188 198 187 186 177 199 186 199 195 184 193 176
  194 182 178]
 [  0 187 184 193 177 193 196 174 197 194 199 176 184 182 190 173 188 177
  177 179 173]]
 job2fam
 [[1 0 0 0 0 0 0 0 0 0 0 0 0 0 0 0 0 0 0 0 0]
 [0 0 0 0 0 0 0 1 1 0 0 0 1 0 1 0 1 1 1 0 1]
 [0 1 0 0 0 0 0 0 0 1 0 0 0 1 0 1 0 0 0 0 0]
 [0 0 1 1 1 1 1 0 0 0 1 1 0 0 0 0 0 0 0 1 0]]
