params：
 weight-->(1, 10)
 proc_times-->(1, 100)
 setup_times-->(30, 60)
 delivery_times-->(170, 200)
 job_rate-->5.0

start:
alpha_1
5.0
 alpha_2
1.0
 mach
4
 job
20
 fam
3
 weigh
 [[0 2 1 3 2 5 1 7 5 1 3 2 2 3 8 2 4 8 1 7 7]]
 proc_times
 [[ 0 49 44 50 12 50 73 64  5 23 62 22 17 84 97 31 79 60 25 99 96]
 [ 0 34 28 92  4 41 35 85 24 71 71 50 71 95 94 94 51 44 67 43 29]
 [ 0 40  8 13 25 51 90 76 95 98  7 34 56 88 11 99 40 43 58 56 33]
 [ 0 49  1 71 73 72 59 51 32 25  3 62 25 71 44 39 25 28 19 43 22]]
 setup_times
 [[[ 0 41 46 53]
  [ 0  0 47 30]
  [ 0 58  0 48]
  [ 0 46 51  0]]

 [[ 0 43 30 40]
  [ 0  0 56 38]
  [ 0 37  0 43]
  [ 0 58 39  0]]

 [[ 0 53 55 56]
  [ 0  0 40 32]
  [ 0 50  0 53]
  [ 0 37 49  0]]

 [[ 0 40 50 56]
  [ 0  0 35 45]
  [ 0 43  0 34]
  [ 0 45 52  0]]]
 delivery_times
 [[  0 175 185 181 199 188 182 178 189 194 181 176 186 187 181 180 186 178
  193 197 175]
 [  0 194 170 196 184 182 181 173 194 172 187 186 198 185 176 174 193 174
  196 192 171]
 [  0 183 177 170 184 174 194 176 170 198 187 199 171 170 188 192 189 187
  173 188 193]
 [  0 195 185 188 177 180 175 194 197 172 187 172 197 175 171 192 186 171
  187 193 198]]
 job2fam
 [[1 0 0 0 0 0 0 0 0 0 0 0 0 0 0 0 0 0 0 0 0]
 [0 0 0 0 0 0 0 1 1 0 0 0 1 0 1 0 1 1 1 0 1]
 [0 1 0 0 0 0 0 0 0 1 0 0 0 1 0 1 0 0 0 0 0]
 [0 0 1 1 1 1 1 0 0 0 1 1 0 0 0 0 0 0 0 1 0]]
