params：
 weight-->(1, 10)
 proc_times-->(1, 100)
 setup_times-->(60, 120)
 delivery_times-->(1, 30)
 job_rate-->5.0

start:
alpha_1
5.0
 alpha_2
2.0
 mach
4
 job
20
 fam
3
 weigh
 [[0 1 1 4 5 8 3 7 5 5 6 8 4 5 3 1 1 1 6 7 5]]
 proc_times
 [[ 0 43 41 79 49 52 44  7  4  3 38 75 61  5 40 55 45 78 42 15  2]
 [ 0 44 53 83 27 50 77 63 19 13 64 10 78 36  9 14 43  2 67 34 96]
 [ 0 67 12 66 25 47 48 85 30 45 76 72 48 10 49 41 50 24 14  3 55]
 [ 0 26 31 57  7 99 20 13 79 39 61 32 49 48 10 26 20 43 83 45 59]]
 setup_times
 [[[  0  98  62 118]
  [  0   0  76  75]
  [  0 108   0  61]
  [  0  82  77   0]]

 [[  0  83  67  62]
  [  0   0  63  69]
  [  0  91   0  79]
  [  0  64  72   0]]

 [[  0  93 109  85]
  [  0   0  89 103]
  [  0  74   0  94]
  [  0  60  71   0]]

 [[  0  66  74  89]
  [  0   0 104 102]
  [  0 100   0  81]
  [  0  77  79   0]]]
 delivery_times
 [[ 0  8  6 25  4 19 13 27  9 15 14  1  7 20 28 21 12 17 22  5  8]
 [ 0 28 13 12 14 25 24 22 11 19 15 22 16 20 10  6 10  9  2 12  8]
 [ 0 17 19  3  6 17 22 28 13 21 24  8 12  2 15  5  4 10 17  1 13]
 [ 0  7 20  5  7  8 20 23 22 26  4 27 20 15  1 26 24 10  7  3 19]]
 job2fam
 [[1 0 0 0 0 0 0 0 0 0 0 0 0 0 0 0 0 0 0 0 0]
 [0 0 0 0 0 0 0 1 1 0 0 0 1 0 1 0 1 1 1 0 1]
 [0 1 0 0 0 0 0 0 0 1 0 0 0 1 0 1 0 0 0 0 0]
 [0 0 1 1 1 1 1 0 0 0 1 1 0 0 0 0 0 0 0 1 0]]
