params：
 weight-->(1, 10)
 proc_times-->(1, 100)
 setup_times-->(60, 120)
 delivery_times-->(1, 30)
 job_rate-->5.0

start:
alpha_1
5.0
 alpha_2
2.0
 mach
4
 job
20
 fam
3
 weigh
 [[0 1 8 6 2 8 4 5 3 1 7 1 1 1 4 7 3 8 4 6 3]]
 proc_times
 [[ 0 75 47 55 90 42 60 31 42 11 20 33 77 24  1 92  1  2  6 71 79]
 [ 0 74 26 46 65 31 57 65 35 47  5 28 15 35 58 16 89 25 69 79 47]
 [ 0 90 56 14 71 22 87 99 35 99 80 35 93 13 38 75 36 35 69 60 75]
 [ 0 18 69 29 46 53 36 59 62 29 66 40 37 91 67 51 13 32 32  3 92]]
 setup_times
 [[[  0 112  78  89]
  [  0   0 100  64]
  [  0 104   0  87]
  [  0  99  81   0]]

 [[  0 102  93 103]
  [  0   0  78  76]
  [  0  92   0 113]
  [  0  87  63   0]]

 [[  0 110 111  64]
  [  0   0  99 119]
  [  0 119   0 109]
  [  0 100  66   0]]

 [[  0  97 108  97]
  [  0   0 119  92]
  [  0  80   0 103]
  [  0 110  97   0]]]
 delivery_times
 [[ 0 11 20 11  3  3  5  7  3 17 10 11  3  5 21 25  9  4 11 25 11]
 [ 0 20  4 16 20  6  6  4 20 19 20  8  6 19  6 20 20 14 25 16 15]
 [ 0 19  9 24  8  1  9 27  6 23 17 19  8  8  8 11  8  7 11 10 13]
 [ 0  2 12 12  3 18 24 14 26 27  4  2 25 11  5 25  5 13 15  4  6]]
 job2fam
 [[1 0 0 0 0 0 0 0 0 0 0 0 0 0 0 0 0 0 0 0 0]
 [0 0 0 0 0 0 0 1 1 0 0 0 1 0 1 0 1 1 1 0 1]
 [0 1 0 0 0 0 0 0 0 1 0 0 0 1 0 1 0 0 0 0 0]
 [0 0 1 1 1 1 1 0 0 0 1 1 0 0 0 0 0 0 0 1 0]]
