params：
 weight-->(1, 10)
 proc_times-->(1, 100)
 setup_times-->(60, 120)
 delivery_times-->(1, 100)
 job_rate-->5.0

start:
alpha_1
5.0
 alpha_2
2.0
 mach
4
 job
20
 fam
3
 weigh
 [[0 5 8 9 4 7 2 8 4 2 6 4 7 2 8 2 1 9 6 1 9]]
 proc_times
 [[  0  53   7  33  73  57  54  73  40   4  71  58  53  83  14  34   4  67
   14  70  42]
 [  0   3  73  35  34  29  85   8  57  84   9  48  25  86  76 100  26   9
   15  64  94]
 [  0  52  43  30   3  20  10  75  47   2  50  75  54  40  48  24  60  93
   69  83  75]
 [  0  54  57  75  32  46  18 100  53  36  85  66  53  53  13  46  95  83
   89  37  87]]
 setup_times
 [[[  0 100  72 103]
  [  0   0  91  89]
  [  0  63   0  69]
  [  0  82  92   0]]

 [[  0  96 112 109]
  [  0   0 113  90]
  [  0 104   0  83]
  [  0  97  76   0]]

 [[  0  93  78  68]
  [  0   0 106 106]
  [  0  82   0  67]
  [  0  69  75   0]]

 [[  0  79 116  85]
  [  0   0  77  77]
  [  0  75   0  90]
  [  0  90  96   0]]]
 delivery_times
 [[ 0 88 99 77 32  2  4 61  1 45 42 23 47 48 97 64 97 62 71 76  9]
 [ 0 62 16 79 38 19 78 63 22 79 89 49 36 12 75 33 48 94 94 13 48]
 [ 0 73 69 95 23 52 30 59 31 63 80 20 24 22 49 14 51 51 37  2 87]
 [ 0 97 30 47 60 47 25 85 27 33 39 82 19 76 27 27 16 16 90 80 30]]
 job2fam
 [[1 0 0 0 0 0 0 0 0 0 0 0 0 0 0 0 0 0 0 0 0]
 [0 0 0 0 0 0 0 1 1 0 0 0 1 0 1 0 1 1 1 0 1]
 [0 1 0 0 0 0 0 0 0 1 0 0 0 1 0 1 0 0 0 0 0]
 [0 0 1 1 1 1 1 0 0 0 1 1 0 0 0 0 0 0 0 1 0]]
