params：
 weight-->(1, 10)
 proc_times-->(1, 100)
 setup_times-->(60, 120)
 delivery_times-->(100, 200)
 job_rate-->5.0

start:
alpha_1
5.0
 alpha_2
2.0
 mach
4
 job
20
 fam
3
 weigh
 [[0 2 3 9 7 2 4 7 9 3 7 3 5 4 6 5 8 8 6 3 9]]
 proc_times
 [[  0   1  54   8  51  61  69  71  63  86  51   7  95  18  97   1  39  60
   34  19  65]
 [  0  72   7  19  15  46  91  10  79  58  89  49  52  26  96  36  51  76
   47  74  87]
 [  0  89  85   8  57  80  59  40  63  60   9  25  42  86  32  46  91  25
   48   2  93]
 [  0  94  81  92  98  42  21  54  24  57 100  32  20  84  87  61  68  94
   75   1  19]]
 setup_times
 [[[  0 103  65 101]
  [  0   0 107 117]
  [  0 109   0 115]
  [  0 104 100   0]]

 [[  0 103 104  72]
  [  0   0  94 116]
  [  0  80   0  81]
  [  0 119  85   0]]

 [[  0 108  91  68]
  [  0   0  78  86]
  [  0  82   0  96]
  [  0  69  99   0]]

 [[  0 107  65  83]
  [  0   0 110  92]
  [  0  61   0  94]
  [  0 118  69   0]]]
 delivery_times
 [[  0 171 140 171 128 136 140 194 166 192 134 150 191 162 130 147 195 183
  103 179 116]
 [  0 195 189 148 111 117 109 106 198 150 151 197 181 132 183 139 142 168
  115 130 192]
 [  0 136 176 107 158 105 132 138 181 119 169 135 134 106 173 162 189 149
  110 125 114]
 [  0 110 145 171 171 110 128 122 116 134 108 104 105 100 126 182 131 122
  100 156 195]]
 job2fam
 [[1 0 0 0 0 0 0 0 0 0 0 0 0 0 0 0 0 0 0 0 0]
 [0 0 0 0 0 0 0 1 1 0 0 0 1 0 1 0 1 1 1 0 1]
 [0 1 0 0 0 0 0 0 0 1 0 0 0 1 0 1 0 0 0 0 0]
 [0 0 1 1 1 1 1 0 0 0 1 1 0 0 0 0 0 0 0 1 0]]
