params：
 weight-->(1, 10)
 proc_times-->(1, 100)
 setup_times-->(60, 120)
 delivery_times-->(170, 200)
 job_rate-->5.0

start:
alpha_1
5.0
 alpha_2
2.0
 mach
4
 job
20
 fam
3
 weigh
 [[0 1 8 9 4 5 7 8 7 9 6 5 3 2 4 6 2 7 8 5 9]]
 proc_times
 [[  0  32  77  38 100  90  69  70  95   5  50  73  18  12  21  58  14   1
   10  85  66]
 [  0  48   5  58  44  76  48  22  34  59  65  29  52  95  77  67  35  92
   30  61  61]
 [  0  25  26  13  50  23  94  72  88   8 100  41  59  62 100  72  52  28
   36  84  22]
 [  0  47  29  32  47   1   6   6  97   3  84  70  51  99  54   4  20  86
   27   6  65]]
 setup_times
 [[[  0 101 108  69]
  [  0   0 102 106]
  [  0  84   0 114]
  [  0  72  88   0]]

 [[  0 101 109  94]
  [  0   0  70  95]
  [  0  97   0  82]
  [  0  94  83   0]]

 [[  0 118  97  82]
  [  0   0  84  88]
  [  0 114   0 104]
  [  0 103 115   0]]

 [[  0 112  83 108]
  [  0   0 106  95]
  [  0  84   0  67]
  [  0  99  90   0]]]
 delivery_times
 [[  0 171 172 173 173 177 180 195 176 176 198 174 196 170 178 175 181 192
  192 184 181]
 [  0 185 184 174 199 172 182 176 185 179 192 195 194 196 172 190 171 187
  193 198 181]
 [  0 199 183 194 171 175 180 192 197 193 196 187 185 174 179 170 171 192
  196 177 171]
 [  0 171 170 177 185 194 191 182 173 172 173 174 187 170 172 191 191 185
  183 187 178]]
 job2fam
 [[1 0 0 0 0 0 0 0 0 0 0 0 0 0 0 0 0 0 0 0 0]
 [0 0 0 0 0 0 0 1 1 0 0 0 1 0 1 0 1 1 1 0 1]
 [0 1 0 0 0 0 0 0 0 1 0 0 0 1 0 1 0 0 0 0 0]
 [0 0 1 1 1 1 1 0 0 0 1 1 0 0 0 0 0 0 0 1 0]]
