params：
 weight-->(1, 10)
 proc_times-->(1, 100)
 setup_times-->(15, 30)
 delivery_times-->(1, 30)
 job_rate-->5.0

start:
alpha_1
5.0
 alpha_2
0.5
 mach
4
 job
20
 fam
5
 weigh
 [[0 2 9 3 5 3 5 2 2 7 2 3 6 4 9 6 9 3 1 8 4]]
 proc_times
 [[  0  73  54  53  25  68  23  66  52   2  56   6  13  69  86  27  49  14
   81  72  81]
 [  0   6  87  97   4  19  12   9  99  45  86  92  83  85  31  30  76  48
   69  31  40]
 [  0  23  38  36  60  46  22  47  22  68  11  43  87  56  78  84  75  81
   89   4  48]
 [  0  65  52  12  11  54  34  64  79  80  34   5  18  63  43  90  75  24
   99 100  95]]
 setup_times
 [[[ 0 26 25 16 21 18]
  [ 0  0 16 29 27 22]
  [ 0 28  0 26 19 16]
  [ 0 22 18  0 25 29]
  [ 0 17 22 18  0 29]
  [ 0 20 28 23 15  0]]

 [[ 0 25 17 28 17 28]
  [ 0  0 27 20 15 18]
  [ 0 21  0 18 29 24]
  [ 0 17 16  0 20 25]
  [ 0 19 22 28  0 20]
  [ 0 29 25 19 17  0]]

 [[ 0 29 18 20 27 22]
  [ 0  0 22 17 18 23]
  [ 0 19  0 26 17 22]
  [ 0 17 24  0 15 21]
  [ 0 27 24 20  0 22]
  [ 0 25 26 23 19  0]]

 [[ 0 24 16 15 22 16]
  [ 0  0 18 17 26 17]
  [ 0 16  0 23 27 27]
  [ 0 15 25  0 16 29]
  [ 0 15 26 24  0 16]
  [ 0 19 20 27 22  0]]]
 delivery_times
 [[ 0 10 20  6  9 23 18 29 18 10 21  7 10 18 15 15 20 21 26  3 24]
 [ 0 11  1 29 14 24  6 25 17 22 10 16 17 25 15 25 23 24 29 27  7]
 [ 0 27 25 28  5 17 26 18 23 13 14 11 27 28 14 18  4 21 26 24 23]
 [ 0  7  5 29 29 27 16  8 13 10  5 26 16  6  2  2 11 23  6 23 11]]
 job2fam
 [[1 0 0 0 0 0 0 0 0 0 0 0 0 0 0 0 0 0 0 0 0]
 [0 0 0 1 1 0 0 0 1 0 0 0 0 0 1 0 0 0 0 0 0]
 [0 0 1 0 0 0 0 0 0 0 1 0 0 1 0 1 1 0 1 0 0]
 [0 0 0 0 0 1 0 0 0 0 0 0 0 0 0 0 0 0 0 0 0]
 [0 1 0 0 0 0 1 0 0 1 0 0 1 0 0 0 0 1 0 0 0]
 [0 0 0 0 0 0 0 1 0 0 0 1 0 0 0 0 0 0 0 1 1]]
