params：
 weight-->(1, 10)
 proc_times-->(1, 100)
 setup_times-->(30, 60)
 delivery_times-->(100, 200)
 job_rate-->5.0

start:
alpha_1
5.0
 alpha_2
1.0
 mach
2
 job
10
 fam
3
 weigh
 [[0 6 4 4 4 2 6 4 2 3 2]]
 proc_times
 [[  0  90  77  56  28  25  15  37  51  91  28]
 [  0  29  28  72 100  15  95  39  70  30  59]]
 setup_times
 [[[ 0 44 46 38]
  [ 0  0 43 55]
  [ 0 45  0 59]
  [ 0 50 42  0]]

 [[ 0 56 42 57]
  [ 0  0 53 40]
  [ 0 40  0 51]
  [ 0 31 57  0]]]
 delivery_times
 [[  0 157 149 126 130 115 104 107 193 172 156]
 [  0 154 161 132 184 178 113 180 134 109 149]]
 job2fam
 [[1 0 0 0 0 0 0 0 0 0 0]
 [0 0 0 0 0 0 0 1 0 0 1]
 [0 1 1 1 0 0 0 0 0 0 0]
 [0 0 0 0 1 1 1 0 1 1 0]]
