params：
 weight-->(1, 10)
 proc_times-->(1, 100)
 setup_times-->(15, 30)
 delivery_times-->(100, 200)
 job_rate-->5.0

start:
alpha_1
5.0
 alpha_2
0.5
 mach
4
 job
20
 fam
5
 weigh
 [[0 9 1 2 4 9 4 3 5 6 2 5 6 6 2 6 4 6 6 5 3]]
 proc_times
 [[  0   3  53   7  93  57  34  56  95  83  40   5  17  50   8  20  38  73
   54  98  38]
 [  0  33  21  17  32  13  70  77   9  61  84  16  60   8  70  91   1  31
    4  64  68]
 [  0  25  60  31  42  19  51  77  11  43  95  67  81  29  11   8  18  56
   23  13  69]
 [  0  25  56  38  16 100  14  12  45  16  73  17  56   4  73  23   9  52
   38  90  97]]
 setup_times
 [[[ 0 28 25 23 23 28]
  [ 0  0 22 26 24 24]
  [ 0 28  0 29 23 18]
  [ 0 28 21  0 18 23]
  [ 0 27 24 24  0 27]
  [ 0 29 25 27 24  0]]

 [[ 0 26 16 28 26 19]
  [ 0  0 22 25 18 19]
  [ 0 17  0 24 26 20]
  [ 0 29 21  0 23 25]
  [ 0 29 25 25  0 20]
  [ 0 19 29 27 22  0]]

 [[ 0 23 21 21 28 24]
  [ 0  0 17 25 22 17]
  [ 0 22  0 21 29 29]
  [ 0 19 25  0 26 16]
  [ 0 24 16 19  0 16]
  [ 0 27 23 17 24  0]]

 [[ 0 25 16 15 21 29]
  [ 0  0 24 29 21 29]
  [ 0 21  0 17 15 16]
  [ 0 27 28  0 28 18]
  [ 0 22 27 22  0 28]
  [ 0 21 26 24 25  0]]]
 delivery_times
 [[  0 180 142 188 117 140 165 136 107 182 119 131 155 187 102 168 136 118
  107 132 162]
 [  0 167 141 145 183 101 197 113 113 148 166 125 139 159 103 124 148 188
  120 155 192]
 [  0 185 115 175 126 168 150 175 183 166 121 163 150 139 103 148 114 125
  190 140 182]
 [  0 148 154 126 171 173 191 125 149 149 101 106 199 154 131 177 153 130
  157 141 164]]
 job2fam
 [[1 0 0 0 0 0 0 0 0 0 0 0 0 0 0 0 0 0 0 0 0]
 [0 0 0 1 1 0 0 0 1 0 0 0 0 0 1 0 0 0 0 0 0]
 [0 0 1 0 0 0 0 0 0 0 1 0 0 1 0 1 1 0 1 0 0]
 [0 0 0 0 0 1 0 0 0 0 0 0 0 0 0 0 0 0 0 0 0]
 [0 1 0 0 0 0 1 0 0 1 0 0 1 0 0 0 0 1 0 0 0]
 [0 0 0 0 0 0 0 1 0 0 0 1 0 0 0 0 0 0 0 1 1]]
