params：
 weight-->(1, 10)
 proc_times-->(1, 100)
 setup_times-->(30, 60)
 delivery_times-->(1, 30)
 job_rate-->5.0

start:
alpha_1
5.0
 alpha_2
1.0
 mach
4
 job
20
 fam
5
 weigh
 [[0 9 1 1 7 1 3 4 9 7 2 5 7 2 4 2 5 5 2 6 3]]
 proc_times
 [[  0   9  91   5  29  73  59  26  46  98  61 100   3  10  32  68  15  14
   63  91  11]
 [  0  77  17  19  83  39  84  26  44  92  43  36  57  15  57  75  34  55
   62  92  96]
 [  0  65  41  26  30  35  51  49  56  85  70  14  44  49  96  11  21  21
   46  24 100]
 [  0  35  66  50  80  84  11  25  60  69  80  40  44  11  56  40  29  67
   11  77  69]]
 setup_times
 [[[ 0 41 58 40 44 47]
  [ 0  0 49 48 30 36]
  [ 0 51  0 47 43 31]
  [ 0 37 41  0 47 58]
  [ 0 45 48 45  0 37]
  [ 0 44 47 54 30  0]]

 [[ 0 52 43 49 39 58]
  [ 0  0 35 41 54 31]
  [ 0 42  0 55 48 54]
  [ 0 55 46  0 35 30]
  [ 0 44 41 33  0 45]
  [ 0 32 55 36 58  0]]

 [[ 0 33 52 36 36 46]
  [ 0  0 40 53 32 54]
  [ 0 46  0 43 40 49]
  [ 0 35 42  0 41 49]
  [ 0 57 43 40  0 48]
  [ 0 55 54 46 43  0]]

 [[ 0 30 34 37 35 34]
  [ 0  0 51 53 36 43]
  [ 0 32  0 30 50 38]
  [ 0 53 32  0 40 52]
  [ 0 52 38 30  0 37]
  [ 0 53 50 47 32  0]]]
 delivery_times
 [[ 0 25 10 22 27 10 21  4 28  2 29  7  4  4  3 13  5 17 26  7  6]
 [ 0 10  9 16 29  2 25  9 25 17 10 14  6 23  6  1 21 19 13 10  3]
 [ 0 12 26 14 27 28 27  8 21  8  9  4 25 25  9 14  4 24 24 15  4]
 [ 0  3 22  7  1 11 11  4 10 21  5 16 20  3 16 15 23 14  1 28 16]]
 job2fam
 [[1 0 0 0 0 0 0 0 0 0 0 0 0 0 0 0 0 0 0 0 0]
 [0 0 0 1 1 0 0 0 1 0 0 0 0 0 1 0 0 0 0 0 0]
 [0 0 1 0 0 0 0 0 0 0 1 0 0 1 0 1 1 0 1 0 0]
 [0 0 0 0 0 1 0 0 0 0 0 0 0 0 0 0 0 0 0 0 0]
 [0 1 0 0 0 0 1 0 0 1 0 0 1 0 0 0 0 1 0 0 0]
 [0 0 0 0 0 0 0 1 0 0 0 1 0 0 0 0 0 0 0 1 1]]
