params：
 weight-->(1, 10)
 proc_times-->(1, 100)
 setup_times-->(30, 60)
 delivery_times-->(1, 100)
 job_rate-->5.0

start:
alpha_1
5.0
 alpha_2
1.0
 mach
4
 job
20
 fam
5
 weigh
 [[0 9 3 2 2 9 3 4 3 4 3 6 9 7 3 7 7 2 9 4 6]]
 proc_times
 [[ 0 96 46 68 82 75 38 85 23  3 88 71 56 70 93 57 27 75 50 83 49]
 [ 0  8 20 50 20 87 86 40 67 82  3 59  6 29 63 94 17 66 64 96  6]
 [ 0 46 28 53 95  4  9 78 41 45 77 19  6 17 80 49 51 16 37 43 14]
 [ 0 83 35 50 78 73 65 22 59 12 22 94 45 97 67 71 25 83 23 27  9]]
 setup_times
 [[[ 0 51 49 59 41 49]
  [ 0  0 42 32 38 45]
  [ 0 41  0 37 59 58]
  [ 0 34 33  0 36 35]
  [ 0 54 53 53  0 36]
  [ 0 44 41 52 31  0]]

 [[ 0 52 58 52 57 36]
  [ 0  0 59 40 42 40]
  [ 0 34  0 35 36 52]
  [ 0 50 46  0 57 33]
  [ 0 35 54 59  0 33]
  [ 0 47 47 55 34  0]]

 [[ 0 45 31 57 37 43]
  [ 0  0 54 58 39 37]
  [ 0 48  0 37 37 59]
  [ 0 34 54  0 47 44]
  [ 0 54 30 52  0 34]
  [ 0 55 33 53 40  0]]

 [[ 0 32 47 46 44 54]
  [ 0  0 56 57 52 48]
  [ 0 36  0 43 47 44]
  [ 0 51 59  0 58 33]
  [ 0 38 48 32  0 51]
  [ 0 58 37 58 51  0]]]
 delivery_times
 [[ 0 21 52 26 40 12 32 22 85 22 51 48 48 18 74 11 20 50 77 72 35]
 [ 0 65 14 85 34 48 76 58 77 91 49 16 29 83 37 84 10 44 87 47 64]
 [ 0 32 90  3 44 38 43  8 15 36 52 33 54 44 32 58 10 40 35  6 25]
 [ 0 89 90 73 44 61 95 38 82 32 85 13 39 65 27 67 34  6 85 64 70]]
 job2fam
 [[1 0 0 0 0 0 0 0 0 0 0 0 0 0 0 0 0 0 0 0 0]
 [0 0 0 1 1 0 0 0 1 0 0 0 0 0 1 0 0 0 0 0 0]
 [0 0 1 0 0 0 0 0 0 0 1 0 0 1 0 1 1 0 1 0 0]
 [0 0 0 0 0 1 0 0 0 0 0 0 0 0 0 0 0 0 0 0 0]
 [0 1 0 0 0 0 1 0 0 1 0 0 1 0 0 0 0 1 0 0 0]
 [0 0 0 0 0 0 0 1 0 0 0 1 0 0 0 0 0 0 0 1 1]]
