params：
 weight-->(1, 10)
 proc_times-->(1, 100)
 setup_times-->(30, 60)
 delivery_times-->(1, 100)
 job_rate-->5.0

start:
alpha_1
5.0
 alpha_2
1.0
 mach
4
 job
20
 fam
5
 weigh
 [[0 8 1 7 1 8 9 6 2 3 1 3 2 2 1 5 2 5 9 1 4]]
 proc_times
 [[  0  85  43   1  82  27  19  93  23  75  75  71  90   3  50   9  13   3
   25  20  95]
 [  0  63  61  69  31   8  89   5  23  86  15  95  16  17  32  90  13  25
   73  38  93]
 [  0  79  99   1  80  21  58  97  98  87  14  56  26   4  58  94   6  54
   70  19  18]
 [  0  57 100  89  13   9  66  94  21  29  76  84  31  42  98   8  89  50
   85  90  85]]
 setup_times
 [[[ 0 42 58 43 42 30]
  [ 0  0 41 58 56 45]
  [ 0 54  0 35 30 52]
  [ 0 46 56  0 47 41]
  [ 0 48 52 58  0 57]
  [ 0 40 39 38 36  0]]

 [[ 0 41 58 54 45 34]
  [ 0  0 37 48 37 38]
  [ 0 45  0 52 34 33]
  [ 0 47 45  0 54 50]
  [ 0 57 30 44  0 46]
  [ 0 50 57 49 47  0]]

 [[ 0 30 57 59 51 37]
  [ 0  0 44 32 31 31]
  [ 0 31  0 45 59 33]
  [ 0 52 57  0 32 57]
  [ 0 42 42 34  0 57]
  [ 0 43 48 54 31  0]]

 [[ 0 41 58 54 30 39]
  [ 0  0 31 58 44 55]
  [ 0 38  0 31 51 38]
  [ 0 54 34  0 39 39]
  [ 0 37 41 42  0 43]
  [ 0 36 45 59 33  0]]]
 delivery_times
 [[ 0 11 41 53 18 86  7 15 41 82 96 59 91 47 55 28 25  9 45 78  7]
 [ 0 23 21 40 13 49 85 34 63 84 70 96  9 11 12 84  2 11 84 67 20]
 [ 0 17 45 73 86  5 56 36 84 61 35 16 81 57 78 80 68 83 28 17 65]
 [ 0 86 29 12 84 35 66 41 72 44 31 18  3 57 16 35 63 36 15 62 66]]
 job2fam
 [[1 0 0 0 0 0 0 0 0 0 0 0 0 0 0 0 0 0 0 0 0]
 [0 0 0 1 1 0 0 0 1 0 0 0 0 0 1 0 0 0 0 0 0]
 [0 0 1 0 0 0 0 0 0 0 1 0 0 1 0 1 1 0 1 0 0]
 [0 0 0 0 0 1 0 0 0 0 0 0 0 0 0 0 0 0 0 0 0]
 [0 1 0 0 0 0 1 0 0 1 0 0 1 0 0 0 0 1 0 0 0]
 [0 0 0 0 0 0 0 1 0 0 0 1 0 0 0 0 0 0 0 1 1]]
