params：
 weight-->(1, 10)
 proc_times-->(1, 100)
 setup_times-->(30, 60)
 delivery_times-->(100, 200)
 job_rate-->5.0

start:
alpha_1
5.0
 alpha_2
1.0
 mach
2
 job
10
 fam
3
 weigh
 [[0 2 6 5 2 3 6 9 1 3 7]]
 proc_times
 [[ 0 47 62 49 31 90 65 83 95 32 91]
 [ 0 68 91 88 85 40 93 74 75 14 80]]
 setup_times
 [[[ 0 58 35 58]
  [ 0  0 43 59]
  [ 0 38  0 31]
  [ 0 46 53  0]]

 [[ 0 30 50 44]
  [ 0  0 47 39]
  [ 0 54  0 52]
  [ 0 50 58  0]]]
 delivery_times
 [[  0 187 125 188 153 129 152 191 134 126 145]
 [  0 119 100 150 198 187 183 160 139 107 164]]
 job2fam
 [[1 0 0 0 0 0 0 0 0 0 0]
 [0 0 0 0 0 0 0 1 0 0 1]
 [0 1 1 1 0 0 0 0 0 0 0]
 [0 0 0 0 1 1 1 0 1 1 0]]
