params：
 weight-->(1, 10)
 proc_times-->(1, 100)
 setup_times-->(30, 60)
 delivery_times-->(100, 200)
 job_rate-->5.0

start:
alpha_1
5.0
 alpha_2
1.0
 mach
4
 job
20
 fam
5
 weigh
 [[0 6 7 3 9 3 1 5 7 7 7 5 8 3 3 7 2 5 3 2 9]]
 proc_times
 [[  0  25  26  89  21  91  12  27  29  60  71  14  95  42  60  89  41  52
   46  43   5]
 [  0  46  11  17  79  50  77  77  82  76  88   4  21   7  76  52  33  36
   37  11 100]
 [  0  33   6  51  96  88  29  23  37  50  51  96  49  75  72  12  13  45
   77  62  80]
 [  0   2  91  71  37  53  11  31  75   6   3  31  54  64  85  85  70  83
   15  46  46]]
 setup_times
 [[[ 0 56 40 39 42 40]
  [ 0  0 47 34 46 55]
  [ 0 39  0 37 55 55]
  [ 0 56 49  0 30 31]
  [ 0 36 53 47  0 45]
  [ 0 58 58 53 30  0]]

 [[ 0 58 33 57 44 44]
  [ 0  0 38 53 41 48]
  [ 0 44  0 37 48 36]
  [ 0 44 35  0 32 59]
  [ 0 33 54 48  0 54]
  [ 0 38 34 31 59  0]]

 [[ 0 44 56 42 57 54]
  [ 0  0 57 33 52 31]
  [ 0 44  0 36 49 47]
  [ 0 39 46  0 44 34]
  [ 0 59 43 53  0 52]
  [ 0 42 43 52 58  0]]

 [[ 0 48 57 59 48 49]
  [ 0  0 42 53 48 59]
  [ 0 42  0 51 54 55]
  [ 0 45 32  0 42 45]
  [ 0 54 46 58  0 34]
  [ 0 41 54 43 32  0]]]
 delivery_times
 [[  0 180 193 189 180 130 162 143 127 126 146 166 131 152 111 144 106 196
  186 164 169]
 [  0 105 150 196 112 179 169 171 130 111 161 119 160 196 189 130 174 162
  197 102 172]
 [  0 134 182 154 108 165 146 137 134 145 144 198 179 148 149 134 180 120
  192 147 195]
 [  0 102 122 131 192 171 167 181 171 145 128 134 170 100 121 115 119 176
  189 198 174]]
 job2fam
 [[1 0 0 0 0 0 0 0 0 0 0 0 0 0 0 0 0 0 0 0 0]
 [0 0 0 1 1 0 0 0 1 0 0 0 0 0 1 0 0 0 0 0 0]
 [0 0 1 0 0 0 0 0 0 0 1 0 0 1 0 1 1 0 1 0 0]
 [0 0 0 0 0 1 0 0 0 0 0 0 0 0 0 0 0 0 0 0 0]
 [0 1 0 0 0 0 1 0 0 1 0 0 1 0 0 0 0 1 0 0 0]
 [0 0 0 0 0 0 0 1 0 0 0 1 0 0 0 0 0 0 0 1 1]]
