params：
 weight-->(1, 10)
 proc_times-->(1, 100)
 setup_times-->(30, 60)
 delivery_times-->(170, 200)
 job_rate-->5.0

start:
alpha_1
5.0
 alpha_2
1.0
 mach
4
 job
20
 fam
5
 weigh
 [[0 4 2 3 6 9 1 3 4 5 7 4 3 8 7 5 9 2 6 7 5]]
 proc_times
 [[  0  35  99  94  57   9  36  47   2  31  62   7  65  55 100  25  35   8
   11  13  12]
 [  0  86  15  65  16  68  19  26  24  79  62  92  41  54  25  91  92  74
   61  82  83]
 [  0  52  58  32  17  30  53  97  31  46  59  89  50  67   6  24  45  68
   36   3  96]
 [  0  76  12  82  88  83  82  35  17  67  66  67  68  63  95  55  34  53
    1  51  14]]
 setup_times
 [[[ 0 34 32 46 41 41]
  [ 0  0 50 43 55 57]
  [ 0 35  0 54 42 52]
  [ 0 45 52  0 58 49]
  [ 0 37 37 34  0 53]
  [ 0 58 35 56 53  0]]

 [[ 0 44 59 30 54 39]
  [ 0  0 34 57 52 32]
  [ 0 49  0 52 43 30]
  [ 0 44 51  0 31 39]
  [ 0 40 32 48  0 57]
  [ 0 37 36 56 46  0]]

 [[ 0 38 57 46 55 52]
  [ 0  0 55 31 37 53]
  [ 0 53  0 43 42 40]
  [ 0 32 55  0 54 47]
  [ 0 50 57 30  0 46]
  [ 0 43 34 47 40  0]]

 [[ 0 57 33 58 31 41]
  [ 0  0 50 31 54 37]
  [ 0 33  0 53 39 50]
  [ 0 47 35  0 32 30]
  [ 0 40 44 33  0 56]
  [ 0 47 33 31 55  0]]]
 delivery_times
 [[  0 192 174 199 182 199 186 174 173 185 192 188 191 194 180 187 194 173
  178 171 184]
 [  0 170 184 191 198 191 197 184 184 175 188 187 188 175 196 177 196 176
  171 198 191]
 [  0 180 177 185 196 191 187 189 174 198 187 194 175 197 183 192 189 199
  174 182 190]
 [  0 190 197 170 193 189 181 192 176 174 197 188 197 184 186 185 197 180
  172 196 188]]
 job2fam
 [[1 0 0 0 0 0 0 0 0 0 0 0 0 0 0 0 0 0 0 0 0]
 [0 0 0 1 1 0 0 0 1 0 0 0 0 0 1 0 0 0 0 0 0]
 [0 0 1 0 0 0 0 0 0 0 1 0 0 1 0 1 1 0 1 0 0]
 [0 0 0 0 0 1 0 0 0 0 0 0 0 0 0 0 0 0 0 0 0]
 [0 1 0 0 0 0 1 0 0 1 0 0 1 0 0 0 0 1 0 0 0]
 [0 0 0 0 0 0 0 1 0 0 0 1 0 0 0 0 0 0 0 1 1]]
