params：
 weight-->(1, 10)
 proc_times-->(1, 100)
 setup_times-->(60, 120)
 delivery_times-->(1, 30)
 job_rate-->5.0

start:
alpha_1
5.0
 alpha_2
2.0
 mach
4
 job
20
 fam
5
 weigh
 [[0 5 2 9 2 5 9 2 8 6 8 9 7 1 8 2 9 7 9 5 3]]
 proc_times
 [[ 0 75 25 59 34 86  3 20 85  9 56 64 92 14 95 68 69  1 98 10 27]
 [ 0 75 51 56  3 87 66 69 34 85 34  3 86  9  2 54 68 76  6 87 79]
 [ 0 27 85 20 10 91 27 98 49 39 18 59 38 94  7 61 90  6 30 59 17]
 [ 0 90 52 70 42 27 34 95 44 40 40 94 60 25 69 92 83 36  5 74 40]]
 setup_times
 [[[  0  70  95  73  92  73]
  [  0   0  91  74  69  69]
  [  0  83   0 103 111  88]
  [  0  65  61   0 117 119]
  [  0  76  60 110   0 109]
  [  0  89  78  95  74   0]]

 [[  0  65  61  78 115 113]
  [  0   0  96 107 116  80]
  [  0  75   0  60  75  75]
  [  0  64 112   0 119 117]
  [  0 108  99  92   0  75]
  [  0  95 112  72  98   0]]

 [[  0  75  98  97  72  70]
  [  0   0  77  69  67  69]
  [  0  60   0 113  95  89]
  [  0  62 101   0 100  69]
  [  0  70 101  84   0 101]
  [  0  76  66  63  82   0]]

 [[  0 109  81  79  77  81]
  [  0   0  96  75  93 115]
  [  0  66   0  97  65  94]
  [  0  60  91   0 103  81]
  [  0 104  62  86   0 117]
  [  0  60  82  66  99   0]]]
 delivery_times
 [[ 0 28 24  7  8 14 21 17 29 23 26 22 21 21 26  8 20 13 24 22 17]
 [ 0 13  1 18 15  3  4 20 25 16 24 17 20 27  2 15 14 28 19  5 29]
 [ 0 18  9 14  9 22 14 19 28  6 16 23 18  3 13  6 24 10 21  8 19]
 [ 0 16  7 27  5 28 15 25 22 15 24 15 13 25 17 22 27 28 29 28 20]]
 job2fam
 [[1 0 0 0 0 0 0 0 0 0 0 0 0 0 0 0 0 0 0 0 0]
 [0 0 0 1 1 0 0 0 1 0 0 0 0 0 1 0 0 0 0 0 0]
 [0 0 1 0 0 0 0 0 0 0 1 0 0 1 0 1 1 0 1 0 0]
 [0 0 0 0 0 1 0 0 0 0 0 0 0 0 0 0 0 0 0 0 0]
 [0 1 0 0 0 0 1 0 0 1 0 0 1 0 0 0 0 1 0 0 0]
 [0 0 0 0 0 0 0 1 0 0 0 1 0 0 0 0 0 0 0 1 1]]
