params：
 weight-->(1, 10)
 proc_times-->(1, 100)
 setup_times-->(15, 30)
 delivery_times-->(1, 100)
 job_rate-->7.5

start:
alpha_1
7.5
 alpha_2
0.5
 mach
4
 job
30
 fam
3
 weigh
 [[0 6 2 2 5 1 8 5 3 3 3 5 9 1 6 1 3 2 9 2 9 7 3 6 4 3 4 6 9 2 3]]
 proc_times
 [[  0  36  42   4  93  21  95  16  90  40  86  50  71   2  41  54  96  99
   56   7  98  99  81  55  61  79  65   8  64  91  31]
 [  0  39  73  58  75  19  28  79  13  22  59  43  58  17  78   3  52  31
   73  57  52  54  68  66  21  18  32  26  99  60  24]
 [  0  44  21  42  27 100  74   2  33  98  49  59  89  95  81  68  33  72
   20  52  50  39  81  23  25  96 100  18  92  28  46]
 [  0  25   1  78  90  34  34  26  60  57  75  50  33  51  72  28  18  70
   12   3  46   6  72  60  51  42  97  58  27  25  17]]
 setup_times
 [[[ 0 23 24 27]
  [ 0  0 25 19]
  [ 0 28  0 27]
  [ 0 16 27  0]]

 [[ 0 28 21 28]
  [ 0  0 25 21]
  [ 0 24  0 24]
  [ 0 25 18  0]]

 [[ 0 26 20 22]
  [ 0  0 24 21]
  [ 0 21  0 21]
  [ 0 23 21  0]]

 [[ 0 27 28 24]
  [ 0  0 26 16]
  [ 0 25  0 29]
  [ 0 17 18  0]]]
 delivery_times
 [[ 0 53 11 76 69 83 93 68 39 22 85 29 49 21  6 56 88 15 68 30 76 83 98 96
  73 58 11  2  6  9 63]
 [ 0 25 68 85  5 21 18 43 75 18 25 42 97 27 58 28 11 14 77 34 45 67 35 70
  10 81 24  5 10 86 26]
 [ 0 88 89 19 86 25 55  3 99 72 51 61 21 31 68  5 29 61 93 84  1 88 25 95
  59 90 64 82 44 91 49]
 [ 0 49  4 73 74  8 50 16 41 99 95 45 18 33  2 64 58 55 48 98 13 39 63 23
  86 94 42 28 60 49 22]]
 job2fam
 [[1 0 0 0 0 0 0 0 0 0 0 0 0 0 0 0 0 0 0 0 0 0 0 0 0 0 0 0 0 0 0]
 [0 0 0 0 0 0 0 1 1 0 1 0 0 0 0 0 0 0 1 0 1 0 0 0 0 0 1 1 1 1 1]
 [0 0 0 0 0 1 0 0 0 0 0 1 0 1 0 0 0 1 0 0 0 0 1 1 1 1 0 0 0 0 0]
 [0 1 1 1 1 0 1 0 0 1 0 0 1 0 1 1 1 0 0 1 0 1 0 0 0 0 0 0 0 0 0]]
