params：
 weight-->(1, 10)
 proc_times-->(1, 100)
 setup_times-->(15, 30)
 delivery_times-->(1, 30)
 job_rate-->7.5

start:
alpha_1
7.5
 alpha_2
0.5
 mach
4
 job
30
 fam
3
 weigh
 [[0 9 8 7 2 5 4 4 6 2 9 9 9 2 3 7 1 1 5 9 3 7 7 5 9 3 2 5 5 8 3]]
 proc_times
 [[  0  51  17  99  73  30  38  65  15   1  89  29  32  25   6  61  36  53
   79  43   7  32  89  81  62  58  87  72  91  96  67]
 [  0  82  88  27  91  38  96  44 100  64  99  75  99  58  81   3  41  65
   66  72  54  33  89  43  30  26  61  31  35   6  65]
 [  0  21  25  98  34  53  61  95  85  14  68  26  22  24  79   8  31  14
   95  62  70  42  98   4  46  18  45   8  75  78  73]
 [  0   4   9  62  14  83  91  30  50   2  65  63  38  76  25  15  18  59
   55  44  13  10  88  79 100  83  65  45  92  20  66]]
 setup_times
 [[[ 0 23 16 25]
  [ 0  0 20 29]
  [ 0 16  0 21]
  [ 0 24 18  0]]

 [[ 0 22 17 16]
  [ 0  0 15 16]
  [ 0 21  0 27]
  [ 0 24 23  0]]

 [[ 0 29 15 23]
  [ 0  0 15 29]
  [ 0 24  0 22]
  [ 0 17 17  0]]

 [[ 0 21 25 28]
  [ 0  0 15 22]
  [ 0 20  0 17]
  [ 0 22 23  0]]]
 delivery_times
 [[ 0 22 20 29 23  1  1 15 16 26 25 15 25 20 10 26  4  3 14  2 26 16  2 29
  24 25 14 17 18  8 14]
 [ 0 18 20 10 29 17 15 10  9 16 22 15 14  3 17 17  8 18  5 21  7 23  2  1
  23 17  4  3 21 12 21]
 [ 0  6 26 17  9 18 10 12  3 27 29  6 22 25 22 22 16 27 27  4 14 13 25 20
  16 16  9 29 27 27  8]
 [ 0 28  3  9 23  8 10 22 11 10  1 20 27 19  8  8 22 22 28 17 29 27 25 25
   7 29 26 10  2  5 12]]
 job2fam
 [[1 0 0 0 0 0 0 0 0 0 0 0 0 0 0 0 0 0 0 0 0 0 0 0 0 0 0 0 0 0 0]
 [0 0 0 0 0 0 0 1 1 0 1 0 0 0 0 0 0 0 1 0 1 0 0 0 0 0 1 1 1 1 1]
 [0 0 0 0 0 1 0 0 0 0 0 1 0 1 0 0 0 1 0 0 0 0 1 1 1 1 0 0 0 0 0]
 [0 1 1 1 1 0 1 0 0 1 0 0 1 0 1 1 1 0 0 1 0 1 0 0 0 0 0 0 0 0 0]]
