params：
 weight-->(1, 10)
 proc_times-->(1, 100)
 setup_times-->(15, 30)
 delivery_times-->(1, 100)
 job_rate-->7.5

start:
alpha_1
7.5
 alpha_2
0.5
 mach
4
 job
30
 fam
3
 weigh
 [[0 3 4 5 5 7 3 9 1 4 8 3 5 9 7 9 6 4 2 5 1 6 3 2 8 3 4 2 3 5 1]]
 proc_times
 [[  0  44  63  99  11  90  30  85  54  20  21  79 100  61  90   6  65   8
   53  78  62  42   4  96  48  21  55  61  85  78  17]
 [  0  98  20  52   7  15  17  28  42  39  71  55   9  77  38  29  35  26
   91  25  98  20  49   1  96  16  81  76   8  45  56]
 [  0  14  57  36  46  57  19  87  95  17  28   1  34  92  66  85  89  21
   99  17  25  12  62  32  80  94  66  36  14  16   7]
 [  0  34  55  33  39  61  20  58  73  14  24  22  70  51  92  32  82  56
   59  48  38  61  53  82  70  98   6  31  79   1  56]]
 setup_times
 [[[ 0 23 20 29]
  [ 0  0 21 21]
  [ 0 21  0 18]
  [ 0 15 23  0]]

 [[ 0 24 27 28]
  [ 0  0 28 24]
  [ 0 22  0 19]
  [ 0 28 25  0]]

 [[ 0 26 21 16]
  [ 0  0 17 16]
  [ 0 25  0 19]
  [ 0 16 16  0]]

 [[ 0 19 23 19]
  [ 0  0 29 24]
  [ 0 24  0 23]
  [ 0 21 29  0]]]
 delivery_times
 [[ 0 16 57 39 54 64 98 33 99 15 61 80 33 78  2 22 47 84 99  2 38 79 86 83
  43 54 22 88 37 27 57]
 [ 0 90 57  8 66 67 38 43 24 63 76 69 85 96 73 86 71 78 56 23  7 25 50 76
  66 66 84 69 50 87 12]
 [ 0 47  5 45  6 46 87 97 79  3  3 21 13 93 80 40 15 62 55 10 41 63 59 31
  10 80 46 87 76 91 63]
 [ 0 48 32 72 62 17 19  5 80 51 45 13 10 18 99 86 94 62 48 84 50 41 63 59
  51 73 82  1 16 18 20]]
 job2fam
 [[1 0 0 0 0 0 0 0 0 0 0 0 0 0 0 0 0 0 0 0 0 0 0 0 0 0 0 0 0 0 0]
 [0 0 0 0 0 0 0 1 1 0 1 0 0 0 0 0 0 0 1 0 1 0 0 0 0 0 1 1 1 1 1]
 [0 0 0 0 0 1 0 0 0 0 0 1 0 1 0 0 0 1 0 0 0 0 1 1 1 1 0 0 0 0 0]
 [0 1 1 1 1 0 1 0 0 1 0 0 1 0 1 1 1 0 0 1 0 1 0 0 0 0 0 0 0 0 0]]
