params：
 weight-->(1, 10)
 proc_times-->(1, 100)
 setup_times-->(15, 30)
 delivery_times-->(1, 100)
 job_rate-->7.5

start:
alpha_1
7.5
 alpha_2
0.5
 mach
4
 job
30
 fam
3
 weigh
 [[0 7 3 8 4 8 7 5 4 5 9 4 3 4 6 6 9 2 6 4 9 5 7 5 2 9 3 1 6 5 9]]
 proc_times
 [[ 0 27 43 68 16 52 29 99 52 68 63 13 67 18 51 87  4 98 86  4 62 40 28 86
   7 54 90 20 24 16 62]
 [ 0 40 12  6  3 44 70 49 88 41 19 99 57 88 13 59 66 19 75 24 35 29 26 66
  17 74 87 51  4 63 19]
 [ 0 86 25 87  1 76 91 40 95 19 88 52 41 65 30 31 59 19 17 17  6 41 75 32
  39 21  5 84 96 86 97]
 [ 0 38  5 22 60 74 58  3 40 69 91 55 15 52 44  6  5 95 58 99 92 25 53 43
  98 16  5 62 60 72 40]]
 setup_times
 [[[ 0 27 16 27]
  [ 0  0 22 24]
  [ 0 24  0 21]
  [ 0 25 24  0]]

 [[ 0 19 19 27]
  [ 0  0 29 23]
  [ 0 24  0 24]
  [ 0 24 18  0]]

 [[ 0 15 16 18]
  [ 0  0 28 17]
  [ 0 18  0 20]
  [ 0 26 28  0]]

 [[ 0 18 17 17]
  [ 0  0 15 19]
  [ 0 22  0 27]
  [ 0 25 16  0]]]
 delivery_times
 [[ 0 58 61 59 80 27 31 34 74 47 51 30  3 74  9  5 29 57 33 23 19 77 31 51
  78  9 90 88 94 89 72]
 [ 0 19  2 20  3  6  8 85 29 52 99 90 25 11 48 21 50 68  3 14 29 20 62 98
  75 26 40 91 86 31 22]
 [ 0 14 61 99 73 88 30 56 14 83 31 56 22 42 11 89 22 79 78 43 97 50 72 40
  67 49 92 34 54 97 25]
 [ 0 66 68 36 47 93 12 19 25 14 48  9 93 59 68 19  9 13 33 20 97 83 95 28
   5 57 90 39  3 99 74]]
 job2fam
 [[1 0 0 0 0 0 0 0 0 0 0 0 0 0 0 0 0 0 0 0 0 0 0 0 0 0 0 0 0 0 0]
 [0 0 0 0 0 0 0 1 1 0 1 0 0 0 0 0 0 0 1 0 1 0 0 0 0 0 1 1 1 1 1]
 [0 0 0 0 0 1 0 0 0 0 0 1 0 1 0 0 0 1 0 0 0 0 1 1 1 1 0 0 0 0 0]
 [0 1 1 1 1 0 1 0 0 1 0 0 1 0 1 1 1 0 0 1 0 1 0 0 0 0 0 0 0 0 0]]
