params：
 weight-->(1, 10)
 proc_times-->(1, 100)
 setup_times-->(15, 30)
 delivery_times-->(100, 200)
 job_rate-->7.5

start:
alpha_1
7.5
 alpha_2
0.5
 mach
4
 job
30
 fam
3
 weigh
 [[0 2 9 9 6 1 8 7 2 1 4 7 5 9 7 5 9 6 7 6 1 1 9 7 3 8 6 4 8 2 9]]
 proc_times
 [[ 0 94 36  4  5 19 75 99 68 28  4 81 55 82 41 63 46 28 88 21 21 41 67 41
  53 39 78 96 59 10 23]
 [ 0 34 97 11 19 46 60 76 72 48 86 45 55 69 80 61 11 46 18 42 50 74 85 98
   8 20 84 17 78 66 58]
 [ 0 53 44 74 86 14  4 48 79 36 59 70 97 49 33 80 77 94 86  9  1 76 76 11
  77 36 98 16 94 57 35]
 [ 0 71 60  6 27 85 25 79 66 82 13 30 50 37 54 35 31 75 60 23 75 93  6 74
  80 91 13 69 11 29 47]]
 setup_times
 [[[ 0 22 29 15]
  [ 0  0 15 25]
  [ 0 22  0 21]
  [ 0 28 21  0]]

 [[ 0 15 28 29]
  [ 0  0 22 22]
  [ 0 26  0 26]
  [ 0 22 27  0]]

 [[ 0 15 28 24]
  [ 0  0 16 28]
  [ 0 26  0 28]
  [ 0 22 22  0]]

 [[ 0 18 20 28]
  [ 0  0 18 18]
  [ 0 18  0 29]
  [ 0 27 20  0]]]
 delivery_times
 [[  0 180 132 174 199 117 189 135 170 132 126 157 119 137 190 121 132 127
  119 184 164 118 195 184 119 158 119 183 199 193 165]
 [  0 113 102 117 122 144 107 193 172 116 188 185 143 119 196 103 147 144
  118 159 164 115 148 177 108 143 164 125 185 162 147]
 [  0 158 193 152 168 157 197 167 144 190 101 110 194 131 159 147 141 184
  198 146 131 175 172 152 194 156 189 185 119 141 127]
 [  0 139 169 160 174 135 138 163 125 189 170 163 121 128 103 156 154 119
  161 192 118 146 119 158 154 183 161 147 106 191 193]]
 job2fam
 [[1 0 0 0 0 0 0 0 0 0 0 0 0 0 0 0 0 0 0 0 0 0 0 0 0 0 0 0 0 0 0]
 [0 0 0 0 0 0 0 1 1 0 1 0 0 0 0 0 0 0 1 0 1 0 0 0 0 0 1 1 1 1 1]
 [0 0 0 0 0 1 0 0 0 0 0 1 0 1 0 0 0 1 0 0 0 0 1 1 1 1 0 0 0 0 0]
 [0 1 1 1 1 0 1 0 0 1 0 0 1 0 1 1 1 0 0 1 0 1 0 0 0 0 0 0 0 0 0]]
