params：
 weight-->(1, 10)
 proc_times-->(1, 100)
 setup_times-->(30, 60)
 delivery_times-->(1, 100)
 job_rate-->7.5

start:
alpha_1
7.5
 alpha_2
1.0
 mach
4
 job
30
 fam
3
 weigh
 [[0 3 9 1 8 9 1 7 8 6 9 3 3 4 9 3 2 5 8 1 4 4 8 6 7 2 9 3 6 1 6]]
 proc_times
 [[  0  61  77   2   6  74  47  65  71 100  20  69  15  35  76  45  69  88
   49  95  39  55  74  44  52  39  59   3  66  89  86]
 [  0   2  26  89  84  64  28  92  48  13  87  89  83  80  65  78  79  91
   14  76  66  28  62  60  11   6  70  92  37  44  45]
 [  0  54  40  86  92  35  21  36  38  68  35  33  76  21   3  26  64  31
   22  46  28  13   7  62  14  31  37  64  35  73 100]
 [  0  68  55  50  20  16  34  48  18   2  67  19  64  30  49  48  77  79
   38  93  10  65  61  63  61   7  21  27   5  51  71]]
 setup_times
 [[[ 0 55 59 37]
  [ 0  0 45 43]
  [ 0 39  0 38]
  [ 0 32 59  0]]

 [[ 0 50 49 39]
  [ 0  0 59 38]
  [ 0 41  0 53]
  [ 0 34 47  0]]

 [[ 0 59 35 37]
  [ 0  0 33 35]
  [ 0 44  0 30]
  [ 0 55 31  0]]

 [[ 0 42 31 48]
  [ 0  0 30 52]
  [ 0 54  0 33]
  [ 0 48 32  0]]]
 delivery_times
 [[ 0  2 55 70  1  5 89 20  7 98 21 67 82 21 46 82 53 88 64 65 73 37 77 49
  10 27 23 78  7 87 73]
 [ 0 57  2 89 58 54 70 47  7 82 89 76  7 52 17 85 37 65 82 20 23 92 33 42
  57 36 31 87 78 31 48]
 [ 0 22 95 84 61 96 18 92 77 70 78 24 98 98 68 67 18  8 98 59 90 35 99 88
  54 90  6 62  1 70 43]
 [ 0 47 87 84 22 45  3 38 75 12 35 51 71 80 89 38 72 19 60 44 76 59 11 74
  61 75 80 27  7 13 57]]
 job2fam
 [[1 0 0 0 0 0 0 0 0 0 0 0 0 0 0 0 0 0 0 0 0 0 0 0 0 0 0 0 0 0 0]
 [0 0 0 0 0 0 0 1 1 0 1 0 0 0 0 0 0 0 1 0 1 0 0 0 0 0 1 1 1 1 1]
 [0 0 0 0 0 1 0 0 0 0 0 1 0 1 0 0 0 1 0 0 0 0 1 1 1 1 0 0 0 0 0]
 [0 1 1 1 1 0 1 0 0 1 0 0 1 0 1 1 1 0 0 1 0 1 0 0 0 0 0 0 0 0 0]]
