params：
 weight-->(1, 10)
 proc_times-->(1, 100)
 setup_times-->(30, 60)
 delivery_times-->(100, 200)
 job_rate-->7.5

start:
alpha_1
7.5
 alpha_2
1.0
 mach
4
 job
30
 fam
3
 weigh
 [[0 8 9 2 2 6 3 1 6 4 9 8 1 3 1 1 8 6 3 4 8 2 5 7 9 4 9 9 4 3 2]]
 proc_times
 [[ 0 57 29  5 12 71 37 36 55 97 87 50 36 63 69 74 30 31 93  2 36  9 64 48
  14 82 27 26 92 25 28]
 [ 0 81 53 85 23 19 89 68 70 21 64 80 15 44 51 13 15 72  3 55 67  3 52 73
  97 81 57 49 53 77 73]
 [ 0 19 89 22 65 92 79 37 66 58 64 14 55 96 56 97 66 68  7 84 16 90 38 31
  52 25 63 64 29 50 27]
 [ 0 55  7  8 43 71 37 12 72 84 49 40 99 18 83 74 87 44 91 37 18 78 31 21
  47 96 83  8 46  6 45]]
 setup_times
 [[[ 0 39 41 50]
  [ 0  0 45 31]
  [ 0 52  0 31]
  [ 0 57 30  0]]

 [[ 0 59 54 59]
  [ 0  0 48 30]
  [ 0 59  0 59]
  [ 0 56 58  0]]

 [[ 0 57 53 53]
  [ 0  0 35 39]
  [ 0 40  0 31]
  [ 0 48 31  0]]

 [[ 0 58 42 39]
  [ 0  0 44 45]
  [ 0 44  0 48]
  [ 0 49 53  0]]]
 delivery_times
 [[  0 182 157 154 100 186 166 147 168 185 115 130 116 125 103 139 199 151
  176 142 160 135 127 127 111 179 147 137 135 173 128]
 [  0 156 129 157 190 188 143 139 142 104 187 188 145 107 167 194 160 110
  134 148 195 156 124 165 166 171 118 123 122 121 148]
 [  0 129 186 192 156 105 140 173 122 104 145 183 164 114 183 187 195 162
  141 124 141 175 124 135 135 142 109 115 129 131 178]
 [  0 117 173 188 129 165 182 148 102 103 105 102 160 140 173 118 104 134
  197 194 178 169 174 120 153 117 147 115 167 149 112]]
 job2fam
 [[1 0 0 0 0 0 0 0 0 0 0 0 0 0 0 0 0 0 0 0 0 0 0 0 0 0 0 0 0 0 0]
 [0 0 0 0 0 0 0 1 1 0 1 0 0 0 0 0 0 0 1 0 1 0 0 0 0 0 1 1 1 1 1]
 [0 0 0 0 0 1 0 0 0 0 0 1 0 1 0 0 0 1 0 0 0 0 1 1 1 1 0 0 0 0 0]
 [0 1 1 1 1 0 1 0 0 1 0 0 1 0 1 1 1 0 0 1 0 1 0 0 0 0 0 0 0 0 0]]
