params：
 weight-->(1, 10)
 proc_times-->(1, 100)
 setup_times-->(15, 30)
 delivery_times-->(1, 30)
 job_rate-->7.5

start:
alpha_1
7.5
 alpha_2
0.5
 mach
4
 job
30
 fam
5
 weigh
 [[0 8 9 6 3 8 8 5 4 6 6 5 2 3 9 7 5 8 7 4 7 6 3 7 4 8 3 2 4 2 9]]
 proc_times
 [[  0  85  28   1  52  35  93  30   4  14  98  23  96  37  41  44  24  44
   61  84  86 100  71   4  18  75  48  99  37  73  57]
 [  0  54  70  98  20   2  64  36  12  10  10  34  59  36  17  25  84  74
   12  55  46  92  16  67  82  71   4  35  74  65  88]
 [  0  70   3  47  42  37  58  30  72  57  37  55  76  28  34  42  45  79
   12  49  13   4  13  58  15  79  45  65  41  46  51]
 [  0  59  81  93  76  93  40  98  66  98  29  43  58  12  58  74  87  14
   32  74  17  86  66   9  35  66  85  16  69  70  87]]
 setup_times
 [[[ 0 21 23 20 21 17]
  [ 0  0 29 23 27 21]
  [ 0 17  0 23 27 21]
  [ 0 17 27  0 29 27]
  [ 0 27 17 20  0 23]
  [ 0 22 16 25 18  0]]

 [[ 0 19 18 22 25 28]
  [ 0  0 20 24 16 20]
  [ 0 18  0 16 22 20]
  [ 0 21 22  0 26 18]
  [ 0 21 29 22  0 24]
  [ 0 25 20 25 27  0]]

 [[ 0 24 15 25 19 20]
  [ 0  0 23 17 29 29]
  [ 0 24  0 20 24 17]
  [ 0 28 16  0 18 24]
  [ 0 22 16 27  0 18]
  [ 0 15 26 29 24  0]]

 [[ 0 19 16 16 24 24]
  [ 0  0 22 24 19 27]
  [ 0 24  0 19 25 20]
  [ 0 16 22  0 22 20]
  [ 0 18 15 22  0 26]
  [ 0 15 26 18 23  0]]]
 delivery_times
 [[ 0 11  6 10 29 12 24 25 11 15 11 11  8  8  3 17 20 12  8  6 25 21 22 25
  13 19 14 24 16  7 18]
 [ 0  6 29 20 17 10 29  7 21 10  2 10 24 11 18 20 13 11 29 13 18 23 14  1
  18 28 26 24 28 27  9]
 [ 0  6  3  2  1  5  1 23 19 29  9 10  6 22 18 10  5 17 11  7  2 28 19  8
  14 22 28  2 22  9 22]
 [ 0 17 20 16 16  3 14 23 14 29 23  6 14 27  5 23 18 29 16 28 18 24  8  9
   2 20 12 19 19 16  6]]
 job2fam
 [[1 0 0 0 0 0 0 0 0 0 0 0 0 0 0 0 0 0 0 0 0 0 0 0 0 0 0 0 0 0 0]
 [0 0 1 0 0 0 0 1 1 0 0 1 0 0 1 0 0 0 1 0 0 0 0 0 1 0 0 0 1 0 0]
 [0 0 0 0 0 1 0 0 0 0 0 0 0 0 0 0 0 0 0 0 1 0 0 0 0 0 1 0 0 1 0]
 [0 1 0 0 1 0 0 0 0 0 0 0 1 0 0 0 0 1 0 0 0 0 0 1 0 1 0 0 0 0 0]
 [0 0 0 1 0 0 1 0 0 0 0 0 0 0 0 0 0 0 0 0 0 1 0 0 0 0 0 1 0 0 0]
 [0 0 0 0 0 0 0 0 0 1 1 0 0 1 0 1 1 0 0 1 0 0 1 0 0 0 0 0 0 0 1]]
