params：
 weight-->(1, 10)
 proc_times-->(1, 100)
 setup_times-->(15, 30)
 delivery_times-->(1, 100)
 job_rate-->7.5

start:
alpha_1
7.5
 alpha_2
0.5
 mach
4
 job
30
 fam
5
 weigh
 [[0 2 5 9 3 6 4 4 4 7 9 9 7 5 3 9 1 1 9 1 5 1 2 7 4 9 3 5 6 7 7]]
 proc_times
 [[  0  19  99 100  11  52  70  87   8  27  15  89  29  73  25  24  54  36
   36  84   7  27   2  49  13  10  60  37  81 100  39]
 [  0  54  20  32  21  32  48  43  28  27  60  80  32  94  46  36 100  88
   47  50 100  89  71  72  76  67   6  53  86  85  64]
 [  0  87  28  57  85  57  23 100  64  89  21  65  50  91  69  97 100   5
   89  63  91  13  40 100  27  75  84  60  55  90  38]
 [  0  88  43  52  90  73  19  24  26  52  43  35  47  32  11  76  81   4
   31  53  70  21  89  12  82   7  77 100  30  16   9]]
 setup_times
 [[[ 0 16 23 17 29 17]
  [ 0  0 24 16 26 26]
  [ 0 21  0 28 25 16]
  [ 0 25 25  0 24 18]
  [ 0 21 15 29  0 21]
  [ 0 23 18 27 22  0]]

 [[ 0 21 16 16 20 21]
  [ 0  0 25 28 26 21]
  [ 0 27  0 29 21 27]
  [ 0 15 29  0 20 27]
  [ 0 26 26 25  0 18]
  [ 0 27 21 24 20  0]]

 [[ 0 23 28 23 23 23]
  [ 0  0 21 20 18 28]
  [ 0 25  0 15 25 25]
  [ 0 29 24  0 17 26]
  [ 0 21 23 18  0 19]
  [ 0 18 27 23 21  0]]

 [[ 0 25 19 19 29 21]
  [ 0  0 24 21 29 19]
  [ 0 22  0 25 27 23]
  [ 0 20 25  0 29 15]
  [ 0 25 23 26  0 17]
  [ 0 17 22 26 26  0]]]
 delivery_times
 [[ 0 59 85 37 45 21 26 92 86 15 66 32 16  8 51 94 44 97 35 85 55 29 80 44
  56 69 61 20 99 97 43]
 [ 0 20 26 18 69 78 61 59 89 93 40 88 61 50 46 33 29 31 90 89  6 86 97 87
  48 53 61 49 83 88 52]
 [ 0 81 58 33 30 37 73 12 42 20 65 48 20 38 61  1 10 37 59 20 27 70 37 93
   2 56 13 90 30 45 98]
 [ 0 41 44 69 39 50 25  6 30 47 41 47 40 22 69 88 97 86 81 57 23 68 53 55
  64 45 32 99 42  8 96]]
 job2fam
 [[1 0 0 0 0 0 0 0 0 0 0 0 0 0 0 0 0 0 0 0 0 0 0 0 0 0 0 0 0 0 0]
 [0 0 1 0 0 0 0 1 1 0 0 1 0 0 1 0 0 0 1 0 0 0 0 0 1 0 0 0 1 0 0]
 [0 0 0 0 0 1 0 0 0 0 0 0 0 0 0 0 0 0 0 0 1 0 0 0 0 0 1 0 0 1 0]
 [0 1 0 0 1 0 0 0 0 0 0 0 1 0 0 0 0 1 0 0 0 0 0 1 0 1 0 0 0 0 0]
 [0 0 0 1 0 0 1 0 0 0 0 0 0 0 0 0 0 0 0 0 0 1 0 0 0 0 0 1 0 0 0]
 [0 0 0 0 0 0 0 0 0 1 1 0 0 1 0 1 1 0 0 1 0 0 1 0 0 0 0 0 0 0 1]]
