params：
 weight-->(1, 10)
 proc_times-->(1, 100)
 setup_times-->(15, 30)
 delivery_times-->(1, 100)
 job_rate-->7.5

start:
alpha_1
7.5
 alpha_2
0.5
 mach
4
 job
30
 fam
5
 weigh
 [[0 4 3 2 1 9 8 5 5 4 1 8 4 1 1 6 5 6 2 8 4 1 1 7 3 3 3 9 9 8 5]]
 proc_times
 [[ 0 93 82 71 14 49 23 72 27 46 35 22 43 11 68 23 46 31  4 76 29 68 32  3
  37 51 98 90 29 15 27]
 [ 0 61 48 12 11 84 95 81 64 30 75 59 18 92 51 16 41 53 17 69 64 80 55 39
  63 60 35 71 65 27 55]
 [ 0 65 28 38 31 58 47 15 89  6 49 85  7 58 31 59 78 60 98 74 64 80 47 87
  79 27 87  9  4 75 66]
 [ 0 12 35 53 68 70 39 93 87 17 79 52 10 46 68 81 39 12 33 41 94 52 84 35
  26 46 57 88 71 20 43]]
 setup_times
 [[[ 0 24 27 23 25 19]
  [ 0  0 21 28 25 21]
  [ 0 18  0 20 17 19]
  [ 0 25 17  0 22 21]
  [ 0 18 28 25  0 20]
  [ 0 20 20 18 15  0]]

 [[ 0 23 15 27 16 26]
  [ 0  0 16 20 18 25]
  [ 0 16  0 26 22 15]
  [ 0 23 27  0 29 20]
  [ 0 26 20 19  0 19]
  [ 0 20 29 16 27  0]]

 [[ 0 24 23 27 18 28]
  [ 0  0 20 21 27 24]
  [ 0 25  0 22 28 20]
  [ 0 19 28  0 27 18]
  [ 0 25 24 27  0 22]
  [ 0 19 27 25 19  0]]

 [[ 0 17 26 23 21 19]
  [ 0  0 21 15 29 23]
  [ 0 29  0 23 16 21]
  [ 0 29 29  0 21 27]
  [ 0 23 26 26  0 29]
  [ 0 18 16 17 20  0]]]
 delivery_times
 [[ 0  6 19 91 98 79 50 42 74 55 26 27 29  3 58 92 87 49 53 42 83 50 31 98
  45 65 98 31 50  9 82]
 [ 0 79 81 75 82 12 10  5 16  4 51 35 75 98 74 96 98 75 27 94 84 31 48 36
  76 78  5  7 17 85 40]
 [ 0 59 45 40 74 55 43 13 57 85 89 93 80 34 50 79  3 49 85 92 72 68 38 45
  92 13 31 29 57 61 60]
 [ 0 89 88 63 86 85 62 26 61 81 71 14 93 68 37 56 55 87 21 58 35 56 87 73
  51 40  4 13 99 67 83]]
 job2fam
 [[1 0 0 0 0 0 0 0 0 0 0 0 0 0 0 0 0 0 0 0 0 0 0 0 0 0 0 0 0 0 0]
 [0 0 1 0 0 0 0 1 1 0 0 1 0 0 1 0 0 0 1 0 0 0 0 0 1 0 0 0 1 0 0]
 [0 0 0 0 0 1 0 0 0 0 0 0 0 0 0 0 0 0 0 0 1 0 0 0 0 0 1 0 0 1 0]
 [0 1 0 0 1 0 0 0 0 0 0 0 1 0 0 0 0 1 0 0 0 0 0 1 0 1 0 0 0 0 0]
 [0 0 0 1 0 0 1 0 0 0 0 0 0 0 0 0 0 0 0 0 0 1 0 0 0 0 0 1 0 0 0]
 [0 0 0 0 0 0 0 0 0 1 1 0 0 1 0 1 1 0 0 1 0 0 1 0 0 0 0 0 0 0 1]]
