params：
 weight-->(1, 10)
 proc_times-->(1, 100)
 setup_times-->(15, 30)
 delivery_times-->(100, 200)
 job_rate-->7.5

start:
alpha_1
7.5
 alpha_2
0.5
 mach
4
 job
30
 fam
5
 weigh
 [[0 8 6 2 3 5 7 2 2 9 9 8 6 9 3 1 3 1 3 7 6 9 2 7 2 3 6 9 9 9 5]]
 proc_times
 [[  0  34  87  97  28   9  61  67   8  91  74  83   8  26  75  23  70  16
   76  90  92  66  17  21  28  58  50  98  82  29  18]
 [  0  52  20  64  72  54  87   3  94  14  77  97  35  66  74  56  53  82
   24  29  88  28  58  96  28  65  82  96  14  95  66]
 [  0  69  85  13  24   1  68  37  95  94  51  26  83  85  95  25 100   3
   74  45  84  84  44  96  61  80  54   9  77  60  97]
 [  0  64  79  66   1  73  42  43  84  79  79  45  91  76  29   8  41   9
   82  39   5  78  83  74  64  48  14  99  73   8  47]]
 setup_times
 [[[ 0 18 27 26 20 26]
  [ 0  0 25 19 23 18]
  [ 0 21  0 17 15 19]
  [ 0 24 28  0 22 19]
  [ 0 23 19 25  0 19]
  [ 0 16 25 24 29  0]]

 [[ 0 21 26 19 25 21]
  [ 0  0 19 22 25 25]
  [ 0 17  0 23 17 21]
  [ 0 20 25  0 28 18]
  [ 0 16 27 18  0 19]
  [ 0 23 28 24 29  0]]

 [[ 0 22 25 24 25 25]
  [ 0  0 22 25 15 17]
  [ 0 27  0 15 27 24]
  [ 0 25 25  0 17 17]
  [ 0 22 24 28  0 20]
  [ 0 22 16 16 17  0]]

 [[ 0 23 24 29 18 28]
  [ 0  0 18 19 25 29]
  [ 0 29  0 27 20 27]
  [ 0 20 20  0 23 15]
  [ 0 23 21 22  0 25]
  [ 0 17 16 19 29  0]]]
 delivery_times
 [[  0 179 139 102 192 191 116 157 160 182 130 173 116 157 126 126 182 119
  155 172 170 103 160 101 126 118 143 130 182 131 160]
 [  0 179 156 161 184 191 106 158 171 121 138 125 121 136 134 124 132 139
  140 158 128 101 138 164 110 147 166 146 112 144 112]
 [  0 152 129 122 191 165 163 169 141 115 150 183 123 174 163 115 122 155
  167 106 138 189 151 145 142 149 177 153 152 104 155]
 [  0 185 158 152 129 131 151 164 189 168 113 123 185 195 189 135 100 136
  120 184 194 115 185 129 130 138 106 145 134 171 115]]
 job2fam
 [[1 0 0 0 0 0 0 0 0 0 0 0 0 0 0 0 0 0 0 0 0 0 0 0 0 0 0 0 0 0 0]
 [0 0 1 0 0 0 0 1 1 0 0 1 0 0 1 0 0 0 1 0 0 0 0 0 1 0 0 0 1 0 0]
 [0 0 0 0 0 1 0 0 0 0 0 0 0 0 0 0 0 0 0 0 1 0 0 0 0 0 1 0 0 1 0]
 [0 1 0 0 1 0 0 0 0 0 0 0 1 0 0 0 0 1 0 0 0 0 0 1 0 1 0 0 0 0 0]
 [0 0 0 1 0 0 1 0 0 0 0 0 0 0 0 0 0 0 0 0 0 1 0 0 0 0 0 1 0 0 0]
 [0 0 0 0 0 0 0 0 0 1 1 0 0 1 0 1 1 0 0 1 0 0 1 0 0 0 0 0 0 0 1]]
