params：
 weight-->(1, 10)
 proc_times-->(1, 100)
 setup_times-->(60, 120)
 delivery_times-->(100, 200)
 job_rate-->7.5

start:
alpha_1
7.5
 alpha_2
2.0
 mach
4
 job
30
 fam
5
 weigh
 [[0 9 6 2 3 6 1 9 8 1 5 5 7 5 1 2 8 7 2 8 6 2 3 2 3 1 1 4 5 4 9]]
 proc_times
 [[  0   2  14  20  61  75  61  20  12  14  53  48  72  41  79  31  66  84
   30  56  19  40   8  25  84  77  48  69  97  83  97]
 [  0  17   6  18  17  28  47  99  59   7  62  72  28   3  20   5  64  64
   98  77  97  13  43  94  34  84  61  82  70   9  64]
 [  0  58  47  70  25  22  48   1  12  47  88  62  66  23  10  33  80  92
   72  56  39  73 100  57  87  81  31  35  23  87  33]
 [  0   6  80  49  86  74   5  66  79  96  74   7  53  64  56   7  61  42
   61  41  90  53  71  95  21  47  53  90  60   5  77]]
 setup_times
 [[[  0  92  71  80  61 107]
  [  0   0  92  83  72 101]
  [  0  68   0  92 109  81]
  [  0  99  69   0  72  62]
  [  0  97  76  88   0 119]
  [  0  66 107 104 101   0]]

 [[  0  64  86  68  82 110]
  [  0   0  88  71  93  74]
  [  0  99   0  68  64 109]
  [  0 118  87   0  86 107]
  [  0  68  94  76   0  93]
  [  0  62  89  75  69   0]]

 [[  0  87  81  94  60 104]
  [  0   0  70  65  75  85]
  [  0  73   0  94  84  75]
  [  0  91  67   0  68 106]
  [  0  98  98  84   0  83]
  [  0 101  85  71 105   0]]

 [[  0  82  60  99  97  79]
  [  0   0  90 100 118 113]
  [  0  89   0  75  97  65]
  [  0  79 115   0 105  84]
  [  0  70  75  77   0  64]
  [  0  83  63  71  66   0]]]
 delivery_times
 [[  0 186 194 135 173 188 117 198 134 178 177 118 199 153 111 130 192 181
  198 136 135 128 189 168 189 135 127 169 162 124 139]
 [  0 180 155 185 161 144 169 177 197 126 163 172 102 128 169 148 189 127
  181 162 169 106 193 105 197 111 159 138 128 176 122]
 [  0 113 175 101 115 118 185 193 182 168 193 154 196 179 140 144 141 108
  126 114 127 137 168 109 115 155 122 182 173 193 136]
 [  0 191 178 158 143 122 121 183 131 126 108 169 139 168 177 112 153 152
  158 195 144 172 183 164 127 123 176 116 158 134 137]]
 job2fam
 [[1 0 0 0 0 0 0 0 0 0 0 0 0 0 0 0 0 0 0 0 0 0 0 0 0 0 0 0 0 0 0]
 [0 0 1 0 0 0 0 1 1 0 0 1 0 0 1 0 0 0 1 0 0 0 0 0 1 0 0 0 1 0 0]
 [0 0 0 0 0 1 0 0 0 0 0 0 0 0 0 0 0 0 0 0 1 0 0 0 0 0 1 0 0 1 0]
 [0 1 0 0 1 0 0 0 0 0 0 0 1 0 0 0 0 1 0 0 0 0 0 1 0 1 0 0 0 0 0]
 [0 0 0 1 0 0 1 0 0 0 0 0 0 0 0 0 0 0 0 0 0 1 0 0 0 0 0 1 0 0 0]
 [0 0 0 0 0 0 0 0 0 1 1 0 0 1 0 1 1 0 0 1 0 0 1 0 0 0 0 0 0 0 1]]
