params：
 weight-->(1, 10)
 proc_times-->(1, 100)
 setup_times-->(60, 120)
 delivery_times-->(170, 200)
 job_rate-->7.5

start:
alpha_1
7.5
 alpha_2
2.0
 mach
4
 job
30
 fam
5
 weigh
 [[0 3 2 3 8 5 7 2 7 6 6 6 8 7 3 4 7 3 7 2 3 5 6 4 6 5 8 7 8 5 5]]
 proc_times
 [[ 0 68 30 77 46  6 42 53 17 59 37 79 58 47 10 19 60 87  7 77 42 28 30 68
  22 42  3 31 11 48 15]
 [ 0 73 70 17 18 41 89 94 22 18  3 94 13 85 14 84 81 88 11 74 47 18 10 90
  10 75 59 14 94 31 59]
 [ 0 52 20 95 91  4 74 44 31 70 23 27 56 89 27 12 82 26 99 63 43 64 47 92
  72  1 41 49 20  4 65]
 [ 0 92 33 89 12 43 68 39 99 87 15 35 69 88 14 63 63 40  8 14 61  4 37 22
  86 66 71 36  7 96 53]]
 setup_times
 [[[  0  70  73 116  61  78]
  [  0   0  63 114  75  78]
  [  0  97   0  63 119  64]
  [  0  69  76   0 113 103]
  [  0 103  61  76   0  67]
  [  0 102 103  60  77   0]]

 [[  0 117 106  84  63  92]
  [  0   0 101 100 100  73]
  [  0 115   0 113  87  73]
  [  0 113  85   0  69  77]
  [  0  66 119  60   0  95]
  [  0  92 118  82 119   0]]

 [[  0 114 102  87 103 101]
  [  0   0 115  62 117  74]
  [  0 102   0  68  77  85]
  [  0  75  86   0 112 107]
  [  0 111 116  92   0  86]
  [  0 114  90  89 110   0]]

 [[  0  69  85 118  92  63]
  [  0   0  62  80  65 101]
  [  0  71   0 102  77  88]
  [  0  75 100   0  88  64]
  [  0 101  96  83   0  65]
  [  0  80 115 108 107   0]]]
 delivery_times
 [[  0 179 197 175 174 187 181 195 185 199 196 195 171 196 199 188 193 182
  183 177 178 186 178 197 193 195 198 173 196 180 195]
 [  0 184 177 199 196 179 175 175 172 176 187 189 192 192 194 186 199 191
  198 195 184 179 179 186 198 197 189 173 177 191 199]
 [  0 171 175 198 175 188 184 191 184 190 187 170 187 191 173 171 199 173
  190 188 187 170 189 194 177 181 184 188 191 171 187]
 [  0 183 178 183 188 176 170 171 184 193 195 179 171 170 193 179 178 194
  170 178 170 179 190 189 181 176 188 180 179 197 196]]
 job2fam
 [[1 0 0 0 0 0 0 0 0 0 0 0 0 0 0 0 0 0 0 0 0 0 0 0 0 0 0 0 0 0 0]
 [0 0 1 0 0 0 0 1 1 0 0 1 0 0 1 0 0 0 1 0 0 0 0 0 1 0 0 0 1 0 0]
 [0 0 0 0 0 1 0 0 0 0 0 0 0 0 0 0 0 0 0 0 1 0 0 0 0 0 1 0 0 1 0]
 [0 1 0 0 1 0 0 0 0 0 0 0 1 0 0 0 0 1 0 0 0 0 0 1 0 1 0 0 0 0 0]
 [0 0 0 1 0 0 1 0 0 0 0 0 0 0 0 0 0 0 0 0 0 1 0 0 0 0 0 1 0 0 0]
 [0 0 0 0 0 0 0 0 0 1 1 0 0 1 0 1 1 0 0 1 0 0 1 0 0 0 0 0 0 0 1]]
