params：
 weight-->(1, 10)
 proc_times-->(1, 100)
 setup_times-->(15, 30)
 delivery_times-->(1, 30)
 job_rate-->8

start:
alpha_1
8
 alpha_2
0.5
 mach
5
 job
40
 fam
5
 weigh
 [[0 2 3 2 1 5 2 3 2 9 7 1 4 7 9 4 5 8 3 4 7 6 9 5 2 1 1 1 7 3 1 2 9 4 4 3
  4 1 8 7 4]]
 proc_times
 [[  0  35  87  68  84  18  92  48  17  21  10  47  29  52  31  90  81  41
   41  93  62   9   5  46  77  24  75  24  39   5  12  45  66  11  90  93
   28  27  67  88  60]
 [  0   1  58  91  83  40  15  15  32  79  64  22  84  63  73  45  10  33
   87  11  77  60  92  74  19  95  85  66  94   5  92  96  41  62  20  16
   70  45  78  51  99]
 [  0  27  69  44  79  98 100  49  43  59  74  72  55   9   8  43  22  61
   92  22   3  87  69  18   3  49  25  38  90  88  74  55  11  16  68  51
   76  21  19  35  44]
 [  0  31  81  89   7  74  73   5  56   4   9  36  19  94  24   4  27  61
   74  85   5  86  10  70  25  82  90  59  12  31  90  41  92  61  63  28
   81  17  65  47   7]
 [  0  65  76  46  87  99  83  23  83  78   9  50  88  22  22  33  74  41
   92  45  71  17  18   5  51  41  22  94  62  89  70  38  99  86   7  72
   36  79  66  60  67]]
 setup_times
 [[[ 0 17 22 16 18 28]
  [ 0  0 24 19 17 16]
  [ 0 27  0 27 26 22]
  [ 0 26 28  0 25 23]
  [ 0 24 24 27  0 20]
  [ 0 20 18 17 25  0]]

 [[ 0 29 18 16 24 29]
  [ 0  0 23 28 26 27]
  [ 0 18  0 21 20 28]
  [ 0 17 26  0 19 22]
  [ 0 21 19 16  0 25]
  [ 0 19 24 22 28  0]]

 [[ 0 28 27 18 24 15]
  [ 0  0 29 28 22 28]
  [ 0 20  0 26 22 24]
  [ 0 21 20  0 21 16]
  [ 0 16 23 18  0 19]
  [ 0 24 20 19 18  0]]

 [[ 0 26 26 20 17 22]
  [ 0  0 19 24 26 20]
  [ 0 16  0 29 16 23]
  [ 0 23 15  0 23 22]
  [ 0 25 26 29  0 25]
  [ 0 26 16 21 29  0]]

 [[ 0 21 25 26 29 26]
  [ 0  0 15 28 28 26]
  [ 0 27  0 17 18 27]
  [ 0 23 18  0 18 29]
  [ 0 29 17 28  0 28]
  [ 0 15 28 29 28  0]]]
 delivery_times
 [[ 0 25 27 17 13 14  4 10 27 27  3 11  5 14 16 10  8 17 14  5 28 27 29  1
  28 15  3 23 21 20  1 28 13 20  2 19 13  4 21 29 29]
 [ 0  9 28  1  4 22 17 21 11  3 27  7  8 17 24  5  8 26 11 29  3 14  9 17
   8 14  4  9 18 11  4 22  5 21 17 14  1 27 13 17 19]
 [ 0  3  7 27 24 15 14 29  4  3 11 16 23  4 11  1 13  5 19 15 11 16 14 29
   2 24 26 16 18 10  7  4  8 21 13  5 14 23 14 24 22]
 [ 0 13 22 29 12 22 17  8 26 13 15 27 25 28  8 15 26  9 22  9  9  9 28 20
   2 20 23 22  1 18 24 27 12  7 28  7 12  1 13  1 11]
 [ 0  5  5  2 25 20  2 15 22 22  6  4  4 21 25 28  1  9  3  1 21 23  9 23
  25 17 21 29 16 11  5  8 27  5 25 13 23 23 18 24 11]]
 job2fam
 [[1 0 0 0 0 0 0 0 0 0 0 0 0 0 0 0 0 0 0 0 0 0 0 0 0 0 0 0 0 0 0 0 0 0 0 0
  0 0 0 0 0]
 [0 0 0 0 0 0 0 0 0 0 0 0 1 0 1 0 0 0 1 0 0 0 0 0 0 0 1 0 0 0 0 0 0 0 0 0
  0 0 1 0 0]
 [0 0 1 0 0 1 0 1 1 1 0 0 0 0 0 0 0 1 0 0 0 0 1 0 1 0 0 0 0 0 0 0 0 0 0 0
  0 0 0 0 1]
 [0 0 0 0 0 0 0 0 0 0 1 0 0 0 0 0 0 0 0 0 1 0 0 0 0 0 0 0 1 1 0 0 1 0 1 1
  1 0 0 1 0]
 [0 0 0 1 0 0 0 0 0 0 0 1 0 1 0 1 0 0 0 0 0 1 0 0 0 0 0 1 0 0 1 0 0 0 0 0
  0 0 0 0 0]
 [0 1 0 0 1 0 1 0 0 0 0 0 0 0 0 0 1 0 0 1 0 0 0 1 0 1 0 0 0 0 0 1 0 1 0 0
  0 1 0 0 0]]
